0.26
0.287
0.292
0.257
0.14
0.14
0.159
0.12
0.262
0.152
0.186
0.172
0.216
0.186
0.27
0.103
0.107
0.267
0.212
0.163
0.132
0.156
0.107
0.208
0.294
0.194
0.173
0.281
0.19
0.182
0.198
0.196
0.217
0.148
0.146
0.215
0.137
0.189
0.252
0.151
0.174
0.225
0.225
0.144
0.177
0.288
0.238
0.275
0.293
0.187
0.225
0.293
0.202
0.158
0.168
0.209
0.172
0.263
0.188
0.289
0.251
0.157
0.296
0.133
0.199
0.228
0.299
0.155
0.284
0.142
0.26
0.172
0.249
0.258
0.263
0.253
0.28
0.278
0.177
0.123
0.136
0.249
0.208
0.183
0.127
0.21
0.241
0.275
0.103
0.222
0.297
0.191
0.205
0.283
0.253
0.288
0.215
0.261
0.234
0.265
0.205
0.258
0.114
0.274
0.193
0.241
0.25
0.166
0.158
0.191
0.147
0.152
0.153
0.158
0.102
0.106
0.108
0.134
0.208
0.221
0.215
0.109
0.299
0.138
0.203
0.125
0.226
0.244
0.147
0.166
0.272
0.182
0.263
0.279
0.243
0.142
0.113
0.26
0.204
0.279
0.199
0.275
0.142
0.206
0.288
0.29
0.162
0.238
0.185
0.208
0.268
0.189
0.21
0.107
0.256
0.298
0.238
0.16
0.116
0.119
0.143
0.152
0.146
0.256
0.177
0.169
0.134
0.14
0.223
0.276
0.187
0.229
0.176
0.133
0.142
0.256
0.161
0.212
0.111
0.298
0.161
0.241
0.144
0.193
0.114
0.244
0.118
0.212
0.299
0.106
0.272
0.257
0.137
0.274
0.167
0.214
0.216
0.17
0.135
0.228
0.157
0.26
0.259
0.222
0.295
0.247
0.183
0.141
0.154
0.237
0.251
0.195
0.157
0.105
0.259
0.212
0.233
0.229
0.158
0.139
0.168
0.121
0.145
0.28
0.223
0.173
0.197
0.265
0.252
0.135
0.15
0.228
0.21
0.245
0.176
0.194
0.248
0.249
0.277
0.17
0.206
0.297
0.198
0.183
0.202
0.189
0.112
0.12
0.295
0.292
0.116
0.182
0.255
0.126
0.255
0.27
0.103
0.206
0.15
0.11
0.164
0.257
0.164
0.174
0.165
0.273
0.184
0.247
0.146
0.174
0.13
0.287
0.169
0.179
0.198
0.263
0.189
0.276
0.282
0.288
0.113
0.176
0.275
0.251
0.271
0.278
0.232
0.298
0.287
0.118
0.117
0.113
0.285
0.259
0.108
0.101
0.108
0.289
0.101
0.254
0.248
0.29
0.222
0.268
0.22
0.128
0.195
0.122
0.192
0.211
0.165
0.224
0.118
0.101
0.182
0.228
0.284
0.262
0.132
0.115
0.191
0.24
0.239
0.224
0.144
0.217
0.154
0.174
0.237
0.257
0.15
0.231
0.267
0.206
0.17
0.254
0.209
0.216
0.162
0.249
0.168
0.284
0.16
0.16
0.189
0.192
0.109
0.12
0.258
0.226
0.148
0.253
0.263
0.101
0.192
0.299
0.176
0.27
0.101
0.125
0.139
0.186
0.171
0.19
0.237
0.109
0.217
0.135
0.153
0.208
0.192
0.11
0.238
0.214
0.159
0.27
0.129
0.214
0.119
0.177
0.166
0.242
0.191
0.16
0.139
0.162
0.16
0.165
0.136
0.161
0.18
0.236
0.299
0.124
0.292
0.179
0.272
0.195
0.244
0.107
0.238
0.297
0.267
0.161
0.208
0.131
0.134
0.21
0.147
0.146
0.106
0.112
0.127
0.19
0.171
0.173
0.131
0.192
0.149
0.247
0.236
0.259
0.147
0.107
0.206
0.292
0.124
0.247
0.133
0.188
0.272
0.289
0.211
0.267
0.28
0.234
0.2
0.133
0.159
0.175
0.174
0.233
0.22
0.231
0.151
0.197
0.126
0.135
0.128
0.193
0.125
0.268
0.28
0.142
0.129
0.161
0.256
0.1
0.185
0.132
0.162
0.178
0.282
0.217
0.249
0.289
0.176
0.154
0.112
0.195
0.233
0.187
0.207
0.152
0.219
0.216
0.281
0.108
0.133
0.133
0.299
0.222
0.217
0.116
0.248
0.13
0.156
0.104
0.287
0.166
0.283
0.247
0.266
0.136
0.29
0.186
0.242
0.234
0.164
0.254
0.202
0.203
0.239
0.217
0.103
0.288
0.13
0.288
0.222
0.12
0.222
0.178
0.106
0.289
0.282
0.109
0.288
0.135
0.219
0.162
0.142
0.297
0.112
0.205
0.225
0.151
0.221
0.186
0.269
0.224
0.133
0.203
0.245
0.104
0.226
0.173
0.298
0.207
0.205
0.268
0.104
0.165
0.117
0.227
0.108
0.267
0.133
0.189
0.123
0.195
0.221
0.247
0.108
0.111
0.23
0.133
0.14
0.202
0.3
0.184
0.113
0.209
0.223
0.19
0.272
0.231
0.163
0.278
0.283
0.291
0.254
0.175
0.17
0.277
0.291
0.258
0.238
0.262
0.266
0.187
0.235
0.131
0.124
0.145
0.228
0.279
0.27
0.159
0.161
0.217
0.159
0.27
0.133
0.177
0.187
0.14
0.113
0.122
0.235
0.137
0.228
0.213
0.131
0.219
0.253
0.141
0.133
0.199
0.259
0.259
0.162
0.241
0.271
0.215
0.175
0.216
0.254
0.195
0.133
0.214
0.267
0.246
0.279
0.298
0.21
0.245
0.138
0.111
0.285
0.284
0.221
0.155
0.29
0.292
0.186
0.129
0.193
0.209
0.218
0.152
0.205
0.128
0.216
0.221
0.164
0.116
0.161
0.215
0.243
0.105
0.269
0.221
0.228
0.177
0.277
0.215
0.242
0.275
0.225
0.114
0.258
0.175
0.175
0.103
0.124
0.239
0.109
0.211
0.292
0.166
0.173
0.231
0.296
0.284
0.238
0.166
0.15
0.15
0.111
0.265
0.235
0.129
0.297
0.136
0.226
0.201
0.121
0.272
0.241
0.116
0.281
0.161
0.201
0.16
0.249
0.202
0.251
0.202
0.135
0.147
0.29
0.236
0.23
0.172
0.148
0.149
0.209
0.182
0.192
0.293
0.12
0.277
0.165
0.272
0.198
0.23
0.109
0.233
0.211
0.203
0.151
0.296
0.229
0.244
0.165
0.164
0.18
0.121
0.273
0.267
0.244
0.264
0.183
0.254
0.15
0.174
0.201
0.295
0.145
0.235
0.277
0.167
0.232
0.299
0.194
0.111
0.288
0.124
0.299
0.12
0.251
0.284
0.198
0.207
0.124
0.214
0.268
0.149
0.255
0.29
0.172
0.124
0.246
0.17
0.237
0.209
0.215
0.25
0.195
0.129
0.238
0.102
0.149
0.272
0.107
0.222
0.279
0.194
0.252
0.106
0.174
0.19
0.167
0.184
0.207
0.222
0.146
0.17
0.199
0.249
0.283
0.233
0.256
0.237
0.162
0.294
0.153
0.165
0.206
0.121
0.194
0.184
0.185
0.266
0.189
0.293
0.179
0.233
0.2
0.134
0.227
0.172
0.171
0.18
0.145
0.156
0.2
0.287
0.195
0.122
0.184
0.169
0.297
0.223
0.239
0.294
0.277
0.158
0.158
0.254
0.223
0.185
0.23
0.131
0.2
0.217
0.298
0.215
0.239
0.258
0.22
0.124
0.128
0.286
0.206
0.181
0.152
0.279
0.285
0.13
0.236
0.161
0.2
0.228
0.232
0.146
0.117
0.236
0.243
0.27
0.268
0.231
0.231
0.234
0.137
0.151
0.108
0.2
0.195
0.2
0.281
0.222
0.162
0.114
0.136
0.169
0.192
0.276
0.142
0.225
0.227
0.139
0.197
0.123
0.177
0.167
0.214
0.138
0.153
0.131
0.2
0.218
0.193
0.131
0.139
0.116
0.15
0.166
0.245
0.241
0.103
0.151
0.212
0.113
0.206
0.28
0.119
0.235
0.256
0.21
0.109
0.284
0.214
0.134
0.255
0.159
0.249
0.17
0.174
0.187
0.139
0.185
0.146
0.198
0.248
0.121
0.221
0.231
0.279
0.294
0.161
0.101
0.221
0.217
0.207
0.286
0.167
0.234
0.227
0.244
0.242
0.184
0.22
0.203
0.157
0.177
0.253
0.116
0.203
0.106
0.206
0.141
0.114
0.138
0.282
0.211
0.139
0.22
0.186
0.125
0.185
0.168
0.283
0.29
0.121
0.154
0.139
0.135
0.249
0.133
0.122
0.169
0.289
0.159
0.29
0.295
0.267
0.252
0.135
0.119
0.2
0.281
0.104
0.119
0.275
0.156
0.251
0.129
0.28
0.293
0.125
0.151
0.244
0.134
0.156
0.179
0.174
0.237
0.124
0.24
