0.168
0.148
0.142
0.179
0.143
0.193
0.151
0.194
0.107
0.195
0.159
0.196
0.131
0.196
0.108
0.177
0.111
0.197
0.163
0.177
0.179
0.155
0.155
0.155
0.119
0.122
0.168
0.133
0.148
0.102
0.151
0.192
0.12
0.158
0.125
0.107
0.19
0.106
0.165
0.165
0.124
0.155
0.149
0.195
0.103
0.139
0.192
0.164
0.19
0.169
0.11
0.195
0.149
0.145
0.195
0.191
0.156
0.2
0.119
0.162
0.107
0.185
0.132
0.117
0.101
0.2
0.101
0.16
0.103
0.126
0.115
0.137
0.122
0.182
0.185
0.141
0.122
0.167
0.148
0.119
0.15
0.104
0.191
0.197
0.17
0.145
0.152
0.139
0.152
0.19
0.154
0.106
0.114
0.111
0.167
0.196
0.159
0.195
0.124
0.118
0.107
0.136
0.196
0.168
0.1
0.2
0.188
0.184
0.159
0.114
0.105
0.2
0.167
0.166
0.156
0.187
0.101
0.172
0.18
0.159
0.109
0.178
0.136
0.176
0.111
0.112
0.114
0.171
0.149
0.187
0.134
0.197
0.178
0.171
0.15
0.173
0.131
0.148
0.118
0.143
0.128
0.186
0.103
0.144
0.18
0.101
0.112
0.117
0.198
0.113
0.169
0.111
0.168
0.139
0.149
0.133
0.103
0.178
0.171
0.13
0.119
0.133
0.14
0.197
0.199
0.127
0.161
0.197
0.194
0.171
0.133
0.19
0.182
0.157
0.128
0.106
0.161
0.129
0.185
0.112
0.121
0.165
0.185
0.158
0.125
0.129
0.191
0.169
0.105
0.175
0.121
0.162
0.163
0.138
0.156
0.176
0.107
0.116
0.137
0.157
0.164
0.178
0.148
0.184
0.123
0.133
0.148
0.153
0.188
0.129
0.107
0.105
0.167
0.16
0.122
0.13
0.144
0.14
0.11
0.165
0.126
0.135
0.167
0.195
0.102
0.119
0.19
0.185
0.103
0.164
0.192
0.122
0.196
0.183
0.124
0.119
0.18
0.108
0.135
0.199
0.144
0.189
0.188
0.171
0.137
0.17
0.126
0.166
0.179
0.183
0.148
0.198
0.137
0.12
0.168
0.12
0.169
0.104
0.12
0.107
0.148
0.121
0.131
0.198
0.145
0.173
0.161
0.167
0.197
0.138
0.155
0.199
0.138
0.183
0.148
0.166
0.117
0.174
0.189
0.102
0.181
0.111
0.168
0.145
0.152
0.111
0.138
0.189
0.133
0.164
0.101
0.19
0.105
0.147
0.182
0.149
0.195
0.109
0.131
0.154
0.197
0.172
0.138
0.128
0.177
0.113
0.128
0.15
0.168
0.13
0.173
0.173
0.163
0.105
0.125
0.155
0.143
0.136
0.158
0.123
0.114
0.113
0.19
0.105
0.177
0.141
0.163
0.11
0.124
0.142
0.179
0.108
0.147
0.109
0.13
0.131
0.115
0.153
0.109
0.184
0.129
0.13
0.136
0.136
0.104
0.15
0.117
0.199
0.172
0.185
0.139
0.175
0.104
0.126
0.105
0.118
0.15
0.131
0.195
0.188
0.148
0.2
0.166
0.12
0.105
0.133
0.143
0.198
0.124
0.121
0.142
0.174
0.119
0.195
0.186
0.193
0.174
0.186
0.163
0.162
0.102
0.139
0.121
0.147
0.125
0.14
0.103
0.123
0.151
0.143
0.142
0.125
0.181
0.196
0.101
0.169
0.137
0.186
0.129
0.198
0.141
0.18
0.128
0.169
0.164
0.16
0.184
0.143
0.123
0.112
0.138
0.123
0.194
0.18
0.192
0.149
0.169
0.15
0.186
0.12
0.155
0.149
0.183
0.117
0.145
0.11
0.18
0.134
0.184
0.103
0.137
0.138
0.174
0.195
0.191
0.131
0.136
0.128
0.104
0.174
0.17
0.184
0.157
0.146
0.177
0.166
0.176
0.15
0.127
0.114
0.142
0.13
0.127
0.152
0.182
0.131
0.123
0.131
0.104
0.133
0.177
0.151
0.145
0.191
0.177
0.169
0.142
0.139
0.182
0.113
0.114
0.104
0.119
0.123
0.163
0.132
0.136
0.162
0.123
0.198
0.153
0.13
0.121
0.137
0.139
0.105
0.151
0.102
0.114
0.167
0.177
0.149
0.188
0.126
0.199
0.17
0.19
0.106
0.115
0.139
0.132
0.157
0.155
0.156
0.146
0.157
0.16
0.107
0.127
0.108
0.135
0.186
0.121
0.106
0.179
0.12
0.178
0.118
0.151
0.159
0.121
0.12
0.154
0.108
0.147
0.127
0.189
0.196
0.168
0.156
0.171
0.171
0.14
0.131
0.137
0.101
0.185
0.179
0.103
0.199
0.125
0.179
0.107
0.187
0.138
0.111
0.104
0.159
0.11
0.169
0.17
0.175
0.2
0.198
0.112
0.164
0.121
0.105
0.108
0.179
0.164
0.122
0.134
0.119
0.149
0.199
0.111
0.17
0.137
0.194
0.166
0.125
0.182
0.134
0.182
0.16
0.122
0.113
0.125
0.184
0.139
0.125
0.175
0.188
0.106
0.109
0.118
0.173
0.198
0.117
0.103
0.106
0.126
0.142
0.198
0.16
0.188
0.129
0.168
0.191
0.15
0.111
0.196
0.136
0.106
0.125
0.125
0.182
0.188
0.143
0.13
0.155
0.198
0.102
0.125
0.118
0.135
0.132
0.16
0.169
0.176
0.149
0.118
0.142
0.109
0.152
0.188
0.16
0.193
0.158
0.168
0.178
0.158
0.121
0.141
0.185
0.106
0.13
0.117
0.159
0.131
0.148
0.138
0.144
0.137
0.136
0.124
0.188
0.146
0.162
0.111
0.2
0.123
0.132
0.172
0.14
0.136
0.195
0.146
0.173
0.194
0.137
0.117
0.107
0.174
0.197
0.166
0.156
0.139
0.181
0.157
0.158
0.122
0.166
0.11
0.144
0.176
0.135
0.171
0.179
0.177
0.127
0.114
0.123
0.132
0.154
0.197
0.134
0.142
0.194
0.101
0.166
0.132
0.125
0.154
0.152
0.176
0.197
0.194
0.147
0.142
0.179
0.122
0.191
0.126
0.152
0.172
0.176
0.161
0.16
0.139
0.136
0.164
0.133
0.105
0.194
0.111
0.121
0.16
0.139
0.144
0.142
0.132
0.147
0.187
0.186
0.108
0.135
0.151
0.134
0.151
0.173
0.104
0.14
0.148
0.119
0.142
0.18
0.125
0.143
0.165
0.198
0.145
0.147
0.196
0.198
0.145
0.183
0.18
0.144
0.195
0.194
0.198
0.14
0.104
0.182
0.134
0.162
0.154
0.104
0.138
0.16
0.14
0.185
0.129
0.149
0.114
0.155
0.158
0.112
0.105
0.167
0.109
0.159
0.109
0.151
0.103
0.162
0.127
0.174
0.166
0.116
0.168
0.151
0.111
0.172
0.141
0.156
0.148
0.116
0.112
0.17
0.157
0.161
0.105
0.179
0.174
0.114
0.176
0.134
0.127
0.106
0.176
0.117
0.144
0.145
0.113
0.113
0.133
0.172
0.122
0.166
0.125
0.143
0.11
0.124
0.19
0.111
0.143
0.115
0.131
0.187
0.173
0.114
0.158
0.147
0.147
0.122
0.143
0.182
0.12
0.117
0.185
0.18
0.129
0.132
0.139
0.167
0.176
0.176
0.133
0.195
0.153
0.184
0.141
0.128
0.152
0.197
0.194
0.19
0.164
0.127
0.189
0.185
0.194
0.194
0.133
0.198
0.164
0.158
0.14
0.165
0.15
0.112
0.166
0.187
0.156
0.114
0.145
0.197
0.181
0.157
0.173
0.113
0.107
0.177
0.138
0.137
0.186
0.102
0.116
0.185
0.135
0.1
0.145
0.128
0.112
0.165
0.179
0.122
0.114
0.133
0.154
0.166
0.124
0.195
0.177
0.198
0.161
0.187
0.117
0.106
0.154
0.178
0.125
0.134
0.175
0.185
0.188
0.155
0.117
0.195
0.197
0.116
0.174
0.175
0.101
0.177
0.105
0.141
0.134
0.118
0.119
0.137
0.176
0.129
0.166
0.154
0.121
0.19
0.167
0.129
0.143
0.162
0.176
0.162
0.175
0.142
0.156
0.134
0.195
0.145
0.197
0.184
0.137
0.123
0.156
0.111
0.155
0.118
0.195
0.198
0.147
0.182
0.126
0.135
0.152
0.169
0.107
0.173
0.134
0.165
0.113
0.142
0.101
0.139
0.137
0.16
0.181
0.116
0.135
0.148
0.113
0.149
0.108
0.121
0.198
0.119
0.125
0.108
0.125
0.11
0.181
0.132
0.141
0.144
0.133
0.199
0.105
0.125
0.199
0.184
0.19
0.162
0.166
0.112
0.102
0.199
0.197
0.104
