#, task_type_id, size, arrival_time,	execution_time_cpu,	execution_time_gpu,	execution_time_CLOUD
1,	1,	10.0,	0.0,			2.454,			0.222,			0.058
2,	2,	223.0,	0.619,			12.815,			1.481,			0.153
3,	1,	7.0,	1.145,			2.772,			0.152,			0.055
4,	1,	120.0,	1.535,			1.394,			0.16,			0.058
5,	2,	141.0,	5.404,			12.909,			1.264,			0.122
6,	2,	319.0,	7.285,			11.371,			1.229,			0.103
7,	1,	379.0,	7.68,			2.957,			0.219,			0.057
8,	1,	6.0,	9.177,			1.431,			0.13,			0.058
9,	2,	177.0,	9.526,			11.881,			1.108,			0.169
10,	2,	181.0,	10.113,			14.099,			1.036,			0.131
11,	2,	125.0,	12.25,			13.386,			1.386,			0.136
12,	2,	64.0,	12.302,			12.144,			1.326,			0.114
13,	2,	201.0,	13.025,			10.977,			1.494,			0.117
14,	1,	7.0,	13.731,			2.316,			0.169,			0.053
15,	1,	30.0,	13.733,			1.157,			0.297,			0.052
16,	2,	135.0,	15.347,			14.682,			1.141,			0.141
17,	2,	105.0,	15.732,			14.076,			1.208,			0.155
18,	2,	78.0,	18.045,			14.509,			1.058,			0.168
19,	1,	7.0,	18.573,			2.037,			0.296,			0.052
20,	2,	112.0,	19.451,			13.629,			1.467,			0.184
21,	2,	111.0,	19.85,			13.021,			1.418,			0.172
22,	2,	183.0,	20.092,			12.976,			1.223,			0.167
23,	2,	93.0,	20.728,			13.101,			1.251,			0.199
24,	1,	447.0,	20.82,			2.498,			0.107,			0.053
25,	1,	90.0,	20.881,			1.061,			0.288,			0.053
26,	2,	96.0,	22.121,			11.537,			1.466,			0.128
27,	1,	103.0,	22.735,			1.343,			0.236,			0.06
28,	1,	120.0,	23.153,			2.226,			0.16,			0.057
29,	2,	290.0,	23.211,			14.424,			1.003,			0.124
30,	2,	97.0,	23.816,			12.178,			1.047,			0.107
31,	2,	127.0,	23.943,			11.002,			1.208,			0.128
32,	2,	212.0,	26.127,			10.225,			1.015,			0.145
33,	2,	152.0,	28.702,			10.712,			1.222,			0.175
34,	1,	126.0,	29.101,			1.719,			0.193,			0.056
35,	2,	120.0,	29.671,			12.15,			1.368,			0.13
36,	2,	109.0,	29.716,			10.322,			1.493,			0.199
37,	1,	387.0,	29.784,			2.857,			0.198,			0.054
38,	2,	103.0,	30.422,			11.22,			1.323,			0.186
39,	2,	298.0,	30.738,			11.658,			1.31,			0.178
40,	2,	150.0,	33.081,			10.067,			1.068,			0.149
41,	2,	138.0,	33.449,			13.3,			1.035,			0.126
42,	2,	127.0,	34.514,			13.404,			1.483,			0.14
43,	1,	7.0,	35.818,			1.684,			0.106,			0.052
44,	2,	146.0,	36.606,			13.061,			1.166,			0.154
45,	2,	101.0,	37.394,			14.337,			1.035,			0.127
46,	1,	44.0,	37.812,			1.679,			0.285,			0.055
47,	1,	7.0,	38.822,			2.143,			0.166,			0.056
48,	2,	233.0,	39.271,			13.316,			1.231,			0.134
49,	2,	181.0,	39.993,			14.931,			1.494,			0.172
50,	1,	30.0,	40.068,			1.681,			0.154,			0.055
51,	2,	256.0,	40.744,			14.946,			1.419,			0.104
52,	1,	13.0,	41.527,			2.225,			0.253,			0.059
53,	2,	162.0,	43.268,			12.617,			1.447,			0.134
54,	1,	28.0,	43.316,			2.618,			0.198,			0.051
55,	2,	152.0,	44.435,			11.878,			1.252,			0.112
56,	1,	157.0,	45.012,			1.423,			0.128,			0.058
57,	2,	182.0,	45.165,			14.77,			1.174,			0.109
58,	2,	143.0,	46.519,			11.402,			1.1,			0.175
59,	1,	44.0,	46.684,			1.104,			0.142,			0.057
60,	1,	559.0,	47.336,			1.766,			0.165,			0.055
61,	1,	387.0,	47.652,			2.534,			0.121,			0.054
62,	2,	138.0,	47.685,			10.672,			1.091,			0.131
63,	2,	257.0,	48.194,			11.717,			1.401,			0.166
64,	2,	84.0,	48.471,			10.099,			1.392,			0.117
65,	1,	44.0,	48.644,			2.753,			0.283,			0.054
66,	2,	261.0,	48.694,			14.36,			1.409,			0.117
67,	1,	379.0,	49.019,			2.407,			0.238,			0.055
68,	2,	305.0,	49.283,			11.772,			1.317,			0.104
69,	2,	208.0,	49.4,			11.28,			1.031,			0.133
70,	1,	90.0,	49.682,			2.554,			0.29,			0.055
71,	1,	90.0,	50.366,			1.467,			0.163,			0.056
72,	2,	166.0,	50.851,			10.178,			1.483,			0.18
73,	2,	143.0,	51.427,			10.297,			1.073,			0.105
74,	1,	379.0,	52.099,			1.935,			0.173,			0.059
75,	1,	120.0,	52.653,			2.235,			0.191,			0.052
76,	1,	95.0,	52.946,			2.438,			0.173,			0.059
77,	1,	10.0,	53.089,			2.616,			0.125,			0.054
78,	2,	61.0,	54.134,			11.334,			1.286,			0.194
79,	1,	13.0,	54.252,			1.394,			0.252,			0.054
80,	1,	6.0,	54.764,			2.226,			0.267,			0.057
81,	2,	68.0,	55.533,			11.508,			1.262,			0.164
82,	2,	255.0,	56.153,			14.576,			1.356,			0.157
83,	1,	28.0,	56.335,			2.509,			0.142,			0.051
84,	1,	7.0,	56.676,			1.08,			0.294,			0.052
85,	1,	49.0,	57.908,			1.119,			0.292,			0.055
86,	1,	7.0,	58.158,			1.431,			0.139,			0.059
87,	2,	197.0,	58.758,			13.899,			1.096,			0.123
88,	1,	59.0,	58.983,			2.055,			0.135,			0.06
89,	2,	208.0,	60.139,			11.581,			1.07,			0.179
90,	1,	169.0,	60.705,			2.384,			0.201,			0.052
91,	1,	7.0,	62.221,			2.415,			0.261,			0.057
92,	2,	136.0,	62.5,			14.127,			1.188,			0.181
93,	1,	214.0,	63.416,			2.273,			0.27,			0.056
94,	1,	49.0,	63.528,			1.716,			0.26,			0.058
95,	2,	94.0,	64.658,			13.264,			1.025,			0.164
96,	2,	235.0,	64.846,			14.891,			1.248,			0.178
97,	1,	387.0,	64.97,			1.443,			0.118,			0.06
98,	1,	6.0,	65.245,			1.044,			0.121,			0.051
99,	1,	126.0,	65.724,			2.943,			0.234,			0.052
100,	1,	7.0,	66.034,			2.393,			0.297,			0.056
101,	1,	44.0,	66.658,			2.418,			0.216,			0.059
102,	1,	103.0,	66.807,			1.86,			0.17,			0.053
103,	2,	152.0,	67.216,			14.511,			1.029,			0.114
104,	1,	169.0,	67.254,			1.969,			0.184,			0.051
105,	1,	59.0,	67.344,			1.447,			0.299,			0.059
106,	1,	157.0,	67.642,			2.11,			0.228,			0.059
107,	1,	7.0,	68.045,			1.188,			0.166,			0.052
108,	2,	322.0,	68.738,			11.059,			1.178,			0.169
109,	2,	189.0,	69.654,			12.141,			1.362,			0.129
110,	2,	196.0,	70.691,			11.302,			1.031,			0.194
111,	1,	126.0,	70.821,			1.394,			0.271,			0.057
112,	1,	59.0,	72.834,			1.909,			0.116,			0.052
113,	1,	7.0,	72.996,			2.35,			0.195,			0.057
114,	1,	447.0,	73.625,			1.111,			0.255,			0.056
115,	2,	91.0,	73.909,			11.872,			1.23,			0.168
116,	1,	146.0,	74.487,			2.293,			0.129,			0.06
117,	1,	10.0,	74.617,			1.684,			0.152,			0.051
118,	1,	95.0,	74.909,			2.874,			0.267,			0.056
119,	2,	118.0,	75.077,			13.816,			1.071,			0.162
120,	1,	44.0,	75.125,			2.438,			0.104,			0.056
121,	2,	177.0,	75.133,			12.155,			1.181,			0.173
122,	1,	498.0,	75.48,			1.316,			0.191,			0.051
123,	1,	103.0,	75.885,			1.048,			0.116,			0.05
124,	1,	559.0,	75.98,			1.116,			0.218,			0.051
125,	1,	120.0,	76.007,			1.672,			0.229,			0.058
126,	2,	73.0,	76.936,			13.823,			1.164,			0.197
127,	1,	120.0,	77.208,			1.009,			0.172,			0.055
128,	1,	7.0,	77.49,			2.09,			0.162,			0.053
129,	1,	559.0,	77.605,			1.742,			0.278,			0.053
130,	2,	178.0,	77.904,			12.581,			1.491,			0.194
131,	1,	146.0,	78.13,			1.411,			0.148,			0.059
132,	1,	498.0,	78.341,			1.372,			0.218,			0.057
133,	1,	44.0,	78.703,			1.211,			0.246,			0.05
134,	1,	512.0,	79.106,			1.433,			0.282,			0.06
135,	1,	59.0,	79.116,			1.283,			0.161,			0.059
136,	1,	157.0,	79.15,			1.316,			0.247,			0.053
137,	1,	120.0,	80.671,			2.632,			0.17,			0.057
138,	1,	559.0,	80.997,			2.761,			0.191,			0.057
139,	1,	6.0,	81.001,			2.76,			0.198,			0.056
140,	1,	169.0,	81.062,			1.108,			0.198,			0.052
141,	1,	146.0,	81.354,			2.618,			0.191,			0.055
142,	1,	6.0,	81.787,			1.589,			0.121,			0.053
143,	2,	105.0,	81.803,			13.249,			1.247,			0.174
144,	1,	44.0,	82.02,			2.948,			0.192,			0.055
145,	2,	80.0,	82.092,			12.564,			1.023,			0.195
146,	1,	30.0,	83.517,			1.043,			0.218,			0.053
147,	1,	10.0,	83.575,			2.349,			0.103,			0.057
148,	1,	169.0,	83.712,			2.265,			0.108,			0.058
149,	2,	119.0,	84.02,			10.55,			1.123,			0.148
150,	1,	95.0,	84.293,			1.653,			0.242,			0.056
151,	2,	133.0,	84.46,			11.28,			1.362,			0.107
152,	2,	93.0,	85.187,			12.934,			1.465,			0.15
153,	1,	498.0,	85.337,			2.448,			0.155,			0.06
154,	1,	6.0,	85.392,			2.222,			0.16,			0.051
155,	1,	59.0,	85.744,			1.861,			0.121,			0.059
156,	1,	7.0,	85.745,			2.973,			0.193,			0.056
157,	1,	447.0,	85.865,			2.571,			0.286,			0.053
158,	1,	6.0,	85.918,			1.844,			0.109,			0.056
159,	1,	10.0,	85.934,			2.947,			0.193,			0.057
160,	1,	44.0,	86.266,			1.659,			0.268,			0.051
161,	1,	13.0,	86.83,			1.701,			0.112,			0.057
162,	1,	120.0,	87.308,			1.827,			0.106,			0.054
163,	1,	120.0,	87.721,			2.063,			0.17,			0.05
164,	2,	186.0,	87.784,			13.92,			1.477,			0.133
165,	1,	379.0,	88.576,			1.111,			0.132,			0.057
166,	2,	189.0,	88.98,			13.494,			1.055,			0.138
167,	1,	7.0,	89.113,			1.098,			0.105,			0.054
168,	1,	120.0,	89.128,			1.22,			0.234,			0.051
169,	1,	13.0,	89.778,			2.819,			0.105,			0.055
170,	1,	6.0,	90.338,			1.45,			0.251,			0.059
171,	1,	559.0,	90.486,			2.074,			0.237,			0.054
172,	1,	95.0,	90.547,			2.269,			0.15,			0.051
173,	1,	59.0,	90.74,			1.211,			0.21,			0.059
174,	1,	379.0,	91.08,			1.947,			0.231,			0.055
175,	1,	512.0,	91.166,			2.874,			0.258,			0.059
176,	1,	126.0,	91.223,			2.407,			0.298,			0.051
177,	1,	169.0,	91.355,			1.981,			0.121,			0.05
178,	1,	16.0,	91.617,			1.386,			0.112,			0.059
179,	1,	44.0,	91.707,			2.857,			0.158,			0.057
180,	1,	103.0,	91.883,			1.269,			0.286,			0.057
181,	1,	7.0,	92.051,			2.56,			0.29,			0.058
182,	1,	7.0,	92.308,			2.33,			0.228,			0.052
183,	1,	13.0,	92.45,			2.569,			0.268,			0.051
184,	2,	206.0,	92.781,			14.658,			1.031,			0.177
185,	1,	16.0,	92.825,			1.262,			0.121,			0.051
186,	1,	146.0,	93.202,			2.548,			0.236,			0.05
187,	1,	120.0,	93.281,			2.852,			0.285,			0.05
188,	1,	126.0,	93.883,			1.188,			0.148,			0.06
189,	1,	126.0,	94.301,			2.157,			0.198,			0.058
190,	2,	152.0,	94.369,			13.131,			1.111,			0.171
191,	1,	169.0,	94.516,			2.885,			0.158,			0.051
192,	1,	169.0,	94.983,			2.548,			0.25,			0.056
193,	1,	16.0,	95.162,			1.844,			0.17,			0.057
194,	1,	16.0,	95.271,			1.757,			0.248,			0.057
195,	1,	30.0,	95.351,			2.249,			0.162,			0.053
196,	1,	7.0,	95.601,			2.09,			0.169,			0.058
197,	1,	6.0,	95.89,			2.972,			0.162,			0.056
198,	1,	90.0,	96.24,			1.435,			0.164,			0.053
199,	2,	79.0,	96.311,			12.581,			1.067,			0.152
200,	1,	49.0,	96.644,			1.071,			0.1,			0.055
201,	2,	79.0,	96.774,			13.33,			1.456,			0.18
202,	2,	72.0,	96.988,			10.789,			1.47,			0.173
203,	1,	7.0,	96.991,			2.149,			0.177,			0.055
204,	1,	6.0,	96.992,			1.356,			0.245,			0.055
205,	1,	7.0,	97.137,			1.69,			0.176,			0.054
206,	1,	103.0,	97.16,			1.164,			0.131,			0.056
207,	1,	559.0,	97.435,			2.278,			0.291,			0.054
208,	1,	512.0,	97.845,			1.914,			0.198,			0.057
209,	1,	30.0,	97.928,			2.345,			0.239,			0.06
210,	1,	6.0,	98.227,			2.398,			0.182,			0.057
211,	1,	6.0,	98.227,			1.733,			0.199,			0.051
212,	1,	13.0,	98.518,			1.141,			0.17,			0.06
213,	1,	44.0,	98.856,			1.303,			0.177,			0.053
214,	1,	559.0,	98.902,			2.025,			0.164,			0.057
215,	1,	169.0,	98.99,			1.732,			0.146,			0.057
216,	1,	7.0,	99.392,			2.151,			0.209,			0.054
217,	1,	44.0,	99.427,			2.127,			0.182,			0.052
218,	1,	559.0,	99.709,			2.085,			0.149,			0.051
219,	1,	387.0,	99.723,			1.783,			0.2,			0.052
220,	1,	169.0,	100.035,			1.979,			0.147,			0.058
221,	1,	6.0,	100.2,			1.814,			0.132,			0.054
222,	1,	16.0,	100.449,			2.789,			0.121,			0.058
223,	1,	447.0,	100.57,			1.821,			0.16,			0.058
224,	1,	49.0,	100.803,			1.825,			0.287,			0.058
225,	1,	387.0,	101.085,			2.448,			0.14,			0.057
226,	1,	214.0,	101.954,			1.486,			0.29,			0.055
227,	1,	7.0,	102.244,			1.305,			0.222,			0.06
228,	1,	30.0,	102.308,			1.844,			0.133,			0.05
229,	1,	146.0,	102.321,			2.763,			0.158,			0.06
230,	1,	169.0,	102.328,			1.092,			0.257,			0.052
231,	1,	103.0,	102.431,			2.18,			0.141,			0.059
232,	1,	447.0,	102.559,			1.504,			0.224,			0.058
233,	1,	13.0,	102.581,			1.561,			0.166,			0.057
234,	2,	200.0,	103.164,			11.229,			1.086,			0.125
235,	1,	44.0,	103.489,			2.265,			0.195,			0.051
236,	1,	90.0,	103.68,			2.702,			0.27,			0.051
237,	1,	214.0,	104.077,			2.048,			0.124,			0.055
238,	1,	146.0,	104.084,			1.394,			0.299,			0.052
239,	1,	44.0,	104.481,			1.076,			0.258,			0.056
240,	1,	7.0,	104.856,			2.048,			0.255,			0.056
241,	2,	226.0,	105.094,			12.79,			1.191,			0.123
242,	1,	28.0,	105.178,			1.76,			0.141,			0.054
243,	1,	10.0,	105.297,			2.984,			0.134,			0.051
244,	1,	498.0,	105.414,			1.929,			0.17,			0.05
245,	1,	120.0,	105.848,			1.981,			0.238,			0.06
246,	1,	7.0,	106.193,			1.249,			0.14,			0.057
247,	1,	7.0,	106.458,			1.188,			0.116,			0.051
248,	1,	7.0,	106.564,			2.685,			0.135,			0.052
249,	1,	387.0,	106.637,			2.957,			0.289,			0.053
250,	1,	126.0,	106.726,			1.969,			0.137,			0.057
251,	1,	90.0,	106.758,			2.415,			0.163,			0.057
252,	1,	559.0,	107.048,			1.756,			0.19,			0.058
253,	1,	6.0,	107.192,			2.799,			0.101,			0.054
254,	1,	379.0,	107.257,			2.864,			0.27,			0.06
255,	1,	49.0,	107.585,			1.447,			0.186,			0.055
256,	1,	387.0,	107.663,			2.678,			0.135,			0.052
257,	1,	49.0,	107.799,			1.972,			0.26,			0.054
258,	1,	6.0,	107.939,			2.366,			0.176,			0.056
259,	1,	7.0,	107.997,			2.895,			0.158,			0.056
260,	1,	44.0,	108.082,			1.56,			0.215,			0.05
261,	1,	59.0,	108.703,			2.14,			0.133,			0.058
262,	1,	7.0,	108.708,			1.694,			0.107,			0.057
263,	1,	7.0,	108.715,			2.155,			0.128,			0.06
264,	1,	498.0,	109.037,			1.624,			0.2,			0.059
265,	1,	387.0,	109.231,			1.289,			0.113,			0.06
266,	1,	7.0,	110.222,			2.78,			0.27,			0.059
267,	1,	126.0,	110.252,			2.438,			0.185,			0.057
268,	1,	44.0,	110.304,			1.048,			0.139,			0.058
269,	1,	169.0,	110.405,			2.298,			0.153,			0.06
270,	2,	39.0,	111.252,			14.82,			1.029,			0.19
271,	1,	7.0,	111.527,			1.282,			0.208,			0.05
272,	1,	6.0,	111.57,			1.322,			0.292,			0.053
273,	1,	447.0,	112.143,			2.018,			0.107,			0.06
274,	1,	30.0,	112.427,			2.298,			0.274,			0.055
275,	1,	6.0,	112.824,			1.736,			0.2,			0.058
276,	2,	127.0,	112.925,			12.638,			1.29,			0.138
277,	1,	103.0,	113.025,			2.449,			0.244,			0.054
278,	1,	49.0,	113.053,			1.667,			0.144,			0.058
279,	1,	447.0,	113.161,			1.495,			0.297,			0.052
280,	1,	7.0,	113.932,			1.962,			0.296,			0.06
281,	1,	387.0,	113.949,			1.827,			0.122,			0.053
282,	1,	498.0,	114.093,			2.132,			0.161,			0.058
283,	1,	44.0,	114.351,			1.188,			0.194,			0.051
284,	1,	120.0,	114.855,			2.084,			0.299,			0.057
285,	1,	447.0,	115.133,			2.726,			0.212,			0.054
286,	2,	140.0,	115.248,			11.111,			1.34,			0.131
287,	1,	512.0,	115.306,			1.631,			0.156,			0.051
288,	1,	157.0,	115.685,			1.698,			0.189,			0.057
289,	1,	512.0,	115.744,			1.01,			0.283,			0.05
290,	1,	44.0,	116.265,			2.241,			0.151,			0.055
291,	1,	59.0,	116.506,			2.269,			0.289,			0.057
292,	1,	16.0,	116.539,			1.262,			0.222,			0.055
293,	1,	7.0,	116.556,			1.886,			0.222,			0.057
294,	1,	13.0,	116.626,			2.525,			0.18,			0.057
295,	1,	120.0,	116.641,			1.403,			0.173,			0.056
296,	1,	214.0,	116.655,			1.383,			0.169,			0.05
297,	2,	229.0,	116.74,			12.363,			1.386,			0.155
298,	1,	214.0,	116.988,			1.869,			0.284,			0.057
299,	1,	387.0,	117.152,			2.569,			0.289,			0.055
300,	1,	498.0,	117.539,			2.548,			0.114,			0.06
301,	1,	7.0,	117.762,			2.144,			0.195,			0.054
302,	1,	7.0,	118.312,			2.084,			0.178,			0.055
303,	1,	44.0,	118.75,			2.316,			0.174,			0.054
304,	1,	214.0,	118.907,			2.787,			0.156,			0.057
305,	1,	169.0,	119.347,			1.756,			0.299,			0.059
306,	1,	169.0,	119.606,			1.522,			0.259,			0.053
307,	2,	123.0,	120.031,			11.302,			1.134,			0.111
308,	2,	52.0,	120.12,			14.564,			1.07,			0.178
309,	1,	44.0,	120.559,			2.684,			0.167,			0.058
310,	1,	7.0,	120.77,			1.811,			0.177,			0.057
311,	1,	146.0,	121.566,			1.376,			0.247,			0.058
312,	1,	559.0,	121.707,			1.356,			0.244,			0.056
313,	1,	7.0,	121.846,			2.408,			0.211,			0.055
314,	1,	7.0,	121.948,			1.249,			0.169,			0.056
315,	1,	90.0,	122.018,			2.914,			0.244,			0.052
316,	1,	103.0,	122.279,			1.112,			0.166,			0.059
317,	1,	512.0,	122.323,			1.578,			0.152,			0.051
318,	1,	126.0,	122.653,			2.678,			0.138,			0.057
319,	2,	201.0,	122.872,			13.061,			1.32,			0.176
320,	1,	120.0,	122.966,			2.87,			0.2,			0.057
321,	1,	6.0,	123.019,			1.277,			0.172,			0.05
322,	1,	44.0,	123.042,			2.582,			0.165,			0.05
323,	1,	10.0,	123.786,			1.45,			0.206,			0.058
324,	1,	95.0,	123.828,			1.107,			0.19,			0.05
325,	1,	498.0,	124.239,			2.018,			0.217,			0.056
326,	2,	120.0,	124.239,			10.789,			1.044,			0.12
327,	1,	103.0,	124.323,			1.078,			0.252,			0.051
328,	2,	233.0,	124.913,			11.658,			1.341,			0.191
329,	1,	7.0,	124.938,			2.628,			0.222,			0.055
330,	1,	126.0,	124.987,			2.454,			0.124,			0.059
331,	1,	7.0,	125.076,			2.903,			0.206,			0.057
332,	1,	90.0,	125.359,			1.364,			0.235,			0.057
333,	1,	126.0,	125.416,			1.455,			0.293,			0.059
334,	1,	28.0,	125.58,			2.244,			0.292,			0.058
335,	2,	223.0,	125.65,			13.061,			1.194,			0.148
336,	1,	447.0,	125.729,			1.496,			0.108,			0.057
337,	1,	49.0,	125.74,			1.204,			0.21,			0.055
338,	1,	59.0,	125.94,			1.078,			0.2,			0.06
339,	1,	7.0,	125.98,			1.445,			0.162,			0.051
340,	1,	169.0,	126.053,			1.211,			0.12,			0.055
341,	1,	7.0,	126.125,			1.581,			0.21,			0.059
342,	1,	120.0,	126.312,			1.531,			0.12,			0.06
343,	1,	44.0,	126.431,			1.582,			0.255,			0.058
344,	1,	146.0,	126.528,			2.895,			0.142,			0.054
345,	1,	10.0,	126.591,			1.425,			0.15,			0.059
346,	1,	7.0,	126.795,			2.407,			0.124,			0.054
347,	1,	28.0,	126.825,			2.349,			0.142,			0.051
348,	1,	28.0,	126.877,			1.287,			0.177,			0.059
349,	1,	28.0,	127.16,			1.748,			0.3,			0.052
350,	1,	447.0,	127.447,			2.288,			0.272,			0.059
351,	1,	103.0,	127.523,			1.684,			0.161,			0.054
352,	1,	512.0,	127.656,			2.524,			0.223,			0.057
353,	1,	16.0,	127.938,			2.56,			0.23,			0.054
354,	1,	6.0,	127.986,			1.609,			0.261,			0.059
355,	1,	30.0,	128.081,			1.293,			0.18,			0.059
356,	1,	512.0,	128.093,			1.671,			0.151,			0.05
357,	2,	207.0,	128.145,			10.777,			1.05,			0.193
358,	1,	95.0,	128.221,			1.592,			0.226,			0.055
359,	1,	44.0,	128.335,			1.398,			0.287,			0.059
360,	1,	387.0,	128.554,			1.431,			0.112,			0.052
361,	1,	7.0,	128.789,			2.131,			0.241,			0.051
362,	1,	7.0,	128.816,			1.791,			0.145,			0.053
363,	1,	6.0,	128.899,			2.283,			0.231,			0.06
364,	1,	7.0,	128.92,			2.424,			0.28,			0.051
365,	2,	121.0,	128.947,			13.136,			1.285,			0.121
366,	1,	16.0,	129.287,			1.403,			0.152,			0.059
367,	1,	387.0,	129.293,			1.051,			0.27,			0.055
368,	1,	59.0,	129.541,			1.005,			0.185,			0.059
369,	1,	10.0,	129.642,			1.681,			0.288,			0.053
370,	1,	447.0,	129.703,			2.2,			0.23,			0.053
371,	1,	30.0,	129.721,			1.561,			0.137,			0.06
372,	1,	559.0,	129.819,			1.985,			0.199,			0.058
373,	1,	559.0,	129.987,			1.841,			0.119,			0.052
374,	1,	512.0,	130.223,			1.269,			0.129,			0.055
375,	1,	387.0,	130.266,			2.541,			0.282,			0.053
376,	1,	7.0,	130.415,			1.748,			0.254,			0.059
377,	2,	129.0,	130.415,			12.155,			1.021,			0.15
378,	1,	28.0,	130.743,			2.461,			0.222,			0.051
379,	1,	379.0,	130.852,			1.609,			0.2,			0.057
380,	1,	498.0,	131.335,			2.559,			0.146,			0.054
381,	1,	7.0,	131.347,			1.289,			0.222,			0.059
382,	1,	169.0,	131.448,			1.876,			0.226,			0.051
383,	1,	169.0,	131.54,			1.756,			0.251,			0.058
384,	1,	157.0,	132.039,			2.448,			0.277,			0.051
385,	1,	146.0,	132.237,			2.222,			0.112,			0.054
386,	1,	10.0,	132.29,			1.422,			0.151,			0.053
387,	1,	169.0,	132.296,			2.96,			0.296,			0.057
388,	2,	93.0,	132.581,			11.6,			1.067,			0.134
389,	1,	559.0,	132.583,			1.028,			0.167,			0.051
390,	1,	157.0,	132.594,			2.314,			0.141,			0.052
391,	1,	559.0,	132.637,			1.358,			0.126,			0.057
392,	1,	6.0,	132.717,			1.827,			0.147,			0.059
393,	1,	90.0,	132.813,			1.844,			0.146,			0.053
394,	1,	16.0,	132.876,			1.25,			0.197,			0.051
395,	1,	126.0,	133.002,			1.69,			0.189,			0.052
396,	1,	90.0,	133.063,			2.288,			0.252,			0.058
397,	2,	63.0,	133.148,			13.135,			1.067,			0.194
398,	1,	512.0,	133.337,			2.01,			0.217,			0.053
399,	1,	90.0,	133.437,			1.642,			0.139,			0.05
400,	1,	498.0,	133.514,			1.232,			0.101,			0.052
401,	1,	90.0,	133.582,			1.625,			0.162,			0.058
402,	1,	44.0,	133.583,			2.879,			0.247,			0.05
403,	1,	214.0,	133.64,			1.913,			0.237,			0.058
404,	1,	44.0,	133.844,			1.364,			0.21,			0.057
405,	1,	379.0,	134.036,			1.524,			0.135,			0.056
406,	1,	6.0,	134.048,			1.981,			0.298,			0.058
407,	1,	169.0,	134.125,			2.857,			0.236,			0.06
408,	2,	343.0,	134.554,			14.283,			1.278,			0.138
409,	1,	44.0,	134.596,			2.652,			0.229,			0.05
410,	1,	6.0,	134.662,			1.164,			0.277,			0.056
411,	1,	10.0,	134.847,			1.737,			0.109,			0.057
412,	1,	10.0,	134.895,			1.406,			0.254,			0.057
413,	1,	379.0,	135.12,			1.729,			0.29,			0.054
414,	1,	44.0,	135.622,			1.158,			0.228,			0.058
415,	2,	205.0,	135.961,			13.129,			1.442,			0.188
416,	1,	44.0,	136.148,			1.424,			0.267,			0.052
417,	1,	44.0,	136.235,			2.384,			0.211,			0.05
418,	2,	151.0,	136.723,			14.436,			1.047,			0.199
419,	1,	28.0,	136.838,			2.88,			0.111,			0.058
420,	1,	7.0,	137.098,			1.121,			0.283,			0.058
421,	1,	379.0,	137.343,			2.819,			0.285,			0.05
422,	1,	169.0,	137.514,			1.609,			0.221,			0.06
423,	1,	103.0,	137.714,			2.296,			0.268,			0.057
424,	1,	7.0,	138.058,			1.968,			0.189,			0.053
425,	1,	7.0,	138.158,			1.05,			0.151,			0.05
426,	1,	7.0,	138.163,			1.596,			0.202,			0.052
427,	1,	7.0,	138.314,			1.61,			0.175,			0.057
428,	1,	120.0,	138.344,			2.316,			0.133,			0.057
429,	1,	379.0,	138.344,			1.59,			0.103,			0.054
430,	1,	13.0,	138.366,			1.929,			0.121,			0.057
431,	2,	160.0,	138.45,			10.909,			1.154,			0.106
432,	1,	7.0,	138.592,			2.763,			0.197,			0.053
433,	1,	16.0,	138.732,			1.402,			0.101,			0.05
434,	1,	59.0,	138.77,			1.719,			0.196,			0.053
435,	1,	157.0,	138.91,			2.176,			0.228,			0.055
436,	1,	95.0,	138.915,			2.947,			0.254,			0.059
437,	1,	95.0,	138.955,			2.194,			0.114,			0.054
438,	1,	30.0,	138.964,			1.653,			0.23,			0.052
439,	1,	169.0,	139.072,			2.638,			0.113,			0.057
440,	1,	447.0,	139.309,			1.509,			0.216,			0.057
441,	1,	49.0,	139.33,			2.314,			0.158,			0.055
442,	2,	89.0,	139.358,			10.669,			1.43,			0.167
443,	1,	44.0,	139.49,			2.321,			0.275,			0.055
444,	1,	379.0,	139.899,			2.278,			0.139,			0.059
445,	1,	379.0,	140.157,			1.639,			0.208,			0.053
446,	1,	28.0,	140.176,			2.149,			0.133,			0.057
447,	1,	44.0,	140.476,			1.707,			0.161,			0.052
448,	1,	16.0,	140.574,			2.158,			0.172,			0.055
449,	1,	6.0,	140.956,			2.602,			0.276,			0.05
450,	1,	379.0,	141.271,			2.223,			0.108,			0.055
451,	1,	6.0,	141.28,			1.307,			0.208,			0.054
452,	1,	95.0,	141.464,			2.756,			0.193,			0.054
453,	1,	120.0,	141.496,			1.914,			0.22,			0.052
454,	1,	157.0,	141.499,			1.844,			0.234,			0.05
455,	1,	103.0,	141.782,			2.232,			0.133,			0.056
456,	1,	103.0,	141.822,			1.409,			0.23,			0.059
457,	1,	387.0,	141.861,			2.03,			0.173,			0.051
458,	1,	447.0,	142.108,			2.681,			0.121,			0.055
459,	1,	49.0,	142.113,			1.478,			0.151,			0.051
460,	1,	169.0,	142.133,			1.472,			0.249,			0.055
461,	1,	16.0,	142.226,			2.424,			0.28,			0.058
462,	1,	559.0,	142.773,			1.827,			0.29,			0.058
463,	1,	7.0,	142.944,			1.096,			0.235,			0.059
464,	2,	154.0,	143.079,			14.936,			1.488,			0.139
465,	1,	7.0,	143.26,			1.092,			0.162,			0.059
466,	1,	7.0,	143.56,			1.252,			0.147,			0.055
467,	1,	10.0,	143.637,			2.198,			0.131,			0.051
468,	1,	214.0,	143.674,			2.541,			0.274,			0.057
469,	1,	6.0,	143.705,			1.12,			0.193,			0.06
470,	1,	559.0,	143.959,			1.071,			0.103,			0.058
471,	1,	498.0,	144.018,			1.965,			0.132,			0.06
472,	1,	447.0,	144.191,			2.02,			0.3,			0.056
473,	2,	137.0,	145.076,			11.317,			1.295,			0.134
474,	1,	379.0,	145.102,			2.385,			0.242,			0.053
475,	1,	10.0,	145.186,			1.969,			0.21,			0.055
476,	1,	28.0,	145.273,			2.88,			0.23,			0.059
477,	1,	28.0,	145.328,			2.642,			0.124,			0.055
478,	2,	197.0,	145.529,			11.658,			1.491,			0.101
479,	1,	10.0,	145.613,			2.765,			0.139,			0.055
480,	1,	498.0,	145.866,			1.371,			0.12,			0.05
481,	1,	447.0,	146.086,			2.697,			0.225,			0.057
482,	2,	155.0,	146.22,			14.481,			1.2,			0.184
483,	1,	59.0,	146.37,			2.761,			0.15,			0.056
484,	1,	44.0,	146.532,			2.926,			0.203,			0.05
485,	1,	379.0,	146.692,			2.457,			0.133,			0.051
486,	1,	387.0,	146.777,			1.625,			0.27,			0.056
487,	2,	45.0,	146.789,			10.39,			1.483,			0.171
488,	1,	7.0,	147.321,			1.703,			0.167,			0.052
489,	1,	169.0,	147.596,			2.2,			0.206,			0.059
490,	1,	512.0,	147.787,			2.01,			0.241,			0.059
491,	1,	169.0,	147.944,			2.034,			0.248,			0.057
492,	1,	10.0,	148.413,			2.96,			0.178,			0.053
493,	1,	120.0,	148.647,			1.908,			0.227,			0.06
494,	1,	157.0,	148.839,			2.973,			0.162,			0.057
495,	2,	101.0,	148.914,			14.836,			1.229,			0.117
496,	1,	379.0,	148.961,			1.36,			0.175,			0.056
497,	1,	7.0,	148.999,			1.864,			0.239,			0.056
498,	1,	157.0,	149.034,			1.947,			0.258,			0.05
499,	1,	7.0,	149.429,			1.607,			0.221,			0.053
500,	1,	6.0,	149.709,			2.659,			0.244,			0.058
501,	1,	7.0,	149.833,			2.691,			0.167,			0.059
502,	1,	59.0,	149.834,			1.876,			0.161,			0.054
503,	1,	16.0,	149.94,			2.786,			0.195,			0.056
504,	1,	44.0,	150.043,			2.701,			0.294,			0.057
505,	1,	387.0,	150.076,			2.556,			0.162,			0.055
506,	1,	6.0,	150.253,			1.984,			0.223,			0.057
507,	1,	13.0,	150.36,			1.97,			0.18,			0.056
508,	1,	10.0,	150.441,			1.681,			0.107,			0.053
509,	1,	90.0,	150.673,			1.115,			0.296,			0.054
510,	1,	49.0,	150.773,			1.942,			0.109,			0.054
511,	1,	90.0,	150.819,			1.624,			0.293,			0.055
512,	1,	379.0,	150.838,			1.402,			0.134,			0.059
513,	1,	7.0,	150.923,			1.141,			0.186,			0.057
514,	2,	226.0,	150.942,			14.564,			1.304,			0.182
515,	1,	7.0,	151.527,			2.223,			0.272,			0.054
516,	1,	157.0,	151.558,			1.398,			0.208,			0.058
517,	1,	90.0,	151.76,			1.982,			0.268,			0.06
518,	2,	227.0,	151.792,			13.148,			1.148,			0.13
519,	1,	13.0,	151.802,			2.5,			0.214,			0.057
520,	1,	126.0,	151.888,			2.279,			0.134,			0.05
521,	1,	103.0,	152.002,			2.454,			0.242,			0.059
522,	1,	103.0,	152.339,			1.435,			0.288,			0.06
523,	1,	7.0,	152.408,			1.289,			0.217,			0.051
524,	1,	44.0,	152.642,			2.888,			0.211,			0.055
525,	1,	157.0,	152.645,			2.544,			0.206,			0.06
526,	1,	6.0,	152.71,			1.657,			0.124,			0.051
527,	1,	7.0,	152.789,			2.22,			0.212,			0.055
528,	1,	7.0,	152.934,			2.288,			0.174,			0.058
529,	1,	214.0,	152.988,			2.143,			0.117,			0.054
530,	1,	44.0,	152.992,			1.134,			0.272,			0.058
531,	1,	498.0,	152.993,			1.421,			0.285,			0.055
532,	1,	379.0,	153.042,			1.42,			0.187,			0.052
533,	1,	59.0,	153.243,			1.801,			0.163,			0.06
534,	1,	6.0,	153.308,			1.128,			0.15,			0.059
535,	1,	95.0,	153.696,			2.623,			0.222,			0.056
536,	2,	156.0,	154.004,			12.569,			1.087,			0.103
537,	1,	95.0,	154.066,			1.158,			0.209,			0.055
538,	1,	103.0,	154.233,			2.244,			0.199,			0.059
539,	1,	512.0,	154.267,			1.857,			0.286,			0.055
540,	1,	146.0,	154.504,			2.842,			0.149,			0.055
541,	1,	157.0,	154.514,			1.783,			0.162,			0.051
542,	1,	120.0,	154.619,			1.525,			0.108,			0.055
543,	1,	6.0,	154.674,			2.02,			0.141,			0.058
544,	2,	333.0,	154.721,			11.581,			1.1,			0.182
545,	1,	13.0,	154.773,			1.985,			0.2,			0.053
546,	1,	498.0,	154.932,			2.398,			0.225,			0.059
547,	1,	49.0,	155.075,			1.67,			0.298,			0.054
548,	1,	95.0,	155.164,			1.334,			0.247,			0.055
549,	1,	214.0,	155.289,			1.9,			0.238,			0.057
550,	1,	7.0,	155.578,			1.287,			0.123,			0.05
551,	1,	146.0,	155.641,			2.901,			0.297,			0.055
552,	1,	103.0,	155.649,			1.637,			0.194,			0.06
553,	1,	7.0,	155.772,			1.561,			0.203,			0.055
554,	1,	49.0,	155.794,			1.038,			0.123,			0.05
555,	1,	512.0,	155.884,			2.278,			0.293,			0.052
556,	1,	30.0,	156.155,			2.286,			0.226,			0.055
557,	1,	59.0,	156.221,			1.962,			0.184,			0.052
558,	1,	7.0,	156.294,			2.241,			0.206,			0.051
559,	1,	10.0,	156.573,			2.796,			0.275,			0.054
560,	1,	559.0,	156.8,			1.168,			0.183,			0.057
561,	1,	447.0,	156.808,			1.81,			0.241,			0.06
562,	1,	7.0,	156.909,			2.034,			0.155,			0.056
563,	1,	157.0,	156.922,			2.794,			0.133,			0.058
564,	1,	379.0,	157.089,			2.636,			0.27,			0.051
565,	1,	6.0,	157.199,			2.179,			0.179,			0.06
566,	1,	512.0,	157.205,			2.96,			0.166,			0.058
567,	1,	44.0,	157.309,			2.794,			0.16,			0.055
568,	1,	6.0,	157.344,			2.635,			0.113,			0.059
569,	1,	95.0,	157.466,			2.349,			0.233,			0.053
570,	1,	7.0,	157.599,			1.478,			0.227,			0.057
571,	1,	30.0,	157.808,			2.057,			0.198,			0.055
572,	1,	10.0,	158.077,			2.154,			0.16,			0.05
573,	1,	120.0,	158.135,			1.624,			0.146,			0.052
574,	2,	168.0,	158.403,			12.015,			1.332,			0.15
575,	2,	193.0,	158.791,			12.421,			1.419,			0.118
576,	1,	512.0,	159.205,			1.688,			0.159,			0.053
577,	1,	498.0,	159.267,			2.034,			0.169,			0.059
578,	1,	7.0,	159.54,			1.755,			0.223,			0.057
579,	1,	7.0,	159.552,			1.018,			0.189,			0.056
580,	2,	86.0,	159.637,			10.099,			1.053,			0.125
581,	1,	28.0,	159.857,			1.08,			0.299,			0.056
582,	1,	157.0,	159.87,			1.317,			0.124,			0.056
583,	1,	379.0,	159.934,			2.407,			0.198,			0.054
584,	1,	498.0,	160.037,			1.46,			0.164,			0.06
585,	1,	157.0,	160.13,			1.367,			0.102,			0.057
586,	2,	88.0,	160.23,			10.432,			1.202,			0.182
587,	2,	181.0,	160.381,			12.271,			1.294,			0.185
588,	1,	16.0,	160.416,			1.08,			0.134,			0.054
589,	2,	204.0,	160.437,			13.379,			1.051,			0.158
590,	1,	95.0,	160.438,			1.204,			0.254,			0.051
591,	1,	7.0,	160.478,			1.495,			0.165,			0.051
592,	1,	7.0,	160.54,			2.249,			0.133,			0.05
593,	1,	447.0,	160.948,			2.569,			0.214,			0.057
594,	1,	6.0,	161.109,			2.948,			0.192,			0.051
595,	1,	6.0,	161.443,			1.752,			0.176,			0.058
596,	1,	13.0,	161.445,			2.388,			0.191,			0.051
597,	1,	559.0,	161.752,			2.525,			0.133,			0.057
598,	1,	44.0,	161.926,			2.056,			0.109,			0.053
599,	1,	157.0,	161.946,			1.083,			0.165,			0.059
600,	1,	6.0,	162.061,			1.814,			0.124,			0.056
601,	1,	512.0,	162.175,			1.13,			0.108,			0.057
602,	1,	49.0,	162.339,			1.933,			0.189,			0.058
603,	1,	6.0,	162.433,			2.678,			0.162,			0.054
604,	1,	387.0,	162.535,			1.044,			0.112,			0.057
605,	1,	169.0,	162.667,			1.575,			0.186,			0.051
606,	1,	447.0,	162.747,			1.551,			0.29,			0.052
607,	1,	157.0,	162.854,			1.386,			0.198,			0.057
608,	1,	44.0,	162.902,			1.116,			0.135,			0.058
609,	1,	44.0,	163.559,			1.575,			0.228,			0.051
610,	2,	93.0,	163.795,			12.421,			1.096,			0.166
611,	1,	146.0,	163.82,			2.414,			0.234,			0.056
612,	1,	379.0,	164.104,			2.751,			0.151,			0.052
613,	1,	512.0,	164.271,			1.516,			0.299,			0.053
614,	2,	139.0,	165.0,			12.93,			1.481,			0.145
615,	1,	49.0,	165.033,			1.121,			0.104,			0.059
616,	2,	102.0,	165.246,			12.291,			1.469,			0.142
617,	1,	7.0,	165.335,			2.388,			0.172,			0.053
618,	2,	131.0,	165.427,			11.238,			1.461,			0.189
619,	1,	126.0,	165.48,			1.927,			0.195,			0.057
620,	1,	7.0,	165.501,			1.805,			0.291,			0.053
621,	1,	16.0,	165.753,			2.684,			0.159,			0.059
622,	2,	118.0,	165.91,			12.024,			1.421,			0.123
623,	1,	6.0,	166.102,			1.044,			0.175,			0.052
624,	1,	559.0,	166.373,			2.398,			0.236,			0.058
625,	1,	13.0,	166.518,			1.97,			0.133,			0.055
626,	1,	16.0,	166.608,			2.571,			0.179,			0.058
627,	1,	120.0,	166.868,			1.81,			0.275,			0.052
628,	1,	7.0,	166.895,			2.318,			0.247,			0.052
629,	1,	7.0,	167.357,			2.571,			0.133,			0.058
630,	1,	44.0,	167.456,			1.432,			0.157,			0.051
631,	2,	224.0,	167.582,			10.39,			1.108,			0.166
632,	1,	16.0,	167.754,			2.004,			0.182,			0.059
633,	1,	559.0,	167.755,			2.838,			0.245,			0.051
634,	1,	59.0,	167.851,			1.241,			0.223,			0.054
635,	1,	157.0,	167.99,			2.316,			0.298,			0.054
636,	1,	447.0,	168.001,			1.106,			0.299,			0.056
637,	1,	498.0,	168.936,			2.52,			0.239,			0.054
638,	1,	44.0,	168.954,			2.717,			0.233,			0.057
639,	1,	214.0,	168.973,			2.037,			0.124,			0.059
640,	1,	447.0,	169.17,			1.809,			0.217,			0.053
641,	1,	10.0,	169.503,			1.701,			0.212,			0.05
642,	1,	157.0,	170.112,			2.133,			0.27,			0.05
643,	1,	59.0,	170.324,			1.249,			0.215,			0.057
644,	1,	120.0,	170.489,			1.828,			0.221,			0.057
645,	1,	559.0,	170.643,			1.097,			0.124,			0.059
646,	1,	126.0,	170.658,			1.542,			0.166,			0.059
647,	2,	196.0,	170.683,			14.809,			1.31,			0.175
648,	1,	214.0,	170.699,			2.588,			0.12,			0.054
649,	1,	498.0,	170.746,			1.08,			0.16,			0.055
650,	1,	95.0,	171.142,			2.487,			0.228,			0.056
651,	1,	7.0,	171.327,			1.835,			0.141,			0.055
652,	1,	10.0,	171.418,			2.969,			0.249,			0.055
653,	1,	49.0,	171.912,			2.991,			0.133,			0.055
654,	1,	10.0,	171.915,			2.973,			0.292,			0.056
655,	1,	447.0,	171.999,			1.13,			0.298,			0.052
656,	1,	49.0,	172.098,			1.541,			0.258,			0.051
657,	1,	157.0,	172.144,			2.33,			0.216,			0.057
658,	1,	30.0,	172.28,			2.378,			0.173,			0.053
659,	1,	169.0,	172.416,			1.229,			0.174,			0.055
660,	1,	7.0,	172.63,			1.774,			0.278,			0.058
661,	1,	16.0,	172.663,			1.501,			0.232,			0.054
662,	1,	90.0,	172.875,			1.637,			0.108,			0.055
663,	1,	7.0,	172.896,			1.458,			0.254,			0.052
664,	1,	379.0,	173.198,			1.494,			0.259,			0.059
665,	1,	6.0,	173.428,			2.163,			0.21,			0.051
666,	1,	49.0,	173.526,			2.265,			0.289,			0.053
667,	1,	6.0,	173.588,			1.164,			0.14,			0.054
668,	1,	7.0,	173.675,			2.055,			0.14,			0.057
669,	1,	7.0,	173.714,			1.018,			0.134,			0.053
670,	1,	7.0,	174.022,			1.435,			0.222,			0.059
671,	1,	49.0,	174.038,			2.038,			0.146,			0.057
672,	2,	158.0,	174.07,			11.265,			1.346,			0.109
673,	1,	447.0,	174.073,			1.756,			0.159,			0.052
674,	1,	120.0,	174.113,			1.353,			0.247,			0.054
675,	1,	379.0,	174.55,			2.304,			0.139,			0.059
676,	1,	6.0,	174.562,			1.121,			0.263,			0.052
677,	1,	512.0,	174.666,			1.08,			0.136,			0.057
678,	1,	214.0,	174.795,			2.36,			0.127,			0.057
679,	1,	10.0,	174.799,			1.72,			0.26,			0.05
680,	1,	7.0,	174.872,			1.517,			0.287,			0.056
681,	1,	103.0,	174.926,			1.915,			0.12,			0.05
682,	1,	7.0,	175.015,			2.525,			0.176,			0.053
683,	1,	30.0,	175.085,			2.369,			0.133,			0.059
684,	1,	49.0,	175.271,			1.483,			0.119,			0.057
685,	1,	157.0,	175.289,			2.004,			0.233,			0.059
686,	1,	6.0,	175.359,			1.67,			0.145,			0.06
687,	1,	146.0,	175.391,			2.265,			0.139,			0.053
688,	1,	30.0,	175.665,			2.047,			0.186,			0.056
689,	1,	387.0,	175.947,			2.055,			0.285,			0.051
690,	1,	214.0,	176.953,			1.609,			0.164,			0.056
691,	1,	379.0,	177.389,			2.273,			0.116,			0.051
692,	1,	95.0,	178.283,			1.304,			0.144,			0.054
693,	1,	512.0,	178.976,			1.912,			0.258,			0.056
694,	2,	193.0,	179.117,			14.127,			1.187,			0.1
695,	1,	7.0,	179.138,			1.542,			0.171,			0.05
696,	2,	63.0,	179.395,			14.513,			1.187,			0.149
697,	1,	10.0,	179.662,			2.985,			0.102,			0.054
698,	1,	28.0,	179.692,			1.45,			0.235,			0.06
699,	1,	157.0,	179.912,			1.62,			0.247,			0.05
700,	1,	146.0,	180.007,			1.304,			0.238,			0.057
701,	1,	214.0,	180.358,			1.919,			0.108,			0.058
702,	1,	13.0,	180.703,			1.225,			0.139,			0.054
703,	1,	512.0,	180.786,			1.532,			0.251,			0.057
704,	1,	126.0,	180.96,			2.299,			0.294,			0.057
705,	1,	59.0,	181.001,			1.722,			0.135,			0.054
706,	1,	157.0,	181.23,			1.366,			0.161,			0.058
707,	1,	120.0,	181.247,			1.287,			0.221,			0.052
708,	1,	7.0,	181.498,			1.213,			0.256,			0.053
709,	1,	126.0,	181.707,			1.162,			0.142,			0.054
710,	1,	126.0,	182.01,			1.861,			0.233,			0.06
711,	1,	10.0,	182.08,			1.522,			0.16,			0.057
712,	1,	7.0,	182.13,			1.841,			0.109,			0.053
713,	1,	146.0,	182.235,			1.01,			0.202,			0.057
714,	1,	146.0,	182.253,			1.587,			0.173,			0.058
715,	1,	95.0,	182.506,			2.073,			0.264,			0.055
716,	2,	188.0,	182.538,			14.197,			1.401,			0.108
717,	2,	201.0,	183.131,			13.648,			1.363,			0.155
718,	1,	7.0,	183.321,			2.127,			0.168,			0.058
719,	1,	13.0,	183.445,			2.038,			0.209,			0.058
720,	1,	7.0,	183.489,			1.358,			0.239,			0.056
721,	1,	6.0,	183.496,			1.425,			0.111,			0.054
722,	1,	7.0,	183.553,			2.238,			0.242,			0.053
723,	2,	121.0,	183.77,			12.443,			1.486,			0.101
724,	2,	124.0,	183.925,			11.661,			1.438,			0.12
725,	1,	512.0,	184.111,			2.2,			0.216,			0.06
726,	1,	7.0,	184.774,			2.321,			0.289,			0.058
727,	1,	214.0,	184.775,			2.645,			0.169,			0.055
728,	1,	44.0,	184.988,			2.922,			0.282,			0.059
729,	1,	146.0,	185.027,			2.559,			0.268,			0.053
730,	1,	44.0,	185.079,			1.353,			0.135,			0.05
731,	1,	95.0,	185.103,			1.909,			0.14,			0.051
732,	2,	192.0,	185.144,			14.891,			1.126,			0.182
733,	1,	214.0,	185.221,			2.571,			0.217,			0.059
734,	2,	193.0,	185.364,			13.05,			1.167,			0.103
735,	2,	138.0,	185.429,			11.719,			1.142,			0.165
736,	1,	512.0,	185.712,			1.908,			0.244,			0.057
737,	1,	7.0,	185.819,			1.72,			0.29,			0.051
738,	1,	10.0,	185.819,			2.625,			0.194,			0.055
739,	1,	7.0,	185.852,			1.481,			0.253,			0.054
740,	1,	7.0,	185.898,			1.683,			0.172,			0.056
741,	1,	13.0,	186.043,			1.672,			0.162,			0.051
742,	1,	146.0,	186.061,			1.364,			0.121,			0.059
743,	1,	44.0,	186.143,			2.799,			0.27,			0.051
744,	1,	7.0,	186.331,			1.756,			0.104,			0.053
745,	1,	559.0,	186.342,			2.796,			0.105,			0.057
746,	1,	30.0,	186.411,			2.968,			0.2,			0.053
747,	1,	120.0,	186.694,			2.497,			0.206,			0.059
748,	2,	220.0,	186.708,			13.071,			1.198,			0.177
749,	1,	126.0,	186.84,			2.252,			0.221,			0.056
750,	1,	120.0,	187.156,			2.28,			0.233,			0.06
751,	1,	28.0,	187.594,			2.618,			0.22,			0.056
752,	1,	10.0,	187.75,			2.459,			0.161,			0.06
753,	1,	559.0,	187.89,			1.908,			0.29,			0.058
754,	1,	59.0,	188.073,			1.732,			0.258,			0.055
755,	2,	185.0,	188.183,			14.931,			1.025,			0.117
756,	1,	559.0,	188.332,			1.425,			0.279,			0.055
757,	2,	198.0,	188.556,			13.06,			1.212,			0.102
758,	1,	59.0,	188.666,			2.569,			0.203,			0.06
759,	1,	95.0,	188.922,			1.302,			0.183,			0.056
760,	2,	162.0,	189.334,			10.365,			1.168,			0.142
761,	1,	214.0,	189.407,			2.407,			0.208,			0.054
762,	1,	49.0,	189.584,			2.598,			0.101,			0.055
763,	1,	95.0,	189.638,			1.956,			0.279,			0.051
764,	1,	7.0,	190.328,			2.068,			0.14,			0.058
765,	1,	498.0,	191.118,			1.915,			0.238,			0.055
766,	1,	7.0,	191.119,			1.283,			0.133,			0.056
767,	1,	7.0,	191.686,			2.556,			0.19,			0.053
768,	1,	7.0,	192.212,			1.096,			0.251,			0.059
769,	1,	10.0,	192.509,			2.969,			0.237,			0.059
770,	2,	311.0,	192.538,			12.835,			1.011,			0.196
771,	1,	49.0,	192.579,			2.232,			0.168,			0.054
772,	1,	126.0,	192.649,			2.983,			0.239,			0.059
773,	1,	7.0,	192.752,			2.509,			0.105,			0.057
774,	1,	7.0,	192.814,			2.199,			0.192,			0.057
775,	1,	30.0,	193.312,			2.407,			0.12,			0.057
776,	1,	447.0,	193.374,			2.273,			0.239,			0.051
777,	1,	7.0,	194.374,			2.298,			0.156,			0.052
778,	1,	512.0,	194.446,			2.802,			0.157,			0.06
779,	1,	90.0,	194.47,			1.316,			0.172,			0.058
780,	2,	119.0,	194.641,			13.998,			1.429,			0.128
781,	1,	6.0,	194.759,			2.576,			0.166,			0.06
782,	1,	6.0,	195.017,			2.187,			0.206,			0.059
783,	1,	7.0,	195.059,			1.3,			0.143,			0.056
784,	1,	13.0,	195.41,			2.047,			0.29,			0.059
785,	1,	90.0,	195.428,			2.317,			0.201,			0.052
786,	1,	30.0,	195.482,			2.857,			0.267,			0.057
787,	1,	379.0,	195.514,			2.006,			0.202,			0.055
788,	1,	59.0,	195.693,			2.088,			0.227,			0.053
789,	1,	59.0,	195.788,			1.249,			0.212,			0.057
790,	1,	28.0,	196.123,			1.153,			0.185,			0.057
791,	2,	192.0,	196.564,			11.588,			1.273,			0.177
792,	1,	95.0,	196.735,			1.467,			0.221,			0.053
793,	1,	512.0,	196.969,			1.211,			0.145,			0.052
794,	1,	49.0,	197.432,			2.378,			0.164,			0.05
795,	1,	387.0,	197.446,			2.735,			0.172,			0.058
796,	1,	169.0,	197.589,			2.415,			0.179,			0.052
797,	1,	44.0,	197.706,			1.052,			0.212,			0.057
798,	2,	111.0,	198.121,			10.92,			1.102,			0.195
799,	1,	214.0,	198.163,			2.638,			0.202,			0.057
800,	1,	28.0,	198.38,			2.446,			0.166,			0.057
801,	2,	159.0,	198.432,			14.969,			1.498,			0.113
802,	2,	62.0,	198.558,			12.764,			1.461,			0.173
803,	1,	13.0,	199.523,			1.431,			0.2,			0.054
804,	1,	90.0,	200.772,			1.662,			0.208,			0.056
805,	2,	151.0,	200.802,			10.978,			1.296,			0.164
806,	1,	126.0,	200.842,			1.417,			0.147,			0.06
807,	1,	120.0,	201.127,			1.217,			0.2,			0.054
808,	1,	7.0,	201.144,			1.531,			0.14,			0.058
809,	1,	498.0,	201.189,			2.157,			0.166,			0.059
810,	1,	512.0,	201.342,			2.296,			0.185,			0.05
811,	1,	28.0,	201.838,			1.605,			0.186,			0.053
812,	1,	95.0,	201.85,			2.278,			0.208,			0.051
813,	1,	157.0,	201.894,			1.232,			0.189,			0.05
814,	1,	512.0,	202.005,			2.323,			0.247,			0.055
815,	1,	49.0,	202.107,			1.67,			0.299,			0.056
816,	1,	6.0,	202.306,			1.651,			0.215,			0.056
817,	2,	131.0,	202.369,			14.45,			1.326,			0.141
818,	1,	95.0,	202.414,			1.252,			0.111,			0.056
819,	1,	95.0,	203.095,			1.107,			0.195,			0.051
820,	2,	89.0,	203.24,			10.194,			1.329,			0.139
821,	1,	16.0,	203.263,			2.273,			0.293,			0.056
822,	1,	90.0,	203.278,			1.028,			0.27,			0.058
823,	1,	13.0,	203.312,			2.596,			0.214,			0.057
824,	2,	196.0,	203.505,			11.027,			1.098,			0.129
825,	1,	10.0,	203.519,			1.408,			0.187,			0.055
826,	1,	103.0,	203.638,			2.986,			0.198,			0.057
827,	1,	7.0,	203.928,			2.852,			0.137,			0.05
828,	1,	7.0,	204.7,			2.711,			0.177,			0.059
829,	1,	387.0,	204.79,			2.874,			0.249,			0.054
830,	1,	559.0,	204.87,			2.155,			0.111,			0.059
831,	1,	157.0,	205.002,			1.869,			0.133,			0.053
832,	1,	512.0,	205.004,			1.204,			0.195,			0.052
833,	1,	169.0,	205.056,			2.675,			0.145,			0.059
834,	1,	559.0,	205.558,			1.204,			0.179,			0.06
835,	1,	7.0,	205.715,			2.525,			0.187,			0.059
836,	1,	126.0,	205.95,			1.63,			0.258,			0.055
837,	1,	95.0,	205.984,			1.927,			0.166,			0.054
838,	1,	44.0,	206.287,			2.602,			0.299,			0.054
839,	2,	180.0,	206.392,			13.45,			1.055,			0.177
840,	1,	16.0,	207.113,			1.096,			0.231,			0.052
841,	1,	7.0,	207.145,			2.569,			0.228,			0.057
842,	1,	90.0,	207.955,			2.298,			0.134,			0.053
843,	1,	103.0,	208.366,			1.27,			0.183,			0.053
844,	1,	10.0,	208.405,			1.269,			0.212,			0.056
845,	1,	6.0,	208.593,			1.879,			0.106,			0.054
846,	1,	6.0,	208.686,			1.115,			0.2,			0.059
847,	2,	73.0,	208.725,			10.718,			1.159,			0.125
848,	2,	180.0,	208.87,			13.346,			1.072,			0.11
849,	1,	214.0,	209.854,			2.265,			0.232,			0.06
850,	1,	13.0,	210.447,			2.838,			0.2,			0.051
851,	1,	7.0,	210.45,			2.675,			0.178,			0.057
852,	1,	103.0,	211.607,			1.748,			0.238,			0.054
853,	1,	7.0,	211.751,			2.316,			0.222,			0.055
854,	1,	7.0,	211.9,			1.116,			0.277,			0.051
855,	1,	28.0,	212.221,			2.378,			0.19,			0.06
856,	1,	10.0,	212.224,			2.328,			0.17,			0.057
857,	1,	7.0,	212.397,			2.314,			0.215,			0.052
858,	1,	387.0,	213.034,			1.158,			0.225,			0.056
859,	1,	6.0,	213.127,			1.356,			0.159,			0.051
860,	1,	7.0,	213.909,			1.382,			0.235,			0.052
861,	1,	13.0,	213.977,			2.596,			0.182,			0.052
862,	1,	7.0,	214.555,			1.485,			0.228,			0.057
863,	1,	512.0,	214.846,			1.16,			0.11,			0.054
864,	1,	126.0,	215.078,			2.907,			0.257,			0.06
865,	1,	59.0,	215.487,			2.407,			0.132,			0.054
866,	1,	214.0,	215.513,			1.225,			0.299,			0.059
867,	1,	28.0,	216.36,			2.599,			0.237,			0.058
868,	1,	120.0,	216.416,			1.188,			0.269,			0.054
869,	1,	90.0,	216.416,			1.853,			0.101,			0.054
870,	1,	6.0,	216.714,			1.694,			0.186,			0.055
871,	1,	103.0,	216.935,			1.768,			0.245,			0.053
872,	1,	447.0,	217.205,			1.071,			0.287,			0.052
873,	1,	157.0,	217.442,			2.659,			0.146,			0.056
874,	1,	59.0,	217.591,			2.794,			0.102,			0.054
875,	1,	49.0,	218.607,			1.81,			0.103,			0.057
876,	1,	169.0,	218.809,			1.128,			0.27,			0.053
877,	1,	379.0,	218.989,			2.703,			0.151,			0.056
878,	1,	387.0,	219.519,			2.596,			0.111,			0.057
879,	2,	198.0,	219.84,			11.581,			1.261,			0.169
880,	1,	49.0,	220.153,			2.796,			0.114,			0.055
881,	2,	286.0,	220.431,			13.478,			1.286,			0.182
882,	1,	214.0,	221.375,			2.8,			0.113,			0.05
883,	1,	559.0,	221.977,			2.955,			0.298,			0.058
884,	1,	90.0,	222.039,			2.265,			0.249,			0.055
885,	1,	157.0,	222.18,			1.486,			0.192,			0.056
886,	1,	10.0,	222.201,			1.511,			0.277,			0.056
887,	1,	30.0,	222.251,			2.9,			0.129,			0.056
888,	2,	131.0,	222.29,			10.016,			1.326,			0.176
889,	1,	146.0,	222.877,			1.485,			0.263,			0.052
890,	1,	10.0,	223.291,			2.293,			0.121,			0.059
891,	1,	157.0,	223.548,			2.316,			0.209,			0.056
892,	1,	103.0,	223.796,			2.404,			0.134,			0.06
893,	1,	559.0,	224.056,			1.578,			0.237,			0.052
894,	1,	387.0,	224.074,			2.659,			0.146,			0.055
895,	1,	44.0,	224.163,			2.857,			0.113,			0.052
896,	1,	44.0,	224.897,			1.486,			0.216,			0.059
897,	1,	126.0,	225.13,			1.561,			0.172,			0.054
898,	1,	103.0,	225.799,			1.753,			0.17,			0.056
899,	1,	169.0,	225.832,			2.2,			0.12,			0.058
900,	1,	6.0,	226.034,			1.557,			0.251,			0.052
901,	1,	49.0,	226.561,			2.753,			0.158,			0.056
902,	1,	44.0,	226.67,			2.625,			0.159,			0.053
903,	2,	172.0,	227.511,			13.061,			1.064,			0.114
904,	2,	154.0,	227.571,			14.187,			1.47,			0.182
905,	1,	44.0,	227.731,			1.317,			0.239,			0.06
906,	2,	184.0,	227.779,			11.124,			1.108,			0.107
907,	1,	44.0,	227.942,			2.819,			0.245,			0.056
908,	2,	233.0,	228.422,			10.784,			1.44,			0.105
909,	1,	387.0,	229.757,			2.479,			0.238,			0.055
910,	1,	16.0,	229.821,			2.627,			0.281,			0.058
911,	1,	120.0,	230.631,			1.708,			0.17,			0.059
912,	1,	169.0,	231.212,			2.533,			0.17,			0.052
913,	2,	93.0,	231.622,			10.63,			1.058,			0.142
914,	2,	267.0,	232.219,			12.372,			1.413,			0.196
915,	2,	138.0,	233.382,			12.02,			1.431,			0.135
916,	2,	211.0,	233.639,			11.162,			1.154,			0.199
917,	1,	6.0,	234.755,			1.3,			0.279,			0.06
918,	1,	214.0,	235.013,			2.03,			0.222,			0.059
919,	2,	162.0,	235.12,			10.912,			1.024,			0.163
920,	1,	30.0,	235.399,			2.084,			0.191,			0.05
921,	2,	174.0,	235.475,			11.719,			1.481,			0.136
922,	2,	123.0,	235.711,			14.481,			1.012,			0.156
923,	1,	30.0,	236.692,			1.096,			0.146,			0.053
924,	1,	169.0,	236.728,			1.984,			0.254,			0.06
925,	1,	13.0,	236.772,			1.69,			0.146,			0.056
926,	1,	10.0,	237.047,			2.293,			0.2,			0.059
927,	1,	6.0,	238.908,			1.111,			0.204,			0.057
928,	1,	44.0,	239.475,			2.149,			0.133,			0.054
929,	2,	133.0,	239.537,			10.461,			1.072,			0.164
930,	1,	387.0,	239.818,			2.697,			0.167,			0.05
931,	1,	120.0,	239.889,			2.896,			0.266,			0.054
932,	2,	110.0,	240.24,			14.005,			1.239,			0.116
933,	1,	512.0,	240.974,			1.509,			0.235,			0.058
934,	1,	387.0,	241.506,			2.95,			0.241,			0.058
935,	1,	447.0,	241.541,			2.955,			0.195,			0.056
936,	1,	59.0,	242.354,			1.42,			0.248,			0.054
937,	2,	72.0,	242.619,			12.057,			1.484,			0.119
938,	1,	387.0,	242.993,			1.091,			0.235,			0.059
939,	2,	85.0,	243.125,			13.837,			1.104,			0.144
940,	1,	7.0,	243.563,			2.123,			0.103,			0.058
941,	2,	103.0,	244.048,			12.15,			1.417,			0.125
942,	2,	145.0,	244.902,			11.441,			1.284,			0.167
943,	1,	7.0,	245.351,			2.701,			0.17,			0.059
944,	1,	7.0,	246.006,			2.278,			0.226,			0.056
945,	1,	379.0,	246.018,			1.482,			0.169,			0.056
946,	2,	216.0,	246.539,			11.61,			1.273,			0.164
947,	2,	272.0,	247.401,			11.388,			1.038,			0.148
948,	2,	91.0,	248.084,			14.82,			1.114,			0.122
949,	1,	7.0,	249.196,			1.173,			0.195,			0.051
950,	2,	206.0,	251.084,			10.837,			1.22,			0.155
951,	1,	379.0,	253.029,			2.127,			0.14,			0.053
952,	1,	30.0,	254.528,			1.915,			0.157,			0.054
953,	2,	183.0,	255.165,			10.518,			1.21,			0.109
954,	1,	157.0,	255.405,			1.908,			0.267,			0.059
955,	2,	129.0,	259.408,			11.756,			1.437,			0.138
956,	2,	323.0,	259.471,			10.4,			1.218,			0.189
957,	1,	59.0,	259.951,			2.448,			0.146,			0.06
958,	1,	95.0,	261.517,			2.647,			0.168,			0.056
959,	1,	44.0,	263.195,			1.07,			0.281,			0.05
960,	1,	7.0,	263.213,			2.725,			0.294,			0.055
961,	2,	183.0,	263.86,			11.228,			1.025,			0.143
962,	1,	7.0,	264.233,			2.725,			0.105,			0.06
963,	1,	120.0,	264.854,			2.797,			0.185,			0.052
964,	2,	79.0,	265.51,			14.737,			1.426,			0.16
965,	2,	145.0,	266.128,			13.289,			1.224,			0.183
966,	2,	208.0,	267.006,			12.088,			1.401,			0.153
967,	2,	225.0,	267.674,			11.262,			1.401,			0.164
968,	2,	106.0,	267.947,			14.32,			1.326,			0.118
969,	2,	172.0,	268.007,			14.977,			1.05,			0.129
970,	1,	10.0,	268.152,			1.289,			0.131,			0.058
971,	1,	126.0,	270.236,			2.088,			0.263,			0.053
972,	2,	117.0,	271.439,			10.42,			1.374,			0.126
973,	1,	6.0,	272.902,			1.609,			0.253,			0.054
974,	1,	13.0,	273.403,			2.969,			0.251,			0.057
975,	2,	174.0,	274.194,			14.387,			1.211,			0.146
976,	2,	281.0,	274.243,			12.132,			1.44,			0.12
977,	2,	269.0,	277.194,			13.615,			1.124,			0.169
978,	2,	162.0,	277.426,			13.288,			1.059,			0.151
979,	2,	48.0,	277.502,			11.834,			1.0,			0.174
980,	2,	139.0,	277.645,			11.591,			1.431,			0.174
981,	2,	193.0,	279.41,			10.103,			1.468,			0.156
982,	2,	309.0,	279.421,			12.93,			1.027,			0.125
983,	2,	64.0,	279.533,			12.71,			1.239,			0.152
984,	2,	111.0,	280.212,			10.383,			1.025,			0.169
985,	1,	169.0,	282.049,			2.819,			0.193,			0.059
986,	1,	7.0,	284.533,			2.238,			0.283,			0.059
987,	1,	146.0,	285.048,			1.488,			0.183,			0.057
988,	2,	182.0,	286.734,			10.035,			1.45,			0.198
989,	2,	230.0,	287.913,			10.686,			1.453,			0.143
990,	2,	236.0,	288.019,			14.564,			1.133,			0.177
991,	1,	28.0,	289.03,			1.266,			0.124,			0.052
992,	1,	7.0,	290.737,			2.797,			0.256,			0.052
993,	2,	257.0,	291.604,			10.36,			1.261,			0.103
994,	2,	135.0,	292.033,			12.242,			1.231,			0.108
995,	1,	59.0,	292.196,			2.888,			0.18,			0.056
996,	2,	186.0,	292.263,			12.999,			1.438,			0.114
997,	2,	262.0,	293.283,			11.957,			1.409,			0.122
998,	2,	260.0,	294.401,			10.076,			1.176,			0.172
999,	2,	150.0,	295.515,			12.617,			1.05,			0.144
1000,	1,	13.0,	300.0,			1.833,			0.165,			0.05
