#, task_type_id, size, arrival_time,	execution_time_cpu,	execution_time_gpu,	execution_time_CLOUD
1,	2,	197.0,	3.012,			2.315,			0.094,			0.094,			2.304,			0.105,			0.051
2,	1,	7.0,	5.319,			1.468,			0.991,			0.991,			1.456,			0.969,			0.498
3,	1,	28.0,	7.033,			1.457,			0.964,			0.964,			1.463,			0.96,			0.501
4,	1,	10.0,	9.886,			1.467,			0.972,			0.972,			1.454,			0.973,			0.5
5,	1,	387.0,	11.427,			1.47,			0.953,			0.953,			1.477,			0.971,			0.5
6,	2,	167.0,	11.881,			2.304,			0.103,			0.103,			2.285,			0.105,			0.049
7,	1,	10.0,	12.437,			1.445,			0.968,			0.968,			1.448,			0.968,			0.5
8,	1,	13.0,	14.3,			1.468,			0.968,			0.968,			1.487,			0.963,			0.502
9,	1,	169.0,	15.052,			1.466,			0.983,			0.983,			1.469,			0.971,			0.499
10,	1,	16.0,	16.493,			1.451,			0.972,			0.972,			1.458,			0.972,			0.5
11,	1,	387.0,	17.963,			1.469,			0.961,			0.961,			1.458,			0.982,			0.499
12,	2,	152.0,	17.99,			2.303,			0.102,			0.102,			2.286,			0.097,			0.049
13,	1,	498.0,	19.018,			1.474,			0.965,			0.965,			1.454,			0.955,			0.499
14,	2,	50.0,	19.952,			2.302,			0.097,			0.097,			2.311,			0.093,			0.05
15,	1,	30.0,	20.629,			1.451,			0.982,			0.982,			1.457,			0.974,			0.499
16,	1,	10.0,	21.882,			1.481,			0.974,			0.974,			1.463,			0.975,			0.499
17,	2,	223.0,	21.979,			2.303,			0.108,			0.108,			2.306,			0.094,			0.049
18,	2,	127.0,	22.104,			2.287,			0.09,			0.09,			2.308,			0.105,			0.05
19,	1,	13.0,	22.84,			1.458,			0.968,			0.968,			1.457,			0.97,			0.501
20,	1,	214.0,	23.677,			1.441,			0.968,			0.968,			1.449,			0.969,			0.501
21,	2,	123.0,	24.391,			2.315,			0.086,			0.086,			2.295,			0.104,			0.049
22,	1,	126.0,	29.735,			1.479,			0.953,			0.953,			1.446,			0.969,			0.5
23,	1,	447.0,	30.693,			1.456,			0.973,			0.973,			1.446,			0.963,			0.5
24,	2,	133.0,	33.33,			2.298,			0.105,			0.105,			2.296,			0.095,			0.05
25,	2,	333.0,	33.569,			2.304,			0.098,			0.098,			2.314,			0.097,			0.051
26,	1,	30.0,	33.959,			1.466,			0.975,			0.975,			1.459,			0.958,			0.499
27,	2,	100.0,	34.488,			2.306,			0.103,			0.103,			2.306,			0.101,			0.05
28,	2,	246.0,	38.844,			2.291,			0.098,			0.098,			2.314,			0.098,			0.051
29,	2,	133.0,	40.021,			2.302,			0.103,			0.103,			2.296,			0.101,			0.05
30,	1,	28.0,	41.228,			1.462,			0.98,			0.98,			1.482,			0.992,			0.501
31,	1,	7.0,	43.694,			1.46,			0.961,			0.961,			1.468,			0.974,			0.499
32,	1,	13.0,	46.295,			1.468,			0.964,			0.964,			1.47,			0.979,			0.499
33,	1,	447.0,	46.355,			1.437,			0.953,			0.953,			1.459,			0.968,			0.5
34,	2,	128.0,	46.793,			2.28,			0.089,			0.089,			2.296,			0.099,			0.05
35,	2,	77.0,	47.015,			2.315,			0.101,			0.101,			2.307,			0.103,			0.051
36,	3,	230.2,	47.892,			5.489,			1.486,			1.486,			5.497,			1.507,			0.903
37,	3,	275.1,	47.893,			5.51,			1.503,			1.503,			5.499,			1.497,			0.894
38,	3,	227.0,	47.917,			5.498,			1.497,			1.497,			5.505,			1.513,			0.898
39,	3,	144.5,	47.941,			5.51,			1.489,			1.489,			5.494,			1.506,			0.902
40,	3,	248.5,	48.05,			5.487,			1.495,			1.495,			5.484,			1.502,			0.898
41,	3,	185.1,	48.107,			5.496,			1.488,			1.488,			5.489,			1.488,			0.893
42,	3,	443.0,	48.237,			5.505,			1.488,			1.488,			5.515,			1.51,			0.905
43,	3,	102.6,	48.269,			5.493,			1.502,			1.502,			5.507,			1.499,			0.903
44,	3,	435.4,	48.274,			5.501,			1.502,			1.502,			5.495,			1.496,			0.897
45,	3,	201.6,	48.318,			5.485,			1.515,			1.515,			5.512,			1.487,			0.9
46,	2,	303.0,	48.381,			2.302,			0.098,			0.098,			2.294,			0.102,			0.049
47,	3,	127.4,	48.426,			5.508,			1.501,			1.501,			5.484,			1.479,			0.895
48,	3,	620.7,	48.472,			5.504,			1.505,			1.505,			5.492,			1.491,			0.908
49,	3,	122.3,	48.604,			5.52,			1.514,			1.514,			5.496,			1.499,			0.907
50,	3,	290.7,	48.674,			5.497,			1.493,			1.493,			5.494,			1.487,			0.906
51,	3,	585.4,	48.773,			5.506,			1.497,			1.497,			5.49,			1.497,			0.888
52,	3,	157.9,	48.806,			5.502,			1.5,			1.5,			5.481,			1.514,			0.897
53,	3,	130.1,	48.818,			5.516,			1.512,			1.512,			5.496,			1.498,			0.906
54,	3,	117.9,	48.953,			5.519,			1.501,			1.501,			5.503,			1.492,			0.9
55,	3,	653.4,	49.008,			5.495,			1.488,			1.488,			5.484,			1.515,			0.904
56,	3,	582.3,	49.031,			5.487,			1.497,			1.497,			5.489,			1.502,			0.902
57,	3,	155.9,	49.042,			5.509,			1.514,			1.514,			5.498,			1.516,			0.906
58,	3,	59.9,	49.046,			5.497,			1.499,			1.499,			5.504,			1.503,			0.892
59,	1,	44.0,	49.092,			1.452,			0.967,			0.967,			1.479,			0.984,			0.5
60,	3,	288.4,	49.1,			5.503,			1.49,			1.49,			5.49,			1.494,			0.899
61,	3,	893.0,	49.111,			5.51,			1.485,			1.485,			5.497,			1.51,			0.903
62,	3,	277.1,	49.135,			5.484,			1.514,			1.514,			5.492,			1.495,			0.897
63,	3,	100.1,	49.217,			5.504,			1.485,			1.485,			5.487,			1.504,			0.892
64,	3,	331.3,	49.218,			5.495,			1.489,			1.489,			5.502,			1.509,			0.896
65,	3,	278.8,	49.25,			5.517,			1.499,			1.499,			5.497,			1.497,			0.905
66,	3,	624.8,	49.37,			5.511,			1.519,			1.519,			5.49,			1.506,			0.904
67,	3,	66.8,	49.397,			5.518,			1.493,			1.493,			5.495,			1.504,			0.897
68,	1,	7.0,	49.429,			1.461,			0.982,			0.982,			1.462,			0.971,			0.498
69,	3,	65.4,	49.493,			5.502,			1.499,			1.499,			5.485,			1.501,			0.9
70,	3,	229.1,	49.52,			5.528,			1.498,			1.498,			5.504,			1.502,			0.89
71,	3,	164.1,	49.665,			5.502,			1.49,			1.49,			5.496,			1.493,			0.901
72,	3,	321.2,	49.675,			5.515,			1.492,			1.492,			5.494,			1.497,			0.897
73,	3,	275.1,	49.787,			5.518,			1.51,			1.51,			5.508,			1.505,			0.911
74,	3,	184.1,	49.816,			5.502,			1.489,			1.489,			5.506,			1.519,			0.908
75,	3,	221.5,	49.846,			5.501,			1.486,			1.486,			5.494,			1.512,			0.902
76,	3,	92.6,	49.914,			5.486,			1.507,			1.507,			5.489,			1.511,			0.905
77,	3,	316.2,	49.926,			5.491,			1.488,			1.488,			5.515,			1.522,			0.892
78,	3,	87.0,	49.936,			5.501,			1.5,			1.5,			5.477,			1.514,			0.889
79,	3,	118.2,	49.964,			5.512,			1.485,			1.485,			5.511,			1.508,			0.898
80,	3,	193.8,	50.058,			5.507,			1.474,			1.474,			5.506,			1.506,			0.894
81,	3,	102.0,	50.085,			5.492,			1.507,			1.507,			5.502,			1.479,			0.899
82,	3,	364.1,	50.088,			5.502,			1.496,			1.496,			5.491,			1.497,			0.895
83,	3,	371.8,	50.119,			5.511,			1.507,			1.507,			5.484,			1.488,			0.898
84,	3,	205.2,	50.165,			5.498,			1.503,			1.503,			5.493,			1.492,			0.905
85,	3,	278.8,	50.169,			5.492,			1.492,			1.492,			5.491,			1.51,			0.899
86,	3,	472.3,	50.23,			5.509,			1.51,			1.51,			5.503,			1.489,			0.898
87,	1,	90.0,	50.237,			1.459,			0.985,			0.985,			1.467,			0.978,			0.501
88,	3,	102.6,	50.281,			5.502,			1.493,			1.493,			5.497,			1.497,			0.901
89,	3,	216.2,	50.327,			5.503,			1.508,			1.508,			5.521,			1.514,			0.905
90,	3,	469.8,	50.338,			5.507,			1.494,			1.494,			5.496,			1.499,			0.901
91,	3,	275.1,	50.499,			5.503,			1.496,			1.496,			5.507,			1.51,			0.892
92,	3,	198.5,	50.633,			5.527,			1.481,			1.481,			5.522,			1.518,			0.897
93,	3,	720.7,	50.848,			5.498,			1.497,			1.497,			5.505,			1.503,			0.902
94,	3,	74.1,	50.855,			5.496,			1.5,			1.5,			5.497,			1.498,			0.908
95,	3,	118.2,	51.014,			5.475,			1.5,			1.5,			5.506,			1.504,			0.9
96,	3,	163.5,	51.115,			5.498,			1.5,			1.5,			5.497,			1.505,			0.902
97,	3,	194.8,	51.179,			5.494,			1.498,			1.498,			5.512,			1.493,			0.897
98,	3,	171.5,	51.183,			5.496,			1.507,			1.507,			5.498,			1.51,			0.909
99,	3,	164.1,	51.266,			5.501,			1.5,			1.5,			5.501,			1.498,			0.903
100,	3,	290.7,	51.307,			5.491,			1.507,			1.507,			5.512,			1.493,			0.902
101,	3,	144.5,	51.312,			5.493,			1.496,			1.496,			5.497,			1.489,			0.891
102,	3,	79.9,	51.33,			5.504,			1.505,			1.505,			5.493,			1.501,			0.901
103,	3,	170.4,	51.37,			5.51,			1.495,			1.495,			5.496,			1.49,			0.909
104,	3,	373.7,	51.488,			5.501,			1.489,			1.489,			5.506,			1.513,			0.899
105,	3,	305.1,	51.518,			5.491,			1.507,			1.507,			5.496,			1.51,			0.897
106,	3,	492.6,	51.642,			5.497,			1.5,			1.5,			5.512,			1.52,			0.9
107,	3,	118.2,	51.653,			5.485,			1.483,			1.483,			5.499,			1.486,			0.898
108,	3,	938.8,	51.68,			5.503,			1.492,			1.492,			5.516,			1.504,			0.9
109,	3,	67.4,	51.717,			5.498,			1.498,			1.498,			5.473,			1.482,			0.903
110,	3,	328.7,	51.742,			5.497,			1.497,			1.497,			5.495,			1.502,			0.899
111,	3,	582.3,	51.765,			5.493,			1.499,			1.499,			5.488,			1.492,			0.898
112,	3,	176.8,	51.87,			5.501,			1.499,			1.499,			5.495,			1.496,			0.901
113,	3,	720.7,	51.891,			5.494,			1.498,			1.498,			5.501,			1.498,			0.902
114,	3,	231.3,	51.911,			5.498,			1.507,			1.507,			5.512,			1.505,			0.906
115,	3,	102.0,	51.937,			5.511,			1.491,			1.491,			5.483,			1.504,			0.906
116,	3,	306.8,	51.941,			5.499,			1.497,			1.497,			5.506,			1.484,			0.905
117,	3,	401.5,	51.961,			5.495,			1.516,			1.516,			5.486,			1.504,			0.901
118,	3,	219.1,	51.971,			5.503,			1.507,			1.507,			5.503,			1.5,			0.912
119,	3,	287.9,	52.139,			5.51,			1.504,			1.504,			5.496,			1.498,			0.901
120,	3,	206.3,	52.154,			5.487,			1.48,			1.48,			5.51,			1.49,			0.894
121,	3,	200.2,	52.181,			5.512,			1.517,			1.517,			5.505,			1.513,			0.898
122,	3,	150.7,	52.239,			5.505,			1.486,			1.486,			5.49,			1.512,			0.902
123,	3,	98.7,	52.258,			5.499,			1.503,			1.503,			5.495,			1.481,			0.902
124,	3,	74.1,	52.342,			5.501,			1.487,			1.487,			5.494,			1.521,			0.891
125,	3,	97.3,	52.351,			5.513,			1.508,			1.508,			5.507,			1.514,			0.895
126,	3,	118.2,	52.389,			5.508,			1.504,			1.504,			5.498,			1.522,			0.903
127,	3,	226.6,	52.419,			5.504,			1.484,			1.484,			5.526,			1.496,			0.903
128,	3,	160.7,	52.468,			5.491,			1.503,			1.503,			5.502,			1.496,			0.909
129,	3,	156.3,	52.577,			5.499,			1.501,			1.501,			5.502,			1.499,			0.892
130,	3,	143.2,	52.625,			5.521,			1.502,			1.502,			5.508,			1.515,			0.899
131,	3,	580.1,	52.663,			5.504,			1.504,			1.504,			5.497,			1.498,			0.906
132,	3,	180.5,	52.681,			5.491,			1.495,			1.495,			5.5,			1.505,			0.898
133,	3,	585.4,	52.687,			5.502,			1.508,			1.508,			5.505,			1.505,			0.905
134,	3,	171.0,	52.696,			5.511,			1.505,			1.505,			5.509,			1.498,			0.903
135,	3,	383.0,	52.719,			5.515,			1.511,			1.511,			5.507,			1.496,			0.903
136,	3,	401.5,	52.747,			5.499,			1.516,			1.516,			5.494,			1.497,			0.899
137,	3,	110.2,	52.803,			5.491,			1.504,			1.504,			5.505,			1.484,			0.899
138,	3,	213.0,	52.843,			5.502,			1.502,			1.502,			5.501,			1.497,			0.908
139,	1,	498.0,	52.871,			1.459,			0.969,			0.969,			1.451,			0.948,			0.499
140,	3,	492.6,	52.887,			5.506,			1.502,			1.502,			5.507,			1.497,			0.901
141,	1,	44.0,	53.148,			1.456,			0.971,			0.971,			1.457,			0.971,			0.5
142,	1,	44.0,	54.4,			1.464,			0.974,			0.974,			1.452,			0.968,			0.501
143,	1,	157.0,	55.769,			1.453,			0.974,			0.974,			1.466,			0.956,			0.5
144,	2,	171.0,	56.205,			2.295,			0.098,			0.098,			2.31,			0.104,			0.048
145,	2,	118.0,	60.35,			2.304,			0.091,			0.091,			2.295,			0.089,			0.05
146,	1,	7.0,	66.901,			1.449,			0.997,			0.997,			1.461,			0.965,			0.5
147,	1,	7.0,	67.383,			1.471,			0.977,			0.977,			1.45,			0.969,			0.5
148,	2,	291.0,	67.442,			2.297,			0.11,			0.11,			2.318,			0.093,			0.052
149,	2,	83.0,	67.93,			2.283,			0.108,			0.108,			2.293,			0.095,			0.049
150,	1,	44.0,	68.252,			1.45,			0.962,			0.962,			1.431,			0.967,			0.501
151,	1,	44.0,	69.366,			1.462,			0.95,			0.95,			1.466,			0.981,			0.5
152,	1,	95.0,	69.565,			1.451,			0.966,			0.966,			1.444,			0.969,			0.501
153,	1,	90.0,	70.155,			1.461,			0.966,			0.966,			1.455,			0.975,			0.5
154,	1,	6.0,	70.277,			1.444,			0.979,			0.979,			1.457,			0.968,			0.5
155,	1,	44.0,	70.296,			1.447,			0.967,			0.967,			1.456,			0.953,			0.502
156,	1,	387.0,	70.868,			1.445,			0.969,			0.969,			1.47,			0.988,			0.499
157,	2,	88.0,	71.148,			2.288,			0.101,			0.101,			2.286,			0.104,			0.052
158,	1,	95.0,	71.562,			1.452,			0.981,			0.981,			1.467,			0.956,			0.501
159,	1,	146.0,	75.693,			1.474,			0.977,			0.977,			1.458,			0.982,			0.498
160,	2,	127.0,	76.415,			2.325,			0.1,			0.1,			2.295,			0.102,			0.051
161,	1,	7.0,	76.708,			1.464,			0.98,			0.98,			1.468,			0.954,			0.498
162,	1,	44.0,	77.204,			1.449,			0.967,			0.967,			1.455,			0.966,			0.499
163,	2,	138.0,	79.364,			2.3,			0.099,			0.099,			2.317,			0.107,			0.05
164,	1,	59.0,	79.523,			1.45,			0.963,			0.963,			1.482,			0.973,			0.5
165,	1,	95.0,	82.234,			1.466,			0.989,			0.989,			1.443,			0.97,			0.5
166,	1,	44.0,	83.575,			1.451,			0.977,			0.977,			1.448,			0.967,			0.5
167,	1,	126.0,	84.807,			1.48,			0.964,			0.964,			1.456,			0.976,			0.498
168,	2,	151.0,	85.42,			2.303,			0.105,			0.105,			2.294,			0.1,			0.049
169,	2,	157.0,	85.461,			2.301,			0.103,			0.103,			2.322,			0.104,			0.05
170,	1,	157.0,	87.644,			1.47,			0.971,			0.971,			1.482,			0.961,			0.5
171,	1,	30.0,	89.551,			1.476,			0.968,			0.968,			1.445,			0.984,			0.499
172,	1,	90.0,	90.243,			1.468,			0.963,			0.963,			1.456,			0.973,			0.501
173,	1,	7.0,	93.401,			1.457,			0.952,			0.952,			1.45,			0.968,			0.5
174,	1,	126.0,	93.481,			1.464,			0.987,			0.987,			1.441,			0.973,			0.499
175,	1,	447.0,	93.931,			1.465,			0.973,			0.973,			1.463,			0.987,			0.499
176,	1,	512.0,	95.419,			1.458,			0.982,			0.982,			1.469,			0.968,			0.5
177,	1,	126.0,	96.04,			1.453,			0.983,			0.983,			1.461,			0.963,			0.499
178,	1,	120.0,	96.147,			1.453,			0.968,			0.968,			1.479,			0.966,			0.498
179,	1,	6.0,	97.864,			1.429,			0.98,			0.98,			1.469,			0.959,			0.501
180,	2,	170.0,	100.422,			2.297,			0.098,			0.098,			2.3,			0.095,			0.051
181,	2,	59.0,	105.866,			2.304,			0.107,			0.107,			2.286,			0.1,			0.05
182,	2,	129.0,	106.006,			2.292,			0.101,			0.101,			2.296,			0.103,			0.05
183,	1,	13.0,	109.396,			1.468,			0.985,			0.985,			1.458,			0.951,			0.502
184,	2,	256.0,	112.795,			2.303,			0.096,			0.096,			2.289,			0.096,			0.05
185,	2,	56.0,	112.887,			2.289,			0.092,			0.092,			2.293,			0.089,			0.051
186,	1,	120.0,	113.023,			1.462,			0.959,			0.959,			1.448,			0.965,			0.502
187,	2,	204.0,	113.215,			2.305,			0.106,			0.106,			2.303,			0.1,			0.05
188,	1,	16.0,	113.939,			1.45,			0.965,			0.965,			1.473,			0.982,			0.498
189,	1,	30.0,	115.429,			1.458,			0.969,			0.969,			1.47,			0.976,			0.5
190,	1,	6.0,	116.739,			1.458,			0.976,			0.976,			1.462,			0.997,			0.499
191,	1,	13.0,	117.953,			1.454,			0.956,			0.956,			1.457,			0.963,			0.5
192,	1,	28.0,	118.749,			1.477,			0.975,			0.975,			1.46,			0.969,			0.5
193,	1,	387.0,	122.774,			1.461,			0.966,			0.966,			1.444,			0.964,			0.5
194,	2,	108.0,	122.892,			2.295,			0.1,			0.1,			2.303,			0.103,			0.052
195,	1,	214.0,	123.736,			1.447,			0.983,			0.983,			1.471,			0.968,			0.501
196,	2,	290.0,	123.835,			2.301,			0.095,			0.095,			2.296,			0.095,			0.049
197,	1,	120.0,	126.207,			1.464,			0.982,			0.982,			1.456,			0.967,			0.5
198,	2,	257.0,	126.267,			2.313,			0.102,			0.102,			2.31,			0.093,			0.05
199,	2,	138.0,	126.57,			2.295,			0.099,			0.099,			2.313,			0.102,			0.051
200,	1,	7.0,	130.287,			1.469,			0.971,			0.971,			1.466,			0.975,			0.501
201,	2,	243.0,	132.071,			2.296,			0.101,			0.101,			2.303,			0.1,			0.049
202,	1,	512.0,	133.472,			1.482,			0.979,			0.979,			1.452,			0.97,			0.501
203,	1,	512.0,	136.778,			1.474,			0.972,			0.972,			1.447,			0.983,			0.501
204,	1,	512.0,	136.836,			1.457,			0.965,			0.965,			1.466,			0.987,			0.5
205,	1,	7.0,	137.642,			1.462,			0.972,			0.972,			1.469,			0.959,			0.5
206,	1,	95.0,	137.921,			1.445,			0.971,			0.971,			1.453,			0.968,			0.5
207,	1,	7.0,	139.553,			1.462,			0.975,			0.975,			1.453,			0.98,			0.502
208,	1,	49.0,	140.503,			1.457,			0.965,			0.965,			1.467,			0.965,			0.501
209,	2,	183.0,	140.625,			2.304,			0.099,			0.099,			2.296,			0.102,			0.048
210,	1,	512.0,	140.768,			1.462,			0.983,			0.983,			1.454,			0.964,			0.497
211,	2,	117.0,	142.522,			2.294,			0.091,			0.091,			2.296,			0.113,			0.05
212,	2,	90.0,	143.027,			2.314,			0.099,			0.099,			2.317,			0.101,			0.049
213,	1,	10.0,	148.131,			1.457,			0.971,			0.971,			1.464,			0.957,			0.5
214,	2,	124.0,	149.0,			2.304,			0.1,			0.1,			2.297,			0.088,			0.049
215,	1,	44.0,	149.362,			1.471,			0.986,			0.986,			1.456,			0.989,			0.499
216,	1,	512.0,	149.537,			1.447,			0.975,			0.975,			1.425,			0.978,			0.498
217,	1,	120.0,	151.331,			1.48,			0.961,			0.961,			1.478,			0.967,			0.499
218,	1,	169.0,	151.421,			1.452,			0.956,			0.956,			1.467,			0.968,			0.499
219,	1,	7.0,	151.537,			1.458,			0.968,			0.968,			1.461,			0.975,			0.5
220,	1,	7.0,	154.854,			1.46,			0.944,			0.944,			1.461,			0.965,			0.499
221,	2,	203.0,	155.455,			2.303,			0.089,			0.089,			2.307,			0.098,			0.05
222,	1,	44.0,	156.067,			1.453,			0.97,			0.97,			1.459,			0.979,			0.5
223,	1,	103.0,	157.984,			1.482,			0.947,			0.947,			1.453,			0.952,			0.499
224,	1,	146.0,	159.254,			1.457,			0.975,			0.975,			1.468,			0.959,			0.501
225,	1,	6.0,	160.435,			1.46,			0.969,			0.969,			1.464,			0.961,			0.501
226,	1,	498.0,	161.52,			1.46,			0.948,			0.948,			1.466,			0.962,			0.5
227,	1,	214.0,	165.01,			1.464,			0.976,			0.976,			1.464,			0.964,			0.499
228,	2,	95.0,	167.557,			2.305,			0.113,			0.113,			2.315,			0.099,			0.051
229,	1,	44.0,	168.715,			1.471,			0.96,			0.96,			1.469,			0.96,			0.499
230,	2,	102.0,	170.333,			2.289,			0.095,			0.095,			2.308,			0.101,			0.05
231,	1,	498.0,	170.864,			1.463,			0.962,			0.962,			1.463,			0.971,			0.498
232,	1,	6.0,	171.144,			1.454,			0.98,			0.98,			1.494,			0.974,			0.501
233,	2,	117.0,	171.45,			2.295,			0.096,			0.096,			2.294,			0.103,			0.051
234,	1,	214.0,	172.124,			1.458,			0.988,			0.988,			1.47,			0.968,			0.499
235,	1,	90.0,	173.244,			1.454,			0.976,			0.976,			1.456,			0.965,			0.499
236,	1,	126.0,	173.971,			1.437,			0.947,			0.947,			1.469,			0.981,			0.5
237,	1,	379.0,	174.767,			1.461,			0.995,			0.995,			1.451,			0.953,			0.5
238,	2,	152.0,	174.913,			2.302,			0.097,			0.097,			2.296,			0.1,			0.052
239,	2,	217.0,	175.369,			2.298,			0.091,			0.091,			2.316,			0.1,			0.049
240,	2,	205.0,	178.546,			2.304,			0.103,			0.103,			2.311,			0.094,			0.05
241,	1,	214.0,	183.032,			1.467,			0.987,			0.987,			1.458,			0.964,			0.5
242,	1,	214.0,	183.376,			1.475,			0.957,			0.957,			1.448,			0.971,			0.501
243,	2,	117.0,	184.48,			2.301,			0.096,			0.096,			2.306,			0.106,			0.05
244,	2,	65.0,	186.192,			2.314,			0.094,			0.094,			2.309,			0.096,			0.049
245,	1,	30.0,	186.268,			1.467,			0.978,			0.978,			1.462,			0.982,			0.502
246,	1,	28.0,	186.396,			1.457,			0.981,			0.981,			1.465,			0.974,			0.499
247,	2,	247.0,	186.459,			2.3,			0.111,			0.111,			2.279,			0.09,			0.05
248,	2,	257.0,	186.571,			2.292,			0.106,			0.106,			2.312,			0.095,			0.052
249,	1,	95.0,	187.627,			1.473,			0.972,			0.972,			1.468,			0.979,			0.5
250,	2,	201.0,	188.94,			2.322,			0.103,			0.103,			2.297,			0.1,			0.051
251,	1,	44.0,	189.483,			1.473,			0.973,			0.973,			1.456,			0.964,			0.501
252,	2,	134.0,	190.219,			2.303,			0.103,			0.103,			2.304,			0.107,			0.051
253,	2,	270.0,	190.575,			2.305,			0.104,			0.104,			2.294,			0.097,			0.051
254,	1,	7.0,	192.493,			1.446,			0.966,			0.966,			1.474,			0.961,			0.5
255,	2,	181.0,	194.559,			2.307,			0.091,			0.091,			2.295,			0.098,			0.05
256,	2,	129.0,	194.792,			2.31,			0.097,			0.097,			2.295,			0.1,			0.049
257,	2,	120.0,	196.569,			2.299,			0.099,			0.099,			2.293,			0.093,			0.05
258,	2,	163.0,	198.553,			2.303,			0.104,			0.104,			2.283,			0.095,			0.051
259,	1,	49.0,	198.621,			1.464,			0.983,			0.983,			1.464,			0.976,			0.499
260,	1,	16.0,	199.236,			1.463,			0.979,			0.979,			1.463,			0.983,			0.499
261,	1,	157.0,	201.515,			1.478,			0.984,			0.984,			1.456,			0.963,			0.498
262,	1,	498.0,	201.927,			1.455,			0.971,			0.971,			1.46,			0.977,			0.5
263,	1,	95.0,	203.905,			1.445,			0.971,			0.971,			1.45,			0.968,			0.499
264,	1,	59.0,	203.943,			1.463,			0.965,			0.965,			1.453,			0.965,			0.499
265,	2,	111.0,	203.949,			2.293,			0.098,			0.098,			2.307,			0.107,			0.051
266,	1,	447.0,	203.96,			1.459,			0.967,			0.967,			1.472,			0.962,			0.499
267,	1,	157.0,	204.292,			1.451,			0.971,			0.971,			1.457,			0.972,			0.501
268,	1,	7.0,	204.861,			1.46,			0.963,			0.963,			1.464,			0.97,			0.5
269,	2,	264.0,	205.609,			2.305,			0.1,			0.1,			2.309,			0.115,			0.05
270,	2,	138.0,	207.48,			2.291,			0.089,			0.089,			2.315,			0.106,			0.051
271,	1,	7.0,	210.259,			1.466,			0.987,			0.987,			1.464,			0.983,			0.499
272,	1,	157.0,	210.876,			1.465,			0.963,			0.963,			1.475,			0.968,			0.5
273,	2,	122.0,	211.097,			2.31,			0.095,			0.095,			2.294,			0.098,			0.05
274,	1,	7.0,	211.519,			1.482,			0.972,			0.972,			1.459,			0.969,			0.499
275,	2,	213.0,	214.252,			2.304,			0.104,			0.104,			2.31,			0.105,			0.05
276,	1,	13.0,	214.797,			1.448,			0.978,			0.978,			1.458,			0.975,			0.501
277,	1,	214.0,	215.125,			1.447,			0.986,			0.986,			1.465,			0.978,			0.5
278,	2,	112.0,	216.13,			2.303,			0.103,			0.103,			2.314,			0.096,			0.051
279,	2,	151.0,	218.926,			2.297,			0.098,			0.098,			2.297,			0.093,			0.049
280,	1,	6.0,	218.999,			1.455,			0.969,			0.969,			1.457,			0.956,			0.501
281,	2,	76.0,	224.718,			2.322,			0.095,			0.095,			2.312,			0.092,			0.05
282,	1,	7.0,	225.896,			1.446,			0.973,			0.973,			1.45,			0.961,			0.5
283,	2,	101.0,	226.271,			2.294,			0.093,			0.093,			2.304,			0.117,			0.05
284,	1,	28.0,	227.299,			1.458,			0.959,			0.959,			1.458,			0.973,			0.5
285,	2,	480.0,	228.092,			2.317,			0.092,			0.092,			2.301,			0.107,			0.049
286,	2,	166.0,	228.952,			2.293,			0.102,			0.102,			2.293,			0.11,			0.051
287,	1,	10.0,	229.3,			1.455,			0.964,			0.964,			1.456,			0.971,			0.499
288,	2,	254.0,	229.526,			2.3,			0.1,			0.1,			2.292,			0.089,			0.049
289,	2,	91.0,	230.155,			2.303,			0.103,			0.103,			2.308,			0.101,			0.05
290,	2,	178.0,	231.038,			2.303,			0.101,			0.101,			2.293,			0.106,			0.052
291,	2,	111.0,	233.285,			2.311,			0.102,			0.102,			2.312,			0.103,			0.049
292,	1,	59.0,	234.552,			1.451,			0.986,			0.986,			1.44,			0.967,			0.5
293,	1,	387.0,	234.645,			1.459,			0.964,			0.964,			1.475,			0.959,			0.5
294,	2,	96.0,	235.33,			2.297,			0.092,			0.092,			2.291,			0.095,			0.049
295,	1,	90.0,	238.734,			1.466,			0.985,			0.985,			1.467,			0.981,			0.5
296,	2,	81.0,	240.152,			2.315,			0.092,			0.092,			2.316,			0.086,			0.049
297,	2,	176.0,	241.345,			2.307,			0.093,			0.093,			2.311,			0.1,			0.052
298,	1,	44.0,	241.482,			1.459,			0.971,			0.971,			1.466,			0.96,			0.499
299,	1,	95.0,	242.107,			1.459,			0.972,			0.972,			1.457,			0.981,			0.499
300,	1,	120.0,	243.209,			1.464,			0.971,			0.971,			1.468,			0.975,			0.502
301,	2,	121.0,	245.104,			2.302,			0.115,			0.115,			2.289,			0.11,			0.05
302,	1,	157.0,	247.246,			1.444,			0.959,			0.959,			1.447,			0.971,			0.499
303,	2,	106.0,	247.447,			2.293,			0.09,			0.09,			2.297,			0.095,			0.049
304,	1,	157.0,	248.019,			1.458,			0.969,			0.969,			1.464,			0.983,			0.502
305,	1,	6.0,	248.557,			1.457,			0.965,			0.965,			1.48,			0.963,			0.499
306,	2,	186.0,	248.572,			2.309,			0.095,			0.095,			2.308,			0.091,			0.051
307,	2,	173.0,	249.011,			2.296,			0.1,			0.1,			2.298,			0.102,			0.051
308,	1,	49.0,	251.61,			1.447,			0.974,			0.974,			1.457,			0.978,			0.501
309,	1,	157.0,	251.701,			1.466,			0.981,			0.981,			1.449,			0.971,			0.501
310,	1,	44.0,	252.213,			1.443,			0.971,			0.971,			1.471,			0.975,			0.498
311,	2,	110.0,	254.317,			2.307,			0.102,			0.102,			2.302,			0.11,			0.052
312,	2,	136.0,	257.178,			2.302,			0.098,			0.098,			2.301,			0.098,			0.05
313,	1,	44.0,	260.055,			1.473,			0.974,			0.974,			1.468,			0.979,			0.5
314,	1,	7.0,	261.93,			1.449,			0.971,			0.971,			1.464,			0.979,			0.499
315,	2,	89.0,	263.396,			2.311,			0.105,			0.105,			2.31,			0.097,			0.05
316,	1,	30.0,	264.659,			1.474,			0.959,			0.959,			1.47,			0.979,			0.501
317,	1,	95.0,	266.281,			1.454,			0.956,			0.956,			1.48,			0.965,			0.5
318,	1,	169.0,	267.047,			1.461,			0.965,			0.965,			1.459,			0.981,			0.5
319,	2,	164.0,	268.434,			2.304,			0.105,			0.105,			2.301,			0.095,			0.05
320,	1,	44.0,	270.905,			1.445,			0.965,			0.965,			1.458,			0.985,			0.5
321,	2,	189.0,	272.049,			2.295,			0.098,			0.098,			2.309,			0.1,			0.05
322,	1,	387.0,	272.196,			1.46,			0.969,			0.969,			1.451,			0.978,			0.5
323,	2,	187.0,	273.414,			2.292,			0.099,			0.099,			2.294,			0.09,			0.051
324,	1,	559.0,	273.949,			1.438,			0.975,			0.975,			1.466,			0.982,			0.499
325,	1,	16.0,	275.517,			1.444,			0.982,			0.982,			1.449,			0.969,			0.499
326,	1,	512.0,	275.801,			1.464,			0.958,			0.958,			1.457,			0.973,			0.5
327,	1,	44.0,	280.848,			1.465,			0.977,			0.977,			1.474,			0.964,			0.5
328,	1,	6.0,	280.911,			1.455,			0.98,			0.98,			1.447,			0.967,			0.5
329,	1,	387.0,	281.144,			1.457,			0.97,			0.97,			1.468,			0.97,			0.5
330,	2,	63.0,	281.754,			2.288,			0.105,			0.105,			2.282,			0.096,			0.05
331,	2,	349.0,	283.02,			2.298,			0.095,			0.095,			2.294,			0.096,			0.049
332,	1,	44.0,	283.583,			1.471,			0.965,			0.965,			1.462,			0.971,			0.5
333,	1,	169.0,	286.125,			1.467,			0.968,			0.968,			1.473,			0.963,			0.499
334,	2,	211.0,	291.332,			2.295,			0.095,			0.095,			2.295,			0.099,			0.05
335,	1,	7.0,	292.439,			1.474,			0.956,			0.956,			1.459,			0.975,			0.498
336,	1,	30.0,	292.897,			1.443,			0.971,			0.971,			1.471,			0.987,			0.499
337,	1,	7.0,	293.436,			1.468,			0.961,			0.961,			1.446,			0.967,			0.499
338,	1,	13.0,	295.095,			1.453,			0.967,			0.967,			1.454,			0.967,			0.5
339,	1,	120.0,	295.716,			1.468,			0.971,			0.971,			1.452,			0.959,			0.5
340,	1,	49.0,	296.978,			1.456,			0.967,			0.967,			1.473,			0.96,			0.501
341,	1,	95.0,	301.102,			1.446,			0.957,			0.957,			1.441,			0.963,			0.499
342,	2,	172.0,	301.753,			2.292,			0.098,			0.098,			2.317,			0.103,			0.051
343,	1,	90.0,	301.882,			1.487,			0.977,			0.977,			1.456,			0.965,			0.498
344,	2,	185.0,	302.332,			2.288,			0.094,			0.094,			2.301,			0.093,			0.05
345,	1,	6.0,	305.109,			1.458,			0.961,			0.961,			1.468,			0.959,			0.499
346,	1,	498.0,	305.835,			1.464,			0.976,			0.976,			1.471,			0.953,			0.5
347,	1,	447.0,	308.332,			1.463,			0.979,			0.979,			1.464,			0.976,			0.5
348,	2,	275.0,	309.692,			2.304,			0.102,			0.102,			2.307,			0.097,			0.049
349,	1,	7.0,	311.006,			1.452,			0.966,			0.966,			1.464,			0.974,			0.501
350,	2,	139.0,	311.535,			2.307,			0.104,			0.104,			2.309,			0.104,			0.049
351,	2,	210.0,	311.85,			2.297,			0.106,			0.106,			2.291,			0.106,			0.051
352,	1,	512.0,	312.614,			1.466,			0.979,			0.979,			1.475,			0.97,			0.499
353,	1,	447.0,	313.719,			1.46,			0.96,			0.96,			1.454,			0.955,			0.504
354,	2,	198.0,	314.617,			2.294,			0.098,			0.098,			2.286,			0.101,			0.049
355,	2,	126.0,	315.463,			2.325,			0.103,			0.103,			2.311,			0.103,			0.049
356,	2,	207.0,	315.786,			2.302,			0.107,			0.107,			2.291,			0.103,			0.05
357,	2,	126.0,	317.224,			2.305,			0.106,			0.106,			2.305,			0.098,			0.05
358,	1,	30.0,	317.457,			1.466,			0.979,			0.979,			1.446,			0.965,			0.5
359,	1,	7.0,	318.265,			1.469,			0.947,			0.947,			1.45,			0.963,			0.501
360,	1,	44.0,	319.665,			1.467,			0.97,			0.97,			1.453,			0.984,			0.499
361,	2,	139.0,	320.372,			2.297,			0.099,			0.099,			2.289,			0.093,			0.051
362,	1,	126.0,	323.547,			1.457,			0.972,			0.972,			1.463,			0.981,			0.5
363,	1,	103.0,	323.677,			1.453,			0.981,			0.981,			1.454,			0.961,			0.498
364,	1,	169.0,	324.87,			1.455,			0.971,			0.971,			1.463,			0.976,			0.498
365,	2,	94.0,	328.704,			2.306,			0.101,			0.101,			2.292,			0.093,			0.049
366,	2,	296.0,	332.558,			2.293,			0.097,			0.097,			2.312,			0.106,			0.049
367,	1,	447.0,	333.55,			1.461,			0.965,			0.965,			1.446,			0.97,			0.501
368,	1,	498.0,	339.162,			1.454,			0.977,			0.977,			1.446,			0.98,			0.5
369,	1,	10.0,	340.239,			1.474,			0.969,			0.969,			1.468,			0.966,			0.5
370,	1,	44.0,	340.5,			1.461,			0.973,			0.973,			1.439,			0.963,			0.5
371,	2,	184.0,	341.239,			2.314,			0.099,			0.099,			2.298,			0.095,			0.05
372,	1,	90.0,	341.733,			1.476,			0.963,			0.963,			1.465,			0.982,			0.499
373,	2,	179.0,	344.089,			2.287,			0.099,			0.099,			2.286,			0.102,			0.049
374,	1,	387.0,	348.999,			1.452,			0.965,			0.965,			1.44,			0.965,			0.502
375,	1,	169.0,	350.124,			1.467,			0.974,			0.974,			1.46,			0.981,			0.499
376,	1,	95.0,	350.702,			1.442,			0.965,			0.965,			1.451,			0.963,			0.499
377,	1,	95.0,	351.268,			1.442,			0.964,			0.964,			1.447,			0.974,			0.501
378,	2,	296.0,	352.174,			2.3,			0.097,			0.097,			2.311,			0.092,			0.05
379,	2,	150.0,	353.76,			2.304,			0.096,			0.096,			2.313,			0.091,			0.049
380,	2,	191.0,	355.969,			2.29,			0.108,			0.108,			2.311,			0.106,			0.05
381,	1,	379.0,	357.109,			1.449,			0.973,			0.973,			1.464,			0.954,			0.497
382,	1,	447.0,	357.805,			1.465,			0.971,			0.971,			1.463,			0.983,			0.5
383,	2,	177.0,	358.601,			2.306,			0.091,			0.091,			2.313,			0.104,			0.05
384,	1,	7.0,	363.855,			1.455,			0.983,			0.983,			1.46,			0.971,			0.5
385,	1,	30.0,	363.96,			1.45,			0.964,			0.964,			1.456,			0.957,			0.499
386,	1,	387.0,	370.354,			1.458,			0.973,			0.973,			1.472,			0.976,			0.499
387,	1,	13.0,	370.803,			1.463,			0.966,			0.966,			1.447,			0.976,			0.5
388,	1,	559.0,	371.937,			1.476,			0.979,			0.979,			1.466,			0.981,			0.5
389,	1,	59.0,	372.473,			1.458,			0.953,			0.953,			1.461,			0.967,			0.499
390,	1,	30.0,	372.944,			1.462,			0.973,			0.973,			1.453,			0.968,			0.502
391,	2,	175.0,	373.932,			2.316,			0.105,			0.105,			2.317,			0.101,			0.05
392,	1,	6.0,	375.688,			1.445,			0.969,			0.969,			1.458,			0.972,			0.5
393,	1,	7.0,	377.172,			1.463,			0.977,			0.977,			1.472,			0.973,			0.5
394,	1,	30.0,	378.334,			1.464,			0.984,			0.984,			1.478,			0.994,			0.5
395,	1,	146.0,	379.259,			1.456,			0.963,			0.963,			1.461,			0.96,			0.499
396,	1,	6.0,	379.613,			1.446,			0.979,			0.979,			1.457,			0.955,			0.5
397,	1,	28.0,	381.71,			1.452,			0.965,			0.965,			1.463,			0.989,			0.5
398,	1,	49.0,	381.923,			1.455,			0.969,			0.969,			1.457,			0.979,			0.498
399,	1,	28.0,	382.693,			1.474,			0.951,			0.951,			1.468,			0.97,			0.501
400,	2,	226.0,	384.559,			2.283,			0.098,			0.098,			2.291,			0.108,			0.05
401,	2,	95.0,	385.689,			2.31,			0.108,			0.108,			2.298,			0.106,			0.049
402,	1,	16.0,	386.106,			1.449,			0.963,			0.963,			1.464,			0.984,			0.499
403,	1,	387.0,	386.963,			1.469,			0.963,			0.963,			1.458,			0.97,			0.499
404,	2,	77.0,	387.344,			2.316,			0.099,			0.099,			2.302,			0.099,			0.05
405,	2,	70.0,	388.564,			2.294,			0.094,			0.094,			2.293,			0.1,			0.049
406,	1,	103.0,	388.951,			1.463,			0.968,			0.968,			1.47,			0.979,			0.5
407,	1,	169.0,	389.397,			1.44,			0.962,			0.962,			1.444,			0.983,			0.5
408,	1,	120.0,	390.516,			1.465,			0.965,			0.965,			1.454,			0.975,			0.501
409,	2,	168.0,	393.086,			2.292,			0.089,			0.089,			2.291,			0.1,			0.05
410,	1,	7.0,	393.9,			1.453,			0.97,			0.97,			1.439,			0.971,			0.5
411,	1,	387.0,	395.616,			1.443,			0.965,			0.965,			1.462,			0.967,			0.498
412,	1,	6.0,	395.783,			1.464,			0.983,			0.983,			1.448,			0.977,			0.498
413,	1,	214.0,	395.867,			1.468,			0.964,			0.964,			1.457,			0.974,			0.5
414,	1,	379.0,	396.449,			1.438,			0.978,			0.978,			1.446,			0.978,			0.5
415,	1,	7.0,	396.782,			1.449,			0.968,			0.968,			1.457,			0.958,			0.501
416,	1,	6.0,	398.287,			1.45,			0.964,			0.964,			1.463,			0.978,			0.501
417,	1,	7.0,	398.784,			1.452,			0.947,			0.947,			1.45,			0.965,			0.499
418,	1,	49.0,	401.12,			1.461,			0.968,			0.968,			1.472,			0.966,			0.499
419,	1,	59.0,	402.678,			1.457,			0.961,			0.961,			1.459,			0.965,			0.501
420,	1,	16.0,	402.889,			1.458,			0.977,			0.977,			1.467,			0.978,			0.497
421,	1,	214.0,	403.11,			1.451,			0.968,			0.968,			1.465,			0.957,			0.498
422,	1,	59.0,	403.23,			1.457,			0.971,			0.971,			1.455,			0.978,			0.499
423,	2,	114.0,	405.82,			2.294,			0.094,			0.094,			2.315,			0.103,			0.049
424,	1,	59.0,	407.483,			1.462,			0.958,			0.958,			1.466,			0.964,			0.499
425,	1,	103.0,	407.818,			1.453,			0.948,			0.948,			1.457,			0.968,			0.5
426,	2,	179.0,	408.692,			2.3,			0.11,			0.11,			2.306,			0.101,			0.049
427,	2,	236.0,	409.058,			2.292,			0.105,			0.105,			2.311,			0.098,			0.049
428,	2,	134.0,	409.632,			2.312,			0.099,			0.099,			2.302,			0.098,			0.05
429,	2,	20.0,	410.529,			2.291,			0.108,			0.108,			2.289,			0.092,			0.048
430,	1,	13.0,	411.225,			1.47,			0.971,			0.971,			1.459,			0.965,			0.499
431,	1,	169.0,	411.821,			1.466,			0.976,			0.976,			1.475,			0.973,			0.5
432,	1,	28.0,	413.415,			1.441,			0.975,			0.975,			1.464,			0.977,			0.5
433,	1,	7.0,	413.793,			1.471,			0.972,			0.972,			1.473,			0.963,			0.499
434,	2,	90.0,	415.068,			2.299,			0.097,			0.097,			2.296,			0.103,			0.049
435,	1,	16.0,	415.318,			1.465,			0.949,			0.949,			1.457,			0.964,			0.5
436,	1,	559.0,	417.635,			1.453,			0.979,			0.979,			1.456,			0.974,			0.5
437,	1,	13.0,	418.009,			1.464,			0.975,			0.975,			1.463,			0.966,			0.498
438,	1,	447.0,	419.255,			1.459,			0.989,			0.989,			1.46,			0.965,			0.5
439,	1,	59.0,	421.796,			1.453,			0.973,			0.973,			1.473,			0.952,			0.499
440,	2,	242.0,	422.553,			2.314,			0.1,			0.1,			2.309,			0.093,			0.048
441,	2,	287.0,	422.735,			2.309,			0.107,			0.107,			2.304,			0.1,			0.051
442,	2,	145.0,	423.859,			2.309,			0.097,			0.097,			2.3,			0.096,			0.05
443,	2,	190.0,	424.632,			2.299,			0.105,			0.105,			2.298,			0.099,			0.05
444,	2,	92.0,	425.319,			2.304,			0.104,			0.104,			2.299,			0.091,			0.05
445,	1,	498.0,	426.252,			1.463,			0.954,			0.954,			1.451,			0.989,			0.5
446,	2,	210.0,	428.393,			2.305,			0.094,			0.094,			2.307,			0.103,			0.05
447,	1,	7.0,	432.208,			1.44,			0.997,			0.997,			1.464,			0.973,			0.499
448,	1,	512.0,	432.434,			1.45,			0.968,			0.968,			1.449,			0.98,			0.5
449,	2,	135.0,	433.662,			2.303,			0.092,			0.092,			2.317,			0.105,			0.05
450,	2,	86.0,	434.48,			2.309,			0.108,			0.108,			2.288,			0.094,			0.052
451,	1,	13.0,	434.52,			1.466,			0.961,			0.961,			1.477,			0.983,			0.499
452,	1,	7.0,	436.557,			1.45,			0.968,			0.968,			1.464,			0.981,			0.501
453,	2,	215.0,	439.216,			2.309,			0.111,			0.111,			2.309,			0.095,			0.051
454,	2,	247.0,	439.576,			2.319,			0.099,			0.099,			2.305,			0.104,			0.05
455,	2,	181.0,	440.459,			2.303,			0.099,			0.099,			2.3,			0.107,			0.051
456,	2,	111.0,	442.505,			2.276,			0.097,			0.097,			2.293,			0.102,			0.05
457,	1,	146.0,	443.85,			1.46,			0.984,			0.984,			1.458,			0.98,			0.499
458,	1,	7.0,	445.563,			1.457,			0.96,			0.96,			1.452,			0.962,			0.502
459,	2,	127.0,	447.266,			2.292,			0.102,			0.102,			2.308,			0.1,			0.049
460,	2,	148.0,	448.762,			2.306,			0.096,			0.096,			2.315,			0.106,			0.051
461,	1,	13.0,	449.939,			1.464,			0.961,			0.961,			1.447,			0.957,			0.501
462,	1,	44.0,	450.409,			1.464,			0.979,			0.979,			1.458,			0.975,			0.499
463,	2,	260.0,	454.089,			2.286,			0.095,			0.095,			2.307,			0.094,			0.05
464,	2,	138.0,	455.903,			2.303,			0.091,			0.091,			2.311,			0.109,			0.05
465,	2,	197.0,	457.315,			2.299,			0.095,			0.095,			2.294,			0.109,			0.05
466,	1,	90.0,	459.807,			1.472,			0.98,			0.98,			1.459,			0.978,			0.5
467,	2,	192.0,	460.901,			2.3,			0.099,			0.099,			2.292,			0.092,			0.049
468,	1,	169.0,	461.193,			1.472,			0.958,			0.958,			1.467,			0.974,			0.499
469,	2,	70.0,	461.512,			2.321,			0.106,			0.106,			2.29,			0.108,			0.049
470,	1,	6.0,	462.728,			1.461,			0.978,			0.978,			1.475,			0.969,			0.498
471,	1,	214.0,	463.718,			1.431,			0.965,			0.965,			1.459,			0.972,			0.5
472,	1,	7.0,	463.905,			1.474,			0.957,			0.957,			1.465,			0.983,			0.501
473,	1,	103.0,	465.398,			1.463,			0.958,			0.958,			1.457,			0.964,			0.501
474,	2,	189.0,	466.008,			2.294,			0.104,			0.104,			2.29,			0.102,			0.049
475,	2,	104.0,	468.384,			2.297,			0.094,			0.094,			2.297,			0.107,			0.05
476,	2,	162.0,	469.149,			2.295,			0.102,			0.102,			2.285,			0.105,			0.05
477,	2,	183.0,	472.493,			2.293,			0.108,			0.108,			2.302,			0.092,			0.052
478,	1,	95.0,	473.872,			1.448,			0.98,			0.98,			1.47,			0.976,			0.501
479,	2,	156.0,	473.935,			2.288,			0.103,			0.103,			2.315,			0.105,			0.051
480,	1,	90.0,	476.249,			1.462,			0.955,			0.955,			1.458,			0.974,			0.498
481,	2,	149.0,	476.689,			2.283,			0.1,			0.1,			2.294,			0.102,			0.049
482,	1,	28.0,	478.752,			1.477,			0.953,			0.953,			1.466,			0.972,			0.499
483,	2,	138.0,	478.86,			2.306,			0.1,			0.1,			2.296,			0.096,			0.049
484,	1,	120.0,	479.766,			1.45,			0.969,			0.969,			1.477,			0.959,			0.5
485,	2,	190.0,	481.574,			2.293,			0.106,			0.106,			2.322,			0.092,			0.051
486,	2,	126.0,	483.515,			2.299,			0.104,			0.104,			2.325,			0.103,			0.05
487,	2,	41.0,	484.714,			2.309,			0.102,			0.102,			2.292,			0.098,			0.052
488,	1,	28.0,	484.959,			1.486,			0.981,			0.981,			1.463,			0.974,			0.5
489,	1,	44.0,	485.794,			1.462,			0.963,			0.963,			1.445,			0.965,			0.499
490,	2,	262.0,	486.398,			2.302,			0.095,			0.095,			2.286,			0.105,			0.05
491,	2,	176.0,	486.693,			2.291,			0.098,			0.098,			2.315,			0.101,			0.049
492,	1,	10.0,	489.092,			1.452,			0.971,			0.971,			1.468,			0.983,			0.502
493,	1,	90.0,	492.106,			1.458,			0.981,			0.981,			1.475,			0.974,			0.501
494,	1,	447.0,	493.401,			1.454,			0.956,			0.956,			1.462,			0.976,			0.499
495,	1,	512.0,	495.86,			1.45,			0.959,			0.959,			1.444,			0.954,			0.501
496,	1,	214.0,	497.219,			1.452,			0.969,			0.969,			1.46,			0.976,			0.5
497,	2,	172.0,	497.339,			2.293,			0.095,			0.095,			2.294,			0.103,			0.051
498,	1,	44.0,	498.563,			1.471,			0.97,			0.97,			1.464,			0.985,			0.501
499,	1,	30.0,	499.224,			1.457,			0.97,			0.97,			1.452,			0.969,			0.502
500,	1,	16.0,	499.925,			1.448,			0.967,			0.967,			1.44,			0.971,			0.5
