#, task_type_id, size, arrival_time,	execution_time_cpu,	execution_time_gpu,	execution_time_CLOUD
1,	2,	204.0,	0.276,			2.3,			0.094,			0.094,			2.307,			0.103,			0.051
2,	2,	228.0,	0.304,			2.308,			0.09,			0.09,			2.304,			0.109,			0.049
3,	2,	172.0,	1.501,			2.284,			0.092,			0.092,			2.313,			0.107,			0.049
4,	2,	207.0,	5.074,			2.303,			0.103,			0.103,			2.297,			0.1,			0.052
5,	2,	100.0,	10.294,			2.305,			0.099,			0.099,			2.287,			0.098,			0.05
6,	2,	160.0,	14.08,			2.314,			0.104,			0.104,			2.293,			0.093,			0.049
7,	2,	127.0,	14.918,			2.295,			0.103,			0.103,			2.289,			0.107,			0.053
8,	2,	134.0,	15.446,			2.301,			0.094,			0.094,			2.302,			0.093,			0.05
9,	2,	84.0,	16.009,			2.295,			0.099,			0.099,			2.298,			0.097,			0.049
10,	2,	178.0,	18.404,			2.313,			0.1,			0.1,			2.303,			0.1,			0.05
11,	2,	115.0,	18.862,			2.305,			0.096,			0.096,			2.29,			0.096,			0.048
12,	1,	146.0,	19.523,			1.441,			1.003,			1.003,			1.449,			0.955,			0.5
13,	2,	137.0,	20.844,			2.307,			0.096,			0.096,			2.313,			0.096,			0.05
14,	2,	129.0,	21.389,			2.302,			0.097,			0.097,			2.295,			0.103,			0.051
15,	1,	28.0,	23.83,			1.463,			0.959,			0.959,			1.459,			0.987,			0.5
16,	2,	102.0,	29.365,			2.298,			0.1,			0.1,			2.29,			0.095,			0.049
17,	2,	226.0,	31.226,			2.31,			0.103,			0.103,			2.308,			0.1,			0.052
18,	2,	144.0,	34.557,			2.305,			0.095,			0.095,			2.309,			0.1,			0.05
19,	1,	498.0,	35.087,			1.467,			0.979,			0.979,			1.466,			0.972,			0.501
20,	1,	379.0,	35.583,			1.464,			0.984,			0.984,			1.462,			0.983,			0.5
21,	2,	156.0,	35.679,			2.302,			0.103,			0.103,			2.302,			0.097,			0.05
22,	2,	100.0,	36.332,			2.299,			0.097,			0.097,			2.288,			0.101,			0.051
23,	2,	176.0,	44.679,			2.308,			0.104,			0.104,			2.291,			0.097,			0.051
24,	2,	137.0,	48.719,			2.307,			0.106,			0.106,			2.276,			0.094,			0.05
25,	1,	13.0,	51.514,			1.448,			0.972,			0.972,			1.444,			0.967,			0.501
26,	2,	89.0,	52.525,			2.3,			0.086,			0.086,			2.292,			0.096,			0.05
27,	2,	67.0,	54.285,			2.309,			0.113,			0.113,			2.307,			0.098,			0.049
28,	2,	266.0,	55.047,			2.323,			0.099,			0.099,			2.307,			0.095,			0.051
29,	2,	90.0,	55.078,			2.292,			0.102,			0.102,			2.301,			0.098,			0.049
30,	2,	149.0,	55.228,			2.291,			0.093,			0.093,			2.301,			0.098,			0.051
31,	2,	36.0,	56.378,			2.289,			0.095,			0.095,			2.286,			0.098,			0.049
32,	2,	126.0,	57.885,			2.306,			0.108,			0.108,			2.312,			0.107,			0.05
33,	2,	146.0,	58.142,			2.304,			0.111,			0.111,			2.302,			0.1,			0.05
34,	2,	192.0,	58.471,			2.304,			0.095,			0.095,			2.301,			0.096,			0.051
35,	2,	97.0,	59.692,			2.287,			0.099,			0.099,			2.303,			0.107,			0.051
36,	2,	223.0,	61.273,			2.294,			0.096,			0.096,			2.305,			0.094,			0.052
37,	1,	7.0,	61.649,			1.471,			0.959,			0.959,			1.431,			0.994,			0.5
38,	2,	147.0,	63.453,			2.297,			0.095,			0.095,			2.294,			0.102,			0.05
39,	1,	512.0,	64.958,			1.437,			0.977,			0.977,			1.464,			0.98,			0.501
40,	2,	61.0,	67.273,			2.308,			0.11,			0.11,			2.292,			0.094,			0.049
41,	1,	120.0,	67.553,			1.461,			0.958,			0.958,			1.47,			0.969,			0.5
42,	2,	114.0,	69.334,			2.3,			0.11,			0.11,			2.308,			0.114,			0.051
43,	2,	206.0,	70.798,			2.297,			0.098,			0.098,			2.294,			0.102,			0.051
44,	1,	387.0,	71.241,			1.444,			0.965,			0.965,			1.471,			0.967,			0.499
45,	1,	512.0,	74.732,			1.469,			0.959,			0.959,			1.488,			0.979,			0.499
46,	2,	245.0,	75.591,			2.312,			0.096,			0.096,			2.301,			0.092,			0.052
47,	2,	211.0,	75.666,			2.297,			0.101,			0.101,			2.321,			0.107,			0.05
48,	2,	93.0,	76.166,			2.285,			0.098,			0.098,			2.306,			0.106,			0.05
49,	2,	116.0,	77.328,			2.293,			0.096,			0.096,			2.278,			0.103,			0.05
50,	2,	157.0,	78.035,			2.296,			0.112,			0.112,			2.302,			0.1,			0.049
51,	2,	92.0,	80.185,			2.297,			0.097,			0.097,			2.294,			0.098,			0.049
52,	2,	154.0,	80.743,			2.303,			0.092,			0.092,			2.303,			0.096,			0.051
53,	2,	179.0,	81.258,			2.296,			0.103,			0.103,			2.291,			0.096,			0.048
54,	2,	171.0,	81.799,			2.297,			0.1,			0.1,			2.307,			0.095,			0.05
55,	2,	197.0,	81.902,			2.289,			0.101,			0.101,			2.298,			0.095,			0.052
56,	1,	6.0,	82.606,			1.46,			0.978,			0.978,			1.456,			0.971,			0.499
57,	1,	7.0,	82.773,			1.468,			0.959,			0.959,			1.453,			0.983,			0.501
58,	2,	131.0,	83.003,			2.279,			0.1,			0.1,			2.301,			0.092,			0.05
59,	1,	6.0,	87.264,			1.452,			0.982,			0.982,			1.456,			0.97,			0.5
60,	2,	236.0,	88.146,			2.3,			0.107,			0.107,			2.298,			0.1,			0.05
61,	2,	149.0,	89.931,			2.305,			0.099,			0.099,			2.307,			0.105,			0.05
62,	2,	271.0,	90.562,			2.299,			0.107,			0.107,			2.305,			0.101,			0.051
63,	1,	512.0,	91.681,			1.462,			0.968,			0.968,			1.447,			0.952,			0.499
64,	2,	91.0,	92.062,			2.285,			0.1,			0.1,			2.309,			0.109,			0.05
65,	2,	112.0,	92.853,			2.299,			0.098,			0.098,			2.291,			0.109,			0.05
66,	2,	102.0,	93.417,			2.307,			0.102,			0.102,			2.304,			0.099,			0.049
67,	1,	120.0,	93.852,			1.458,			0.965,			0.965,			1.467,			0.985,			0.5
68,	2,	132.0,	95.842,			2.289,			0.102,			0.102,			2.309,			0.099,			0.05
69,	2,	307.0,	97.307,			2.297,			0.106,			0.106,			2.287,			0.104,			0.049
70,	2,	164.0,	97.776,			2.29,			0.098,			0.098,			2.319,			0.097,			0.05
71,	2,	246.0,	99.41,			2.291,			0.096,			0.096,			2.287,			0.106,			0.049
72,	1,	7.0,	100.432,			1.454,			0.976,			0.976,			1.444,			0.982,			0.499
73,	2,	53.0,	100.579,			2.291,			0.097,			0.097,			2.306,			0.097,			0.051
74,	3,	100.1,	100.669,			5.51,			1.487,			1.487,			5.501,			1.504,			0.898
75,	3,	451.6,	100.723,			5.485,			1.493,			1.493,			5.473,			1.486,			0.894
76,	3,	92.9,	100.792,			5.49,			1.499,			1.499,			5.495,			1.494,			0.892
77,	3,	170.5,	100.823,			5.483,			1.504,			1.504,			5.504,			1.499,			0.896
78,	3,	475.4,	100.88,			5.502,			1.503,			1.503,			5.505,			1.495,			0.908
79,	1,	126.0,	101.0,			1.453,			0.958,			0.958,			1.455,			0.985,			0.501
80,	1,	28.0,	101.106,			1.466,			0.98,			0.98,			1.455,			0.958,			0.499
81,	3,	102.0,	101.33,			5.514,			1.499,			1.499,			5.508,			1.522,			0.897
82,	3,	147.0,	101.393,			5.517,			1.497,			1.497,			5.5,			1.498,			0.902
83,	3,	236.3,	101.578,			5.493,			1.492,			1.492,			5.492,			1.497,			0.903
84,	3,	367.6,	101.719,			5.482,			1.502,			1.502,			5.521,			1.489,			0.898
85,	3,	74.8,	101.742,			5.512,			1.486,			1.486,			5.489,			1.506,			0.898
86,	3,	138.5,	101.913,			5.499,			1.499,			1.499,			5.491,			1.48,			0.902
87,	3,	358.8,	101.919,			5.496,			1.506,			1.506,			5.499,			1.503,			0.897
88,	1,	7.0,	101.942,			1.449,			0.974,			0.974,			1.456,			0.966,			0.499
89,	3,	367.6,	101.973,			5.503,			1.508,			1.508,			5.494,			1.527,			0.907
90,	3,	333.2,	102.035,			5.505,			1.518,			1.518,			5.512,			1.496,			0.902
91,	3,	94.8,	102.184,			5.497,			1.5,			1.5,			5.508,			1.496,			0.911
92,	3,	95.7,	102.254,			5.493,			1.499,			1.499,			5.527,			1.489,			0.906
93,	3,	200.2,	102.353,			5.503,			1.502,			1.502,			5.489,			1.506,			0.9
94,	3,	118.2,	102.603,			5.492,			1.516,			1.516,			5.509,			1.515,			0.897
95,	3,	352.6,	102.604,			5.511,			1.498,			1.498,			5.494,			1.486,			0.9
96,	3,	407.0,	102.693,			5.505,			1.504,			1.504,			5.49,			1.513,			0.899
97,	2,	83.0,	102.762,			2.301,			0.087,			0.087,			2.315,			0.107,			0.05
98,	2,	204.0,	102.782,			2.302,			0.096,			0.096,			2.288,			0.098,			0.05
99,	3,	316.2,	102.886,			5.496,			1.483,			1.483,			5.491,			1.505,			0.903
100,	3,	102.0,	102.91,			5.516,			1.489,			1.489,			5.515,			1.479,			0.891
101,	3,	268.7,	102.911,			5.501,			1.508,			1.508,			5.494,			1.501,			0.898
102,	3,	145.9,	103.097,			5.507,			1.503,			1.503,			5.494,			1.477,			0.901
103,	3,	124.1,	103.139,			5.493,			1.497,			1.497,			5.512,			1.505,			0.906
104,	2,	149.0,	103.401,			2.311,			0.107,			0.107,			2.293,			0.099,			0.049
105,	3,	367.6,	103.523,			5.504,			1.508,			1.508,			5.518,			1.528,			0.904
106,	3,	172.9,	103.752,			5.504,			1.497,			1.497,			5.496,			1.492,			0.899
107,	3,	283.7,	103.767,			5.492,			1.508,			1.508,			5.516,			1.498,			0.899
108,	1,	16.0,	103.854,			1.463,			0.957,			0.957,			1.465,			0.973,			0.5
109,	3,	793.7,	103.974,			5.505,			1.498,			1.498,			5.503,			1.501,			0.896
110,	3,	622.3,	104.099,			5.485,			1.496,			1.496,			5.491,			1.501,			0.905
111,	3,	544.8,	104.194,			5.516,			1.502,			1.502,			5.516,			1.508,			0.897
112,	3,	254.1,	104.203,			5.488,			1.504,			1.504,			5.506,			1.512,			0.905
113,	3,	176.8,	104.289,			5.511,			1.516,			1.516,			5.494,			1.5,			0.897
114,	3,	474.8,	104.362,			5.499,			1.499,			1.499,			5.509,			1.495,			0.889
115,	3,	241.2,	104.42,			5.493,			1.502,			1.502,			5.494,			1.485,			0.905
116,	3,	165.4,	104.66,			5.48,			1.503,			1.503,			5.494,			1.5,			0.893
117,	3,	182.1,	104.795,			5.526,			1.506,			1.506,			5.528,			1.489,			0.893
118,	3,	201.8,	104.854,			5.528,			1.505,			1.505,			5.494,			1.504,			0.9
119,	3,	121.0,	105.086,			5.492,			1.501,			1.501,			5.496,			1.51,			0.895
120,	3,	391.0,	105.087,			5.513,			1.489,			1.489,			5.504,			1.508,			0.907
121,	3,	184.3,	105.116,			5.499,			1.494,			1.494,			5.49,			1.505,			0.891
122,	3,	204.0,	105.171,			5.506,			1.493,			1.493,			5.495,			1.507,			0.906
123,	3,	304.1,	105.197,			5.494,			1.5,			1.5,			5.502,			1.488,			0.894
124,	2,	205.0,	105.338,			2.297,			0.096,			0.096,			2.278,			0.103,			0.049
125,	3,	92.9,	105.344,			5.494,			1.509,			1.509,			5.504,			1.518,			0.9
126,	3,	457.9,	105.435,			5.489,			1.483,			1.483,			5.511,			1.507,			0.888
127,	3,	171.5,	105.606,			5.499,			1.502,			1.502,			5.505,			1.494,			0.896
128,	2,	142.0,	106.801,			2.307,			0.092,			0.092,			2.294,			0.09,			0.05
129,	1,	6.0,	107.82,			1.46,			0.975,			0.975,			1.45,			0.967,			0.499
130,	1,	146.0,	109.341,			1.445,			0.961,			0.961,			1.45,			0.975,			0.501
131,	1,	214.0,	111.903,			1.457,			0.971,			0.971,			1.454,			0.979,			0.499
132,	1,	512.0,	112.218,			1.466,			0.98,			0.98,			1.469,			0.975,			0.499
133,	1,	559.0,	112.997,			1.443,			0.974,			0.974,			1.469,			0.958,			0.5
134,	2,	264.0,	113.01,			2.29,			0.102,			0.102,			2.306,			0.1,			0.05
135,	2,	137.0,	114.877,			2.296,			0.109,			0.109,			2.293,			0.098,			0.051
136,	2,	184.0,	118.291,			2.313,			0.104,			0.104,			2.305,			0.095,			0.049
137,	2,	119.0,	119.866,			2.283,			0.1,			0.1,			2.303,			0.103,			0.049
138,	1,	90.0,	121.062,			1.468,			0.968,			0.968,			1.451,			0.973,			0.499
139,	1,	379.0,	121.089,			1.481,			0.966,			0.966,			1.459,			0.979,			0.5
140,	1,	498.0,	121.14,			1.437,			0.98,			0.98,			1.464,			0.976,			0.501
141,	1,	7.0,	121.344,			1.455,			0.949,			0.949,			1.47,			0.969,			0.499
142,	2,	137.0,	121.573,			2.297,			0.096,			0.096,			2.311,			0.107,			0.05
143,	2,	108.0,	122.918,			2.282,			0.102,			0.102,			2.303,			0.098,			0.049
144,	1,	447.0,	123.841,			1.48,			0.979,			0.979,			1.48,			0.971,			0.5
145,	1,	30.0,	124.035,			1.464,			0.971,			0.971,			1.462,			0.97,			0.499
146,	2,	181.0,	124.494,			2.303,			0.095,			0.095,			2.286,			0.105,			0.051
147,	2,	140.0,	125.353,			2.306,			0.1,			0.1,			2.305,			0.098,			0.049
148,	1,	379.0,	127.009,			1.462,			0.978,			0.978,			1.464,			0.98,			0.5
149,	2,	162.0,	128.61,			2.299,			0.091,			0.091,			2.28,			0.096,			0.05
150,	1,	387.0,	130.966,			1.47,			0.986,			0.986,			1.467,			0.98,			0.499
151,	1,	44.0,	131.8,			1.459,			0.969,			0.969,			1.473,			0.966,			0.501
152,	1,	157.0,	133.245,			1.463,			0.983,			0.983,			1.458,			0.979,			0.499
153,	2,	175.0,	133.329,			2.295,			0.102,			0.102,			2.288,			0.094,			0.049
154,	1,	120.0,	133.864,			1.461,			0.965,			0.965,			1.451,			0.975,			0.501
155,	1,	30.0,	135.208,			1.445,			0.973,			0.973,			1.446,			0.98,			0.5
156,	2,	120.0,	136.441,			2.277,			0.1,			0.1,			2.3,			0.101,			0.052
157,	2,	160.0,	136.474,			2.302,			0.098,			0.098,			2.322,			0.096,			0.047
158,	1,	6.0,	136.534,			1.447,			0.967,			0.967,			1.462,			0.955,			0.499
159,	1,	90.0,	137.711,			1.466,			0.975,			0.975,			1.455,			0.969,			0.5
160,	2,	134.0,	138.866,			2.3,			0.102,			0.102,			2.304,			0.112,			0.051
161,	2,	76.0,	139.602,			2.306,			0.097,			0.097,			2.314,			0.09,			0.052
162,	1,	59.0,	140.162,			1.468,			0.964,			0.964,			1.46,			0.97,			0.501
163,	1,	10.0,	140.385,			1.447,			0.968,			0.968,			1.452,			0.965,			0.499
164,	2,	203.0,	140.423,			2.3,			0.105,			0.105,			2.302,			0.097,			0.049
165,	1,	49.0,	141.341,			1.461,			0.965,			0.965,			1.454,			0.974,			0.502
166,	2,	189.0,	141.77,			2.3,			0.096,			0.096,			2.293,			0.096,			0.05
167,	2,	157.0,	142.014,			2.302,			0.092,			0.092,			2.3,			0.097,			0.049
168,	1,	126.0,	142.101,			1.491,			0.973,			0.973,			1.45,			0.976,			0.5
169,	1,	44.0,	142.71,			1.454,			0.968,			0.968,			1.457,			0.984,			0.502
170,	2,	154.0,	143.27,			2.311,			0.099,			0.099,			2.311,			0.092,			0.05
171,	1,	379.0,	143.438,			1.446,			0.974,			0.974,			1.461,			0.965,			0.5
172,	2,	127.0,	143.966,			2.294,			0.106,			0.106,			2.286,			0.094,			0.048
173,	1,	44.0,	144.601,			1.469,			0.969,			0.969,			1.458,			0.987,			0.5
174,	1,	16.0,	144.772,			1.445,			0.986,			0.986,			1.471,			0.986,			0.499
175,	1,	7.0,	144.879,			1.455,			0.97,			0.97,			1.465,			0.965,			0.501
176,	2,	217.0,	145.374,			2.302,			0.107,			0.107,			2.265,			0.104,			0.052
177,	1,	498.0,	145.681,			1.48,			0.971,			0.971,			1.476,			0.97,			0.499
178,	1,	7.0,	146.875,			1.456,			0.964,			0.964,			1.45,			0.968,			0.5
179,	2,	333.0,	146.967,			2.303,			0.103,			0.103,			2.297,			0.094,			0.049
180,	1,	7.0,	148.658,			1.468,			0.948,			0.948,			1.457,			0.956,			0.501
181,	2,	185.0,	148.884,			2.296,			0.095,			0.095,			2.311,			0.091,			0.051
182,	2,	273.0,	149.705,			2.291,			0.096,			0.096,			2.29,			0.103,			0.052
183,	1,	157.0,	149.865,			1.447,			0.97,			0.97,			1.457,			0.973,			0.5
184,	1,	13.0,	150.284,			1.441,			0.982,			0.982,			1.451,			0.969,			0.5
185,	1,	59.0,	150.351,			1.461,			0.976,			0.976,			1.47,			0.971,			0.5
186,	2,	141.0,	151.166,			2.311,			0.101,			0.101,			2.314,			0.098,			0.049
187,	2,	198.0,	151.586,			2.302,			0.099,			0.099,			2.288,			0.101,			0.05
188,	1,	7.0,	151.947,			1.454,			0.964,			0.964,			1.46,			0.969,			0.499
189,	1,	498.0,	152.628,			1.472,			0.982,			0.982,			1.475,			0.98,			0.498
190,	2,	207.0,	152.739,			2.284,			0.101,			0.101,			2.305,			0.09,			0.053
191,	2,	172.0,	153.551,			2.295,			0.095,			0.095,			2.305,			0.105,			0.051
192,	1,	214.0,	154.676,			1.462,			0.963,			0.963,			1.469,			0.989,			0.499
193,	1,	30.0,	155.078,			1.446,			0.98,			0.98,			1.462,			0.966,			0.5
194,	2,	243.0,	155.406,			2.325,			0.107,			0.107,			2.309,			0.103,			0.05
195,	1,	379.0,	155.609,			1.449,			0.969,			0.969,			1.44,			0.938,			0.5
196,	1,	16.0,	155.97,			1.463,			0.965,			0.965,			1.458,			0.953,			0.5
197,	1,	512.0,	157.689,			1.462,			0.968,			0.968,			1.474,			0.975,			0.501
198,	1,	6.0,	157.89,			1.447,			0.969,			0.969,			1.472,			0.983,			0.501
199,	1,	103.0,	158.479,			1.461,			0.97,			0.97,			1.436,			0.958,			0.5
200,	2,	148.0,	158.773,			2.304,			0.096,			0.096,			2.301,			0.088,			0.05
201,	2,	120.0,	158.878,			2.283,			0.099,			0.099,			2.305,			0.1,			0.05
202,	2,	76.0,	159.15,			2.301,			0.094,			0.094,			2.295,			0.093,			0.05
203,	1,	447.0,	159.601,			1.457,			0.971,			0.971,			1.451,			0.961,			0.498
204,	1,	157.0,	160.88,			1.452,			0.956,			0.956,			1.446,			0.96,			0.501
205,	2,	159.0,	161.131,			2.309,			0.092,			0.092,			2.308,			0.086,			0.05
206,	1,	7.0,	163.07,			1.446,			0.953,			0.953,			1.463,			0.978,			0.5
207,	2,	160.0,	163.235,			2.297,			0.1,			0.1,			2.305,			0.099,			0.052
208,	1,	6.0,	163.533,			1.446,			0.971,			0.971,			1.454,			0.974,			0.501
209,	2,	166.0,	164.255,			2.306,			0.1,			0.1,			2.296,			0.096,			0.051
210,	2,	116.0,	164.674,			2.295,			0.099,			0.099,			2.291,			0.094,			0.051
211,	1,	512.0,	164.902,			1.457,			0.97,			0.97,			1.459,			0.97,			0.501
212,	1,	16.0,	165.102,			1.463,			0.961,			0.961,			1.453,			0.955,			0.5
213,	1,	379.0,	165.306,			1.441,			0.964,			0.964,			1.469,			0.976,			0.5
214,	1,	44.0,	165.701,			1.448,			0.964,			0.964,			1.476,			0.967,			0.499
215,	1,	7.0,	165.996,			1.461,			0.961,			0.961,			1.465,			0.958,			0.499
216,	1,	447.0,	166.926,			1.48,			0.959,			0.959,			1.463,			0.969,			0.499
217,	1,	44.0,	167.033,			1.465,			0.974,			0.974,			1.457,			0.966,			0.5
218,	1,	10.0,	167.96,			1.46,			0.973,			0.973,			1.459,			0.98,			0.5
219,	1,	7.0,	169.086,			1.473,			0.965,			0.965,			1.453,			0.969,			0.499
220,	1,	498.0,	169.601,			1.46,			0.981,			0.981,			1.473,			0.974,			0.501
221,	1,	447.0,	170.236,			1.455,			0.962,			0.962,			1.448,			0.979,			0.5
222,	1,	7.0,	170.623,			1.457,			0.972,			0.972,			1.466,			0.981,			0.5
223,	2,	132.0,	170.687,			2.324,			0.105,			0.105,			2.315,			0.098,			0.051
224,	1,	157.0,	170.745,			1.461,			0.983,			0.983,			1.466,			0.969,			0.501
225,	1,	90.0,	170.869,			1.44,			0.975,			0.975,			1.465,			0.977,			0.5
226,	1,	59.0,	171.234,			1.462,			0.973,			0.973,			1.475,			0.98,			0.499
227,	1,	126.0,	171.461,			1.468,			0.978,			0.978,			1.459,			0.981,			0.499
228,	2,	118.0,	172.504,			2.282,			0.104,			0.104,			2.307,			0.105,			0.05
229,	2,	122.0,	173.029,			2.304,			0.101,			0.101,			2.315,			0.105,			0.05
230,	1,	387.0,	173.848,			1.452,			0.971,			0.971,			1.444,			0.964,			0.5
231,	1,	7.0,	174.624,			1.445,			0.971,			0.971,			1.467,			0.961,			0.502
232,	2,	217.0,	174.662,			2.303,			0.098,			0.098,			2.302,			0.102,			0.052
233,	2,	155.0,	174.892,			2.325,			0.098,			0.098,			2.298,			0.097,			0.051
234,	1,	498.0,	175.066,			1.474,			0.962,			0.962,			1.469,			0.969,			0.501
235,	1,	13.0,	176.45,			1.457,			0.974,			0.974,			1.457,			0.983,			0.5
236,	2,	104.0,	177.285,			2.295,			0.11,			0.11,			2.308,			0.097,			0.049
237,	1,	13.0,	177.689,			1.455,			0.956,			0.956,			1.451,			0.979,			0.502
238,	1,	30.0,	178.674,			1.461,			0.963,			0.963,			1.46,			0.972,			0.5
239,	1,	447.0,	178.733,			1.458,			0.963,			0.963,			1.468,			0.974,			0.5
240,	1,	498.0,	178.978,			1.466,			0.983,			0.983,			1.463,			0.988,			0.503
241,	1,	28.0,	180.088,			1.458,			0.947,			0.947,			1.474,			0.967,			0.5
242,	1,	146.0,	180.26,			1.447,			0.962,			0.962,			1.472,			0.973,			0.5
243,	1,	559.0,	180.342,			1.468,			0.981,			0.981,			1.458,			0.974,			0.499
244,	2,	198.0,	180.865,			2.296,			0.101,			0.101,			2.286,			0.089,			0.05
245,	2,	133.0,	181.427,			2.296,			0.108,			0.108,			2.304,			0.105,			0.05
246,	1,	28.0,	181.498,			1.454,			0.972,			0.972,			1.451,			0.947,			0.5
247,	1,	16.0,	181.968,			1.481,			0.969,			0.969,			1.477,			0.961,			0.5
248,	1,	7.0,	182.323,			1.459,			0.978,			0.978,			1.469,			0.982,			0.501
249,	1,	16.0,	182.788,			1.468,			0.975,			0.975,			1.43,			0.981,			0.499
250,	2,	180.0,	182.968,			2.286,			0.107,			0.107,			2.302,			0.1,			0.05
251,	2,	96.0,	182.969,			2.298,			0.103,			0.103,			2.299,			0.104,			0.05
252,	1,	7.0,	183.947,			1.447,			0.979,			0.979,			1.455,			0.979,			0.5
253,	1,	169.0,	184.545,			1.458,			0.969,			0.969,			1.464,			0.953,			0.502
254,	1,	44.0,	185.396,			1.462,			0.973,			0.973,			1.469,			0.962,			0.501
255,	2,	245.0,	185.592,			2.298,			0.094,			0.094,			2.31,			0.097,			0.05
256,	1,	6.0,	186.119,			1.459,			0.991,			0.991,			1.467,			0.983,			0.502
257,	2,	130.0,	186.27,			2.284,			0.094,			0.094,			2.302,			0.097,			0.051
258,	2,	55.0,	187.595,			2.299,			0.105,			0.105,			2.312,			0.104,			0.05
259,	1,	157.0,	187.833,			1.462,			0.984,			0.984,			1.453,			0.962,			0.502
260,	1,	559.0,	188.387,			1.467,			0.997,			0.997,			1.47,			0.967,			0.498
261,	1,	10.0,	188.68,			1.465,			0.957,			0.957,			1.476,			0.963,			0.502
262,	2,	61.0,	189.09,			2.306,			0.1,			0.1,			2.294,			0.096,			0.051
263,	2,	119.0,	189.675,			2.293,			0.105,			0.105,			2.302,			0.11,			0.05
264,	1,	7.0,	189.803,			1.458,			0.975,			0.975,			1.461,			0.952,			0.502
265,	1,	146.0,	190.017,			1.447,			0.973,			0.973,			1.458,			0.988,			0.5
266,	1,	7.0,	190.551,			1.467,			0.963,			0.963,			1.465,			0.981,			0.5
267,	1,	387.0,	190.628,			1.472,			0.971,			0.971,			1.449,			0.979,			0.502
268,	1,	498.0,	191.123,			1.466,			0.963,			0.963,			1.449,			0.953,			0.504
269,	1,	512.0,	191.218,			1.455,			0.982,			0.982,			1.448,			0.975,			0.501
270,	2,	236.0,	191.79,			2.276,			0.098,			0.098,			2.303,			0.099,			0.049
271,	1,	7.0,	192.239,			1.457,			0.963,			0.963,			1.469,			0.975,			0.499
272,	1,	169.0,	192.31,			1.452,			0.978,			0.978,			1.452,			0.965,			0.499
273,	1,	95.0,	193.146,			1.459,			0.989,			0.989,			1.471,			0.955,			0.5
274,	1,	157.0,	193.368,			1.451,			0.963,			0.963,			1.461,			0.954,			0.499
275,	1,	59.0,	193.432,			1.451,			0.987,			0.987,			1.452,			0.98,			0.498
276,	1,	16.0,	194.325,			1.452,			0.954,			0.954,			1.47,			0.975,			0.5
277,	1,	90.0,	194.394,			1.459,			0.965,			0.965,			1.473,			0.975,			0.498
278,	2,	121.0,	194.943,			2.284,			0.092,			0.092,			2.307,			0.111,			0.051
279,	1,	16.0,	194.979,			1.458,			0.97,			0.97,			1.48,			0.968,			0.501
280,	1,	28.0,	194.979,			1.467,			0.987,			0.987,			1.458,			0.976,			0.5
281,	1,	379.0,	195.398,			1.46,			0.973,			0.973,			1.452,			0.997,			0.501
282,	1,	498.0,	195.782,			1.458,			0.975,			0.975,			1.441,			0.963,			0.5
283,	1,	7.0,	195.86,			1.453,			0.968,			0.968,			1.456,			0.968,			0.499
284,	1,	169.0,	196.502,			1.489,			0.98,			0.98,			1.458,			0.961,			0.499
285,	1,	7.0,	196.705,			1.454,			0.977,			0.977,			1.465,			0.973,			0.499
286,	2,	203.0,	196.973,			2.298,			0.103,			0.103,			2.309,			0.099,			0.05
287,	1,	6.0,	197.264,			1.47,			0.97,			0.97,			1.451,			0.966,			0.501
288,	1,	157.0,	197.486,			1.461,			0.975,			0.975,			1.465,			0.99,			0.501
289,	1,	28.0,	197.791,			1.452,			0.98,			0.98,			1.468,			0.968,			0.499
290,	1,	59.0,	198.02,			1.465,			0.986,			0.986,			1.436,			0.969,			0.502
291,	1,	95.0,	198.052,			1.462,			0.97,			0.97,			1.467,			0.967,			0.5
292,	1,	7.0,	198.155,			1.458,			0.984,			0.984,			1.461,			0.985,			0.501
293,	1,	30.0,	198.374,			1.464,			0.968,			0.968,			1.469,			0.961,			0.502
294,	2,	81.0,	198.93,			2.308,			0.097,			0.097,			2.288,			0.1,			0.049
295,	1,	379.0,	199.418,			1.48,			0.972,			0.972,			1.469,			0.977,			0.5
296,	2,	102.0,	199.623,			2.314,			0.102,			0.102,			2.305,			0.095,			0.051
297,	2,	246.0,	199.715,			2.299,			0.097,			0.097,			2.313,			0.092,			0.049
298,	1,	214.0,	199.764,			1.461,			0.974,			0.974,			1.477,			0.969,			0.499
299,	1,	157.0,	199.9,			1.471,			0.98,			0.98,			1.461,			0.973,			0.5
300,	1,	30.0,	199.989,			1.458,			0.99,			0.99,			1.46,			0.958,			0.498
301,	1,	120.0,	201.003,			1.453,			0.983,			0.983,			1.45,			0.97,			0.501
302,	1,	49.0,	201.032,			1.446,			0.976,			0.976,			1.448,			0.972,			0.5
303,	1,	6.0,	201.602,			1.468,			0.976,			0.976,			1.458,			0.982,			0.499
304,	1,	16.0,	201.872,			1.45,			0.99,			0.99,			1.448,			0.968,			0.499
305,	2,	150.0,	202.093,			2.295,			0.097,			0.097,			2.292,			0.11,			0.05
306,	1,	10.0,	202.861,			1.442,			0.961,			0.961,			1.482,			0.979,			0.5
307,	2,	73.0,	203.051,			2.309,			0.102,			0.102,			2.289,			0.1,			0.05
308,	1,	379.0,	203.137,			1.463,			0.982,			0.982,			1.458,			0.96,			0.499
309,	1,	157.0,	204.041,			1.45,			0.982,			0.982,			1.456,			0.963,			0.499
310,	1,	7.0,	204.667,			1.449,			0.969,			0.969,			1.457,			0.966,			0.501
311,	1,	447.0,	204.684,			1.449,			0.964,			0.964,			1.463,			0.96,			0.501
312,	1,	30.0,	205.287,			1.451,			0.964,			0.964,			1.437,			0.964,			0.499
313,	2,	236.0,	205.646,			2.302,			0.092,			0.092,			2.304,			0.095,			0.049
314,	2,	173.0,	206.153,			2.283,			0.107,			0.107,			2.293,			0.098,			0.05
315,	1,	13.0,	206.193,			1.463,			0.975,			0.975,			1.443,			0.962,			0.5
316,	1,	169.0,	206.295,			1.44,			0.967,			0.967,			1.452,			0.984,			0.5
317,	1,	6.0,	206.43,			1.456,			0.953,			0.953,			1.468,			0.969,			0.502
318,	1,	13.0,	207.001,			1.445,			0.969,			0.969,			1.462,			0.967,			0.5
319,	2,	92.0,	207.226,			2.294,			0.102,			0.102,			2.324,			0.103,			0.05
320,	2,	142.0,	207.355,			2.301,			0.101,			0.101,			2.287,			0.099,			0.049
321,	1,	120.0,	207.619,			1.462,			0.966,			0.966,			1.465,			0.955,			0.499
322,	1,	30.0,	207.721,			1.456,			0.972,			0.972,			1.459,			0.989,			0.5
323,	2,	203.0,	207.983,			2.306,			0.098,			0.098,			2.307,			0.099,			0.051
324,	2,	169.0,	209.417,			2.291,			0.104,			0.104,			2.322,			0.104,			0.049
325,	2,	113.0,	209.988,			2.3,			0.102,			0.102,			2.299,			0.107,			0.048
326,	1,	387.0,	210.334,			1.456,			0.961,			0.961,			1.451,			0.975,			0.499
327,	2,	133.0,	210.905,			2.31,			0.099,			0.099,			2.3,			0.107,			0.05
328,	1,	387.0,	211.326,			1.459,			0.965,			0.965,			1.451,			0.956,			0.501
329,	1,	59.0,	212.001,			1.461,			0.969,			0.969,			1.469,			0.955,			0.499
330,	1,	498.0,	212.027,			1.438,			0.971,			0.971,			1.458,			0.976,			0.499
331,	2,	248.0,	212.558,			2.307,			0.099,			0.099,			2.291,			0.098,			0.05
332,	1,	214.0,	212.863,			1.443,			0.977,			0.977,			1.452,			0.966,			0.5
333,	1,	447.0,	212.896,			1.46,			0.987,			0.987,			1.44,			0.967,			0.501
334,	1,	28.0,	212.916,			1.456,			0.963,			0.963,			1.445,			0.964,			0.499
335,	1,	169.0,	213.202,			1.457,			0.978,			0.978,			1.459,			0.957,			0.501
336,	1,	90.0,	213.44,			1.443,			0.982,			0.982,			1.459,			0.963,			0.501
337,	1,	30.0,	213.462,			1.451,			0.987,			0.987,			1.468,			0.945,			0.501
338,	1,	13.0,	213.948,			1.463,			0.969,			0.969,			1.453,			0.981,			0.498
339,	1,	6.0,	214.977,			1.444,			0.971,			0.971,			1.453,			0.995,			0.5
340,	1,	146.0,	215.079,			1.457,			0.966,			0.966,			1.462,			0.977,			0.501
341,	1,	120.0,	215.393,			1.464,			0.961,			0.961,			1.451,			0.967,			0.5
342,	1,	512.0,	215.747,			1.46,			0.986,			0.986,			1.448,			0.979,			0.5
343,	1,	49.0,	216.271,			1.473,			0.964,			0.964,			1.458,			0.979,			0.501
344,	1,	126.0,	216.285,			1.482,			0.986,			0.986,			1.451,			0.966,			0.5
345,	2,	186.0,	216.954,			2.287,			0.104,			0.104,			2.316,			0.103,			0.049
346,	1,	16.0,	216.968,			1.46,			0.962,			0.962,			1.459,			0.973,			0.5
347,	1,	214.0,	217.549,			1.452,			0.971,			0.971,			1.459,			0.977,			0.501
348,	1,	7.0,	217.573,			1.45,			0.981,			0.981,			1.463,			0.97,			0.498
349,	2,	140.0,	217.622,			2.303,			0.09,			0.09,			2.298,			0.1,			0.05
350,	1,	13.0,	217.855,			1.451,			0.972,			0.972,			1.457,			0.961,			0.501
351,	1,	126.0,	218.498,			1.446,			0.97,			0.97,			1.458,			0.98,			0.499
352,	1,	59.0,	219.623,			1.461,			0.976,			0.976,			1.467,			0.962,			0.499
353,	1,	30.0,	219.895,			1.447,			0.964,			0.964,			1.45,			0.963,			0.501
354,	1,	6.0,	219.904,			1.457,			0.966,			0.966,			1.474,			0.974,			0.501
355,	1,	146.0,	220.144,			1.441,			0.983,			0.983,			1.459,			0.982,			0.501
356,	1,	16.0,	220.187,			1.463,			0.968,			0.968,			1.451,			0.986,			0.498
357,	2,	355.0,	220.227,			2.311,			0.1,			0.1,			2.309,			0.101,			0.05
358,	1,	7.0,	220.631,			1.454,			0.968,			0.968,			1.475,			0.974,			0.501
359,	1,	59.0,	220.658,			1.45,			0.974,			0.974,			1.457,			0.972,			0.499
360,	2,	135.0,	221.053,			2.322,			0.092,			0.092,			2.308,			0.1,			0.051
361,	1,	498.0,	221.669,			1.472,			0.957,			0.957,			1.469,			0.956,			0.501
362,	1,	120.0,	221.752,			1.466,			0.969,			0.969,			1.478,			0.981,			0.499
363,	2,	70.0,	221.883,			2.306,			0.101,			0.101,			2.306,			0.101,			0.05
364,	1,	120.0,	222.848,			1.451,			0.961,			0.961,			1.454,			0.981,			0.5
365,	1,	6.0,	222.905,			1.43,			0.981,			0.981,			1.449,			0.97,			0.499
366,	1,	6.0,	223.078,			1.462,			0.968,			0.968,			1.437,			0.976,			0.502
367,	1,	146.0,	223.105,			1.456,			0.968,			0.968,			1.457,			0.974,			0.499
368,	2,	274.0,	223.155,			2.314,			0.103,			0.103,			2.282,			0.107,			0.049
369,	1,	103.0,	223.918,			1.463,			0.985,			0.985,			1.44,			0.974,			0.499
370,	1,	512.0,	224.507,			1.467,			0.952,			0.952,			1.462,			0.969,			0.499
371,	1,	146.0,	224.61,			1.451,			0.953,			0.953,			1.462,			0.978,			0.5
372,	1,	157.0,	224.753,			1.454,			0.969,			0.969,			1.443,			0.977,			0.501
373,	1,	169.0,	224.821,			1.478,			0.964,			0.964,			1.442,			0.959,			0.499
374,	1,	6.0,	225.315,			1.451,			0.961,			0.961,			1.452,			0.983,			0.501
375,	1,	30.0,	225.497,			1.45,			0.967,			0.967,			1.452,			0.975,			0.502
376,	2,	131.0,	225.714,			2.298,			0.103,			0.103,			2.31,			0.099,			0.051
377,	1,	44.0,	226.445,			1.456,			0.966,			0.966,			1.467,			0.97,			0.5
378,	1,	30.0,	227.368,			1.462,			0.956,			0.956,			1.465,			0.969,			0.5
379,	1,	30.0,	227.395,			1.45,			0.959,			0.959,			1.459,			0.96,			0.5
380,	2,	178.0,	227.712,			2.303,			0.098,			0.098,			2.312,			0.092,			0.05
381,	1,	379.0,	228.33,			1.474,			0.967,			0.967,			1.446,			0.965,			0.5
382,	1,	498.0,	228.417,			1.457,			0.978,			0.978,			1.476,			0.978,			0.501
383,	1,	120.0,	228.539,			1.455,			0.952,			0.952,			1.454,			0.95,			0.5
384,	1,	103.0,	228.58,			1.447,			0.975,			0.975,			1.473,			0.985,			0.5
385,	2,	218.0,	228.585,			2.305,			0.11,			0.11,			2.299,			0.108,			0.051
386,	1,	13.0,	229.046,			1.442,			0.965,			0.965,			1.458,			0.964,			0.5
387,	1,	90.0,	229.096,			1.462,			0.966,			0.966,			1.442,			0.967,			0.5
388,	1,	387.0,	229.108,			1.453,			0.974,			0.974,			1.452,			0.957,			0.499
389,	1,	103.0,	229.428,			1.45,			0.966,			0.966,			1.453,			0.981,			0.499
390,	2,	257.0,	229.507,			2.307,			0.102,			0.102,			2.297,			0.097,			0.049
391,	1,	447.0,	229.609,			1.454,			0.987,			0.987,			1.451,			0.969,			0.501
392,	1,	169.0,	229.972,			1.465,			0.98,			0.98,			1.451,			0.983,			0.5
393,	2,	175.0,	230.083,			2.308,			0.103,			0.103,			2.293,			0.102,			0.051
394,	1,	30.0,	230.548,			1.446,			0.983,			0.983,			1.447,			0.962,			0.501
395,	1,	447.0,	230.663,			1.482,			0.952,			0.952,			1.446,			0.975,			0.502
396,	1,	169.0,	231.126,			1.461,			0.963,			0.963,			1.469,			0.979,			0.501
397,	1,	10.0,	231.599,			1.491,			0.959,			0.959,			1.447,			0.971,			0.5
398,	1,	169.0,	231.855,			1.464,			0.97,			0.97,			1.464,			0.979,			0.502
399,	1,	498.0,	232.021,			1.467,			0.971,			0.971,			1.455,			0.953,			0.5
400,	1,	169.0,	232.022,			1.471,			0.975,			0.975,			1.455,			0.957,			0.499
401,	1,	16.0,	232.039,			1.453,			0.974,			0.974,			1.458,			0.969,			0.5
402,	1,	10.0,	232.743,			1.468,			0.983,			0.983,			1.453,			0.978,			0.501
403,	1,	7.0,	233.557,			1.471,			0.973,			0.973,			1.453,			0.964,			0.498
404,	1,	10.0,	233.875,			1.45,			0.962,			0.962,			1.448,			0.973,			0.5
405,	1,	447.0,	234.237,			1.467,			0.975,			0.975,			1.46,			0.961,			0.499
406,	1,	559.0,	234.346,			1.468,			0.967,			0.967,			1.461,			0.966,			0.499
407,	2,	158.0,	234.513,			2.306,			0.095,			0.095,			2.293,			0.092,			0.051
408,	1,	90.0,	234.557,			1.444,			0.976,			0.976,			1.449,			0.983,			0.499
409,	2,	139.0,	234.643,			2.307,			0.105,			0.105,			2.307,			0.098,			0.052
410,	2,	176.0,	234.676,			2.282,			0.094,			0.094,			2.29,			0.109,			0.049
411,	1,	90.0,	234.885,			1.463,			0.97,			0.97,			1.461,			0.979,			0.5
412,	2,	100.0,	235.139,			2.294,			0.112,			0.112,			2.313,			0.099,			0.05
413,	1,	28.0,	235.207,			1.46,			0.986,			0.986,			1.464,			0.975,			0.501
414,	1,	90.0,	235.609,			1.448,			0.974,			0.974,			1.459,			0.965,			0.499
415,	1,	28.0,	235.78,			1.447,			0.976,			0.976,			1.458,			0.975,			0.499
416,	1,	559.0,	235.957,			1.48,			0.961,			0.961,			1.457,			0.958,			0.499
417,	1,	559.0,	236.036,			1.45,			0.978,			0.978,			1.467,			0.983,			0.499
418,	2,	156.0,	236.586,			2.292,			0.085,			0.085,			2.297,			0.103,			0.049
419,	1,	379.0,	236.814,			1.467,			0.969,			0.969,			1.448,			0.982,			0.499
420,	1,	28.0,	236.848,			1.465,			0.967,			0.967,			1.456,			0.971,			0.5
421,	1,	447.0,	237.071,			1.446,			0.969,			0.969,			1.462,			0.971,			0.5
422,	1,	379.0,	237.325,			1.476,			0.966,			0.966,			1.448,			0.98,			0.499
423,	1,	28.0,	237.379,			1.444,			0.973,			0.973,			1.455,			0.973,			0.502
424,	1,	214.0,	237.747,			1.45,			0.971,			0.971,			1.467,			0.968,			0.501
425,	2,	164.0,	237.807,			2.297,			0.098,			0.098,			2.297,			0.09,			0.05
426,	1,	90.0,	238.021,			1.468,			0.975,			0.975,			1.466,			0.956,			0.5
427,	1,	447.0,	238.329,			1.467,			0.969,			0.969,			1.455,			0.969,			0.5
428,	1,	157.0,	238.489,			1.457,			0.968,			0.968,			1.459,			0.98,			0.5
429,	1,	146.0,	239.226,			1.464,			0.972,			0.972,			1.463,			0.963,			0.501
430,	1,	7.0,	239.702,			1.463,			0.965,			0.965,			1.449,			0.966,			0.5
431,	2,	179.0,	241.012,			2.302,			0.099,			0.099,			2.311,			0.097,			0.051
432,	1,	157.0,	241.048,			1.451,			0.973,			0.973,			1.462,			0.974,			0.498
433,	1,	7.0,	241.39,			1.459,			0.982,			0.982,			1.447,			0.963,			0.499
434,	1,	30.0,	241.512,			1.447,			0.956,			0.956,			1.45,			0.975,			0.5
435,	2,	56.0,	242.017,			2.309,			0.097,			0.097,			2.302,			0.1,			0.047
436,	2,	193.0,	242.577,			2.32,			0.11,			0.11,			2.311,			0.093,			0.051
437,	1,	214.0,	243.36,			1.451,			0.989,			0.989,			1.457,			0.968,			0.502
438,	1,	16.0,	243.578,			1.474,			0.978,			0.978,			1.473,			0.971,			0.499
439,	1,	512.0,	243.851,			1.468,			0.968,			0.968,			1.443,			0.974,			0.5
440,	2,	75.0,	243.855,			2.31,			0.097,			0.097,			2.294,			0.103,			0.05
441,	1,	13.0,	244.959,			1.457,			0.973,			0.973,			1.453,			0.95,			0.499
442,	2,	307.0,	245.142,			2.305,			0.094,			0.094,			2.304,			0.09,			0.052
443,	2,	157.0,	245.704,			2.309,			0.108,			0.108,			2.293,			0.097,			0.049
444,	1,	103.0,	246.167,			1.456,			0.974,			0.974,			1.446,			0.976,			0.499
445,	1,	44.0,	247.452,			1.454,			0.971,			0.971,			1.459,			0.982,			0.499
446,	1,	49.0,	247.474,			1.455,			0.964,			0.964,			1.467,			0.981,			0.5
447,	3,	218.4,	248.181,			5.497,			1.507,			1.507,			5.505,			1.492,			0.897
448,	3,	547.6,	248.191,			5.506,			1.489,			1.489,			5.502,			1.494,			0.897
449,	1,	90.0,	248.473,			1.46,			0.956,			0.956,			1.456,			0.961,			0.499
450,	3,	82.0,	248.489,			5.504,			1.489,			1.489,			5.499,			1.519,			0.898
451,	3,	467.1,	248.558,			5.5,			1.508,			1.508,			5.513,			1.518,			0.892
452,	1,	169.0,	248.59,			1.451,			0.975,			0.975,			1.458,			0.964,			0.499
453,	3,	82.6,	248.6,			5.489,			1.492,			1.492,			5.516,			1.51,			0.895
454,	3,	58.5,	248.602,			5.494,			1.496,			1.496,			5.493,			1.518,			0.896
455,	3,	98.4,	248.614,			5.509,			1.51,			1.51,			5.497,			1.5,			0.898
456,	3,	148.7,	248.621,			5.501,			1.498,			1.498,			5.497,			1.496,			0.904
457,	3,	365.4,	248.637,			5.503,			1.498,			1.498,			5.503,			1.505,			0.897
458,	3,	99.8,	248.699,			5.527,			1.526,			1.526,			5.503,			1.5,			0.902
459,	1,	103.0,	248.701,			1.46,			0.983,			0.983,			1.451,			0.983,			0.5
460,	3,	218.7,	248.728,			5.492,			1.517,			1.517,			5.502,			1.502,			0.901
461,	3,	112.3,	248.863,			5.504,			1.503,			1.503,			5.503,			1.505,			0.898
462,	3,	172.4,	248.921,			5.495,			1.491,			1.491,			5.502,			1.484,			0.905
463,	1,	379.0,	249.023,			1.456,			0.96,			0.96,			1.459,			0.956,			0.498
464,	3,	84.6,	249.155,			5.505,			1.514,			1.514,			5.5,			1.509,			0.897
465,	3,	153.0,	249.163,			5.497,			1.493,			1.493,			5.484,			1.496,			0.891
466,	3,	180.4,	249.275,			5.496,			1.496,			1.496,			5.506,			1.507,			0.908
467,	3,	243.7,	249.278,			5.504,			1.512,			1.512,			5.48,			1.506,			0.9
468,	3,	97.6,	249.318,			5.498,			1.5,			1.5,			5.498,			1.486,			0.9
469,	3,	150.5,	249.354,			5.499,			1.497,			1.497,			5.499,			1.481,			0.907
470,	3,	229.1,	249.437,			5.485,			1.494,			1.494,			5.498,			1.5,			0.901
471,	3,	221.5,	249.588,			5.511,			1.484,			1.484,			5.506,			1.509,			0.887
472,	1,	90.0,	249.64,			1.475,			0.968,			0.968,			1.456,			0.948,			0.502
473,	3,	82.6,	249.842,			5.505,			1.497,			1.497,			5.501,			1.508,			0.901
474,	3,	467.1,	249.865,			5.505,			1.492,			1.492,			5.492,			1.504,			0.899
475,	3,	155.9,	249.92,			5.495,			1.498,			1.498,			5.506,			1.507,			0.898
476,	1,	103.0,	249.948,			1.444,			0.97,			0.97,			1.465,			0.981,			0.5
477,	3,	188.4,	249.997,			5.503,			1.486,			1.486,			5.506,			1.51,			0.904
478,	3,	394.0,	250.0,			5.493,			1.513,			1.513,			5.507,			1.5,			0.895
479,	1,	214.0,	250.062,			1.463,			0.984,			0.984,			1.448,			0.976,			0.499
480,	3,	99.8,	250.09,			5.506,			1.513,			1.513,			5.501,			1.5,			0.896
481,	3,	145.4,	250.097,			5.508,			1.518,			1.518,			5.501,			1.501,			0.9
482,	3,	107.4,	250.139,			5.495,			1.513,			1.513,			5.497,			1.507,			0.893
483,	3,	126.5,	250.405,			5.511,			1.493,			1.493,			5.499,			1.497,			0.894
484,	3,	212.6,	250.439,			5.509,			1.502,			1.502,			5.498,			1.513,			0.899
485,	3,	106.0,	250.468,			5.515,			1.489,			1.489,			5.5,			1.49,			0.903
486,	3,	698.8,	250.667,			5.503,			1.497,			1.497,			5.489,			1.499,			0.904
487,	1,	44.0,	250.812,			1.436,			0.972,			0.972,			1.449,			0.98,			0.501
488,	2,	256.0,	250.871,			2.276,			0.1,			0.1,			2.298,			0.104,			0.05
489,	3,	625.5,	250.951,			5.506,			1.508,			1.508,			5.508,			1.501,			0.907
490,	3,	131.6,	250.968,			5.495,			1.5,			1.5,			5.505,			1.503,			0.889
491,	3,	364.1,	251.092,			5.504,			1.493,			1.493,			5.489,			1.496,			0.906
492,	3,	124.1,	251.303,			5.479,			1.48,			1.48,			5.513,			1.507,			0.9
493,	1,	7.0,	251.338,			1.459,			0.978,			0.978,			1.448,			0.975,			0.501
494,	3,	163.5,	251.35,			5.491,			1.508,			1.508,			5.516,			1.499,			0.898
495,	1,	13.0,	251.455,			1.463,			0.975,			0.975,			1.457,			0.959,			0.498
496,	3,	194.1,	251.494,			5.492,			1.489,			1.489,			5.502,			1.505,			0.906
497,	3,	481.8,	251.497,			5.512,			1.526,			1.526,			5.494,			1.501,			0.909
498,	1,	103.0,	251.512,			1.469,			0.963,			0.963,			1.455,			0.981,			0.5
499,	3,	331.3,	251.66,			5.5,			1.531,			1.531,			5.488,			1.499,			0.912
500,	3,	97.1,	251.663,			5.494,			1.501,			1.501,			5.493,			1.489,			0.896
501,	3,	82.6,	251.686,			5.504,			1.504,			1.504,			5.487,			1.489,			0.893
502,	3,	69.8,	251.695,			5.512,			1.5,			1.5,			5.493,			1.507,			0.908
503,	3,	207.1,	251.705,			5.488,			1.502,			1.502,			5.501,			1.492,			0.905
504,	3,	153.2,	251.845,			5.517,			1.502,			1.502,			5.483,			1.506,			0.902
505,	3,	151.8,	251.846,			5.507,			1.504,			1.504,			5.501,			1.488,			0.897
506,	3,	110.1,	251.86,			5.499,			1.509,			1.509,			5.499,			1.502,			0.899
507,	3,	938.8,	251.897,			5.513,			1.514,			1.514,			5.491,			1.504,			0.89
508,	3,	269.0,	251.91,			5.504,			1.51,			1.51,			5.491,			1.499,			0.908
509,	3,	263.0,	251.951,			5.502,			1.505,			1.505,			5.493,			1.52,			0.903
510,	3,	82.0,	252.139,			5.498,			1.492,			1.492,			5.495,			1.505,			0.902
511,	3,	284.1,	252.186,			5.488,			1.507,			1.507,			5.525,			1.507,			0.899
512,	3,	259.9,	252.201,			5.491,			1.495,			1.495,			5.51,			1.492,			0.894
513,	3,	176.8,	252.336,			5.501,			1.5,			1.5,			5.493,			1.496,			0.899
514,	3,	220.5,	252.348,			5.5,			1.484,			1.484,			5.505,			1.498,			0.9
515,	3,	306.8,	252.505,			5.499,			1.5,			1.5,			5.504,			1.5,			0.895
516,	3,	74.1,	252.522,			5.5,			1.507,			1.507,			5.515,			1.496,			0.906
517,	3,	988.0,	252.54,			5.506,			1.506,			1.506,			5.511,			1.511,			0.898
518,	3,	118.2,	252.614,			5.486,			1.479,			1.479,			5.495,			1.5,			0.902
519,	3,	244.8,	252.659,			5.491,			1.521,			1.521,			5.509,			1.485,			0.898
520,	3,	170.1,	252.719,			5.496,			1.499,			1.499,			5.499,			1.502,			0.9
521,	3,	645.4,	252.804,			5.504,			1.492,			1.492,			5.485,			1.5,			0.903
522,	3,	147.7,	252.829,			5.51,			1.506,			1.506,			5.501,			1.513,			0.893
523,	3,	256.3,	252.895,			5.512,			1.493,			1.493,			5.512,			1.505,			0.897
524,	3,	271.6,	252.938,			5.502,			1.488,			1.488,			5.516,			1.505,			0.903
525,	3,	73.0,	253.007,			5.508,			1.491,			1.491,			5.481,			1.504,			0.902
526,	1,	6.0,	253.343,			1.464,			0.964,			0.964,			1.455,			0.96,			0.5
527,	1,	49.0,	253.694,			1.461,			0.956,			0.956,			1.467,			0.974,			0.5
528,	1,	44.0,	254.243,			1.466,			0.955,			0.955,			1.459,			0.976,			0.499
529,	1,	103.0,	254.635,			1.461,			0.983,			0.983,			1.461,			0.98,			0.499
530,	2,	138.0,	255.106,			2.316,			0.095,			0.095,			2.312,			0.1,			0.05
531,	1,	95.0,	255.456,			1.458,			0.976,			0.976,			1.464,			0.969,			0.501
532,	1,	10.0,	255.51,			1.449,			0.965,			0.965,			1.451,			0.962,			0.499
533,	1,	30.0,	255.757,			1.462,			0.974,			0.974,			1.45,			0.984,			0.5
534,	1,	7.0,	256.176,			1.47,			0.982,			0.982,			1.454,			0.974,			0.499
535,	1,	10.0,	256.305,			1.451,			0.97,			0.97,			1.452,			0.954,			0.498
536,	1,	169.0,	256.523,			1.452,			0.982,			0.982,			1.45,			0.97,			0.498
537,	1,	169.0,	257.127,			1.457,			0.963,			0.963,			1.45,			0.961,			0.501
538,	1,	6.0,	257.205,			1.453,			0.966,			0.966,			1.456,			0.981,			0.499
539,	1,	28.0,	257.818,			1.455,			0.995,			0.995,			1.463,			0.97,			0.5
540,	1,	95.0,	258.016,			1.464,			0.962,			0.962,			1.468,			0.981,			0.499
541,	2,	59.0,	258.585,			2.294,			0.094,			0.094,			2.304,			0.108,			0.052
542,	1,	6.0,	258.676,			1.476,			0.98,			0.98,			1.453,			0.938,			0.5
543,	1,	7.0,	259.057,			1.447,			0.964,			0.964,			1.459,			0.98,			0.499
544,	1,	7.0,	259.443,			1.446,			0.977,			0.977,			1.464,			0.97,			0.5
545,	1,	7.0,	259.646,			1.457,			0.97,			0.97,			1.455,			0.966,			0.5
546,	1,	7.0,	260.243,			1.443,			0.967,			0.967,			1.456,			0.986,			0.499
547,	1,	379.0,	260.284,			1.484,			0.968,			0.968,			1.449,			0.958,			0.501
548,	1,	120.0,	260.384,			1.451,			0.98,			0.98,			1.465,			0.979,			0.501
549,	1,	49.0,	260.575,			1.46,			0.966,			0.966,			1.451,			0.975,			0.5
550,	1,	49.0,	260.772,			1.478,			0.969,			0.969,			1.462,			0.975,			0.5
551,	1,	95.0,	260.819,			1.456,			0.974,			0.974,			1.469,			0.981,			0.5
552,	2,	237.0,	261.086,			2.297,			0.107,			0.107,			2.316,			0.094,			0.049
553,	1,	498.0,	261.16,			1.481,			0.958,			0.958,			1.456,			0.987,			0.501
554,	1,	13.0,	261.836,			1.443,			0.963,			0.963,			1.447,			0.977,			0.5
555,	1,	214.0,	262.416,			1.467,			0.961,			0.961,			1.447,			0.977,			0.5
556,	1,	146.0,	262.442,			1.464,			0.959,			0.959,			1.464,			0.984,			0.501
557,	2,	323.0,	262.45,			2.307,			0.101,			0.101,			2.314,			0.1,			0.049
558,	2,	82.0,	262.547,			2.29,			0.105,			0.105,			2.283,			0.097,			0.049
559,	1,	6.0,	262.614,			1.465,			0.992,			0.992,			1.457,			0.958,			0.498
560,	1,	7.0,	262.822,			1.467,			0.955,			0.955,			1.467,			0.968,			0.501
561,	1,	157.0,	263.161,			1.443,			0.966,			0.966,			1.466,			0.974,			0.5
562,	2,	126.0,	263.308,			2.298,			0.093,			0.093,			2.306,			0.099,			0.051
563,	2,	87.0,	263.38,			2.302,			0.098,			0.098,			2.291,			0.1,			0.05
564,	1,	6.0,	263.383,			1.455,			0.972,			0.972,			1.458,			0.97,			0.499
565,	1,	6.0,	263.485,			1.456,			0.975,			0.975,			1.454,			0.98,			0.5
566,	1,	126.0,	264.083,			1.456,			0.995,			0.995,			1.458,			0.981,			0.501
567,	2,	128.0,	264.477,			2.309,			0.1,			0.1,			2.295,			0.105,			0.05
568,	1,	13.0,	264.68,			1.445,			0.97,			0.97,			1.451,			0.968,			0.499
569,	1,	44.0,	265.726,			1.449,			0.961,			0.961,			1.456,			0.966,			0.5
570,	1,	90.0,	266.41,			1.454,			0.95,			0.95,			1.459,			0.971,			0.499
571,	1,	95.0,	266.454,			1.441,			0.968,			0.968,			1.466,			0.955,			0.499
572,	1,	10.0,	266.595,			1.487,			0.97,			0.97,			1.458,			0.978,			0.5
573,	1,	498.0,	266.924,			1.468,			0.965,			0.965,			1.462,			0.965,			0.5
574,	1,	447.0,	267.035,			1.464,			0.982,			0.982,			1.448,			0.968,			0.502
575,	1,	28.0,	267.289,			1.456,			0.964,			0.964,			1.45,			0.959,			0.5
576,	2,	93.0,	267.894,			2.313,			0.098,			0.098,			2.309,			0.104,			0.05
577,	1,	28.0,	268.033,			1.456,			0.986,			0.986,			1.463,			0.983,			0.498
578,	1,	120.0,	268.197,			1.463,			0.974,			0.974,			1.464,			0.97,			0.498
579,	2,	106.0,	268.215,			2.306,			0.104,			0.104,			2.298,			0.104,			0.049
580,	1,	103.0,	268.378,			1.474,			0.968,			0.968,			1.457,			0.971,			0.5
581,	1,	13.0,	268.412,			1.457,			0.982,			0.982,			1.461,			0.978,			0.502
582,	1,	28.0,	268.519,			1.449,			0.981,			0.981,			1.469,			0.98,			0.499
583,	1,	95.0,	269.006,			1.474,			0.982,			0.982,			1.457,			0.948,			0.499
584,	2,	117.0,	269.153,			2.304,			0.098,			0.098,			2.284,			0.097,			0.049
585,	1,	7.0,	269.251,			1.483,			0.965,			0.965,			1.455,			0.988,			0.5
586,	1,	44.0,	269.364,			1.457,			0.975,			0.975,			1.465,			0.962,			0.499
587,	1,	59.0,	270.185,			1.447,			0.971,			0.971,			1.467,			0.98,			0.501
588,	1,	59.0,	270.771,			1.447,			0.969,			0.969,			1.455,			0.954,			0.501
589,	1,	512.0,	271.175,			1.462,			0.981,			0.981,			1.462,			0.973,			0.499
590,	1,	6.0,	271.319,			1.462,			0.975,			0.975,			1.448,			0.975,			0.499
591,	1,	44.0,	271.321,			1.456,			0.977,			0.977,			1.45,			0.963,			0.501
592,	2,	218.0,	271.826,			2.305,			0.098,			0.098,			2.322,			0.094,			0.048
593,	2,	153.0,	272.262,			2.279,			0.099,			0.099,			2.301,			0.103,			0.05
594,	1,	13.0,	272.55,			1.47,			0.959,			0.959,			1.47,			0.97,			0.499
595,	1,	13.0,	273.014,			1.456,			0.965,			0.965,			1.446,			0.962,			0.501
596,	1,	7.0,	273.435,			1.467,			0.968,			0.968,			1.462,			0.975,			0.499
597,	1,	13.0,	273.604,			1.454,			0.957,			0.957,			1.465,			0.977,			0.502
598,	2,	182.0,	273.847,			2.293,			0.1,			0.1,			2.31,			0.107,			0.049
599,	1,	126.0,	274.071,			1.463,			0.96,			0.96,			1.46,			0.972,			0.501
600,	1,	379.0,	274.463,			1.47,			0.968,			0.968,			1.479,			0.975,			0.5
601,	2,	194.0,	274.935,			2.286,			0.106,			0.106,			2.297,			0.101,			0.051
602,	1,	49.0,	275.396,			1.452,			0.949,			0.949,			1.463,			0.962,			0.5
603,	1,	379.0,	275.521,			1.456,			0.978,			0.978,			1.463,			0.973,			0.5
604,	1,	559.0,	275.669,			1.485,			0.981,			0.981,			1.47,			0.982,			0.501
605,	1,	6.0,	275.674,			1.46,			0.958,			0.958,			1.469,			0.972,			0.5
606,	2,	192.0,	276.281,			2.305,			0.099,			0.099,			2.294,			0.101,			0.05
607,	3,	84.9,	276.721,			5.491,			1.499,			1.499,			5.508,			1.502,			0.902
608,	1,	49.0,	276.728,			1.465,			0.961,			0.961,			1.44,			0.96,			0.5
609,	3,	620.7,	276.877,			5.497,			1.512,			1.512,			5.491,			1.503,			0.891
610,	2,	118.0,	277.076,			2.304,			0.092,			0.092,			2.287,			0.109,			0.05
611,	3,	330.9,	277.311,			5.502,			1.492,			1.492,			5.507,			1.517,			0.901
612,	2,	257.0,	277.57,			2.31,			0.105,			0.105,			2.301,			0.099,			0.049
613,	1,	379.0,	277.711,			1.463,			0.972,			0.972,			1.452,			0.966,			0.499
614,	3,	184.6,	278.078,			5.49,			1.507,			1.507,			5.507,			1.5,			0.904
615,	3,	457.9,	278.151,			5.476,			1.499,			1.499,			5.497,			1.499,			0.892
616,	1,	90.0,	278.34,			1.464,			0.965,			0.965,			1.467,			0.978,			0.499
617,	3,	243.0,	278.443,			5.502,			1.483,			1.483,			5.515,			1.5,			0.895
618,	2,	134.0,	278.858,			2.307,			0.1,			0.1,			2.303,			0.098,			0.051
619,	3,	407.0,	279.543,			5.505,			1.498,			1.498,			5.527,			1.488,			0.896
620,	1,	120.0,	279.549,			1.451,			0.987,			0.987,			1.452,			0.971,			0.501
621,	3,	509.1,	279.588,			5.501,			1.48,			1.48,			5.492,			1.494,			0.897
622,	1,	7.0,	279.694,			1.491,			0.973,			0.973,			1.472,			0.965,			0.499
623,	1,	95.0,	279.86,			1.461,			0.988,			0.988,			1.459,			0.961,			0.498
624,	2,	100.0,	279.96,			2.301,			0.1,			0.1,			2.3,			0.1,			0.049
625,	3,	63.2,	280.09,			5.5,			1.512,			1.512,			5.507,			1.471,			0.896
626,	1,	169.0,	280.097,			1.464,			0.985,			0.985,			1.464,			0.953,			0.499
627,	2,	114.0,	280.323,			2.3,			0.111,			0.111,			2.301,			0.105,			0.05
628,	3,	184.1,	281.037,			5.495,			1.517,			1.517,			5.498,			1.499,			0.904
629,	1,	169.0,	281.047,			1.453,			0.978,			0.978,			1.454,			0.954,			0.499
630,	1,	44.0,	281.061,			1.456,			0.974,			0.974,			1.455,			0.949,			0.501
631,	1,	13.0,	281.166,			1.467,			0.965,			0.965,			1.456,			0.959,			0.502
632,	1,	49.0,	281.471,			1.462,			0.982,			0.982,			1.459,			0.983,			0.501
633,	1,	6.0,	282.176,			1.47,			0.966,			0.966,			1.476,			0.977,			0.501
634,	1,	120.0,	282.218,			1.473,			0.975,			0.975,			1.474,			0.981,			0.501
635,	1,	498.0,	282.272,			1.491,			0.965,			0.965,			1.454,			0.983,			0.5
636,	1,	10.0,	282.988,			1.468,			0.981,			0.981,			1.462,			0.956,			0.501
637,	1,	90.0,	283.496,			1.473,			0.961,			0.961,			1.469,			0.978,			0.5
638,	1,	7.0,	283.767,			1.458,			0.965,			0.965,			1.465,			0.978,			0.5
639,	2,	266.0,	284.015,			2.291,			0.1,			0.1,			2.278,			0.104,			0.051
640,	1,	59.0,	284.206,			1.462,			0.976,			0.976,			1.465,			0.983,			0.499
641,	1,	49.0,	284.449,			1.477,			0.977,			0.977,			1.47,			0.966,			0.499
642,	1,	16.0,	284.65,			1.457,			0.975,			0.975,			1.463,			0.968,			0.501
643,	1,	49.0,	284.663,			1.446,			0.971,			0.971,			1.45,			0.959,			0.499
644,	2,	256.0,	284.945,			2.318,			0.103,			0.103,			2.306,			0.095,			0.051
645,	1,	95.0,	285.286,			1.456,			0.979,			0.979,			1.447,			0.967,			0.5
646,	1,	126.0,	286.267,			1.454,			0.971,			0.971,			1.477,			0.968,			0.499
647,	1,	90.0,	286.359,			1.475,			0.956,			0.956,			1.46,			0.986,			0.5
648,	1,	16.0,	286.515,			1.454,			0.983,			0.983,			1.46,			0.963,			0.5
649,	1,	49.0,	287.006,			1.459,			0.95,			0.95,			1.46,			0.947,			0.5
650,	1,	103.0,	287.604,			1.456,			0.98,			0.98,			1.449,			0.969,			0.5
651,	1,	498.0,	287.625,			1.486,			0.967,			0.967,			1.466,			0.966,			0.5
652,	1,	6.0,	287.811,			1.445,			0.963,			0.963,			1.478,			0.979,			0.5
653,	1,	90.0,	287.867,			1.445,			0.947,			0.947,			1.468,			0.958,			0.5
654,	1,	7.0,	288.026,			1.451,			0.973,			0.973,			1.446,			0.974,			0.499
655,	1,	379.0,	288.407,			1.44,			0.961,			0.961,			1.471,			0.975,			0.5
656,	2,	105.0,	288.452,			2.295,			0.107,			0.107,			2.293,			0.1,			0.05
657,	1,	30.0,	288.751,			1.453,			0.975,			0.975,			1.479,			0.963,			0.498
658,	2,	205.0,	289.116,			2.298,			0.108,			0.108,			2.29,			0.106,			0.051
659,	1,	7.0,	289.369,			1.464,			0.97,			0.97,			1.451,			0.973,			0.502
660,	1,	7.0,	289.666,			1.467,			0.976,			0.976,			1.451,			0.972,			0.499
661,	1,	126.0,	289.771,			1.445,			0.956,			0.956,			1.461,			0.977,			0.501
662,	1,	49.0,	291.178,			1.474,			0.963,			0.963,			1.452,			0.978,			0.502
663,	1,	169.0,	291.327,			1.452,			0.952,			0.952,			1.448,			0.971,			0.501
664,	1,	146.0,	292.303,			1.481,			0.967,			0.967,			1.451,			0.991,			0.5
665,	2,	157.0,	292.468,			2.302,			0.097,			0.097,			2.309,			0.106,			0.05
666,	1,	95.0,	292.897,			1.45,			0.975,			0.975,			1.459,			0.988,			0.501
667,	1,	49.0,	293.858,			1.449,			0.971,			0.971,			1.464,			0.974,			0.5
668,	1,	169.0,	293.867,			1.488,			0.96,			0.96,			1.472,			0.976,			0.499
669,	1,	387.0,	293.954,			1.461,			0.958,			0.958,			1.457,			0.965,			0.501
670,	1,	498.0,	293.99,			1.454,			0.975,			0.975,			1.467,			0.961,			0.499
671,	2,	203.0,	294.159,			2.295,			0.095,			0.095,			2.298,			0.1,			0.05
672,	1,	90.0,	294.287,			1.474,			0.974,			0.974,			1.447,			0.966,			0.499
673,	1,	512.0,	294.304,			1.442,			0.962,			0.962,			1.474,			0.968,			0.5
674,	1,	498.0,	294.772,			1.469,			0.975,			0.975,			1.468,			0.968,			0.501
675,	1,	103.0,	295.086,			1.452,			0.975,			0.975,			1.466,			0.977,			0.5
676,	1,	30.0,	295.119,			1.437,			0.98,			0.98,			1.44,			0.963,			0.5
677,	1,	7.0,	295.323,			1.462,			0.974,			0.974,			1.468,			0.978,			0.497
678,	2,	126.0,	295.862,			2.312,			0.1,			0.1,			2.304,			0.105,			0.05
679,	1,	157.0,	296.033,			1.455,			0.965,			0.965,			1.468,			0.975,			0.499
680,	1,	157.0,	296.116,			1.462,			0.968,			0.968,			1.452,			0.977,			0.499
681,	1,	146.0,	297.1,			1.456,			0.989,			0.989,			1.457,			0.962,			0.5
682,	1,	6.0,	297.327,			1.459,			0.984,			0.984,			1.447,			0.962,			0.5
683,	1,	44.0,	297.501,			1.46,			0.977,			0.977,			1.455,			0.961,			0.5
684,	1,	387.0,	297.595,			1.444,			0.981,			0.981,			1.467,			0.956,			0.499
685,	3,	115.5,	297.618,			5.504,			1.496,			1.496,			5.506,			1.492,			0.899
686,	3,	764.8,	297.677,			5.498,			1.487,			1.487,			5.498,			1.495,			0.906
687,	3,	180.5,	297.744,			5.495,			1.51,			1.51,			5.506,			1.511,			0.903
688,	3,	720.7,	297.811,			5.496,			1.512,			1.512,			5.48,			1.493,			0.896
689,	2,	171.0,	297.856,			2.287,			0.114,			0.114,			2.307,			0.092,			0.05
690,	3,	112.4,	297.911,			5.489,			1.478,			1.478,			5.523,			1.497,			0.902
691,	1,	59.0,	297.994,			1.467,			0.969,			0.969,			1.473,			0.983,			0.5
692,	3,	703.2,	298.279,			5.484,			1.509,			1.509,			5.509,			1.482,			0.898
693,	3,	121.3,	298.304,			5.498,			1.516,			1.516,			5.509,			1.5,			0.912
694,	3,	130.5,	298.309,			5.501,			1.497,			1.497,			5.502,			1.517,			0.905
695,	3,	190.7,	298.339,			5.499,			1.509,			1.509,			5.481,			1.5,			0.904
696,	3,	124.1,	298.526,			5.514,			1.495,			1.495,			5.483,			1.486,			0.891
697,	3,	130.1,	298.527,			5.494,			1.495,			1.495,			5.508,			1.505,			0.908
698,	1,	6.0,	298.539,			1.455,			0.964,			0.964,			1.454,			0.978,			0.499
699,	3,	212.4,	298.595,			5.496,			1.492,			1.492,			5.503,			1.513,			0.897
700,	3,	152.1,	298.7,			5.49,			1.498,			1.498,			5.49,			1.492,			0.904
701,	3,	152.9,	298.874,			5.489,			1.498,			1.498,			5.501,			1.512,			0.898
702,	3,	188.8,	298.964,			5.497,			1.521,			1.521,			5.496,			1.492,			0.901
703,	3,	620.7,	299.065,			5.508,			1.5,			1.5,			5.505,			1.497,			0.891
704,	3,	112.3,	299.125,			5.509,			1.483,			1.483,			5.507,			1.505,			0.899
705,	2,	115.0,	299.149,			2.298,			0.1,			0.1,			2.297,			0.099,			0.05
706,	3,	312.7,	299.182,			5.487,			1.501,			1.501,			5.501,			1.5,			0.907
707,	3,	544.3,	299.25,			5.479,			1.513,			1.513,			5.504,			1.494,			0.903
708,	3,	236.3,	299.281,			5.496,			1.496,			1.496,			5.496,			1.481,			0.896
709,	3,	148.7,	299.354,			5.494,			1.498,			1.498,			5.52,			1.495,			0.903
710,	3,	137.4,	299.534,			5.497,			1.482,			1.482,			5.485,			1.49,			0.903
711,	3,	461.2,	299.564,			5.508,			1.489,			1.489,			5.496,			1.497,			0.908
712,	3,	146.0,	299.577,			5.511,			1.499,			1.499,			5.511,			1.512,			0.897
713,	3,	143.5,	299.591,			5.501,			1.497,			1.497,			5.496,			1.52,			0.896
714,	3,	59.6,	299.596,			5.504,			1.494,			1.494,			5.504,			1.508,			0.902
715,	3,	185.1,	299.597,			5.516,			1.505,			1.505,			5.528,			1.527,			0.889
716,	3,	100.1,	299.629,			5.504,			1.5,			1.5,			5.488,			1.5,			0.896
717,	3,	567.1,	299.642,			5.522,			1.495,			1.495,			5.498,			1.503,			0.891
718,	3,	153.2,	299.693,			5.525,			1.515,			1.515,			5.528,			1.51,			0.899
719,	3,	893.0,	299.694,			5.509,			1.485,			1.485,			5.508,			1.501,			0.895
720,	3,	156.6,	299.698,			5.499,			1.5,			1.5,			5.504,			1.505,			0.896
721,	3,	171.5,	299.701,			5.494,			1.499,			1.499,			5.505,			1.502,			0.902
722,	3,	328.7,	299.738,			5.507,			1.513,			1.513,			5.508,			1.51,			0.903
723,	3,	86.2,	299.76,			5.493,			1.509,			1.509,			5.49,			1.499,			0.897
724,	3,	76.8,	299.823,			5.509,			1.496,			1.496,			5.487,			1.506,			0.908
725,	3,	353.8,	299.903,			5.515,			1.505,			1.505,			5.52,			1.499,			0.898
726,	3,	163.8,	300.101,			5.496,			1.498,			1.498,			5.5,			1.503,			0.898
727,	3,	173.2,	300.21,			5.499,			1.498,			1.498,			5.497,			1.5,			0.906
728,	3,	164.1,	300.241,			5.493,			1.512,			1.512,			5.506,			1.484,			0.897
729,	1,	30.0,	300.243,			1.468,			0.965,			0.965,			1.468,			0.974,			0.5
730,	3,	720.7,	300.385,			5.487,			1.513,			1.513,			5.516,			1.491,			0.903
731,	3,	125.5,	300.458,			5.496,			1.49,			1.49,			5.5,			1.503,			0.891
732,	3,	81.6,	300.473,			5.513,			1.518,			1.518,			5.528,			1.51,			0.902
733,	2,	129.0,	300.483,			2.287,			0.097,			0.097,			2.311,			0.096,			0.05
734,	3,	263.0,	300.514,			5.496,			1.497,			1.497,			5.501,			1.5,			0.898
735,	1,	157.0,	300.574,			1.465,			0.968,			0.968,			1.461,			0.964,			0.499
736,	3,	74.3,	300.616,			5.506,			1.5,			1.5,			5.497,			1.492,			0.888
737,	3,	280.5,	300.765,			5.517,			1.502,			1.502,			5.506,			1.495,			0.903
738,	3,	497.1,	300.784,			5.506,			1.503,			1.503,			5.483,			1.503,			0.907
739,	3,	134.0,	300.893,			5.501,			1.51,			1.51,			5.496,			1.492,			0.893
740,	3,	147.0,	301.012,			5.522,			1.506,			1.506,			5.498,			1.502,			0.902
741,	3,	182.1,	301.046,			5.48,			1.497,			1.497,			5.504,			1.513,			0.906
742,	3,	467.1,	301.141,			5.49,			1.5,			1.5,			5.501,			1.497,			0.895
743,	3,	163.5,	301.211,			5.488,			1.489,			1.489,			5.501,			1.499,			0.903
744,	3,	184.1,	301.231,			5.499,			1.508,			1.508,			5.491,			1.493,			0.901
745,	3,	435.4,	301.382,			5.505,			1.501,			1.501,			5.509,			1.501,			0.905
746,	3,	63.2,	301.493,			5.503,			1.497,			1.497,			5.5,			1.487,			0.914
747,	3,	224.1,	301.504,			5.48,			1.51,			1.51,			5.506,			1.506,			0.908
748,	3,	71.8,	301.554,			5.499,			1.509,			1.509,			5.492,			1.52,			0.901
749,	3,	92.3,	301.583,			5.479,			1.515,			1.515,			5.501,			1.5,			0.903
750,	3,	323.5,	301.616,			5.496,			1.504,			1.504,			5.496,			1.488,			0.897
751,	3,	212.4,	301.632,			5.502,			1.498,			1.498,			5.506,			1.5,			0.895
752,	3,	227.0,	301.692,			5.493,			1.484,			1.484,			5.505,			1.502,			0.902
753,	3,	287.9,	301.807,			5.503,			1.496,			1.496,			5.508,			1.491,			0.895
754,	3,	236.3,	301.82,			5.507,			1.502,			1.502,			5.5,			1.492,			0.895
755,	3,	288.4,	301.904,			5.501,			1.496,			1.496,			5.493,			1.491,			0.896
756,	3,	173.2,	301.974,			5.503,			1.512,			1.512,			5.502,			1.507,			0.892
757,	3,	449.9,	302.028,			5.5,			1.488,			1.488,			5.496,			1.497,			0.897
758,	3,	215.9,	302.135,			5.509,			1.499,			1.499,			5.515,			1.49,			0.893
759,	3,	364.1,	302.147,			5.494,			1.496,			1.496,			5.491,			1.497,			0.914
760,	3,	130.1,	302.17,			5.507,			1.486,			1.486,			5.504,			1.495,			0.896
761,	3,	220.7,	302.202,			5.528,			1.488,			1.488,			5.518,			1.488,			0.911
762,	3,	117.9,	302.304,			5.504,			1.48,			1.48,			5.496,			1.489,			0.899
763,	1,	49.0,	302.316,			1.443,			0.971,			0.971,			1.453,			0.987,			0.498
764,	3,	184.3,	302.511,			5.492,			1.509,			1.509,			5.501,			1.52,			0.901
765,	3,	90.7,	302.517,			5.495,			1.497,			1.497,			5.492,			1.506,			0.901
766,	3,	184.3,	302.567,			5.497,			1.51,			1.51,			5.508,			1.486,			0.907
767,	2,	155.0,	302.603,			2.306,			0.101,			0.101,			2.291,			0.112,			0.051
768,	1,	44.0,	302.79,			1.454,			0.969,			0.969,			1.456,			0.968,			0.501
769,	1,	103.0,	303.241,			1.461,			0.953,			0.953,			1.463,			0.974,			0.501
770,	1,	10.0,	303.441,			1.469,			0.969,			0.969,			1.457,			0.99,			0.5
771,	1,	30.0,	303.751,			1.454,			0.99,			0.99,			1.463,			0.963,			0.5
772,	1,	157.0,	303.8,			1.472,			0.964,			0.964,			1.454,			0.968,			0.501
773,	1,	44.0,	304.273,			1.44,			0.979,			0.979,			1.466,			0.972,			0.501
774,	1,	447.0,	304.433,			1.475,			0.967,			0.967,			1.464,			0.967,			0.5
775,	1,	10.0,	304.983,			1.45,			0.98,			0.98,			1.449,			0.967,			0.501
776,	1,	157.0,	305.329,			1.441,			0.979,			0.979,			1.459,			0.98,			0.501
777,	1,	44.0,	305.582,			1.449,			0.966,			0.966,			1.463,			0.975,			0.5
778,	1,	169.0,	306.246,			1.461,			0.979,			0.979,			1.474,			0.966,			0.497
779,	1,	498.0,	306.404,			1.451,			0.976,			0.976,			1.453,			0.957,			0.499
780,	1,	559.0,	307.246,			1.459,			0.975,			0.975,			1.451,			0.976,			0.499
781,	2,	91.0,	307.838,			2.316,			0.094,			0.094,			2.296,			0.11,			0.051
782,	1,	7.0,	307.86,			1.468,			0.956,			0.956,			1.47,			0.976,			0.499
783,	1,	6.0,	308.114,			1.462,			0.979,			0.979,			1.436,			0.961,			0.5
784,	1,	169.0,	308.518,			1.463,			0.966,			0.966,			1.468,			0.963,			0.5
785,	1,	30.0,	308.9,			1.46,			0.963,			0.963,			1.457,			0.954,			0.5
786,	1,	30.0,	309.092,			1.449,			0.963,			0.963,			1.466,			0.965,			0.498
787,	2,	120.0,	309.193,			2.307,			0.098,			0.098,			2.314,			0.109,			0.052
788,	1,	214.0,	309.312,			1.485,			0.963,			0.963,			1.455,			0.974,			0.5
789,	2,	91.0,	309.45,			2.306,			0.102,			0.102,			2.3,			0.097,			0.052
790,	2,	290.0,	310.523,			2.291,			0.097,			0.097,			2.309,			0.105,			0.049
791,	1,	7.0,	310.844,			1.457,			0.971,			0.971,			1.467,			0.975,			0.501
792,	1,	10.0,	311.426,			1.461,			0.979,			0.979,			1.45,			0.962,			0.499
793,	1,	379.0,	311.472,			1.466,			0.971,			0.971,			1.435,			0.988,			0.5
794,	1,	7.0,	311.479,			1.444,			0.974,			0.974,			1.48,			0.977,			0.499
795,	2,	115.0,	311.717,			2.31,			0.097,			0.097,			2.304,			0.105,			0.051
796,	1,	146.0,	312.244,			1.445,			0.975,			0.975,			1.48,			0.979,			0.501
797,	1,	49.0,	312.554,			1.469,			0.969,			0.969,			1.457,			0.965,			0.5
798,	1,	44.0,	312.848,			1.458,			0.966,			0.966,			1.471,			0.969,			0.501
799,	1,	7.0,	314.094,			1.463,			0.983,			0.983,			1.484,			0.969,			0.499
800,	1,	387.0,	314.099,			1.478,			0.975,			0.975,			1.463,			0.98,			0.502
801,	2,	144.0,	314.455,			2.306,			0.096,			0.096,			2.318,			0.105,			0.049
802,	1,	387.0,	315.029,			1.458,			0.958,			0.958,			1.46,			0.982,			0.501
803,	2,	88.0,	315.256,			2.298,			0.092,			0.092,			2.287,			0.095,			0.05
804,	2,	228.0,	315.437,			2.298,			0.103,			0.103,			2.305,			0.098,			0.05
805,	1,	6.0,	316.151,			1.462,			0.972,			0.972,			1.469,			0.967,			0.5
806,	2,	90.0,	316.711,			2.303,			0.103,			0.103,			2.3,			0.096,			0.049
807,	1,	90.0,	317.214,			1.462,			0.968,			0.968,			1.449,			0.969,			0.5
808,	1,	146.0,	317.274,			1.468,			0.976,			0.976,			1.457,			0.963,			0.5
809,	1,	95.0,	317.747,			1.468,			0.979,			0.979,			1.454,			0.977,			0.5
810,	1,	44.0,	318.863,			1.45,			0.961,			0.961,			1.47,			0.974,			0.499
811,	1,	90.0,	319.565,			1.465,			0.954,			0.954,			1.469,			0.965,			0.5
812,	1,	7.0,	319.593,			1.453,			0.966,			0.966,			1.448,			0.972,			0.499
813,	1,	6.0,	321.422,			1.471,			0.974,			0.974,			1.436,			0.965,			0.501
814,	1,	379.0,	321.524,			1.458,			0.966,			0.966,			1.456,			0.962,			0.5
815,	2,	83.0,	322.696,			2.302,			0.1,			0.1,			2.302,			0.098,			0.05
816,	1,	6.0,	322.921,			1.451,			0.981,			0.981,			1.453,			0.978,			0.501
817,	1,	95.0,	323.033,			1.444,			0.969,			0.969,			1.462,			0.971,			0.5
818,	1,	447.0,	323.494,			1.474,			0.975,			0.975,			1.459,			0.959,			0.499
819,	1,	126.0,	323.67,			1.441,			0.968,			0.968,			1.444,			0.953,			0.5
820,	1,	7.0,	323.888,			1.484,			0.968,			0.968,			1.47,			0.955,			0.5
821,	1,	13.0,	324.006,			1.459,			0.963,			0.963,			1.468,			0.983,			0.5
822,	2,	181.0,	324.008,			2.318,			0.097,			0.097,			2.303,			0.095,			0.049
823,	1,	512.0,	324.581,			1.461,			0.976,			0.976,			1.469,			0.984,			0.5
824,	1,	59.0,	324.749,			1.475,			0.97,			0.97,			1.456,			0.956,			0.501
825,	1,	498.0,	325.108,			1.449,			0.98,			0.98,			1.479,			0.958,			0.501
826,	2,	169.0,	325.528,			2.307,			0.112,			0.112,			2.302,			0.106,			0.05
827,	1,	28.0,	326.549,			1.45,			0.969,			0.969,			1.439,			0.954,			0.5
828,	1,	13.0,	326.582,			1.468,			0.987,			0.987,			1.469,			0.964,			0.5
829,	2,	84.0,	327.062,			2.305,			0.09,			0.09,			2.301,			0.098,			0.051
830,	2,	106.0,	328.662,			2.317,			0.098,			0.098,			2.29,			0.092,			0.05
831,	2,	120.0,	330.104,			2.307,			0.107,			0.107,			2.318,			0.106,			0.05
832,	2,	189.0,	330.633,			2.309,			0.093,			0.093,			2.308,			0.099,			0.049
833,	1,	30.0,	332.591,			1.451,			0.966,			0.966,			1.445,			0.977,			0.5
834,	2,	56.0,	333.301,			2.304,			0.104,			0.104,			2.305,			0.101,			0.052
835,	2,	139.0,	333.44,			2.306,			0.093,			0.093,			2.296,			0.108,			0.05
836,	2,	113.0,	333.687,			2.305,			0.104,			0.104,			2.291,			0.105,			0.051
837,	2,	91.0,	334.259,			2.302,			0.1,			0.1,			2.288,			0.103,			0.049
838,	1,	28.0,	334.942,			1.467,			0.968,			0.968,			1.47,			0.983,			0.5
839,	2,	280.0,	335.084,			2.293,			0.097,			0.097,			2.308,			0.097,			0.049
840,	1,	447.0,	335.203,			1.462,			0.971,			0.971,			1.48,			0.975,			0.5
841,	2,	165.0,	335.992,			2.316,			0.098,			0.098,			2.314,			0.104,			0.05
842,	1,	28.0,	336.0,			1.472,			0.971,			0.971,			1.458,			0.993,			0.498
843,	1,	7.0,	337.585,			1.471,			0.965,			0.965,			1.441,			0.956,			0.501
844,	1,	447.0,	337.597,			1.478,			0.981,			0.981,			1.441,			0.967,			0.502
845,	1,	6.0,	338.641,			1.453,			0.974,			0.974,			1.458,			0.953,			0.501
846,	1,	379.0,	338.881,			1.47,			0.968,			0.968,			1.463,			0.953,			0.5
847,	1,	6.0,	339.252,			1.478,			0.986,			0.986,			1.465,			0.965,			0.499
848,	2,	317.0,	340.032,			2.285,			0.107,			0.107,			2.285,			0.101,			0.05
849,	2,	139.0,	341.181,			2.284,			0.097,			0.097,			2.308,			0.108,			0.05
850,	2,	138.0,	341.765,			2.307,			0.103,			0.103,			2.301,			0.098,			0.05
851,	2,	184.0,	341.924,			2.286,			0.102,			0.102,			2.312,			0.103,			0.049
852,	1,	16.0,	342.836,			1.471,			0.968,			0.968,			1.467,			0.965,			0.501
853,	2,	110.0,	342.964,			2.304,			0.093,			0.093,			2.308,			0.099,			0.051
854,	2,	128.0,	343.303,			2.307,			0.109,			0.109,			2.307,			0.094,			0.051
855,	1,	44.0,	344.309,			1.462,			0.983,			0.983,			1.462,			0.964,			0.5
856,	1,	157.0,	344.31,			1.464,			0.983,			0.983,			1.471,			0.971,			0.499
857,	2,	150.0,	347.471,			2.319,			0.096,			0.096,			2.31,			0.098,			0.048
858,	1,	169.0,	347.802,			1.455,			0.969,			0.969,			1.452,			0.978,			0.5
859,	1,	90.0,	348.036,			1.474,			0.95,			0.95,			1.445,			0.986,			0.5
860,	1,	447.0,	348.482,			1.454,			0.953,			0.953,			1.465,			0.961,			0.501
861,	1,	28.0,	349.42,			1.45,			0.962,			0.962,			1.457,			0.969,			0.501
862,	1,	498.0,	349.792,			1.445,			0.967,			0.967,			1.466,			0.966,			0.5
863,	1,	6.0,	350.694,			1.47,			0.959,			0.959,			1.467,			0.973,			0.499
864,	2,	203.0,	350.718,			2.297,			0.107,			0.107,			2.291,			0.096,			0.049
865,	1,	120.0,	351.615,			1.45,			0.969,			0.969,			1.462,			0.961,			0.502
866,	1,	126.0,	351.628,			1.477,			0.965,			0.965,			1.47,			0.965,			0.501
867,	2,	208.0,	352.382,			2.309,			0.093,			0.093,			2.303,			0.102,			0.048
868,	2,	152.0,	352.932,			2.31,			0.098,			0.098,			2.302,			0.101,			0.051
869,	1,	379.0,	354.633,			1.467,			0.974,			0.974,			1.477,			0.982,			0.501
870,	1,	120.0,	355.023,			1.46,			0.972,			0.972,			1.456,			0.969,			0.5
871,	2,	180.0,	357.86,			2.288,			0.104,			0.104,			2.289,			0.099,			0.049
872,	1,	6.0,	358.295,			1.471,			0.983,			0.983,			1.462,			0.969,			0.501
873,	2,	154.0,	358.451,			2.303,			0.101,			0.101,			2.3,			0.096,			0.05
874,	1,	379.0,	358.747,			1.464,			0.979,			0.979,			1.464,			0.977,			0.502
875,	1,	44.0,	359.587,			1.459,			0.951,			0.951,			1.451,			0.965,			0.5
876,	2,	114.0,	359.672,			2.289,			0.101,			0.101,			2.287,			0.097,			0.049
877,	1,	169.0,	359.782,			1.472,			0.976,			0.976,			1.448,			0.965,			0.5
878,	2,	185.0,	359.885,			2.307,			0.099,			0.099,			2.306,			0.1,			0.049
879,	1,	214.0,	360.096,			1.443,			0.974,			0.974,			1.459,			0.963,			0.5
880,	1,	30.0,	360.127,			1.454,			0.963,			0.963,			1.456,			0.99,			0.501
881,	1,	7.0,	361.32,			1.458,			0.971,			0.971,			1.456,			0.973,			0.499
882,	1,	44.0,	361.726,			1.45,			0.955,			0.955,			1.454,			0.988,			0.5
883,	1,	447.0,	361.988,			1.459,			0.966,			0.966,			1.466,			0.971,			0.5
884,	1,	169.0,	362.125,			1.444,			0.953,			0.953,			1.469,			0.967,			0.5
885,	2,	113.0,	362.85,			2.31,			0.105,			0.105,			2.287,			0.106,			0.051
886,	1,	103.0,	363.563,			1.468,			0.964,			0.964,			1.45,			0.972,			0.5
887,	2,	114.0,	364.838,			2.297,			0.103,			0.103,			2.292,			0.097,			0.049
888,	2,	225.0,	366.183,			2.304,			0.099,			0.099,			2.291,			0.103,			0.049
889,	1,	10.0,	368.325,			1.456,			0.966,			0.966,			1.447,			0.985,			0.5
890,	2,	225.0,	368.987,			2.303,			0.106,			0.106,			2.303,			0.094,			0.05
891,	1,	59.0,	368.996,			1.453,			0.979,			0.979,			1.457,			0.969,			0.501
892,	2,	120.0,	369.111,			2.315,			0.105,			0.105,			2.287,			0.1,			0.051
893,	2,	227.0,	369.14,			2.31,			0.103,			0.103,			2.3,			0.103,			0.051
894,	1,	447.0,	369.456,			1.466,			0.983,			0.983,			1.457,			0.966,			0.502
895,	2,	80.0,	369.487,			2.295,			0.109,			0.109,			2.303,			0.102,			0.048
896,	1,	49.0,	369.622,			1.456,			0.968,			0.968,			1.452,			0.966,			0.5
897,	1,	126.0,	369.761,			1.471,			0.973,			0.973,			1.482,			0.967,			0.499
898,	2,	64.0,	370.109,			2.294,			0.1,			0.1,			2.291,			0.098,			0.051
899,	1,	103.0,	370.837,			1.456,			0.975,			0.975,			1.464,			0.954,			0.5
900,	1,	379.0,	371.539,			1.445,			0.973,			0.973,			1.475,			0.962,			0.501
901,	1,	103.0,	373.27,			1.463,			0.969,			0.969,			1.451,			0.971,			0.499
902,	1,	7.0,	373.347,			1.444,			0.969,			0.969,			1.436,			0.968,			0.5
903,	1,	30.0,	375.168,			1.483,			0.975,			0.975,			1.465,			0.978,			0.501
904,	1,	7.0,	375.838,			1.455,			0.962,			0.962,			1.442,			0.969,			0.5
905,	2,	141.0,	375.937,			2.313,			0.097,			0.097,			2.314,			0.089,			0.048
906,	1,	6.0,	376.013,			1.458,			0.969,			0.969,			1.463,			0.957,			0.501
907,	2,	113.0,	379.873,			2.304,			0.104,			0.104,			2.314,			0.1,			0.046
908,	1,	7.0,	380.457,			1.453,			0.982,			0.982,			1.468,			0.97,			0.499
909,	2,	45.0,	382.927,			2.311,			0.098,			0.098,			2.308,			0.099,			0.05
910,	1,	157.0,	383.065,			1.453,			0.959,			0.959,			1.437,			0.974,			0.499
911,	1,	7.0,	383.419,			1.459,			0.968,			0.968,			1.471,			0.974,			0.5
912,	3,	184.1,	385.417,			5.496,			1.503,			1.503,			5.502,			1.481,			0.908
913,	1,	59.0,	388.749,			1.458,			0.976,			0.976,			1.447,			0.954,			0.5
914,	1,	7.0,	389.866,			1.457,			0.975,			0.975,			1.467,			0.965,			0.5
915,	2,	175.0,	390.192,			2.295,			0.097,			0.097,			2.281,			0.099,			0.049
916,	1,	6.0,	394.317,			1.464,			0.984,			0.984,			1.456,			0.978,			0.499
917,	1,	49.0,	394.67,			1.463,			0.981,			0.981,			1.447,			0.973,			0.5
918,	2,	79.0,	394.827,			2.286,			0.091,			0.091,			2.302,			0.096,			0.05
919,	1,	6.0,	395.392,			1.458,			0.973,			0.973,			1.471,			0.965,			0.5
920,	2,	178.0,	395.841,			2.308,			0.097,			0.097,			2.303,			0.108,			0.051
921,	2,	333.0,	396.054,			2.302,			0.1,			0.1,			2.294,			0.1,			0.049
922,	1,	90.0,	397.095,			1.449,			0.981,			0.981,			1.461,			0.967,			0.499
923,	2,	101.0,	397.397,			2.303,			0.096,			0.096,			2.306,			0.098,			0.05
924,	2,	120.0,	398.158,			2.314,			0.105,			0.105,			2.312,			0.091,			0.05
925,	2,	182.0,	399.664,			2.304,			0.102,			0.102,			2.296,			0.105,			0.051
926,	2,	139.0,	402.271,			2.309,			0.093,			0.093,			2.306,			0.11,			0.049
927,	2,	266.0,	403.463,			2.31,			0.097,			0.097,			2.303,			0.092,			0.049
928,	1,	447.0,	405.047,			1.459,			0.97,			0.97,			1.461,			0.972,			0.5
929,	2,	120.0,	405.279,			2.294,			0.099,			0.099,			2.294,			0.117,			0.049
930,	1,	512.0,	406.296,			1.463,			0.981,			0.981,			1.46,			0.963,			0.5
931,	2,	239.0,	406.943,			2.319,			0.098,			0.098,			2.289,			0.1,			0.049
932,	1,	146.0,	408.87,			1.462,			0.984,			0.984,			1.465,			0.966,			0.5
933,	1,	559.0,	409.812,			1.441,			0.975,			0.975,			1.459,			0.967,			0.501
934,	2,	70.0,	412.312,			2.306,			0.101,			0.101,			2.297,			0.096,			0.051
935,	2,	125.0,	412.361,			2.306,			0.108,			0.108,			2.305,			0.098,			0.049
936,	2,	114.0,	412.564,			2.289,			0.1,			0.1,			2.309,			0.102,			0.048
937,	2,	82.0,	413.11,			2.3,			0.097,			0.097,			2.315,			0.094,			0.05
938,	2,	77.0,	415.051,			2.296,			0.1,			0.1,			2.302,			0.094,			0.051
939,	2,	213.0,	416.46,			2.286,			0.098,			0.098,			2.309,			0.107,			0.047
940,	2,	103.0,	416.878,			2.294,			0.102,			0.102,			2.297,			0.097,			0.048
941,	2,	126.0,	419.03,			2.293,			0.096,			0.096,			2.306,			0.107,			0.05
942,	2,	197.0,	419.153,			2.295,			0.099,			0.099,			2.311,			0.104,			0.05
943,	2,	231.0,	419.817,			2.318,			0.095,			0.095,			2.288,			0.108,			0.051
944,	2,	154.0,	421.438,			2.31,			0.098,			0.098,			2.298,			0.097,			0.052
945,	2,	168.0,	421.861,			2.307,			0.098,			0.098,			2.306,			0.094,			0.05
946,	2,	214.0,	422.186,			2.297,			0.103,			0.103,			2.295,			0.104,			0.048
947,	2,	245.0,	424.593,			2.31,			0.094,			0.094,			2.287,			0.088,			0.051
948,	2,	167.0,	426.153,			2.304,			0.099,			0.099,			2.306,			0.093,			0.05
949,	1,	126.0,	426.494,			1.457,			0.962,			0.962,			1.446,			0.964,			0.5
950,	2,	298.0,	426.575,			2.309,			0.088,			0.088,			2.314,			0.103,			0.051
951,	1,	95.0,	427.898,			1.459,			0.968,			0.968,			1.462,			0.952,			0.5
952,	2,	45.0,	428.269,			2.3,			0.1,			0.1,			2.313,			0.098,			0.051
953,	2,	131.0,	430.453,			2.293,			0.1,			0.1,			2.319,			0.095,			0.049
954,	2,	184.0,	431.499,			2.303,			0.096,			0.096,			2.276,			0.111,			0.052
955,	2,	145.0,	431.959,			2.31,			0.105,			0.105,			2.314,			0.1,			0.05
956,	2,	180.0,	431.973,			2.294,			0.099,			0.099,			2.302,			0.09,			0.052
957,	2,	113.0,	433.452,			2.305,			0.095,			0.095,			2.303,			0.11,			0.05
958,	2,	228.0,	435.007,			2.298,			0.1,			0.1,			2.291,			0.11,			0.05
959,	2,	240.0,	436.552,			2.302,			0.103,			0.103,			2.304,			0.095,			0.051
960,	2,	118.0,	438.965,			2.308,			0.114,			0.114,			2.301,			0.098,			0.05
961,	2,	209.0,	440.833,			2.277,			0.093,			0.093,			2.298,			0.092,			0.051
962,	2,	26.0,	442.229,			2.317,			0.099,			0.099,			2.303,			0.091,			0.052
963,	2,	15.0,	445.826,			2.31,			0.099,			0.099,			2.297,			0.095,			0.049
964,	2,	242.0,	448.301,			2.303,			0.1,			0.1,			2.312,			0.101,			0.05
965,	2,	100.0,	450.703,			2.297,			0.106,			0.106,			2.312,			0.103,			0.05
966,	2,	136.0,	453.403,			2.292,			0.095,			0.095,			2.281,			0.111,			0.051
967,	2,	84.0,	456.723,			2.287,			0.1,			0.1,			2.297,			0.103,			0.049
968,	2,	63.0,	457.531,			2.29,			0.096,			0.096,			2.3,			0.099,			0.051
969,	2,	200.0,	457.848,			2.293,			0.091,			0.091,			2.304,			0.098,			0.051
970,	2,	121.0,	458.508,			2.288,			0.091,			0.091,			2.295,			0.097,			0.049
971,	1,	146.0,	459.499,			1.479,			0.969,			0.969,			1.472,			0.966,			0.501
972,	2,	172.0,	460.562,			2.303,			0.095,			0.095,			2.307,			0.098,			0.049
973,	2,	86.0,	461.018,			2.312,			0.109,			0.109,			2.3,			0.097,			0.051
974,	1,	49.0,	463.399,			1.468,			0.968,			0.968,			1.477,			0.977,			0.499
975,	2,	69.0,	464.741,			2.305,			0.097,			0.097,			2.316,			0.102,			0.051
976,	2,	95.0,	467.505,			2.303,			0.097,			0.097,			2.278,			0.097,			0.052
977,	2,	221.0,	468.264,			2.31,			0.094,			0.094,			2.304,			0.103,			0.049
978,	2,	127.0,	475.786,			2.301,			0.091,			0.091,			2.304,			0.098,			0.049
979,	2,	217.0,	477.413,			2.309,			0.107,			0.107,			2.294,			0.094,			0.051
980,	3,	407.0,	477.741,			5.496,			1.486,			1.486,			5.483,			1.5,			0.895
981,	3,	167.3,	480.232,			5.516,			1.495,			1.495,			5.519,			1.5,			0.899
982,	2,	202.0,	482.264,			2.297,			0.118,			0.118,			2.298,			0.1,			0.051
983,	2,	110.0,	483.433,			2.298,			0.098,			0.098,			2.294,			0.105,			0.05
984,	2,	131.0,	485.256,			2.3,			0.103,			0.103,			2.297,			0.105,			0.051
985,	2,	286.0,	485.53,			2.3,			0.105,			0.105,			2.293,			0.096,			0.049
986,	2,	161.0,	485.663,			2.288,			0.1,			0.1,			2.312,			0.097,			0.051
987,	2,	205.0,	486.402,			2.293,			0.108,			0.108,			2.3,			0.099,			0.049
988,	2,	172.0,	486.765,			2.304,			0.099,			0.099,			2.3,			0.095,			0.049
989,	2,	209.0,	488.81,			2.317,			0.096,			0.096,			2.304,			0.101,			0.051
990,	2,	135.0,	489.851,			2.307,			0.101,			0.101,			2.302,			0.096,			0.05
991,	2,	215.0,	490.191,			2.303,			0.104,			0.104,			2.286,			0.107,			0.049
992,	2,	215.0,	491.419,			2.298,			0.112,			0.112,			2.303,			0.098,			0.05
993,	2,	155.0,	491.489,			2.302,			0.096,			0.096,			2.315,			0.094,			0.048
994,	2,	198.0,	492.051,			2.305,			0.104,			0.104,			2.276,			0.1,			0.052
995,	2,	110.0,	493.504,			2.317,			0.103,			0.103,			2.318,			0.103,			0.051
996,	1,	6.0,	493.658,			1.459,			0.953,			0.953,			1.475,			0.951,			0.502
997,	2,	264.0,	495.542,			2.281,			0.103,			0.103,			2.292,			0.106,			0.049
998,	1,	157.0,	500.0,			1.47,			0.961,			0.961,			1.457,			0.981,			0.5
999,	1,	95.0,	500.0,			1.485,			0.984,			0.984,			1.462,			0.972,			0.499
1000,	1,	157.0,	500.0,			1.467,			0.975,			0.975,			1.457,			0.987,			0.5
