#, task_type_id, size, arrival_time,	execution_time_cpu,	execution_time_gpu,	execution_time_CLOUD
1,	2,	79.0,	8.349,			10.491,			1.328,			0.181
2,	1,	7.0,	8.609,			2.569,			0.221,			0.055
3,	2,	200.0,	10.948,			14.965,			1.192,			0.133
4,	1,	49.0,	13.343,			1.969,			0.149,			0.059
5,	1,	13.0,	14.866,			1.119,			0.249,			0.052
6,	2,	146.0,	15.654,			13.346,			1.199,			0.105
7,	2,	85.0,	16.9,			12.236,			1.092,			0.161
8,	2,	120.0,	17.044,			12.664,			1.118,			0.127
9,	2,	221.0,	17.622,			13.33,			1.191,			0.112
10,	2,	141.0,	20.35,			10.146,			1.374,			0.191
11,	2,	127.0,	21.127,			11.876,			1.367,			0.113
12,	1,	387.0,	22.049,			2.857,			0.136,			0.053
13,	2,	63.0,	22.704,			14.183,			1.322,			0.145
14,	2,	175.0,	23.32,			12.363,			1.356,			0.19
15,	2,	168.0,	25.74,			13.456,			1.171,			0.186
16,	2,	203.0,	26.4,			14.624,			1.064,			0.164
17,	2,	161.0,	27.766,			12.971,			1.1,			0.2
18,	2,	172.0,	29.481,			14.083,			1.239,			0.125
19,	1,	214.0,	29.792,			1.148,			0.18,			0.06
20,	2,	218.0,	32.435,			13.195,			1.416,			0.12
21,	1,	379.0,	33.367,			1.633,			0.245,			0.056
22,	2,	46.0,	33.526,			11.002,			1.417,			0.138
23,	1,	379.0,	35.828,			2.085,			0.268,			0.056
24,	2,	147.0,	35.876,			10.319,			1.453,			0.178
25,	2,	273.0,	37.915,			10.176,			1.304,			0.149
26,	1,	16.0,	39.499,			1.115,			0.215,			0.051
27,	1,	447.0,	41.778,			1.914,			0.174,			0.053
28,	2,	78.0,	41.848,			10.319,			1.108,			0.106
29,	1,	157.0,	42.575,			2.284,			0.108,			0.053
30,	1,	59.0,	43.62,			1.531,			0.299,			0.052
31,	1,	7.0,	43.714,			1.981,			0.245,			0.051
32,	2,	128.0,	43.893,			14.931,			1.235,			0.117
33,	2,	223.0,	44.71,			13.613,			1.349,			0.148
34,	1,	7.0,	45.732,			2.914,			0.107,			0.053
35,	1,	28.0,	47.027,			2.41,			0.257,			0.051
36,	2,	206.0,	48.646,			13.635,			1.1,			0.19
37,	2,	138.0,	48.676,			10.893,			1.398,			0.114
38,	2,	206.0,	48.881,			12.999,			1.017,			0.132
39,	2,	106.0,	48.958,			10.244,			1.116,			0.103
40,	1,	28.0,	49.056,			1.13,			0.162,			0.059
41,	1,	126.0,	49.512,			1.03,			0.224,			0.056
42,	2,	164.0,	50.093,			13.381,			1.421,			0.14
43,	1,	30.0,	51.196,			2.298,			0.193,			0.055
44,	2,	204.0,	51.206,			11.138,			1.463,			0.182
45,	1,	16.0,	51.366,			2.449,			0.218,			0.054
46,	2,	118.0,	51.917,			13.135,			1.264,			0.143
47,	1,	559.0,	52.101,			2.879,			0.161,			0.051
48,	2,	187.0,	52.181,			12.521,			1.135,			0.17
49,	1,	169.0,	52.381,			1.409,			0.147,			0.052
50,	1,	7.0,	53.044,			1.211,			0.128,			0.06
51,	1,	169.0,	54.071,			1.869,			0.298,			0.055
52,	1,	498.0,	54.171,			1.304,			0.296,			0.059
53,	2,	140.0,	54.398,			12.551,			1.2,			0.152
54,	2,	128.0,	56.249,			11.666,			1.306,			0.193
55,	1,	512.0,	57.263,			2.709,			0.249,			0.057
56,	1,	214.0,	58.374,			1.16,			0.223,			0.058
57,	2,	152.0,	59.002,			10.957,			1.093,			0.157
58,	1,	44.0,	59.28,			1.442,			0.176,			0.053
59,	2,	133.0,	60.219,			10.659,			1.241,			0.121
60,	1,	6.0,	60.613,			1.539,			0.195,			0.05
61,	2,	158.0,	61.313,			13.998,			1.437,			0.121
62,	1,	49.0,	61.507,			1.491,			0.285,			0.057
63,	2,	126.0,	63.009,			11.017,			1.442,			0.16
64,	2,	232.0,	63.328,			11.276,			1.025,			0.104
65,	1,	379.0,	63.332,			2.947,			0.113,			0.059
66,	1,	44.0,	63.332,			2.541,			0.174,			0.059
67,	1,	13.0,	63.684,			2.834,			0.115,			0.057
68,	2,	68.0,	64.029,			10.55,			1.148,			0.199
69,	1,	59.0,	64.16,			1.654,			0.2,			0.06
70,	2,	150.0,	64.168,			11.69,			1.024,			0.192
71,	2,	174.0,	65.837,			13.575,			1.353,			0.119
72,	1,	157.0,	66.146,			2.407,			0.254,			0.051
73,	1,	7.0,	67.136,			1.672,			0.285,			0.055
74,	1,	13.0,	67.163,			2.103,			0.272,			0.056
75,	2,	97.0,	67.21,			12.088,			1.471,			0.123
76,	1,	28.0,	68.366,			2.073,			0.207,			0.051
77,	1,	387.0,	68.386,			2.358,			0.144,			0.057
78,	1,	6.0,	68.929,			2.844,			0.272,			0.053
79,	2,	165.0,	69.102,			11.34,			1.398,			0.107
80,	2,	200.0,	69.185,			12.317,			1.47,			0.199
81,	2,	241.0,	69.394,			10.365,			1.47,			0.14
82,	1,	6.0,	69.968,			1.105,			0.177,			0.056
83,	1,	146.0,	70.39,			1.515,			0.154,			0.055
84,	1,	95.0,	70.899,			2.606,			0.161,			0.058
85,	1,	44.0,	71.104,			2.269,			0.277,			0.059
86,	1,	59.0,	71.542,			1.915,			0.104,			0.055
87,	1,	498.0,	71.61,			2.241,			0.276,			0.059
88,	1,	90.0,	71.85,			2.635,			0.156,			0.052
89,	1,	13.0,	71.919,			2.751,			0.171,			0.058
90,	1,	7.0,	71.924,			1.291,			0.106,			0.056
91,	1,	447.0,	72.378,			2.199,			0.22,			0.056
92,	2,	50.0,	72.756,			14.147,			1.497,			0.173
93,	2,	192.0,	72.795,			11.639,			1.07,			0.133
94,	1,	6.0,	72.952,			2.41,			0.128,			0.054
95,	1,	103.0,	72.976,			1.014,			0.142,			0.051
96,	1,	13.0,	73.051,			1.409,			0.208,			0.053
97,	1,	120.0,	73.156,			2.795,			0.293,			0.056
98,	1,	6.0,	73.278,			2.756,			0.109,			0.057
99,	1,	30.0,	73.307,			2.222,			0.184,			0.056
100,	1,	6.0,	73.813,			1.814,			0.235,			0.052
101,	2,	197.0,	74.223,			10.442,			1.456,			0.192
102,	2,	161.0,	74.38,			11.591,			1.333,			0.177
103,	1,	7.0,	74.755,			2.293,			0.169,			0.059
104,	2,	206.0,	74.768,			13.232,			1.031,			0.166
105,	1,	59.0,	74.856,			2.559,			0.247,			0.056
106,	1,	7.0,	75.115,			1.437,			0.152,			0.05
107,	1,	103.0,	75.121,			1.942,			0.254,			0.059
108,	1,	44.0,	76.049,			2.286,			0.174,			0.06
109,	1,	44.0,	76.298,			2.436,			0.209,			0.054
110,	2,	314.0,	77.462,			10.957,			1.236,			0.169
111,	1,	103.0,	77.836,			2.226,			0.247,			0.05
112,	1,	447.0,	78.372,			1.071,			0.242,			0.06
113,	1,	103.0,	78.984,			1.155,			0.194,			0.052
114,	1,	44.0,	79.441,			1.367,			0.19,			0.056
115,	1,	10.0,	79.751,			1.483,			0.212,			0.058
116,	1,	7.0,	79.768,			1.409,			0.164,			0.055
117,	1,	16.0,	80.132,			2.181,			0.222,			0.055
118,	1,	126.0,	80.686,			1.098,			0.185,			0.056
119,	1,	214.0,	80.901,			1.337,			0.284,			0.06
120,	1,	30.0,	80.955,			2.102,			0.15,			0.055
121,	1,	447.0,	81.202,			1.742,			0.198,			0.052
122,	1,	512.0,	83.002,			2.581,			0.121,			0.054
123,	1,	6.0,	83.119,			1.114,			0.169,			0.058
124,	1,	126.0,	83.923,			1.035,			0.29,			0.051
125,	1,	90.0,	84.117,			1.857,			0.241,			0.058
126,	1,	447.0,	84.181,			2.197,			0.177,			0.056
127,	1,	447.0,	84.379,			2.286,			0.221,			0.053
128,	2,	145.0,	85.78,			12.393,			1.399,			0.176
129,	1,	7.0,	85.815,			1.551,			0.195,			0.058
130,	1,	95.0,	85.963,			1.372,			0.28,			0.054
131,	1,	16.0,	86.249,			2.2,			0.233,			0.053
132,	2,	60.0,	86.253,			10.912,			1.46,			0.108
133,	1,	7.0,	86.648,			2.661,			0.107,			0.052
134,	1,	7.0,	87.257,			2.377,			0.138,			0.051
135,	1,	169.0,	87.554,			1.791,			0.184,			0.054
136,	1,	13.0,	87.57,			2.407,			0.228,			0.058
137,	1,	59.0,	87.677,			1.104,			0.234,			0.05
138,	1,	126.0,	87.932,			1.051,			0.162,			0.051
139,	2,	161.0,	88.222,			14.653,			1.4,			0.197
140,	2,	135.0,	88.654,			13.681,			1.181,			0.151
141,	1,	6.0,	89.001,			2.436,			0.268,			0.058
142,	1,	214.0,	89.084,			1.356,			0.208,			0.057
143,	1,	49.0,	89.126,			2.318,			0.266,			0.057
144,	2,	45.0,	89.633,			10.809,			1.023,			0.169
145,	1,	6.0,	89.641,			2.09,			0.209,			0.054
146,	2,	102.0,	89.802,			13.664,			1.198,			0.178
147,	1,	7.0,	91.84,			2.616,			0.221,			0.053
148,	1,	7.0,	92.206,			2.074,			0.139,			0.056
149,	1,	214.0,	92.638,			1.717,			0.169,			0.052
150,	1,	7.0,	93.31,			1.121,			0.194,			0.054
151,	1,	214.0,	93.333,			1.019,			0.27,			0.059
152,	2,	73.0,	93.472,			12.841,			1.368,			0.152
153,	1,	44.0,	93.658,			2.013,			0.133,			0.06
154,	1,	10.0,	94.493,			2.549,			0.101,			0.051
155,	1,	6.0,	94.864,			2.726,			0.173,			0.051
156,	1,	120.0,	95.003,			1.561,			0.222,			0.051
157,	1,	7.0,	95.044,			2.88,			0.251,			0.06
158,	1,	214.0,	95.158,			2.408,			0.167,			0.059
159,	1,	146.0,	95.248,			1.64,			0.237,			0.051
160,	1,	44.0,	95.416,			2.104,			0.192,			0.054
161,	1,	126.0,	96.239,			2.326,			0.176,			0.052
162,	1,	7.0,	96.369,			2.797,			0.147,			0.052
163,	1,	90.0,	96.584,			1.81,			0.208,			0.051
164,	1,	7.0,	96.715,			2.181,			0.192,			0.054
165,	1,	7.0,	96.783,			2.153,			0.298,			0.057
166,	1,	387.0,	96.965,			1.799,			0.173,			0.058
167,	1,	44.0,	97.51,			1.523,			0.296,			0.059
168,	1,	7.0,	97.642,			1.027,			0.151,			0.057
169,	2,	269.0,	97.681,			11.46,			1.093,			0.107
170,	1,	7.0,	97.779,			1.662,			0.259,			0.059
171,	1,	103.0,	98.088,			1.031,			0.261,			0.058
172,	2,	89.0,	98.225,			10.15,			1.482,			0.135
173,	1,	10.0,	98.313,			2.991,			0.297,			0.051
174,	1,	169.0,	98.671,			1.464,			0.215,			0.052
175,	2,	230.0,	98.757,			11.027,			1.05,			0.148
176,	1,	7.0,	98.783,			1.595,			0.191,			0.054
177,	1,	7.0,	98.827,			2.748,			0.263,			0.06
178,	2,	100.0,	99.012,			10.819,			1.363,			0.167
179,	1,	28.0,	99.131,			2.284,			0.297,			0.05
180,	2,	167.0,	99.141,			11.604,			1.175,			0.151
181,	2,	75.0,	99.28,			10.837,			1.373,			0.123
182,	1,	7.0,	100.216,			2.176,			0.104,			0.053
183,	1,	10.0,	100.358,			2.643,			0.24,			0.054
184,	1,	103.0,	100.463,			1.119,			0.225,			0.058
185,	2,	220.0,	100.642,			12.703,			1.447,			0.107
186,	1,	7.0,	100.783,			1.119,			0.17,			0.052
187,	1,	214.0,	101.007,			1.703,			0.263,			0.06
188,	1,	13.0,	101.104,			1.63,			0.253,			0.053
189,	1,	146.0,	101.124,			1.848,			0.235,			0.052
190,	1,	13.0,	101.544,			1.13,			0.296,			0.052
191,	1,	387.0,	101.557,			1.431,			0.149,			0.059
192,	1,	7.0,	101.583,			1.192,			0.166,			0.058
193,	1,	559.0,	101.83,			1.984,			0.227,			0.057
194,	1,	126.0,	102.379,			2.048,			0.234,			0.054
195,	1,	447.0,	102.471,			1.46,			0.135,			0.057
196,	2,	147.0,	102.53,			11.036,			1.251,			0.199
197,	2,	158.0,	102.709,			10.758,			1.431,			0.126
198,	1,	30.0,	103.178,			1.67,			0.176,			0.051
199,	2,	134.0,	103.45,			10.63,			1.419,			0.105
200,	1,	6.0,	103.455,			2.497,			0.283,			0.059
201,	2,	113.0,	103.519,			14.572,			1.161,			0.13
202,	1,	28.0,	103.644,			1.998,			0.275,			0.053
203,	1,	120.0,	103.646,			1.588,			0.195,			0.058
204,	1,	13.0,	103.757,			1.844,			0.215,			0.055
205,	1,	169.0,	103.896,			1.601,			0.156,			0.059
206,	1,	44.0,	104.238,			2.133,			0.282,			0.05
207,	1,	559.0,	104.306,			2.879,			0.136,			0.06
208,	1,	7.0,	104.368,			2.776,			0.136,			0.056
209,	2,	215.0,	104.436,			14.916,			1.175,			0.156
210,	1,	214.0,	104.674,			2.407,			0.281,			0.055
211,	1,	447.0,	105.275,			1.104,			0.14,			0.051
212,	1,	498.0,	105.391,			1.963,			0.199,			0.054
213,	1,	7.0,	105.478,			2.819,			0.161,			0.056
214,	1,	126.0,	105.541,			1.211,			0.17,			0.059
215,	1,	6.0,	105.79,			1.985,			0.267,			0.055
216,	1,	44.0,	106.087,			1.383,			0.171,			0.058
217,	1,	44.0,	106.304,			2.541,			0.131,			0.05
218,	1,	49.0,	106.421,			2.256,			0.149,			0.057
219,	1,	7.0,	106.772,			2.866,			0.227,			0.057
220,	2,	178.0,	107.071,			13.61,			1.373,			0.194
221,	2,	225.0,	107.497,			13.953,			1.149,			0.125
222,	1,	59.0,	107.578,			2.936,			0.176,			0.059
223,	1,	120.0,	107.633,			1.624,			0.168,			0.06
224,	1,	120.0,	107.704,			2.983,			0.289,			0.053
225,	1,	120.0,	107.728,			2.429,			0.197,			0.058
226,	1,	44.0,	107.839,			1.128,			0.108,			0.054
227,	2,	191.0,	107.847,			10.215,			1.216,			0.117
228,	1,	59.0,	108.112,			2.328,			0.158,			0.06
229,	1,	498.0,	108.132,			2.559,			0.234,			0.054
230,	1,	379.0,	108.177,			1.631,			0.164,			0.054
231,	2,	114.0,	108.268,			10.837,			1.366,			0.195
232,	2,	118.0,	108.357,			10.808,			1.051,			0.161
233,	1,	44.0,	108.436,			1.827,			0.278,			0.06
234,	1,	120.0,	108.45,			2.599,			0.136,			0.058
235,	1,	559.0,	108.484,			1.144,			0.239,			0.055
236,	1,	7.0,	108.492,			2.366,			0.289,			0.056
237,	1,	559.0,	108.567,			2.41,			0.296,			0.054
238,	1,	7.0,	108.606,			1.972,			0.132,			0.052
239,	1,	30.0,	108.846,			1.707,			0.109,			0.051
240,	1,	13.0,	109.197,			2.895,			0.118,			0.054
241,	1,	146.0,	109.356,			1.111,			0.145,			0.058
242,	1,	103.0,	109.411,			2.659,			0.192,			0.055
243,	1,	7.0,	109.688,			2.616,			0.149,			0.054
244,	2,	100.0,	109.714,			13.17,			1.2,			0.151
245,	1,	214.0,	109.914,			1.868,			0.108,			0.056
246,	1,	59.0,	110.087,			2.276,			0.288,			0.051
247,	1,	103.0,	110.461,			1.833,			0.166,			0.053
248,	1,	120.0,	110.677,			2.222,			0.109,			0.059
249,	1,	103.0,	110.883,			1.004,			0.172,			0.055
250,	1,	7.0,	111.033,			1.095,			0.187,			0.058
251,	1,	103.0,	111.636,			2.19,			0.203,			0.06
252,	2,	101.0,	111.666,			12.15,			1.148,			0.104
253,	1,	512.0,	112.108,			2.425,			0.166,			0.055
254,	1,	44.0,	112.178,			2.559,			0.259,			0.054
255,	1,	126.0,	112.527,			2.424,			0.187,			0.053
256,	2,	202.0,	112.545,			10.77,			1.114,			0.166
257,	1,	157.0,	112.667,			1.499,			0.151,			0.05
258,	1,	44.0,	112.775,			2.167,			0.157,			0.053
259,	1,	214.0,	112.781,			1.364,			0.135,			0.052
260,	1,	498.0,	113.361,			1.524,			0.29,			0.052
261,	1,	44.0,	113.385,			1.091,			0.203,			0.053
262,	1,	13.0,	113.404,			2.11,			0.139,			0.06
263,	1,	559.0,	113.689,			1.963,			0.249,			0.058
264,	1,	512.0,	113.966,			1.256,			0.12,			0.056
265,	1,	16.0,	113.988,			1.467,			0.18,			0.058
266,	2,	133.0,	114.053,			10.592,			1.389,			0.184
267,	1,	157.0,	114.111,			2.748,			0.153,			0.058
268,	2,	140.0,	114.26,			14.863,			1.277,			0.186
269,	1,	157.0,	114.283,			1.004,			0.157,			0.059
270,	1,	90.0,	114.333,			1.757,			0.123,			0.054
271,	1,	512.0,	114.345,			1.833,			0.236,			0.052
272,	1,	379.0,	114.353,			2.321,			0.124,			0.05
273,	1,	30.0,	114.399,			1.204,			0.135,			0.059
274,	1,	59.0,	114.41,			2.999,			0.276,			0.051
275,	1,	447.0,	114.423,			1.639,			0.183,			0.051
276,	1,	214.0,	114.483,			2.08,			0.272,			0.05
277,	1,	6.0,	114.587,			1.59,			0.267,			0.056
278,	1,	559.0,	114.903,			1.145,			0.169,			0.059
279,	1,	6.0,	114.964,			2.675,			0.286,			0.058
280,	1,	7.0,	115.377,			1.766,			0.115,			0.057
281,	1,	30.0,	115.897,			2.799,			0.139,			0.057
282,	1,	6.0,	115.998,			2.265,			0.263,			0.055
283,	1,	6.0,	116.017,			2.014,			0.126,			0.055
284,	2,	243.0,	116.063,			10.244,			1.457,			0.124
285,	1,	7.0,	116.26,			1.144,			0.13,			0.056
286,	1,	169.0,	116.367,			1.282,			0.156,			0.058
287,	1,	169.0,	116.391,			1.607,			0.142,			0.059
288,	1,	126.0,	116.602,			2.175,			0.239,			0.058
289,	1,	7.0,	116.615,			2.532,			0.152,			0.053
290,	1,	13.0,	116.73,			1.467,			0.222,			0.052
291,	1,	7.0,	116.867,			2.947,			0.107,			0.058
292,	2,	120.0,	116.87,			11.371,			1.154,			0.178
293,	1,	169.0,	116.918,			1.504,			0.245,			0.053
294,	1,	90.0,	116.939,			2.709,			0.158,			0.058
295,	1,	559.0,	117.04,			2.116,			0.13,			0.055
296,	2,	120.0,	117.143,			12.287,			1.417,			0.144
297,	1,	7.0,	117.229,			1.204,			0.174,			0.05
298,	1,	120.0,	117.574,			1.096,			0.249,			0.054
299,	1,	379.0,	117.636,			2.366,			0.108,			0.055
300,	1,	512.0,	117.891,			2.954,			0.135,			0.055
301,	1,	59.0,	118.06,			1.134,			0.202,			0.051
302,	2,	117.0,	118.154,			13.823,			1.479,			0.149
303,	1,	7.0,	118.59,			2.885,			0.156,			0.051
304,	1,	120.0,	118.69,			2.301,			0.22,			0.057
305,	1,	44.0,	118.715,			2.556,			0.148,			0.058
306,	1,	44.0,	118.851,			2.697,			0.247,			0.053
307,	1,	6.0,	119.129,			2.11,			0.254,			0.052
308,	2,	89.0,	119.267,			11.707,			1.265,			0.178
309,	2,	124.0,	119.649,			14.172,			1.066,			0.173
310,	1,	498.0,	119.684,			2.199,			0.208,			0.053
311,	1,	103.0,	119.718,			2.866,			0.116,			0.053
312,	1,	7.0,	119.896,			1.981,			0.201,			0.052
313,	1,	559.0,	120.003,			2.038,			0.111,			0.052
314,	1,	559.0,	120.154,			1.707,			0.175,			0.056
315,	2,	204.0,	120.516,			12.826,			1.241,			0.116
316,	1,	49.0,	120.656,			1.044,			0.136,			0.051
317,	1,	146.0,	120.765,			1.667,			0.107,			0.052
318,	1,	103.0,	121.198,			2.565,			0.245,			0.054
319,	1,	49.0,	121.359,			1.362,			0.203,			0.052
320,	1,	120.0,	121.387,			1.607,			0.234,			0.054
321,	1,	120.0,	121.49,			2.76,			0.167,			0.055
322,	1,	10.0,	121.638,			1.774,			0.12,			0.056
323,	1,	44.0,	121.655,			1.16,			0.258,			0.054
324,	1,	120.0,	121.687,			2.914,			0.139,			0.05
325,	1,	28.0,	121.99,			1.188,			0.127,			0.051
326,	1,	7.0,	122.146,			2.914,			0.208,			0.06
327,	1,	559.0,	122.16,			1.81,			0.221,			0.052
328,	2,	112.0,	122.514,			10.432,			1.292,			0.122
329,	1,	6.0,	122.796,			1.155,			0.285,			0.055
330,	1,	7.0,	123.431,			1.052,			0.255,			0.059
331,	1,	214.0,	123.625,			1.168,			0.268,			0.057
332,	2,	219.0,	123.714,			11.385,			1.382,			0.113
333,	1,	49.0,	123.732,			2.087,			0.177,			0.054
334,	2,	145.0,	124.102,			10.485,			1.412,			0.149
335,	1,	28.0,	124.243,			1.883,			0.218,			0.057
336,	1,	44.0,	124.26,			1.548,			0.134,			0.054
337,	1,	103.0,	124.444,			1.393,			0.238,			0.059
338,	1,	6.0,	124.476,			1.086,			0.214,			0.054
339,	1,	146.0,	124.891,			1.303,			0.268,			0.056
340,	1,	90.0,	124.893,			1.42,			0.138,			0.051
341,	2,	317.0,	124.896,			13.958,			1.191,			0.173
342,	2,	57.0,	125.17,			14.513,			1.182,			0.127
343,	1,	559.0,	125.274,			2.269,			0.12,			0.057
344,	1,	103.0,	125.279,			1.283,			0.224,			0.055
345,	1,	28.0,	125.368,			2.273,			0.116,			0.056
346,	2,	139.0,	125.436,			13.186,			1.051,			0.185
347,	1,	7.0,	125.549,			1.485,			0.192,			0.06
348,	1,	387.0,	125.662,			1.483,			0.192,			0.052
349,	1,	7.0,	125.694,			1.965,			0.254,			0.055
350,	1,	44.0,	125.88,			2.955,			0.254,			0.057
351,	1,	13.0,	126.238,			1.516,			0.221,			0.06
352,	1,	13.0,	126.72,			1.334,			0.136,			0.056
353,	2,	116.0,	126.947,			14.969,			1.065,			0.14
354,	1,	120.0,	126.966,			2.379,			0.156,			0.053
355,	1,	28.0,	127.167,			2.41,			0.169,			0.054
356,	1,	387.0,	127.204,			2.157,			0.215,			0.053
357,	1,	126.0,	127.208,			2.388,			0.221,			0.056
358,	1,	512.0,	127.471,			1.637,			0.212,			0.056
359,	1,	13.0,	127.735,			1.157,			0.286,			0.058
360,	1,	387.0,	127.783,			1.204,			0.164,			0.056
361,	1,	90.0,	128.049,			2.407,			0.13,			0.053
362,	1,	126.0,	128.225,			2.628,			0.2,			0.054
363,	1,	120.0,	128.326,			1.915,			0.192,			0.052
364,	1,	28.0,	128.778,			1.092,			0.133,			0.057
365,	1,	7.0,	128.89,			1.732,			0.226,			0.05
366,	1,	44.0,	129.112,			1.716,			0.217,			0.058
367,	1,	120.0,	129.166,			1.187,			0.102,			0.053
368,	1,	103.0,	129.344,			2.226,			0.197,			0.053
369,	1,	7.0,	129.427,			1.694,			0.145,			0.058
370,	1,	387.0,	130.074,			2.935,			0.233,			0.06
371,	1,	379.0,	130.343,			1.643,			0.297,			0.052
372,	2,	133.0,	130.497,			10.286,			1.376,			0.194
373,	1,	498.0,	130.586,			1.482,			0.106,			0.059
374,	1,	103.0,	130.63,			1.672,			0.287,			0.059
375,	1,	90.0,	130.636,			2.874,			0.176,			0.059
376,	1,	7.0,	130.851,			2.598,			0.117,			0.055
377,	1,	30.0,	131.11,			1.835,			0.164,			0.053
378,	1,	59.0,	131.494,			2.92,			0.159,			0.054
379,	1,	95.0,	131.631,			1.728,			0.272,			0.05
380,	1,	157.0,	131.704,			1.096,			0.17,			0.058
381,	1,	169.0,	131.763,			1.478,			0.151,			0.052
382,	1,	512.0,	132.035,			1.269,			0.193,			0.051
383,	1,	559.0,	132.182,			1.031,			0.198,			0.052
384,	1,	214.0,	132.617,			1.366,			0.192,			0.054
385,	1,	103.0,	132.656,			2.122,			0.28,			0.053
386,	1,	95.0,	132.946,			1.97,			0.256,			0.058
387,	1,	214.0,	133.299,			1.011,			0.141,			0.054
388,	1,	6.0,	133.477,			2.438,			0.113,			0.06
389,	1,	95.0,	133.513,			2.533,			0.112,			0.054
390,	1,	95.0,	133.587,			2.56,			0.26,			0.059
391,	1,	7.0,	133.647,			2.222,			0.15,			0.058
392,	1,	559.0,	133.669,			2.659,			0.293,			0.056
393,	1,	6.0,	133.78,			2.364,			0.261,			0.055
394,	1,	30.0,	133.96,			1.103,			0.297,			0.052
395,	1,	30.0,	133.966,			1.73,			0.264,			0.057
396,	2,	118.0,	134.304,			13.288,			1.023,			0.125
397,	1,	447.0,	134.528,			2.984,			0.162,			0.053
398,	1,	126.0,	134.567,			2.193,			0.236,			0.053
399,	1,	169.0,	134.689,			2.598,			0.113,			0.058
400,	1,	6.0,	135.008,			2.429,			0.132,			0.058
401,	2,	106.0,	135.061,			12.588,			1.386,			0.16
402,	1,	169.0,	135.109,			1.962,			0.109,			0.056
403,	1,	157.0,	135.197,			1.282,			0.155,			0.051
404,	1,	387.0,	135.565,			2.013,			0.226,			0.052
405,	1,	157.0,	135.754,			1.213,			0.159,			0.054
406,	1,	6.0,	135.868,			1.645,			0.226,			0.057
407,	1,	559.0,	135.87,			2.004,			0.216,			0.05
408,	1,	103.0,	135.937,			2.972,			0.111,			0.053
409,	1,	7.0,	135.983,			1.186,			0.102,			0.06
410,	1,	7.0,	136.028,			2.279,			0.195,			0.051
411,	1,	30.0,	136.062,			1.491,			0.138,			0.054
412,	1,	512.0,	136.139,			2.28,			0.134,			0.051
413,	1,	447.0,	136.187,			2.034,			0.236,			0.051
414,	1,	6.0,	136.193,			2.065,			0.114,			0.053
415,	1,	6.0,	136.377,			1.841,			0.202,			0.054
416,	1,	95.0,	136.58,			1.408,			0.14,			0.051
417,	1,	498.0,	136.713,			1.81,			0.103,			0.059
418,	2,	153.0,	136.818,			11.478,			1.137,			0.133
419,	1,	30.0,	136.831,			1.81,			0.129,			0.052
420,	1,	28.0,	136.875,			2.926,			0.27,			0.057
421,	1,	120.0,	136.953,			2.249,			0.149,			0.055
422,	1,	214.0,	137.123,			1.186,			0.251,			0.058
423,	1,	6.0,	137.152,			2.947,			0.192,			0.055
424,	1,	90.0,	137.214,			2.037,			0.117,			0.051
425,	1,	387.0,	137.305,			1.651,			0.207,			0.054
426,	1,	157.0,	137.361,			1.371,			0.124,			0.059
427,	1,	498.0,	137.415,			1.864,			0.134,			0.051
428,	1,	7.0,	137.51,			1.12,			0.253,			0.059
429,	1,	6.0,	137.552,			1.768,			0.245,			0.059
430,	1,	512.0,	137.635,			2.842,			0.293,			0.052
431,	1,	7.0,	137.777,			2.01,			0.189,			0.053
432,	1,	512.0,	137.804,			1.833,			0.291,			0.055
433,	1,	157.0,	137.851,			1.97,			0.101,			0.054
434,	1,	30.0,	137.902,			1.158,			0.186,			0.053
435,	1,	126.0,	137.92,			2.085,			0.272,			0.052
436,	1,	447.0,	137.997,			2.385,			0.139,			0.058
437,	1,	6.0,	138.113,			2.486,			0.17,			0.051
438,	1,	157.0,	138.145,			1.366,			0.177,			0.053
439,	1,	30.0,	138.246,			2.588,			0.199,			0.058
440,	1,	6.0,	138.324,			2.542,			0.253,			0.054
441,	1,	6.0,	138.397,			1.752,			0.119,			0.057
442,	1,	512.0,	138.476,			1.933,			0.279,			0.053
443,	1,	387.0,	138.616,			2.298,			0.224,			0.051
444,	1,	44.0,	138.638,			2.407,			0.217,			0.051
445,	1,	7.0,	138.871,			2.03,			0.144,			0.054
446,	1,	28.0,	138.886,			2.11,			0.263,			0.055
447,	1,	146.0,	138.905,			1.119,			0.283,			0.059
448,	1,	95.0,	138.97,			1.801,			0.279,			0.058
449,	1,	6.0,	139.097,			1.018,			0.107,			0.053
450,	1,	559.0,	139.386,			1.587,			0.173,			0.054
451,	1,	120.0,	139.426,			1.671,			0.234,			0.05
452,	1,	7.0,	139.452,			2.852,			0.124,			0.057
453,	1,	7.0,	139.558,			1.752,			0.163,			0.056
454,	1,	126.0,	139.562,			1.229,			0.228,			0.059
455,	2,	106.0,	140.355,			11.573,			1.023,			0.198
456,	1,	6.0,	140.433,			1.486,			0.295,			0.055
457,	1,	16.0,	140.693,			1.968,			0.228,			0.058
458,	1,	16.0,	140.722,			2.616,			0.284,			0.052
459,	1,	16.0,	140.735,			1.432,			0.162,			0.059
460,	1,	146.0,	140.744,			2.969,			0.281,			0.057
461,	1,	16.0,	140.791,			1.814,			0.255,			0.055
462,	1,	7.0,	140.843,			2.025,			0.14,			0.051
463,	1,	512.0,	140.934,			1.684,			0.233,			0.051
464,	2,	95.0,	140.99,			14.789,			1.47,			0.15
465,	1,	214.0,	141.018,			1.406,			0.24,			0.055
466,	1,	498.0,	141.027,			1.996,			0.192,			0.057
467,	1,	169.0,	141.301,			2.324,			0.228,			0.054
468,	1,	90.0,	141.374,			1.402,			0.226,			0.054
469,	1,	379.0,	141.623,			1.25,			0.222,			0.053
470,	1,	16.0,	141.728,			2.945,			0.192,			0.055
471,	1,	10.0,	141.839,			1.4,			0.283,			0.058
472,	1,	7.0,	142.192,			1.991,			0.288,			0.053
473,	2,	91.0,	142.234,			14.789,			1.015,			0.185
474,	1,	7.0,	142.277,			2.703,			0.112,			0.056
475,	1,	6.0,	142.294,			1.495,			0.267,			0.05
476,	1,	120.0,	142.317,			2.492,			0.258,			0.055
477,	1,	7.0,	142.407,			1.654,			0.238,			0.055
478,	1,	169.0,	142.547,			2.947,			0.186,			0.053
479,	1,	559.0,	142.645,			1.027,			0.233,			0.059
480,	1,	49.0,	142.749,			2.148,			0.131,			0.052
481,	1,	146.0,	142.789,			2.893,			0.193,			0.059
482,	1,	13.0,	142.831,			2.786,			0.101,			0.056
483,	1,	10.0,	143.05,			1.639,			0.291,			0.055
484,	1,	49.0,	143.468,			1.394,			0.247,			0.059
485,	1,	7.0,	143.662,			2.074,			0.255,			0.054
486,	1,	13.0,	143.731,			2.369,			0.104,			0.056
487,	1,	90.0,	143.786,			1.473,			0.152,			0.055
488,	2,	197.0,	143.899,			12.564,			1.093,			0.176
489,	1,	103.0,	144.657,			2.819,			0.298,			0.056
490,	1,	146.0,	145.194,			1.807,			0.159,			0.055
491,	1,	447.0,	145.269,			2.018,			0.283,			0.054
492,	1,	7.0,	145.57,			2.074,			0.131,			0.053
493,	1,	90.0,	145.626,			1.952,			0.157,			0.054
494,	1,	214.0,	145.655,			1.157,			0.198,			0.05
495,	1,	447.0,	145.734,			1.517,			0.276,			0.051
496,	1,	379.0,	145.845,			1.432,			0.268,			0.059
497,	2,	158.0,	146.017,			14.704,			1.273,			0.148
498,	1,	157.0,	146.278,			2.542,			0.14,			0.057
499,	1,	7.0,	147.028,			1.553,			0.201,			0.055
500,	1,	512.0,	147.258,			2.78,			0.2,			0.056
501,	1,	90.0,	147.989,			1.266,			0.209,			0.053
502,	1,	30.0,	148.121,			2.866,			0.243,			0.056
503,	1,	30.0,	148.317,			1.703,			0.287,			0.053
504,	1,	90.0,	148.379,			1.683,			0.245,			0.055
505,	1,	7.0,	148.57,			2.92,			0.295,			0.059
506,	1,	13.0,	148.674,			2.571,			0.186,			0.057
507,	1,	95.0,	148.752,			2.926,			0.22,			0.05
508,	1,	16.0,	148.767,			2.834,			0.169,			0.052
509,	1,	13.0,	148.786,			2.628,			0.265,			0.056
510,	1,	379.0,	148.961,			2.634,			0.118,			0.055
511,	1,	10.0,	149.116,			1.61,			0.294,			0.05
512,	1,	498.0,	149.159,			1.956,			0.192,			0.058
513,	1,	44.0,	149.221,			1.116,			0.103,			0.058
514,	1,	16.0,	149.223,			2.772,			0.142,			0.05
515,	1,	7.0,	149.413,			1.247,			0.167,			0.058
516,	1,	387.0,	149.421,			2.346,			0.217,			0.056
517,	2,	129.0,	149.606,			12.821,			1.138,			0.182
518,	1,	512.0,	149.693,			2.761,			0.157,			0.056
519,	1,	28.0,	149.72,			1.043,			0.251,			0.053
520,	1,	59.0,	149.751,			2.09,			0.19,			0.051
521,	1,	6.0,	149.782,			1.731,			0.174,			0.06
522,	1,	512.0,	149.97,			1.434,			0.254,			0.058
523,	1,	13.0,	150.087,			2.675,			0.244,			0.056
524,	1,	447.0,	150.384,			2.427,			0.154,			0.053
525,	1,	498.0,	150.446,			1.554,			0.192,			0.056
526,	1,	90.0,	150.492,			2.288,			0.114,			0.053
527,	1,	44.0,	150.544,			2.78,			0.247,			0.051
528,	1,	512.0,	151.015,			2.651,			0.129,			0.054
529,	1,	30.0,	151.117,			1.447,			0.171,			0.06
530,	1,	447.0,	151.267,			2.661,			0.297,			0.05
531,	1,	28.0,	151.512,			2.149,			0.28,			0.054
532,	2,	239.0,	151.515,			10.77,			1.236,			0.172
533,	1,	7.0,	151.668,			1.776,			0.206,			0.057
534,	1,	7.0,	151.981,			2.872,			0.239,			0.051
535,	1,	59.0,	152.064,			1.9,			0.259,			0.051
536,	1,	6.0,	152.403,			2.565,			0.282,			0.052
537,	1,	126.0,	152.505,			2.627,			0.242,			0.054
538,	1,	512.0,	152.568,			1.972,			0.112,			0.058
539,	1,	28.0,	152.827,			1.376,			0.151,			0.06
540,	1,	512.0,	152.83,			2.034,			0.156,			0.055
541,	1,	44.0,	153.034,			2.02,			0.292,			0.056
542,	1,	95.0,	153.07,			2.467,			0.127,			0.058
543,	1,	7.0,	153.386,			1.018,			0.157,			0.055
544,	1,	13.0,	153.464,			2.194,			0.15,			0.058
545,	1,	10.0,	153.471,			2.384,			0.29,			0.059
546,	1,	103.0,	153.52,			1.914,			0.177,			0.059
547,	1,	95.0,	153.715,			1.879,			0.123,			0.057
548,	1,	59.0,	154.034,			1.952,			0.131,			0.06
549,	1,	387.0,	154.073,			2.627,			0.173,			0.056
550,	1,	30.0,	154.159,			1.104,			0.275,			0.06
551,	1,	379.0,	154.281,			2.972,			0.294,			0.053
552,	1,	44.0,	154.719,			1.548,			0.217,			0.053
553,	1,	95.0,	154.894,			2.874,			0.206,			0.052
554,	1,	28.0,	154.968,			1.477,			0.146,			0.05
555,	1,	447.0,	155.086,			1.878,			0.108,			0.055
556,	1,	49.0,	155.129,			2.786,			0.233,			0.053
557,	1,	498.0,	155.337,			1.164,			0.202,			0.054
558,	1,	447.0,	155.364,			2.449,			0.239,			0.058
559,	1,	95.0,	155.826,			2.398,			0.139,			0.051
560,	2,	159.0,	156.008,			13.737,			1.108,			0.149
561,	1,	214.0,	156.249,			1.262,			0.174,			0.058
562,	1,	169.0,	156.362,			1.756,			0.221,			0.06
563,	1,	16.0,	156.431,			2.18,			0.295,			0.052
564,	1,	44.0,	156.808,			2.735,			0.226,			0.056
565,	1,	126.0,	157.309,			2.596,			0.288,			0.051
566,	1,	379.0,	157.648,			1.217,			0.236,			0.05
567,	1,	95.0,	157.669,			1.558,			0.188,			0.052
568,	1,	498.0,	157.776,			2.922,			0.213,			0.058
569,	1,	126.0,	157.84,			2.568,			0.217,			0.05
570,	1,	13.0,	157.847,			2.318,			0.199,			0.053
571,	2,	143.0,	157.863,			14.464,			1.191,			0.131
572,	2,	178.0,	157.966,			11.433,			1.178,			0.116
573,	1,	214.0,	158.103,			2.601,			0.215,			0.059
574,	1,	214.0,	158.417,			2.326,			0.244,			0.059
575,	1,	157.0,	158.452,			1.592,			0.293,			0.051
576,	1,	126.0,	158.701,			1.692,			0.172,			0.058
577,	1,	28.0,	158.778,			1.811,			0.145,			0.051
578,	1,	28.0,	158.852,			2.01,			0.135,			0.052
579,	1,	169.0,	158.874,			2.377,			0.299,			0.056
580,	1,	44.0,	159.247,			2.346,			0.128,			0.058
581,	1,	7.0,	159.473,			1.393,			0.131,			0.053
582,	1,	447.0,	159.816,			1.043,			0.277,			0.053
583,	1,	6.0,	159.864,			1.119,			0.254,			0.052
584,	1,	44.0,	160.021,			2.681,			0.208,			0.057
585,	2,	341.0,	160.101,			10.751,			1.389,			0.166
586,	1,	30.0,	160.127,			1.13,			0.257,			0.058
587,	2,	169.0,	160.271,			11.61,			1.193,			0.161
588,	1,	6.0,	160.613,			2.318,			0.189,			0.053
589,	1,	7.0,	160.707,			2.857,			0.135,			0.051
590,	1,	7.0,	160.736,			1.861,			0.211,			0.051
591,	1,	447.0,	161.129,			1.116,			0.202,			0.059
592,	1,	28.0,	161.154,			1.561,			0.243,			0.057
593,	1,	90.0,	161.355,			1.229,			0.2,			0.058
594,	1,	6.0,	161.52,			1.9,			0.165,			0.058
595,	1,	6.0,	161.595,			2.09,			0.158,			0.053
596,	2,	162.0,	161.887,			13.034,			1.326,			0.131
597,	2,	136.0,	162.129,			12.328,			1.239,			0.199
598,	1,	214.0,	162.513,			1.732,			0.223,			0.056
599,	2,	166.0,	162.819,			10.413,			1.305,			0.133
600,	1,	126.0,	163.244,			1.018,			0.256,			0.055
601,	1,	498.0,	163.498,			1.307,			0.289,			0.057
602,	1,	126.0,	163.622,			1.051,			0.176,			0.059
603,	1,	387.0,	163.856,			2.601,			0.109,			0.058
604,	1,	7.0,	163.926,			2.393,			0.173,			0.055
605,	1,	7.0,	163.93,			1.633,			0.106,			0.052
606,	1,	120.0,	163.934,			2.645,			0.212,			0.052
607,	1,	498.0,	164.005,			2.777,			0.259,			0.051
608,	1,	6.0,	164.198,			2.799,			0.267,			0.06
609,	2,	130.0,	164.205,			14.005,			1.096,			0.176
610,	1,	59.0,	164.299,			2.847,			0.107,			0.053
611,	1,	49.0,	164.324,			1.914,			0.161,			0.057
612,	1,	28.0,	164.473,			2.976,			0.252,			0.052
613,	1,	6.0,	164.616,			2.795,			0.217,			0.06
614,	1,	387.0,	164.711,			2.914,			0.133,			0.052
615,	1,	379.0,	164.898,			1.144,			0.211,			0.054
616,	1,	49.0,	164.942,			2.625,			0.299,			0.053
617,	1,	126.0,	165.068,			2.465,			0.281,			0.059
618,	1,	7.0,	165.254,			2.144,			0.205,			0.055
619,	1,	379.0,	165.314,			2.865,			0.109,			0.053
620,	1,	379.0,	165.318,			2.163,			0.106,			0.057
621,	1,	103.0,	165.538,			1.394,			0.245,			0.051
622,	1,	16.0,	165.539,			1.783,			0.262,			0.06
623,	1,	103.0,	165.62,			2.055,			0.165,			0.053
624,	1,	103.0,	165.651,			1.262,			0.208,			0.053
625,	1,	379.0,	165.769,			2.8,			0.288,			0.059
626,	2,	264.0,	166.031,			11.685,			1.137,			0.123
627,	2,	127.0,	166.234,			11.46,			1.447,			0.194
628,	1,	447.0,	166.514,			1.172,			0.236,			0.054
629,	2,	171.0,	166.613,			13.069,			1.483,			0.125
630,	1,	126.0,	166.791,			1.587,			0.266,			0.051
631,	1,	95.0,	166.891,			2.623,			0.198,			0.059
632,	1,	59.0,	166.997,			1.805,			0.215,			0.057
633,	1,	49.0,	167.034,			1.597,			0.277,			0.059
634,	1,	498.0,	167.517,			1.566,			0.133,			0.059
635,	1,	90.0,	167.589,			1.128,			0.27,			0.051
636,	1,	59.0,	167.596,			2.52,			0.109,			0.053
637,	1,	7.0,	167.738,			1.025,			0.161,			0.052
638,	1,	379.0,	167.755,			2.038,			0.281,			0.057
639,	1,	146.0,	167.897,			2.098,			0.234,			0.051
640,	1,	498.0,	168.003,			1.998,			0.13,			0.057
641,	1,	7.0,	168.015,			1.539,			0.146,			0.053
642,	1,	7.0,	168.28,			1.692,			0.106,			0.059
643,	1,	512.0,	168.351,			2.565,			0.107,			0.053
644,	1,	7.0,	168.382,			2.055,			0.109,			0.057
645,	1,	90.0,	168.656,			1.364,			0.178,			0.053
646,	1,	6.0,	168.702,			2.623,			0.299,			0.05
647,	1,	387.0,	168.766,			1.561,			0.17,			0.054
648,	1,	7.0,	169.002,			2.751,			0.278,			0.059
649,	1,	146.0,	169.11,			2.709,			0.156,			0.059
650,	1,	157.0,	169.117,			2.625,			0.151,			0.056
651,	1,	7.0,	169.161,			1.158,			0.106,			0.051
652,	1,	447.0,	169.337,			1.595,			0.104,			0.053
653,	1,	44.0,	169.464,			1.402,			0.237,			0.052
654,	1,	146.0,	169.529,			1.913,			0.255,			0.058
655,	1,	28.0,	169.831,			1.052,			0.125,			0.056
656,	1,	16.0,	169.884,			2.193,			0.237,			0.058
657,	1,	120.0,	169.891,			2.346,			0.13,			0.055
658,	1,	44.0,	170.031,			1.864,			0.222,			0.056
659,	1,	16.0,	170.094,			1.413,			0.198,			0.054
660,	1,	44.0,	170.13,			1.755,			0.292,			0.058
661,	1,	379.0,	170.634,			2.369,			0.164,			0.058
662,	1,	28.0,	170.637,			2.623,			0.241,			0.051
663,	1,	13.0,	170.667,			2.154,			0.258,			0.054
664,	1,	6.0,	170.681,			2.903,			0.183,			0.052
665,	1,	90.0,	170.82,			1.609,			0.161,			0.056
666,	1,	379.0,	170.832,			2.298,			0.275,			0.055
667,	1,	13.0,	170.946,			2.222,			0.198,			0.057
668,	1,	30.0,	171.056,			2.438,			0.211,			0.054
669,	1,	559.0,	171.158,			2.345,			0.149,			0.056
670,	1,	16.0,	171.347,			1.981,			0.176,			0.057
671,	1,	214.0,	171.465,			1.801,			0.27,			0.055
672,	2,	192.0,	171.474,			13.635,			1.203,			0.126
673,	1,	169.0,	171.525,			1.998,			0.209,			0.054
674,	2,	223.0,	171.658,			10.751,			1.194,			0.124
675,	1,	214.0,	171.667,			1.729,			0.144,			0.05
676,	1,	95.0,	171.703,			2.104,			0.175,			0.051
677,	1,	512.0,	171.9,			2.772,			0.298,			0.057
678,	1,	95.0,	172.298,			1.01,			0.12,			0.057
679,	1,	13.0,	172.662,			2.879,			0.289,			0.052
680,	1,	7.0,	173.172,			1.431,			0.237,			0.059
681,	2,	275.0,	173.184,			11.138,			1.049,			0.171
682,	1,	30.0,	173.911,			2.321,			0.189,			0.056
683,	1,	44.0,	174.079,			1.211,			0.128,			0.055
684,	1,	44.0,	174.125,			1.605,			0.131,			0.052
685,	1,	512.0,	174.191,			2.288,			0.17,			0.054
686,	1,	214.0,	174.261,			1.426,			0.275,			0.054
687,	1,	44.0,	174.402,			2.881,			0.207,			0.056
688,	1,	126.0,	174.537,			2.843,			0.27,			0.055
689,	1,	120.0,	174.784,			2.055,			0.222,			0.05
690,	1,	30.0,	174.846,			2.799,			0.293,			0.051
691,	1,	95.0,	175.132,			1.357,			0.116,			0.054
692,	1,	6.0,	175.202,			2.753,			0.113,			0.052
693,	1,	379.0,	175.43,			1.883,			0.133,			0.054
694,	1,	13.0,	175.55,			2.638,			0.228,			0.057
695,	1,	512.0,	175.942,			2.328,			0.182,			0.06
696,	1,	6.0,	176.144,			2.647,			0.147,			0.051
697,	1,	379.0,	176.228,			2.798,			0.192,			0.052
698,	1,	10.0,	176.277,			1.458,			0.112,			0.053
699,	1,	7.0,	176.576,			2.612,			0.118,			0.055
700,	1,	44.0,	176.734,			2.328,			0.127,			0.057
701,	1,	379.0,	177.482,			1.515,			0.208,			0.059
702,	1,	10.0,	177.501,			2.2,			0.152,			0.059
703,	1,	44.0,	177.61,			2.819,			0.233,			0.057
704,	1,	44.0,	177.633,			1.426,			0.12,			0.056
705,	1,	16.0,	177.822,			2.223,			0.142,			0.058
706,	1,	7.0,	177.888,			1.783,			0.29,			0.057
707,	1,	512.0,	178.052,			1.581,			0.176,			0.05
708,	1,	126.0,	178.14,			1.868,			0.26,			0.054
709,	1,	157.0,	178.205,			1.694,			0.252,			0.06
710,	2,	103.0,	178.341,			13.892,			1.137,			0.195
711,	1,	7.0,	178.406,			1.816,			0.128,			0.054
712,	1,	126.0,	179.139,			1.485,			0.164,			0.059
713,	1,	512.0,	179.152,			1.192,			0.208,			0.054
714,	1,	157.0,	179.173,			1.501,			0.133,			0.059
715,	1,	7.0,	179.421,			1.601,			0.17,			0.05
716,	1,	59.0,	179.498,			1.36,			0.238,			0.058
717,	1,	447.0,	179.607,			2.907,			0.13,			0.053
718,	1,	146.0,	179.626,			1.786,			0.262,			0.054
719,	1,	28.0,	179.711,			2.879,			0.177,			0.055
720,	1,	6.0,	179.721,			1.426,			0.223,			0.054
721,	1,	44.0,	179.727,			2.69,			0.283,			0.055
722,	1,	157.0,	179.786,			1.232,			0.142,			0.052
723,	1,	387.0,	179.992,			1.263,			0.195,			0.055
724,	1,	126.0,	180.342,			2.065,			0.109,			0.06
725,	2,	109.0,	180.4,			13.59,			1.375,			0.166
726,	2,	203.0,	180.514,			14.235,			1.162,			0.187
727,	2,	170.0,	180.553,			11.885,			1.426,			0.131
728,	2,	99.0,	180.787,			14.649,			1.05,			0.159
729,	1,	7.0,	180.841,			2.424,			0.124,			0.051
730,	1,	16.0,	181.024,			1.004,			0.139,			0.051
731,	1,	6.0,	181.302,			1.625,			0.242,			0.058
732,	1,	559.0,	181.443,			1.044,			0.195,			0.05
733,	1,	7.0,	181.493,			1.052,			0.263,			0.055
734,	1,	6.0,	181.969,			2.889,			0.233,			0.055
735,	1,	169.0,	182.438,			1.72,			0.134,			0.06
736,	1,	7.0,	182.467,			1.799,			0.214,			0.05
737,	2,	136.0,	182.697,			13.86,			1.456,			0.16
738,	1,	7.0,	182.817,			1.494,			0.186,			0.057
739,	1,	169.0,	183.033,			1.226,			0.137,			0.053
740,	1,	13.0,	183.072,			1.933,			0.172,			0.052
741,	1,	10.0,	183.105,			2.974,			0.217,			0.06
742,	1,	90.0,	183.154,			1.64,			0.195,			0.056
743,	1,	169.0,	183.254,			1.188,			0.188,			0.05
744,	1,	169.0,	183.321,			2.556,			0.122,			0.053
745,	1,	90.0,	183.505,			2.926,			0.189,			0.054
746,	2,	126.0,	184.259,			13.381,			1.182,			0.169
747,	1,	44.0,	185.356,			2.973,			0.231,			0.056
748,	1,	44.0,	185.395,			1.838,			0.21,			0.05
749,	1,	126.0,	185.408,			2.606,			0.297,			0.055
750,	1,	387.0,	185.651,			1.433,			0.282,			0.053
751,	1,	10.0,	185.684,			1.095,			0.12,			0.053
752,	1,	95.0,	185.757,			2.763,			0.245,			0.054
753,	1,	59.0,	185.799,			1.128,			0.217,			0.057
754,	1,	387.0,	185.969,			1.581,			0.283,			0.05
755,	1,	169.0,	185.986,			2.556,			0.107,			0.055
756,	1,	169.0,	186.15,			1.009,			0.2,			0.059
757,	1,	90.0,	187.207,			1.141,			0.257,			0.057
758,	1,	16.0,	187.609,			2.057,			0.159,			0.051
759,	1,	126.0,	188.329,			2.866,			0.125,			0.057
760,	1,	28.0,	188.459,			1.663,			0.173,			0.058
761,	1,	447.0,	188.797,			2.957,			0.244,			0.055
762,	1,	30.0,	188.809,			1.23,			0.12,			0.057
763,	1,	10.0,	189.117,			1.091,			0.166,			0.052
764,	1,	30.0,	189.252,			1.409,			0.183,			0.056
765,	1,	13.0,	189.458,			2.03,			0.14,			0.057
766,	1,	7.0,	189.817,			2.726,			0.214,			0.053
767,	1,	387.0,	190.259,			1.334,			0.222,			0.05
768,	1,	90.0,	190.382,			2.795,			0.183,			0.058
769,	1,	387.0,	190.427,			1.437,			0.273,			0.054
770,	1,	387.0,	190.445,			1.031,			0.129,			0.06
771,	1,	59.0,	190.447,			1.541,			0.107,			0.051
772,	1,	16.0,	190.46,			1.657,			0.193,			0.053
773,	1,	90.0,	190.623,			2.796,			0.225,			0.059
774,	1,	90.0,	190.756,			2.798,			0.209,			0.055
775,	1,	214.0,	190.884,			2.525,			0.124,			0.051
776,	1,	44.0,	190.886,			1.56,			0.124,			0.052
777,	1,	146.0,	191.132,			1.914,			0.221,			0.052
778,	1,	28.0,	191.222,			2.622,			0.205,			0.051
779,	1,	559.0,	191.559,			1.554,			0.133,			0.051
780,	2,	228.0,	192.226,			14.948,			1.306,			0.147
781,	1,	59.0,	192.352,			1.915,			0.277,			0.056
782,	1,	103.0,	192.774,			2.533,			0.177,			0.05
783,	1,	28.0,	192.923,			2.386,			0.175,			0.05
784,	2,	143.0,	193.395,			10.669,			1.138,			0.118
785,	1,	447.0,	193.531,			2.655,			0.198,			0.057
786,	1,	126.0,	193.741,			2.324,			0.16,			0.053
787,	2,	221.0,	193.956,			13.162,			1.202,			0.115
788,	1,	379.0,	194.383,			1.186,			0.268,			0.053
789,	1,	6.0,	195.079,			2.284,			0.15,			0.05
790,	1,	120.0,	195.14,			2.316,			0.255,			0.058
791,	1,	559.0,	195.284,			1.279,			0.116,			0.059
792,	1,	512.0,	195.459,			2.088,			0.179,			0.059
793,	1,	126.0,	195.704,			2.725,			0.254,			0.058
794,	1,	512.0,	196.03,			2.939,			0.183,			0.054
795,	1,	7.0,	196.144,			1.08,			0.185,			0.052
796,	1,	387.0,	196.232,			2.293,			0.294,			0.051
797,	2,	163.0,	196.392,			10.984,			1.046,			0.138
798,	1,	6.0,	196.499,			1.455,			0.292,			0.053
799,	1,	103.0,	197.106,			2.328,			0.124,			0.053
800,	1,	559.0,	197.328,			2.31,			0.245,			0.059
801,	1,	7.0,	197.646,			2.842,			0.278,			0.053
802,	1,	169.0,	198.175,			2.342,			0.271,			0.052
803,	1,	169.0,	198.275,			2.819,			0.253,			0.053
804,	1,	126.0,	198.478,			1.16,			0.299,			0.058
805,	2,	84.0,	198.652,			11.125,			1.073,			0.198
806,	1,	120.0,	199.697,			1.962,			0.131,			0.054
807,	2,	135.0,	199.79,			10.629,			1.044,			0.148
808,	2,	185.0,	200.038,			14.528,			1.128,			0.11
809,	1,	512.0,	200.488,			1.914,			0.216,			0.052
810,	1,	169.0,	200.744,			2.596,			0.123,			0.057
811,	1,	59.0,	200.833,			2.09,			0.168,			0.051
812,	1,	6.0,	201.252,			1.571,			0.245,			0.059
813,	1,	44.0,	201.337,			1.445,			0.279,			0.055
814,	1,	16.0,	201.544,			2.972,			0.285,			0.056
815,	1,	10.0,	201.575,			1.018,			0.28,			0.058
816,	2,	198.0,	201.773,			11.194,			1.198,			0.187
817,	1,	90.0,	201.816,			2.388,			0.119,			0.051
818,	1,	30.0,	202.109,			2.238,			0.228,			0.06
819,	1,	90.0,	202.385,			2.491,			0.173,			0.052
820,	1,	7.0,	202.579,			2.412,			0.263,			0.053
821,	1,	512.0,	202.601,			1.367,			0.256,			0.053
822,	2,	86.0,	202.97,			12.368,			1.386,			0.16
823,	1,	379.0,	203.436,			2.935,			0.122,			0.051
824,	1,	512.0,	203.914,			2.1,			0.287,			0.06
825,	1,	10.0,	203.941,			1.188,			0.146,			0.052
826,	2,	162.0,	204.133,			10.443,			1.128,			0.107
827,	1,	6.0,	204.377,			1.994,			0.226,			0.059
828,	1,	95.0,	204.59,			1.495,			0.212,			0.053
829,	2,	139.0,	204.688,			10.244,			1.259,			0.12
830,	1,	7.0,	204.783,			1.928,			0.216,			0.057
831,	1,	44.0,	205.041,			2.303,			0.113,			0.054
832,	1,	7.0,	205.047,			1.413,			0.228,			0.055
833,	2,	175.0,	205.26,			13.166,			1.261,			0.184
834,	1,	146.0,	205.507,			1.682,			0.297,			0.057
835,	1,	103.0,	205.625,			1.719,			0.174,			0.052
836,	1,	7.0,	205.685,			1.287,			0.105,			0.057
837,	1,	559.0,	205.807,			1.878,			0.283,			0.053
838,	1,	44.0,	205.857,			1.486,			0.21,			0.057
839,	1,	157.0,	206.504,			2.056,			0.212,			0.058
840,	1,	214.0,	206.91,			2.301,			0.118,			0.06
841,	1,	512.0,	207.001,			1.052,			0.158,			0.05
842,	1,	379.0,	207.165,			2.634,			0.146,			0.053
843,	1,	6.0,	207.339,			1.537,			0.216,			0.052
844,	2,	195.0,	207.888,			10.16,			1.264,			0.164
845,	1,	103.0,	207.953,			1.61,			0.223,			0.058
846,	2,	102.0,	208.416,			13.761,			1.203,			0.173
847,	1,	90.0,	208.435,			1.651,			0.226,			0.053
848,	1,	16.0,	208.899,			1.609,			0.267,			0.055
849,	1,	44.0,	208.958,			2.813,			0.161,			0.05
850,	2,	144.0,	209.583,			11.017,			1.015,			0.168
851,	1,	120.0,	210.27,			2.103,			0.205,			0.059
852,	1,	512.0,	210.865,			2.388,			0.237,			0.055
853,	1,	447.0,	211.085,			2.448,			0.251,			0.055
854,	1,	387.0,	211.15,			2.991,			0.128,			0.051
855,	1,	90.0,	211.21,			2.976,			0.216,			0.058
856,	1,	7.0,	211.512,			1.426,			0.273,			0.056
857,	1,	559.0,	211.595,			1.028,			0.17,			0.059
858,	1,	6.0,	212.055,			1.086,			0.263,			0.054
859,	2,	222.0,	212.12,			14.12,			1.096,			0.128
860,	1,	7.0,	212.157,			1.481,			0.156,			0.052
861,	2,	104.0,	212.186,			10.399,			1.296,			0.101
862,	1,	120.0,	212.406,			1.477,			0.29,			0.055
863,	1,	6.0,	212.83,			1.395,			0.162,			0.059
864,	1,	498.0,	212.86,			1.367,			0.247,			0.055
865,	1,	10.0,	212.895,			1.908,			0.135,			0.056
866,	2,	89.0,	213.892,			11.138,			1.268,			0.124
867,	1,	10.0,	214.317,			2.636,			0.294,			0.052
868,	1,	49.0,	214.708,			1.952,			0.117,			0.053
869,	2,	104.0,	214.758,			11.982,			1.194,			0.131
870,	1,	49.0,	215.018,			1.394,			0.287,			0.054
871,	1,	379.0,	215.32,			1.988,			0.108,			0.053
872,	2,	126.0,	216.137,			10.374,			1.489,			0.177
873,	1,	559.0,	216.265,			2.76,			0.122,			0.058
874,	1,	512.0,	216.587,			2.881,			0.125,			0.056
875,	1,	49.0,	216.597,			2.701,			0.103,			0.054
876,	1,	447.0,	217.336,			2.252,			0.226,			0.057
877,	1,	169.0,	217.411,			1.653,			0.16,			0.058
878,	1,	447.0,	217.547,			1.172,			0.299,			0.056
879,	1,	559.0,	217.633,			2.377,			0.118,			0.051
880,	1,	7.0,	217.811,			1.612,			0.141,			0.05
881,	1,	10.0,	218.031,			1.501,			0.28,			0.057
882,	1,	387.0,	218.537,			2.33,			0.265,			0.05
883,	1,	7.0,	219.038,			2.556,			0.249,			0.058
884,	1,	44.0,	219.057,			1.095,			0.127,			0.052
885,	1,	498.0,	219.091,			1.86,			0.11,			0.055
886,	1,	120.0,	219.266,			2.148,			0.134,			0.053
887,	1,	28.0,	219.546,			1.702,			0.109,			0.053
888,	1,	95.0,	220.9,			2.299,			0.113,			0.054
889,	1,	379.0,	222.306,			1.188,			0.272,			0.054
890,	1,	498.0,	222.571,			1.119,			0.221,			0.054
891,	1,	103.0,	222.627,			1.104,			0.13,			0.053
892,	1,	7.0,	223.386,			2.014,			0.274,			0.051
893,	1,	157.0,	224.123,			2.179,			0.255,			0.052
894,	1,	120.0,	224.669,			1.667,			0.164,			0.052
895,	1,	512.0,	226.793,			2.41,			0.159,			0.051
896,	1,	146.0,	226.805,			1.148,			0.281,			0.057
897,	1,	13.0,	226.883,			2.184,			0.149,			0.056
898,	1,	7.0,	226.901,			2.08,			0.136,			0.055
899,	2,	141.0,	227.074,			13.137,			1.245,			0.199
900,	1,	44.0,	227.513,			2.928,			0.203,			0.051
901,	1,	16.0,	227.844,			1.473,			0.253,			0.053
902,	1,	7.0,	228.532,			1.203,			0.207,			0.057
903,	1,	120.0,	228.801,			1.886,			0.103,			0.055
904,	2,	296.0,	228.891,			11.744,			1.362,			0.139
905,	1,	7.0,	228.9,			2.1,			0.152,			0.058
906,	1,	512.0,	229.2,			1.056,			0.125,			0.059
907,	1,	126.0,	229.428,			2.398,			0.18,			0.051
908,	1,	10.0,	229.469,			1.642,			0.2,			0.052
909,	1,	447.0,	229.947,			2.555,			0.194,			0.059
910,	1,	44.0,	230.384,			1.843,			0.27,			0.056
911,	2,	97.0,	230.42,			12.463,			1.499,			0.183
912,	1,	7.0,	230.609,			2.669,			0.106,			0.055
913,	2,	157.0,	231.638,			11.11,			1.349,			0.194
914,	1,	6.0,	231.939,			1.911,			0.247,			0.053
915,	1,	157.0,	231.993,			1.151,			0.221,			0.055
916,	1,	498.0,	232.573,			2.051,			0.186,			0.053
917,	2,	138.0,	233.265,			13.088,			1.162,			0.14
918,	1,	6.0,	233.579,			1.433,			0.284,			0.052
919,	1,	95.0,	234.474,			2.717,			0.249,			0.056
920,	2,	143.0,	234.811,			11.864,			1.296,			0.123
921,	1,	7.0,	237.925,			1.883,			0.244,			0.052
922,	2,	140.0,	237.93,			10.223,			1.349,			0.139
923,	2,	211.0,	239.002,			11.124,			1.266,			0.167
924,	1,	7.0,	239.087,			1.477,			0.23,			0.056
925,	1,	447.0,	239.535,			1.541,			0.16,			0.054
926,	1,	44.0,	241.326,			2.273,			0.239,			0.05
927,	1,	7.0,	242.015,			2.598,			0.195,			0.056
928,	1,	16.0,	242.321,			2.852,			0.135,			0.056
929,	1,	28.0,	242.42,			1.169,			0.299,			0.057
930,	1,	10.0,	243.651,			1.303,			0.216,			0.06
931,	1,	7.0,	245.396,			2.838,			0.222,			0.051
932,	1,	559.0,	245.809,			2.298,			0.221,			0.051
933,	1,	157.0,	246.251,			1.67,			0.217,			0.055
934,	1,	126.0,	246.676,			1.822,			0.292,			0.059
935,	2,	145.0,	246.832,			13.456,			1.175,			0.169
936,	1,	16.0,	246.842,			2.19,			0.272,			0.053
937,	2,	185.0,	247.203,			12.79,			1.469,			0.2
938,	1,	28.0,	248.614,			2.545,			0.248,			0.054
939,	2,	298.0,	248.962,			11.135,			1.291,			0.188
940,	2,	191.0,	249.515,			11.276,			1.185,			0.104
941,	2,	133.0,	249.958,			14.49,			1.075,			0.188
942,	2,	191.0,	250.863,			13.602,			1.317,			0.185
943,	2,	104.0,	251.127,			14.283,			1.467,			0.105
944,	2,	86.0,	251.482,			10.312,			1.31,			0.178
945,	1,	28.0,	251.625,			1.942,			0.227,			0.054
946,	1,	103.0,	254.105,			2.249,			0.172,			0.053
947,	2,	93.0,	254.506,			10.654,			1.456,			0.157
948,	2,	114.0,	255.047,			10.877,			1.006,			0.181
949,	2,	209.0,	255.9,			14.064,			1.349,			0.154
950,	1,	90.0,	256.741,			1.442,			0.166,			0.057
951,	1,	16.0,	258.417,			2.173,			0.241,			0.056
952,	2,	201.0,	258.6,			13.439,			1.437,			0.197
953,	1,	49.0,	259.637,			1.654,			0.16,			0.058
954,	2,	101.0,	260.101,			11.85,			1.382,			0.189
955,	2,	245.0,	260.139,			12.024,			1.47,			0.188
956,	1,	447.0,	260.564,			1.994,			0.289,			0.057
957,	1,	447.0,	261.018,			1.988,			0.146,			0.059
958,	1,	214.0,	262.507,			2.057,			0.256,			0.06
959,	1,	498.0,	263.071,			1.157,			0.152,			0.055
960,	1,	28.0,	263.455,			2.038,			0.169,			0.059
961,	2,	112.0,	264.632,			12.271,			1.304,			0.151
962,	1,	44.0,	264.647,			2.599,			0.21,			0.055
963,	2,	242.0,	266.144,			12.902,			1.463,			0.12
964,	2,	116.0,	267.333,			14.45,			1.231,			0.101
965,	2,	190.0,	268.302,			13.05,			1.139,			0.154
966,	2,	140.0,	268.823,			13.193,			1.185,			0.194
967,	2,	120.0,	269.042,			12.145,			1.111,			0.133
968,	2,	273.0,	269.896,			14.268,			1.164,			0.145
969,	2,	152.0,	270.074,			10.443,			1.351,			0.179
970,	2,	104.0,	270.122,			12.738,			1.121,			0.117
971,	2,	121.0,	270.252,			10.617,			1.498,			0.118
972,	2,	179.0,	271.521,			13.735,			1.252,			0.179
973,	2,	293.0,	271.766,			11.494,			1.366,			0.133
974,	2,	332.0,	271.97,			12.328,			1.17,			0.131
975,	1,	214.0,	273.338,			2.384,			0.176,			0.05
976,	2,	104.0,	274.599,			12.134,			1.398,			0.109
977,	2,	135.0,	275.244,			10.565,			1.178,			0.199
978,	2,	341.0,	278.816,			14.157,			1.311,			0.119
979,	1,	126.0,	278.877,			1.048,			0.254,			0.05
980,	1,	387.0,	278.994,			1.844,			0.174,			0.058
981,	2,	126.0,	280.172,			13.168,			1.238,			0.176
982,	2,	197.0,	281.942,			11.496,			1.053,			0.192
983,	2,	331.0,	282.926,			14.057,			1.046,			0.124
984,	1,	44.0,	283.097,			2.26,			0.27,			0.056
985,	2,	158.0,	285.358,			10.01,			1.179,			0.141
986,	2,	254.0,	286.129,			10.064,			1.05,			0.198
987,	2,	236.0,	289.792,			10.788,			1.326,			0.155
988,	2,	111.0,	289.837,			12.703,			1.127,			0.176
989,	2,	275.0,	291.307,			13.933,			1.483,			0.119
990,	2,	275.0,	291.676,			14.663,			1.438,			0.115
991,	2,	127.0,	293.888,			13.629,			1.131,			0.165
992,	2,	40.0,	294.784,			10.78,			1.443,			0.166
993,	2,	274.0,	295.366,			11.19,			1.374,			0.135
994,	2,	141.0,	296.446,			13.027,			1.481,			0.119
995,	2,	204.0,	296.994,			12.815,			1.444,			0.19
996,	1,	44.0,	299.031,			1.821,			0.138,			0.053
997,	2,	145.0,	299.224,			10.173,			1.308,			0.105
998,	2,	156.0,	299.412,			14.646,			1.123,			0.131
999,	2,	75.0,	299.674,			13.442,			1.353,			0.145
1000,	1,	13.0,	300.0,			2.187,			0.24,			0.055
