#, task_type_id, size, arrival_time,	execution_time_cpu,	execution_time_gpu,	execution_time_CLOUD
1,	1,	214.0,	0.0,			1.417,			0.166,			0.052
2,	2,	138.0,	0.208,			14.704,			1.175,			0.105
3,	2,	119.0,	0.712,			11.238,			1.023,			0.128
4,	2,	121.0,	1.665,			12.101,			1.269,			0.103
5,	2,	178.0,	2.344,			11.153,			1.187,			0.102
6,	2,	127.0,	2.706,			14.028,			1.031,			0.195
7,	2,	192.0,	4.654,			14.743,			1.241,			0.156
8,	2,	152.0,	7.056,			12.976,			1.212,			0.13
9,	2,	179.0,	8.029,			13.596,			1.187,			0.117
10,	2,	204.0,	10.414,			14.82,			1.401,			0.177
11,	1,	6.0,	10.535,			2.305,			0.241,			0.06
12,	1,	59.0,	12.246,			1.417,			0.168,			0.058
13,	2,	89.0,	13.717,			14.146,			1.494,			0.172
14,	1,	169.0,	15.542,			1.755,			0.17,			0.051
15,	2,	141.0,	16.681,			11.494,			1.175,			0.122
16,	2,	287.0,	17.206,			13.225,			1.253,			0.184
17,	1,	59.0,	20.296,			1.241,			0.145,			0.055
18,	1,	120.0,	23.568,			2.369,			0.131,			0.057
19,	1,	30.0,	24.498,			2.968,			0.218,			0.059
20,	2,	128.0,	28.25,			11.886,			1.463,			0.125
21,	2,	48.0,	30.507,			13.111,			1.086,			0.137
22,	2,	109.0,	30.877,			14.653,			1.073,			0.197
23,	2,	158.0,	31.663,			14.931,			1.442,			0.17
24,	1,	169.0,	35.56,			1.748,			0.295,			0.056
25,	2,	128.0,	37.915,			10.146,			1.385,			0.131
26,	2,	204.0,	38.23,			12.304,			1.317,			0.103
27,	1,	120.0,	38.38,			2.861,			0.173,			0.057
28,	1,	59.0,	39.206,			1.471,			0.143,			0.056
29,	2,	177.0,	41.332,			12.101,			1.083,			0.198
30,	2,	130.0,	41.361,			10.159,			1.082,			0.128
31,	1,	120.0,	41.974,			1.742,			0.148,			0.051
32,	1,	10.0,	43.777,			1.737,			0.193,			0.051
33,	1,	44.0,	43.8,			2.761,			0.161,			0.056
34,	2,	155.0,	44.732,			14.948,			1.483,			0.143
35,	2,	113.0,	44.886,			12.447,			1.157,			0.133
36,	2,	174.0,	45.069,			13.148,			1.253,			0.125
37,	1,	59.0,	45.247,			2.889,			0.298,			0.057
38,	2,	199.0,	46.583,			10.84,			1.306,			0.145
39,	1,	7.0,	46.621,			1.558,			0.107,			0.055
40,	1,	7.0,	46.913,			2.459,			0.27,			0.051
41,	2,	134.0,	47.551,			14.743,			1.282,			0.146
42,	1,	387.0,	48.395,			2.425,			0.185,			0.058
43,	2,	224.0,	48.479,			12.424,			1.398,			0.179
44,	2,	134.0,	51.106,			11.744,			1.098,			0.118
45,	1,	44.0,	51.256,			1.539,			0.161,			0.058
46,	1,	126.0,	51.4,			2.051,			0.244,			0.052
47,	1,	49.0,	51.76,			1.166,			0.287,			0.057
48,	2,	120.0,	52.422,			13.195,			1.041,			0.119
49,	1,	10.0,	52.614,			2.28,			0.158,			0.057
50,	1,	512.0,	52.787,			1.605,			0.162,			0.052
51,	2,	155.0,	53.193,			10.146,			1.341,			0.122
52,	2,	102.0,	53.317,			13.42,			1.218,			0.132
53,	1,	10.0,	53.978,			1.028,			0.195,			0.051
54,	1,	10.0,	54.381,			1.158,			0.233,			0.058
55,	1,	214.0,	54.733,			1.609,			0.271,			0.059
56,	1,	157.0,	54.913,			1.981,			0.111,			0.055
57,	1,	379.0,	55.216,			2.509,			0.248,			0.059
58,	1,	169.0,	55.547,			1.232,			0.108,			0.058
59,	1,	30.0,	55.933,			1.402,			0.232,			0.058
60,	2,	132.0,	56.297,			13.75,			1.179,			0.182
61,	2,	146.0,	57.043,			10.16,			1.016,			0.117
62,	2,	121.0,	57.866,			14.686,			1.27,			0.144
63,	2,	132.0,	58.266,			13.629,			1.203,			0.177
64,	1,	512.0,	59.314,			2.52,			0.195,			0.052
65,	2,	42.0,	60.607,			13.264,			1.463,			0.191
66,	2,	102.0,	60.732,			13.86,			1.133,			0.127
67,	1,	28.0,	60.742,			2.304,			0.299,			0.056
68,	1,	44.0,	61.721,			2.415,			0.238,			0.052
69,	1,	559.0,	62.341,			2.691,			0.194,			0.052
70,	2,	114.0,	62.68,			11.248,			1.259,			0.161
71,	2,	170.0,	63.195,			13.36,			1.226,			0.177
72,	1,	214.0,	63.339,			2.087,			0.101,			0.059
73,	2,	231.0,	63.436,			12.849,			1.282,			0.136
74,	2,	355.0,	64.04,			10.728,			1.42,			0.107
75,	2,	114.0,	64.369,			12.933,			1.488,			0.101
76,	1,	7.0,	64.375,			1.366,			0.197,			0.05
77,	1,	95.0,	65.07,			2.063,			0.258,			0.055
78,	2,	141.0,	65.131,			14.692,			1.204,			0.138
79,	2,	176.0,	65.908,			11.834,			1.454,			0.196
80,	1,	379.0,	65.911,			2.412,			0.21,			0.057
81,	1,	13.0,	66.09,			1.441,			0.299,			0.051
82,	1,	30.0,	66.851,			1.575,			0.15,			0.058
83,	1,	30.0,	67.1,			1.313,			0.183,			0.058
84,	1,	157.0,	67.427,			1.291,			0.21,			0.055
85,	1,	126.0,	67.624,			1.486,			0.226,			0.058
86,	1,	28.0,	68.337,			1.496,			0.191,			0.058
87,	1,	103.0,	68.87,			1.981,			0.177,			0.05
88,	1,	10.0,	69.893,			2.01,			0.278,			0.053
89,	1,	90.0,	70.835,			1.128,			0.162,			0.058
90,	1,	7.0,	71.013,			1.728,			0.234,			0.051
91,	1,	512.0,	71.097,			2.709,			0.135,			0.056
92,	2,	151.0,	71.251,			11.404,			1.279,			0.102
93,	1,	13.0,	71.366,			1.191,			0.259,			0.055
94,	1,	387.0,	72.661,			1.23,			0.153,			0.057
95,	2,	99.0,	72.748,			10.728,			1.308,			0.169
96,	1,	44.0,	72.764,			1.287,			0.241,			0.055
97,	2,	168.0,	72.877,			13.854,			1.376,			0.136
98,	2,	56.0,	73.365,			14.146,			1.253,			0.111
99,	2,	237.0,	74.434,			12.155,			1.293,			0.144
100,	1,	7.0,	74.939,			2.158,			0.283,			0.053
101,	2,	187.0,	75.83,			10.223,			1.185,			0.129
102,	1,	10.0,	76.391,			1.358,			0.267,			0.05
103,	1,	103.0,	76.416,			1.774,			0.253,			0.051
104,	1,	7.0,	76.481,			1.362,			0.203,			0.055
105,	2,	235.0,	76.521,			11.433,			1.011,			0.127
106,	1,	44.0,	76.562,			1.383,			0.148,			0.054
107,	1,	146.0,	76.78,			1.657,			0.257,			0.057
108,	1,	6.0,	76.796,			2.155,			0.22,			0.06
109,	1,	169.0,	77.41,			1.875,			0.197,			0.051
110,	1,	16.0,	77.903,			2.761,			0.299,			0.056
111,	1,	16.0,	78.022,			1.313,			0.287,			0.059
112,	1,	6.0,	78.256,			2.454,			0.223,			0.056
113,	1,	13.0,	78.9,			1.488,			0.135,			0.059
114,	2,	205.0,	79.45,			10.782,			1.093,			0.125
115,	1,	498.0,	79.687,			2.973,			0.208,			0.055
116,	1,	10.0,	79.821,			2.659,			0.105,			0.056
117,	1,	13.0,	79.898,			2.565,			0.297,			0.058
118,	1,	6.0,	80.051,			1.756,			0.198,			0.055
119,	1,	44.0,	80.072,			2.99,			0.16,			0.059
120,	1,	214.0,	80.655,			1.028,			0.169,			0.06
121,	2,	116.0,	80.708,			14.425,			1.364,			0.174
122,	1,	169.0,	81.146,			1.056,			0.136,			0.055
123,	1,	6.0,	81.181,			1.372,			0.136,			0.055
124,	1,	6.0,	81.361,			1.509,			0.225,			0.055
125,	1,	146.0,	81.48,			2.702,			0.113,			0.05
126,	1,	16.0,	81.679,			1.522,			0.214,			0.057
127,	1,	10.0,	81.815,			2.727,			0.149,			0.054
128,	1,	10.0,	82.26,			2.377,			0.295,			0.06
129,	1,	28.0,	82.418,			2.776,			0.151,			0.057
130,	1,	44.0,	82.472,			2.429,			0.195,			0.059
131,	1,	16.0,	82.585,			1.742,			0.156,			0.051
132,	1,	30.0,	83.199,			2.155,			0.182,			0.057
133,	1,	126.0,	83.207,			2.41,			0.226,			0.057
134,	1,	10.0,	84.17,			1.028,			0.199,			0.056
135,	1,	49.0,	84.494,			2.027,			0.137,			0.05
136,	2,	127.0,	84.969,			14.891,			1.082,			0.137
137,	1,	10.0,	85.266,			1.104,			0.292,			0.054
138,	1,	559.0,	85.403,			2.169,			0.173,			0.054
139,	1,	498.0,	85.407,			2.252,			0.214,			0.055
140,	1,	379.0,	85.43,			1.709,			0.13,			0.052
141,	1,	7.0,	85.578,			2.88,			0.283,			0.052
142,	1,	157.0,	85.775,			1.631,			0.161,			0.052
143,	1,	30.0,	85.89,			1.578,			0.288,			0.052
144,	1,	59.0,	86.068,			1.303,			0.194,			0.056
145,	2,	249.0,	86.281,			13.452,			1.236,			0.142
146,	2,	83.0,	86.357,			14.789,			1.02,			0.103
147,	1,	7.0,	86.798,			1.543,			0.119,			0.053
148,	1,	16.0,	86.882,			1.663,			0.174,			0.058
149,	1,	214.0,	87.063,			1.086,			0.287,			0.051
150,	2,	174.0,	87.091,			12.368,			1.175,			0.142
151,	1,	13.0,	87.151,			2.984,			0.299,			0.06
152,	1,	16.0,	87.713,			1.505,			0.162,			0.057
153,	1,	214.0,	87.785,			2.31,			0.121,			0.059
154,	1,	146.0,	87.826,			1.174,			0.108,			0.056
155,	1,	120.0,	88.002,			1.728,			0.216,			0.059
156,	1,	44.0,	88.117,			2.576,			0.116,			0.052
157,	1,	49.0,	88.549,			2.449,			0.215,			0.058
158,	1,	559.0,	88.628,			2.36,			0.279,			0.053
159,	1,	95.0,	88.762,			2.087,			0.206,			0.051
160,	1,	447.0,	89.244,			1.262,			0.116,			0.059
161,	1,	126.0,	89.307,			1.753,			0.195,			0.059
162,	1,	49.0,	90.215,			2.598,			0.195,			0.051
163,	1,	44.0,	90.474,			1.014,			0.215,			0.051
164,	2,	193.0,	90.557,			14.789,			1.369,			0.132
165,	1,	59.0,	91.01,			1.752,			0.186,			0.055
166,	2,	112.0,	91.305,			13.583,			1.23,			0.11
167,	1,	90.0,	92.182,			1.496,			0.136,			0.054
168,	2,	98.0,	92.259,			14.245,			1.165,			0.16
169,	1,	7.0,	92.357,			2.296,			0.17,			0.056
170,	1,	49.0,	92.379,			1.164,			0.244,			0.055
171,	2,	136.0,	92.399,			12.733,			1.115,			0.13
172,	2,	85.0,	92.757,			14.235,			1.185,			0.187
173,	1,	6.0,	92.993,			1.204,			0.221,			0.054
174,	1,	559.0,	93.028,			2.407,			0.198,			0.057
175,	1,	447.0,	93.494,			2.299,			0.285,			0.051
176,	1,	30.0,	93.558,			1.111,			0.227,			0.056
177,	1,	7.0,	93.727,			2.984,			0.2,			0.057
178,	2,	309.0,	93.831,			14.716,			1.363,			0.122
179,	1,	90.0,	93.849,			2.955,			0.27,			0.057
180,	2,	130.0,	93.885,			11.85,			1.226,			0.183
181,	1,	16.0,	94.939,			1.047,			0.184,			0.053
182,	1,	44.0,	95.204,			2.556,			0.109,			0.053
183,	1,	157.0,	95.714,			2.219,			0.162,			0.052
184,	1,	379.0,	95.867,			2.802,			0.101,			0.053
185,	1,	103.0,	95.962,			1.505,			0.248,			0.055
186,	1,	146.0,	96.335,			2.103,			0.231,			0.059
187,	1,	6.0,	96.384,			2.99,			0.161,			0.06
188,	1,	387.0,	96.418,			1.027,			0.133,			0.058
189,	1,	7.0,	96.515,			2.638,			0.172,			0.052
190,	1,	379.0,	96.901,			1.994,			0.116,			0.054
191,	1,	7.0,	97.277,			2.763,			0.249,			0.055
192,	1,	157.0,	97.399,			2.864,			0.15,			0.05
193,	1,	7.0,	97.536,			1.522,			0.209,			0.055
194,	1,	512.0,	97.63,			1.597,			0.292,			0.057
195,	1,	387.0,	97.925,			1.766,			0.281,			0.057
196,	1,	447.0,	97.961,			1.828,			0.158,			0.054
197,	2,	223.0,	98.123,			10.56,			1.346,			0.151
198,	1,	447.0,	98.403,			1.869,			0.27,			0.054
199,	2,	233.0,	98.538,			13.635,			1.411,			0.156
200,	1,	10.0,	98.589,			1.799,			0.288,			0.051
201,	2,	139.0,	98.685,			14.914,			1.49,			0.127
202,	1,	120.0,	98.735,			1.774,			0.164,			0.06
203,	1,	387.0,	99.389,			2.384,			0.113,			0.058
204,	1,	30.0,	99.57,			1.663,			0.284,			0.055
205,	1,	447.0,	99.916,			1.84,			0.23,			0.055
206,	1,	7.0,	100.061,			1.119,			0.259,			0.053
207,	1,	157.0,	100.137,			1.031,			0.218,			0.056
208,	1,	498.0,	100.25,			2.197,			0.186,			0.058
209,	1,	447.0,	100.575,			1.313,			0.133,			0.052
210,	1,	447.0,	100.72,			1.561,			0.292,			0.055
211,	1,	214.0,	100.813,			2.187,			0.263,			0.056
212,	2,	165.0,	100.989,			10.279,			1.499,			0.13
213,	1,	7.0,	101.042,			1.145,			0.151,			0.052
214,	1,	126.0,	101.05,			2.222,			0.198,			0.06
215,	2,	106.0,	101.052,			14.439,			1.259,			0.119
216,	1,	379.0,	101.247,			2.567,			0.109,			0.057
217,	2,	268.0,	101.604,			10.669,			1.285,			0.148
218,	1,	59.0,	101.636,			2.685,			0.122,			0.058
219,	1,	126.0,	101.705,			1.694,			0.274,			0.053
220,	1,	95.0,	102.257,			2.901,			0.273,			0.051
221,	1,	16.0,	102.375,			2.454,			0.287,			0.055
222,	1,	512.0,	102.677,			2.621,			0.217,			0.055
223,	1,	7.0,	102.904,			1.509,			0.242,			0.055
224,	1,	7.0,	103.363,			2.533,			0.222,			0.052
225,	2,	113.0,	103.377,			10.837,			1.354,			0.137
226,	1,	379.0,	103.396,			1.172,			0.198,			0.056
227,	1,	7.0,	103.626,			2.004,			0.254,			0.054
228,	1,	7.0,	103.732,			2.761,			0.177,			0.05
229,	1,	7.0,	103.8,			1.838,			0.21,			0.051
230,	1,	90.0,	103.965,			2.087,			0.215,			0.053
231,	1,	30.0,	103.986,			2.627,			0.134,			0.054
232,	2,	118.0,	104.333,			13.021,			1.291,			0.122
233,	1,	7.0,	104.48,			1.448,			0.114,			0.054
234,	1,	7.0,	104.582,			2.293,			0.255,			0.057
235,	1,	6.0,	104.829,			1.605,			0.259,			0.051
236,	1,	387.0,	105.109,			1.086,			0.167,			0.051
237,	1,	7.0,	105.579,			1.211,			0.29,			0.06
238,	2,	90.0,	106.607,			10.893,			1.409,			0.194
239,	1,	30.0,	106.677,			1.302,			0.19,			0.058
240,	1,	13.0,	106.884,			2.857,			0.242,			0.056
241,	1,	379.0,	106.914,			2.407,			0.15,			0.059
242,	1,	28.0,	107.232,			1.914,			0.127,			0.059
243,	1,	44.0,	107.763,			1.241,			0.244,			0.053
244,	1,	30.0,	108.879,			1.496,			0.197,			0.06
245,	1,	120.0,	109.11,			1.111,			0.2,			0.06
246,	1,	6.0,	109.451,			2.103,			0.257,			0.052
247,	1,	559.0,	109.522,			1.226,			0.211,			0.055
248,	1,	44.0,	109.775,			1.097,			0.101,			0.059
249,	1,	146.0,	110.105,			1.684,			0.109,			0.056
250,	1,	126.0,	110.272,			1.116,			0.174,			0.056
251,	1,	59.0,	110.336,			2.838,			0.272,			0.055
252,	1,	59.0,	110.422,			1.353,			0.133,			0.058
253,	2,	123.0,	110.471,			12.801,			1.47,			0.168
254,	1,	126.0,	110.756,			2.922,			0.245,			0.054
255,	1,	28.0,	110.786,			2.19,			0.238,			0.054
256,	1,	7.0,	110.998,			2.618,			0.143,			0.052
257,	1,	30.0,	111.043,			1.757,			0.27,			0.055
258,	1,	49.0,	111.331,			1.486,			0.15,			0.06
259,	1,	95.0,	111.46,			2.116,			0.298,			0.053
260,	1,	120.0,	111.5,			1.289,			0.267,			0.057
261,	1,	28.0,	111.81,			1.494,			0.194,			0.058
262,	1,	157.0,	111.95,			1.612,			0.288,			0.051
263,	1,	7.0,	112.003,			1.708,			0.177,			0.06
264,	2,	130.0,	112.19,			14.45,			1.212,			0.179
265,	1,	28.0,	112.619,			1.748,			0.229,			0.05
266,	1,	559.0,	112.682,			1.75,			0.258,			0.057
267,	1,	120.0,	113.106,			2.158,			0.158,			0.051
268,	2,	141.0,	113.258,			10.481,			1.335,			0.166
269,	1,	6.0,	113.385,			1.173,			0.278,			0.054
270,	1,	387.0,	113.539,			1.394,			0.236,			0.057
271,	1,	44.0,	113.594,			2.449,			0.19,			0.053
272,	2,	224.0,	113.687,			13.136,			1.053,			0.135
273,	1,	10.0,	113.889,			1.548,			0.205,			0.054
274,	1,	7.0,	114.243,			1.605,			0.227,			0.055
275,	1,	447.0,	114.261,			1.407,			0.199,			0.051
276,	1,	30.0,	114.429,			1.489,			0.256,			0.058
277,	1,	6.0,	114.544,			2.789,			0.141,			0.052
278,	1,	7.0,	114.624,			2.655,			0.226,			0.056
279,	1,	559.0,	114.817,			2.794,			0.214,			0.054
280,	1,	7.0,	114.82,			2.098,			0.222,			0.057
281,	2,	90.0,	115.219,			10.751,			1.046,			0.1
282,	1,	7.0,	115.294,			2.465,			0.197,			0.058
283,	1,	49.0,	115.527,			2.047,			0.193,			0.053
284,	1,	447.0,	115.673,			1.587,			0.123,			0.055
285,	1,	512.0,	115.762,			2.034,			0.23,			0.052
286,	1,	120.0,	115.865,			2.956,			0.177,			0.055
287,	1,	157.0,	115.886,			1.097,			0.199,			0.05
288,	1,	7.0,	116.028,			1.005,			0.185,			0.05
289,	1,	90.0,	116.124,			1.757,			0.185,			0.055
290,	1,	44.0,	116.271,			1.639,			0.116,			0.055
291,	1,	157.0,	116.542,			2.034,			0.297,			0.053
292,	1,	7.0,	116.817,			1.947,			0.262,			0.056
293,	1,	44.0,	117.487,			1.912,			0.251,			0.05
294,	1,	146.0,	117.596,			2.834,			0.124,			0.055
295,	2,	204.0,	117.656,			12.821,			1.322,			0.153
296,	1,	169.0,	117.818,			2.714,			0.128,			0.055
297,	2,	158.0,	117.846,			10.573,			1.23,			0.105
298,	1,	44.0,	117.882,			1.927,			0.202,			0.051
299,	1,	169.0,	117.92,			2.379,			0.157,			0.052
300,	1,	559.0,	118.1,			2.436,			0.104,			0.059
301,	1,	90.0,	118.237,			2.983,			0.151,			0.054
302,	1,	120.0,	118.257,			2.377,			0.134,			0.051
303,	1,	447.0,	118.279,			1.307,			0.133,			0.053
304,	1,	44.0,	118.281,			2.533,			0.224,			0.059
305,	1,	126.0,	118.374,			1.828,			0.252,			0.06
306,	1,	44.0,	118.402,			1.42,			0.206,			0.056
307,	1,	103.0,	118.5,			2.199,			0.122,			0.051
308,	1,	59.0,	118.545,			2.448,			0.16,			0.056
309,	1,	379.0,	118.582,			1.783,			0.27,			0.056
310,	1,	6.0,	118.718,			1.104,			0.131,			0.059
311,	1,	6.0,	118.857,			1.241,			0.251,			0.051
312,	1,	120.0,	118.876,			1.97,			0.185,			0.06
313,	1,	447.0,	119.166,			2.8,			0.238,			0.057
314,	1,	49.0,	119.506,			1.455,			0.167,			0.054
315,	1,	126.0,	119.612,			2.197,			0.253,			0.055
316,	1,	559.0,	119.659,			1.031,			0.186,			0.056
317,	1,	13.0,	120.011,			1.343,			0.192,			0.05
318,	1,	13.0,	120.214,			2.407,			0.205,			0.052
319,	1,	7.0,	120.359,			1.694,			0.234,			0.053
320,	1,	7.0,	120.407,			2.085,			0.203,			0.057
321,	1,	44.0,	120.616,			2.655,			0.136,			0.057
322,	1,	59.0,	120.791,			1.148,			0.257,			0.056
323,	1,	7.0,	120.796,			2.148,			0.109,			0.057
324,	1,	16.0,	120.919,			1.911,			0.247,			0.058
325,	2,	149.0,	121.037,			12.027,			1.227,			0.162
326,	1,	6.0,	121.125,			2.26,			0.233,			0.06
327,	1,	126.0,	121.239,			2.43,			0.149,			0.053
328,	1,	387.0,	121.643,			1.645,			0.299,			0.058
329,	1,	59.0,	122.065,			2.763,			0.141,			0.052
330,	1,	16.0,	122.117,			1.844,			0.277,			0.056
331,	2,	58.0,	122.151,			13.249,			1.144,			0.195
332,	1,	6.0,	122.197,			1.027,			0.172,			0.054
333,	1,	28.0,	122.389,			1.119,			0.113,			0.053
334,	1,	447.0,	122.434,			2.697,			0.141,			0.051
335,	2,	147.0,	122.489,			10.461,			1.206,			0.179
336,	1,	7.0,	122.892,			2.548,			0.124,			0.052
337,	1,	30.0,	123.068,			1.116,			0.21,			0.05
338,	1,	146.0,	123.102,			1.018,			0.193,			0.059
339,	2,	200.0,	123.449,			13.181,			1.073,			0.105
340,	1,	44.0,	123.687,			1.119,			0.299,			0.05
341,	2,	87.0,	123.833,			10.936,			1.297,			0.135
342,	1,	157.0,	124.209,			2.702,			0.22,			0.055
343,	1,	30.0,	124.25,			1.287,			0.189,			0.053
344,	2,	143.0,	124.25,			13.101,			1.279,			0.16
345,	1,	44.0,	124.327,			2.116,			0.214,			0.053
346,	1,	103.0,	124.375,			1.078,			0.147,			0.051
347,	2,	176.0,	124.557,			10.666,			1.104,			0.194
348,	1,	447.0,	124.633,			1.749,			0.236,			0.05
349,	1,	44.0,	125.075,			2.303,			0.108,			0.053
350,	2,	111.0,	125.452,			11.709,			1.294,			0.189
351,	1,	44.0,	125.679,			1.631,			0.104,			0.055
352,	1,	10.0,	125.971,			2.659,			0.203,			0.058
353,	1,	120.0,	126.114,			1.631,			0.142,			0.051
354,	1,	146.0,	126.152,			2.155,			0.214,			0.056
355,	1,	157.0,	126.3,			2.87,			0.279,			0.056
356,	1,	120.0,	127.065,			2.055,			0.203,			0.053
357,	1,	16.0,	127.292,			2.757,			0.299,			0.051
358,	1,	103.0,	127.37,			1.4,			0.299,			0.053
359,	1,	7.0,	127.411,			2.491,			0.152,			0.059
360,	1,	559.0,	127.506,			2.181,			0.215,			0.059
361,	1,	49.0,	127.596,			2.866,			0.133,			0.05
362,	1,	214.0,	127.73,			1.626,			0.146,			0.059
363,	2,	151.0,	127.852,			12.33,			1.027,			0.131
364,	1,	498.0,	128.023,			2.623,			0.169,			0.055
365,	1,	146.0,	128.318,			2.366,			0.155,			0.051
366,	1,	559.0,	128.577,			1.168,			0.164,			0.05
367,	1,	6.0,	128.92,			1.878,			0.158,			0.053
368,	1,	157.0,	129.212,			1.653,			0.219,			0.054
369,	1,	10.0,	129.24,			2.154,			0.163,			0.051
370,	1,	49.0,	129.285,			2.701,			0.179,			0.054
371,	1,	6.0,	129.363,			1.672,			0.263,			0.054
372,	1,	44.0,	129.383,			1.128,			0.147,			0.054
373,	1,	169.0,	129.752,			2.857,			0.165,			0.053
374,	1,	30.0,	130.463,			1.047,			0.256,			0.057
375,	1,	90.0,	130.464,			1.663,			0.184,			0.059
376,	1,	387.0,	130.548,			2.669,			0.144,			0.058
377,	1,	16.0,	130.632,			1.035,			0.12,			0.053
378,	1,	498.0,	130.667,			2.22,			0.281,			0.055
379,	1,	28.0,	130.838,			2.479,			0.191,			0.057
380,	1,	59.0,	130.874,			1.447,			0.113,			0.056
381,	1,	512.0,	131.026,			1.985,			0.238,			0.059
382,	1,	447.0,	131.218,			2.596,			0.289,			0.053
383,	1,	44.0,	131.404,			1.719,			0.148,			0.052
384,	1,	559.0,	131.728,			2.503,			0.179,			0.057
385,	1,	7.0,	131.867,			2.492,			0.27,			0.055
386,	1,	6.0,	131.918,			1.582,			0.142,			0.056
387,	1,	387.0,	132.337,			2.556,			0.125,			0.055
388,	1,	7.0,	132.606,			2.602,			0.168,			0.058
389,	2,	114.0,	133.108,			14.481,			1.269,			0.127
390,	1,	16.0,	133.128,			1.913,			0.148,			0.052
391,	1,	498.0,	133.218,			1.283,			0.254,			0.053
392,	1,	7.0,	133.319,			1.245,			0.179,			0.052
393,	1,	59.0,	133.665,			2.252,			0.232,			0.055
394,	1,	379.0,	133.835,			1.841,			0.161,			0.058
395,	1,	214.0,	133.881,			1.217,			0.228,			0.057
396,	1,	90.0,	134.766,			2.084,			0.142,			0.056
397,	1,	387.0,	134.814,			2.407,			0.166,			0.058
398,	1,	498.0,	135.227,			1.774,			0.104,			0.057
399,	1,	157.0,	135.467,			1.822,			0.231,			0.055
400,	1,	498.0,	135.581,			2.787,			0.165,			0.05
401,	1,	7.0,	135.958,			2.282,			0.21,			0.054
402,	1,	120.0,	135.985,			2.461,			0.226,			0.051
403,	1,	169.0,	135.992,			1.422,			0.252,			0.054
404,	1,	146.0,	136.171,			2.772,			0.171,			0.055
405,	1,	214.0,	136.259,			2.947,			0.201,			0.057
406,	1,	44.0,	136.286,			2.756,			0.208,			0.051
407,	1,	59.0,	136.433,			2.279,			0.235,			0.058
408,	1,	59.0,	136.624,			1.703,			0.215,			0.053
409,	1,	59.0,	136.663,			2.358,			0.101,			0.055
410,	1,	169.0,	136.72,			2.984,			0.258,			0.06
411,	1,	16.0,	136.846,			2.984,			0.133,			0.051
412,	1,	447.0,	137.373,			1.115,			0.235,			0.051
413,	1,	44.0,	137.376,			1.645,			0.136,			0.057
414,	2,	197.0,	138.07,			13.038,			1.198,			0.189
415,	2,	179.0,	138.574,			10.952,			1.314,			0.173
416,	2,	272.0,	138.663,			10.71,			1.308,			0.111
417,	1,	28.0,	138.894,			2.565,			0.299,			0.059
418,	1,	120.0,	138.904,			2.976,			0.247,			0.054
419,	2,	111.0,	139.037,			14.572,			1.447,			0.135
420,	1,	95.0,	139.185,			1.103,			0.259,			0.054
421,	1,	157.0,	139.52,			1.59,			0.194,			0.053
422,	1,	214.0,	139.645,			2.349,			0.134,			0.054
423,	2,	100.0,	139.766,			13.933,			1.222,			0.122
424,	1,	7.0,	139.779,			1.266,			0.282,			0.051
425,	1,	16.0,	140.596,			1.956,			0.2,			0.059
426,	1,	447.0,	140.665,			1.078,			0.258,			0.06
427,	1,	95.0,	140.686,			2.974,			0.233,			0.054
428,	1,	214.0,	140.708,			2.193,			0.269,			0.051
429,	1,	10.0,	140.804,			1.035,			0.217,			0.052
430,	2,	133.0,	140.846,			13.071,			1.099,			0.145
431,	1,	90.0,	141.344,			2.581,			0.141,			0.056
432,	1,	126.0,	141.428,			1.825,			0.272,			0.052
433,	1,	44.0,	141.495,			1.009,			0.164,			0.06
434,	1,	387.0,	141.638,			2.807,			0.277,			0.058
435,	1,	387.0,	141.671,			2.726,			0.231,			0.06
436,	1,	559.0,	141.737,			1.343,			0.223,			0.052
437,	1,	16.0,	141.775,			2.0,			0.134,			0.057
438,	1,	512.0,	142.0,			2.813,			0.173,			0.059
439,	2,	98.0,	142.075,			13.916,			1.431,			0.149
440,	1,	512.0,	142.262,			2.318,			0.138,			0.051
441,	2,	233.0,	142.269,			11.178,			1.239,			0.173
442,	1,	387.0,	142.39,			1.395,			0.232,			0.055
443,	1,	44.0,	142.951,			2.598,			0.221,			0.058
444,	1,	169.0,	142.962,			2.298,			0.155,			0.054
445,	1,	498.0,	143.12,			2.675,			0.169,			0.056
446,	1,	59.0,	143.285,			1.36,			0.205,			0.053
447,	1,	387.0,	143.297,			1.984,			0.193,			0.054
448,	1,	7.0,	143.371,			1.051,			0.13,			0.059
449,	1,	126.0,	143.389,			1.79,			0.171,			0.06
450,	1,	169.0,	143.481,			2.386,			0.165,			0.051
451,	1,	95.0,	143.499,			2.074,			0.131,			0.056
452,	1,	90.0,	143.741,			1.928,			0.125,			0.058
453,	1,	6.0,	143.787,			1.434,			0.231,			0.053
454,	1,	120.0,	143.85,			1.168,			0.291,			0.058
455,	1,	7.0,	143.869,			2.772,			0.107,			0.056
456,	1,	7.0,	144.037,			2.299,			0.107,			0.059
457,	1,	447.0,	144.171,			1.662,			0.219,			0.054
458,	1,	16.0,	144.184,			1.471,			0.229,			0.051
459,	1,	44.0,	144.199,			2.813,			0.116,			0.054
460,	1,	13.0,	144.403,			1.486,			0.222,			0.055
461,	1,	559.0,	144.489,			2.155,			0.193,			0.053
462,	1,	28.0,	144.668,			2.163,			0.177,			0.056
463,	1,	28.0,	144.672,			1.981,			0.102,			0.053
464,	1,	7.0,	144.696,			1.155,			0.267,			0.057
465,	1,	44.0,	144.834,			1.988,			0.288,			0.05
466,	1,	44.0,	144.934,			1.709,			0.194,			0.057
467,	2,	103.0,	144.997,			13.528,			1.164,			0.126
468,	1,	7.0,	145.092,			2.879,			0.232,			0.055
469,	1,	28.0,	145.125,			1.998,			0.189,			0.058
470,	1,	10.0,	145.232,			1.86,			0.142,			0.057
471,	1,	95.0,	145.295,			2.407,			0.231,			0.056
472,	1,	7.0,	145.321,			2.847,			0.119,			0.052
473,	1,	7.0,	145.482,			2.797,			0.272,			0.052
474,	1,	157.0,	145.686,			2.761,			0.146,			0.054
475,	1,	13.0,	145.7,			2.947,			0.201,			0.05
476,	1,	126.0,	146.069,			1.84,			0.281,			0.057
477,	2,	26.0,	146.212,			11.423,			1.12,			0.158
478,	1,	30.0,	146.369,			2.167,			0.147,			0.05
479,	1,	10.0,	146.48,			2.283,			0.259,			0.054
480,	2,	61.0,	146.508,			11.816,			1.194,			0.194
481,	2,	116.0,	146.915,			10.782,			1.494,			0.172
482,	1,	6.0,	146.922,			1.024,			0.212,			0.054
483,	1,	28.0,	147.014,			2.276,			0.125,			0.051
484,	1,	447.0,	147.16,			2.661,			0.101,			0.058
485,	1,	169.0,	147.201,			1.043,			0.165,			0.05
486,	2,	68.0,	147.511,			12.184,			1.07,			0.192
487,	1,	498.0,	147.621,			1.816,			0.156,			0.052
488,	2,	225.0,	147.703,			12.368,			1.167,			0.111
489,	1,	512.0,	147.875,			2.349,			0.152,			0.057
490,	1,	103.0,	148.207,			2.055,			0.143,			0.057
491,	1,	30.0,	148.379,			1.988,			0.139,			0.055
492,	1,	387.0,	148.417,			1.104,			0.252,			0.056
493,	1,	10.0,	148.439,			1.799,			0.275,			0.059
494,	1,	6.0,	148.53,			1.061,			0.139,			0.051
495,	1,	49.0,	148.531,			2.522,			0.298,			0.055
496,	1,	146.0,	148.749,			1.482,			0.215,			0.057
497,	1,	157.0,	148.806,			1.191,			0.256,			0.053
498,	1,	559.0,	148.853,			1.391,			0.132,			0.058
499,	1,	214.0,	148.983,			1.442,			0.124,			0.055
500,	2,	139.0,	149.059,			10.893,			1.276,			0.113
501,	1,	44.0,	149.174,			2.673,			0.283,			0.058
502,	1,	447.0,	149.23,			1.025,			0.108,			0.051
503,	1,	103.0,	149.265,			1.561,			0.189,			0.055
504,	1,	59.0,	149.927,			1.702,			0.153,			0.058
505,	1,	447.0,	149.949,			1.679,			0.2,			0.056
506,	1,	512.0,	150.043,			1.211,			0.231,			0.059
507,	1,	28.0,	150.197,			2.96,			0.212,			0.051
508,	1,	13.0,	150.249,			2.438,			0.161,			0.059
509,	2,	247.0,	150.289,			12.019,			1.477,			0.105
510,	1,	559.0,	150.724,			1.525,			0.125,			0.058
511,	1,	6.0,	150.798,			1.523,			0.276,			0.055
512,	2,	118.0,	150.804,			14.576,			1.092,			0.194
513,	1,	44.0,	150.884,			1.277,			0.212,			0.053
514,	1,	16.0,	150.934,			1.364,			0.225,			0.056
515,	1,	126.0,	151.158,			2.103,			0.195,			0.054
516,	1,	120.0,	151.352,			1.719,			0.156,			0.06
517,	1,	7.0,	151.487,			2.438,			0.272,			0.052
518,	1,	379.0,	151.705,			2.616,			0.279,			0.057
519,	1,	59.0,	151.709,			2.678,			0.182,			0.053
520,	1,	7.0,	151.754,			1.091,			0.195,			0.059
521,	1,	44.0,	151.889,			2.449,			0.221,			0.053
522,	1,	95.0,	152.164,			1.659,			0.169,			0.051
523,	1,	498.0,	152.226,			1.107,			0.189,			0.05
524,	1,	49.0,	152.254,			2.366,			0.238,			0.06
525,	1,	28.0,	152.258,			2.131,			0.253,			0.056
526,	1,	44.0,	152.282,			1.996,			0.162,			0.052
527,	1,	90.0,	152.43,			2.068,			0.275,			0.054
528,	1,	44.0,	152.741,			1.417,			0.131,			0.056
529,	1,	146.0,	152.814,			1.791,			0.233,			0.052
530,	1,	447.0,	152.876,			2.598,			0.177,			0.056
531,	1,	169.0,	152.931,			1.809,			0.225,			0.055
532,	1,	49.0,	153.035,			1.869,			0.279,			0.054
533,	1,	7.0,	153.244,			2.569,			0.142,			0.053
534,	1,	146.0,	153.331,			2.56,			0.292,			0.055
535,	1,	59.0,	153.702,			1.737,			0.21,			0.06
536,	1,	103.0,	153.785,			1.561,			0.169,			0.06
537,	1,	44.0,	153.894,			1.071,			0.15,			0.053
538,	1,	59.0,	153.928,			1.719,			0.289,			0.059
539,	1,	7.0,	154.194,			2.144,			0.265,			0.053
540,	1,	7.0,	154.412,			1.737,			0.189,			0.056
541,	1,	146.0,	154.68,			2.91,			0.148,			0.058
542,	1,	7.0,	154.747,			2.972,			0.16,			0.058
543,	2,	135.0,	154.766,			14.127,			1.046,			0.156
544,	2,	100.0,	154.823,			13.635,			1.455,			0.111
545,	1,	6.0,	154.895,			2.678,			0.135,			0.06
546,	1,	7.0,	154.94,			2.598,			0.172,			0.059
547,	1,	10.0,	155.095,			2.78,			0.182,			0.059
548,	2,	132.0,	155.195,			14.45,			1.343,			0.109
549,	1,	59.0,	155.344,			1.701,			0.266,			0.051
550,	1,	157.0,	155.507,			1.424,			0.133,			0.056
551,	1,	498.0,	155.526,			1.048,			0.13,			0.053
552,	1,	169.0,	155.588,			1.009,			0.139,			0.056
553,	2,	296.0,	155.796,			11.28,			1.1,			0.177
554,	1,	59.0,	155.92,			1.756,			0.128,			0.052
555,	1,	30.0,	156.024,			1.044,			0.209,			0.057
556,	1,	59.0,	156.044,			1.445,			0.277,			0.056
557,	1,	146.0,	156.224,			2.249,			0.235,			0.056
558,	1,	95.0,	156.254,			1.988,			0.244,			0.053
559,	1,	559.0,	156.393,			1.64,			0.22,			0.06
560,	1,	13.0,	156.529,			2.606,			0.288,			0.051
561,	2,	200.0,	156.849,			13.45,			1.484,			0.114
562,	2,	187.0,	156.949,			10.443,			1.474,			0.121
563,	1,	214.0,	156.978,			1.25,			0.21,			0.055
564,	1,	6.0,	157.422,			1.364,			0.124,			0.06
565,	1,	6.0,	157.481,			1.08,			0.288,			0.056
566,	1,	44.0,	157.519,			1.01,			0.15,			0.052
567,	1,	49.0,	157.525,			1.933,			0.217,			0.05
568,	1,	13.0,	157.893,			2.8,			0.113,			0.057
569,	1,	559.0,	157.963,			1.431,			0.148,			0.052
570,	1,	6.0,	158.254,			1.052,			0.14,			0.052
571,	1,	120.0,	158.339,			2.226,			0.165,			0.051
572,	1,	498.0,	158.482,			1.097,			0.151,			0.056
573,	1,	30.0,	158.797,			2.316,			0.132,			0.053
574,	1,	6.0,	158.917,			1.086,			0.235,			0.052
575,	1,	90.0,	158.947,			1.859,			0.189,			0.051
576,	2,	95.0,	158.977,			11.971,			1.394,			0.115
577,	1,	379.0,	158.999,			1.168,			0.245,			0.059
578,	1,	146.0,	159.063,			2.288,			0.262,			0.054
579,	1,	498.0,	159.092,			2.697,			0.156,			0.055
580,	1,	44.0,	159.377,			2.969,			0.279,			0.059
581,	1,	59.0,	159.435,			2.318,			0.228,			0.058
582,	1,	447.0,	159.523,			1.756,			0.267,			0.055
583,	1,	28.0,	159.543,			2.449,			0.17,			0.056
584,	1,	30.0,	159.641,			2.761,			0.207,			0.055
585,	1,	44.0,	159.682,			1.542,			0.248,			0.052
586,	2,	143.0,	159.76,			13.174,			1.407,			0.139
587,	1,	49.0,	159.86,			2.9,			0.11,			0.053
588,	1,	7.0,	160.037,			1.525,			0.133,			0.057
589,	1,	379.0,	160.369,			1.853,			0.132,			0.059
590,	1,	447.0,	160.476,			2.398,			0.153,			0.051
591,	1,	157.0,	160.516,			2.637,			0.153,			0.054
592,	1,	59.0,	160.523,			1.031,			0.201,			0.056
593,	1,	6.0,	160.609,			2.779,			0.175,			0.058
594,	1,	95.0,	160.67,			1.981,			0.289,			0.054
595,	1,	44.0,	160.719,			1.038,			0.189,			0.055
596,	1,	214.0,	160.786,			2.056,			0.23,			0.055
597,	1,	7.0,	161.034,			2.487,			0.263,			0.053
598,	1,	30.0,	161.101,			1.582,			0.288,			0.06
599,	1,	6.0,	161.157,			1.481,			0.101,			0.053
600,	1,	7.0,	161.198,			2.454,			0.259,			0.05
601,	1,	10.0,	161.541,			1.01,			0.182,			0.055
602,	1,	387.0,	161.598,			2.542,			0.225,			0.051
603,	1,	59.0,	161.932,			2.181,			0.269,			0.057
604,	1,	49.0,	162.013,			2.711,			0.254,			0.051
605,	1,	559.0,	162.031,			1.719,			0.282,			0.054
606,	1,	59.0,	162.347,			2.278,			0.135,			0.055
607,	1,	44.0,	162.361,			1.61,			0.294,			0.054
608,	1,	30.0,	162.462,			2.446,			0.102,			0.059
609,	1,	498.0,	162.581,			1.266,			0.136,			0.06
610,	1,	103.0,	162.631,			1.3,			0.219,			0.055
611,	1,	7.0,	163.062,			1.963,			0.172,			0.054
612,	1,	387.0,	163.097,			1.706,			0.298,			0.059
613,	1,	157.0,	163.146,			1.537,			0.207,			0.056
614,	1,	7.0,	163.226,			2.114,			0.203,			0.057
615,	1,	559.0,	163.235,			1.667,			0.124,			0.054
616,	1,	498.0,	163.755,			2.491,			0.228,			0.051
617,	1,	13.0,	163.835,			1.188,			0.254,			0.052
618,	1,	28.0,	164.181,			2.085,			0.164,			0.055
619,	1,	7.0,	164.217,			1.601,			0.214,			0.06
620,	1,	103.0,	164.805,			1.031,			0.161,			0.059
621,	1,	10.0,	164.806,			1.425,			0.197,			0.051
622,	1,	103.0,	165.07,			1.681,			0.298,			0.055
623,	1,	169.0,	165.078,			2.661,			0.148,			0.053
624,	1,	7.0,	165.585,			1.486,			0.174,			0.06
625,	1,	59.0,	165.593,			1.304,			0.217,			0.054
626,	1,	157.0,	165.672,			2.232,			0.254,			0.055
627,	1,	512.0,	165.737,			2.299,			0.158,			0.057
628,	2,	100.0,	165.826,			11.11,			1.354,			0.171
629,	1,	13.0,	165.914,			2.555,			0.222,			0.057
630,	1,	59.0,	165.922,			1.35,			0.166,			0.055
631,	1,	379.0,	165.972,			2.176,			0.254,			0.054
632,	1,	498.0,	166.033,			2.027,			0.19,			0.051
633,	1,	16.0,	166.289,			1.551,			0.298,			0.051
634,	1,	7.0,	166.581,			1.128,			0.164,			0.054
635,	1,	146.0,	166.957,			2.795,			0.122,			0.057
636,	1,	49.0,	167.116,			2.642,			0.288,			0.05
637,	1,	512.0,	167.237,			1.679,			0.174,			0.054
638,	1,	44.0,	167.26,			1.4,			0.117,			0.059
639,	2,	171.0,	167.346,			11.709,			1.341,			0.184
640,	1,	90.0,	167.376,			2.286,			0.14,			0.051
641,	1,	59.0,	167.599,			1.578,			0.22,			0.059
642,	1,	6.0,	167.833,			1.707,			0.161,			0.06
643,	1,	512.0,	167.867,			1.106,			0.121,			0.051
644,	1,	44.0,	168.36,			2.346,			0.198,			0.058
645,	2,	242.0,	168.533,			13.469,			1.482,			0.106
646,	1,	379.0,	168.632,			2.346,			0.186,			0.051
647,	2,	194.0,	168.83,			14.604,			1.01,			0.118
648,	1,	7.0,	169.458,			2.103,			0.249,			0.059
649,	1,	7.0,	169.526,			2.983,			0.114,			0.054
650,	1,	379.0,	169.574,			2.974,			0.101,			0.052
651,	2,	149.0,	169.843,			14.611,			1.294,			0.178
652,	1,	49.0,	169.958,			1.883,			0.111,			0.058
653,	1,	559.0,	169.995,			1.402,			0.167,			0.056
654,	1,	28.0,	170.352,			1.13,			0.223,			0.053
655,	1,	214.0,	170.463,			1.014,			0.168,			0.051
656,	1,	387.0,	170.932,			1.941,			0.162,			0.054
657,	2,	89.0,	170.957,			10.491,			1.315,			0.125
658,	1,	447.0,	171.123,			2.787,			0.126,			0.053
659,	1,	49.0,	171.195,			1.407,			0.234,			0.058
660,	1,	95.0,	171.466,			2.154,			0.27,			0.053
661,	1,	7.0,	171.478,			1.883,			0.285,			0.058
662,	1,	44.0,	171.586,			2.509,			0.261,			0.059
663,	1,	214.0,	171.621,			2.092,			0.193,			0.056
664,	1,	49.0,	171.753,			1.403,			0.124,			0.051
665,	2,	174.0,	171.877,			10.909,			1.146,			0.157
666,	1,	95.0,	172.023,			1.019,			0.267,			0.051
667,	1,	157.0,	172.161,			2.288,			0.26,			0.058
668,	1,	559.0,	172.188,			1.08,			0.268,			0.058
669,	2,	98.0,	172.333,			12.789,			1.191,			0.196
670,	1,	7.0,	172.579,			1.044,			0.248,			0.054
671,	1,	120.0,	172.733,			2.796,			0.275,			0.058
672,	1,	7.0,	172.759,			2.948,			0.241,			0.056
673,	1,	7.0,	172.948,			2.407,			0.257,			0.054
674,	1,	157.0,	173.011,			1.031,			0.295,			0.053
675,	2,	158.0,	173.375,			11.392,			1.246,			0.168
676,	1,	44.0,	173.69,			1.134,			0.17,			0.055
677,	1,	169.0,	173.731,			2.298,			0.298,			0.058
678,	2,	199.0,	174.162,			14.903,			1.055,			0.162
679,	1,	10.0,	174.306,			2.116,			0.235,			0.059
680,	1,	10.0,	174.344,			2.491,			0.202,			0.05
681,	1,	44.0,	174.43,			2.232,			0.14,			0.055
682,	1,	379.0,	174.795,			2.197,			0.139,			0.054
683,	1,	512.0,	174.848,			2.293,			0.103,			0.059
684,	1,	126.0,	174.909,			2.407,			0.279,			0.051
685,	1,	6.0,	174.975,			2.576,			0.159,			0.053
686,	1,	10.0,	175.201,			2.903,			0.226,			0.057
687,	1,	59.0,	175.342,			1.86,			0.287,			0.058
688,	1,	95.0,	175.547,			1.956,			0.218,			0.055
689,	1,	7.0,	175.938,			2.436,			0.262,			0.055
690,	1,	30.0,	176.136,			2.857,			0.2,			0.052
691,	1,	16.0,	176.156,			2.149,			0.141,			0.057
692,	1,	120.0,	176.562,			2.345,			0.281,			0.053
693,	1,	30.0,	176.565,			1.394,			0.173,			0.051
694,	1,	7.0,	176.761,			2.454,			0.263,			0.052
695,	1,	103.0,	176.803,			2.26,			0.166,			0.057
696,	1,	30.0,	176.822,			2.276,			0.147,			0.059
697,	1,	7.0,	176.893,			1.27,			0.12,			0.057
698,	1,	95.0,	176.924,			2.895,			0.299,			0.054
699,	1,	7.0,	177.008,			1.448,			0.195,			0.052
700,	1,	7.0,	177.015,			2.776,			0.278,			0.057
701,	1,	28.0,	177.054,			2.014,			0.132,			0.053
702,	1,	16.0,	177.187,			1.64,			0.186,			0.058
703,	1,	44.0,	177.211,			1.736,			0.272,			0.059
704,	1,	7.0,	177.454,			2.686,			0.22,			0.056
705,	1,	7.0,	177.472,			1.703,			0.124,			0.06
706,	1,	6.0,	178.056,			1.391,			0.244,			0.051
707,	1,	387.0,	178.256,			2.197,			0.243,			0.05
708,	1,	7.0,	178.82,			2.943,			0.256,			0.055
709,	2,	176.0,	178.884,			14.921,			1.431,			0.155
710,	1,	13.0,	179.351,			1.663,			0.256,			0.052
711,	2,	126.0,	179.44,			12.004,			1.094,			0.102
712,	1,	126.0,	179.658,			2.169,			0.199,			0.055
713,	1,	7.0,	179.711,			1.048,			0.125,			0.053
714,	1,	512.0,	179.719,			2.056,			0.14,			0.053
715,	1,	498.0,	179.784,			2.486,			0.281,			0.053
716,	2,	249.0,	179.923,			13.596,			1.23,			0.184
717,	1,	44.0,	180.029,			2.969,			0.138,			0.054
718,	1,	169.0,	180.067,			1.024,			0.113,			0.053
719,	1,	16.0,	180.158,			2.852,			0.113,			0.055
720,	1,	512.0,	180.418,			2.703,			0.26,			0.056
721,	1,	512.0,	180.581,			2.378,			0.112,			0.059
722,	1,	7.0,	180.618,			2.449,			0.211,			0.054
723,	1,	126.0,	180.817,			2.498,			0.231,			0.053
724,	1,	126.0,	180.879,			1.853,			0.193,			0.058
725,	2,	136.0,	181.152,			13.941,			1.241,			0.2
726,	1,	28.0,	181.174,			2.302,			0.146,			0.056
727,	1,	447.0,	181.29,			2.449,			0.165,			0.06
728,	1,	95.0,	181.328,			2.2,			0.258,			0.054
729,	1,	120.0,	181.358,			1.841,			0.277,			0.059
730,	1,	214.0,	181.385,			2.879,			0.101,			0.055
731,	1,	7.0,	181.674,			1.963,			0.279,			0.052
732,	1,	30.0,	181.756,			1.458,			0.188,			0.051
733,	1,	120.0,	181.821,			2.794,			0.185,			0.058
734,	1,	10.0,	181.886,			2.459,			0.108,			0.058
735,	1,	157.0,	182.079,			2.999,			0.122,			0.06
736,	1,	44.0,	182.081,			2.52,			0.252,			0.052
737,	1,	7.0,	182.144,			1.966,			0.169,			0.054
738,	1,	6.0,	182.281,			1.473,			0.268,			0.058
739,	1,	7.0,	182.486,			1.307,			0.229,			0.059
740,	1,	7.0,	182.556,			1.191,			0.107,			0.058
741,	1,	7.0,	183.013,			1.731,			0.228,			0.05
742,	1,	447.0,	183.746,			1.513,			0.242,			0.054
743,	1,	30.0,	184.282,			2.872,			0.144,			0.059
744,	2,	171.0,	184.444,			12.005,			1.263,			0.118
745,	1,	16.0,	184.77,			1.756,			0.198,			0.052
746,	1,	90.0,	184.953,			1.768,			0.223,			0.055
747,	1,	559.0,	185.122,			2.2,			0.2,			0.054
748,	1,	90.0,	185.25,			1.128,			0.23,			0.051
749,	1,	16.0,	185.459,			2.545,			0.206,			0.058
750,	1,	59.0,	185.486,			1.406,			0.256,			0.05
751,	1,	16.0,	185.555,			1.119,			0.231,			0.054
752,	1,	16.0,	185.612,			2.596,			0.221,			0.057
753,	2,	196.0,	185.638,			10.809,			1.25,			0.124
754,	1,	6.0,	185.654,			2.127,			0.118,			0.052
755,	1,	498.0,	185.786,			1.296,			0.11,			0.053
756,	1,	6.0,	185.843,			1.587,			0.251,			0.056
757,	1,	28.0,	186.017,			1.609,			0.192,			0.052
758,	1,	6.0,	186.466,			1.97,			0.166,			0.058
759,	1,	447.0,	186.602,			1.511,			0.298,			0.06
760,	1,	103.0,	186.969,			2.661,			0.299,			0.058
761,	2,	222.0,	187.089,			12.271,			1.233,			0.137
762,	1,	146.0,	187.204,			1.657,			0.182,			0.054
763,	1,	13.0,	187.424,			2.928,			0.205,			0.056
764,	1,	157.0,	187.986,			1.542,			0.202,			0.051
765,	1,	146.0,	188.076,			1.848,			0.101,			0.059
766,	2,	88.0,	188.185,			12.924,			1.374,			0.195
767,	1,	49.0,	188.395,			2.834,			0.249,			0.054
768,	1,	214.0,	188.994,			1.394,			0.167,			0.052
769,	1,	49.0,	189.16,			1.103,			0.256,			0.054
770,	1,	44.0,	189.317,			1.731,			0.126,			0.052
771,	1,	13.0,	189.345,			2.006,			0.258,			0.06
772,	2,	355.0,	189.546,			10.924,			1.076,			0.13
773,	1,	59.0,	189.701,			1.126,			0.171,			0.059
774,	1,	16.0,	189.701,			2.181,			0.294,			0.057
775,	1,	7.0,	189.907,			1.07,			0.211,			0.052
776,	1,	49.0,	190.258,			2.198,			0.227,			0.06
777,	1,	126.0,	190.26,			1.211,			0.266,			0.057
778,	1,	498.0,	190.398,			1.376,			0.124,			0.059
779,	1,	7.0,	190.65,			2.553,			0.298,			0.059
780,	1,	126.0,	191.189,			1.688,			0.239,			0.055
781,	1,	214.0,	191.43,			1.97,			0.187,			0.059
782,	1,	7.0,	191.785,			2.148,			0.131,			0.056
783,	1,	169.0,	191.867,			2.415,			0.17,			0.054
784,	1,	512.0,	192.028,			1.541,			0.161,			0.053
785,	1,	512.0,	192.307,			2.717,			0.282,			0.058
786,	1,	44.0,	192.313,			1.052,			0.295,			0.052
787,	1,	214.0,	192.384,			2.326,			0.158,			0.05
788,	1,	44.0,	192.51,			2.772,			0.16,			0.05
789,	1,	90.0,	192.627,			2.479,			0.239,			0.05
790,	1,	447.0,	192.951,			2.973,			0.251,			0.05
791,	1,	379.0,	193.536,			1.241,			0.132,			0.05
792,	1,	447.0,	193.604,			1.4,			0.128,			0.054
793,	1,	169.0,	193.629,			1.977,			0.195,			0.052
794,	1,	103.0,	193.698,			1.784,			0.206,			0.053
795,	1,	157.0,	193.737,			1.256,			0.216,			0.059
796,	1,	146.0,	193.815,			2.057,			0.194,			0.058
797,	1,	7.0,	194.075,			2.36,			0.15,			0.054
798,	1,	7.0,	194.474,			2.073,			0.22,			0.057
799,	1,	44.0,	194.499,			1.25,			0.107,			0.052
800,	1,	126.0,	195.29,			2.09,			0.168,			0.057
801,	2,	224.0,	195.293,			11.39,			1.498,			0.141
802,	1,	7.0,	195.417,			2.642,			0.299,			0.055
803,	1,	95.0,	195.623,			2.548,			0.289,			0.053
804,	1,	95.0,	195.835,			2.794,			0.134,			0.055
805,	2,	138.0,	195.875,			12.967,			1.282,			0.104
806,	1,	512.0,	196.367,			2.358,			0.182,			0.057
807,	1,	30.0,	196.403,			1.64,			0.22,			0.056
808,	1,	30.0,	196.664,			2.132,			0.251,			0.051
809,	1,	387.0,	196.7,			2.197,			0.155,			0.056
810,	1,	6.0,	196.971,			1.879,			0.241,			0.052
811,	1,	387.0,	197.028,			2.273,			0.234,			0.054
812,	1,	90.0,	197.075,			2.907,			0.26,			0.05
813,	1,	214.0,	197.224,			2.358,			0.189,			0.054
814,	1,	126.0,	197.583,			1.188,			0.135,			0.055
815,	1,	126.0,	197.62,			1.394,			0.262,			0.051
816,	1,	59.0,	198.223,			1.932,			0.175,			0.057
817,	2,	92.0,	198.348,			12.116,			1.324,			0.162
818,	1,	7.0,	198.809,			1.742,			0.22,			0.059
819,	1,	7.0,	199.214,			2.148,			0.287,			0.052
820,	1,	7.0,	199.442,			1.455,			0.12,			0.051
821,	2,	145.0,	199.689,			14.215,			1.45,			0.175
822,	2,	246.0,	199.693,			13.456,			1.227,			0.114
823,	1,	7.0,	200.325,			2.448,			0.227,			0.052
824,	1,	157.0,	200.329,			1.414,			0.241,			0.053
825,	1,	6.0,	200.354,			2.832,			0.215,			0.06
826,	1,	6.0,	200.536,			1.886,			0.216,			0.056
827,	2,	166.0,	200.832,			14.716,			1.407,			0.153
828,	1,	49.0,	201.055,			1.679,			0.101,			0.052
829,	1,	120.0,	201.184,			1.45,			0.123,			0.052
830,	1,	157.0,	201.373,			1.056,			0.18,			0.058
831,	2,	141.0,	201.405,			11.316,			1.288,			0.143
832,	2,	59.0,	201.451,			12.638,			1.251,			0.127
833,	1,	28.0,	201.531,			2.554,			0.194,			0.056
834,	1,	30.0,	202.059,			1.07,			0.133,			0.057
835,	2,	243.0,	202.667,			12.88,			1.121,			0.123
836,	1,	7.0,	203.264,			1.875,			0.201,			0.055
837,	1,	7.0,	203.823,			2.265,			0.278,			0.054
838,	1,	10.0,	203.885,			1.672,			0.178,			0.05
839,	1,	146.0,	204.086,			1.669,			0.225,			0.058
840,	1,	13.0,	204.091,			2.449,			0.163,			0.054
841,	2,	80.0,	204.355,			14.546,			1.266,			0.173
842,	1,	379.0,	204.389,			2.78,			0.193,			0.059
843,	1,	28.0,	204.421,			2.582,			0.284,			0.051
844,	1,	6.0,	204.64,			1.553,			0.159,			0.057
845,	1,	126.0,	205.313,			2.525,			0.299,			0.05
846,	2,	326.0,	205.577,			11.643,			1.171,			0.174
847,	1,	146.0,	205.59,			2.249,			0.113,			0.056
848,	1,	169.0,	205.689,			2.52,			0.153,			0.058
849,	1,	28.0,	205.909,			2.751,			0.242,			0.051
850,	1,	10.0,	206.082,			2.408,			0.292,			0.056
851,	2,	89.0,	206.181,			13.784,			1.292,			0.148
852,	2,	95.0,	207.043,			10.594,			1.385,			0.127
853,	1,	6.0,	207.1,			2.498,			0.103,			0.05
854,	1,	447.0,	207.299,			2.991,			0.231,			0.059
855,	1,	126.0,	207.314,			1.841,			0.222,			0.056
856,	1,	512.0,	207.681,			2.386,			0.186,			0.055
857,	1,	512.0,	208.108,			1.367,			0.103,			0.052
858,	1,	44.0,	208.872,			2.895,			0.214,			0.054
859,	1,	6.0,	209.045,			2.881,			0.251,			0.051
860,	1,	7.0,	209.232,			1.523,			0.131,			0.059
861,	1,	7.0,	209.255,			2.972,			0.228,			0.053
862,	2,	143.0,	209.407,			10.442,			1.053,			0.155
863,	1,	59.0,	209.649,			2.532,			0.241,			0.058
864,	1,	498.0,	209.786,			1.269,			0.163,			0.059
865,	1,	6.0,	209.81,			2.225,			0.155,			0.057
866,	1,	103.0,	210.321,			2.612,			0.241,			0.059
867,	1,	120.0,	210.639,			2.922,			0.17,			0.06
868,	2,	110.0,	210.878,			11.248,			1.465,			0.143
869,	1,	447.0,	211.879,			1.749,			0.21,			0.056
870,	1,	28.0,	212.381,			2.568,			0.249,			0.056
871,	1,	28.0,	212.634,			2.846,			0.184,			0.055
872,	1,	7.0,	212.753,			2.628,			0.106,			0.06
873,	1,	559.0,	213.455,			1.325,			0.257,			0.058
874,	2,	114.0,	213.664,			13.889,			1.423,			0.174
875,	1,	214.0,	213.781,			1.164,			0.124,			0.059
876,	2,	212.0,	213.888,			13.684,			1.405,			0.125
877,	1,	498.0,	213.895,			2.345,			0.293,			0.054
878,	1,	120.0,	214.055,			1.511,			0.103,			0.052
879,	1,	512.0,	214.073,			2.685,			0.156,			0.054
880,	1,	90.0,	214.764,			1.425,			0.247,			0.06
881,	1,	559.0,	214.807,			1.46,			0.104,			0.055
882,	1,	512.0,	215.212,			1.029,			0.208,			0.052
883,	2,	163.0,	215.265,			13.289,			1.467,			0.137
884,	1,	95.0,	215.448,			2.985,			0.141,			0.055
885,	2,	193.0,	215.543,			10.974,			1.359,			0.143
886,	1,	103.0,	215.608,			2.525,			0.273,			0.053
887,	1,	28.0,	215.69,			1.827,			0.113,			0.052
888,	1,	447.0,	216.174,			1.736,			0.146,			0.052
889,	1,	28.0,	216.238,			2.645,			0.12,			0.06
890,	2,	156.0,	217.87,			14.89,			1.089,			0.103
891,	1,	512.0,	218.24,			1.799,			0.273,			0.055
892,	1,	59.0,	218.598,			1.613,			0.149,			0.055
893,	1,	49.0,	218.753,			2.154,			0.275,			0.053
894,	1,	7.0,	219.32,			2.621,			0.169,			0.059
895,	1,	44.0,	219.604,			1.229,			0.208,			0.05
896,	1,	16.0,	221.685,			1.557,			0.113,			0.051
897,	1,	59.0,	222.477,			1.028,			0.245,			0.05
898,	1,	16.0,	223.251,			1.007,			0.104,			0.051
899,	1,	498.0,	223.444,			2.663,			0.13,			0.055
900,	1,	10.0,	224.311,			1.733,			0.214,			0.057
901,	1,	90.0,	224.529,			1.783,			0.137,			0.054
902,	1,	214.0,	224.54,			2.037,			0.171,			0.059
903,	1,	90.0,	224.61,			1.932,			0.154,			0.057
904,	1,	7.0,	224.999,			1.59,			0.297,			0.06
905,	1,	44.0,	225.298,			2.947,			0.167,			0.059
906,	1,	7.0,	225.711,			2.907,			0.162,			0.056
907,	1,	6.0,	225.721,			1.119,			0.289,			0.058
908,	1,	379.0,	226.345,			1.364,			0.2,			0.052
909,	1,	30.0,	226.522,			1.269,			0.195,			0.054
910,	1,	387.0,	226.69,			2.034,			0.138,			0.058
911,	1,	10.0,	227.499,			2.598,			0.244,			0.054
912,	1,	30.0,	228.561,			1.524,			0.293,			0.057
913,	1,	28.0,	228.613,			2.503,			0.229,			0.057
914,	1,	49.0,	229.56,			1.515,			0.206,			0.053
915,	1,	7.0,	229.636,			1.97,			0.189,			0.055
916,	1,	387.0,	230.735,			1.153,			0.127,			0.05
917,	1,	7.0,	231.114,			2.436,			0.184,			0.056
918,	1,	28.0,	231.63,			1.64,			0.221,			0.054
919,	1,	90.0,	231.833,			2.916,			0.135,			0.051
920,	2,	120.0,	232.483,			12.576,			1.115,			0.122
921,	1,	559.0,	232.722,			2.659,			0.237,			0.056
922,	2,	67.0,	233.434,			12.107,			1.025,			0.196
923,	1,	16.0,	233.653,			1.028,			0.21,			0.05
924,	2,	224.0,	233.911,			10.587,			1.239,			0.152
925,	2,	77.0,	234.208,			10.187,			1.015,			0.177
926,	2,	169.0,	234.634,			13.449,			1.442,			0.118
927,	1,	59.0,	234.673,			2.844,			0.12,			0.057
928,	1,	44.0,	234.683,			1.582,			0.2,			0.055
929,	2,	117.0,	234.93,			13.061,			1.345,			0.133
930,	2,	288.0,	236.094,			13.612,			1.417,			0.154
931,	2,	178.0,	236.336,			11.178,			1.453,			0.196
932,	1,	59.0,	236.704,			2.454,			0.121,			0.055
933,	1,	387.0,	236.799,			2.127,			0.279,			0.054
934,	2,	180.0,	237.585,			10.721,			1.128,			0.19
935,	1,	512.0,	237.86,			1.162,			0.104,			0.052
936,	1,	6.0,	238.591,			2.085,			0.244,			0.059
937,	2,	195.0,	239.388,			10.198,			1.479,			0.185
938,	2,	220.0,	239.551,			10.481,			1.407,			0.114
939,	2,	184.0,	240.391,			12.79,			1.211,			0.186
940,	1,	6.0,	240.825,			1.962,			0.256,			0.059
941,	1,	512.0,	243.871,			1.915,			0.128,			0.054
942,	1,	13.0,	245.166,			1.911,			0.171,			0.055
943,	1,	387.0,	245.344,			1.485,			0.267,			0.051
944,	1,	7.0,	245.435,			2.88,			0.256,			0.053
945,	1,	44.0,	245.526,			2.11,			0.278,			0.059
946,	1,	44.0,	245.617,			2.454,			0.124,			0.06
947,	1,	44.0,	246.223,			1.36,			0.246,			0.055
948,	2,	81.0,	246.43,			11.966,			1.049,			0.158
949,	1,	559.0,	246.8,			2.545,			0.148,			0.059
950,	1,	16.0,	249.804,			1.814,			0.124,			0.057
951,	2,	125.0,	250.35,			11.719,			1.354,			0.193
952,	2,	143.0,	250.98,			12.691,			1.343,			0.169
953,	1,	103.0,	251.773,			2.318,			0.151,			0.051
954,	2,	126.0,	253.016,			13.635,			1.029,			0.166
955,	2,	217.0,	253.523,			10.71,			1.015,			0.181
956,	2,	147.0,	254.139,			13.217,			1.426,			0.185
957,	1,	6.0,	254.735,			2.691,			0.188,			0.053
958,	1,	6.0,	254.759,			2.612,			0.272,			0.059
959,	2,	60.0,	254.785,			12.786,			1.361,			0.155
960,	2,	241.0,	255.032,			12.112,			1.148,			0.179
961,	2,	91.0,	255.655,			11.866,			1.489,			0.159
962,	2,	174.0,	256.675,			12.999,			1.453,			0.135
963,	1,	7.0,	257.209,			1.844,			0.242,			0.058
964,	2,	88.0,	257.42,			12.869,			1.285,			0.168
965,	2,	143.0,	257.561,			10.718,			1.492,			0.169
966,	2,	158.0,	258.637,			12.591,			1.452,			0.179
967,	2,	254.0,	259.386,			10.819,			1.492,			0.198
968,	1,	90.0,	260.278,			2.862,			0.18,			0.056
969,	2,	131.0,	263.212,			11.508,			1.258,			0.112
970,	1,	512.0,	263.641,			1.455,			0.244,			0.056
971,	2,	162.0,	266.978,			14.432,			1.49,			0.173
972,	2,	99.0,	267.52,			12.528,			1.196,			0.192
973,	2,	184.0,	270.476,			13.228,			1.036,			0.194
974,	1,	49.0,	270.728,			1.728,			0.217,			0.055
975,	2,	95.0,	270.755,			11.152,			1.083,			0.154
976,	2,	178.0,	271.08,			12.179,			1.016,			0.182
977,	2,	187.0,	273.805,			14.948,			1.098,			0.195
978,	2,	132.0,	273.836,			10.96,			1.305,			0.131
979,	1,	16.0,	274.049,			2.013,			0.235,			0.051
980,	1,	7.0,	274.539,			2.618,			0.121,			0.05
981,	2,	235.0,	274.771,			13.239,			1.27,			0.179
982,	1,	44.0,	275.15,			1.204,			0.191,			0.059
983,	1,	387.0,	275.177,			1.982,			0.231,			0.057
984,	2,	293.0,	279.265,			13.635,			1.096,			0.182
985,	1,	379.0,	279.79,			2.78,			0.267,			0.058
986,	2,	81.0,	282.065,			12.019,			1.182,			0.105
987,	2,	205.0,	284.758,			11.611,			1.456,			0.185
988,	1,	120.0,	285.382,			1.491,			0.128,			0.056
989,	1,	90.0,	285.708,			1.111,			0.221,			0.054
990,	2,	103.0,	286.381,			14.32,			1.294,			0.132
991,	2,	209.0,	288.636,			11.027,			1.162,			0.187
992,	2,	184.0,	289.426,			13.671,			1.141,			0.179
993,	2,	146.0,	290.161,			11.878,			1.033,			0.168
994,	2,	161.0,	292.581,			13.074,			1.05,			0.158
995,	2,	138.0,	294.888,			13.494,			1.211,			0.198
996,	2,	138.0,	297.311,			13.161,			1.241,			0.118
997,	2,	154.0,	297.908,			10.999,			1.296,			0.172
998,	2,	256.0,	297.964,			11.289,			1.421,			0.198
999,	1,	95.0,	300.0,			2.777,			0.247,			0.052
1000,	1,	512.0,	300.0,			1.282,			0.216,			0.053
