#, task_type_id, size, arrival_time,	execution_time_cpu,	execution_time_gpu,	execution_time_CLOUD
1,	1,	7.0,	0.0,			1.252,			0.272,			0.05
2,	1,	7.0,	0.0,			1.464,			0.263,			0.053
3,	2,	107.0,	3.128,			14.23,			1.031,			0.164
4,	2,	95.0,	3.413,			11.717,			1.373,			0.119
5,	2,	170.0,	4.064,			12.375,			1.44,			0.16
6,	2,	332.0,	4.253,			12.89,			1.406,			0.166
7,	1,	103.0,	6.13,			2.802,			0.258,			0.058
8,	2,	287.0,	6.867,			14.906,			1.456,			0.144
9,	1,	169.0,	6.993,			1.97,			0.118,			0.052
10,	1,	7.0,	8.353,			2.756,			0.134,			0.055
11,	2,	82.0,	8.445,			13.639,			1.07,			0.142
12,	1,	13.0,	16.798,			2.087,			0.116,			0.06
13,	2,	168.0,	16.949,			12.357,			1.367,			0.147
14,	2,	95.0,	18.135,			14.663,			1.023,			0.194
15,	1,	7.0,	18.449,			2.903,			0.259,			0.055
16,	1,	214.0,	19.899,			1.409,			0.295,			0.058
17,	1,	379.0,	22.612,			1.807,			0.103,			0.055
18,	1,	6.0,	23.594,			1.501,			0.209,			0.054
19,	2,	59.0,	24.654,			12.787,			1.366,			0.139
20,	2,	176.0,	25.665,			10.38,			1.253,			0.199
21,	2,	162.0,	26.653,			14.649,			1.326,			0.171
22,	2,	131.0,	30.034,			12.101,			1.441,			0.139
23,	1,	559.0,	31.296,			2.31,			0.242,			0.051
24,	2,	234.0,	31.89,			13.785,			1.424,			0.199
25,	1,	10.0,	35.132,			2.796,			0.226,			0.055
26,	2,	134.0,	35.565,			13.476,			1.421,			0.132
27,	1,	6.0,	35.956,			1.719,			0.275,			0.051
28,	2,	303.0,	36.701,			10.099,			1.469,			0.127
29,	2,	160.0,	36.886,			10.712,			1.005,			0.133
30,	2,	138.0,	37.075,			11.248,			1.178,			0.149
31,	2,	241.0,	37.167,			12.973,			1.029,			0.124
32,	1,	387.0,	39.891,			2.991,			0.161,			0.053
33,	2,	121.0,	40.678,			11.539,			1.368,			0.131
34,	1,	7.0,	41.099,			1.591,			0.231,			0.058
35,	2,	222.0,	41.566,			13.305,			1.12,			0.111
36,	2,	97.0,	42.749,			10.099,			1.022,			0.109
37,	2,	174.0,	43.518,			13.747,			1.187,			0.116
38,	2,	133.0,	46.395,			13.316,			1.164,			0.106
39,	2,	69.0,	47.985,			13.59,			1.31,			0.132
40,	1,	7.0,	48.144,			2.088,			0.159,			0.059
41,	2,	69.0,	48.191,			13.613,			1.077,			0.142
42,	1,	120.0,	51.119,			1.289,			0.138,			0.052
43,	2,	293.0,	51.584,			12.835,			1.069,			0.135
44,	1,	59.0,	51.921,			1.402,			0.111,			0.057
45,	1,	49.0,	52.198,			1.496,			0.195,			0.054
46,	1,	16.0,	52.91,			1.814,			0.294,			0.06
47,	1,	103.0,	53.904,			2.016,			0.249,			0.054
48,	1,	7.0,	54.534,			1.694,			0.142,			0.053
49,	1,	13.0,	55.196,			2.222,			0.241,			0.051
50,	2,	140.0,	55.69,			12.4,			1.268,			0.152
51,	2,	115.0,	55.72,			12.024,			1.454,			0.173
52,	1,	214.0,	56.511,			1.172,			0.239,			0.056
53,	1,	95.0,	57.353,			2.301,			0.278,			0.054
54,	1,	44.0,	57.518,			2.636,			0.29,			0.054
55,	1,	214.0,	57.563,			2.104,			0.147,			0.054
56,	1,	95.0,	58.343,			1.596,			0.189,			0.051
57,	1,	16.0,	58.741,			1.211,			0.228,			0.05
58,	1,	7.0,	59.32,			2.972,			0.173,			0.054
59,	1,	13.0,	59.813,			1.23,			0.259,			0.057
60,	2,	192.0,	60.3,			10.952,			1.284,			0.138
61,	1,	95.0,	60.477,			1.096,			0.172,			0.055
62,	1,	49.0,	61.058,			2.748,			0.17,			0.051
63,	1,	379.0,	61.399,			1.411,			0.152,			0.052
64,	1,	126.0,	62.001,			1.192,			0.187,			0.056
65,	1,	59.0,	62.495,			2.645,			0.287,			0.054
66,	1,	44.0,	62.615,			1.766,			0.195,			0.057
67,	1,	13.0,	63.507,			1.756,			0.281,			0.059
68,	1,	7.0,	63.707,			2.326,			0.268,			0.058
69,	1,	387.0,	63.905,			1.822,			0.278,			0.055
70,	1,	103.0,	64.063,			2.004,			0.283,			0.057
71,	1,	44.0,	64.274,			2.701,			0.174,			0.058
72,	1,	126.0,	64.599,			1.277,			0.154,			0.056
73,	1,	498.0,	64.681,			2.252,			0.166,			0.05
74,	1,	44.0,	65.395,			2.623,			0.148,			0.057
75,	2,	120.0,	65.727,			11.229,			1.065,			0.169
76,	1,	30.0,	66.353,			1.204,			0.299,			0.055
77,	1,	387.0,	66.487,			2.324,			0.221,			0.058
78,	1,	7.0,	68.52,			2.232,			0.222,			0.051
79,	2,	147.0,	69.199,			11.886,			1.437,			0.148
80,	1,	214.0,	69.483,			1.935,			0.21,			0.053
81,	1,	559.0,	69.55,			2.796,			0.29,			0.055
82,	1,	95.0,	69.983,			1.749,			0.272,			0.053
83,	1,	120.0,	70.283,			1.783,			0.13,			0.058
84,	2,	287.0,	70.303,			12.271,			1.122,			0.171
85,	2,	191.0,	72.535,			10.789,			1.417,			0.147
86,	1,	498.0,	73.271,			1.613,			0.2,			0.054
87,	1,	6.0,	73.484,			1.103,			0.153,			0.055
88,	1,	559.0,	73.941,			1.801,			0.259,			0.059
89,	1,	387.0,	74.299,			2.813,			0.221,			0.057
90,	1,	103.0,	74.958,			2.935,			0.191,			0.05
91,	2,	49.0,	75.756,			14.245,			1.437,			0.136
92,	1,	103.0,	76.03,			2.408,			0.156,			0.059
93,	1,	44.0,	76.079,			2.895,			0.222,			0.053
94,	1,	126.0,	76.238,			2.832,			0.134,			0.058
95,	1,	126.0,	76.53,			2.369,			0.139,			0.059
96,	1,	30.0,	76.681,			1.933,			0.214,			0.058
97,	1,	126.0,	77.164,			1.909,			0.21,			0.06
98,	2,	145.0,	77.214,			13.222,			1.382,			0.145
99,	1,	59.0,	77.216,			1.907,			0.233,			0.058
100,	1,	146.0,	77.314,			1.443,			0.17,			0.056
101,	1,	7.0,	77.42,			2.991,			0.23,			0.06
102,	1,	7.0,	78.086,			2.193,			0.279,			0.055
103,	1,	559.0,	78.188,			2.757,			0.231,			0.053
104,	1,	169.0,	81.08,			1.582,			0.136,			0.055
105,	1,	126.0,	81.478,			2.797,			0.259,			0.057
106,	1,	7.0,	81.63,			1.977,			0.175,			0.054
107,	1,	6.0,	82.026,			2.057,			0.21,			0.057
108,	1,	44.0,	83.162,			1.01,			0.121,			0.053
109,	1,	103.0,	83.765,			1.217,			0.217,			0.055
110,	1,	10.0,	83.79,			1.523,			0.276,			0.057
111,	1,	214.0,	83.952,			2.181,			0.249,			0.056
112,	1,	7.0,	84.915,			1.965,			0.108,			0.051
113,	2,	293.0,	85.318,			11.611,			1.2,			0.163
114,	2,	229.0,	85.383,			11.869,			1.139,			0.163
115,	1,	169.0,	85.58,			2.759,			0.254,			0.05
116,	1,	6.0,	85.76,			2.69,			0.253,			0.06
117,	1,	146.0,	86.234,			2.686,			0.133,			0.054
118,	1,	7.0,	86.505,			1.833,			0.263,			0.059
119,	1,	7.0,	86.527,			1.168,			0.202,			0.059
120,	1,	498.0,	87.002,			1.431,			0.18,			0.054
121,	1,	7.0,	87.134,			2.296,			0.172,			0.053
122,	2,	124.0,	87.524,			11.537,			1.025,			0.193
123,	1,	120.0,	88.112,			1.464,			0.249,			0.058
124,	2,	162.0,	88.218,			10.215,			1.353,			0.126
125,	1,	44.0,	88.355,			1.372,			0.187,			0.057
126,	1,	157.0,	88.381,			1.532,			0.16,			0.055
127,	1,	59.0,	89.375,			1.35,			0.299,			0.057
128,	1,	146.0,	89.78,			1.525,			0.154,			0.051
129,	1,	214.0,	89.879,			1.994,			0.231,			0.058
130,	2,	136.0,	90.657,			13.262,			1.06,			0.148
131,	1,	44.0,	91.266,			2.384,			0.17,			0.057
132,	1,	7.0,	92.06,			1.119,			0.203,			0.057
133,	1,	7.0,	92.268,			2.249,			0.131,			0.059
134,	1,	7.0,	92.489,			1.322,			0.207,			0.052
135,	1,	498.0,	92.835,			1.613,			0.135,			0.056
136,	1,	126.0,	93.114,			1.024,			0.149,			0.05
137,	1,	10.0,	93.287,			1.25,			0.244,			0.054
138,	1,	13.0,	93.817,			2.832,			0.199,			0.056
139,	1,	28.0,	94.111,			1.031,			0.209,			0.06
140,	1,	387.0,	94.128,			1.289,			0.285,			0.057
141,	2,	275.0,	94.671,			13.86,			1.465,			0.136
142,	1,	169.0,	94.697,			1.092,			0.187,			0.057
143,	1,	16.0,	95.085,			1.128,			0.242,			0.05
144,	1,	49.0,	95.106,			1.654,			0.118,			0.051
145,	2,	270.0,	95.305,			11.993,			1.068,			0.155
146,	1,	498.0,	95.683,			1.631,			0.219,			0.051
147,	1,	120.0,	96.354,			1.985,			0.272,			0.05
148,	1,	169.0,	96.481,			1.625,			0.17,			0.054
149,	1,	10.0,	96.566,			1.876,			0.158,			0.05
150,	1,	44.0,	96.792,			2.932,			0.263,			0.051
151,	1,	95.0,	96.836,			1.709,			0.133,			0.06
152,	1,	512.0,	97.12,			1.709,			0.267,			0.051
153,	1,	49.0,	97.285,			2.301,			0.246,			0.055
154,	1,	44.0,	97.487,			1.277,			0.245,			0.057
155,	1,	126.0,	98.153,			2.776,			0.135,			0.056
156,	1,	49.0,	99.117,			1.968,			0.152,			0.056
157,	1,	7.0,	99.547,			2.386,			0.222,			0.06
158,	1,	10.0,	99.983,			1.432,			0.241,			0.054
159,	1,	387.0,	100.448,			1.481,			0.2,			0.06
160,	1,	126.0,	100.925,			2.813,			0.176,			0.053
161,	1,	59.0,	101.025,			1.424,			0.115,			0.058
162,	1,	559.0,	101.121,			1.61,			0.195,			0.055
163,	1,	59.0,	101.297,			2.318,			0.225,			0.059
164,	1,	95.0,	101.626,			1.078,			0.293,			0.059
165,	1,	6.0,	101.634,			1.08,			0.262,			0.051
166,	1,	44.0,	102.128,			2.638,			0.199,			0.052
167,	1,	126.0,	102.673,			2.194,			0.27,			0.051
168,	1,	103.0,	102.802,			2.759,			0.207,			0.052
169,	2,	154.0,	102.88,			10.339,			1.047,			0.111
170,	1,	379.0,	103.79,			1.358,			0.109,			0.055
171,	1,	10.0,	103.914,			2.757,			0.238,			0.057
172,	1,	214.0,	104.126,			2.705,			0.22,			0.051
173,	1,	13.0,	104.232,			1.679,			0.219,			0.057
174,	1,	10.0,	104.333,			1.659,			0.13,			0.055
175,	1,	157.0,	104.347,			1.153,			0.164,			0.053
176,	1,	16.0,	104.733,			1.859,			0.265,			0.056
177,	1,	95.0,	104.896,			1.766,			0.28,			0.052
178,	1,	49.0,	105.076,			1.822,			0.281,			0.059
179,	1,	559.0,	105.231,			1.592,			0.147,			0.056
180,	1,	59.0,	105.283,			1.612,			0.299,			0.056
181,	1,	512.0,	105.318,			2.659,			0.238,			0.056
182,	1,	10.0,	105.771,			1.962,			0.252,			0.057
183,	1,	387.0,	106.166,			2.819,			0.26,			0.054
184,	1,	103.0,	106.478,			1.08,			0.233,			0.052
185,	1,	447.0,	106.705,			1.413,			0.132,			0.055
186,	2,	124.0,	107.221,			10.204,			1.357,			0.174
187,	1,	512.0,	107.369,			2.509,			0.151,			0.052
188,	2,	131.0,	107.55,			12.368,			1.265,			0.178
189,	1,	44.0,	107.62,			2.407,			0.171,			0.057
190,	1,	7.0,	107.981,			2.985,			0.254,			0.052
191,	1,	44.0,	108.441,			2.635,			0.298,			0.056
192,	1,	13.0,	108.765,			1.104,			0.133,			0.056
193,	1,	498.0,	108.923,			2.013,			0.195,			0.059
194,	1,	90.0,	109.021,			1.61,			0.232,			0.05
195,	1,	59.0,	109.216,			1.334,			0.103,			0.059
196,	1,	7.0,	109.221,			1.921,			0.199,			0.057
197,	2,	230.0,	109.394,			11.866,			1.347,			0.171
198,	1,	387.0,	109.583,			2.786,			0.145,			0.053
199,	1,	95.0,	109.645,			1.141,			0.24,			0.056
200,	1,	387.0,	109.782,			2.018,			0.249,			0.057
201,	1,	16.0,	109.961,			2.288,			0.206,			0.056
202,	1,	90.0,	110.585,			1.56,			0.195,			0.05
203,	1,	120.0,	110.653,			2.759,			0.153,			0.058
204,	1,	214.0,	110.744,			2.503,			0.293,			0.06
205,	1,	6.0,	110.873,			1.679,			0.217,			0.057
206,	1,	90.0,	111.725,			2.398,			0.294,			0.05
207,	1,	214.0,	111.762,			2.92,			0.131,			0.056
208,	1,	6.0,	112.086,			2.296,			0.238,			0.053
209,	1,	146.0,	112.153,			2.424,			0.172,			0.058
210,	1,	169.0,	112.362,			2.057,			0.119,			0.055
211,	1,	146.0,	112.465,			1.835,			0.275,			0.052
212,	1,	512.0,	113.067,			1.566,			0.107,			0.056
213,	1,	146.0,	113.225,			1.517,			0.225,			0.051
214,	1,	447.0,	113.233,			2.08,			0.251,			0.054
215,	2,	206.0,	113.623,			10.322,			1.273,			0.188
216,	1,	6.0,	113.634,			2.576,			0.257,			0.057
217,	1,	28.0,	113.774,			1.296,			0.249,			0.058
218,	1,	13.0,	113.88,			2.549,			0.278,			0.052
219,	1,	7.0,	113.908,			1.869,			0.22,			0.052
220,	1,	16.0,	113.915,			1.188,			0.156,			0.058
221,	1,	447.0,	113.969,			1.56,			0.133,			0.053
222,	1,	379.0,	113.996,			1.425,			0.213,			0.054
223,	1,	7.0,	114.41,			1.25,			0.154,			0.053
224,	1,	169.0,	114.522,			1.289,			0.131,			0.053
225,	1,	512.0,	114.553,			1.933,			0.127,			0.054
226,	2,	226.0,	114.58,			10.547,			1.098,			0.125
227,	1,	49.0,	114.659,			1.935,			0.124,			0.052
228,	1,	6.0,	115.004,			2.465,			0.157,			0.056
229,	1,	44.0,	115.091,			1.362,			0.259,			0.057
230,	1,	16.0,	115.19,			2.378,			0.234,			0.057
231,	1,	214.0,	115.215,			2.407,			0.108,			0.054
232,	1,	90.0,	115.23,			1.63,			0.173,			0.06
233,	1,	59.0,	115.375,			2.686,			0.145,			0.059
234,	1,	512.0,	115.409,			1.024,			0.164,			0.05
235,	1,	120.0,	115.426,			1.706,			0.23,			0.059
236,	1,	169.0,	115.692,			2.256,			0.135,			0.059
237,	1,	7.0,	115.855,			1.07,			0.187,			0.058
238,	1,	90.0,	115.907,			1.304,			0.211,			0.051
239,	1,	512.0,	115.95,			1.014,			0.238,			0.057
240,	1,	379.0,	115.953,			1.024,			0.281,			0.058
241,	1,	7.0,	115.955,			1.071,			0.251,			0.058
242,	1,	30.0,	116.228,			1.753,			0.216,			0.05
243,	1,	103.0,	116.594,			1.807,			0.226,			0.059
244,	1,	559.0,	116.684,			1.106,			0.267,			0.056
245,	1,	157.0,	116.714,			1.164,			0.166,			0.06
246,	1,	6.0,	117.188,			2.947,			0.2,			0.053
247,	1,	28.0,	117.341,			1.443,			0.136,			0.055
248,	1,	49.0,	117.553,			1.625,			0.203,			0.058
249,	1,	28.0,	117.631,			1.651,			0.272,			0.053
250,	1,	379.0,	117.647,			2.179,			0.256,			0.052
251,	1,	7.0,	117.781,			2.449,			0.184,			0.054
252,	2,	38.0,	117.861,			14.918,			1.413,			0.133
253,	1,	379.0,	117.902,			2.673,			0.208,			0.054
254,	1,	6.0,	117.963,			2.56,			0.161,			0.059
255,	1,	44.0,	118.234,			2.252,			0.25,			0.051
256,	1,	13.0,	118.483,			1.683,			0.135,			0.055
257,	1,	90.0,	118.502,			1.979,			0.285,			0.059
258,	2,	155.0,	118.659,			14.49,			1.347,			0.179
259,	1,	59.0,	118.693,			1.698,			0.239,			0.055
260,	1,	126.0,	118.758,			2.706,			0.204,			0.057
261,	1,	559.0,	118.923,			1.108,			0.263,			0.057
262,	1,	103.0,	119.202,			2.777,			0.217,			0.051
263,	1,	13.0,	119.275,			1.737,			0.288,			0.058
264,	1,	157.0,	119.479,			2.842,			0.28,			0.055
265,	2,	186.0,	119.545,			10.984,			1.015,			0.117
266,	1,	44.0,	119.627,			2.559,			0.235,			0.052
267,	1,	7.0,	119.78,			1.245,			0.108,			0.05
268,	1,	7.0,	119.946,			2.103,			0.182,			0.055
269,	1,	30.0,	120.22,			1.22,			0.258,			0.053
270,	1,	6.0,	120.502,			1.654,			0.106,			0.06
271,	1,	44.0,	120.614,			1.596,			0.272,			0.054
272,	1,	90.0,	120.634,			1.029,			0.248,			0.052
273,	1,	95.0,	120.704,			2.26,			0.288,			0.057
274,	1,	498.0,	120.765,			1.25,			0.102,			0.06
275,	1,	498.0,	121.058,			2.557,			0.15,			0.059
276,	1,	13.0,	121.245,			1.729,			0.28,			0.06
277,	1,	30.0,	121.292,			2.084,			0.179,			0.056
278,	1,	59.0,	121.294,			1.083,			0.214,			0.053
279,	1,	387.0,	121.325,			2.596,			0.216,			0.055
280,	1,	146.0,	121.34,			2.304,			0.139,			0.058
281,	2,	169.0,	121.877,			14.399,			1.083,			0.17
282,	1,	13.0,	121.903,			1.681,			0.192,			0.051
283,	1,	10.0,	122.253,			1.683,			0.203,			0.056
284,	1,	214.0,	122.287,			2.663,			0.124,			0.054
285,	1,	447.0,	122.429,			2.772,			0.255,			0.06
286,	1,	30.0,	122.632,			1.416,			0.214,			0.057
287,	1,	59.0,	122.676,			1.441,			0.268,			0.053
288,	1,	30.0,	122.685,			1.998,			0.173,			0.056
289,	1,	6.0,	123.051,			2.322,			0.217,			0.059
290,	1,	28.0,	123.304,			1.952,			0.12,			0.059
291,	2,	167.0,	123.781,			13.369,			1.055,			0.132
292,	1,	59.0,	123.815,			1.956,			0.299,			0.057
293,	1,	103.0,	123.844,			2.226,			0.299,			0.058
294,	1,	30.0,	123.942,			2.265,			0.293,			0.054
295,	1,	10.0,	123.956,			2.268,			0.109,			0.059
296,	1,	214.0,	123.967,			1.736,			0.166,			0.059
297,	1,	28.0,	124.283,			1.688,			0.226,			0.055
298,	2,	92.0,	124.671,			13.15,			1.127,			0.196
299,	1,	13.0,	124.835,			1.605,			0.2,			0.055
300,	1,	7.0,	124.978,			1.869,			0.198,			0.053
301,	1,	16.0,	125.012,			2.298,			0.217,			0.055
302,	2,	244.0,	125.21,			13.979,			1.261,			0.13
303,	1,	13.0,	125.213,			1.701,			0.228,			0.054
304,	1,	13.0,	125.39,			1.009,			0.126,			0.051
305,	1,	30.0,	125.443,			1.406,			0.152,			0.058
306,	1,	28.0,	125.609,			2.316,			0.2,			0.054
307,	1,	49.0,	125.845,			2.588,			0.192,			0.06
308,	1,	157.0,	125.937,			2.065,			0.278,			0.058
309,	1,	169.0,	125.939,			1.305,			0.228,			0.053
310,	1,	146.0,	126.135,			2.047,			0.262,			0.052
311,	1,	59.0,	126.237,			2.945,			0.167,			0.054
312,	1,	7.0,	126.383,			1.736,			0.21,			0.057
313,	1,	379.0,	126.395,			2.299,			0.252,			0.054
314,	1,	7.0,	126.423,			1.653,			0.229,			0.058
315,	1,	90.0,	126.484,			2.861,			0.12,			0.054
316,	1,	30.0,	126.564,			2.378,			0.129,			0.05
317,	1,	126.0,	126.774,			2.819,			0.133,			0.058
318,	1,	6.0,	126.868,			2.612,			0.224,			0.055
319,	1,	7.0,	126.937,			2.143,			0.25,			0.051
320,	1,	7.0,	127.264,			1.807,			0.233,			0.056
321,	1,	44.0,	127.613,			1.683,			0.14,			0.053
322,	1,	6.0,	127.884,			2.786,			0.233,			0.05
323,	1,	7.0,	127.925,			2.252,			0.226,			0.053
324,	1,	6.0,	127.931,			2.565,			0.257,			0.057
325,	1,	512.0,	127.997,			2.832,			0.204,			0.06
326,	1,	387.0,	128.401,			2.279,			0.182,			0.053
327,	1,	103.0,	128.444,			2.636,			0.172,			0.06
328,	1,	120.0,	128.467,			2.56,			0.167,			0.053
329,	2,	204.0,	128.501,			10.46,			1.263,			0.104
330,	1,	146.0,	128.516,			1.848,			0.231,			0.054
331,	1,	44.0,	128.584,			2.283,			0.131,			0.053
332,	1,	59.0,	128.605,			1.166,			0.15,			0.051
333,	1,	44.0,	128.821,			1.523,			0.293,			0.057
334,	1,	30.0,	129.13,			1.878,			0.174,			0.053
335,	1,	214.0,	129.306,			1.05,			0.293,			0.051
336,	1,	157.0,	129.346,			1.515,			0.131,			0.057
337,	1,	44.0,	129.363,			1.844,			0.249,			0.057
338,	2,	68.0,	129.603,			14.722,			1.31,			0.145
339,	1,	103.0,	129.616,			1.383,			0.216,			0.055
340,	2,	120.0,	129.618,			13.86,			1.407,			0.165
341,	1,	7.0,	129.82,			1.653,			0.124,			0.056
342,	1,	169.0,	129.881,			2.379,			0.131,			0.057
343,	1,	30.0,	130.011,			2.834,			0.271,			0.058
344,	1,	498.0,	130.515,			2.703,			0.299,			0.051
345,	1,	103.0,	130.573,			1.225,			0.223,			0.059
346,	1,	95.0,	130.663,			1.731,			0.265,			0.06
347,	1,	379.0,	130.739,			1.908,			0.103,			0.059
348,	1,	379.0,	130.786,			2.385,			0.241,			0.057
349,	1,	6.0,	131.183,			1.99,			0.144,			0.051
350,	1,	95.0,	131.533,			1.566,			0.27,			0.057
351,	1,	498.0,	131.689,			2.907,			0.206,			0.055
352,	1,	387.0,	131.792,			2.69,			0.249,			0.057
353,	1,	90.0,	131.988,			2.057,			0.238,			0.06
354,	2,	188.0,	132.545,			14.424,			1.397,			0.137
355,	1,	6.0,	132.884,			1.672,			0.224,			0.057
356,	1,	512.0,	132.993,			1.437,			0.127,			0.051
357,	1,	498.0,	133.003,			2.569,			0.124,			0.05
358,	1,	126.0,	133.088,			1.36,			0.249,			0.051
359,	1,	16.0,	133.157,			1.642,			0.25,			0.055
360,	1,	387.0,	133.751,			2.131,			0.237,			0.053
361,	1,	120.0,	133.832,			2.777,			0.111,			0.059
362,	1,	49.0,	134.148,			1.985,			0.187,			0.058
363,	2,	140.0,	134.18,			12.155,			1.35,			0.131
364,	1,	30.0,	134.317,			2.8,			0.121,			0.054
365,	2,	86.0,	134.444,			13.45,			1.015,			0.197
366,	1,	95.0,	134.881,			1.076,			0.224,			0.055
367,	1,	49.0,	135.022,			2.303,			0.28,			0.058
368,	1,	387.0,	135.134,			1.737,			0.159,			0.052
369,	1,	103.0,	135.16,			2.8,			0.18,			0.06
370,	1,	146.0,	135.266,			1.05,			0.203,			0.054
371,	1,	559.0,	135.49,			2.438,			0.174,			0.052
372,	1,	103.0,	135.824,			2.288,			0.283,			0.053
373,	1,	7.0,	135.843,			2.903,			0.254,			0.059
374,	1,	95.0,	136.32,			2.943,			0.289,			0.05
375,	1,	28.0,	136.33,			1.869,			0.125,			0.056
376,	1,	28.0,	136.519,			2.222,			0.133,			0.057
377,	1,	7.0,	136.609,			2.498,			0.225,			0.058
378,	1,	6.0,	136.688,			1.822,			0.142,			0.05
379,	2,	88.0,	136.833,			11.247,			1.205,			0.149
380,	1,	103.0,	137.089,			1.561,			0.258,			0.058
381,	1,	6.0,	137.175,			2.013,			0.127,			0.055
382,	1,	169.0,	137.229,			1.009,			0.256,			0.051
383,	1,	44.0,	137.233,			2.318,			0.189,			0.057
384,	1,	44.0,	137.366,			1.096,			0.28,			0.057
385,	1,	157.0,	137.385,			1.864,			0.187,			0.054
386,	1,	7.0,	137.409,			2.252,			0.29,			0.052
387,	1,	59.0,	137.499,			1.61,			0.145,			0.052
388,	1,	214.0,	137.816,			1.966,			0.263,			0.051
389,	1,	10.0,	137.871,			1.134,			0.113,			0.059
390,	1,	44.0,	137.894,			2.911,			0.148,			0.056
391,	1,	157.0,	137.962,			2.711,			0.103,			0.05
392,	1,	10.0,	138.569,			2.686,			0.149,			0.056
393,	1,	512.0,	138.586,			1.111,			0.131,			0.059
394,	1,	44.0,	138.929,			2.301,			0.165,			0.057
395,	1,	30.0,	138.981,			1.423,			0.297,			0.052
396,	1,	30.0,	139.018,			2.038,			0.136,			0.056
397,	1,	387.0,	139.144,			1.513,			0.223,			0.052
398,	1,	120.0,	139.161,			2.249,			0.274,			0.05
399,	1,	28.0,	139.184,			1.337,			0.233,			0.051
400,	2,	138.0,	139.529,			11.383,			1.197,			0.185
401,	1,	103.0,	140.096,			2.256,			0.145,			0.06
402,	1,	7.0,	140.166,			2.047,			0.235,			0.058
403,	1,	447.0,	140.182,			2.1,			0.185,			0.059
404,	1,	7.0,	140.197,			1.204,			0.13,			0.051
405,	2,	144.0,	140.24,			14.146,			1.305,			0.121
406,	1,	379.0,	140.309,			2.874,			0.158,			0.058
407,	1,	95.0,	140.481,			1.204,			0.189,			0.05
408,	2,	153.0,	140.563,			13.316,			1.329,			0.174
409,	1,	90.0,	140.783,			2.895,			0.191,			0.055
410,	2,	106.0,	140.786,			14.722,			1.43,			0.122
411,	1,	6.0,	141.173,			1.543,			0.17,			0.056
412,	1,	169.0,	141.264,			1.028,			0.107,			0.06
413,	2,	122.0,	141.46,			12.445,			1.246,			0.104
414,	1,	13.0,	141.66,			2.006,			0.137,			0.055
415,	1,	7.0,	141.745,			1.435,			0.17,			0.05
416,	1,	7.0,	141.77,			1.578,			0.247,			0.051
417,	1,	512.0,	141.815,			2.298,			0.122,			0.06
418,	1,	126.0,	141.865,			1.566,			0.119,			0.056
419,	2,	132.0,	141.931,			14.432,			1.4,			0.178
420,	1,	169.0,	142.025,			2.491,			0.178,			0.056
421,	1,	49.0,	142.208,			2.509,			0.164,			0.058
422,	1,	90.0,	142.372,			2.623,			0.108,			0.051
423,	1,	126.0,	142.395,			1.009,			0.123,			0.053
424,	1,	379.0,	142.659,			2.154,			0.182,			0.059
425,	1,	44.0,	142.667,			1.786,			0.187,			0.053
426,	1,	7.0,	142.79,			1.908,			0.194,			0.058
427,	1,	379.0,	142.959,			1.962,			0.164,			0.058
428,	1,	30.0,	143.069,			1.702,			0.129,			0.057
429,	1,	120.0,	143.329,			1.478,			0.106,			0.052
430,	1,	126.0,	143.341,			1.437,			0.258,			0.055
431,	1,	10.0,	143.354,			1.334,			0.146,			0.057
432,	1,	120.0,	143.47,			2.638,			0.163,			0.055
433,	1,	120.0,	143.555,			1.505,			0.174,			0.051
434,	1,	126.0,	143.668,			1.805,			0.231,			0.053
435,	1,	95.0,	144.037,			1.582,			0.113,			0.053
436,	1,	44.0,	144.418,			2.888,			0.152,			0.05
437,	1,	146.0,	144.83,			1.114,			0.18,			0.052
438,	1,	16.0,	144.897,			2.381,			0.231,			0.059
439,	1,	7.0,	145.436,			1.589,			0.124,			0.053
440,	1,	387.0,	145.74,			1.431,			0.13,			0.06
441,	1,	13.0,	145.827,			2.533,			0.267,			0.056
442,	1,	103.0,	145.866,			1.523,			0.164,			0.058
443,	1,	16.0,	146.28,			1.027,			0.124,			0.053
444,	1,	6.0,	146.4,			1.968,			0.124,			0.053
445,	1,	16.0,	146.621,			2.524,			0.272,			0.052
446,	1,	90.0,	146.644,			2.454,			0.189,			0.058
447,	1,	447.0,	146.842,			2.879,			0.296,			0.059
448,	1,	126.0,	146.936,			1.589,			0.231,			0.051
449,	2,	186.0,	147.157,			14.244,			1.285,			0.133
450,	1,	379.0,	147.728,			1.145,			0.222,			0.054
451,	1,	28.0,	147.73,			1.305,			0.21,			0.059
452,	1,	7.0,	148.005,			2.896,			0.231,			0.05
453,	1,	44.0,	148.023,			2.685,			0.165,			0.054
454,	1,	498.0,	148.026,			2.916,			0.171,			0.05
455,	1,	214.0,	148.091,			2.027,			0.278,			0.058
456,	1,	559.0,	148.138,			1.12,			0.168,			0.058
457,	1,	44.0,	148.157,			2.459,			0.241,			0.057
458,	1,	387.0,	148.366,			1.03,			0.177,			0.05
459,	1,	6.0,	148.389,			2.176,			0.229,			0.058
460,	1,	7.0,	148.717,			2.056,			0.162,			0.06
461,	2,	180.0,	148.79,			14.002,			1.214,			0.182
462,	1,	447.0,	149.093,			2.879,			0.251,			0.058
463,	1,	44.0,	149.161,			1.969,			0.122,			0.059
464,	1,	169.0,	149.195,			1.844,			0.259,			0.054
465,	1,	157.0,	149.523,			1.494,			0.159,			0.055
466,	2,	154.0,	149.622,			13.399,			1.252,			0.108
467,	1,	120.0,	149.636,			2.303,			0.288,			0.053
468,	1,	10.0,	149.814,			1.722,			0.265,			0.059
469,	1,	103.0,	149.842,			1.071,			0.215,			0.06
470,	1,	126.0,	150.535,			1.044,			0.189,			0.059
471,	1,	7.0,	150.681,			2.549,			0.235,			0.059
472,	1,	10.0,	150.699,			2.384,			0.275,			0.052
473,	2,	83.0,	150.856,			13.549,			1.171,			0.173
474,	1,	120.0,	150.943,			1.411,			0.177,			0.052
475,	1,	387.0,	150.945,			1.441,			0.263,			0.058
476,	1,	7.0,	151.165,			2.928,			0.2,			0.053
477,	1,	379.0,	151.276,			1.443,			0.125,			0.052
478,	1,	447.0,	151.638,			1.409,			0.134,			0.055
479,	1,	7.0,	151.708,			2.56,			0.285,			0.055
480,	1,	157.0,	151.771,			1.111,			0.106,			0.054
481,	1,	559.0,	152.273,			2.986,			0.162,			0.052
482,	1,	157.0,	152.408,			2.103,			0.182,			0.057
483,	1,	7.0,	152.458,			1.972,			0.23,			0.054
484,	1,	379.0,	152.578,			1.269,			0.268,			0.052
485,	1,	169.0,	152.59,			1.755,			0.298,			0.05
486,	1,	49.0,	152.59,			1.985,			0.298,			0.053
487,	1,	120.0,	152.624,			2.269,			0.243,			0.053
488,	1,	59.0,	152.889,			2.36,			0.214,			0.059
489,	1,	13.0,	153.258,			1.702,			0.132,			0.055
490,	1,	512.0,	153.452,			2.779,			0.221,			0.05
491,	1,	120.0,	153.601,			1.435,			0.268,			0.059
492,	2,	137.0,	153.636,			10.15,			1.058,			0.125
493,	1,	126.0,	153.921,			2.681,			0.222,			0.052
494,	1,	512.0,	154.004,			2.173,			0.188,			0.058
495,	1,	59.0,	154.02,			1.434,			0.135,			0.053
496,	1,	498.0,	154.226,			1.613,			0.236,			0.05
497,	1,	13.0,	154.326,			1.733,			0.255,			0.053
498,	1,	30.0,	154.653,			1.731,			0.153,			0.06
499,	1,	59.0,	154.664,			1.277,			0.186,			0.056
500,	2,	36.0,	154.8,			12.654,			1.363,			0.167
501,	2,	113.0,	154.855,			13.899,			1.479,			0.106
502,	1,	120.0,	154.887,			1.103,			0.182,			0.059
503,	2,	211.0,	155.225,			14.931,			1.288,			0.113
504,	1,	10.0,	155.234,			2.914,			0.165,			0.052
505,	1,	447.0,	155.301,			2.302,			0.14,			0.056
506,	1,	44.0,	155.414,			2.565,			0.226,			0.05
507,	2,	250.0,	155.571,			11.756,			1.117,			0.139
508,	1,	30.0,	155.679,			2.88,			0.275,			0.06
509,	1,	169.0,	156.342,			2.385,			0.133,			0.051
510,	1,	157.0,	156.49,			2.175,			0.239,			0.055
511,	1,	7.0,	156.556,			1.592,			0.288,			0.052
512,	1,	379.0,	156.804,			1.928,			0.272,			0.055
513,	1,	379.0,	157.356,			1.096,			0.186,			0.057
514,	1,	44.0,	157.549,			1.996,			0.249,			0.052
515,	1,	103.0,	157.69,			2.748,			0.271,			0.051
516,	1,	120.0,	157.941,			2.378,			0.159,			0.057
517,	2,	109.0,	158.032,			10.721,			1.268,			0.122
518,	1,	28.0,	158.308,			1.104,			0.233,			0.054
519,	1,	7.0,	158.38,			1.215,			0.28,			0.059
520,	1,	90.0,	158.805,			2.268,			0.268,			0.053
521,	1,	146.0,	158.833,			1.249,			0.118,			0.054
522,	1,	44.0,	158.861,			2.663,			0.165,			0.052
523,	1,	126.0,	159.099,			1.651,			0.222,			0.057
524,	1,	7.0,	159.196,			2.18,			0.283,			0.06
525,	1,	512.0,	159.261,			1.019,			0.158,			0.058
526,	1,	146.0,	159.44,			1.985,			0.101,			0.06
527,	1,	13.0,	159.688,			1.683,			0.165,			0.058
528,	1,	7.0,	160.022,			2.479,			0.254,			0.051
529,	1,	447.0,	160.21,			2.438,			0.287,			0.056
530,	2,	122.0,	160.295,			10.312,			1.22,			0.136
531,	1,	126.0,	160.508,			2.655,			0.186,			0.058
532,	1,	447.0,	160.625,			2.282,			0.145,			0.055
533,	1,	6.0,	160.654,			2.454,			0.27,			0.051
534,	1,	44.0,	160.754,			2.184,			0.292,			0.053
535,	1,	498.0,	160.808,			2.652,			0.161,			0.057
536,	1,	379.0,	160.866,			1.191,			0.21,			0.05
537,	1,	7.0,	160.974,			2.35,			0.263,			0.056
538,	1,	7.0,	161.026,			1.981,			0.236,			0.053
539,	1,	28.0,	161.111,			1.464,			0.172,			0.056
540,	1,	13.0,	161.378,			1.115,			0.221,			0.054
541,	1,	387.0,	161.971,			2.415,			0.129,			0.057
542,	1,	6.0,	162.089,			1.217,			0.133,			0.054
543,	1,	7.0,	162.276,			1.052,			0.22,			0.05
544,	1,	90.0,	162.718,			1.269,			0.214,			0.06
545,	1,	44.0,	162.888,			2.957,			0.268,			0.053
546,	1,	59.0,	162.923,			1.343,			0.174,			0.057
547,	1,	157.0,	163.055,			2.318,			0.169,			0.055
548,	1,	498.0,	163.118,			2.288,			0.292,			0.051
549,	1,	120.0,	163.511,			2.148,			0.124,			0.051
550,	1,	13.0,	163.803,			1.588,			0.131,			0.053
551,	1,	6.0,	163.805,			2.888,			0.109,			0.053
552,	1,	6.0,	164.05,			1.028,			0.21,			0.058
553,	1,	10.0,	164.252,			2.149,			0.241,			0.054
554,	1,	169.0,	164.258,			1.104,			0.121,			0.06
555,	1,	126.0,	164.584,			2.647,			0.133,			0.052
556,	1,	103.0,	164.745,			1.756,			0.189,			0.055
557,	1,	512.0,	164.907,			1.382,			0.17,			0.06
558,	1,	126.0,	164.96,			1.056,			0.266,			0.056
559,	1,	44.0,	165.177,			1.869,			0.272,			0.052
560,	2,	103.0,	165.306,			10.273,			1.335,			0.117
561,	1,	379.0,	165.607,			1.595,			0.153,			0.055
562,	1,	512.0,	165.935,			1.811,			0.175,			0.058
563,	1,	10.0,	165.964,			1.966,			0.248,			0.054
564,	1,	16.0,	166.032,			1.473,			0.12,			0.053
565,	2,	200.0,	166.106,			10.268,			1.075,			0.158
566,	1,	7.0,	166.206,			1.114,			0.154,			0.051
567,	1,	90.0,	166.217,			2.751,			0.208,			0.058
568,	1,	447.0,	166.323,			2.874,			0.279,			0.056
569,	1,	447.0,	166.68,			2.874,			0.291,			0.059
570,	1,	498.0,	166.944,			1.869,			0.225,			0.06
571,	1,	512.0,	166.953,			2.895,			0.128,			0.054
572,	1,	103.0,	167.086,			1.72,			0.244,			0.053
573,	1,	512.0,	167.505,			2.554,			0.206,			0.057
574,	1,	6.0,	167.802,			1.17,			0.275,			0.05
575,	1,	90.0,	167.867,			1.659,			0.297,			0.052
576,	1,	379.0,	167.873,			1.417,			0.215,			0.052
577,	1,	10.0,	167.906,			1.174,			0.124,			0.058
578,	1,	49.0,	168.243,			2.298,			0.153,			0.053
579,	1,	44.0,	168.563,			2.827,			0.174,			0.053
580,	1,	6.0,	168.587,			2.973,			0.162,			0.053
581,	1,	7.0,	168.754,			1.966,			0.107,			0.055
582,	2,	97.0,	168.879,			13.016,			1.282,			0.101
583,	1,	169.0,	168.914,			2.756,			0.261,			0.056
584,	1,	7.0,	169.099,			2.914,			0.254,			0.059
585,	1,	30.0,	169.099,			2.358,			0.166,			0.059
586,	1,	447.0,	169.187,			1.186,			0.297,			0.054
587,	1,	13.0,	169.306,			1.111,			0.128,			0.059
588,	1,	7.0,	169.447,			1.86,			0.149,			0.056
589,	2,	36.0,	169.511,			12.315,			1.089,			0.142
590,	1,	7.0,	169.686,			2.03,			0.121,			0.056
591,	1,	10.0,	169.7,			1.861,			0.106,			0.053
592,	1,	10.0,	169.815,			2.711,			0.236,			0.054
593,	1,	559.0,	169.838,			1.722,			0.289,			0.06
594,	1,	7.0,	169.911,			2.377,			0.232,			0.055
595,	1,	559.0,	170.15,			1.128,			0.227,			0.055
596,	1,	7.0,	170.239,			2.525,			0.126,			0.057
597,	1,	169.0,	170.258,			2.26,			0.289,			0.052
598,	1,	559.0,	171.407,			1.532,			0.173,			0.059
599,	1,	7.0,	171.409,			2.701,			0.113,			0.052
600,	1,	126.0,	171.651,			1.626,			0.16,			0.052
601,	1,	379.0,	171.934,			1.104,			0.16,			0.06
602,	1,	146.0,	172.566,			2.438,			0.103,			0.059
603,	1,	169.0,	172.86,			1.756,			0.151,			0.055
604,	1,	559.0,	173.018,			2.414,			0.12,			0.054
605,	1,	559.0,	173.132,			1.977,			0.279,			0.056
606,	1,	44.0,	173.145,			2.581,			0.204,			0.057
607,	1,	387.0,	173.221,			2.014,			0.159,			0.05
608,	1,	49.0,	173.375,			2.503,			0.121,			0.057
609,	1,	559.0,	173.379,			2.618,			0.186,			0.053
610,	1,	512.0,	173.399,			1.541,			0.2,			0.053
611,	1,	6.0,	173.431,			1.719,			0.126,			0.051
612,	1,	387.0,	173.506,			1.091,			0.126,			0.059
613,	1,	120.0,	173.785,			2.407,			0.259,			0.052
614,	1,	13.0,	174.076,			1.364,			0.29,			0.054
615,	1,	387.0,	174.495,			1.108,			0.21,			0.058
616,	1,	146.0,	174.538,			1.509,			0.134,			0.054
617,	1,	498.0,	174.696,			1.204,			0.236,			0.057
618,	1,	6.0,	174.711,			2.461,			0.137,			0.054
619,	1,	512.0,	175.217,			1.821,			0.247,			0.054
620,	1,	214.0,	175.538,			1.99,			0.211,			0.057
621,	1,	44.0,	175.675,			1.112,			0.24,			0.057
622,	1,	28.0,	175.828,			2.753,			0.227,			0.057
623,	1,	103.0,	175.884,			2.027,			0.13,			0.055
624,	1,	7.0,	176.075,			1.694,			0.153,			0.057
625,	1,	59.0,	176.228,			2.544,			0.158,			0.054
626,	1,	387.0,	176.537,			1.283,			0.241,			0.052
627,	1,	49.0,	176.695,			1.909,			0.135,			0.058
628,	1,	7.0,	176.888,			2.675,			0.175,			0.056
629,	2,	106.0,	177.032,			11.709,			1.249,			0.166
630,	1,	214.0,	177.114,			1.968,			0.222,			0.051
631,	1,	6.0,	177.175,			1.748,			0.217,			0.053
632,	1,	44.0,	177.409,			1.543,			0.256,			0.056
633,	1,	214.0,	177.609,			2.181,			0.166,			0.06
634,	1,	512.0,	177.647,			1.769,			0.194,			0.059
635,	1,	7.0,	177.725,			2.557,			0.26,			0.05
636,	1,	7.0,	177.87,			1.051,			0.109,			0.055
637,	1,	512.0,	177.993,			1.376,			0.295,			0.056
638,	1,	379.0,	178.008,			1.672,			0.133,			0.051
639,	1,	512.0,	178.348,			2.532,			0.258,			0.051
640,	1,	13.0,	178.357,			1.733,			0.289,			0.06
641,	1,	59.0,	178.371,			1.148,			0.191,			0.057
642,	1,	169.0,	178.515,			1.407,			0.18,			0.056
643,	1,	120.0,	178.538,			1.178,			0.19,			0.052
644,	1,	498.0,	178.878,			2.889,			0.195,			0.053
645,	1,	120.0,	178.906,			2.525,			0.203,			0.051
646,	1,	6.0,	178.929,			1.694,			0.142,			0.054
647,	1,	103.0,	178.966,			1.909,			0.279,			0.051
648,	1,	95.0,	178.998,			1.61,			0.238,			0.055
649,	1,	7.0,	179.015,			1.816,			0.21,			0.057
650,	2,	77.0,	179.213,			11.885,			1.465,			0.184
651,	1,	379.0,	179.298,			2.569,			0.239,			0.058
652,	1,	379.0,	179.316,			1.455,			0.118,			0.055
653,	1,	6.0,	179.372,			1.728,			0.135,			0.055
654,	1,	6.0,	179.476,			1.979,			0.17,			0.057
655,	1,	49.0,	179.481,			2.293,			0.28,			0.05
656,	1,	512.0,	179.747,			1.875,			0.29,			0.056
657,	2,	135.0,	179.77,			10.686,			1.376,			0.137
658,	1,	90.0,	179.813,			1.61,			0.135,			0.051
659,	1,	447.0,	179.869,			1.004,			0.202,			0.054
660,	2,	169.0,	179.98,			10.159,			1.447,			0.127
661,	1,	6.0,	180.089,			2.298,			0.202,			0.05
662,	1,	498.0,	180.126,			1.217,			0.134,			0.056
663,	1,	7.0,	180.174,			2.014,			0.17,			0.059
664,	1,	103.0,	180.387,			2.544,			0.119,			0.051
665,	2,	63.0,	180.479,			13.404,			1.426,			0.122
666,	1,	7.0,	180.545,			2.256,			0.292,			0.057
667,	2,	192.0,	180.645,			10.312,			1.338,			0.172
668,	2,	199.0,	180.673,			14.511,			1.089,			0.164
669,	1,	387.0,	180.888,			1.494,			0.275,			0.055
670,	2,	81.0,	180.908,			14.49,			1.464,			0.158
671,	1,	6.0,	180.945,			1.014,			0.158,			0.059
672,	1,	7.0,	181.085,			1.174,			0.201,			0.057
673,	1,	7.0,	181.147,			1.609,			0.111,			0.056
674,	1,	10.0,	181.35,			1.941,			0.195,			0.059
675,	1,	146.0,	181.482,			2.955,			0.169,			0.054
676,	2,	136.0,	181.492,			13.651,			1.189,			0.121
677,	2,	92.0,	181.549,			11.393,			1.108,			0.14
678,	1,	103.0,	181.771,			2.298,			0.186,			0.052
679,	1,	10.0,	181.913,			1.715,			0.226,			0.055
680,	1,	44.0,	182.144,			1.988,			0.105,			0.054
681,	2,	107.0,	182.144,			14.929,			1.46,			0.112
682,	1,	28.0,	182.152,			1.029,			0.186,			0.058
683,	2,	191.0,	182.336,			11.002,			1.431,			0.198
684,	1,	44.0,	182.653,			1.908,			0.217,			0.05
685,	1,	120.0,	182.758,			1.505,			0.2,			0.056
686,	1,	90.0,	183.138,			2.298,			0.159,			0.056
687,	1,	44.0,	183.211,			2.638,			0.104,			0.051
688,	1,	7.0,	183.645,			1.316,			0.233,			0.052
689,	1,	157.0,	183.99,			2.813,			0.146,			0.051
690,	1,	7.0,	184.227,			1.327,			0.116,			0.051
691,	1,	59.0,	184.264,			2.759,			0.11,			0.052
692,	1,	146.0,	184.45,			1.998,			0.111,			0.051
693,	1,	126.0,	184.648,			1.011,			0.275,			0.06
694,	1,	30.0,	184.654,			1.411,			0.273,			0.057
695,	1,	59.0,	184.722,			1.114,			0.105,			0.058
696,	1,	512.0,	184.88,			2.748,			0.193,			0.052
697,	1,	10.0,	185.489,			2.874,			0.199,			0.058
698,	1,	103.0,	185.691,			2.104,			0.162,			0.052
699,	1,	559.0,	185.834,			1.651,			0.253,			0.052
700,	1,	146.0,	185.844,			1.965,			0.147,			0.059
701,	1,	30.0,	186.411,			1.204,			0.157,			0.051
702,	1,	559.0,	186.477,			1.141,			0.207,			0.057
703,	1,	7.0,	186.849,			2.675,			0.137,			0.055
704,	1,	157.0,	186.902,			1.256,			0.137,			0.059
705,	1,	126.0,	186.934,			1.631,			0.141,			0.051
706,	1,	13.0,	186.968,			1.309,			0.116,			0.051
707,	1,	95.0,	187.612,			2.557,			0.23,			0.053
708,	1,	379.0,	187.767,			2.425,			0.2,			0.053
709,	1,	30.0,	187.772,			2.579,			0.179,			0.054
710,	1,	447.0,	188.31,			1.516,			0.217,			0.051
711,	1,	59.0,	188.435,			2.922,			0.129,			0.052
712,	1,	95.0,	188.557,			1.285,			0.159,			0.056
713,	1,	7.0,	188.994,			2.35,			0.279,			0.056
714,	1,	44.0,	189.0,			1.878,			0.292,			0.054
715,	1,	28.0,	189.151,			1.141,			0.279,			0.057
716,	1,	10.0,	189.327,			1.963,			0.198,			0.055
717,	1,	90.0,	189.375,			1.61,			0.113,			0.055
718,	1,	10.0,	189.382,			2.945,			0.129,			0.058
719,	2,	282.0,	189.572,			10.103,			1.326,			0.127
720,	1,	146.0,	189.912,			1.651,			0.216,			0.053
721,	1,	126.0,	189.915,			1.145,			0.186,			0.06
722,	1,	7.0,	189.997,			1.302,			0.131,			0.053
723,	1,	44.0,	190.264,			1.428,			0.159,			0.056
724,	2,	224.0,	190.47,			12.75,			1.139,			0.142
725,	2,	116.0,	190.652,			11.591,			1.202,			0.107
726,	2,	142.0,	190.777,			13.189,			1.188,			0.159
727,	1,	10.0,	190.8,			1.173,			0.205,			0.057
728,	1,	498.0,	190.935,			1.737,			0.189,			0.058
729,	1,	7.0,	191.268,			1.612,			0.18,			0.06
730,	1,	157.0,	191.371,			2.556,			0.284,			0.055
731,	2,	160.0,	191.418,			14.942,			1.096,			0.125
732,	2,	187.0,	192.33,			10.742,			1.037,			0.113
733,	1,	7.0,	192.669,			1.433,			0.116,			0.05
734,	1,	44.0,	192.752,			1.024,			0.144,			0.056
735,	1,	512.0,	192.933,			2.588,			0.286,			0.057
736,	2,	178.0,	193.371,			13.439,			1.256,			0.107
737,	1,	30.0,	193.4,			1.011,			0.237,			0.058
738,	1,	44.0,	193.657,			2.28,			0.162,			0.054
739,	1,	10.0,	193.876,			1.932,			0.2,			0.055
740,	1,	447.0,	193.921,			2.232,			0.141,			0.059
741,	1,	59.0,	193.978,			1.679,			0.272,			0.057
742,	1,	6.0,	194.216,			1.862,			0.299,			0.055
743,	1,	10.0,	194.506,			1.303,			0.178,			0.056
744,	1,	90.0,	194.646,			1.204,			0.27,			0.054
745,	2,	88.0,	194.653,			11.677,			1.401,			0.15
746,	1,	90.0,	195.286,			1.844,			0.136,			0.055
747,	1,	7.0,	195.372,			1.998,			0.225,			0.06
748,	1,	103.0,	195.555,			1.694,			0.187,			0.052
749,	1,	214.0,	195.795,			2.479,			0.209,			0.053
750,	1,	6.0,	195.865,			1.164,			0.228,			0.057
751,	1,	126.0,	196.057,			1.495,			0.168,			0.055
752,	1,	16.0,	196.188,			1.403,			0.142,			0.052
753,	1,	559.0,	196.257,			1.988,			0.142,			0.059
754,	1,	498.0,	196.274,			1.731,			0.102,			0.057
755,	1,	10.0,	196.413,			2.709,			0.235,			0.052
756,	1,	59.0,	196.567,			1.672,			0.289,			0.06
757,	2,	192.0,	196.639,			12.826,			1.363,			0.195
758,	1,	6.0,	196.695,			1.828,			0.142,			0.05
759,	1,	6.0,	196.73,			2.321,			0.17,			0.056
760,	1,	387.0,	196.757,			2.544,			0.107,			0.054
761,	1,	44.0,	197.049,			1.581,			0.278,			0.055
762,	1,	7.0,	197.079,			1.269,			0.176,			0.058
763,	1,	28.0,	197.273,			1.605,			0.284,			0.052
764,	1,	10.0,	197.559,			1.241,			0.203,			0.06
765,	2,	113.0,	197.812,			13.911,			1.203,			0.131
766,	1,	157.0,	198.026,			1.005,			0.106,			0.056
767,	1,	30.0,	198.622,			1.941,			0.238,			0.053
768,	1,	28.0,	198.668,			2.761,			0.284,			0.056
769,	1,	7.0,	198.766,			1.382,			0.152,			0.059
770,	1,	6.0,	198.82,			2.78,			0.234,			0.058
771,	1,	146.0,	198.828,			1.612,			0.149,			0.056
772,	1,	559.0,	198.944,			2.155,			0.164,			0.054
773,	1,	379.0,	199.004,			1.825,			0.293,			0.059
774,	1,	103.0,	199.025,			2.623,			0.158,			0.05
775,	1,	90.0,	199.137,			1.051,			0.242,			0.057
776,	1,	447.0,	199.151,			1.63,			0.107,			0.055
777,	2,	105.0,	199.184,			14.611,			1.42,			0.132
778,	1,	498.0,	199.553,			2.888,			0.284,			0.052
779,	1,	146.0,	199.586,			1.421,			0.189,			0.058
780,	2,	146.0,	200.03,			10.777,			1.386,			0.144
781,	1,	49.0,	200.216,			1.551,			0.256,			0.054
782,	2,	75.0,	200.296,			11.583,			1.394,			0.177
783,	1,	387.0,	200.318,			1.719,			0.151,			0.055
784,	1,	387.0,	200.773,			1.07,			0.165,			0.057
785,	1,	157.0,	200.793,			2.768,			0.142,			0.055
786,	1,	59.0,	201.498,			2.006,			0.266,			0.059
787,	1,	44.0,	201.548,			1.543,			0.258,			0.051
788,	1,	28.0,	202.432,			2.377,			0.284,			0.052
789,	1,	16.0,	202.528,			1.445,			0.184,			0.051
790,	1,	90.0,	203.038,			2.273,			0.124,			0.058
791,	1,	387.0,	203.265,			2.167,			0.133,			0.059
792,	2,	195.0,	203.646,			12.767,			1.137,			0.107
793,	1,	559.0,	204.031,			1.337,			0.29,			0.059
794,	2,	143.0,	204.032,			13.977,			1.252,			0.108
795,	1,	6.0,	204.215,			2.972,			0.182,			0.051
796,	2,	207.0,	204.731,			11.598,			1.273,			0.197
797,	2,	136.0,	205.164,			14.253,			1.286,			0.185
798,	1,	7.0,	205.269,			1.535,			0.279,			0.055
799,	1,	6.0,	205.472,			1.633,			0.125,			0.058
800,	2,	141.0,	206.002,			12.105,			1.379,			0.137
801,	1,	6.0,	206.573,			1.416,			0.215,			0.055
802,	1,	59.0,	206.597,			1.663,			0.241,			0.051
803,	2,	163.0,	206.711,			10.035,			1.233,			0.168
804,	1,	169.0,	206.718,			2.9,			0.186,			0.055
805,	1,	13.0,	207.273,			1.69,			0.172,			0.052
806,	1,	7.0,	207.365,			1.587,			0.191,			0.057
807,	1,	7.0,	207.584,			1.681,			0.115,			0.051
808,	1,	379.0,	207.633,			2.378,			0.161,			0.053
809,	1,	49.0,	207.816,			1.672,			0.184,			0.054
810,	1,	49.0,	207.859,			1.511,			0.292,			0.058
811,	1,	7.0,	207.984,			1.111,			0.124,			0.054
812,	1,	387.0,	208.315,			1.639,			0.237,			0.055
813,	1,	379.0,	208.412,			1.651,			0.251,			0.051
814,	1,	44.0,	209.266,			2.799,			0.178,			0.059
815,	1,	7.0,	209.387,			2.279,			0.261,			0.053
816,	1,	16.0,	209.436,			2.954,			0.157,			0.055
817,	1,	59.0,	210.365,			1.752,			0.225,			0.053
818,	1,	126.0,	210.473,			2.09,			0.276,			0.058
819,	2,	122.0,	210.604,			13.136,			1.219,			0.169
820,	1,	30.0,	210.619,			1.302,			0.221,			0.059
821,	1,	7.0,	212.02,			2.954,			0.258,			0.051
822,	1,	10.0,	213.093,			1.009,			0.161,			0.057
823,	1,	214.0,	213.332,			1.682,			0.126,			0.06
824,	1,	512.0,	213.501,			2.198,			0.126,			0.055
825,	1,	498.0,	213.519,			1.491,			0.162,			0.058
826,	1,	498.0,	213.626,			1.915,			0.249,			0.058
827,	2,	197.0,	214.556,			12.069,			1.164,			0.13
828,	1,	7.0,	214.6,			1.981,			0.227,			0.054
829,	1,	103.0,	214.613,			2.09,			0.247,			0.054
830,	1,	146.0,	215.194,			1.645,			0.189,			0.06
831,	1,	559.0,	215.822,			1.679,			0.222,			0.056
832,	1,	126.0,	215.91,			2.548,			0.135,			0.05
833,	1,	13.0,	216.25,			1.679,			0.139,			0.055
834,	1,	44.0,	216.389,			2.786,			0.148,			0.06
835,	1,	28.0,	216.476,			1.302,			0.244,			0.052
836,	1,	30.0,	217.024,			1.009,			0.216,			0.057
837,	1,	44.0,	217.068,			1.791,			0.114,			0.056
838,	1,	498.0,	217.101,			1.353,			0.228,			0.05
839,	1,	16.0,	217.177,			1.914,			0.299,			0.055
840,	1,	512.0,	217.204,			1.844,			0.146,			0.059
841,	1,	498.0,	217.319,			1.984,			0.185,			0.055
842,	1,	387.0,	218.28,			2.057,			0.279,			0.05
843,	2,	133.0,	218.552,			11.756,			1.453,			0.197
844,	1,	95.0,	218.579,			1.35,			0.136,			0.057
845,	2,	210.0,	219.549,			14.067,			1.426,			0.114
846,	1,	7.0,	219.592,			2.661,			0.159,			0.055
847,	1,	59.0,	219.807,			2.378,			0.17,			0.058
848,	1,	44.0,	220.234,			2.796,			0.277,			0.06
849,	1,	44.0,	220.392,			1.9,			0.208,			0.053
850,	1,	44.0,	220.5,			1.302,			0.216,			0.06
851,	2,	208.0,	220.668,			12.152,			1.286,			0.152
852,	2,	266.0,	220.888,			13.288,			1.229,			0.162
853,	1,	498.0,	221.378,			1.116,			0.195,			0.059
854,	1,	447.0,	222.151,			1.395,			0.295,			0.06
855,	2,	162.0,	222.249,			11.39,			1.45,			0.173
856,	2,	314.0,	222.264,			14.317,			1.312,			0.132
857,	2,	120.0,	222.718,			11.696,			1.454,			0.101
858,	1,	49.0,	222.791,			1.22,			0.244,			0.054
859,	1,	157.0,	223.657,			1.592,			0.124,			0.06
860,	1,	559.0,	223.7,			2.26,			0.187,			0.051
861,	1,	90.0,	223.886,			1.229,			0.14,			0.052
862,	2,	120.0,	224.003,			13.305,			1.424,			0.103
863,	2,	147.0,	224.187,			11.628,			1.499,			0.175
864,	1,	447.0,	224.352,			2.612,			0.146,			0.057
865,	1,	95.0,	224.802,			2.084,			0.153,			0.05
866,	2,	92.0,	225.301,			11.536,			1.161,			0.15
867,	1,	498.0,	225.581,			2.438,			0.272,			0.05
868,	1,	7.0,	225.936,			1.969,			0.206,			0.054
869,	1,	214.0,	225.958,			1.659,			0.182,			0.05
870,	1,	126.0,	226.286,			2.26,			0.123,			0.06
871,	1,	169.0,	227.128,			2.813,			0.2,			0.054
872,	1,	498.0,	227.225,			2.936,			0.231,			0.054
873,	2,	160.0,	227.507,			10.554,			1.479,			0.164
874,	1,	387.0,	227.868,			2.446,			0.203,			0.054
875,	1,	559.0,	228.021,			1.575,			0.113,			0.053
876,	1,	95.0,	228.212,			2.838,			0.212,			0.055
877,	1,	7.0,	228.431,			2.366,			0.293,			0.054
878,	1,	10.0,	228.621,			2.834,			0.17,			0.054
879,	1,	95.0,	228.802,			1.225,			0.227,			0.051
880,	2,	56.0,	229.292,			13.016,			1.32,			0.179
881,	1,	6.0,	229.366,			1.701,			0.145,			0.054
882,	1,	16.0,	230.288,			1.17,			0.251,			0.055
883,	2,	144.0,	231.003,			10.697,			1.037,			0.179
884,	1,	103.0,	231.174,			1.416,			0.119,			0.06
885,	1,	7.0,	231.93,			1.79,			0.161,			0.051
886,	1,	28.0,	232.148,			2.194,			0.127,			0.057
887,	2,	117.0,	232.18,			10.316,			1.092,			0.129
888,	2,	107.0,	232.226,			13.569,			1.326,			0.147
889,	1,	10.0,	232.291,			2.52,			0.219,			0.058
890,	2,	174.0,	232.937,			14.906,			1.252,			0.197
891,	1,	44.0,	232.982,			1.99,			0.112,			0.056
892,	2,	257.0,	233.309,			12.691,			1.361,			0.108
893,	2,	178.0,	233.48,			14.917,			1.172,			0.156
894,	1,	7.0,	233.837,			2.896,			0.121,			0.05
895,	1,	7.0,	234.458,			2.299,			0.295,			0.055
896,	1,	95.0,	235.016,			1.591,			0.253,			0.06
897,	2,	210.0,	235.149,			12.372,			1.202,			0.111
898,	1,	59.0,	235.655,			1.215,			0.198,			0.058
899,	1,	169.0,	235.939,			1.821,			0.161,			0.058
900,	1,	126.0,	235.98,			1.864,			0.215,			0.059
901,	1,	44.0,	236.386,			2.318,			0.166,			0.058
902,	2,	166.0,	237.477,			12.004,			1.437,			0.123
903,	2,	132.0,	239.584,			13.977,			1.345,			0.139
904,	1,	512.0,	239.812,			1.525,			0.156,			0.052
905,	2,	100.0,	239.849,			10.777,			1.349,			0.16
906,	2,	106.0,	240.69,			12.826,			1.322,			0.19
907,	1,	379.0,	241.306,			1.61,			0.109,			0.055
908,	1,	214.0,	242.095,			1.879,			0.121,			0.051
909,	1,	447.0,	243.049,			1.01,			0.161,			0.055
910,	2,	151.0,	243.296,			12.48,			1.437,			0.104
911,	1,	44.0,	243.422,			1.448,			0.197,			0.057
912,	1,	59.0,	244.487,			1.589,			0.241,			0.057
913,	2,	73.0,	245.119,			10.909,			1.374,			0.167
914,	1,	7.0,	245.86,			1.277,			0.135,			0.052
915,	1,	559.0,	246.056,			1.291,			0.254,			0.051
916,	2,	135.0,	246.734,			13.379,			1.185,			0.185
917,	1,	559.0,	248.212,			2.173,			0.293,			0.053
918,	2,	264.0,	248.44,			12.849,			1.085,			0.154
919,	1,	559.0,	248.779,			1.535,			0.193,			0.058
920,	2,	178.0,	249.006,			14.317,			1.159,			0.176
921,	2,	126.0,	249.223,			14.611,			1.119,			0.107
922,	1,	7.0,	249.868,			2.35,			0.137,			0.059
923,	2,	177.0,	250.104,			12.434,			1.001,			0.128
924,	2,	182.0,	250.261,			10.837,			1.381,			0.102
925,	1,	6.0,	251.1,			2.972,			0.162,			0.052
926,	2,	214.0,	251.23,			13.639,			1.379,			0.132
927,	2,	121.0,	251.248,			11.265,			1.405,			0.161
928,	1,	169.0,	251.319,			1.537,			0.262,			0.052
929,	1,	157.0,	251.343,			1.719,			0.132,			0.059
930,	1,	30.0,	251.667,			1.166,			0.277,			0.054
931,	1,	169.0,	252.658,			2.096,			0.152,			0.058
932,	1,	44.0,	253.143,			2.349,			0.27,			0.05
933,	1,	214.0,	253.392,			2.58,			0.21,			0.053
934,	2,	88.0,	255.305,			13.106,			1.449,			0.162
935,	1,	7.0,	256.724,			2.893,			0.172,			0.059
936,	2,	36.0,	256.948,			11.578,			1.304,			0.125
937,	2,	122.0,	257.761,			13.346,			1.202,			0.104
938,	2,	365.0,	258.25,			10.198,			1.294,			0.152
939,	2,	138.0,	258.556,			11.61,			1.241,			0.137
940,	2,	182.0,	259.525,			13.254,			1.175,			0.105
941,	1,	6.0,	261.102,			1.128,			0.154,			0.053
942,	2,	162.0,	262.129,			13.193,			1.461,			0.147
943,	1,	28.0,	262.161,			1.432,			0.257,			0.054
944,	2,	157.0,	262.987,			11.672,			1.13,			0.179
945,	2,	119.0,	263.006,			11.896,			1.083,			0.148
946,	1,	28.0,	263.52,			2.642,			0.203,			0.054
947,	2,	125.0,	263.782,			10.15,			1.094,			0.197
948,	1,	44.0,	264.1,			2.18,			0.253,			0.057
949,	2,	156.0,	264.141,			13.377,			1.091,			0.191
950,	1,	44.0,	264.336,			2.686,			0.272,			0.06
951,	2,	138.0,	264.848,			12.089,			1.456,			0.134
952,	2,	109.0,	264.933,			10.205,			1.008,			0.123
953,	2,	162.0,	265.34,			12.764,			1.077,			0.154
954,	2,	109.0,	265.384,			13.798,			1.401,			0.149
955,	2,	141.0,	266.218,			10.702,			1.46,			0.198
956,	2,	81.0,	266.436,			13.837,			1.027,			0.137
957,	1,	10.0,	267.511,			2.621,			0.177,			0.053
958,	2,	173.0,	267.753,			10.962,			1.48,			0.103
959,	2,	206.0,	268.255,			14.646,			1.287,			0.11
960,	2,	111.0,	268.476,			11.229,			1.197,			0.112
961,	1,	512.0,	268.681,			2.562,			0.272,			0.056
962,	2,	157.0,	268.695,			12.537,			1.35,			0.174
963,	2,	145.0,	269.099,			13.025,			1.295,			0.198
964,	2,	137.0,	269.933,			13.889,			1.421,			0.188
965,	1,	59.0,	270.646,			1.956,			0.228,			0.05
966,	2,	101.0,	270.962,			12.701,			1.299,			0.137
967,	2,	110.0,	272.509,			13.816,			1.049,			0.148
968,	1,	59.0,	273.263,			2.098,			0.184,			0.06
969,	2,	166.0,	274.22,			10.397,			1.461,			0.146
970,	1,	7.0,	274.539,			1.821,			0.16,			0.059
971,	2,	129.0,	274.926,			12.057,			1.211,			0.13
972,	2,	186.0,	275.495,			13.137,			1.231,			0.139
973,	1,	30.0,	276.156,			2.748,			0.186,			0.06
974,	2,	235.0,	276.318,			10.661,			1.326,			0.166
975,	2,	108.0,	277.672,			11.756,			1.07,			0.1
976,	2,	128.0,	278.377,			10.92,			1.158,			0.121
977,	2,	126.0,	279.813,			14.282,			1.371,			0.155
978,	1,	512.0,	280.835,			2.655,			0.192,			0.056
979,	2,	231.0,	281.274,			13.15,			1.322,			0.125
980,	2,	192.0,	281.392,			10.054,			1.024,			0.168
981,	2,	110.0,	283.222,			14.692,			1.207,			0.197
982,	1,	387.0,	283.457,			1.489,			0.294,			0.058
983,	2,	91.0,	285.673,			13.095,			1.389,			0.17
984,	2,	114.0,	286.037,			11.81,			1.282,			0.104
985,	2,	132.0,	286.174,			13.476,			1.401,			0.192
986,	2,	273.0,	286.4,			10.936,			1.201,			0.125
987,	2,	208.0,	290.667,			10.15,			1.075,			0.178
988,	2,	165.0,	291.1,			14.351,			1.407,			0.156
989,	2,	138.0,	291.445,			11.968,			1.371,			0.196
990,	2,	181.0,	292.363,			11.537,			1.356,			0.179
991,	2,	93.0,	292.755,			11.793,			1.134,			0.142
992,	2,	242.0,	293.05,			14.984,			1.495,			0.163
993,	2,	115.0,	294.005,			10.909,			1.087,			0.132
994,	2,	230.0,	294.294,			11.134,			1.233,			0.163
995,	1,	7.0,	294.389,			2.013,			0.174,			0.052
996,	1,	6.0,	295.028,			1.587,			0.159,			0.057
997,	2,	103.0,	296.98,			12.764,			1.244,			0.113
998,	2,	126.0,	297.568,			10.485,			1.124,			0.177
999,	2,	244.0,	299.029,			11.689,			1.261,			0.184
1000,	2,	323.0,	299.13,			14.818,			1.203,			0.198
