#, task_type_id, size, arrival_time,	execution_time_cpu,	execution_time_gpu,	execution_time_CLOUD
1,	1,	512.0,	0.0,			2.11,			0.287,			0.057
2,	2,	30.0,	0.558,			12.434,			1.186,			0.123
3,	2,	202.0,	3.53,			11.677,			1.162,			0.155
4,	2,	69.0,	6.816,			11.28,			1.238,			0.137
5,	2,	123.0,	10.264,			10.77,			1.404,			0.128
6,	2,	100.0,	10.266,			10.46,			1.371,			0.14
7,	2,	151.0,	12.72,			12.987,			1.04,			0.139
8,	2,	265.0,	14.02,			14.666,			1.015,			0.142
9,	2,	119.0,	14.478,			13.837,			1.126,			0.118
10,	2,	135.0,	15.319,			14.737,			1.368,			0.128
11,	2,	162.0,	16.562,			11.404,			1.294,			0.141
12,	2,	148.0,	17.706,			10.476,			1.103,			0.139
13,	1,	559.0,	17.731,			2.193,			0.195,			0.06
14,	2,	245.0,	18.626,			10.629,			1.022,			0.167
15,	2,	130.0,	20.972,			13.61,			1.477,			0.174
16,	2,	136.0,	21.427,			14.929,			1.186,			0.128
17,	1,	512.0,	22.641,			1.548,			0.282,			0.053
18,	1,	559.0,	22.957,			1.144,			0.186,			0.058
19,	2,	177.0,	23.263,			14.117,			1.084,			0.176
20,	2,	127.0,	25.493,			13.941,			1.124,			0.136
21,	2,	125.0,	27.471,			12.617,			1.202,			0.135
22,	2,	62.0,	28.165,			11.478,			1.178,			0.177
23,	1,	10.0,	29.442,			1.72,			0.242,			0.052
24,	2,	242.0,	29.89,			13.785,			1.275,			0.19
25,	1,	6.0,	30.639,			2.509,			0.175,			0.055
26,	2,	338.0,	32.492,			13.038,			1.392,			0.137
27,	2,	58.0,	33.3,			11.573,			1.07,			0.166
28,	1,	498.0,	34.251,			1.756,			0.221,			0.057
29,	2,	109.0,	36.039,			10.718,			1.396,			0.2
30,	2,	192.0,	36.686,			14.283,			1.499,			0.137
31,	2,	98.0,	36.964,			13.137,			1.211,			0.198
32,	2,	203.0,	39.88,			14.741,			1.477,			0.198
33,	2,	145.0,	40.405,			11.036,			1.396,			0.125
34,	2,	35.0,	41.269,			10.374,			1.467,			0.198
35,	2,	169.0,	41.31,			13.071,			1.467,			0.122
36,	2,	168.0,	43.495,			14.43,			1.31,			0.113
37,	1,	379.0,	43.513,			2.813,			0.164,			0.058
38,	2,	126.0,	43.803,			12.127,			1.239,			0.17
39,	2,	102.0,	43.986,			10.014,			1.46,			0.167
40,	2,	269.0,	44.473,			10.114,			1.417,			0.125
41,	1,	16.0,	45.095,			2.088,			0.187,			0.054
42,	1,	103.0,	45.319,			2.87,			0.133,			0.06
43,	1,	44.0,	45.924,			1.144,			0.256,			0.054
44,	1,	90.0,	47.878,			1.582,			0.164,			0.052
45,	1,	44.0,	48.043,			2.711,			0.275,			0.051
46,	1,	157.0,	48.112,			1.008,			0.299,			0.053
47,	1,	6.0,	48.264,			1.728,			0.275,			0.054
48,	1,	44.0,	48.38,			1.313,			0.256,			0.054
49,	2,	121.0,	49.439,			10.442,			1.023,			0.11
50,	1,	169.0,	50.222,			1.424,			0.231,			0.06
51,	1,	6.0,	50.749,			1.08,			0.249,			0.053
52,	2,	99.0,	53.253,			11.433,			1.174,			0.12
53,	2,	122.0,	53.319,			11.508,			1.212,			0.184
54,	2,	120.0,	53.412,			13.899,			1.334,			0.16
55,	1,	7.0,	54.097,			1.844,			0.172,			0.052
56,	1,	16.0,	54.343,			2.328,			0.222,			0.058
57,	2,	201.0,	55.295,			10.769,			1.348,			0.109
58,	1,	214.0,	55.961,			2.703,			0.221,			0.052
59,	2,	181.0,	56.551,			11.575,			1.116,			0.176
60,	1,	90.0,	57.095,			2.074,			0.228,			0.058
61,	2,	89.0,	58.357,			10.721,			1.402,			0.154
62,	1,	95.0,	58.884,			2.037,			0.244,			0.051
63,	2,	333.0,	60.128,			13.801,			1.389,			0.108
64,	1,	10.0,	61.964,			1.186,			0.206,			0.051
65,	2,	149.0,	61.974,			14.464,			1.346,			0.172
66,	1,	498.0,	62.709,			1.481,			0.154,			0.056
67,	1,	44.0,	63.088,			1.285,			0.179,			0.057
68,	2,	156.0,	63.438,			13.189,			1.314,			0.198
69,	1,	157.0,	64.341,			2.034,			0.171,			0.053
70,	2,	105.0,	65.217,			11.111,			1.258,			0.135
71,	1,	95.0,	67.665,			1.933,			0.295,			0.051
72,	2,	176.0,	69.007,			10.076,			1.438,			0.177
73,	2,	126.0,	69.058,			14.05,			1.392,			0.137
74,	1,	387.0,	69.318,			2.896,			0.252,			0.052
75,	1,	157.0,	69.349,			1.091,			0.144,			0.055
76,	1,	95.0,	69.394,			1.722,			0.281,			0.052
77,	2,	154.0,	69.64,			11.761,			1.422,			0.149
78,	1,	90.0,	69.867,			1.988,			0.287,			0.058
79,	1,	90.0,	71.182,			2.158,			0.175,			0.054
80,	1,	59.0,	71.472,			1.406,			0.253,			0.054
81,	1,	103.0,	71.833,			2.659,			0.217,			0.052
82,	1,	169.0,	72.379,			1.683,			0.153,			0.054
83,	1,	7.0,	72.52,			1.01,			0.207,			0.051
84,	1,	387.0,	72.904,			1.162,			0.289,			0.053
85,	1,	95.0,	73.207,			1.226,			0.259,			0.056
86,	1,	559.0,	73.504,			2.819,			0.17,			0.05
87,	2,	91.0,	73.54,			12.93,			1.097,			0.107
88,	1,	498.0,	73.699,			2.901,			0.198,			0.06
89,	1,	498.0,	74.686,			2.454,			0.133,			0.056
90,	2,	192.0,	76.598,			10.074,			1.405,			0.136
91,	1,	214.0,	76.806,			2.286,			0.254,			0.054
92,	1,	157.0,	77.293,			1.588,			0.189,			0.06
93,	2,	111.0,	77.596,			14.45,			1.227,			0.172
94,	1,	146.0,	78.024,			1.642,			0.158,			0.052
95,	1,	379.0,	78.139,			2.813,			0.219,			0.053
96,	1,	7.0,	79.519,			2.025,			0.201,			0.055
97,	2,	138.0,	79.721,			10.651,			1.065,			0.139
98,	1,	447.0,	79.746,			2.18,			0.186,			0.055
99,	1,	10.0,	79.878,			2.866,			0.112,			0.053
100,	1,	7.0,	79.931,			1.391,			0.19,			0.056
101,	1,	7.0,	80.902,			2.643,			0.268,			0.056
102,	1,	13.0,	80.982,			1.078,			0.194,			0.052
103,	2,	122.0,	81.571,			13.908,			1.456,			0.121
104,	2,	88.0,	81.876,			12.964,			1.075,			0.176
105,	1,	7.0,	82.087,			1.84,			0.147,			0.054
106,	1,	7.0,	82.568,			1.591,			0.192,			0.059
107,	1,	146.0,	82.782,			1.61,			0.176,			0.056
108,	1,	6.0,	82.824,			1.031,			0.228,			0.057
109,	1,	44.0,	83.214,			2.625,			0.166,			0.05
110,	1,	90.0,	84.071,			2.757,			0.279,			0.05
111,	2,	121.0,	84.256,			12.357,			1.304,			0.19
112,	1,	10.0,	84.348,			1.364,			0.122,			0.051
113,	1,	387.0,	84.487,			1.532,			0.267,			0.055
114,	1,	120.0,	84.84,			2.984,			0.123,			0.058
115,	1,	447.0,	85.243,			1.581,			0.177,			0.051
116,	1,	49.0,	85.453,			2.579,			0.277,			0.058
117,	1,	103.0,	85.651,			1.009,			0.236,			0.059
118,	2,	166.0,	86.012,			12.815,			1.379,			0.108
119,	1,	44.0,	86.322,			1.626,			0.112,			0.058
120,	1,	146.0,	86.565,			2.358,			0.176,			0.054
121,	1,	447.0,	86.895,			2.534,			0.176,			0.052
122,	1,	6.0,	87.562,			1.811,			0.125,			0.056
123,	1,	10.0,	87.576,			1.025,			0.161,			0.054
124,	2,	127.0,	87.667,			11.533,			1.055,			0.104
125,	1,	214.0,	88.553,			1.841,			0.107,			0.056
126,	2,	136.0,	88.592,			14.658,			1.404,			0.106
127,	1,	44.0,	88.732,			1.496,			0.222,			0.059
128,	2,	219.0,	88.818,			13.266,			1.326,			0.122
129,	1,	44.0,	88.872,			1.204,			0.191,			0.056
130,	1,	6.0,	88.903,			1.145,			0.26,			0.052
131,	1,	95.0,	88.987,			1.155,			0.269,			0.057
132,	2,	280.0,	89.039,			12.435,			1.133,			0.176
133,	1,	44.0,	89.094,			1.601,			0.113,			0.06
134,	2,	238.0,	89.118,			10.118,			1.135,			0.123
135,	1,	146.0,	89.323,			1.119,			0.107,			0.05
136,	1,	10.0,	89.55,			1.393,			0.171,			0.06
137,	2,	154.0,	89.563,			13.369,			1.401,			0.172
138,	1,	49.0,	89.598,			2.381,			0.16,			0.056
139,	1,	95.0,	90.004,			2.548,			0.183,			0.059
140,	1,	7.0,	90.054,			1.663,			0.139,			0.052
141,	1,	559.0,	90.293,			2.088,			0.221,			0.053
142,	1,	44.0,	90.459,			2.454,			0.135,			0.055
143,	1,	120.0,	90.46,			1.99,			0.158,			0.055
144,	1,	10.0,	90.571,			1.086,			0.207,			0.053
145,	2,	150.0,	90.669,			11.966,			1.407,			0.107
146,	2,	144.0,	90.703,			13.135,			1.271,			0.148
147,	1,	7.0,	90.959,			2.407,			0.186,			0.057
148,	1,	559.0,	91.309,			2.678,			0.253,			0.055
149,	2,	110.0,	91.611,			12.162,			1.315,			0.183
150,	1,	30.0,	92.074,			1.252,			0.225,			0.054
151,	1,	28.0,	92.25,			1.403,			0.186,			0.053
152,	2,	126.0,	92.324,			12.357,			1.131,			0.195
153,	2,	125.0,	92.37,			10.27,			1.46,			0.137
154,	1,	28.0,	92.504,			1.417,			0.153,			0.058
155,	1,	7.0,	92.85,			2.038,			0.226,			0.052
156,	2,	156.0,	93.061,			11.885,			1.211,			0.107
157,	2,	172.0,	93.092,			10.16,			1.384,			0.176
158,	1,	103.0,	93.117,			2.983,			0.217,			0.051
159,	2,	140.0,	93.206,			12.271,			1.183,			0.137
160,	1,	44.0,	93.557,			1.631,			0.179,			0.051
161,	2,	119.0,	93.888,			12.357,			1.188,			0.111
162,	1,	559.0,	94.038,			1.597,			0.243,			0.057
163,	1,	28.0,	94.154,			1.776,			0.228,			0.057
164,	2,	121.0,	94.404,			14.722,			1.337,			0.104
165,	2,	96.0,	94.423,			12.741,			1.341,			0.141
166,	1,	146.0,	94.709,			1.172,			0.136,			0.055
167,	1,	7.0,	94.896,			1.158,			0.101,			0.058
168,	1,	120.0,	95.175,			1.486,			0.214,			0.055
169,	1,	10.0,	95.321,			2.013,			0.12,			0.053
170,	1,	447.0,	95.976,			1.279,			0.188,			0.058
171,	2,	160.0,	96.063,			14.023,			1.473,			0.199
172,	1,	157.0,	96.589,			2.695,			0.202,			0.056
173,	1,	387.0,	96.748,			1.395,			0.279,			0.058
174,	1,	13.0,	97.227,			1.59,			0.132,			0.058
175,	1,	120.0,	97.248,			1.669,			0.174,			0.06
176,	1,	7.0,	97.36,			1.671,			0.238,			0.052
177,	1,	7.0,	97.551,			1.908,			0.221,			0.057
178,	2,	109.0,	97.774,			11.764,			1.211,			0.104
179,	1,	49.0,	98.074,			1.511,			0.213,			0.059
180,	1,	16.0,	98.134,			2.489,			0.193,			0.057
181,	1,	59.0,	98.333,			2.757,			0.247,			0.058
182,	1,	559.0,	98.535,			2.525,			0.185,			0.056
183,	2,	191.0,	98.711,			14.804,			1.492,			0.166
184,	1,	6.0,	99.069,			1.029,			0.195,			0.058
185,	1,	512.0,	99.152,			2.779,			0.228,			0.051
186,	1,	387.0,	99.259,			1.031,			0.161,			0.05
187,	1,	146.0,	99.513,			1.043,			0.103,			0.059
188,	1,	7.0,	99.518,			1.025,			0.151,			0.056
189,	1,	95.0,	99.822,			1.921,			0.152,			0.054
190,	1,	30.0,	99.828,			1.908,			0.172,			0.059
191,	1,	214.0,	100.126,			1.08,			0.214,			0.056
192,	2,	147.0,	100.142,			11.611,			1.064,			0.152
193,	1,	10.0,	100.255,			2.151,			0.248,			0.058
194,	1,	95.0,	100.447,			1.422,			0.191,			0.056
195,	1,	498.0,	100.547,			2.616,			0.119,			0.051
196,	1,	120.0,	100.944,			1.761,			0.18,			0.06
197,	1,	559.0,	101.105,			1.915,			0.121,			0.052
198,	1,	6.0,	101.29,			2.541,			0.19,			0.055
199,	1,	7.0,	101.378,			1.575,			0.296,			0.054
200,	1,	559.0,	101.494,			2.404,			0.258,			0.052
201,	1,	28.0,	101.511,			2.08,			0.21,			0.055
202,	1,	7.0,	101.55,			1.965,			0.165,			0.051
203,	1,	59.0,	101.86,			2.606,			0.206,			0.055
204,	1,	387.0,	102.084,			1.501,			0.247,			0.058
205,	2,	264.0,	102.248,			14.087,			1.47,			0.125
206,	2,	233.0,	102.297,			11.449,			1.184,			0.134
207,	1,	95.0,	102.299,			2.606,			0.149,			0.058
208,	1,	13.0,	102.337,			1.515,			0.171,			0.052
209,	1,	59.0,	102.405,			1.477,			0.203,			0.052
210,	1,	146.0,	102.407,			1.157,			0.127,			0.053
211,	1,	6.0,	102.449,			2.326,			0.159,			0.05
212,	1,	44.0,	102.491,			2.198,			0.255,			0.052
213,	1,	214.0,	102.754,			1.243,			0.212,			0.054
214,	1,	157.0,	102.797,			2.936,			0.138,			0.058
215,	1,	30.0,	102.872,			1.631,			0.187,			0.053
216,	1,	59.0,	103.566,			2.52,			0.187,			0.06
217,	1,	498.0,	104.216,			1.816,			0.257,			0.055
218,	1,	6.0,	105.106,			2.498,			0.22,			0.057
219,	2,	73.0,	105.143,			13.298,			1.426,			0.126
220,	1,	7.0,	105.434,			2.122,			0.266,			0.06
221,	1,	379.0,	105.725,			2.748,			0.146,			0.052
222,	1,	30.0,	106.228,			2.004,			0.111,			0.059
223,	1,	7.0,	106.239,			1.566,			0.113,			0.058
224,	1,	103.0,	106.311,			2.454,			0.119,			0.056
225,	1,	157.0,	106.837,			1.988,			0.265,			0.054
226,	1,	447.0,	107.098,			1.447,			0.185,			0.055
227,	1,	512.0,	107.235,			2.548,			0.241,			0.055
228,	1,	498.0,	107.345,			2.681,			0.255,			0.053
229,	1,	44.0,	107.472,			1.589,			0.134,			0.055
230,	1,	13.0,	107.474,			1.924,			0.209,			0.052
231,	1,	49.0,	107.583,			2.2,			0.24,			0.055
232,	1,	7.0,	108.048,			1.984,			0.174,			0.051
233,	1,	6.0,	108.385,			1.121,			0.139,			0.057
234,	1,	103.0,	108.656,			1.4,			0.132,			0.055
235,	1,	7.0,	108.978,			1.515,			0.267,			0.057
236,	1,	379.0,	109.771,			2.366,			0.221,			0.058
237,	2,	269.0,	109.8,			12.546,			1.481,			0.195
238,	1,	7.0,	109.803,			2.627,			0.299,			0.052
239,	1,	498.0,	109.827,			1.46,			0.104,			0.056
240,	1,	7.0,	110.056,			1.402,			0.296,			0.051
241,	1,	49.0,	110.146,			1.039,			0.108,			0.056
242,	1,	447.0,	110.254,			2.153,			0.102,			0.057
243,	1,	16.0,	112.073,			1.963,			0.277,			0.054
244,	1,	126.0,	112.283,			2.03,			0.284,			0.052
245,	1,	379.0,	112.375,			1.009,			0.177,			0.059
246,	1,	103.0,	112.411,			2.991,			0.176,			0.051
247,	1,	49.0,	112.497,			1.46,			0.202,			0.054
248,	1,	28.0,	112.751,			2.864,			0.295,			0.054
249,	1,	146.0,	112.827,			2.706,			0.125,			0.055
250,	2,	155.0,	113.153,			12.271,			1.445,			0.167
251,	1,	44.0,	113.155,			2.073,			0.182,			0.059
252,	1,	498.0,	113.42,			2.56,			0.151,			0.055
253,	1,	103.0,	113.476,			1.028,			0.168,			0.054
254,	1,	49.0,	113.626,			2.889,			0.278,			0.055
255,	1,	7.0,	113.695,			1.277,			0.272,			0.055
256,	1,	95.0,	113.748,			1.256,			0.229,			0.052
257,	1,	6.0,	113.795,			1.158,			0.21,			0.056
258,	1,	49.0,	113.892,			2.497,			0.132,			0.059
259,	1,	59.0,	114.008,			2.78,			0.149,			0.052
260,	1,	30.0,	114.073,			2.852,			0.165,			0.057
261,	1,	44.0,	114.153,			1.291,			0.119,			0.054
262,	1,	103.0,	114.174,			1.192,			0.238,			0.054
263,	1,	7.0,	114.229,			1.095,			0.173,			0.051
264,	1,	30.0,	114.399,			1.67,			0.107,			0.058
265,	1,	95.0,	114.621,			1.35,			0.146,			0.051
266,	1,	59.0,	114.801,			1.13,			0.298,			0.059
267,	1,	512.0,	114.911,			1.742,			0.279,			0.051
268,	1,	59.0,	115.185,			1.965,			0.244,			0.052
269,	2,	132.0,	115.238,			14.154,			1.456,			0.154
270,	1,	44.0,	115.431,			1.935,			0.17,			0.054
271,	1,	28.0,	115.551,			1.283,			0.268,			0.054
272,	1,	7.0,	115.761,			1.356,			0.198,			0.06
273,	1,	126.0,	115.768,			2.751,			0.242,			0.051
274,	1,	59.0,	116.088,			2.636,			0.107,			0.057
275,	1,	447.0,	116.117,			2.58,			0.124,			0.055
276,	2,	230.0,	116.144,			14.127,			1.23,			0.114
277,	1,	16.0,	116.414,			2.789,			0.177,			0.059
278,	1,	30.0,	116.688,			1.111,			0.224,			0.059
279,	1,	10.0,	116.762,			2.751,			0.219,			0.053
280,	2,	240.0,	116.824,			12.393,			1.402,			0.125
281,	1,	95.0,	116.853,			1.886,			0.116,			0.054
282,	1,	10.0,	116.991,			1.688,			0.237,			0.051
283,	1,	447.0,	117.331,			1.226,			0.275,			0.06
284,	1,	7.0,	117.502,			1.607,			0.175,			0.056
285,	1,	126.0,	117.679,			2.051,			0.231,			0.051
286,	1,	6.0,	117.904,			1.07,			0.151,			0.057
287,	1,	498.0,	118.012,			2.057,			0.174,			0.057
288,	1,	10.0,	118.118,			2.055,			0.112,			0.05
289,	2,	192.0,	118.503,			10.374,			1.305,			0.175
290,	1,	103.0,	118.938,			2.235,			0.156,			0.051
291,	1,	103.0,	118.942,			2.127,			0.191,			0.057
292,	1,	157.0,	119.03,			2.776,			0.278,			0.052
293,	1,	10.0,	119.112,			1.168,			0.131,			0.057
294,	1,	126.0,	119.351,			1.833,			0.121,			0.055
295,	1,	7.0,	119.383,			2.935,			0.177,			0.053
296,	1,	120.0,	119.611,			1.031,			0.133,			0.054
297,	1,	7.0,	119.823,			1.07,			0.293,			0.053
298,	1,	44.0,	119.891,			2.802,			0.159,			0.055
299,	1,	120.0,	119.894,			2.685,			0.189,			0.055
300,	1,	6.0,	119.905,			1.531,			0.146,			0.052
301,	1,	379.0,	120.127,			2.973,			0.146,			0.057
302,	1,	120.0,	120.638,			1.801,			0.129,			0.054
303,	1,	498.0,	120.9,			1.981,			0.124,			0.053
304,	1,	379.0,	120.985,			1.27,			0.126,			0.057
305,	1,	169.0,	121.105,			1.402,			0.221,			0.057
306,	1,	387.0,	121.13,			2.461,			0.189,			0.054
307,	1,	120.0,	121.14,			2.675,			0.268,			0.053
308,	1,	6.0,	121.262,			1.367,			0.277,			0.055
309,	1,	90.0,	121.281,			2.176,			0.107,			0.05
310,	1,	387.0,	121.357,			1.728,			0.121,			0.051
311,	1,	126.0,	121.444,			1.525,			0.24,			0.06
312,	1,	95.0,	121.53,			1.835,			0.265,			0.052
313,	1,	146.0,	121.93,			1.589,			0.245,			0.055
314,	1,	7.0,	122.298,			2.323,			0.124,			0.059
315,	1,	126.0,	122.33,			2.772,			0.14,			0.059
316,	1,	59.0,	122.381,			1.011,			0.247,			0.057
317,	1,	49.0,	122.418,			2.532,			0.288,			0.058
318,	1,	214.0,	122.486,			1.391,			0.189,			0.057
319,	1,	559.0,	122.508,			2.935,			0.162,			0.057
320,	1,	146.0,	122.586,			1.111,			0.185,			0.053
321,	1,	49.0,	122.652,			1.423,			0.141,			0.055
322,	1,	6.0,	122.662,			1.009,			0.284,			0.06
323,	1,	447.0,	122.772,			1.81,			0.145,			0.055
324,	1,	44.0,	122.784,			2.491,			0.214,			0.056
325,	1,	44.0,	122.89,			1.542,			0.278,			0.054
326,	1,	157.0,	123.194,			2.123,			0.124,			0.051
327,	1,	49.0,	123.486,			2.798,			0.127,			0.056
328,	1,	13.0,	123.611,			1.128,			0.14,			0.051
329,	1,	103.0,	123.644,			2.598,			0.27,			0.053
330,	1,	7.0,	123.957,			2.143,			0.162,			0.051
331,	1,	59.0,	124.155,			2.198,			0.27,			0.054
332,	1,	7.0,	124.267,			1.115,			0.169,			0.06
333,	1,	120.0,	124.598,			1.968,			0.212,			0.056
334,	1,	7.0,	124.943,			2.351,			0.226,			0.054
335,	1,	10.0,	124.973,			1.838,			0.186,			0.055
336,	1,	7.0,	124.974,			2.581,			0.106,			0.058
337,	1,	157.0,	125.878,			2.901,			0.179,			0.053
338,	1,	90.0,	126.273,			2.454,			0.106,			0.058
339,	1,	559.0,	126.334,			1.844,			0.232,			0.059
340,	1,	498.0,	126.59,			1.79,			0.149,			0.052
341,	2,	113.0,	126.719,			11.971,			1.232,			0.196
342,	1,	28.0,	126.787,			1.103,			0.259,			0.052
343,	1,	7.0,	126.869,			1.287,			0.121,			0.052
344,	1,	10.0,	126.957,			1.816,			0.293,			0.055
345,	1,	44.0,	127.035,			1.188,			0.16,			0.059
346,	2,	115.0,	127.043,			11.591,			1.117,			0.151
347,	1,	214.0,	127.162,			2.569,			0.249,			0.055
348,	2,	35.0,	127.346,			11.539,			1.39,			0.169
349,	2,	69.0,	127.379,			13.784,			1.253,			0.11
350,	1,	13.0,	127.692,			1.86,			0.162,			0.06
351,	2,	92.0,	127.698,			14.564,			1.491,			0.148
352,	2,	273.0,	128.131,			13.478,			1.161,			0.136
353,	1,	498.0,	128.246,			1.204,			0.146,			0.056
354,	1,	103.0,	128.543,			1.835,			0.212,			0.053
355,	1,	90.0,	128.817,			1.303,			0.29,			0.054
356,	1,	214.0,	128.858,			1.316,			0.272,			0.053
357,	1,	126.0,	128.873,			1.232,			0.202,			0.054
358,	1,	447.0,	128.962,			1.188,			0.237,			0.059
359,	1,	169.0,	128.989,			2.479,			0.133,			0.059
360,	1,	13.0,	128.997,			1.684,			0.106,			0.057
361,	1,	6.0,	129.42,			1.432,			0.25,			0.051
362,	1,	16.0,	129.736,			2.345,			0.136,			0.059
363,	1,	214.0,	129.798,			1.287,			0.292,			0.058
364,	1,	59.0,	129.836,			1.12,			0.238,			0.057
365,	1,	498.0,	129.859,			1.709,			0.233,			0.052
366,	1,	44.0,	129.887,			2.013,			0.26,			0.056
367,	1,	447.0,	130.105,			2.424,			0.215,			0.054
368,	1,	59.0,	130.207,			1.875,			0.185,			0.051
369,	1,	7.0,	130.299,			1.245,			0.153,			0.059
370,	1,	95.0,	130.382,			2.184,			0.271,			0.053
371,	1,	6.0,	130.391,			1.086,			0.29,			0.058
372,	1,	214.0,	130.528,			2.301,			0.222,			0.059
373,	1,	6.0,	130.642,			2.087,			0.11,			0.058
374,	1,	559.0,	130.712,			1.756,			0.174,			0.053
375,	1,	559.0,	130.892,			2.385,			0.2,			0.06
376,	1,	157.0,	131.296,			2.601,			0.157,			0.053
377,	1,	28.0,	131.345,			1.426,			0.103,			0.054
378,	1,	30.0,	131.396,			2.621,			0.198,			0.051
379,	1,	379.0,	131.647,			2.479,			0.177,			0.056
380,	1,	120.0,	131.789,			1.031,			0.293,			0.06
381,	1,	44.0,	131.805,			1.168,			0.215,			0.052
382,	1,	103.0,	131.868,			1.007,			0.12,			0.052
383,	2,	140.0,	132.066,			11.753,			1.364,			0.131
384,	1,	90.0,	132.209,			2.797,			0.26,			0.056
385,	1,	16.0,	132.231,			2.973,			0.29,			0.059
386,	1,	103.0,	132.308,			2.684,			0.275,			0.057
387,	1,	7.0,	132.564,			1.486,			0.217,			0.06
388,	1,	498.0,	132.722,			2.14,			0.237,			0.053
389,	1,	379.0,	132.834,			1.864,			0.136,			0.055
390,	1,	7.0,	133.028,			1.786,			0.192,			0.058
391,	1,	6.0,	133.204,			2.031,			0.222,			0.05
392,	1,	10.0,	133.25,			2.461,			0.231,			0.054
393,	1,	126.0,	133.278,			1.601,			0.131,			0.057
394,	1,	10.0,	133.372,			2.249,			0.297,			0.06
395,	1,	146.0,	134.187,			1.164,			0.142,			0.059
396,	1,	126.0,	134.209,			2.852,			0.13,			0.054
397,	1,	126.0,	134.754,			2.346,			0.215,			0.059
398,	1,	6.0,	134.759,			1.639,			0.158,			0.056
399,	1,	214.0,	134.819,			1.941,			0.228,			0.059
400,	1,	120.0,	134.885,			1.285,			0.103,			0.051
401,	1,	10.0,	135.239,			2.092,			0.127,			0.058
402,	1,	512.0,	135.31,			1.731,			0.27,			0.055
403,	1,	7.0,	135.583,			1.178,			0.184,			0.058
404,	1,	120.0,	135.669,			2.143,			0.121,			0.055
405,	1,	10.0,	136.037,			1.4,			0.247,			0.059
406,	1,	10.0,	136.068,			1.406,			0.151,			0.06
407,	1,	103.0,	136.16,			2.922,			0.154,			0.058
408,	1,	49.0,	136.175,			2.321,			0.24,			0.052
409,	1,	44.0,	136.289,			2.549,			0.135,			0.054
410,	1,	59.0,	136.454,			2.798,			0.297,			0.06
411,	1,	447.0,	136.523,			1.095,			0.185,			0.053
412,	1,	44.0,	136.795,			1.35,			0.114,			0.051
413,	1,	44.0,	137.033,			2.298,			0.129,			0.058
414,	2,	224.0,	137.363,			14.12,			1.03,			0.118
415,	2,	160.0,	137.466,			14.372,			1.393,			0.183
416,	1,	157.0,	137.543,			2.486,			0.155,			0.057
417,	1,	559.0,	137.655,			2.238,			0.245,			0.059
418,	1,	7.0,	137.726,			1.663,			0.227,			0.051
419,	1,	7.0,	137.742,			1.703,			0.172,			0.058
420,	1,	559.0,	137.745,			1.128,			0.242,			0.052
421,	1,	44.0,	137.772,			2.99,			0.212,			0.052
422,	1,	498.0,	137.99,			1.455,			0.243,			0.055
423,	1,	7.0,	138.37,			1.811,			0.249,			0.058
424,	1,	7.0,	138.46,			1.128,			0.217,			0.051
425,	1,	49.0,	138.866,			1.325,			0.142,			0.052
426,	1,	157.0,	139.082,			1.376,			0.184,			0.058
427,	1,	30.0,	139.166,			1.095,			0.288,			0.053
428,	1,	214.0,	139.355,			1.322,			0.116,			0.051
429,	1,	10.0,	139.464,			2.524,			0.139,			0.057
430,	1,	103.0,	139.885,			2.691,			0.158,			0.059
431,	1,	214.0,	140.108,			1.525,			0.202,			0.054
432,	1,	7.0,	140.202,			2.634,			0.107,			0.054
433,	2,	117.0,	140.304,			13.222,			1.013,			0.133
434,	1,	49.0,	140.499,			2.969,			0.225,			0.053
435,	1,	7.0,	140.645,			1.322,			0.18,			0.052
436,	1,	169.0,	141.095,			2.366,			0.237,			0.054
437,	1,	447.0,	141.434,			2.284,			0.256,			0.051
438,	2,	147.0,	141.535,			10.481,			1.458,			0.128
439,	1,	559.0,	141.667,			2.638,			0.124,			0.06
440,	1,	44.0,	141.783,			2.074,			0.233,			0.051
441,	1,	512.0,	141.791,			1.822,			0.119,			0.05
442,	1,	28.0,	141.898,			1.247,			0.16,			0.057
443,	1,	13.0,	141.997,			1.515,			0.13,			0.054
444,	1,	387.0,	142.051,			1.653,			0.17,			0.055
445,	1,	103.0,	142.063,			1.484,			0.287,			0.057
446,	1,	559.0,	142.226,			1.501,			0.216,			0.058
447,	1,	90.0,	142.541,			1.215,			0.21,			0.057
448,	1,	49.0,	142.571,			1.942,			0.161,			0.059
449,	2,	99.0,	142.652,			13.911,			1.326,			0.104
450,	1,	13.0,	143.012,			2.465,			0.217,			0.058
451,	2,	294.0,	143.013,			13.837,			1.131,			0.117
452,	1,	16.0,	143.361,			1.26,			0.133,			0.06
453,	1,	120.0,	143.444,			2.412,			0.166,			0.054
454,	1,	512.0,	143.477,			2.879,			0.278,			0.051
455,	1,	28.0,	143.524,			2.057,			0.268,			0.059
456,	1,	7.0,	143.561,			1.447,			0.133,			0.053
457,	1,	512.0,	143.653,			1.153,			0.226,			0.059
458,	1,	512.0,	143.778,			2.412,			0.268,			0.053
459,	1,	126.0,	143.806,			1.924,			0.148,			0.051
460,	1,	13.0,	143.853,			1.186,			0.139,			0.054
461,	1,	157.0,	143.996,			2.681,			0.281,			0.057
462,	2,	81.0,	144.001,			13.05,			1.12,			0.135
463,	1,	126.0,	144.265,			1.625,			0.232,			0.056
464,	2,	136.0,	144.273,			10.666,			1.203,			0.197
465,	1,	95.0,	144.388,			1.981,			0.225,			0.054
466,	1,	7.0,	144.51,			2.623,			0.218,			0.051
467,	1,	120.0,	144.601,			1.838,			0.205,			0.055
468,	1,	387.0,	144.849,			1.962,			0.185,			0.057
469,	1,	95.0,	144.932,			1.821,			0.133,			0.056
470,	1,	512.0,	145.547,			1.247,			0.104,			0.051
471,	2,	143.0,	145.552,			14.33,			1.384,			0.118
472,	1,	126.0,	145.564,			1.9,			0.165,			0.058
473,	1,	559.0,	145.864,			2.358,			0.204,			0.056
474,	1,	7.0,	145.878,			1.64,			0.244,			0.056
475,	1,	447.0,	145.949,			2.265,			0.128,			0.051
476,	1,	559.0,	146.037,			2.813,			0.291,			0.054
477,	1,	7.0,	146.459,			1.091,			0.212,			0.053
478,	2,	133.0,	146.464,			13.05,			1.483,			0.17
479,	1,	103.0,	146.638,			2.377,			0.211,			0.052
480,	1,	6.0,	146.642,			2.237,			0.2,			0.055
481,	1,	157.0,	146.681,			1.303,			0.203,			0.051
482,	2,	177.0,	147.03,			11.994,			1.491,			0.179
483,	1,	44.0,	147.056,			1.581,			0.29,			0.057
484,	1,	387.0,	147.062,			2.173,			0.239,			0.052
485,	1,	379.0,	147.343,			1.283,			0.102,			0.057
486,	1,	44.0,	147.559,			1.358,			0.227,			0.059
487,	1,	6.0,	147.884,			2.226,			0.116,			0.055
488,	1,	103.0,	147.887,			1.551,			0.234,			0.059
489,	1,	214.0,	147.957,			2.78,			0.299,			0.051
490,	1,	90.0,	148.031,			2.632,			0.29,			0.051
491,	1,	6.0,	148.31,			2.556,			0.29,			0.057
492,	1,	44.0,	148.368,			2.911,			0.161,			0.059
493,	1,	7.0,	148.395,			1.698,			0.163,			0.056
494,	1,	10.0,	148.409,			1.303,			0.101,			0.054
495,	1,	157.0,	148.556,			1.933,			0.279,			0.056
496,	1,	7.0,	148.683,			2.09,			0.165,			0.057
497,	1,	7.0,	148.787,			2.776,			0.103,			0.051
498,	1,	169.0,	148.91,			1.883,			0.177,			0.06
499,	1,	44.0,	148.956,			1.625,			0.231,			0.057
500,	1,	13.0,	148.989,			1.13,			0.269,			0.057
501,	1,	498.0,	149.157,			2.198,			0.215,			0.059
502,	2,	338.0,	149.356,			11.429,			1.442,			0.164
503,	1,	7.0,	149.584,			1.204,			0.214,			0.052
504,	1,	44.0,	149.649,			2.199,			0.259,			0.053
505,	1,	10.0,	149.795,			2.103,			0.142,			0.052
506,	1,	59.0,	149.796,			2.576,			0.198,			0.056
507,	1,	6.0,	149.891,			1.684,			0.167,			0.052
508,	1,	49.0,	149.972,			2.122,			0.298,			0.055
509,	1,	28.0,	149.986,			1.932,			0.181,			0.052
510,	1,	7.0,	150.167,			1.807,			0.257,			0.053
511,	1,	30.0,	150.197,			2.349,			0.214,			0.051
512,	1,	6.0,	150.281,			2.173,			0.14,			0.057
513,	2,	286.0,	150.608,			13.648,			1.426,			0.198
514,	1,	30.0,	150.96,			1.669,			0.185,			0.054
515,	1,	90.0,	151.083,			2.346,			0.19,			0.056
516,	1,	6.0,	151.437,			1.447,			0.235,			0.05
517,	1,	387.0,	151.63,			2.645,			0.147,			0.058
518,	1,	7.0,	151.633,			2.407,			0.131,			0.059
519,	1,	169.0,	152.718,			2.991,			0.249,			0.06
520,	1,	7.0,	152.798,			2.393,			0.125,			0.058
521,	1,	10.0,	152.97,			2.631,			0.141,			0.054
522,	1,	7.0,	153.044,			1.807,			0.202,			0.058
523,	1,	90.0,	153.124,			1.428,			0.291,			0.055
524,	1,	16.0,	153.149,			2.288,			0.223,			0.056
525,	1,	146.0,	153.186,			2.865,			0.146,			0.056
526,	2,	133.0,	153.594,			11.819,			1.4,			0.108
527,	1,	6.0,	153.601,			2.712,			0.125,			0.056
528,	1,	44.0,	153.946,			1.166,			0.225,			0.057
529,	2,	197.0,	154.243,			12.902,			1.086,			0.132
530,	1,	512.0,	154.346,			2.031,			0.297,			0.056
531,	1,	6.0,	154.391,			2.751,			0.176,			0.056
532,	1,	6.0,	154.534,			2.305,			0.299,			0.051
533,	1,	7.0,	154.777,			2.199,			0.284,			0.06
534,	1,	49.0,	155.006,			1.791,			0.153,			0.054
535,	2,	206.0,	155.266,			11.247,			1.273,			0.103
536,	1,	7.0,	155.653,			2.498,			0.151,			0.059
537,	1,	90.0,	155.918,			1.624,			0.29,			0.058
538,	1,	30.0,	156.092,			1.406,			0.252,			0.058
539,	1,	6.0,	156.129,			1.07,			0.212,			0.052
540,	1,	169.0,	156.135,			2.415,			0.241,			0.051
541,	1,	447.0,	156.2,			2.832,			0.286,			0.056
542,	1,	30.0,	156.269,			1.027,			0.112,			0.058
543,	1,	498.0,	156.375,			1.391,			0.107,			0.051
544,	1,	498.0,	156.425,			1.701,			0.22,			0.059
545,	2,	208.0,	156.466,			11.557,			1.322,			0.12
546,	1,	13.0,	156.63,			1.009,			0.18,			0.059
547,	1,	6.0,	156.695,			2.622,			0.192,			0.059
548,	1,	447.0,	156.966,			1.969,			0.137,			0.057
549,	1,	7.0,	157.189,			2.298,			0.15,			0.056
550,	1,	7.0,	157.302,			1.164,			0.247,			0.053
551,	1,	44.0,	157.62,			2.635,			0.199,			0.057
552,	1,	44.0,	157.753,			2.647,			0.263,			0.054
553,	1,	44.0,	157.93,			1.158,			0.269,			0.052
554,	1,	169.0,	157.998,			1.921,			0.298,			0.051
555,	1,	16.0,	158.153,			2.36,			0.158,			0.053
556,	1,	7.0,	158.296,			1.162,			0.125,			0.056
557,	1,	44.0,	158.348,			1.119,			0.256,			0.051
558,	1,	169.0,	158.567,			2.057,			0.144,			0.056
559,	1,	447.0,	158.582,			1.927,			0.166,			0.054
560,	1,	28.0,	158.651,			1.752,			0.257,			0.059
561,	1,	214.0,	158.86,			2.143,			0.112,			0.053
562,	1,	6.0,	158.966,			2.954,			0.254,			0.055
563,	1,	214.0,	159.02,			1.151,			0.123,			0.052
564,	1,	559.0,	159.167,			1.121,			0.279,			0.052
565,	1,	157.0,	159.431,			1.709,			0.217,			0.053
566,	1,	49.0,	159.479,			1.166,			0.152,			0.054
567,	1,	387.0,	159.501,			2.369,			0.166,			0.054
568,	1,	28.0,	159.585,			1.828,			0.167,			0.055
569,	1,	387.0,	159.664,			1.631,			0.184,			0.052
570,	1,	126.0,	159.675,			2.322,			0.172,			0.053
571,	1,	103.0,	160.06,			2.055,			0.2,			0.052
572,	1,	387.0,	160.061,			2.092,			0.27,			0.05
573,	1,	103.0,	160.208,			2.366,			0.221,			0.054
574,	1,	146.0,	160.433,			1.541,			0.102,			0.051
575,	1,	95.0,	160.553,			1.435,			0.237,			0.058
576,	1,	512.0,	160.57,			1.822,			0.219,			0.059
577,	1,	10.0,	160.592,			2.149,			0.195,			0.051
578,	2,	70.0,	160.829,			14.513,			1.012,			0.18
579,	1,	30.0,	160.882,			2.768,			0.161,			0.052
580,	1,	90.0,	160.926,			2.252,			0.297,			0.051
581,	1,	120.0,	161.006,			1.146,			0.223,			0.054
582,	1,	498.0,	161.007,			1.67,			0.183,			0.057
583,	1,	13.0,	161.172,			1.929,			0.27,			0.059
584,	1,	59.0,	161.72,			1.612,			0.236,			0.059
585,	1,	447.0,	161.933,			2.098,			0.242,			0.06
586,	1,	13.0,	162.247,			1.663,			0.161,			0.051
587,	1,	559.0,	162.592,			1.489,			0.126,			0.053
588,	1,	126.0,	162.849,			2.167,			0.217,			0.053
589,	1,	90.0,	162.986,			1.941,			0.119,			0.055
590,	1,	7.0,	163.197,			1.807,			0.227,			0.059
591,	2,	84.0,	163.291,			12.815,			1.025,			0.136
592,	1,	7.0,	163.431,			1.575,			0.269,			0.052
593,	1,	387.0,	163.533,			1.386,			0.254,			0.059
594,	1,	10.0,	163.674,			2.436,			0.159,			0.051
595,	1,	44.0,	163.794,			1.843,			0.182,			0.054
596,	1,	28.0,	164.006,			1.566,			0.14,			0.058
597,	1,	13.0,	164.196,			1.682,			0.259,			0.054
598,	1,	103.0,	164.234,			2.936,			0.206,			0.057
599,	1,	13.0,	164.466,			1.915,			0.112,			0.054
600,	1,	146.0,	164.687,			2.497,			0.124,			0.053
601,	1,	44.0,	164.924,			2.252,			0.137,			0.054
602,	1,	13.0,	164.957,			1.489,			0.141,			0.055
603,	1,	30.0,	165.106,			2.241,			0.272,			0.058
604,	1,	30.0,	165.158,			1.883,			0.176,			0.055
605,	1,	28.0,	165.234,			2.184,			0.153,			0.053
606,	1,	157.0,	165.259,			2.879,			0.162,			0.059
607,	1,	49.0,	165.408,			1.921,			0.288,			0.06
608,	1,	44.0,	165.411,			1.982,			0.113,			0.056
609,	1,	214.0,	166.384,			2.446,			0.115,			0.056
610,	1,	157.0,	166.472,			2.103,			0.178,			0.052
611,	2,	190.0,	166.956,			10.659,			1.128,			0.167
612,	1,	169.0,	166.971,			2.991,			0.268,			0.056
613,	1,	90.0,	167.132,			2.675,			0.284,			0.054
614,	1,	6.0,	167.418,			1.655,			0.129,			0.059
615,	1,	7.0,	167.445,			1.119,			0.235,			0.055
616,	1,	7.0,	167.609,			1.383,			0.134,			0.055
617,	1,	7.0,	167.648,			2.879,			0.291,			0.057
618,	1,	387.0,	167.722,			1.99,			0.142,			0.052
619,	1,	214.0,	167.924,			1.625,			0.277,			0.053
620,	1,	95.0,	167.98,			1.859,			0.23,			0.06
621,	1,	214.0,	167.991,			1.168,			0.119,			0.052
622,	1,	214.0,	168.129,			1.582,			0.186,			0.054
623,	1,	387.0,	168.134,			2.838,			0.289,			0.054
624,	1,	44.0,	168.323,			2.286,			0.177,			0.052
625,	1,	16.0,	168.637,			1.148,			0.128,			0.056
626,	1,	44.0,	168.812,			1.578,			0.187,			0.058
627,	1,	49.0,	169.058,			1.134,			0.232,			0.053
628,	1,	169.0,	169.249,			1.61,			0.139,			0.056
629,	1,	49.0,	169.266,			2.268,			0.23,			0.051
630,	1,	379.0,	169.313,			1.039,			0.179,			0.055
631,	1,	559.0,	169.338,			1.706,			0.199,			0.053
632,	1,	559.0,	169.352,			1.878,			0.242,			0.055
633,	1,	10.0,	169.353,			2.714,			0.25,			0.055
634,	1,	146.0,	169.357,			1.014,			0.289,			0.056
635,	1,	447.0,	169.367,			1.653,			0.248,			0.052
636,	1,	169.0,	169.423,			2.632,			0.186,			0.05
637,	1,	7.0,	169.528,			1.625,			0.286,			0.06
638,	1,	10.0,	169.716,			2.122,			0.285,			0.058
639,	1,	214.0,	169.72,			1.73,			0.279,			0.052
640,	1,	214.0,	169.81,			1.716,			0.279,			0.058
641,	1,	10.0,	169.853,			2.479,			0.282,			0.053
642,	1,	146.0,	170.138,			1.575,			0.2,			0.058
643,	1,	512.0,	170.286,			2.345,			0.186,			0.056
644,	1,	7.0,	170.38,			1.509,			0.27,			0.055
645,	2,	138.0,	170.473,			14.903,			1.289,			0.177
646,	1,	59.0,	170.531,			2.303,			0.258,			0.051
647,	2,	168.0,	170.538,			14.39,			1.133,			0.105
648,	1,	90.0,	170.558,			1.343,			0.114,			0.058
649,	1,	44.0,	170.889,			2.881,			0.281,			0.057
650,	1,	49.0,	171.045,			1.756,			0.121,			0.058
651,	1,	30.0,	171.118,			1.071,			0.223,			0.054
652,	1,	559.0,	171.293,			1.105,			0.284,			0.053
653,	1,	90.0,	171.345,			2.301,			0.103,			0.052
654,	2,	105.0,	171.448,			10.895,			1.392,			0.138
655,	1,	30.0,	171.484,			2.265,			0.238,			0.055
656,	1,	379.0,	171.529,			2.686,			0.108,			0.055
657,	1,	214.0,	171.873,			2.004,			0.119,			0.055
658,	1,	146.0,	171.933,			2.223,			0.234,			0.055
659,	1,	10.0,	172.001,			1.277,			0.17,			0.05
660,	1,	28.0,	172.473,			1.982,			0.152,			0.057
661,	2,	173.0,	173.384,			10.587,			1.301,			0.116
662,	2,	143.0,	173.457,			13.106,			1.192,			0.105
663,	1,	169.0,	173.789,			2.598,			0.164,			0.059
664,	1,	120.0,	173.836,			2.346,			0.249,			0.05
665,	1,	120.0,	173.843,			1.996,			0.219,			0.054
666,	2,	199.0,	174.044,			10.586,			1.071,			0.114
667,	1,	44.0,	174.088,			2.027,			0.187,			0.057
668,	1,	7.0,	174.123,			2.968,			0.17,			0.055
669,	2,	268.0,	174.161,			12.787,			1.025,			0.147
670,	1,	30.0,	174.397,			2.637,			0.133,			0.05
671,	1,	16.0,	174.422,			2.659,			0.174,			0.058
672,	1,	387.0,	174.625,			2.323,			0.29,			0.054
673,	1,	379.0,	174.653,			1.728,			0.231,			0.051
674,	1,	7.0,	174.698,			1.869,			0.113,			0.055
675,	1,	157.0,	174.714,			1.876,			0.125,			0.058
676,	1,	7.0,	174.739,			1.742,			0.142,			0.056
677,	1,	126.0,	174.972,			1.825,			0.263,			0.058
678,	1,	512.0,	174.981,			1.014,			0.252,			0.054
679,	1,	498.0,	175.417,			2.91,			0.122,			0.057
680,	1,	6.0,	175.423,			1.749,			0.297,			0.055
681,	1,	44.0,	175.549,			1.024,			0.202,			0.052
682,	1,	387.0,	175.636,			2.151,			0.131,			0.059
683,	1,	59.0,	176.136,			2.838,			0.287,			0.054
684,	1,	120.0,	176.231,			1.303,			0.176,			0.051
685,	1,	13.0,	176.589,			2.5,			0.182,			0.05
686,	1,	28.0,	176.608,			1.869,			0.118,			0.06
687,	1,	90.0,	176.933,			2.655,			0.208,			0.059
688,	1,	379.0,	176.952,			1.531,			0.248,			0.059
689,	1,	16.0,	177.078,			2.068,			0.126,			0.056
690,	1,	44.0,	177.293,			2.02,			0.182,			0.056
691,	1,	512.0,	177.385,			1.491,			0.152,			0.059
692,	1,	157.0,	177.475,			2.449,			0.198,			0.058
693,	1,	387.0,	177.812,			2.237,			0.124,			0.056
694,	1,	16.0,	177.877,			1.607,			0.298,			0.054
695,	1,	13.0,	178.002,			2.304,			0.223,			0.057
696,	1,	559.0,	178.191,			2.143,			0.141,			0.052
697,	1,	103.0,	178.21,			1.279,			0.27,			0.054
698,	1,	10.0,	178.486,			1.639,			0.214,			0.051
699,	1,	387.0,	178.493,			1.391,			0.223,			0.056
700,	1,	512.0,	178.502,			2.048,			0.256,			0.059
701,	1,	512.0,	178.524,			1.596,			0.241,			0.052
702,	1,	44.0,	178.565,			2.479,			0.242,			0.051
703,	1,	498.0,	178.588,			2.153,			0.283,			0.052
704,	2,	266.0,	178.738,			10.777,			1.365,			0.17
705,	1,	120.0,	178.768,			1.394,			0.162,			0.058
706,	1,	214.0,	178.772,			1.091,			0.236,			0.06
707,	1,	7.0,	178.821,			1.732,			0.175,			0.057
708,	1,	44.0,	179.146,			1.051,			0.174,			0.051
709,	2,	261.0,	179.154,			13.168,			1.233,			0.104
710,	1,	59.0,	179.264,			1.225,			0.258,			0.052
711,	2,	110.0,	179.328,			12.973,			1.166,			0.14
712,	1,	10.0,	179.33,			2.725,			0.195,			0.051
713,	1,	387.0,	179.468,			1.996,			0.268,			0.053
714,	1,	13.0,	179.499,			1.467,			0.117,			0.056
715,	1,	498.0,	179.597,			2.798,			0.238,			0.053
716,	1,	447.0,	179.738,			1.126,			0.194,			0.052
717,	1,	126.0,	179.849,			1.733,			0.1,			0.051
718,	1,	498.0,	180.016,			2.753,			0.267,			0.054
719,	1,	214.0,	180.071,			2.675,			0.131,			0.056
720,	1,	6.0,	180.431,			2.418,			0.185,			0.056
721,	1,	59.0,	180.456,			1.447,			0.17,			0.055
722,	1,	387.0,	180.51,			1.225,			0.17,			0.052
723,	1,	103.0,	180.878,			2.273,			0.278,			0.055
724,	1,	157.0,	181.154,			2.984,			0.107,			0.055
725,	2,	263.0,	181.425,			11.722,			1.029,			0.183
726,	1,	379.0,	181.608,			2.226,			0.145,			0.05
727,	2,	126.0,	181.628,			13.106,			1.35,			0.139
728,	1,	498.0,	181.696,			1.031,			0.291,			0.051
729,	1,	103.0,	181.778,			1.146,			0.109,			0.05
730,	1,	7.0,	181.797,			1.702,			0.203,			0.053
731,	1,	44.0,	181.811,			1.134,			0.116,			0.054
732,	1,	7.0,	181.84,			2.709,			0.199,			0.051
733,	1,	28.0,	181.967,			1.553,			0.125,			0.057
734,	1,	7.0,	182.101,			2.576,			0.12,			0.051
735,	2,	235.0,	182.364,			10.39,			1.406,			0.179
736,	1,	498.0,	182.614,			1.998,			0.131,			0.055
737,	1,	44.0,	182.667,			2.509,			0.17,			0.057
738,	1,	157.0,	182.765,			2.412,			0.152,			0.058
739,	1,	447.0,	182.909,			2.09,			0.2,			0.06
740,	1,	49.0,	183.136,			2.955,			0.127,			0.053
741,	1,	59.0,	183.235,			2.8,			0.231,			0.059
742,	1,	157.0,	183.482,			1.282,			0.212,			0.059
743,	2,	227.0,	183.655,			10.751,			1.484,			0.121
744,	1,	49.0,	184.351,			1.256,			0.268,			0.055
745,	1,	103.0,	184.377,			1.403,			0.216,			0.054
746,	2,	96.0,	184.437,			10.902,			1.374,			0.113
747,	1,	7.0,	184.516,			2.424,			0.182,			0.056
748,	1,	146.0,	184.561,			2.787,			0.147,			0.059
749,	1,	44.0,	184.626,			2.01,			0.291,			0.051
750,	2,	183.0,	184.781,			11.186,			1.374,			0.104
751,	1,	16.0,	184.83,			1.434,			0.128,			0.057
752,	1,	95.0,	184.972,			2.567,			0.142,			0.057
753,	1,	16.0,	185.007,			1.643,			0.132,			0.058
754,	1,	120.0,	185.023,			2.714,			0.211,			0.053
755,	1,	90.0,	185.111,			1.366,			0.186,			0.054
756,	1,	120.0,	185.567,			1.009,			0.247,			0.055
757,	1,	7.0,	185.647,			2.832,			0.217,			0.051
758,	1,	95.0,	186.063,			1.913,			0.2,			0.055
759,	1,	169.0,	186.312,			1.052,			0.238,			0.052
760,	1,	157.0,	186.614,			1.972,			0.228,			0.056
761,	1,	447.0,	186.765,			1.477,			0.173,			0.057
762,	1,	6.0,	187.098,			2.525,			0.299,			0.052
763,	1,	6.0,	187.157,			1.162,			0.167,			0.05
764,	1,	30.0,	187.212,			1.731,			0.154,			0.056
765,	2,	142.0,	187.267,			12.393,			1.241,			0.142
766,	2,	146.0,	187.471,			10.173,			1.029,			0.121
767,	1,	30.0,	187.643,			1.554,			0.169,			0.058
768,	1,	6.0,	188.743,			2.384,			0.174,			0.06
769,	1,	512.0,	189.05,			1.464,			0.193,			0.051
770,	1,	169.0,	189.626,			1.651,			0.218,			0.06
771,	1,	16.0,	189.893,			1.61,			0.15,			0.06
772,	1,	95.0,	189.904,			1.554,			0.281,			0.059
773,	1,	90.0,	190.196,			2.795,			0.264,			0.055
774,	1,	146.0,	190.302,			2.28,			0.136,			0.052
775,	1,	16.0,	190.389,			2.932,			0.234,			0.06
776,	1,	10.0,	190.512,			1.303,			0.299,			0.052
777,	1,	146.0,	190.75,			1.372,			0.254,			0.051
778,	1,	30.0,	190.768,			1.241,			0.158,			0.051
779,	1,	387.0,	190.975,			2.241,			0.127,			0.057
780,	1,	7.0,	191.111,			1.056,			0.233,			0.053
781,	1,	10.0,	191.547,			2.492,			0.287,			0.057
782,	2,	202.0,	191.59,			12.368,			1.465,			0.198
783,	1,	126.0,	191.627,			1.663,			0.133,			0.054
784,	1,	7.0,	191.945,			1.302,			0.165,			0.052
785,	1,	157.0,	192.035,			2.256,			0.265,			0.06
786,	1,	498.0,	192.384,			1.009,			0.209,			0.06
787,	1,	214.0,	192.75,			1.027,			0.206,			0.051
788,	1,	28.0,	193.039,			2.542,			0.206,			0.054
789,	1,	7.0,	193.268,			2.068,			0.156,			0.056
790,	1,	28.0,	193.609,			1.435,			0.28,			0.058
791,	1,	146.0,	193.659,			2.11,			0.176,			0.058
792,	1,	6.0,	193.695,			1.933,			0.124,			0.05
793,	1,	146.0,	193.741,			1.927,			0.152,			0.059
794,	1,	214.0,	194.296,			1.12,			0.165,			0.058
795,	1,	6.0,	194.367,			2.5,			0.136,			0.056
796,	1,	28.0,	194.75,			1.548,			0.174,			0.057
797,	2,	151.0,	195.02,			12.608,			1.465,			0.185
798,	1,	146.0,	195.092,			2.936,			0.244,			0.059
799,	1,	146.0,	195.236,			1.491,			0.212,			0.057
800,	1,	44.0,	195.786,			1.106,			0.272,			0.057
801,	1,	157.0,	195.947,			2.084,			0.138,			0.05
802,	1,	30.0,	195.979,			2.031,			0.141,			0.055
803,	1,	7.0,	195.98,			2.1,			0.26,			0.059
804,	1,	10.0,	196.249,			1.561,			0.151,			0.059
805,	1,	214.0,	196.341,			2.379,			0.238,			0.055
806,	1,	28.0,	196.367,			1.981,			0.173,			0.056
807,	2,	129.0,	196.371,			11.028,			1.322,			0.178
808,	1,	447.0,	196.556,			2.888,			0.209,			0.06
809,	1,	7.0,	196.975,			2.299,			0.142,			0.06
810,	2,	131.0,	197.704,			12.668,			1.294,			0.168
811,	1,	214.0,	197.757,			2.673,			0.29,			0.052
812,	1,	157.0,	197.97,			2.798,			0.18,			0.056
813,	1,	7.0,	197.993,			1.263,			0.193,			0.054
814,	1,	157.0,	198.194,			2.08,			0.197,			0.051
815,	1,	95.0,	198.32,			1.331,			0.289,			0.051
816,	1,	559.0,	198.651,			1.541,			0.108,			0.054
817,	1,	512.0,	198.722,			1.996,			0.161,			0.056
818,	1,	7.0,	199.273,			1.505,			0.231,			0.051
819,	1,	447.0,	199.281,			1.442,			0.236,			0.058
820,	1,	49.0,	199.478,			1.27,			0.161,			0.058
821,	2,	146.0,	199.678,			14.464,			1.299,			0.194
822,	1,	10.0,	199.803,			2.073,			0.284,			0.054
823,	1,	10.0,	200.671,			1.786,			0.226,			0.052
824,	1,	7.0,	200.786,			2.777,			0.237,			0.059
825,	1,	214.0,	202.307,			1.13,			0.139,			0.053
826,	2,	79.0,	202.514,			11.92,			1.073,			0.175
827,	1,	7.0,	203.051,			1.511,			0.175,			0.056
828,	1,	103.0,	203.422,			2.149,			0.288,			0.058
829,	2,	130.0,	203.58,			13.148,			1.114,			0.152
830,	2,	206.0,	203.748,			11.484,			1.481,			0.148
831,	2,	298.0,	204.148,			14.501,			1.286,			0.141
832,	1,	16.0,	204.249,			2.714,			0.238,			0.053
833,	2,	190.0,	204.505,			12.368,			1.285,			0.184
834,	2,	113.0,	204.772,			10.777,			1.463,			0.115
835,	1,	6.0,	205.083,			2.618,			0.19,			0.057
836,	1,	559.0,	205.189,			1.391,			0.237,			0.056
837,	1,	95.0,	206.519,			2.827,			0.228,			0.054
838,	1,	512.0,	206.521,			2.232,			0.177,			0.059
839,	1,	16.0,	206.797,			1.748,			0.133,			0.054
840,	2,	73.0,	207.117,			11.537,			1.183,			0.143
841,	1,	126.0,	207.22,			1.843,			0.174,			0.058
842,	1,	49.0,	207.222,			1.737,			0.281,			0.057
843,	1,	10.0,	207.231,			1.716,			0.146,			0.056
844,	1,	498.0,	207.558,			1.266,			0.134,			0.054
845,	1,	59.0,	207.594,			2.298,			0.216,			0.056
846,	1,	28.0,	207.695,			1.742,			0.214,			0.057
847,	1,	16.0,	208.172,			1.141,			0.231,			0.059
848,	1,	7.0,	208.489,			1.075,			0.216,			0.051
849,	2,	140.0,	208.526,			14.566,			1.149,			0.19
850,	2,	192.0,	208.857,			14.76,			1.133,			0.178
851,	1,	44.0,	209.005,			1.302,			0.123,			0.059
852,	1,	559.0,	209.312,			1.011,			0.14,			0.056
853,	1,	95.0,	209.334,			2.104,			0.211,			0.051
854,	2,	138.0,	209.431,			13.303,			1.135,			0.131
855,	1,	95.0,	210.303,			1.134,			0.182,			0.053
856,	1,	28.0,	210.504,			1.431,			0.169,			0.054
857,	2,	206.0,	211.175,			14.424,			1.492,			0.184
858,	2,	247.0,	211.231,			14.771,			1.022,			0.185
859,	1,	126.0,	211.723,			1.464,			0.221,			0.051
860,	1,	447.0,	212.083,			2.76,			0.138,			0.053
861,	1,	103.0,	212.308,			2.02,			0.221,			0.056
862,	1,	169.0,	212.371,			1.968,			0.164,			0.06
863,	2,	137.0,	213.238,			13.894,			1.023,			0.103
864,	1,	379.0,	214.164,			1.968,			0.195,			0.057
865,	1,	44.0,	214.65,			2.225,			0.125,			0.06
866,	1,	10.0,	214.833,			1.203,			0.279,			0.056
867,	1,	387.0,	214.842,			1.571,			0.265,			0.054
868,	2,	167.0,	215.133,			10.518,			1.124,			0.132
869,	1,	44.0,	215.356,			1.612,			0.249,			0.056
870,	1,	10.0,	215.388,			2.632,			0.16,			0.051
871,	1,	6.0,	215.41,			1.561,			0.104,			0.057
872,	1,	103.0,	215.678,			1.86,			0.237,			0.056
873,	1,	103.0,	215.874,			2.945,			0.252,			0.056
874,	1,	7.0,	216.365,			1.448,			0.244,			0.06
875,	1,	120.0,	217.602,			2.013,			0.16,			0.058
876,	1,	49.0,	217.912,			2.534,			0.141,			0.053
877,	1,	59.0,	218.021,			1.561,			0.217,			0.051
878,	2,	131.0,	218.24,			14.705,			1.273,			0.185
879,	2,	208.0,	218.493,			13.217,			1.076,			0.13
880,	1,	30.0,	218.593,			1.657,			0.107,			0.057
881,	1,	44.0,	218.801,			1.732,			0.236,			0.06
882,	2,	233.0,	218.989,			12.786,			1.166,			0.138
883,	2,	214.0,	219.749,			12.438,			1.401,			0.166
884,	1,	90.0,	220.906,			2.454,			0.172,			0.051
885,	1,	120.0,	221.172,			2.571,			0.206,			0.056
886,	1,	7.0,	221.606,			1.287,			0.249,			0.053
887,	2,	181.0,	221.636,			13.316,			1.409,			0.134
888,	1,	157.0,	221.858,			2.238,			0.268,			0.057
889,	1,	7.0,	222.131,			1.471,			0.143,			0.057
890,	1,	16.0,	222.337,			1.561,			0.132,			0.057
891,	2,	187.0,	222.517,			12.591,			1.029,			0.166
892,	2,	106.0,	222.834,			10.399,			1.116,			0.128
893,	1,	120.0,	222.872,			1.005,			0.283,			0.059
894,	1,	214.0,	222.878,			2.293,			0.223,			0.059
895,	1,	44.0,	222.892,			1.009,			0.19,			0.052
896,	1,	169.0,	223.192,			1.353,			0.172,			0.056
897,	1,	6.0,	223.328,			1.07,			0.216,			0.057
898,	1,	95.0,	223.385,			2.858,			0.288,			0.054
899,	2,	111.0,	223.779,			13.42,			1.403,			0.167
900,	1,	7.0,	224.221,			2.612,			0.218,			0.06
901,	2,	149.0,	225.077,			14.633,			1.385,			0.14
902,	1,	90.0,	225.104,			1.61,			0.182,			0.06
903,	2,	228.0,	225.186,			12.741,			1.161,			0.179
904,	1,	447.0,	225.234,			1.864,			0.161,			0.054
905,	1,	44.0,	225.432,			1.655,			0.129,			0.052
906,	1,	44.0,	226.38,			2.055,			0.243,			0.057
907,	1,	120.0,	226.765,			1.482,			0.124,			0.05
908,	1,	103.0,	227.044,			1.672,			0.139,			0.057
909,	1,	6.0,	227.411,			2.661,			0.206,			0.057
910,	2,	130.0,	227.557,			14.005,			1.374,			0.121
911,	1,	126.0,	227.609,			2.661,			0.138,			0.053
912,	1,	126.0,	227.628,			2.14,			0.111,			0.052
913,	2,	198.0,	227.797,			13.379,			1.201,			0.191
914,	1,	559.0,	228.771,			2.252,			0.217,			0.057
915,	1,	126.0,	228.92,			2.169,			0.159,			0.052
916,	1,	379.0,	228.954,			1.076,			0.174,			0.054
917,	2,	153.0,	229.665,			14.4,			1.092,			0.135
918,	1,	512.0,	229.809,			2.33,			0.124,			0.054
919,	1,	28.0,	230.163,			1.111,			0.136,			0.058
920,	2,	110.0,	231.036,			14.244,			1.014,			0.128
921,	1,	49.0,	231.04,			2.653,			0.217,			0.055
922,	1,	95.0,	231.274,			2.926,			0.192,			0.053
923,	1,	6.0,	231.486,			1.337,			0.163,			0.059
924,	1,	387.0,	231.83,			2.02,			0.108,			0.053
925,	1,	6.0,	232.158,			2.621,			0.254,			0.056
926,	1,	559.0,	232.213,			2.321,			0.135,			0.053
927,	1,	447.0,	232.681,			2.378,			0.164,			0.051
928,	1,	379.0,	232.948,			1.998,			0.275,			0.052
929,	1,	10.0,	233.055,			1.13,			0.214,			0.052
930,	1,	146.0,	234.128,			2.9,			0.244,			0.054
931,	1,	126.0,	234.165,			2.565,			0.209,			0.056
932,	1,	7.0,	234.683,			2.631,			0.206,			0.051
933,	1,	49.0,	235.119,			1.103,			0.272,			0.059
934,	2,	126.0,	236.198,			10.178,			1.465,			0.168
935,	2,	194.0,	236.391,			10.173,			1.141,			0.143
936,	2,	236.0,	236.664,			13.074,			1.31,			0.144
937,	1,	30.0,	238.136,			1.631,			0.123,			0.059
938,	2,	120.0,	238.517,			14.23,			1.033,			0.124
939,	2,	173.0,	239.724,			14.154,			1.463,			0.149
940,	1,	7.0,	239.794,			2.637,			0.101,			0.055
941,	2,	97.0,	239.985,			14.933,			1.194,			0.157
942,	1,	559.0,	240.546,			1.915,			0.117,			0.055
943,	2,	132.0,	242.067,			10.9,			1.103,			0.156
944,	1,	157.0,	242.571,			1.731,			0.205,			0.051
945,	2,	256.0,	244.067,			10.443,			1.381,			0.133
946,	2,	332.0,	244.286,			13.437,			1.312,			0.124
947,	2,	143.0,	244.548,			10.527,			1.321,			0.133
948,	1,	103.0,	244.822,			2.296,			0.191,			0.058
949,	1,	146.0,	246.86,			2.11,			0.268,			0.058
950,	1,	157.0,	248.027,			1.23,			0.215,			0.058
951,	1,	6.0,	248.188,			2.675,			0.174,			0.051
952,	1,	379.0,	248.297,			2.398,			0.27,			0.05
953,	2,	185.0,	248.876,			11.876,			1.117,			0.171
954,	1,	498.0,	249.82,			1.407,			0.244,			0.054
955,	1,	7.0,	249.968,			1.004,			0.168,			0.06
956,	1,	28.0,	250.291,			2.169,			0.13,			0.053
957,	1,	6.0,	250.862,			2.132,			0.272,			0.057
958,	1,	169.0,	250.969,			2.58,			0.216,			0.057
959,	1,	95.0,	251.568,			1.327,			0.101,			0.058
960,	1,	7.0,	252.55,			2.776,			0.142,			0.054
961,	2,	171.0,	252.969,			10.475,			1.171,			0.132
962,	1,	169.0,	254.018,			2.479,			0.208,			0.059
963,	1,	169.0,	254.466,			1.624,			0.165,			0.059
964,	2,	207.0,	254.698,			14.323,			1.044,			0.141
965,	2,	105.0,	254.815,			10.595,			1.163,			0.162
966,	2,	138.0,	256.477,			10.46,			1.203,			0.101
967,	1,	30.0,	256.492,			1.473,			0.194,			0.051
968,	2,	115.0,	257.726,			10.621,			1.279,			0.101
969,	1,	30.0,	260.546,			1.72,			0.277,			0.052
970,	1,	103.0,	260.899,			1.225,			0.29,			0.058
971,	1,	7.0,	262.075,			1.581,			0.257,			0.058
972,	2,	169.0,	262.156,			12.486,			1.091,			0.154
973,	2,	203.0,	262.248,			10.42,			1.202,			0.166
974,	2,	145.0,	262.389,			11.672,			1.354,			0.123
975,	2,	208.0,	265.904,			14.921,			1.47,			0.166
976,	2,	142.0,	266.198,			10.84,			1.497,			0.138
977,	2,	117.0,	266.262,			14.05,			1.49,			0.166
978,	2,	365.0,	266.691,			14.481,			1.087,			0.183
979,	1,	7.0,	267.116,			2.777,			0.188,			0.056
980,	2,	155.0,	268.91,			10.84,			1.322,			0.105
981,	2,	154.0,	269.335,			14.946,			1.493,			0.141
982,	2,	77.0,	271.185,			12.152,			1.48,			0.164
983,	1,	90.0,	274.124,			1.111,			0.212,			0.06
984,	2,	136.0,	281.751,			13.76,			1.273,			0.122
985,	2,	202.0,	284.096,			12.835,			1.264,			0.143
986,	2,	199.0,	284.799,			13.671,			1.176,			0.195
987,	1,	157.0,	285.622,			1.134,			0.236,			0.054
988,	2,	119.0,	288.244,			14.984,			1.458,			0.191
989,	2,	155.0,	289.27,			14.219,			1.322,			0.188
990,	1,	44.0,	291.374,			1.672,			0.16,			0.051
991,	2,	90.0,	291.716,			10.672,			1.07,			0.131
992,	2,	181.0,	292.423,			10.721,			1.465,			0.171
993,	2,	43.0,	292.68,			13.346,			1.492,			0.182
994,	2,	164.0,	293.7,			14.425,			1.003,			0.159
995,	2,	198.0,	293.873,			13.639,			1.409,			0.176
996,	1,	379.0,	295.239,			1.414,			0.22,			0.059
997,	2,	86.0,	295.886,			11.385,			1.384,			0.174
998,	1,	559.0,	297.917,			1.103,			0.22,			0.056
999,	2,	383.0,	297.924,			12.521,			1.141,			0.12
1000,	1,	387.0,	300.0,			1.006,			0.196,			0.057
