#, task_type_id, size, arrival_time,	execution_time_cpu,	execution_time_gpu,	execution_time_CLOUD
1,	1,	7.0,	0.0,			2.599,			0.186,			0.053
2,	2,	142.0,	0.748,			12.005,			1.332,			0.126
3,	2,	38.0,	1.086,			12.767,			1.213,			0.113
4,	2,	210.0,	1.29,			14.48,			1.244,			0.138
5,	2,	168.0,	9.159,			12.649,			1.252,			0.133
6,	2,	213.0,	11.752,			11.207,			1.441,			0.178
7,	2,	92.0,	13.498,			10.037,			1.075,			0.149
8,	2,	293.0,	13.76,			11.229,			1.252,			0.138
9,	2,	192.0,	14.64,			14.946,			1.181,			0.161
10,	1,	498.0,	14.982,			1.69,			0.228,			0.057
11,	2,	244.0,	18.182,			14.424,			1.398,			0.121
12,	1,	120.0,	18.887,			1.924,			0.247,			0.053
13,	2,	236.0,	18.959,			10.16,			1.316,			0.165
14,	1,	126.0,	19.016,			2.404,			0.211,			0.059
15,	2,	167.0,	22.068,			14.682,			1.343,			0.19
16,	2,	105.0,	24.414,			10.621,			1.455,			0.186
17,	2,	122.0,	24.55,			10.621,			1.016,			0.113
18,	2,	196.0,	24.555,			13.169,			1.392,			0.157
19,	1,	7.0,	25.06,			2.984,			0.14,			0.053
20,	2,	341.0,	25.953,			11.772,			1.076,			0.101
21,	2,	97.0,	27.003,			10.054,			1.129,			0.103
22,	2,	208.0,	28.391,			13.946,			1.409,			0.115
23,	1,	7.0,	29.382,			1.496,			0.19,			0.058
24,	1,	157.0,	32.016,			1.08,			0.272,			0.06
25,	1,	95.0,	32.427,			2.8,			0.15,			0.057
26,	1,	169.0,	34.19,			1.912,			0.281,			0.057
27,	2,	200.0,	34.857,			10.523,			1.093,			0.183
28,	2,	168.0,	34.977,			14.859,			1.242,			0.168
29,	1,	120.0,	35.91,			2.252,			0.257,			0.053
30,	2,	261.0,	36.251,			14.481,			1.349,			0.166
31,	1,	169.0,	37.675,			1.283,			0.195,			0.052
32,	1,	7.0,	38.007,			1.211,			0.131,			0.053
33,	1,	44.0,	40.065,			1.426,			0.234,			0.057
34,	2,	153.0,	40.312,			12.909,			1.285,			0.139
35,	2,	133.0,	42.149,			11.12,			1.141,			0.143
36,	1,	28.0,	42.509,			1.169,			0.185,			0.053
37,	2,	164.0,	42.539,			14.809,			1.491,			0.168
38,	1,	512.0,	42.541,			1.543,			0.206,			0.051
39,	2,	322.0,	43.597,			14.45,			1.369,			0.134
40,	2,	151.0,	44.373,			12.154,			1.481,			0.137
41,	1,	387.0,	44.382,			2.18,			0.193,			0.056
42,	2,	24.0,	44.516,			14.157,			1.335,			0.198
43,	2,	150.0,	45.125,			12.815,			1.239,			0.147
44,	2,	274.0,	45.919,			13.136,			1.279,			0.112
45,	1,	120.0,	47.368,			1.035,			0.163,			0.054
46,	2,	176.0,	49.778,			10.702,			1.386,			0.1
47,	2,	126.0,	49.969,			10.721,			1.117,			0.138
48,	2,	213.0,	50.118,			13.667,			1.498,			0.167
49,	1,	103.0,	51.393,			2.622,			0.198,			0.052
50,	1,	30.0,	51.531,			1.407,			0.239,			0.059
51,	2,	114.0,	51.863,			14.863,			1.233,			0.139
52,	2,	266.0,	52.024,			10.4,			1.261,			0.178
53,	1,	16.0,	52.45,			1.111,			0.206,			0.051
54,	1,	7.0,	52.524,			2.184,			0.259,			0.054
55,	2,	138.0,	53.087,			10.064,			1.369,			0.197
56,	1,	7.0,	54.037,			1.822,			0.136,			0.057
57,	1,	28.0,	54.484,			1.494,			0.23,			0.057
58,	1,	7.0,	54.851,			2.895,			0.136,			0.053
59,	1,	6.0,	56.201,			1.112,			0.222,			0.057
60,	2,	219.0,	56.968,			12.391,			1.251,			0.191
61,	1,	559.0,	58.123,			1.591,			0.192,			0.054
62,	1,	90.0,	58.239,			1.857,			0.206,			0.054
63,	2,	109.0,	58.634,			12.132,			1.134,			0.168
64,	1,	6.0,	58.923,			2.56,			0.27,			0.053
65,	1,	30.0,	59.091,			1.443,			0.178,			0.051
66,	1,	49.0,	60.9,			1.141,			0.197,			0.052
67,	2,	150.0,	61.523,			10.661,			1.222,			0.169
68,	1,	59.0,	62.461,			1.382,			0.267,			0.054
69,	1,	7.0,	62.984,			2.52,			0.288,			0.052
70,	1,	7.0,	63.219,			1.591,			0.158,			0.056
71,	2,	206.0,	63.285,			14.582,			1.188,			0.101
72,	2,	232.0,	63.493,			14.147,			1.326,			0.169
73,	1,	30.0,	63.782,			1.631,			0.235,			0.05
74,	1,	447.0,	63.916,			2.454,			0.284,			0.055
75,	1,	512.0,	64.049,			2.143,			0.226,			0.057
76,	1,	49.0,	65.553,			1.554,			0.169,			0.056
77,	1,	59.0,	67.492,			2.293,			0.123,			0.059
78,	1,	7.0,	68.148,			2.834,			0.279,			0.058
79,	1,	10.0,	68.377,			1.169,			0.184,			0.05
80,	1,	103.0,	68.92,			1.757,			0.225,			0.052
81,	2,	90.0,	69.153,			13.06,			1.34,			0.105
82,	1,	10.0,	69.199,			2.151,			0.23,			0.056
83,	1,	95.0,	69.319,			2.832,			0.265,			0.051
84,	1,	559.0,	69.435,			2.976,			0.127,			0.052
85,	1,	120.0,	70.698,			2.027,			0.211,			0.052
86,	1,	498.0,	70.759,			1.431,			0.137,			0.053
87,	2,	102.0,	71.011,			14.582,			1.273,			0.15
88,	1,	559.0,	71.157,			2.369,			0.18,			0.052
89,	2,	208.0,	71.47,			10.621,			1.373,			0.194
90,	1,	379.0,	71.925,			2.779,			0.133,			0.059
91,	1,	7.0,	72.641,			1.496,			0.214,			0.056
92,	1,	120.0,	73.439,			2.759,			0.133,			0.06
93,	2,	89.0,	73.697,			14.076,			1.172,			0.184
94,	2,	105.0,	73.733,			13.801,			1.426,			0.143
95,	2,	220.0,	74.041,			12.424,			1.45,			0.187
96,	1,	214.0,	74.293,			1.736,			0.124,			0.055
97,	2,	157.0,	74.33,			14.624,			1.121,			0.101
98,	1,	214.0,	74.897,			2.14,			0.274,			0.058
99,	1,	44.0,	75.248,			2.489,			0.253,			0.052
100,	1,	447.0,	76.191,			2.226,			0.241,			0.056
101,	1,	49.0,	76.689,			1.988,			0.184,			0.052
102,	1,	44.0,	76.794,			2.114,			0.122,			0.054
103,	2,	157.0,	77.14,			12.93,			1.124,			0.106
104,	1,	49.0,	77.187,			2.09,			0.209,			0.05
105,	1,	512.0,	77.291,			2.954,			0.226,			0.053
106,	1,	214.0,	77.708,			1.42,			0.124,			0.055
107,	1,	44.0,	77.739,			1.62,			0.204,			0.059
108,	1,	44.0,	77.88,			2.349,			0.245,			0.051
109,	1,	95.0,	78.096,			1.679,			0.228,			0.055
110,	1,	103.0,	78.503,			1.172,			0.166,			0.059
111,	1,	498.0,	78.647,			1.358,			0.223,			0.051
112,	1,	103.0,	78.709,			1.121,			0.131,			0.05
113,	1,	13.0,	78.844,			1.816,			0.194,			0.05
114,	2,	109.0,	78.901,			13.346,			1.458,			0.159
115,	1,	7.0,	78.942,			1.605,			0.183,			0.06
116,	1,	6.0,	79.939,			2.298,			0.22,			0.056
117,	1,	512.0,	80.125,			1.639,			0.206,			0.055
118,	1,	6.0,	80.127,			2.834,			0.2,			0.05
119,	1,	10.0,	80.304,			1.97,			0.137,			0.06
120,	2,	176.0,	80.685,			10.036,			1.164,			0.167
121,	2,	148.0,	80.886,			12.331,			1.233,			0.129
122,	1,	126.0,	81.853,			1.848,			0.19,			0.054
123,	2,	140.0,	82.213,			10.099,			1.092,			0.186
124,	1,	214.0,	82.225,			2.197,			0.236,			0.055
125,	1,	90.0,	84.159,			2.157,			0.272,			0.052
126,	1,	512.0,	84.319,			2.173,			0.294,			0.058
127,	1,	6.0,	84.522,			2.621,			0.189,			0.054
128,	1,	169.0,	84.545,			1.45,			0.105,			0.055
129,	1,	126.0,	84.729,			1.883,			0.234,			0.06
130,	1,	7.0,	85.045,			1.005,			0.289,			0.06
131,	1,	559.0,	85.297,			1.309,			0.182,			0.052
132,	1,	16.0,	85.536,			1.566,			0.162,			0.057
133,	2,	114.0,	85.631,			11.335,			1.374,			0.157
134,	1,	30.0,	85.703,			1.252,			0.256,			0.052
135,	1,	7.0,	85.802,			1.204,			0.208,			0.059
136,	2,	171.0,	86.884,			12.435,			1.029,			0.176
137,	1,	7.0,	87.229,			1.669,			0.227,			0.053
138,	2,	234.0,	87.459,			13.093,			1.232,			0.143
139,	1,	7.0,	87.499,			1.134,			0.174,			0.056
140,	1,	49.0,	88.182,			1.769,			0.205,			0.054
141,	1,	120.0,	88.295,			1.869,			0.259,			0.053
142,	1,	7.0,	88.371,			2.157,			0.106,			0.053
143,	1,	44.0,	88.549,			2.862,			0.156,			0.051
144,	1,	95.0,	88.643,			2.932,			0.13,			0.056
145,	1,	49.0,	88.864,			2.298,			0.254,			0.06
146,	1,	44.0,	89.355,			2.553,			0.177,			0.058
147,	1,	146.0,	89.406,			2.549,			0.224,			0.054
148,	1,	6.0,	89.95,			1.841,			0.261,			0.059
149,	2,	234.0,	90.479,			13.007,			1.369,			0.185
150,	2,	115.0,	90.681,			13.092,			1.051,			0.119
151,	2,	197.0,	90.982,			14.658,			1.012,			0.172
152,	1,	90.0,	91.002,			1.007,			0.212,			0.052
153,	1,	13.0,	91.377,			1.828,			0.267,			0.057
154,	2,	166.0,	92.318,			14.686,			1.341,			0.106
155,	1,	7.0,	92.465,			2.181,			0.299,			0.06
156,	1,	7.0,	92.716,			1.667,			0.104,			0.058
157,	1,	447.0,	93.08,			2.454,			0.108,			0.052
158,	1,	559.0,	93.452,			1.168,			0.166,			0.051
159,	1,	16.0,	93.476,			2.138,			0.193,			0.055
160,	1,	44.0,	93.768,			2.642,			0.184,			0.053
161,	2,	165.0,	93.877,			10.978,			1.229,			0.197
162,	2,	237.0,	94.407,			10.724,			1.47,			0.166
163,	1,	6.0,	94.522,			2.562,			0.15,			0.052
164,	1,	498.0,	94.575,			2.149,			0.297,			0.059
165,	2,	110.0,	94.913,			12.503,			1.409,			0.105
166,	2,	111.0,	95.152,			14.253,			1.427,			0.189
167,	1,	103.0,	95.34,			1.609,			0.119,			0.058
168,	1,	447.0,	95.565,			2.705,			0.27,			0.054
169,	1,	44.0,	95.612,			2.5,			0.177,			0.051
170,	1,	6.0,	96.0,			1.833,			0.2,			0.057
171,	1,	7.0,	96.571,			2.832,			0.267,			0.054
172,	1,	169.0,	96.997,			2.858,			0.212,			0.053
173,	1,	559.0,	97.052,			1.631,			0.254,			0.051
174,	1,	95.0,	97.157,			1.155,			0.173,			0.057
175,	1,	447.0,	97.3,			2.5,			0.156,			0.06
176,	1,	559.0,	98.034,			1.522,			0.279,			0.057
177,	1,	169.0,	98.306,			1.086,			0.124,			0.054
178,	1,	30.0,	98.406,			1.078,			0.253,			0.053
179,	1,	387.0,	98.905,			2.684,			0.195,			0.059
180,	1,	6.0,	99.319,			1.561,			0.232,			0.054
181,	1,	44.0,	99.551,			2.614,			0.242,			0.053
182,	1,	498.0,	99.738,			1.432,			0.279,			0.056
183,	1,	49.0,	100.036,			1.722,			0.112,			0.051
184,	2,	159.0,	100.49,			11.88,			1.473,			0.151
185,	1,	28.0,	101.011,			1.36,			0.186,			0.06
186,	1,	16.0,	102.738,			1.768,			0.154,			0.054
187,	1,	7.0,	103.132,			2.901,			0.169,			0.056
188,	1,	10.0,	103.525,			1.968,			0.183,			0.052
189,	1,	512.0,	103.845,			2.316,			0.287,			0.058
190,	1,	498.0,	103.854,			1.302,			0.27,			0.06
191,	1,	44.0,	104.658,			2.581,			0.131,			0.058
192,	2,	239.0,	105.608,			11.229,			1.266,			0.128
193,	1,	103.0,	105.651,			2.684,			0.222,			0.055
194,	1,	59.0,	105.774,			1.522,			0.211,			0.054
195,	1,	157.0,	105.804,			1.13,			0.206,			0.055
196,	1,	103.0,	106.112,			2.18,			0.23,			0.051
197,	2,	146.0,	106.987,			11.92,			1.093,			0.118
198,	1,	447.0,	107.232,			2.084,			0.151,			0.056
199,	1,	559.0,	107.564,			2.969,			0.22,			0.05
200,	2,	67.0,	107.923,			11.707,			1.103,			0.173
201,	1,	44.0,	108.52,			1.398,			0.116,			0.053
202,	1,	6.0,	108.625,			2.857,			0.268,			0.05
203,	1,	10.0,	108.678,			2.599,			0.234,			0.053
204,	1,	512.0,	108.709,			2.637,			0.117,			0.058
205,	2,	155.0,	108.952,			10.742,			1.24,			0.137
206,	1,	95.0,	109.206,			1.164,			0.159,			0.054
207,	1,	7.0,	109.566,			1.811,			0.258,			0.055
208,	1,	30.0,	109.777,			2.618,			0.237,			0.053
209,	1,	7.0,	109.824,			1.581,			0.298,			0.051
210,	1,	169.0,	109.85,			1.588,			0.209,			0.052
211,	1,	120.0,	109.936,			2.939,			0.297,			0.06
212,	2,	151.0,	110.106,			10.837,			1.278,			0.124
213,	2,	203.0,	110.204,			12.733,			1.244,			0.105
214,	2,	157.0,	110.582,			13.671,			1.262,			0.199
215,	1,	49.0,	110.845,			1.05,			0.139,			0.052
216,	1,	169.0,	110.857,			1.316,			0.168,			0.05
217,	1,	30.0,	110.937,			2.556,			0.185,			0.059
218,	1,	30.0,	110.94,			1.395,			0.237,			0.056
219,	2,	203.0,	110.954,			14.903,			1.305,			0.12
220,	1,	7.0,	111.209,			1.728,			0.22,			0.056
221,	2,	97.0,	111.497,			13.671,			1.328,			0.165
222,	1,	387.0,	111.5,			1.509,			0.138,			0.059
223,	1,	387.0,	111.583,			2.614,			0.124,			0.057
224,	1,	30.0,	111.604,			2.661,			0.131,			0.052
225,	1,	30.0,	111.777,			1.283,			0.109,			0.051
226,	1,	387.0,	111.925,			1.204,			0.299,			0.052
227,	1,	379.0,	112.095,			2.596,			0.121,			0.051
228,	1,	7.0,	112.494,			2.252,			0.134,			0.057
229,	1,	120.0,	112.499,			2.58,			0.268,			0.054
230,	1,	7.0,	113.125,			1.963,			0.299,			0.052
231,	1,	49.0,	113.208,			2.943,			0.133,			0.057
232,	1,	379.0,	113.634,			1.756,			0.18,			0.052
233,	1,	6.0,	113.75,			1.513,			0.264,			0.054
234,	2,	78.0,	114.644,			13.76,			1.122,			0.131
235,	1,	7.0,	114.687,			1.719,			0.113,			0.055
236,	1,	126.0,	114.694,			1.996,			0.129,			0.051
237,	1,	95.0,	114.721,			1.703,			0.249,			0.055
238,	1,	7.0,	114.911,			2.01,			0.26,			0.054
239,	1,	7.0,	115.054,			2.52,			0.122,			0.057
240,	1,	7.0,	115.619,			1.715,			0.214,			0.06
241,	1,	126.0,	115.635,			2.28,			0.217,			0.06
242,	1,	7.0,	115.671,			2.1,			0.276,			0.06
243,	1,	49.0,	115.7,			1.551,			0.299,			0.052
244,	1,	90.0,	115.784,			2.429,			0.137,			0.056
245,	1,	498.0,	115.907,			2.169,			0.126,			0.059
246,	1,	6.0,	116.208,			2.273,			0.267,			0.059
247,	2,	188.0,	116.279,			14.36,			1.322,			0.106
248,	1,	95.0,	116.535,			1.86,			0.135,			0.051
249,	2,	169.0,	116.582,			11.383,			1.489,			0.149
250,	1,	7.0,	116.606,			1.672,			0.108,			0.052
251,	1,	7.0,	116.828,			2.525,			0.138,			0.051
252,	1,	7.0,	117.449,			2.342,			0.166,			0.051
253,	1,	44.0,	117.868,			2.726,			0.124,			0.055
254,	1,	6.0,	117.919,			2.304,			0.194,			0.053
255,	1,	7.0,	117.962,			1.633,			0.145,			0.057
256,	2,	114.0,	118.251,			10.978,			1.094,			0.176
257,	1,	214.0,	118.322,			2.565,			0.12,			0.057
258,	1,	103.0,	118.516,			1.145,			0.133,			0.06
259,	1,	6.0,	118.585,			2.807,			0.242,			0.06
260,	1,	169.0,	118.607,			1.386,			0.15,			0.057
261,	2,	107.0,	118.715,			14.249,			1.095,			0.159
262,	1,	6.0,	119.071,			2.187,			0.235,			0.054
263,	1,	6.0,	119.134,			1.481,			0.297,			0.056
264,	1,	44.0,	119.457,			2.318,			0.243,			0.051
265,	1,	126.0,	119.476,			1.913,			0.139,			0.051
266,	1,	90.0,	119.492,			2.761,			0.195,			0.059
267,	2,	356.0,	119.713,			13.021,			1.169,			0.186
268,	1,	95.0,	119.771,			1.103,			0.193,			0.054
269,	1,	512.0,	120.367,			1.733,			0.133,			0.058
270,	2,	172.0,	120.394,			10.279,			1.196,			0.198
271,	1,	498.0,	120.568,			1.768,			0.272,			0.051
272,	2,	185.0,	120.751,			11.262,			1.108,			0.152
273,	1,	16.0,	120.985,			1.413,			0.132,			0.055
274,	1,	7.0,	121.037,			2.991,			0.122,			0.052
275,	2,	227.0,	121.23,			10.808,			1.465,			0.133
276,	1,	146.0,	121.27,			2.756,			0.119,			0.054
277,	1,	7.0,	121.338,			2.087,			0.295,			0.054
278,	1,	30.0,	121.53,			2.625,			0.19,			0.05
279,	1,	30.0,	121.823,			1.211,			0.161,			0.054
280,	1,	120.0,	121.867,			1.382,			0.263,			0.056
281,	1,	379.0,	121.895,			1.655,			0.247,			0.053
282,	1,	498.0,	121.974,			2.565,			0.216,			0.06
283,	1,	103.0,	122.187,			2.864,			0.267,			0.058
284,	1,	13.0,	122.372,			2.8,			0.189,			0.051
285,	2,	288.0,	122.372,			12.789,			1.126,			0.151
286,	1,	28.0,	122.63,			2.057,			0.214,			0.052
287,	1,	90.0,	122.758,			1.833,			0.107,			0.056
288,	1,	59.0,	122.804,			1.875,			0.207,			0.052
289,	1,	10.0,	122.886,			1.249,			0.174,			0.056
290,	1,	387.0,	122.93,			2.36,			0.293,			0.053
291,	2,	152.0,	123.067,			12.192,			1.394,			0.159
292,	1,	447.0,	123.488,			1.596,			0.222,			0.052
293,	1,	30.0,	123.542,			1.667,			0.249,			0.054
294,	1,	559.0,	123.623,			1.431,			0.125,			0.057
295,	1,	126.0,	124.084,			1.3,			0.19,			0.053
296,	1,	146.0,	124.127,			1.376,			0.299,			0.054
297,	2,	243.0,	124.138,			11.81,			1.361,			0.117
298,	1,	387.0,	124.238,			2.298,			0.257,			0.055
299,	1,	7.0,	124.268,			2.398,			0.14,			0.051
300,	1,	120.0,	124.314,			1.742,			0.177,			0.05
301,	1,	157.0,	124.365,			1.35,			0.268,			0.06
302,	1,	379.0,	124.419,			1.653,			0.2,			0.054
303,	1,	95.0,	124.494,			1.383,			0.159,			0.053
304,	1,	379.0,	124.609,			2.288,			0.29,			0.053
305,	1,	379.0,	124.778,			1.211,			0.107,			0.052
306,	1,	103.0,	124.957,			1.364,			0.121,			0.057
307,	2,	114.0,	125.266,			11.39,			1.487,			0.188
308,	1,	447.0,	125.649,			1.525,			0.202,			0.052
309,	1,	49.0,	125.653,			1.039,			0.137,			0.05
310,	1,	387.0,	125.668,			1.46,			0.202,			0.05
311,	1,	120.0,	125.714,			1.653,			0.108,			0.053
312,	1,	49.0,	125.736,			1.16,			0.182,			0.059
313,	1,	95.0,	126.091,			2.385,			0.284,			0.054
314,	1,	498.0,	126.144,			2.238,			0.129,			0.058
315,	1,	512.0,	126.415,			1.044,			0.106,			0.059
316,	1,	214.0,	126.502,			2.415,			0.289,			0.052
317,	1,	120.0,	126.585,			1.561,			0.291,			0.06
318,	1,	7.0,	126.935,			2.03,			0.226,			0.054
319,	1,	13.0,	127.075,			1.408,			0.299,			0.054
320,	1,	10.0,	127.138,			1.291,			0.21,			0.053
321,	1,	387.0,	127.516,			2.991,			0.222,			0.051
322,	1,	6.0,	127.581,			1.816,			0.288,			0.055
323,	1,	30.0,	127.606,			2.888,			0.27,			0.056
324,	1,	146.0,	127.669,			1.861,			0.265,			0.057
325,	1,	379.0,	127.921,			1.458,			0.13,			0.057
326,	2,	133.0,	128.042,			14.277,			1.442,			0.15
327,	1,	30.0,	128.114,			2.302,			0.277,			0.054
328,	1,	214.0,	128.159,			1.589,			0.221,			0.059
329,	1,	214.0,	128.497,			1.907,			0.279,			0.054
330,	2,	89.0,	128.604,			11.834,			1.092,			0.104
331,	1,	447.0,	128.848,			2.26,			0.118,			0.051
332,	1,	447.0,	128.96,			1.908,			0.242,			0.058
333,	1,	498.0,	129.186,			1.46,			0.16,			0.053
334,	1,	16.0,	129.241,			2.293,			0.124,			0.055
335,	1,	512.0,	129.359,			2.5,			0.215,			0.054
336,	1,	157.0,	129.616,			1.932,			0.268,			0.05
337,	1,	7.0,	129.947,			2.598,			0.115,			0.058
338,	1,	59.0,	129.97,			2.127,			0.151,			0.057
339,	1,	214.0,	130.145,			2.865,			0.177,			0.056
340,	1,	30.0,	130.152,			2.169,			0.131,			0.054
341,	1,	44.0,	130.219,			2.862,			0.161,			0.051
342,	1,	95.0,	130.265,			1.325,			0.27,			0.05
343,	1,	90.0,	130.371,			1.104,			0.175,			0.05
344,	1,	95.0,	130.495,			2.797,			0.119,			0.059
345,	1,	7.0,	130.543,			2.76,			0.187,			0.058
346,	1,	7.0,	130.82,			2.149,			0.176,			0.058
347,	1,	6.0,	131.159,			1.776,			0.241,			0.051
348,	1,	44.0,	131.234,			1.128,			0.119,			0.051
349,	1,	379.0,	131.27,			1.431,			0.185,			0.057
350,	1,	512.0,	131.505,			2.652,			0.225,			0.055
351,	1,	447.0,	131.615,			1.134,			0.134,			0.051
352,	1,	28.0,	131.756,			2.991,			0.274,			0.051
353,	1,	10.0,	131.84,			1.422,			0.206,			0.057
354,	2,	290.0,	132.148,			13.264,			1.172,			0.177
355,	1,	44.0,	132.286,			1.004,			0.219,			0.057
356,	1,	7.0,	132.329,			1.431,			0.292,			0.059
357,	1,	498.0,	132.449,			1.679,			0.184,			0.054
358,	1,	126.0,	132.511,			2.1,			0.23,			0.052
359,	1,	49.0,	132.553,			1.028,			0.208,			0.055
360,	1,	59.0,	132.571,			1.601,			0.116,			0.052
361,	1,	13.0,	132.768,			1.509,			0.151,			0.059
362,	1,	16.0,	132.769,			2.378,			0.153,			0.052
363,	2,	134.0,	133.058,			11.588,			1.094,			0.102
364,	1,	126.0,	133.216,			2.014,			0.287,			0.054
365,	1,	28.0,	133.599,			2.984,			0.134,			0.059
366,	1,	498.0,	133.764,			1.73,			0.107,			0.051
367,	1,	512.0,	133.817,			2.852,			0.19,			0.051
368,	1,	7.0,	133.944,			1.719,			0.284,			0.056
369,	1,	214.0,	133.954,			2.149,			0.238,			0.057
370,	1,	6.0,	134.086,			2.686,			0.109,			0.053
371,	1,	7.0,	134.145,			2.465,			0.108,			0.054
372,	1,	7.0,	134.169,			1.571,			0.281,			0.05
373,	2,	136.0,	134.319,			14.204,			1.409,			0.108
374,	1,	30.0,	134.512,			1.708,			0.278,			0.058
375,	1,	512.0,	134.622,			2.991,			0.236,			0.056
376,	1,	498.0,	134.696,			1.103,			0.263,			0.056
377,	1,	103.0,	134.717,			1.663,			0.209,			0.053
378,	1,	214.0,	134.791,			2.18,			0.2,			0.051
379,	2,	129.0,	135.061,			13.061,			1.286,			0.165
380,	1,	214.0,	135.126,			2.446,			0.134,			0.053
381,	2,	228.0,	135.154,			11.19,			1.477,			0.122
382,	1,	7.0,	135.228,			1.844,			0.175,			0.05
383,	2,	127.0,	135.29,			13.038,			1.467,			0.191
384,	1,	157.0,	135.301,			1.313,			0.111,			0.058
385,	1,	28.0,	135.459,			2.013,			0.215,			0.057
386,	1,	7.0,	135.514,			2.91,			0.274,			0.052
387,	1,	44.0,	135.605,			2.976,			0.295,			0.054
388,	1,	214.0,	135.681,			1.539,			0.205,			0.058
389,	1,	6.0,	135.758,			1.702,			0.15,			0.057
390,	1,	95.0,	135.773,			1.103,			0.104,			0.059
391,	2,	130.0,	135.996,			14.735,			1.433,			0.155
392,	1,	16.0,	136.057,			2.265,			0.162,			0.058
393,	1,	447.0,	136.692,			1.979,			0.237,			0.059
394,	1,	169.0,	136.745,			2.627,			0.158,			0.056
395,	1,	7.0,	136.781,			2.143,			0.121,			0.055
396,	1,	7.0,	137.019,			2.772,			0.124,			0.053
397,	1,	16.0,	137.291,			2.153,			0.145,			0.058
398,	2,	184.0,	137.337,			12.551,			1.017,			0.148
399,	2,	346.0,	137.382,			12.787,			1.062,			0.2
400,	1,	498.0,	137.752,			2.706,			0.297,			0.056
401,	1,	103.0,	137.917,			1.748,			0.212,			0.055
402,	1,	120.0,	138.057,			1.982,			0.105,			0.058
403,	1,	559.0,	138.152,			1.909,			0.235,			0.057
404,	1,	90.0,	138.297,			2.223,			0.108,			0.057
405,	1,	49.0,	138.356,			1.269,			0.224,			0.054
406,	1,	387.0,	138.408,			2.465,			0.233,			0.06
407,	1,	6.0,	138.527,			1.531,			0.177,			0.06
408,	1,	59.0,	138.618,			1.039,			0.243,			0.056
409,	1,	13.0,	138.84,			2.622,			0.178,			0.055
410,	2,	103.0,	138.977,			10.978,			1.442,			0.19
411,	1,	44.0,	138.994,			1.844,			0.179,			0.054
412,	1,	44.0,	139.233,			2.148,			0.247,			0.053
413,	1,	169.0,	139.27,			1.67,			0.199,			0.06
414,	1,	387.0,	139.52,			2.947,			0.208,			0.056
415,	1,	214.0,	139.746,			1.64,			0.23,			0.053
416,	1,	6.0,	140.038,			1.722,			0.184,			0.051
417,	1,	512.0,	140.059,			2.88,			0.293,			0.053
418,	1,	120.0,	140.121,			1.998,			0.257,			0.058
419,	1,	120.0,	140.277,			1.425,			0.13,			0.052
420,	1,	126.0,	140.354,			1.929,			0.259,			0.06
421,	1,	28.0,	140.708,			2.598,			0.296,			0.06
422,	1,	169.0,	140.928,			2.025,			0.174,			0.056
423,	1,	7.0,	141.262,			1.504,			0.272,			0.051
424,	1,	214.0,	141.456,			1.289,			0.258,			0.056
425,	1,	559.0,	141.497,			1.601,			0.11,			0.055
426,	1,	28.0,	141.519,			2.768,			0.102,			0.054
427,	1,	16.0,	141.649,			2.235,			0.2,			0.058
428,	1,	90.0,	141.906,			1.523,			0.197,			0.059
429,	1,	379.0,	142.024,			1.031,			0.278,			0.055
430,	1,	447.0,	142.074,			2.58,			0.19,			0.058
431,	1,	6.0,	142.235,			1.028,			0.231,			0.057
432,	2,	94.0,	142.493,			10.39,			1.119,			0.186
433,	1,	559.0,	142.521,			2.711,			0.165,			0.056
434,	1,	379.0,	142.631,			2.777,			0.206,			0.051
435,	1,	7.0,	142.696,			2.872,			0.249,			0.053
436,	1,	7.0,	142.747,			2.598,			0.212,			0.053
437,	1,	126.0,	143.125,			1.104,			0.258,			0.052
438,	1,	6.0,	143.308,			2.379,			0.172,			0.055
439,	2,	87.0,	143.405,			10.297,			1.003,			0.151
440,	1,	498.0,	143.489,			2.675,			0.153,			0.05
441,	1,	7.0,	143.515,			2.283,			0.15,			0.058
442,	1,	90.0,	143.668,			2.03,			0.24,			0.055
443,	1,	49.0,	143.775,			1.018,			0.217,			0.057
444,	2,	200.0,	143.788,			10.054,			1.112,			0.174
445,	1,	30.0,	143.978,			1.679,			0.207,			0.06
446,	1,	7.0,	144.421,			2.972,			0.15,			0.053
447,	1,	512.0,	144.529,			1.495,			0.277,			0.057
448,	1,	44.0,	144.704,			2.424,			0.211,			0.058
449,	1,	169.0,	144.895,			2.103,			0.251,			0.055
450,	1,	214.0,	145.041,			1.426,			0.18,			0.054
451,	1,	169.0,	145.048,			1.591,			0.108,			0.057
452,	1,	512.0,	145.102,			1.663,			0.195,			0.051
453,	1,	379.0,	145.122,			1.786,			0.131,			0.055
454,	1,	7.0,	145.282,			1.653,			0.108,			0.057
455,	1,	7.0,	145.288,			2.057,			0.187,			0.058
456,	1,	10.0,	145.429,			2.525,			0.272,			0.058
457,	1,	95.0,	145.715,			1.86,			0.177,			0.054
458,	1,	157.0,	145.802,			2.222,			0.104,			0.05
459,	2,	137.0,	145.84,			10.463,			1.015,			0.144
460,	1,	7.0,	145.91,			1.509,			0.29,			0.055
461,	1,	169.0,	146.055,			2.038,			0.249,			0.052
462,	2,	211.0,	146.235,			14.906,			1.07,			0.111
463,	1,	6.0,	146.468,			2.321,			0.22,			0.055
464,	1,	44.0,	146.84,			2.284,			0.217,			0.051
465,	1,	59.0,	146.857,			2.928,			0.251,			0.059
466,	1,	447.0,	146.86,			1.639,			0.143,			0.05
467,	1,	559.0,	147.0,			2.414,			0.299,			0.06
468,	1,	10.0,	147.235,			1.164,			0.259,			0.055
469,	1,	214.0,	147.333,			1.984,			0.142,			0.052
470,	2,	106.0,	147.351,			12.821,			1.45,			0.106
471,	1,	7.0,	147.38,			1.043,			0.21,			0.06
472,	2,	118.0,	147.495,			11.402,			1.046,			0.132
473,	1,	13.0,	147.513,			2.751,			0.177,			0.056
474,	1,	379.0,	147.839,			2.299,			0.168,			0.051
475,	1,	30.0,	147.847,			1.776,			0.165,			0.059
476,	1,	7.0,	148.137,			1.009,			0.114,			0.05
477,	1,	379.0,	148.388,			1.009,			0.283,			0.055
478,	1,	59.0,	148.515,			1.947,			0.161,			0.06
479,	1,	379.0,	148.624,			2.661,			0.228,			0.057
480,	1,	44.0,	148.628,			1.639,			0.203,			0.051
481,	1,	6.0,	148.695,			1.928,			0.165,			0.06
482,	1,	13.0,	148.753,			1.783,			0.102,			0.059
483,	2,	257.0,	148.917,			13.263,			1.447,			0.104
484,	1,	126.0,	149.07,			1.362,			0.104,			0.051
485,	1,	103.0,	149.287,			1.445,			0.279,			0.052
486,	2,	143.0,	149.358,			10.742,			1.492,			0.182
487,	1,	44.0,	149.48,			1.736,			0.249,			0.058
488,	1,	103.0,	149.5,			1.116,			0.192,			0.052
489,	1,	7.0,	149.503,			1.791,			0.117,			0.05
490,	1,	16.0,	149.904,			2.727,			0.284,			0.055
491,	1,	169.0,	149.924,			2.388,			0.101,			0.056
492,	1,	157.0,	150.04,			2.757,			0.221,			0.059
493,	1,	120.0,	150.257,			1.024,			0.211,			0.055
494,	1,	498.0,	150.41,			1.869,			0.212,			0.055
495,	1,	30.0,	150.536,			2.415,			0.17,			0.05
496,	1,	95.0,	150.867,			1.805,			0.215,			0.058
497,	1,	95.0,	150.973,			2.282,			0.233,			0.058
498,	1,	30.0,	150.978,			1.031,			0.105,			0.052
499,	1,	6.0,	151.115,			2.612,			0.155,			0.056
500,	1,	44.0,	151.31,			1.749,			0.137,			0.052
501,	1,	169.0,	151.548,			1.72,			0.12,			0.051
502,	1,	7.0,	151.558,			2.28,			0.105,			0.051
503,	1,	90.0,	151.83,			2.223,			0.26,			0.06
504,	1,	157.0,	152.229,			1.979,			0.241,			0.052
505,	1,	512.0,	152.286,			2.065,			0.299,			0.051
506,	1,	7.0,	152.384,			1.431,			0.256,			0.057
507,	1,	44.0,	152.441,			2.19,			0.266,			0.054
508,	1,	44.0,	152.568,			2.198,			0.293,			0.052
509,	1,	126.0,	152.569,			2.796,			0.189,			0.059
510,	1,	7.0,	152.614,			1.413,			0.243,			0.051
511,	1,	7.0,	152.873,			2.238,			0.169,			0.055
512,	1,	387.0,	152.956,			1.443,			0.119,			0.057
513,	1,	146.0,	153.126,			1.672,			0.126,			0.056
514,	1,	28.0,	153.288,			1.985,			0.278,			0.054
515,	2,	242.0,	153.428,			12.357,			1.053,			0.128
516,	1,	498.0,	153.634,			2.865,			0.267,			0.051
517,	1,	30.0,	154.004,			1.657,			0.268,			0.058
518,	1,	44.0,	154.277,			1.245,			0.116,			0.057
519,	1,	498.0,	154.374,			2.661,			0.235,			0.058
520,	1,	120.0,	154.396,			1.522,			0.162,			0.055
521,	1,	498.0,	154.606,			1.702,			0.218,			0.054
522,	1,	126.0,	154.879,			1.844,			0.113,			0.057
523,	1,	146.0,	154.983,			2.96,			0.161,			0.057
524,	1,	6.0,	155.045,			1.489,			0.198,			0.06
525,	1,	498.0,	155.194,			1.769,			0.108,			0.059
526,	2,	140.0,	155.242,			14.219,			1.051,			0.173
527,	1,	7.0,	155.252,			2.576,			0.247,			0.055
528,	1,	6.0,	155.286,			2.088,			0.219,			0.057
529,	2,	231.0,	155.32,			14.961,			1.083,			0.158
530,	1,	146.0,	155.425,			2.984,			0.249,			0.05
531,	1,	214.0,	155.465,			2.799,			0.235,			0.058
532,	2,	63.0,	155.536,			10.977,			1.495,			0.147
533,	1,	95.0,	155.58,			1.631,			0.146,			0.052
534,	1,	95.0,	155.642,			2.157,			0.119,			0.055
535,	1,	7.0,	155.855,			2.11,			0.279,			0.051
536,	1,	59.0,	155.911,			1.141,			0.254,			0.051
537,	1,	126.0,	155.923,			2.398,			0.191,			0.05
538,	1,	10.0,	156.023,			2.618,			0.234,			0.056
539,	1,	49.0,	156.05,			1.588,			0.166,			0.053
540,	1,	49.0,	156.058,			2.0,			0.166,			0.054
541,	1,	559.0,	156.116,			2.642,			0.217,			0.052
542,	1,	44.0,	156.118,			1.047,			0.113,			0.053
543,	1,	30.0,	156.242,			2.768,			0.165,			0.056
544,	1,	30.0,	156.445,			2.976,			0.286,			0.054
545,	1,	7.0,	156.49,			1.532,			0.146,			0.057
546,	1,	126.0,	156.569,			1.483,			0.206,			0.05
547,	1,	498.0,	156.619,			1.443,			0.124,			0.051
548,	1,	7.0,	156.739,			2.901,			0.145,			0.053
549,	1,	559.0,	156.854,			1.283,			0.206,			0.051
550,	1,	498.0,	156.894,			1.075,			0.27,			0.051
551,	1,	126.0,	157.001,			2.407,			0.148,			0.053
552,	1,	447.0,	157.475,			2.509,			0.195,			0.056
553,	2,	136.0,	157.477,			13.528,			1.365,			0.191
554,	1,	16.0,	157.502,			1.601,			0.114,			0.058
555,	1,	95.0,	157.57,			1.211,			0.22,			0.051
556,	1,	7.0,	157.731,			2.122,			0.216,			0.05
557,	1,	16.0,	158.059,			2.293,			0.235,			0.053
558,	1,	7.0,	158.14,			2.955,			0.11,			0.053
559,	1,	7.0,	158.253,			1.651,			0.103,			0.06
560,	1,	498.0,	158.29,			1.467,			0.233,			0.052
561,	1,	44.0,	158.3,			1.654,			0.139,			0.054
562,	1,	49.0,	158.375,			2.379,			0.254,			0.052
563,	2,	187.0,	158.624,			13.798,			1.212,			0.104
564,	1,	59.0,	158.656,			1.296,			0.244,			0.058
565,	1,	95.0,	158.99,			1.169,			0.192,			0.059
566,	2,	221.0,	159.193,			14.934,			1.018,			0.129
567,	1,	169.0,	159.287,			1.73,			0.138,			0.051
568,	1,	447.0,	159.313,			1.61,			0.214,			0.056
569,	1,	214.0,	159.384,			2.673,			0.217,			0.055
570,	1,	28.0,	159.682,			2.632,			0.279,			0.051
571,	1,	49.0,	159.697,			2.879,			0.266,			0.059
572,	1,	16.0,	159.711,			1.043,			0.133,			0.06
573,	1,	498.0,	159.733,			1.008,			0.177,			0.057
574,	1,	13.0,	160.13,			2.957,			0.102,			0.05
575,	1,	30.0,	160.384,			1.79,			0.124,			0.059
576,	1,	498.0,	160.74,			2.237,			0.279,			0.056
577,	1,	7.0,	161.163,			1.595,			0.134,			0.059
578,	1,	146.0,	161.75,			2.673,			0.108,			0.053
579,	1,	7.0,	161.779,			1.038,			0.293,			0.06
580,	1,	6.0,	161.86,			1.296,			0.212,			0.057
581,	1,	447.0,	161.87,			2.643,			0.231,			0.055
582,	1,	16.0,	161.942,			2.631,			0.238,			0.05
583,	1,	379.0,	161.965,			1.868,			0.205,			0.054
584,	1,	95.0,	162.262,			2.398,			0.215,			0.051
585,	1,	13.0,	162.455,			2.795,			0.184,			0.055
586,	1,	387.0,	162.685,			1.709,			0.195,			0.054
587,	1,	95.0,	162.693,			2.454,			0.137,			0.058
588,	1,	6.0,	162.844,			2.612,			0.299,			0.06
589,	1,	512.0,	162.983,			1.426,			0.215,			0.06
590,	1,	30.0,	163.067,			1.486,			0.238,			0.051
591,	1,	7.0,	163.11,			2.545,			0.254,			0.06
592,	1,	447.0,	163.122,			1.651,			0.294,			0.058
593,	1,	512.0,	163.214,			2.324,			0.252,			0.058
594,	1,	126.0,	163.296,			2.098,			0.242,			0.056
595,	1,	387.0,	163.49,			2.398,			0.252,			0.055
596,	1,	512.0,	163.708,			1.407,			0.297,			0.052
597,	1,	90.0,	163.729,			1.018,			0.271,			0.051
598,	2,	112.0,	163.753,			14.715,			1.165,			0.164
599,	2,	205.0,	163.851,			14.464,			1.375,			0.164
600,	1,	120.0,	163.936,			2.143,			0.206,			0.053
601,	1,	379.0,	164.051,			1.537,			0.142,			0.051
602,	1,	559.0,	164.197,			2.43,			0.192,			0.055
603,	1,	498.0,	164.222,			1.639,			0.293,			0.057
604,	1,	7.0,	164.327,			1.383,			0.239,			0.057
605,	1,	13.0,	164.466,			1.27,			0.161,			0.055
606,	1,	146.0,	164.649,			2.132,			0.186,			0.053
607,	1,	7.0,	164.908,			2.525,			0.273,			0.053
608,	1,	7.0,	164.908,			1.039,			0.177,			0.05
609,	1,	169.0,	165.046,			2.903,			0.259,			0.059
610,	1,	7.0,	165.102,			1.962,			0.119,			0.056
611,	1,	379.0,	165.47,			1.728,			0.146,			0.057
612,	1,	447.0,	165.501,			1.14,			0.228,			0.057
613,	2,	132.0,	165.582,			11.178,			1.473,			0.15
614,	1,	214.0,	165.634,			2.645,			0.242,			0.051
615,	2,	169.0,	165.777,			13.963,			1.012,			0.105
616,	1,	10.0,	165.847,			2.763,			0.247,			0.058
617,	1,	379.0,	165.971,			2.553,			0.25,			0.055
618,	1,	498.0,	166.002,			2.288,			0.217,			0.056
619,	1,	28.0,	166.056,			2.491,			0.218,			0.051
620,	1,	447.0,	166.116,			1.317,			0.166,			0.055
621,	1,	7.0,	166.166,			1.188,			0.162,			0.06
622,	1,	157.0,	166.236,			2.852,			0.257,			0.058
623,	2,	166.0,	166.473,			12.206,			1.205,			0.126
624,	1,	157.0,	166.489,			2.138,			0.165,			0.051
625,	1,	126.0,	166.565,			1.869,			0.17,			0.055
626,	1,	6.0,	166.918,			1.941,			0.286,			0.051
627,	1,	13.0,	166.926,			2.559,			0.276,			0.05
628,	1,	559.0,	167.014,			1.12,			0.239,			0.052
629,	1,	90.0,	167.025,			1.499,			0.223,			0.05
630,	1,	7.0,	167.163,			1.912,			0.194,			0.055
631,	1,	95.0,	167.461,			2.999,			0.189,			0.057
632,	1,	44.0,	167.726,			2.939,			0.243,			0.06
633,	1,	7.0,	167.804,			2.865,			0.12,			0.06
634,	1,	6.0,	167.973,			1.807,			0.161,			0.051
635,	1,	16.0,	168.037,			2.663,			0.295,			0.054
636,	1,	49.0,	168.239,			2.554,			0.17,			0.052
637,	1,	7.0,	168.462,			1.484,			0.202,			0.053
638,	1,	7.0,	168.571,			2.78,			0.161,			0.053
639,	1,	95.0,	168.577,			2.193,			0.175,			0.058
640,	2,	100.0,	169.056,			10.476,			1.075,			0.123
641,	1,	6.0,	169.169,			1.988,			0.106,			0.052
642,	1,	512.0,	169.244,			1.878,			0.179,			0.052
643,	1,	6.0,	169.367,			1.791,			0.162,			0.052
644,	1,	7.0,	169.477,			1.314,			0.129,			0.055
645,	1,	7.0,	169.528,			2.631,			0.2,			0.054
646,	2,	197.0,	169.529,			12.287,			1.369,			0.186
647,	1,	13.0,	169.563,			1.657,			0.192,			0.058
648,	1,	498.0,	169.667,			1.879,			0.251,			0.056
649,	1,	387.0,	169.948,			1.114,			0.225,			0.06
650,	1,	7.0,	170.178,			2.43,			0.23,			0.056
651,	1,	120.0,	170.233,			1.386,			0.23,			0.052
652,	1,	59.0,	170.296,			1.114,			0.151,			0.06
653,	1,	13.0,	170.465,			2.388,			0.226,			0.052
654,	1,	103.0,	170.804,			1.08,			0.188,			0.057
655,	1,	30.0,	170.933,			1.64,			0.151,			0.054
656,	2,	150.0,	171.025,			12.132,			1.346,			0.161
657,	1,	44.0,	171.191,			1.103,			0.274,			0.055
658,	1,	379.0,	171.208,			1.334,			0.282,			0.057
659,	1,	30.0,	171.237,			1.485,			0.182,			0.056
660,	1,	214.0,	171.456,			2.013,			0.15,			0.055
661,	1,	49.0,	171.508,			1.985,			0.238,			0.054
662,	1,	6.0,	171.536,			1.984,			0.151,			0.057
663,	1,	7.0,	171.557,			1.105,			0.111,			0.053
664,	2,	99.0,	171.894,			14.323,			1.304,			0.122
665,	1,	379.0,	171.914,			1.64,			0.16,			0.053
666,	1,	44.0,	172.223,			2.991,			0.142,			0.051
667,	1,	103.0,	172.269,			1.956,			0.215,			0.059
668,	1,	13.0,	172.504,			1.441,			0.285,			0.057
669,	1,	7.0,	172.876,			1.566,			0.205,			0.057
670,	1,	28.0,	172.949,			1.119,			0.239,			0.059
671,	1,	13.0,	173.069,			1.86,			0.174,			0.056
672,	1,	59.0,	173.118,			2.288,			0.272,			0.058
673,	1,	7.0,	173.276,			2.013,			0.225,			0.054
674,	1,	103.0,	173.288,			1.25,			0.151,			0.058
675,	1,	6.0,	173.289,			2.549,			0.157,			0.053
676,	1,	13.0,	173.382,			1.103,			0.199,			0.053
677,	1,	44.0,	173.437,			1.494,			0.203,			0.057
678,	1,	214.0,	173.575,			2.252,			0.186,			0.051
679,	1,	7.0,	173.85,			2.525,			0.128,			0.06
680,	1,	7.0,	173.996,			2.881,			0.258,			0.055
681,	1,	13.0,	174.298,			2.08,			0.19,			0.053
682,	1,	13.0,	174.548,			1.357,			0.299,			0.055
683,	1,	7.0,	174.574,			2.436,			0.248,			0.06
684,	1,	44.0,	174.705,			1.011,			0.281,			0.059
685,	2,	202.0,	174.918,			10.225,			1.049,			0.198
686,	1,	379.0,	174.93,			1.692,			0.155,			0.053
687,	2,	106.0,	175.047,			13.299,			1.288,			0.104
688,	1,	214.0,	175.147,			2.302,			0.217,			0.055
689,	1,	387.0,	175.222,			1.287,			0.154,			0.059
690,	1,	157.0,	176.114,			1.844,			0.213,			0.053
691,	1,	103.0,	176.909,			1.783,			0.212,			0.058
692,	1,	95.0,	176.984,			2.954,			0.146,			0.06
693,	1,	49.0,	177.18,			1.029,			0.239,			0.056
694,	1,	120.0,	177.687,			2.872,			0.146,			0.055
695,	1,	103.0,	178.192,			1.64,			0.296,			0.057
696,	1,	6.0,	178.418,			2.087,			0.164,			0.06
697,	1,	6.0,	179.003,			2.562,			0.118,			0.06
698,	2,	51.0,	179.238,			10.756,			1.314,			0.177
699,	1,	7.0,	179.375,			1.028,			0.17,			0.051
700,	1,	59.0,	179.515,			2.167,			0.222,			0.058
701,	1,	7.0,	179.866,			2.509,			0.134,			0.054
702,	1,	103.0,	180.058,			2.148,			0.103,			0.053
703,	2,	257.0,	180.896,			11.423,			1.377,			0.104
704,	1,	498.0,	181.074,			1.79,			0.255,			0.055
705,	1,	157.0,	181.078,			1.876,			0.231,			0.052
706,	1,	13.0,	181.307,			1.314,			0.139,			0.058
707,	1,	59.0,	181.44,			1.269,			0.142,			0.053
708,	1,	10.0,	181.579,			1.542,			0.243,			0.053
709,	1,	126.0,	181.786,			2.265,			0.171,			0.05
710,	1,	169.0,	181.853,			2.047,			0.161,			0.056
711,	1,	559.0,	181.907,			1.187,			0.159,			0.055
712,	2,	134.0,	181.997,			12.987,			1.12,			0.199
713,	1,	7.0,	182.399,			2.796,			0.15,			0.055
714,	1,	90.0,	182.45,			2.847,			0.126,			0.056
715,	1,	126.0,	182.893,			2.576,			0.244,			0.057
716,	1,	6.0,	183.408,			1.631,			0.253,			0.058
717,	1,	49.0,	183.501,			1.919,			0.259,			0.053
718,	1,	512.0,	183.769,			2.58,			0.203,			0.057
719,	1,	95.0,	183.785,			1.367,			0.237,			0.057
720,	1,	6.0,	183.91,			2.87,			0.272,			0.058
721,	1,	10.0,	183.927,			1.731,			0.2,			0.053
722,	1,	44.0,	184.1,			1.044,			0.275,			0.053
723,	1,	49.0,	184.257,			1.078,			0.226,			0.051
724,	1,	103.0,	184.339,			2.621,			0.168,			0.05
725,	1,	7.0,	184.421,			1.679,			0.179,			0.059
726,	1,	13.0,	184.692,			2.131,			0.271,			0.051
727,	1,	214.0,	185.446,			1.229,			0.294,			0.054
728,	1,	13.0,	185.454,			2.197,			0.249,			0.058
729,	1,	146.0,	185.511,			2.544,			0.177,			0.053
730,	1,	120.0,	185.852,			1.645,			0.211,			0.057
731,	1,	146.0,	186.054,			2.697,			0.169,			0.052
732,	1,	146.0,	186.566,			1.104,			0.278,			0.055
733,	1,	447.0,	186.78,			1.357,			0.245,			0.052
734,	1,	95.0,	187.004,			2.834,			0.232,			0.058
735,	1,	120.0,	187.401,			2.03,			0.238,			0.051
736,	2,	106.0,	187.617,			10.491,			1.366,			0.164
737,	1,	120.0,	187.856,			2.366,			0.265,			0.059
738,	1,	126.0,	187.975,			1.011,			0.145,			0.059
739,	1,	44.0,	188.611,			1.043,			0.287,			0.052
740,	1,	95.0,	188.631,			1.752,			0.18,			0.057
741,	1,	6.0,	188.805,			1.431,			0.229,			0.051
742,	1,	10.0,	188.815,			1.243,			0.175,			0.06
743,	1,	30.0,	188.861,			2.759,			0.106,			0.051
744,	1,	103.0,	188.909,			2.569,			0.103,			0.056
745,	1,	13.0,	189.316,			1.731,			0.124,			0.052
746,	2,	129.0,	189.656,			12.236,			1.491,			0.108
747,	1,	126.0,	189.946,			1.515,			0.2,			0.058
748,	1,	44.0,	190.11,			1.188,			0.28,			0.055
749,	1,	59.0,	190.133,			2.568,			0.177,			0.057
750,	1,	7.0,	190.22,			2.425,			0.284,			0.059
751,	1,	214.0,	191.431,			2.013,			0.28,			0.056
752,	1,	103.0,	191.53,			2.194,			0.198,			0.059
753,	1,	447.0,	191.97,			2.349,			0.225,			0.052
754,	1,	103.0,	191.975,			1.471,			0.249,			0.053
755,	2,	147.0,	192.082,			10.769,			1.464,			0.142
756,	1,	146.0,	192.166,			1.291,			0.244,			0.053
757,	1,	146.0,	192.268,			2.013,			0.205,			0.056
758,	1,	59.0,	192.5,			2.034,			0.184,			0.052
759,	1,	512.0,	192.53,			1.561,			0.185,			0.05
760,	1,	6.0,	192.723,			1.155,			0.164,			0.057
761,	1,	559.0,	192.987,			2.973,			0.124,			0.05
762,	1,	6.0,	193.023,			2.025,			0.251,			0.059
763,	1,	126.0,	193.026,			2.14,			0.212,			0.051
764,	1,	387.0,	193.038,			1.245,			0.139,			0.058
765,	1,	103.0,	193.116,			1.232,			0.175,			0.054
766,	1,	6.0,	193.202,			1.609,			0.116,			0.052
767,	1,	512.0,	193.496,			2.819,			0.267,			0.059
768,	1,	7.0,	193.583,			2.757,			0.116,			0.052
769,	1,	559.0,	193.639,			1.966,			0.272,			0.054
770,	1,	447.0,	194.006,			1.561,			0.234,			0.056
771,	1,	214.0,	194.205,			2.384,			0.161,			0.057
772,	1,	157.0,	194.323,			1.155,			0.294,			0.059
773,	1,	169.0,	194.434,			1.566,			0.204,			0.05
774,	1,	7.0,	194.597,			2.748,			0.289,			0.053
775,	1,	512.0,	194.705,			1.539,			0.279,			0.06
776,	1,	7.0,	195.439,			2.322,			0.2,			0.057
777,	1,	95.0,	196.071,			1.575,			0.281,			0.053
778,	1,	7.0,	196.35,			1.757,			0.2,			0.053
779,	1,	44.0,	196.625,			1.862,			0.277,			0.051
780,	1,	28.0,	197.051,			1.752,			0.289,			0.051
781,	1,	59.0,	197.459,			1.911,			0.294,			0.057
782,	1,	59.0,	197.823,			2.87,			0.145,			0.057
783,	1,	447.0,	198.052,			1.761,			0.138,			0.052
784,	2,	91.0,	198.31,			14.083,			1.321,			0.164
785,	1,	498.0,	198.427,			2.384,			0.236,			0.056
786,	1,	512.0,	198.932,			2.58,			0.118,			0.055
787,	1,	126.0,	199.103,			2.138,			0.176,			0.056
788,	1,	44.0,	199.242,			2.103,			0.144,			0.053
789,	1,	13.0,	199.386,			2.542,			0.238,			0.052
790,	1,	16.0,	199.419,			2.76,			0.236,			0.059
791,	1,	7.0,	199.423,			1.733,			0.163,			0.054
792,	1,	59.0,	199.504,			1.988,			0.234,			0.054
793,	1,	95.0,	199.565,			1.883,			0.257,			0.059
794,	2,	220.0,	199.714,			11.884,			1.043,			0.192
795,	1,	6.0,	200.122,			1.007,			0.156,			0.054
796,	1,	559.0,	200.123,			1.435,			0.289,			0.051
797,	1,	447.0,	200.39,			2.8,			0.156,			0.059
798,	1,	512.0,	200.4,			2.133,			0.21,			0.054
799,	1,	512.0,	200.466,			1.639,			0.3,			0.053
800,	1,	6.0,	201.043,			1.296,			0.101,			0.054
801,	1,	157.0,	201.222,			1.416,			0.171,			0.051
802,	1,	214.0,	201.44,			1.289,			0.129,			0.053
803,	2,	198.0,	201.557,			13.557,			1.461,			0.172
804,	1,	10.0,	201.747,			1.426,			0.169,			0.053
805,	1,	44.0,	201.999,			2.616,			0.214,			0.06
806,	1,	512.0,	202.37,			1.45,			0.139,			0.05
807,	1,	7.0,	202.463,			1.178,			0.14,			0.051
808,	1,	7.0,	202.514,			1.076,			0.236,			0.057
809,	2,	133.0,	202.565,			10.669,			1.06,			0.105
810,	1,	44.0,	203.071,			2.643,			0.189,			0.056
811,	1,	120.0,	203.173,			2.834,			0.24,			0.056
812,	2,	63.0,	203.255,			12.955,			1.418,			0.129
813,	1,	157.0,	203.287,			2.568,			0.133,			0.051
814,	1,	379.0,	203.605,			2.407,			0.192,			0.053
815,	1,	169.0,	204.037,			2.037,			0.241,			0.06
816,	1,	498.0,	204.11,			2.193,			0.202,			0.05
817,	1,	49.0,	204.298,			1.864,			0.241,			0.053
818,	1,	44.0,	204.346,			2.084,			0.236,			0.053
819,	1,	498.0,	204.491,			1.625,			0.124,			0.057
820,	1,	447.0,	204.616,			1.932,			0.172,			0.054
821,	2,	220.0,	204.843,			12.363,			1.303,			0.185
822,	1,	498.0,	204.879,			2.628,			0.162,			0.058
823,	1,	6.0,	205.16,			1.158,			0.272,			0.053
824,	1,	387.0,	205.412,			1.095,			0.118,			0.054
825,	1,	214.0,	205.492,			1.071,			0.16,			0.059
826,	1,	512.0,	205.857,			2.087,			0.139,			0.058
827,	1,	28.0,	206.109,			1.191,			0.15,			0.059
828,	1,	90.0,	206.202,			2.096,			0.153,			0.059
829,	2,	137.0,	206.275,			10.521,			1.048,			0.14
830,	1,	214.0,	206.285,			1.791,			0.236,			0.052
831,	1,	214.0,	206.492,			2.711,			0.247,			0.051
832,	1,	28.0,	206.635,			2.571,			0.292,			0.058
833,	1,	512.0,	206.685,			1.543,			0.161,			0.052
834,	1,	169.0,	206.757,			2.797,			0.168,			0.055
835,	1,	90.0,	206.832,			1.597,			0.288,			0.052
836,	1,	44.0,	207.151,			1.262,			0.221,			0.05
837,	1,	6.0,	207.204,			1.515,			0.249,			0.055
838,	1,	44.0,	207.483,			2.659,			0.113,			0.053
839,	1,	10.0,	207.578,			1.86,			0.165,			0.053
840,	2,	127.0,	207.588,			12.767,			1.4,			0.161
841,	1,	126.0,	207.945,			2.866,			0.262,			0.052
842,	1,	120.0,	208.152,			2.2,			0.22,			0.053
843,	1,	214.0,	208.257,			1.708,			0.241,			0.059
844,	1,	28.0,	208.258,			1.515,			0.121,			0.054
845,	1,	49.0,	208.266,			2.879,			0.186,			0.059
846,	1,	146.0,	208.512,			2.226,			0.14,			0.051
847,	1,	512.0,	208.525,			2.957,			0.174,			0.059
848,	1,	13.0,	208.659,			2.697,			0.297,			0.06
849,	1,	126.0,	208.695,			2.807,			0.252,			0.058
850,	2,	115.0,	209.196,			10.702,			1.056,			0.199
851,	1,	157.0,	209.542,			1.645,			0.25,			0.057
852,	1,	169.0,	209.696,			1.293,			0.162,			0.058
853,	1,	10.0,	209.825,			1.811,			0.267,			0.059
854,	2,	210.0,	210.281,			11.915,			1.171,			0.157
855,	1,	379.0,	210.719,			2.52,			0.153,			0.057
856,	1,	146.0,	211.729,			2.492,			0.22,			0.054
857,	2,	127.0,	211.89,			13.071,			1.401,			0.194
858,	1,	59.0,	211.942,			2.279,			0.133,			0.053
859,	2,	219.0,	212.224,			14.646,			1.211,			0.142
860,	1,	512.0,	212.452,			1.496,			0.285,			0.06
861,	1,	10.0,	212.664,			1.841,			0.239,			0.059
862,	1,	44.0,	212.693,			1.561,			0.173,			0.057
863,	1,	7.0,	212.853,			2.675,			0.15,			0.051
864,	1,	59.0,	213.155,			2.832,			0.249,			0.057
865,	1,	44.0,	213.212,			2.366,			0.283,			0.052
866,	1,	95.0,	213.255,			2.9,			0.251,			0.058
867,	2,	147.0,	213.403,			12.313,			1.121,			0.158
868,	2,	169.0,	213.574,			10.383,			1.268,			0.135
869,	2,	57.0,	214.211,			10.316,			1.187,			0.137
870,	1,	169.0,	214.651,			1.293,			0.159,			0.053
871,	2,	214.0,	214.74,			11.162,			1.121,			0.129
872,	1,	7.0,	215.216,			1.031,			0.135,			0.051
873,	1,	7.0,	215.693,			2.9,			0.283,			0.051
874,	1,	146.0,	215.835,			2.034,			0.114,			0.051
875,	1,	7.0,	215.859,			1.982,			0.222,			0.05
876,	1,	7.0,	217.287,			1.307,			0.138,			0.051
877,	1,	6.0,	217.309,			1.173,			0.293,			0.055
878,	1,	95.0,	217.407,			1.589,			0.103,			0.054
879,	1,	157.0,	217.965,			2.116,			0.187,			0.06
880,	1,	559.0,	218.214,			2.542,			0.241,			0.058
881,	2,	72.0,	218.655,			11.69,			1.101,			0.182
882,	1,	512.0,	218.803,			2.568,			0.244,			0.052
883,	2,	98.0,	219.256,			12.401,			1.438,			0.125
884,	1,	30.0,	219.513,			1.096,			0.258,			0.052
885,	1,	30.0,	219.78,			2.976,			0.223,			0.055
886,	1,	6.0,	219.894,			2.819,			0.103,			0.053
887,	1,	7.0,	220.354,			2.323,			0.188,			0.055
888,	1,	7.0,	220.386,			2.379,			0.238,			0.054
889,	1,	157.0,	220.699,			2.653,			0.259,			0.058
890,	1,	44.0,	221.857,			1.613,			0.174,			0.06
891,	1,	6.0,	222.465,			1.752,			0.25,			0.052
892,	2,	261.0,	222.746,			13.792,			1.029,			0.17
893,	1,	30.0,	223.805,			1.018,			0.127,			0.057
894,	1,	379.0,	224.102,			1.811,			0.146,			0.057
895,	1,	214.0,	224.168,			1.141,			0.194,			0.05
896,	2,	229.0,	224.73,			10.173,			1.431,			0.147
897,	1,	13.0,	224.822,			1.386,			0.161,			0.059
898,	1,	6.0,	225.122,			1.455,			0.197,			0.055
899,	1,	13.0,	225.25,			2.2,			0.255,			0.052
900,	1,	7.0,	225.309,			2.225,			0.256,			0.056
901,	1,	59.0,	225.372,			1.869,			0.256,			0.057
902,	1,	103.0,	225.592,			2.016,			0.124,			0.055
903,	2,	242.0,	225.67,			10.298,			1.086,			0.139
904,	1,	7.0,	226.029,			2.866,			0.253,			0.059
905,	2,	139.0,	226.539,			10.769,			1.268,			0.13
906,	2,	113.0,	227.064,			10.978,			1.31,			0.152
907,	1,	447.0,	228.492,			1.653,			0.25,			0.052
908,	1,	120.0,	229.141,			1.22,			0.161,			0.058
909,	1,	90.0,	230.262,			1.071,			0.182,			0.056
910,	1,	157.0,	230.278,			1.188,			0.265,			0.057
911,	2,	193.0,	230.472,			10.697,			1.022,			0.156
912,	1,	95.0,	230.516,			2.568,			0.198,			0.056
913,	2,	66.0,	230.776,			11.017,			1.042,			0.184
914,	1,	6.0,	230.786,			1.426,			0.222,			0.05
915,	1,	59.0,	230.887,			1.587,			0.225,			0.058
916,	1,	95.0,	230.916,			2.789,			0.129,			0.052
917,	1,	44.0,	231.357,			1.928,			0.256,			0.057
918,	1,	16.0,	232.433,			1.581,			0.29,			0.051
919,	1,	49.0,	232.538,			1.406,			0.12,			0.055
920,	1,	559.0,	233.563,			2.8,			0.175,			0.055
921,	1,	126.0,	233.842,			1.382,			0.284,			0.058
922,	2,	62.0,	233.975,			14.136,			1.3,			0.131
923,	1,	30.0,	234.456,			1.293,			0.141,			0.055
924,	1,	126.0,	234.459,			2.449,			0.222,			0.057
925,	1,	7.0,	236.003,			2.661,			0.178,			0.055
926,	2,	208.0,	236.73,			13.086,			1.051,			0.117
927,	1,	7.0,	237.201,			1.331,			0.159,			0.056
928,	1,	157.0,	237.758,			1.499,			0.231,			0.057
929,	2,	174.0,	239.312,			14.721,			1.097,			0.17
930,	1,	44.0,	239.459,			1.927,			0.129,			0.058
931,	2,	141.0,	239.487,			10.921,			1.32,			0.137
932,	2,	187.0,	239.992,			12.206,			1.484,			0.183
933,	1,	559.0,	240.088,			2.901,			0.115,			0.05
934,	2,	129.0,	240.5,			13.273,			1.121,			0.198
935,	1,	16.0,	240.905,			2.269,			0.28,			0.053
936,	2,	158.0,	241.315,			14.53,			1.417,			0.151
937,	1,	103.0,	243.148,			2.735,			0.159,			0.057
938,	2,	208.0,	243.152,			13.557,			1.349,			0.194
939,	1,	13.0,	243.49,			2.52,			0.173,			0.058
940,	1,	169.0,	244.125,			2.03,			0.16,			0.058
941,	1,	59.0,	244.145,			1.269,			0.17,			0.054
942,	1,	379.0,	244.533,			1.168,			0.145,			0.051
943,	1,	30.0,	245.311,			1.263,			0.217,			0.058
944,	2,	142.0,	246.856,			13.05,			1.285,			0.13
945,	2,	138.0,	246.898,			12.141,			1.227,			0.129
946,	1,	498.0,	246.968,			1.168,			0.141,			0.056
947,	1,	30.0,	247.559,			1.659,			0.149,			0.052
948,	1,	10.0,	248.128,			2.318,			0.172,			0.054
949,	1,	59.0,	248.311,			1.799,			0.219,			0.058
950,	2,	63.0,	249.929,			14.276,			1.089,			0.187
951,	2,	143.0,	250.908,			11.371,			1.121,			0.119
952,	1,	7.0,	251.675,			1.325,			0.26,			0.056
953,	2,	97.0,	252.201,			11.371,			1.103,			0.178
954,	1,	146.0,	252.417,			1.442,			0.135,			0.059
955,	1,	95.0,	252.792,			2.013,			0.106,			0.054
956,	1,	498.0,	252.838,			1.134,			0.126,			0.058
957,	1,	13.0,	253.13,			1.715,			0.216,			0.059
958,	1,	146.0,	254.192,			2.065,			0.156,			0.052
959,	1,	44.0,	256.382,			1.285,			0.149,			0.06
960,	2,	89.0,	256.796,			11.672,			1.254,			0.106
961,	1,	49.0,	259.633,			1.756,			0.131,			0.05
962,	1,	7.0,	262.098,			1.731,			0.124,			0.059
963,	2,	102.0,	263.412,			12.733,			1.126,			0.19
964,	2,	114.0,	263.42,			11.289,			1.222,			0.177
965,	2,	121.0,	263.499,			14.566,			1.253,			0.147
966,	2,	214.0,	264.287,			11.689,			1.192,			0.101
967,	1,	169.0,	265.785,			1.541,			0.134,			0.053
968,	2,	88.0,	265.901,			13.209,			1.366,			0.173
969,	2,	182.0,	266.927,			14.76,			1.32,			0.137
970,	1,	44.0,	268.728,			2.991,			0.146,			0.057
971,	2,	171.0,	268.923,			12.564,			1.289,			0.181
972,	2,	234.0,	269.165,			13.135,			1.202,			0.112
973,	1,	7.0,	269.939,			2.799,			0.227,			0.056
974,	1,	559.0,	271.955,			2.232,			0.175,			0.052
975,	2,	121.0,	272.552,			11.639,			1.109,			0.169
976,	1,	59.0,	273.322,			2.303,			0.2,			0.06
977,	2,	131.0,	274.925,			13.758,			1.372,			0.136
978,	2,	103.0,	275.267,			12.4,			1.044,			0.163
979,	2,	358.0,	275.823,			12.242,			1.073,			0.118
980,	2,	163.0,	276.313,			12.849,			1.341,			0.151
981,	2,	207.0,	277.628,			10.074,			1.31,			0.127
982,	2,	220.0,	278.472,			11.69,			1.121,			0.151
983,	2,	276.0,	283.161,			12.299,			1.231,			0.141
984,	2,	203.0,	283.21,			13.469,			1.421,			0.131
985,	2,	106.0,	285.619,			11.666,			1.175,			0.194
986,	2,	124.0,	285.654,			11.39,			1.374,			0.108
987,	2,	160.0,	285.679,			13.892,			1.218,			0.104
988,	2,	193.0,	286.001,			11.677,			1.22,			0.128
989,	2,	261.0,	287.645,			11.575,			1.484,			0.106
990,	2,	133.0,	288.534,			13.671,			1.493,			0.138
991,	2,	100.0,	291.05,			14.921,			1.211,			0.177
992,	2,	240.0,	291.224,			13.169,			1.182,			0.189
993,	2,	126.0,	291.678,			12.144,			1.457,			0.116
994,	2,	111.0,	292.008,			10.187,			1.124,			0.144
995,	1,	157.0,	292.662,			2.777,			0.146,			0.055
996,	2,	223.0,	295.669,			12.792,			1.175,			0.169
997,	2,	58.0,	296.803,			11.262,			1.203,			0.113
998,	2,	214.0,	298.022,			10.9,			1.012,			0.199
999,	2,	293.0,	299.911,			12.368,			1.219,			0.161
1000,	1,	512.0,	300.0,			2.99,			0.136,			0.05
