#, task_type_id, size, arrival_time,	execution_time_cpu,	execution_time_gpu,	execution_time_CLOUD
1,	1,	30.0,	0.0,			1.548,			0.211,			0.051
2,	1,	16.0,	0.0,			1.496,			0.101,			0.054
3,	1,	7.0,	0.0,			2.158,			0.259,			0.051
4,	1,	95.0,	6.987,			1.879,			0.104,			0.052
5,	2,	100.0,	9.746,			10.307,			1.249,			0.169
6,	2,	160.0,	9.884,			13.038,			1.272,			0.196
7,	1,	7.0,	11.696,			2.759,			0.185,			0.052
8,	1,	169.0,	12.276,			1.372,			0.216,			0.059
9,	2,	219.0,	12.468,			10.769,			1.437,			0.122
10,	2,	96.0,	13.239,			14.859,			1.023,			0.194
11,	2,	159.0,	13.542,			13.61,			1.185,			0.191
12,	2,	237.0,	14.159,			14.183,			1.189,			0.192
13,	2,	181.0,	15.412,			11.28,			1.047,			0.157
14,	2,	126.0,	19.767,			10.921,			1.438,			0.106
15,	2,	110.0,	19.804,			13.162,			1.386,			0.183
16,	2,	174.0,	20.087,			11.387,			1.07,			0.123
17,	2,	214.0,	20.638,			14.481,			1.332,			0.12
18,	1,	512.0,	22.897,			2.984,			0.208,			0.058
19,	2,	61.0,	23.501,			14.206,			1.211,			0.198
20,	1,	214.0,	25.014,			2.916,			0.199,			0.06
21,	2,	257.0,	29.024,			10.669,			1.015,			0.119
22,	1,	214.0,	32.397,			2.56,			0.237,			0.057
23,	1,	512.0,	32.565,			1.116,			0.125,			0.054
24,	2,	149.0,	33.377,			12.046,			1.058,			0.117
25,	2,	227.0,	33.515,			10.595,			1.015,			0.133
26,	2,	123.0,	34.798,			11.772,			1.491,			0.173
27,	2,	147.0,	36.053,			13.016,			1.065,			0.127
28,	2,	200.0,	37.695,			11.238,			1.166,			0.197
29,	1,	6.0,	38.531,			1.213,			0.14,			0.054
30,	2,	192.0,	38.934,			11.588,			1.251,			0.175
31,	1,	13.0,	39.336,			1.72,			0.212,			0.051
32,	2,	112.0,	39.435,			11.075,			1.465,			0.116
33,	2,	77.0,	40.563,			14.314,			1.393,			0.148
34,	2,	103.0,	40.692,			11.411,			1.222,			0.165
35,	1,	169.0,	41.666,			2.366,			0.226,			0.056
36,	1,	13.0,	43.266,			2.425,			0.294,			0.055
37,	1,	498.0,	43.41,			1.525,			0.144,			0.057
38,	2,	76.0,	43.713,			13.86,			1.465,			0.177
39,	1,	30.0,	43.792,			1.509,			0.176,			0.06
40,	2,	224.0,	44.608,			11.265,			1.058,			0.167
41,	1,	126.0,	44.843,			1.482,			0.255,			0.053
42,	2,	89.0,	44.933,			10.782,			1.194,			0.168
43,	1,	49.0,	46.251,			2.418,			0.256,			0.054
44,	1,	7.0,	46.899,			2.446,			0.216,			0.052
45,	2,	230.0,	47.432,			10.099,			1.367,			0.186
46,	1,	146.0,	47.588,			1.285,			0.165,			0.059
47,	2,	201.0,	47.694,			14.906,			1.24,			0.138
48,	2,	248.0,	48.749,			10.269,			1.347,			0.19
49,	2,	257.0,	49.148,			11.536,			1.251,			0.166
50,	1,	49.0,	50.616,			2.571,			0.173,			0.059
51,	2,	196.0,	51.112,			11.933,			1.413,			0.197
52,	1,	126.0,	51.627,			1.4,			0.24,			0.059
53,	1,	90.0,	51.898,			2.874,			0.26,			0.053
54,	2,	88.0,	52.536,			12.107,			1.268,			0.173
55,	1,	6.0,	54.767,			1.913,			0.122,			0.051
56,	1,	126.0,	55.274,			1.162,			0.139,			0.054
57,	1,	44.0,	55.659,			1.168,			0.278,			0.059
58,	2,	140.0,	56.201,			14.741,			1.101,			0.193
59,	1,	120.0,	56.387,			2.777,			0.175,			0.055
60,	1,	7.0,	56.457,			1.86,			0.104,			0.06
61,	2,	153.0,	56.804,			13.404,			1.087,			0.171
62,	2,	53.0,	57.051,			11.043,			1.278,			0.125
63,	1,	44.0,	57.311,			1.35,			0.153,			0.059
64,	1,	447.0,	58.281,			2.467,			0.197,			0.051
65,	1,	13.0,	58.599,			2.006,			0.177,			0.057
66,	1,	214.0,	58.634,			1.737,			0.162,			0.055
67,	2,	253.0,	58.728,			14.492,			1.137,			0.153
68,	1,	126.0,	59.178,			2.085,			0.228,			0.06
69,	1,	126.0,	59.495,			2.661,			0.241,			0.057
70,	2,	229.0,	59.615,			13.458,			1.456,			0.182
71,	1,	16.0,	62.596,			1.97,			0.183,			0.058
72,	1,	157.0,	62.918,			2.779,			0.18,			0.055
73,	1,	44.0,	63.457,			1.731,			0.117,			0.057
74,	1,	44.0,	64.755,			1.314,			0.293,			0.051
75,	1,	44.0,	64.902,			2.857,			0.279,			0.051
76,	1,	169.0,	65.057,			1.915,			0.116,			0.051
77,	1,	126.0,	65.321,			1.144,			0.145,			0.054
78,	1,	214.0,	65.856,			1.398,			0.208,			0.054
79,	1,	44.0,	65.888,			2.122,			0.237,			0.051
80,	1,	6.0,	65.997,			1.489,			0.267,			0.06
81,	2,	224.0,	66.982,			12.372,			1.239,			0.125
82,	1,	13.0,	67.271,			2.298,			0.129,			0.058
83,	1,	44.0,	67.698,			1.862,			0.235,			0.054
84,	1,	44.0,	69.452,			1.861,			0.13,			0.058
85,	2,	207.0,	69.587,			10.707,			1.364,			0.125
86,	1,	30.0,	70.021,			2.148,			0.152,			0.052
87,	1,	95.0,	71.841,			1.441,			0.288,			0.054
88,	2,	200.0,	72.003,			10.404,			1.129,			0.137
89,	1,	90.0,	73.325,			1.36,			0.125,			0.05
90,	1,	126.0,	73.367,			1.01,			0.257,			0.053
91,	2,	44.0,	74.05,			12.313,			1.28,			0.176
92,	1,	49.0,	74.565,			1.701,			0.214,			0.059
93,	1,	28.0,	75.479,			2.623,			0.226,			0.059
94,	1,	6.0,	76.329,			2.628,			0.267,			0.056
95,	1,	30.0,	76.449,			2.548,			0.296,			0.057
96,	2,	155.0,	76.81,			10.277,			1.178,			0.141
97,	1,	387.0,	76.895,			2.223,			0.277,			0.054
98,	2,	203.0,	76.903,			11.342,			1.333,			0.136
99,	2,	137.0,	77.287,			10.548,			1.442,			0.198
100,	1,	157.0,	78.473,			2.943,			0.129,			0.055
101,	1,	59.0,	78.521,			2.673,			0.197,			0.05
102,	1,	16.0,	79.461,			2.968,			0.252,			0.059
103,	1,	10.0,	79.502,			1.421,			0.194,			0.059
104,	1,	103.0,	80.352,			1.496,			0.185,			0.053
105,	1,	7.0,	80.413,			1.513,			0.203,			0.053
106,	1,	447.0,	80.417,			2.503,			0.112,			0.056
107,	1,	49.0,	80.469,			2.684,			0.164,			0.06
108,	1,	7.0,	81.856,			1.243,			0.244,			0.058
109,	1,	157.0,	81.86,			1.694,			0.227,			0.06
110,	1,	7.0,	81.999,			2.622,			0.252,			0.052
111,	2,	326.0,	82.268,			11.834,			1.244,			0.159
112,	1,	30.0,	82.637,			2.509,			0.253,			0.059
113,	1,	6.0,	83.15,			1.46,			0.244,			0.056
114,	1,	44.0,	83.286,			1.211,			0.128,			0.058
115,	1,	6.0,	83.427,			1.933,			0.125,			0.05
116,	1,	120.0,	83.724,			2.838,			0.239,			0.057
117,	1,	90.0,	83.908,			1.096,			0.279,			0.053
118,	1,	447.0,	84.266,			2.9,			0.262,			0.053
119,	1,	169.0,	84.323,			1.509,			0.276,			0.051
120,	1,	59.0,	84.489,			1.968,			0.198,			0.055
121,	2,	194.0,	85.129,			10.9,			1.229,			0.141
122,	1,	447.0,	85.329,			2.888,			0.147,			0.056
123,	2,	100.0,	85.613,			14.157,			1.042,			0.133
124,	2,	104.0,	85.77,			13.943,			1.037,			0.194
125,	1,	7.0,	86.455,			2.181,			0.174,			0.054
126,	1,	498.0,	86.613,			1.398,			0.27,			0.053
127,	1,	90.0,	88.321,			2.288,			0.122,			0.054
128,	1,	44.0,	88.432,			1.612,			0.215,			0.055
129,	1,	7.0,	88.741,			1.737,			0.178,			0.057
130,	1,	6.0,	88.809,			1.784,			0.192,			0.057
131,	1,	7.0,	88.977,			1.031,			0.299,			0.057
132,	1,	214.0,	89.128,			1.651,			0.114,			0.058
133,	1,	28.0,	89.133,			2.198,			0.205,			0.052
134,	1,	28.0,	89.797,			2.866,			0.195,			0.05
135,	1,	157.0,	89.866,			1.626,			0.247,			0.054
136,	1,	10.0,	90.055,			1.432,			0.189,			0.056
137,	1,	6.0,	90.075,			2.132,			0.12,			0.055
138,	1,	512.0,	90.142,			1.639,			0.212,			0.06
139,	1,	157.0,	90.319,			1.028,			0.116,			0.056
140,	2,	124.0,	90.63,			13.262,			1.137,			0.119
141,	1,	10.0,	90.942,			1.025,			0.104,			0.053
142,	1,	59.0,	91.338,			1.104,			0.126,			0.052
143,	1,	512.0,	91.374,			2.252,			0.156,			0.056
144,	2,	69.0,	91.382,			11.078,			1.353,			0.12
145,	1,	6.0,	92.392,			1.756,			0.113,			0.058
146,	1,	387.0,	93.268,			2.369,			0.247,			0.051
147,	1,	44.0,	93.538,			2.565,			0.238,			0.055
148,	1,	169.0,	93.577,			2.559,			0.278,			0.055
149,	1,	16.0,	93.736,			2.346,			0.166,			0.051
150,	2,	260.0,	93.736,			11.864,			1.025,			0.164
151,	1,	95.0,	93.897,			1.97,			0.231,			0.057
152,	1,	214.0,	93.934,			1.225,			0.117,			0.056
153,	1,	44.0,	94.297,			2.653,			0.111,			0.054
154,	1,	16.0,	94.388,			2.91,			0.183,			0.051
155,	1,	157.0,	94.814,			1.086,			0.156,			0.06
156,	1,	30.0,	94.988,			2.661,			0.17,			0.056
157,	1,	559.0,	95.186,			1.933,			0.191,			0.054
158,	1,	28.0,	95.475,			2.063,			0.282,			0.06
159,	1,	157.0,	95.517,			2.418,			0.104,			0.054
160,	1,	6.0,	96.155,			1.719,			0.203,			0.051
161,	1,	7.0,	96.533,			2.896,			0.299,			0.056
162,	2,	164.0,	96.6,			13.737,			1.092,			0.159
163,	2,	222.0,	96.72,			13.784,			1.231,			0.19
164,	1,	10.0,	97.14,			1.413,			0.186,			0.059
165,	1,	90.0,	97.282,			1.99,			0.212,			0.051
166,	2,	206.0,	97.427,			13.86,			1.492,			0.164
167,	1,	95.0,	97.7,			1.283,			0.208,			0.051
168,	1,	512.0,	97.808,			2.116,			0.228,			0.055
169,	1,	90.0,	97.998,			1.245,			0.221,			0.059
170,	2,	241.0,	98.271,			12.162,			1.133,			0.173
171,	1,	6.0,	98.489,			1.296,			0.195,			0.056
172,	1,	13.0,	98.767,			1.861,			0.193,			0.055
173,	1,	498.0,	99.079,			2.238,			0.162,			0.056
174,	1,	44.0,	99.533,			1.532,			0.257,			0.055
175,	2,	203.0,	99.662,			14.528,			1.168,			0.134
176,	1,	146.0,	99.874,			2.567,			0.126,			0.06
177,	1,	379.0,	100.271,			1.683,			0.142,			0.058
178,	1,	44.0,	100.31,			2.03,			0.124,			0.059
179,	1,	157.0,	100.495,			1.483,			0.176,			0.06
180,	2,	219.0,	100.693,			13.595,			1.453,			0.131
181,	1,	6.0,	100.766,			1.009,			0.215,			0.058
182,	1,	498.0,	102.062,			1.805,			0.212,			0.06
183,	1,	157.0,	102.366,			2.379,			0.127,			0.058
184,	1,	6.0,	102.504,			1.241,			0.177,			0.051
185,	1,	498.0,	102.697,			2.983,			0.242,			0.05
186,	2,	338.0,	103.203,			11.834,			1.296,			0.146
187,	1,	214.0,	103.273,			1.952,			0.297,			0.056
188,	2,	192.0,	103.296,			11.92,			1.438,			0.107
189,	2,	227.0,	103.84,			11.237,			1.285,			0.198
190,	1,	387.0,	103.992,			1.031,			0.285,			0.054
191,	1,	30.0,	104.107,			1.27,			0.198,			0.059
192,	1,	498.0,	104.19,			1.434,			0.125,			0.05
193,	2,	96.0,	104.578,			11.28,			1.021,			0.131
194,	2,	186.0,	104.86,			12.664,			1.202,			0.197
195,	1,	103.0,	105.246,			1.969,			0.223,			0.059
196,	1,	146.0,	105.419,			2.559,			0.262,			0.057
197,	1,	7.0,	105.476,			1.296,			0.2,			0.057
198,	1,	157.0,	105.642,			1.511,			0.151,			0.051
199,	1,	7.0,	105.746,			1.835,			0.129,			0.052
200,	1,	30.0,	105.753,			2.889,			0.13,			0.051
201,	1,	49.0,	105.87,			2.673,			0.228,			0.051
202,	1,	95.0,	105.874,			1.757,			0.17,			0.053
203,	1,	146.0,	105.877,			2.116,			0.291,			0.052
204,	2,	210.0,	105.915,			12.728,			1.086,			0.153
205,	1,	59.0,	105.94,			2.446,			0.205,			0.052
206,	1,	90.0,	106.143,			1.878,			0.113,			0.052
207,	1,	59.0,	106.181,			2.843,			0.173,			0.053
208,	1,	10.0,	106.719,			2.414,			0.15,			0.053
209,	1,	49.0,	106.945,			2.232,			0.11,			0.052
210,	2,	117.0,	107.021,			14.45,			1.495,			0.111
211,	1,	95.0,	107.054,			2.948,			0.253,			0.059
212,	2,	279.0,	107.316,			13.635,			1.369,			0.159
213,	1,	7.0,	107.328,			2.579,			0.267,			0.051
214,	1,	126.0,	107.366,			1.36,			0.2,			0.051
215,	1,	95.0,	107.39,			2.588,			0.27,			0.06
216,	1,	7.0,	107.504,			2.03,			0.207,			0.051
217,	2,	204.0,	107.68,			12.005,			1.086,			0.186
218,	1,	95.0,	107.688,			1.692,			0.254,			0.056
219,	2,	178.0,	107.883,			12.317,			1.362,			0.125
220,	1,	387.0,	107.891,			1.994,			0.215,			0.054
221,	1,	10.0,	108.089,			1.372,			0.168,			0.054
222,	1,	13.0,	108.383,			2.939,			0.283,			0.057
223,	1,	30.0,	108.835,			2.314,			0.207,			0.05
224,	1,	7.0,	109.048,			2.948,			0.275,			0.059
225,	1,	44.0,	109.099,			1.303,			0.169,			0.057
226,	1,	559.0,	109.383,			1.639,			0.169,			0.056
227,	1,	6.0,	109.664,			2.199,			0.254,			0.054
228,	1,	95.0,	109.787,			2.922,			0.122,			0.055
229,	1,	10.0,	109.923,			2.138,			0.226,			0.053
230,	1,	7.0,	110.11,			2.763,			0.125,			0.06
231,	1,	387.0,	110.158,			2.133,			0.133,			0.051
232,	1,	157.0,	110.204,			1.69,			0.17,			0.057
233,	1,	447.0,	110.364,			1.263,			0.106,			0.057
234,	1,	30.0,	110.376,			2.798,			0.262,			0.059
235,	1,	49.0,	110.414,			1.768,			0.133,			0.053
236,	1,	157.0,	110.453,			2.013,			0.283,			0.053
237,	1,	103.0,	110.475,			2.084,			0.13,			0.054
238,	1,	49.0,	110.48,			2.408,			0.203,			0.057
239,	1,	7.0,	110.733,			1.717,			0.296,			0.051
240,	1,	120.0,	110.746,			1.548,			0.22,			0.054
241,	1,	146.0,	111.81,			1.736,			0.21,			0.056
242,	1,	7.0,	111.887,			1.491,			0.214,			0.05
243,	2,	73.0,	112.025,			10.669,			1.371,			0.113
244,	1,	7.0,	112.027,			2.415,			0.232,			0.055
245,	1,	30.0,	112.063,			2.346,			0.118,			0.053
246,	1,	30.0,	112.344,			2.702,			0.122,			0.055
247,	1,	6.0,	112.414,			2.133,			0.299,			0.053
248,	1,	30.0,	112.576,			1.729,			0.135,			0.06
249,	1,	90.0,	112.847,			1.609,			0.101,			0.054
250,	1,	146.0,	113.113,			2.087,			0.162,			0.057
251,	2,	209.0,	113.454,			13.209,			1.222,			0.12
252,	1,	379.0,	113.505,			1.406,			0.222,			0.052
253,	1,	146.0,	113.602,			2.33,			0.121,			0.051
254,	2,	226.0,	113.783,			10.146,			1.116,			0.147
255,	1,	7.0,	113.906,			2.889,			0.21,			0.058
256,	1,	95.0,	113.955,			1.112,			0.182,			0.056
257,	1,	7.0,	114.05,			2.492,			0.232,			0.052
258,	1,	16.0,	114.217,			2.832,			0.19,			0.057
259,	1,	95.0,	114.458,			1.907,			0.195,			0.059
260,	1,	10.0,	114.603,			1.364,			0.124,			0.055
261,	1,	7.0,	114.799,			1.428,			0.18,			0.059
262,	1,	95.0,	114.94,			1.69,			0.151,			0.059
263,	1,	512.0,	115.01,			2.972,			0.182,			0.052
264,	2,	138.0,	115.065,			13.456,			1.049,			0.136
265,	1,	157.0,	115.079,			1.915,			0.192,			0.051
266,	1,	95.0,	115.273,			2.862,			0.294,			0.052
267,	1,	6.0,	115.416,			1.981,			0.204,			0.055
268,	1,	10.0,	115.576,			1.841,			0.109,			0.052
269,	1,	146.0,	115.93,			1.981,			0.2,			0.06
270,	1,	59.0,	116.269,			2.351,			0.179,			0.053
271,	1,	379.0,	116.299,			2.381,			0.177,			0.057
272,	1,	146.0,	116.346,			1.435,			0.268,			0.053
273,	1,	90.0,	116.397,			2.304,			0.254,			0.053
274,	2,	127.0,	116.426,			12.767,			1.199,			0.151
275,	1,	146.0,	116.675,			2.487,			0.128,			0.05
276,	2,	58.0,	116.683,			12.463,			1.05,			0.144
277,	1,	59.0,	116.773,			2.415,			0.133,			0.06
278,	1,	90.0,	117.468,			1.756,			0.198,			0.059
279,	1,	447.0,	117.525,			1.67,			0.228,			0.052
280,	1,	16.0,	117.53,			2.556,			0.114,			0.054
281,	1,	387.0,	117.884,			1.517,			0.293,			0.054
282,	1,	59.0,	117.932,			1.848,			0.277,			0.059
283,	1,	120.0,	118.05,			1.653,			0.227,			0.055
284,	1,	559.0,	118.195,			2.807,			0.22,			0.055
285,	1,	6.0,	118.374,			2.143,			0.19,			0.06
286,	1,	387.0,	118.526,			2.669,			0.173,			0.051
287,	2,	93.0,	118.711,			11.617,			1.011,			0.185
288,	1,	498.0,	118.831,			1.75,			0.232,			0.056
289,	2,	243.0,	118.929,			11.92,			1.356,			0.147
290,	1,	95.0,	119.238,			1.443,			0.25,			0.054
291,	1,	157.0,	119.272,			1.731,			0.2,			0.059
292,	1,	10.0,	119.274,			1.215,			0.122,			0.059
293,	2,	169.0,	119.321,			12.15,			1.411,			0.139
294,	1,	387.0,	119.39,			2.862,			0.202,			0.056
295,	1,	59.0,	119.424,			2.288,			0.149,			0.055
296,	1,	6.0,	119.481,			1.984,			0.227,			0.057
297,	1,	7.0,	119.514,			1.682,			0.262,			0.054
298,	1,	16.0,	119.56,			1.965,			0.277,			0.059
299,	1,	10.0,	119.677,			2.486,			0.172,			0.05
300,	2,	132.0,	119.712,			10.978,			1.166,			0.135
301,	1,	7.0,	119.718,			2.618,			0.228,			0.059
302,	1,	214.0,	120.087,			2.581,			0.14,			0.05
303,	1,	59.0,	120.318,			2.562,			0.245,			0.054
304,	1,	214.0,	120.371,			1.441,			0.219,			0.051
305,	1,	90.0,	120.539,			2.872,			0.146,			0.057
306,	1,	16.0,	120.612,			2.276,			0.284,			0.058
307,	1,	157.0,	120.806,			2.598,			0.221,			0.054
308,	2,	171.0,	120.827,			13.647,			1.306,			0.103
309,	1,	49.0,	120.849,			1.086,			0.166,			0.052
310,	1,	16.0,	120.934,			1.383,			0.268,			0.057
311,	1,	447.0,	121.032,			2.555,			0.186,			0.059
312,	1,	7.0,	121.083,			2.479,			0.113,			0.052
313,	2,	175.0,	121.089,			11.411,			1.34,			0.175
314,	1,	49.0,	121.111,			2.269,			0.103,			0.055
315,	1,	30.0,	121.113,			1.486,			0.267,			0.057
316,	1,	379.0,	121.354,			1.406,			0.244,			0.058
317,	1,	120.0,	122.341,			1.719,			0.249,			0.055
318,	1,	103.0,	122.783,			2.369,			0.128,			0.057
319,	1,	559.0,	122.921,			2.318,			0.222,			0.053
320,	1,	90.0,	122.988,			2.298,			0.268,			0.055
321,	1,	103.0,	123.116,			2.893,			0.203,			0.054
322,	1,	387.0,	123.124,			2.369,			0.221,			0.053
323,	1,	146.0,	123.231,			2.695,			0.109,			0.058
324,	1,	59.0,	123.755,			2.985,			0.228,			0.059
325,	1,	126.0,	123.794,			2.625,			0.17,			0.055
326,	1,	28.0,	123.969,			1.609,			0.135,			0.052
327,	2,	237.0,	124.293,			14.918,			1.043,			0.191
328,	1,	146.0,	124.43,			1.483,			0.18,			0.056
329,	1,	157.0,	124.486,			2.013,			0.202,			0.059
330,	1,	169.0,	124.908,			2.342,			0.154,			0.055
331,	1,	387.0,	124.998,			2.939,			0.128,			0.058
332,	1,	387.0,	125.038,			2.407,			0.158,			0.054
333,	1,	214.0,	125.31,			1.742,			0.177,			0.057
334,	1,	95.0,	125.393,			2.799,			0.125,			0.05
335,	2,	97.0,	125.599,			13.377,			1.149,			0.112
336,	1,	59.0,	125.732,			2.238,			0.284,			0.052
337,	1,	146.0,	125.846,			2.568,			0.291,			0.055
338,	1,	146.0,	125.92,			2.866,			0.299,			0.05
339,	1,	447.0,	126.084,			1.683,			0.116,			0.054
340,	1,	6.0,	126.1,			1.307,			0.14,			0.056
341,	1,	6.0,	126.363,			1.941,			0.147,			0.056
342,	1,	7.0,	126.378,			1.327,			0.147,			0.053
343,	1,	447.0,	126.594,			1.499,			0.108,			0.059
344,	1,	30.0,	126.79,			2.69,			0.183,			0.058
345,	1,	387.0,	126.902,			2.03,			0.104,			0.05
346,	1,	7.0,	126.921,			2.184,			0.167,			0.051
347,	1,	7.0,	126.947,			1.095,			0.162,			0.055
348,	1,	157.0,	126.987,			2.273,			0.103,			0.054
349,	1,	7.0,	127.079,			1.768,			0.211,			0.054
350,	1,	16.0,	127.116,			1.304,			0.2,			0.058
351,	1,	387.0,	127.545,			2.486,			0.188,			0.057
352,	2,	87.0,	127.549,			12.486,			1.304,			0.145
353,	1,	146.0,	127.665,			1.561,			0.135,			0.056
354,	1,	7.0,	127.792,			1.112,			0.271,			0.057
355,	1,	146.0,	127.954,			1.107,			0.201,			0.054
356,	1,	126.0,	128.072,			1.868,			0.203,			0.056
357,	2,	198.0,	128.158,			14.789,			1.253,			0.111
358,	1,	7.0,	128.173,			1.669,			0.137,			0.058
359,	1,	120.0,	128.361,			1.158,			0.195,			0.054
360,	1,	169.0,	128.517,			2.317,			0.284,			0.054
361,	2,	132.0,	128.535,			13.596,			1.055,			0.106
362,	1,	6.0,	128.543,			1.736,			0.248,			0.052
363,	1,	44.0,	128.629,			1.432,			0.138,			0.058
364,	1,	44.0,	128.765,			2.014,			0.225,			0.054
365,	1,	10.0,	128.852,			2.983,			0.233,			0.058
366,	1,	7.0,	129.119,			2.509,			0.176,			0.052
367,	1,	447.0,	129.401,			2.864,			0.195,			0.055
368,	1,	103.0,	130.28,			1.73,			0.146,			0.056
369,	1,	126.0,	130.389,			2.881,			0.212,			0.051
370,	1,	44.0,	130.587,			1.331,			0.166,			0.056
371,	1,	13.0,	130.905,			2.154,			0.244,			0.057
372,	1,	214.0,	130.945,			1.441,			0.272,			0.057
373,	1,	44.0,	131.141,			2.116,			0.272,			0.051
374,	1,	7.0,	131.644,			1.105,			0.215,			0.054
375,	1,	498.0,	131.911,			1.188,			0.214,			0.056
376,	1,	95.0,	131.954,			2.03,			0.267,			0.059
377,	1,	146.0,	132.192,			1.166,			0.133,			0.051
378,	1,	30.0,	132.474,			1.282,			0.224,			0.051
379,	1,	95.0,	132.509,			2.379,			0.166,			0.052
380,	1,	498.0,	132.526,			2.364,			0.154,			0.053
381,	1,	7.0,	132.599,			1.028,			0.194,			0.056
382,	1,	10.0,	132.604,			2.154,			0.103,			0.056
383,	1,	447.0,	133.04,			2.702,			0.177,			0.059
384,	1,	498.0,	133.295,			1.411,			0.198,			0.059
385,	1,	30.0,	133.486,			2.802,			0.252,			0.052
386,	1,	498.0,	133.663,			1.505,			0.254,			0.054
387,	1,	28.0,	133.681,			2.155,			0.161,			0.06
388,	1,	7.0,	133.734,			2.711,			0.187,			0.051
389,	1,	126.0,	133.734,			2.895,			0.259,			0.053
390,	1,	59.0,	133.883,			1.701,			0.2,			0.059
391,	1,	146.0,	133.911,			1.581,			0.119,			0.05
392,	1,	120.0,	134.207,			2.556,			0.287,			0.053
393,	1,	447.0,	134.217,			1.07,			0.297,			0.051
394,	1,	214.0,	134.379,			2.968,			0.124,			0.06
395,	1,	169.0,	134.483,			2.273,			0.214,			0.055
396,	1,	7.0,	134.689,			2.545,			0.195,			0.06
397,	1,	44.0,	134.798,			2.663,			0.29,			0.057
398,	1,	44.0,	134.838,			2.151,			0.245,			0.054
399,	1,	103.0,	134.862,			1.108,			0.299,			0.051
400,	1,	447.0,	135.055,			2.459,			0.281,			0.054
401,	1,	6.0,	135.121,			2.763,			0.125,			0.053
402,	1,	379.0,	135.165,			1.709,			0.216,			0.054
403,	2,	63.0,	135.465,			12.643,			1.322,			0.196
404,	1,	498.0,	135.961,			2.377,			0.223,			0.052
405,	1,	7.0,	136.095,			1.441,			0.206,			0.052
406,	1,	512.0,	136.218,			1.23,			0.184,			0.052
407,	1,	512.0,	136.557,			2.068,			0.209,			0.057
408,	1,	7.0,	136.909,			2.288,			0.252,			0.053
409,	1,	387.0,	136.969,			2.986,			0.236,			0.05
410,	1,	13.0,	137.029,			1.108,			0.172,			0.053
411,	1,	28.0,	137.085,			2.557,			0.195,			0.053
412,	1,	59.0,	137.172,			1.05,			0.145,			0.051
413,	1,	90.0,	137.387,			2.33,			0.211,			0.05
414,	1,	169.0,	137.388,			2.479,			0.113,			0.052
415,	1,	6.0,	137.617,			2.318,			0.238,			0.051
416,	1,	126.0,	137.991,			2.621,			0.219,			0.051
417,	1,	6.0,	138.138,			1.962,			0.117,			0.058
418,	1,	7.0,	138.471,			1.096,			0.116,			0.05
419,	1,	59.0,	138.484,			1.913,			0.124,			0.053
420,	1,	169.0,	138.517,			2.398,			0.129,			0.06
421,	1,	6.0,	138.565,			1.289,			0.18,			0.059
422,	1,	95.0,	138.579,			2.415,			0.16,			0.058
423,	1,	387.0,	138.623,			1.729,			0.177,			0.058
424,	1,	103.0,	138.629,			2.903,			0.281,			0.058
425,	2,	230.0,	138.656,			10.895,			1.493,			0.168
426,	1,	7.0,	138.678,			2.549,			0.227,			0.051
427,	2,	106.0,	138.855,			14.931,			1.253,			0.123
428,	1,	44.0,	138.856,			1.531,			0.19,			0.055
429,	1,	7.0,	139.003,			1.994,			0.109,			0.054
430,	1,	90.0,	139.219,			1.841,			0.279,			0.051
431,	1,	90.0,	139.26,			2.492,			0.249,			0.058
432,	1,	30.0,	139.279,			2.947,			0.186,			0.052
433,	1,	95.0,	139.472,			1.263,			0.175,			0.058
434,	1,	498.0,	139.488,			2.298,			0.107,			0.06
435,	2,	293.0,	139.768,			11.328,			1.417,			0.15
436,	1,	44.0,	140.148,			2.085,			0.183,			0.057
437,	1,	447.0,	140.352,			2.598,			0.216,			0.058
438,	1,	44.0,	140.369,			1.537,			0.279,			0.057
439,	1,	28.0,	140.473,			2.388,			0.235,			0.058
440,	1,	95.0,	140.534,			2.28,			0.234,			0.056
441,	1,	95.0,	140.59,			1.464,			0.174,			0.059
442,	1,	49.0,	140.768,			2.935,			0.113,			0.06
443,	1,	512.0,	140.854,			1.968,			0.23,			0.056
444,	1,	95.0,	140.895,			1.566,			0.214,			0.06
445,	1,	44.0,	141.012,			1.985,			0.29,			0.056
446,	1,	44.0,	141.231,			1.669,			0.182,			0.057
447,	1,	49.0,	141.362,			2.974,			0.185,			0.052
448,	1,	44.0,	141.463,			2.173,			0.195,			0.053
449,	1,	379.0,	141.593,			2.407,			0.104,			0.05
450,	1,	447.0,	141.686,			1.134,			0.159,			0.051
451,	1,	10.0,	141.688,			1.956,			0.208,			0.056
452,	1,	214.0,	141.747,			1.366,			0.166,			0.056
453,	1,	7.0,	141.78,			1.609,			0.207,			0.057
454,	1,	95.0,	141.961,			2.735,			0.168,			0.057
455,	1,	559.0,	142.034,			1.106,			0.259,			0.053
456,	2,	128.0,	142.048,			11.043,			1.135,			0.122
457,	1,	559.0,	142.182,			1.982,			0.14,			0.06
458,	1,	13.0,	142.595,			1.952,			0.236,			0.055
459,	1,	120.0,	142.832,			2.78,			0.289,			0.052
460,	1,	6.0,	143.101,			1.81,			0.151,			0.053
461,	1,	7.0,	143.152,			1.876,			0.253,			0.056
462,	1,	7.0,	143.197,			1.145,			0.214,			0.057
463,	1,	59.0,	143.394,			1.994,			0.105,			0.059
464,	1,	169.0,	143.445,			1.927,			0.26,			0.05
465,	1,	379.0,	143.657,			2.034,			0.288,			0.056
466,	2,	138.0,	143.705,			11.611,			1.495,			0.127
467,	1,	6.0,	143.785,			2.486,			0.138,			0.059
468,	1,	379.0,	143.922,			2.567,			0.123,			0.056
469,	1,	447.0,	144.013,			1.252,			0.284,			0.057
470,	1,	387.0,	144.13,			1.499,			0.152,			0.06
471,	1,	6.0,	144.348,			1.166,			0.217,			0.053
472,	1,	59.0,	144.424,			1.245,			0.116,			0.05
473,	1,	7.0,	144.425,			1.908,			0.139,			0.053
474,	1,	559.0,	145.095,			1.092,			0.267,			0.056
475,	1,	103.0,	145.181,			1.211,			0.199,			0.054
476,	1,	7.0,	145.204,			2.398,			0.153,			0.058
477,	1,	7.0,	145.206,			2.986,			0.119,			0.055
478,	1,	59.0,	145.262,			1.682,			0.166,			0.06
479,	1,	44.0,	145.287,			2.631,			0.174,			0.051
480,	1,	387.0,	145.295,			1.031,			0.237,			0.052
481,	1,	30.0,	145.923,			2.265,			0.251,			0.058
482,	1,	214.0,	146.011,			1.376,			0.28,			0.05
483,	1,	30.0,	146.118,			1.014,			0.22,			0.055
484,	1,	7.0,	146.206,			2.398,			0.176,			0.056
485,	2,	266.0,	146.281,			14.859,			1.07,			0.139
486,	1,	49.0,	146.285,			2.199,			0.229,			0.059
487,	1,	157.0,	146.625,			1.486,			0.118,			0.055
488,	1,	44.0,	146.646,			1.609,			0.254,			0.057
489,	1,	7.0,	146.717,			2.757,			0.197,			0.058
490,	1,	6.0,	146.772,			2.753,			0.183,			0.051
491,	2,	119.0,	147.669,			10.067,			1.205,			0.182
492,	1,	13.0,	147.778,			2.249,			0.205,			0.054
493,	1,	28.0,	147.986,			1.912,			0.164,			0.059
494,	1,	44.0,	147.992,			2.802,			0.288,			0.053
495,	1,	7.0,	148.059,			1.372,			0.147,			0.055
496,	1,	30.0,	148.297,			2.827,			0.173,			0.057
497,	1,	44.0,	148.35,			1.684,			0.255,			0.058
498,	1,	498.0,	149.161,			1.16,			0.162,			0.059
499,	1,	16.0,	149.439,			1.981,			0.256,			0.052
500,	1,	13.0,	149.824,			1.096,			0.244,			0.058
501,	1,	498.0,	149.904,			2.366,			0.104,			0.054
502,	1,	512.0,	149.962,			2.014,			0.158,			0.051
503,	1,	169.0,	149.968,			1.305,			0.154,			0.058
504,	1,	7.0,	150.044,			1.509,			0.116,			0.058
505,	1,	7.0,	150.102,			2.545,			0.179,			0.053
506,	1,	16.0,	150.172,			1.155,			0.258,			0.058
507,	1,	28.0,	150.188,			1.505,			0.266,			0.053
508,	1,	169.0,	150.191,			2.772,			0.292,			0.06
509,	1,	146.0,	150.204,			1.394,			0.116,			0.058
510,	1,	447.0,	150.436,			2.948,			0.231,			0.051
511,	1,	498.0,	150.459,			1.654,			0.277,			0.05
512,	1,	379.0,	150.469,			1.535,			0.19,			0.054
513,	1,	7.0,	150.547,			1.67,			0.168,			0.05
514,	1,	59.0,	150.628,			1.844,			0.231,			0.054
515,	1,	16.0,	150.704,			2.548,			0.277,			0.053
516,	1,	16.0,	150.833,			2.122,			0.135,			0.054
517,	1,	7.0,	150.847,			2.342,			0.222,			0.053
518,	1,	44.0,	150.873,			2.765,			0.165,			0.051
519,	1,	7.0,	151.176,			1.768,			0.182,			0.055
520,	1,	103.0,	151.186,			2.293,			0.291,			0.056
521,	1,	59.0,	151.228,			2.524,			0.129,			0.05
522,	1,	214.0,	151.615,			1.269,			0.28,			0.055
523,	1,	49.0,	151.663,			2.148,			0.14,			0.056
524,	1,	379.0,	151.699,			1.134,			0.146,			0.059
525,	1,	120.0,	152.181,			1.624,			0.29,			0.052
526,	1,	447.0,	152.346,			1.624,			0.22,			0.058
527,	1,	44.0,	152.369,			2.525,			0.211,			0.056
528,	1,	559.0,	152.547,			2.318,			0.107,			0.055
529,	1,	214.0,	152.648,			2.358,			0.175,			0.053
530,	1,	44.0,	152.804,			1.62,			0.157,			0.053
531,	1,	7.0,	152.894,			2.388,			0.21,			0.056
532,	2,	112.0,	152.914,			11.993,			1.227,			0.137
533,	1,	103.0,	152.984,			1.816,			0.251,			0.055
534,	1,	7.0,	153.095,			2.18,			0.242,			0.053
535,	1,	13.0,	153.465,			1.471,			0.176,			0.055
536,	1,	126.0,	153.511,			2.903,			0.256,			0.058
537,	1,	6.0,	153.641,			2.655,			0.284,			0.055
538,	1,	13.0,	153.885,			1.982,			0.193,			0.055
539,	1,	7.0,	153.92,			1.467,			0.103,			0.057
540,	1,	30.0,	153.931,			1.302,			0.216,			0.059
541,	1,	6.0,	153.943,			1.048,			0.292,			0.057
542,	1,	214.0,	154.083,			2.018,			0.186,			0.054
543,	1,	169.0,	154.166,			1.071,			0.195,			0.059
544,	1,	126.0,	154.428,			2.524,			0.135,			0.06
545,	1,	512.0,	154.542,			1.009,			0.24,			0.06
546,	1,	379.0,	154.777,			1.23,			0.272,			0.056
547,	1,	44.0,	154.921,			2.984,			0.25,			0.057
548,	1,	447.0,	154.922,			2.379,			0.1,			0.059
549,	1,	214.0,	155.198,			2.711,			0.29,			0.056
550,	1,	10.0,	155.38,			1.566,			0.133,			0.058
551,	1,	146.0,	155.589,			1.783,			0.277,			0.057
552,	1,	126.0,	155.723,			2.006,			0.254,			0.052
553,	1,	44.0,	155.861,			1.211,			0.134,			0.054
554,	1,	44.0,	156.026,			1.722,			0.181,			0.052
555,	1,	7.0,	156.037,			1.653,			0.259,			0.057
556,	1,	7.0,	156.276,			2.914,			0.247,			0.051
557,	1,	7.0,	156.356,			1.36,			0.228,			0.058
558,	1,	30.0,	156.887,			2.852,			0.285,			0.059
559,	1,	13.0,	156.921,			2.412,			0.101,			0.057
560,	1,	16.0,	157.026,			2.084,			0.283,			0.06
561,	1,	214.0,	157.084,			2.487,			0.215,			0.054
562,	1,	6.0,	157.286,			1.822,			0.2,			0.059
563,	1,	447.0,	157.325,			2.756,			0.109,			0.055
564,	1,	498.0,	157.52,			1.27,			0.253,			0.059
565,	1,	28.0,	157.723,			1.609,			0.19,			0.05
566,	1,	7.0,	157.963,			2.286,			0.27,			0.054
567,	1,	13.0,	157.976,			1.968,			0.172,			0.057
568,	1,	379.0,	158.504,			1.679,			0.184,			0.055
569,	1,	7.0,	158.805,			1.531,			0.223,			0.06
570,	1,	6.0,	158.868,			1.947,			0.248,			0.052
571,	2,	145.0,	159.131,			13.021,			1.491,			0.184
572,	1,	169.0,	159.495,			1.35,			0.258,			0.059
573,	1,	169.0,	159.772,			1.979,			0.113,			0.057
574,	1,	44.0,	159.789,			2.301,			0.168,			0.051
575,	1,	7.0,	159.878,			2.799,			0.134,			0.06
576,	1,	157.0,	160.03,			1.968,			0.247,			0.054
577,	1,	498.0,	160.223,			1.737,			0.176,			0.06
578,	1,	379.0,	160.224,			2.865,			0.207,			0.055
579,	1,	7.0,	160.346,			1.841,			0.125,			0.054
580,	1,	7.0,	160.403,			2.625,			0.186,			0.055
581,	1,	7.0,	160.445,			1.478,			0.136,			0.052
582,	1,	120.0,	160.55,			1.166,			0.273,			0.053
583,	1,	169.0,	160.682,			1.962,			0.108,			0.05
584,	1,	512.0,	160.836,			1.05,			0.189,			0.052
585,	1,	7.0,	161.205,			1.932,			0.237,			0.057
586,	1,	7.0,	161.226,			1.662,			0.174,			0.056
587,	1,	559.0,	161.438,			1.417,			0.276,			0.057
588,	1,	44.0,	161.519,			1.985,			0.21,			0.054
589,	1,	30.0,	161.805,			1.494,			0.221,			0.06
590,	2,	37.0,	161.917,			10.594,			1.218,			0.188
591,	2,	193.0,	162.014,			14.737,			1.248,			0.195
592,	1,	387.0,	162.025,			1.337,			0.244,			0.052
593,	1,	13.0,	162.08,			1.848,			0.212,			0.059
594,	1,	59.0,	162.093,			1.62,			0.208,			0.058
595,	1,	7.0,	162.227,			2.911,			0.297,			0.059
596,	1,	146.0,	162.53,			1.204,			0.295,			0.05
597,	1,	16.0,	163.038,			1.376,			0.216,			0.054
598,	1,	157.0,	163.515,			1.701,			0.205,			0.054
599,	2,	97.0,	163.553,			13.718,			1.347,			0.172
600,	1,	103.0,	163.58,			1.728,			0.134,			0.053
601,	2,	145.0,	163.886,			12.964,			1.031,			0.162
602,	1,	44.0,	163.911,			2.278,			0.17,			0.054
603,	1,	49.0,	163.912,			1.631,			0.22,			0.05
604,	1,	16.0,	163.96,			1.828,			0.275,			0.058
605,	1,	44.0,	164.076,			2.596,			0.279,			0.058
606,	1,	559.0,	164.384,			2.28,			0.237,			0.058
607,	1,	387.0,	164.419,			1.515,			0.121,			0.057
608,	1,	95.0,	164.982,			2.926,			0.215,			0.059
609,	1,	7.0,	165.076,			1.972,			0.251,			0.058
610,	1,	90.0,	165.082,			1.225,			0.189,			0.059
611,	1,	498.0,	165.189,			2.669,			0.176,			0.057
612,	1,	447.0,	165.357,			1.879,			0.176,			0.06
613,	1,	169.0,	165.422,			1.928,			0.249,			0.055
614,	1,	28.0,	165.508,			2.074,			0.193,			0.054
615,	1,	90.0,	165.629,			2.096,			0.175,			0.051
616,	1,	157.0,	165.936,			1.307,			0.254,			0.052
617,	1,	126.0,	166.161,			2.03,			0.298,			0.054
618,	1,	387.0,	166.54,			2.56,			0.19,			0.058
619,	1,	126.0,	166.7,			2.52,			0.297,			0.053
620,	1,	498.0,	166.798,			2.907,			0.207,			0.054
621,	1,	447.0,	166.851,			1.23,			0.287,			0.059
622,	1,	16.0,	167.038,			2.457,			0.129,			0.054
623,	1,	59.0,	167.211,			1.963,			0.229,			0.051
624,	1,	16.0,	167.473,			2.541,			0.259,			0.054
625,	1,	7.0,	167.55,			2.155,			0.235,			0.055
626,	1,	6.0,	167.868,			1.631,			0.295,			0.053
627,	1,	10.0,	167.913,			1.173,			0.12,			0.059
628,	1,	103.0,	168.01,			2.556,			0.167,			0.055
629,	1,	7.0,	168.092,			2.459,			0.238,			0.056
630,	1,	146.0,	168.728,			1.575,			0.269,			0.058
631,	1,	498.0,	168.836,			2.013,			0.222,			0.056
632,	2,	91.0,	168.847,			12.48,			1.373,			0.184
633,	1,	498.0,	168.952,			2.328,			0.114,			0.059
634,	1,	44.0,	169.269,			2.857,			0.159,			0.052
635,	1,	95.0,	169.342,			2.588,			0.122,			0.052
636,	1,	214.0,	169.345,			1.096,			0.141,			0.056
637,	1,	7.0,	169.44,			1.654,			0.165,			0.056
638,	1,	7.0,	169.606,			2.143,			0.184,			0.059
639,	1,	7.0,	169.661,			1.108,			0.249,			0.059
640,	1,	6.0,	169.748,			1.966,			0.288,			0.054
641,	2,	186.0,	169.835,			12.676,			1.332,			0.19
642,	1,	7.0,	170.487,			2.322,			0.199,			0.053
643,	1,	146.0,	170.652,			2.562,			0.147,			0.056
644,	1,	95.0,	170.896,			1.178,			0.294,			0.055
645,	2,	139.0,	170.993,			14.219,			1.216,			0.154
646,	1,	214.0,	171.452,			2.843,			0.198,			0.055
647,	1,	44.0,	171.574,			2.034,			0.16,			0.053
648,	1,	126.0,	171.64,			2.621,			0.176,			0.057
649,	2,	89.0,	171.647,			12.421,			1.402,			0.125
650,	1,	6.0,	171.725,			2.393,			0.223,			0.05
651,	2,	215.0,	171.781,			11.39,			1.261,			0.123
652,	1,	126.0,	171.996,			2.903,			0.171,			0.053
653,	1,	44.0,	172.02,			1.859,			0.187,			0.054
654,	1,	6.0,	172.128,			2.379,			0.202,			0.053
655,	1,	103.0,	172.155,			1.458,			0.215,			0.055
656,	1,	126.0,	172.305,			2.795,			0.279,			0.054
657,	1,	214.0,	172.443,			1.541,			0.15,			0.06
658,	1,	512.0,	172.542,			2.655,			0.197,			0.056
659,	1,	6.0,	172.633,			2.305,			0.227,			0.056
660,	1,	95.0,	173.023,			1.4,			0.239,			0.058
661,	1,	7.0,	173.089,			1.36,			0.292,			0.06
662,	1,	157.0,	173.195,			2.11,			0.17,			0.055
663,	2,	105.0,	173.234,			11.237,			1.015,			0.187
664,	1,	559.0,	173.306,			1.766,			0.156,			0.059
665,	1,	44.0,	173.457,			2.874,			0.233,			0.056
666,	1,	7.0,	173.564,			2.612,			0.159,			0.055
667,	1,	498.0,	173.836,			2.131,			0.121,			0.053
668,	1,	120.0,	174.367,			2.614,			0.195,			0.052
669,	1,	6.0,	174.536,			1.106,			0.174,			0.059
670,	2,	231.0,	174.863,			11.239,			1.194,			0.149
671,	1,	214.0,	175.19,			1.262,			0.241,			0.057
672,	2,	160.0,	175.196,			13.386,			1.229,			0.168
673,	1,	30.0,	175.295,			1.625,			0.105,			0.056
674,	1,	7.0,	175.344,			1.096,			0.182,			0.058
675,	1,	498.0,	175.434,			1.313,			0.283,			0.056
676,	1,	44.0,	175.466,			2.727,			0.131,			0.057
677,	1,	49.0,	175.645,			1.575,			0.175,			0.055
678,	1,	6.0,	175.687,			1.985,			0.216,			0.057
679,	1,	447.0,	175.836,			1.317,			0.21,			0.051
680,	1,	7.0,	175.893,			1.395,			0.277,			0.054
681,	2,	149.0,	175.977,			10.669,			1.065,			0.104
682,	1,	49.0,	176.563,			1.86,			0.133,			0.055
683,	1,	30.0,	176.803,			2.569,			0.14,			0.051
684,	1,	49.0,	177.17,			1.875,			0.281,			0.057
685,	1,	7.0,	177.21,			2.5,			0.162,			0.057
686,	1,	214.0,	177.294,			1.309,			0.238,			0.054
687,	1,	10.0,	177.6,			2.366,			0.235,			0.056
688,	1,	44.0,	177.715,			2.857,			0.183,			0.059
689,	2,	118.0,	178.043,			10.756,			1.479,			0.156
690,	1,	13.0,	178.137,			1.423,			0.114,			0.056
691,	1,	7.0,	178.191,			1.807,			0.21,			0.053
692,	2,	174.0,	178.336,			10.014,			1.42,			0.186
693,	1,	7.0,	178.394,			2.852,			0.125,			0.054
694,	1,	90.0,	178.474,			2.576,			0.162,			0.051
695,	1,	7.0,	178.475,			1.701,			0.288,			0.059
696,	2,	57.0,	178.527,			10.268,			1.014,			0.195
697,	1,	44.0,	178.543,			1.708,			0.221,			0.058
698,	1,	30.0,	178.686,			2.947,			0.189,			0.054
699,	1,	559.0,	178.962,			2.073,			0.101,			0.059
700,	1,	169.0,	179.352,			2.553,			0.29,			0.053
701,	1,	7.0,	179.394,			1.981,			0.228,			0.055
702,	1,	214.0,	179.744,			2.449,			0.276,			0.057
703,	1,	6.0,	179.75,			1.386,			0.272,			0.055
704,	1,	387.0,	179.937,			2.238,			0.198,			0.057
705,	2,	333.0,	179.983,			13.137,			1.144,			0.19
706,	1,	214.0,	180.23,			1.116,			0.168,			0.053
707,	2,	127.0,	180.356,			10.96,			1.295,			0.123
708,	1,	120.0,	180.386,			1.435,			0.17,			0.059
709,	1,	30.0,	180.491,			2.627,			0.111,			0.052
710,	1,	103.0,	180.632,			2.198,			0.228,			0.055
711,	1,	44.0,	180.973,			1.056,			0.252,			0.056
712,	2,	129.0,	180.978,			12.527,			1.141,			0.106
713,	1,	559.0,	181.112,			1.499,			0.162,			0.05
714,	1,	6.0,	181.232,			1.692,			0.172,			0.057
715,	1,	7.0,	181.324,			2.235,			0.277,			0.051
716,	1,	146.0,	181.516,			1.266,			0.297,			0.053
717,	1,	157.0,	181.652,			1.358,			0.205,			0.057
718,	1,	7.0,	181.662,			1.659,			0.281,			0.051
719,	1,	49.0,	181.839,			1.316,			0.299,			0.058
720,	1,	512.0,	181.942,			1.483,			0.17,			0.057
721,	1,	59.0,	181.969,			2.711,			0.195,			0.06
722,	1,	447.0,	182.112,			1.67,			0.228,			0.059
723,	1,	13.0,	182.17,			1.523,			0.22,			0.052
724,	2,	228.0,	182.204,			14.186,			1.195,			0.196
725,	1,	498.0,	182.431,			1.757,			0.14,			0.051
726,	1,	6.0,	182.46,			2.796,			0.216,			0.059
727,	1,	157.0,	182.496,			2.415,			0.103,			0.059
728,	1,	7.0,	182.6,			1.128,			0.101,			0.053
729,	1,	498.0,	182.716,			2.127,			0.14,			0.057
730,	1,	10.0,	182.789,			2.013,			0.27,			0.055
731,	1,	7.0,	183.072,			2.2,			0.268,			0.053
732,	2,	124.0,	183.357,			11.866,			1.215,			0.101
733,	1,	7.0,	183.689,			2.09,			0.237,			0.051
734,	1,	6.0,	183.984,			2.532,			0.109,			0.052
735,	1,	28.0,	184.35,			2.187,			0.248,			0.058
736,	2,	73.0,	184.502,			12.581,			1.172,			0.157
737,	2,	151.0,	184.521,			14.82,			1.159,			0.169
738,	2,	159.0,	184.939,			14.977,			1.012,			0.176
739,	1,	126.0,	185.156,			1.485,			0.186,			0.059
740,	1,	512.0,	185.198,			1.103,			0.194,			0.06
741,	1,	559.0,	185.37,			1.548,			0.125,			0.053
742,	1,	28.0,	185.473,			2.299,			0.212,			0.058
743,	1,	559.0,	185.584,			1.932,			0.223,			0.056
744,	1,	559.0,	185.63,			1.406,			0.215,			0.055
745,	2,	172.0,	185.678,			14.534,			1.015,			0.15
746,	1,	7.0,	185.829,			2.686,			0.19,			0.057
747,	1,	6.0,	186.079,			2.862,			0.239,			0.052
748,	1,	146.0,	186.223,			2.76,			0.254,			0.059
749,	1,	44.0,	186.272,			1.631,			0.193,			0.053
750,	1,	10.0,	186.499,			2.232,			0.244,			0.055
751,	1,	126.0,	186.534,			2.76,			0.162,			0.056
752,	1,	16.0,	187.478,			1.115,			0.192,			0.057
753,	1,	44.0,	187.749,			2.787,			0.211,			0.054
754,	1,	7.0,	188.221,			1.554,			0.246,			0.052
755,	1,	498.0,	188.376,			2.131,			0.259,			0.056
756,	1,	498.0,	188.59,			2.155,			0.125,			0.053
757,	1,	90.0,	188.619,			1.662,			0.298,			0.056
758,	1,	7.0,	188.781,			1.291,			0.215,			0.059
759,	1,	387.0,	189.008,			2.158,			0.142,			0.051
760,	1,	44.0,	189.071,			2.193,			0.162,			0.058
761,	1,	7.0,	189.305,			1.911,			0.276,			0.056
762,	1,	44.0,	189.354,			1.581,			0.221,			0.05
763,	1,	95.0,	189.458,			2.885,			0.119,			0.052
764,	2,	128.0,	189.771,			12.411,			1.326,			0.124
765,	1,	7.0,	189.92,			2.288,			0.151,			0.057
766,	1,	16.0,	189.952,			2.936,			0.171,			0.053
767,	1,	387.0,	189.975,			2.896,			0.165,			0.05
768,	1,	49.0,	190.188,			1.471,			0.122,			0.055
769,	1,	447.0,	190.323,			2.238,			0.169,			0.058
770,	1,	16.0,	190.398,			2.955,			0.144,			0.058
771,	1,	16.0,	190.691,			1.597,			0.101,			0.054
772,	1,	10.0,	190.698,			2.763,			0.205,			0.051
773,	1,	16.0,	190.78,			2.318,			0.223,			0.055
774,	1,	559.0,	191.082,			2.813,			0.103,			0.054
775,	1,	512.0,	191.254,			1.211,			0.134,			0.06
776,	1,	120.0,	191.303,			2.138,			0.279,			0.057
777,	2,	214.0,	191.783,			13.494,			1.477,			0.114
778,	1,	90.0,	191.807,			2.972,			0.278,			0.054
779,	1,	103.0,	191.819,			1.448,			0.149,			0.058
780,	1,	126.0,	191.855,			2.986,			0.272,			0.056
781,	1,	44.0,	192.144,			2.92,			0.106,			0.054
782,	1,	7.0,	192.19,			1.651,			0.136,			0.051
783,	1,	16.0,	192.245,			2.132,			0.209,			0.052
784,	1,	7.0,	192.288,			2.414,			0.146,			0.058
785,	1,	6.0,	192.654,			2.467,			0.217,			0.053
786,	2,	133.0,	192.838,			11.371,			1.247,			0.167
787,	1,	59.0,	192.962,			1.307,			0.122,			0.055
788,	1,	44.0,	193.235,			1.81,			0.166,			0.058
789,	1,	379.0,	193.395,			1.981,			0.142,			0.06
790,	1,	44.0,	193.651,			2.819,			0.186,			0.055
791,	1,	146.0,	193.904,			2.509,			0.218,			0.055
792,	1,	28.0,	193.907,			1.119,			0.254,			0.052
793,	1,	44.0,	194.328,			2.557,			0.211,			0.056
794,	1,	157.0,	194.406,			1.729,			0.176,			0.054
795,	1,	6.0,	194.658,			1.086,			0.211,			0.052
796,	1,	44.0,	194.688,			2.085,			0.119,			0.05
797,	1,	49.0,	194.791,			2.084,			0.242,			0.052
798,	1,	103.0,	194.803,			2.675,			0.233,			0.055
799,	1,	379.0,	194.93,			1.952,			0.135,			0.058
800,	1,	169.0,	194.96,			2.179,			0.245,			0.055
801,	1,	559.0,	195.494,			2.265,			0.107,			0.057
802,	2,	66.0,	196.184,			11.589,			1.467,			0.103
803,	1,	7.0,	196.374,			2.163,			0.295,			0.05
804,	1,	146.0,	197.079,			1.539,			0.235,			0.056
805,	1,	7.0,	197.137,			1.588,			0.154,			0.051
806,	1,	512.0,	197.167,			2.446,			0.234,			0.056
807,	1,	44.0,	197.691,			1.681,			0.159,			0.054
808,	2,	152.0,	198.219,			13.737,			1.354,			0.188
809,	2,	252.0,	198.258,			14.276,			1.242,			0.145
810,	1,	7.0,	198.678,			1.366,			0.13,			0.059
811,	1,	157.0,	198.682,			1.631,			0.193,			0.056
812,	1,	103.0,	198.814,			2.76,			0.195,			0.06
813,	1,	30.0,	199.296,			1.302,			0.216,			0.057
814,	1,	7.0,	199.525,			2.601,			0.161,			0.054
815,	1,	90.0,	199.797,			2.328,			0.146,			0.053
816,	2,	147.0,	199.863,			13.131,			1.043,			0.136
817,	1,	7.0,	200.794,			2.525,			0.204,			0.056
818,	1,	10.0,	201.508,			1.488,			0.165,			0.059
819,	2,	176.0,	201.511,			10.594,			1.015,			0.176
820,	1,	28.0,	201.714,			2.497,			0.157,			0.056
821,	2,	133.0,	202.014,			14.969,			1.249,			0.101
822,	1,	157.0,	203.232,			1.128,			0.173,			0.057
823,	1,	169.0,	203.564,			1.756,			0.169,			0.052
824,	1,	512.0,	203.775,			1.769,			0.121,			0.053
825,	1,	379.0,	203.91,			1.4,			0.276,			0.053
826,	1,	7.0,	204.073,			1.706,			0.199,			0.06
827,	1,	7.0,	204.718,			2.013,			0.276,			0.054
828,	1,	103.0,	204.956,			1.3,			0.297,			0.051
829,	1,	559.0,	205.258,			2.11,			0.132,			0.059
830,	1,	10.0,	205.668,			1.3,			0.192,			0.051
831,	2,	114.0,	205.697,			11.388,			1.345,			0.195
832,	1,	49.0,	205.827,			2.532,			0.238,			0.054
833,	1,	90.0,	206.431,			2.131,			0.248,			0.051
834,	1,	157.0,	207.074,			1.982,			0.111,			0.058
835,	1,	44.0,	207.214,			2.759,			0.164,			0.059
836,	1,	169.0,	207.369,			1.302,			0.133,			0.053
837,	1,	379.0,	207.683,			1.371,			0.174,			0.052
838,	1,	16.0,	208.041,			2.795,			0.215,			0.056
839,	1,	7.0,	208.352,			1.285,			0.254,			0.054
840,	1,	512.0,	208.803,			1.722,			0.205,			0.057
841,	1,	7.0,	209.441,			2.169,			0.209,			0.057
842,	1,	379.0,	209.627,			1.932,			0.108,			0.058
843,	1,	49.0,	210.046,			1.366,			0.238,			0.056
844,	1,	30.0,	210.133,			2.627,			0.111,			0.057
845,	1,	103.0,	210.503,			2.602,			0.116,			0.054
846,	1,	6.0,	210.79,			1.768,			0.175,			0.056
847,	2,	262.0,	210.991,			10.036,			1.108,			0.12
848,	1,	95.0,	211.128,			2.157,			0.234,			0.058
849,	1,	59.0,	211.498,			2.865,			0.206,			0.054
850,	2,	162.0,	211.626,			13.222,			1.392,			0.2
851,	1,	169.0,	211.758,			2.198,			0.286,			0.052
852,	1,	44.0,	211.946,			2.11,			0.213,			0.051
853,	2,	58.0,	211.956,			13.943,			1.137,			0.128
854,	1,	7.0,	212.257,			2.901,			0.28,			0.057
855,	1,	95.0,	212.447,			2.184,			0.272,			0.056
856,	1,	13.0,	212.816,			1.715,			0.119,			0.054
857,	1,	90.0,	212.905,			2.153,			0.103,			0.052
858,	1,	447.0,	213.028,			1.667,			0.162,			0.058
859,	2,	36.0,	213.164,			12.576,			1.365,			0.198
860,	1,	44.0,	214.196,			2.534,			0.258,			0.058
861,	1,	512.0,	214.374,			2.249,			0.183,			0.051
862,	2,	332.0,	215.411,			13.75,			1.111,			0.107
863,	1,	7.0,	215.701,			2.014,			0.184,			0.059
864,	1,	512.0,	216.667,			2.092,			0.285,			0.05
865,	1,	95.0,	217.872,			1.86,			0.272,			0.055
866,	1,	44.0,	217.887,			2.324,			0.108,			0.055
867,	1,	30.0,	218.011,			1.631,			0.179,			0.051
868,	1,	120.0,	218.208,			1.172,			0.136,			0.057
869,	1,	13.0,	218.356,			2.789,			0.154,			0.052
870,	1,	44.0,	218.801,			1.682,			0.113,			0.059
871,	1,	512.0,	218.897,			1.825,			0.152,			0.051
872,	1,	30.0,	218.921,			1.441,			0.215,			0.052
873,	2,	128.0,	219.467,			14.967,			1.023,			0.131
874,	1,	146.0,	220.461,			1.12,			0.16,			0.052
875,	1,	6.0,	220.555,			1.822,			0.162,			0.054
876,	1,	59.0,	220.986,			1.653,			0.255,			0.052
877,	1,	7.0,	221.889,			1.731,			0.129,			0.057
878,	1,	120.0,	221.904,			1.051,			0.134,			0.058
879,	1,	6.0,	224.009,			2.252,			0.159,			0.057
880,	1,	10.0,	224.933,			2.727,			0.2,			0.059
881,	1,	44.0,	225.075,			2.907,			0.228,			0.054
882,	1,	6.0,	225.36,			1.947,			0.198,			0.055
883,	2,	132.0,	225.68,			10.39,			1.124,			0.112
884,	1,	512.0,	225.748,			2.084,			0.244,			0.06
885,	1,	7.0,	225.765,			1.173,			0.135,			0.06
886,	2,	134.0,	225.88,			12.617,			1.029,			0.196
887,	1,	387.0,	226.48,			2.173,			0.214,			0.057
888,	1,	379.0,	227.023,			2.358,			0.231,			0.058
889,	1,	214.0,	227.806,			1.364,			0.221,			0.059
890,	2,	176.0,	228.361,			13.209,			1.42,			0.165
891,	1,	7.0,	228.64,			1.435,			0.29,			0.054
892,	1,	44.0,	228.717,			1.23,			0.258,			0.052
893,	1,	16.0,	228.834,			2.386,			0.246,			0.055
894,	1,	379.0,	229.022,			1.732,			0.165,			0.059
895,	2,	121.0,	229.025,			13.669,			1.206,			0.196
896,	1,	559.0,	229.12,			2.711,			0.215,			0.056
897,	1,	6.0,	229.239,			2.047,			0.108,			0.055
898,	2,	150.0,	229.641,			11.581,			1.258,			0.108
899,	2,	28.0,	230.097,			14.32,			1.218,			0.156
900,	2,	311.0,	230.763,			10.782,			1.248,			0.173
901,	1,	120.0,	230.947,			2.225,			0.205,			0.057
902,	1,	120.0,	232.622,			2.282,			0.263,			0.058
903,	1,	146.0,	232.885,			1.919,			0.193,			0.059
904,	1,	10.0,	233.146,			1.639,			0.17,			0.056
905,	2,	80.0,	233.331,			11.027,			1.208,			0.198
906,	1,	28.0,	234.805,			1.531,			0.28,			0.058
907,	1,	28.0,	235.178,			1.869,			0.104,			0.058
908,	1,	7.0,	235.197,			1.104,			0.161,			0.053
909,	1,	95.0,	235.773,			1.952,			0.276,			0.057
910,	2,	248.0,	235.872,			11.672,			1.087,			0.158
911,	1,	387.0,	235.975,			1.105,			0.284,			0.052
912,	2,	153.0,	236.287,			10.399,			1.092,			0.125
913,	1,	90.0,	237.192,			1.809,			0.189,			0.058
914,	2,	157.0,	237.433,			12.89,			1.488,			0.151
915,	2,	176.0,	237.737,			11.289,			1.195,			0.103
916,	1,	126.0,	239.224,			2.057,			0.298,			0.054
917,	2,	107.0,	239.231,			10.924,			1.258,			0.149
918,	1,	90.0,	239.249,			2.697,			0.16,			0.053
919,	1,	498.0,	240.096,			1.431,			0.27,			0.051
920,	2,	72.0,	240.614,			11.588,			1.481,			0.174
921,	2,	265.0,	240.717,			10.669,			1.297,			0.177
922,	1,	49.0,	241.823,			2.799,			0.218,			0.055
923,	1,	6.0,	242.913,			1.229,			0.188,			0.053
924,	1,	28.0,	243.23,			2.302,			0.212,			0.052
925,	2,	158.0,	243.535,			13.379,			1.325,			0.12
926,	1,	59.0,	244.214,			1.394,			0.182,			0.059
927,	2,	176.0,	244.338,			11.46,			1.096,			0.137
928,	1,	7.0,	244.42,			1.79,			0.195,			0.056
929,	2,	150.0,	244.542,			11.124,			1.426,			0.107
930,	1,	7.0,	245.365,			2.226,			0.206,			0.055
931,	2,	79.0,	245.77,			11.93,			1.401,			0.105
932,	1,	13.0,	247.184,			2.525,			0.166,			0.054
933,	1,	7.0,	247.68,			1.769,			0.272,			0.055
934,	2,	129.0,	248.663,			12.676,			1.167,			0.154
935,	1,	512.0,	250.935,			2.874,			0.277,			0.054
936,	1,	90.0,	251.578,			2.827,			0.228,			0.05
937,	2,	248.0,	252.487,			11.578,			1.003,			0.129
938,	1,	49.0,	252.816,			1.252,			0.134,			0.054
939,	2,	125.0,	253.461,			14.317,			1.193,			0.175
940,	2,	203.0,	253.57,			13.795,			1.246,			0.195
941,	2,	189.0,	253.805,			12.024,			1.437,			0.101
942,	2,	210.0,	254.968,			14.863,			1.155,			0.187
943,	2,	181.0,	255.78,			11.781,			1.022,			0.114
944,	2,	127.0,	256.771,			12.967,			1.365,			0.194
945,	2,	157.0,	256.835,			10.223,			1.484,			0.164
946,	1,	49.0,	256.873,			1.309,			0.161,			0.055
947,	2,	140.0,	256.959,			13.061,			1.214,			0.154
948,	1,	7.0,	257.281,			2.795,			0.281,			0.052
949,	1,	95.0,	257.525,			1.247,			0.167,			0.054
950,	1,	103.0,	257.684,			2.532,			0.242,			0.053
951,	2,	162.0,	257.845,			13.168,			1.337,			0.129
952,	2,	122.0,	258.019,			14.633,			1.463,			0.143
953,	2,	69.0,	258.178,			11.405,			1.183,			0.198
954,	2,	122.0,	258.233,			12.521,			1.437,			0.179
955,	2,	98.0,	260.74,			14.12,			1.349,			0.145
956,	2,	155.0,	263.639,			11.781,			1.164,			0.134
957,	2,	168.0,	263.91,			10.194,			1.401,			0.159
958,	2,	76.0,	264.14,			12.588,			1.398,			0.123
959,	2,	177.0,	264.577,			14.658,			1.029,			0.185
960,	1,	387.0,	264.992,			2.777,			0.171,			0.051
961,	2,	130.0,	265.678,			14.82,			1.12,			0.117
962,	1,	49.0,	265.762,			2.377,			0.156,			0.051
963,	2,	249.0,	265.837,			14.154,			1.05,			0.135
964,	2,	126.0,	265.887,			11.994,			1.308,			0.111
965,	1,	146.0,	266.796,			2.167,			0.206,			0.051
966,	2,	184.0,	267.55,			13.442,			1.159,			0.133
967,	2,	105.0,	268.501,			13.487,			1.128,			0.182
968,	1,	16.0,	268.594,			2.143,			0.257,			0.057
969,	1,	6.0,	268.691,			1.473,			0.201,			0.054
970,	2,	321.0,	268.994,			11.437,			1.238,			0.131
971,	1,	169.0,	269.666,			1.245,			0.287,			0.059
972,	1,	13.0,	269.813,			2.238,			0.139,			0.06
973,	1,	95.0,	272.632,			2.973,			0.186,			0.055
974,	1,	7.0,	273.542,			2.486,			0.247,			0.057
975,	2,	107.0,	274.154,			10.654,			1.255,			0.195
976,	2,	293.0,	274.506,			13.635,			1.049,			0.181
977,	1,	28.0,	275.515,			1.027,			0.18,			0.054
978,	2,	73.0,	277.384,			11.536,			1.332,			0.104
979,	1,	214.0,	278.662,			2.983,			0.129,			0.057
980,	1,	512.0,	279.421,			1.322,			0.249,			0.059
981,	2,	72.0,	279.565,			14.917,			1.037,			0.16
982,	2,	142.0,	280.245,			14.958,			1.409,			0.104
983,	2,	84.0,	281.392,			11.459,			1.322,			0.12
984,	2,	110.0,	285.047,			10.721,			1.426,			0.105
985,	2,	113.0,	285.71,			13.217,			1.242,			0.191
986,	2,	146.0,	287.45,			10.769,			1.489,			0.145
987,	2,	160.0,	289.392,			13.961,			1.064,			0.153
988,	2,	79.0,	289.46,			10.728,			1.367,			0.108
989,	2,	262.0,	289.758,			14.611,			1.444,			0.139
990,	2,	206.0,	291.496,			12.15,			1.211,			0.184
991,	2,	128.0,	292.149,			14.244,			1.333,			0.147
992,	2,	241.0,	293.021,			13.528,			1.417,			0.122
993,	2,	33.0,	293.21,			12.767,			1.349,			0.105
994,	1,	103.0,	294.499,			1.883,			0.147,			0.059
995,	2,	153.0,	295.559,			13.404,			1.409,			0.186
996,	2,	168.0,	296.728,			13.718,			1.334,			0.122
997,	2,	90.0,	297.077,			13.871,			1.074,			0.134
998,	2,	118.0,	297.762,			13.494,			1.239,			0.103
999,	2,	118.0,	298.597,			11.575,			1.073,			0.148
1000,	2,	178.0,	299.377,			13.921,			1.259,			0.169
