#, task_type_id, size, arrival_time,	execution_time_cpu,	execution_time_gpu,	execution_time_CLOUD
1,	1,	49.0,	0.0,			1.663,			0.146,			0.053
2,	1,	7.0,	0.0,			2.016,			0.133,			0.051
3,	2,	80.0,	0.53,			10.778,			1.322,			0.142
4,	2,	221.0,	1.138,			14.704,			1.481,			0.19
5,	1,	120.0,	1.701,			1.473,			0.183,			0.059
6,	2,	123.0,	2.077,			11.677,			1.176,			0.129
7,	2,	141.0,	2.405,			10.043,			1.456,			0.134
8,	2,	115.0,	2.708,			13.645,			1.046,			0.133
9,	2,	67.0,	3.267,			10.413,			1.49,			0.189
10,	2,	218.0,	3.894,			12.179,			1.026,			0.168
11,	2,	245.0,	5.173,			10.724,			1.051,			0.164
12,	2,	272.0,	10.503,			11.178,			1.41,			0.137
13,	1,	103.0,	13.463,			2.509,			0.158,			0.053
14,	1,	387.0,	16.442,			2.69,			0.231,			0.055
15,	2,	118.0,	16.809,			10.316,			1.248,			0.148
16,	2,	26.0,	17.465,			10.279,			1.47,			0.113
17,	2,	134.0,	18.243,			14.934,			1.418,			0.185
18,	1,	169.0,	18.858,			2.223,			0.142,			0.057
19,	2,	124.0,	22.44,			11.761,			1.212,			0.174
20,	1,	512.0,	23.106,			1.791,			0.28,			0.056
21,	2,	134.0,	24.551,			14.067,			1.483,			0.199
22,	2,	190.0,	25.003,			13.747,			1.353,			0.196
23,	1,	16.0,	26.179,			1.637,			0.141,			0.06
24,	2,	109.0,	27.456,			11.589,			1.361,			0.182
25,	2,	260.0,	27.964,			14.272,			1.041,			0.196
26,	1,	7.0,	28.586,			1.441,			0.158,			0.055
27,	2,	277.0,	31.983,			14.132,			1.494,			0.164
28,	2,	93.0,	33.07,			13.953,			1.265,			0.18
29,	2,	249.0,	33.708,			11.508,			1.467,			0.121
30,	2,	146.0,	34.315,			13.785,			1.107,			0.142
31,	2,	88.0,	34.425,			14.334,			1.022,			0.141
32,	2,	262.0,	36.597,			12.069,			1.293,			0.19
33,	2,	162.0,	38.565,			12.105,			1.278,			0.131
34,	1,	169.0,	38.657,			2.279,			0.178,			0.054
35,	2,	178.0,	41.567,			14.49,			1.155,			0.132
36,	1,	44.0,	41.723,			2.381,			0.169,			0.053
37,	1,	103.0,	42.459,			1.428,			0.212,			0.056
38,	1,	7.0,	42.827,			2.057,			0.292,			0.053
39,	1,	120.0,	42.927,			1.581,			0.198,			0.051
40,	2,	218.0,	43.269,			11.744,			1.171,			0.131
41,	1,	16.0,	44.051,			1.283,			0.298,			0.059
42,	1,	387.0,	44.922,			2.581,			0.271,			0.058
43,	2,	173.0,	45.134,			10.718,			1.437,			0.131
44,	1,	7.0,	47.449,			2.448,			0.16,			0.058
45,	2,	163.0,	48.682,			11.639,			1.139,			0.105
46,	1,	44.0,	48.844,			2.26,			0.257,			0.052
47,	1,	30.0,	49.304,			2.972,			0.176,			0.055
48,	1,	120.0,	49.612,			1.701,			0.207,			0.052
49,	2,	90.0,	51.985,			14.204,			1.341,			0.118
50,	1,	44.0,	52.033,			2.705,			0.222,			0.059
51,	1,	498.0,	52.976,			1.078,			0.185,			0.06
52,	1,	120.0,	54.144,			2.388,			0.155,			0.051
53,	1,	512.0,	54.997,			2.057,			0.137,			0.056
54,	2,	105.0,	55.508,			11.658,			1.117,			0.166
55,	2,	137.0,	55.772,			14.376,			1.003,			0.106
56,	2,	198.0,	57.297,			10.491,			1.469,			0.198
57,	1,	7.0,	57.786,			2.298,			0.283,			0.052
58,	1,	7.0,	58.019,			1.558,			0.142,			0.051
59,	2,	143.0,	58.184,			14.14,			1.051,			0.145
60,	2,	130.0,	58.425,			12.761,			1.268,			0.13
61,	1,	44.0,	59.036,			2.956,			0.259,			0.059
62,	2,	67.0,	59.213,			11.124,			1.122,			0.158
63,	2,	109.0,	59.871,			13.289,			1.393,			0.138
64,	2,	185.0,	60.671,			10.286,			1.262,			0.129
65,	2,	111.0,	61.279,			10.595,			1.322,			0.144
66,	1,	387.0,	61.632,			1.095,			0.26,			0.05
67,	1,	146.0,	61.76,			1.707,			0.2,			0.057
68,	1,	7.0,	61.964,			1.252,			0.298,			0.054
69,	2,	193.0,	62.117,			11.793,			1.437,			0.177
70,	1,	10.0,	63.06,			2.524,			0.271,			0.053
71,	1,	7.0,	63.13,			1.878,			0.228,			0.051
72,	1,	6.0,	63.353,			1.106,			0.262,			0.055
73,	1,	6.0,	65.389,			2.858,			0.256,			0.053
74,	1,	95.0,	65.441,			2.976,			0.162,			0.055
75,	1,	10.0,	65.814,			1.164,			0.205,			0.052
76,	2,	237.0,	66.16,			11.335,			1.335,			0.148
77,	1,	146.0,	66.819,			1.252,			0.151,			0.06
78,	1,	16.0,	66.872,			1.263,			0.206,			0.055
79,	2,	156.0,	66.904,			12.346,			1.175,			0.113
80,	2,	145.0,	67.585,			11.411,			1.438,			0.11
81,	1,	103.0,	68.706,			2.986,			0.293,			0.055
82,	2,	117.0,	69.21,			10.523,			1.463,			0.169
83,	2,	293.0,	69.413,			13.92,			1.013,			0.107
84,	1,	6.0,	69.502,			1.247,			0.223,			0.051
85,	1,	498.0,	69.983,			1.684,			0.236,			0.053
86,	2,	183.0,	70.209,			11.263,			1.1,			0.132
87,	2,	226.0,	70.211,			11.971,			1.42,			0.125
88,	2,	122.0,	71.418,			14.45,			1.159,			0.142
89,	1,	120.0,	71.688,			1.293,			0.23,			0.056
90,	1,	7.0,	71.744,			1.756,			0.134,			0.05
91,	1,	447.0,	72.288,			1.886,			0.21,			0.06
92,	1,	559.0,	72.588,			2.031,			0.279,			0.06
93,	2,	90.0,	72.756,			13.596,			1.177,			0.164
94,	1,	95.0,	73.132,			1.256,			0.148,			0.053
95,	2,	199.0,	73.253,			11.289,			1.236,			0.174
96,	1,	90.0,	73.894,			2.404,			0.113,			0.055
97,	2,	159.0,	74.191,			14.535,			1.07,			0.137
98,	1,	126.0,	74.326,			1.97,			0.223,			0.059
99,	1,	103.0,	74.616,			1.362,			0.214,			0.056
100,	1,	120.0,	74.742,			1.477,			0.232,			0.055
101,	1,	512.0,	75.058,			2.276,			0.2,			0.058
102,	1,	59.0,	75.324,			1.394,			0.12,			0.057
103,	1,	7.0,	75.461,			1.309,			0.297,			0.059
104,	2,	153.0,	75.669,			11.628,			1.459,			0.118
105,	2,	250.0,	75.745,			13.75,			1.008,			0.187
106,	1,	559.0,	75.784,			2.798,			0.217,			0.054
107,	1,	214.0,	76.277,			1.61,			0.233,			0.052
108,	2,	152.0,	77.028,			14.658,			1.144,			0.16
109,	1,	103.0,	77.284,			1.731,			0.201,			0.056
110,	1,	13.0,	77.294,			2.874,			0.113,			0.054
111,	2,	149.0,	77.303,			13.33,			1.421,			0.17
112,	1,	90.0,	77.427,			1.146,			0.28,			0.058
113,	1,	7.0,	77.677,			2.237,			0.16,			0.054
114,	1,	7.0,	77.883,			1.409,			0.209,			0.055
115,	1,	30.0,	77.909,			2.614,			0.25,			0.056
116,	1,	44.0,	78.694,			2.748,			0.223,			0.057
117,	1,	120.0,	80.161,			1.578,			0.255,			0.059
118,	2,	221.0,	80.173,			10.895,			1.463,			0.152
119,	1,	44.0,	80.493,			1.768,			0.133,			0.058
120,	2,	144.0,	80.853,			13.239,			1.368,			0.195
121,	2,	152.0,	80.962,			14.185,			1.409,			0.105
122,	1,	44.0,	81.105,			1.495,			0.145,			0.051
123,	1,	447.0,	81.335,			1.963,			0.272,			0.051
124,	2,	167.0,	81.779,			11.262,			1.198,			0.117
125,	1,	6.0,	81.79,			2.976,			0.108,			0.05
126,	2,	286.0,	82.391,			14.253,			1.297,			0.179
127,	1,	10.0,	82.536,			2.235,			0.29,			0.056
128,	1,	447.0,	83.902,			2.983,			0.267,			0.059
129,	2,	166.0,	84.557,			11.99,			1.312,			0.121
130,	1,	7.0,	84.777,			2.627,			0.208,			0.055
131,	2,	57.0,	85.059,			11.781,			1.081,			0.17
132,	1,	44.0,	85.868,			2.637,			0.249,			0.06
133,	1,	7.0,	86.653,			2.324,			0.15,			0.058
134,	1,	28.0,	86.88,			1.833,			0.131,			0.052
135,	1,	7.0,	87.223,			2.807,			0.266,			0.055
136,	1,	95.0,	87.573,			2.317,			0.249,			0.051
137,	2,	155.0,	87.658,			10.204,			1.376,			0.144
138,	2,	131.0,	88.126,			14.424,			1.179,			0.188
139,	2,	129.0,	88.272,			12.976,			1.403,			0.125
140,	1,	387.0,	88.471,			2.425,			0.232,			0.052
141,	1,	28.0,	88.673,			2.553,			0.121,			0.057
142,	1,	10.0,	88.954,			2.268,			0.122,			0.054
143,	2,	81.0,	89.017,			11.589,			1.126,			0.1
144,	2,	220.0,	89.217,			13.396,			1.108,			0.145
145,	1,	214.0,	89.309,			2.847,			0.21,			0.05
146,	1,	447.0,	89.486,			2.548,			0.292,			0.051
147,	1,	447.0,	90.013,			2.956,			0.221,			0.055
148,	1,	120.0,	90.173,			2.714,			0.215,			0.055
149,	1,	387.0,	90.314,			1.554,			0.207,			0.058
150,	1,	126.0,	90.606,			1.283,			0.137,			0.053
151,	1,	49.0,	90.612,			2.173,			0.221,			0.059
152,	1,	44.0,	90.728,			1.625,			0.238,			0.057
153,	1,	7.0,	90.864,			2.28,			0.249,			0.052
154,	1,	13.0,	90.923,			2.048,			0.29,			0.059
155,	1,	387.0,	91.382,			2.637,			0.158,			0.054
156,	1,	7.0,	91.384,			2.948,			0.256,			0.059
157,	1,	7.0,	91.842,			2.813,			0.151,			0.053
158,	1,	512.0,	91.988,			2.114,			0.278,			0.058
159,	1,	44.0,	92.766,			2.265,			0.284,			0.052
160,	1,	49.0,	92.812,			1.701,			0.139,			0.051
161,	2,	168.0,	92.879,			10.884,			1.188,			0.156
162,	1,	7.0,	92.932,			1.681,			0.15,			0.05
163,	1,	7.0,	93.02,			1.859,			0.12,			0.057
164,	1,	10.0,	93.19,			1.091,			0.221,			0.051
165,	1,	16.0,	93.45,			2.669,			0.142,			0.05
166,	2,	229.0,	93.457,			13.892,			1.182,			0.166
167,	1,	126.0,	93.463,			1.411,			0.165,			0.056
168,	1,	447.0,	93.476,			1.018,			0.223,			0.05
169,	1,	379.0,	93.589,			1.086,			0.227,			0.056
170,	1,	214.0,	93.734,			1.445,			0.162,			0.059
171,	1,	512.0,	93.754,			2.874,			0.161,			0.051
172,	1,	6.0,	93.812,			1.64,			0.133,			0.056
173,	1,	120.0,	93.866,			2.369,			0.223,			0.051
174,	1,	7.0,	93.911,			2.199,			0.144,			0.051
175,	1,	16.0,	94.111,			1.394,			0.28,			0.057
176,	1,	387.0,	94.2,			1.431,			0.234,			0.06
177,	1,	157.0,	94.231,			1.16,			0.142,			0.06
178,	1,	6.0,	94.658,			2.857,			0.298,			0.055
179,	1,	13.0,	95.552,			2.779,			0.207,			0.051
180,	2,	105.0,	96.221,			11.587,			1.31,			0.19
181,	1,	7.0,	96.369,			2.104,			0.124,			0.054
182,	1,	103.0,	96.495,			2.701,			0.168,			0.054
183,	1,	59.0,	96.732,			2.936,			0.234,			0.051
184,	1,	7.0,	96.767,			2.709,			0.126,			0.06
185,	1,	559.0,	96.86,			1.08,			0.137,			0.051
186,	2,	203.0,	96.951,			13.583,			1.285,			0.198
187,	1,	169.0,	97.123,			1.173,			0.173,			0.058
188,	1,	30.0,	97.611,			1.783,			0.123,			0.054
189,	1,	7.0,	97.696,			2.084,			0.246,			0.056
190,	2,	331.0,	97.988,			11.573,			1.325,			0.169
191,	1,	7.0,	98.003,			2.467,			0.254,			0.06
192,	1,	126.0,	98.287,			1.111,			0.293,			0.055
193,	1,	120.0,	98.441,			2.491,			0.206,			0.051
194,	1,	379.0,	98.858,			2.427,			0.165,			0.053
195,	1,	6.0,	98.967,			1.659,			0.161,			0.054
196,	1,	44.0,	99.301,			2.555,			0.186,			0.053
197,	1,	559.0,	99.343,			1.009,			0.231,			0.059
198,	1,	16.0,	99.576,			1.683,			0.141,			0.057
199,	1,	512.0,	99.636,			2.888,			0.136,			0.057
200,	1,	44.0,	100.088,			1.086,			0.285,			0.059
201,	2,	175.0,	100.31,			11.539,			1.46,			0.159
202,	1,	44.0,	100.577,			2.622,			0.152,			0.055
203,	1,	157.0,	100.723,			1.431,			0.223,			0.058
204,	1,	387.0,	100.758,			1.357,			0.103,			0.055
205,	1,	44.0,	100.963,			2.102,			0.13,			0.056
206,	1,	126.0,	101.016,			1.86,			0.203,			0.051
207,	1,	6.0,	101.267,			1.981,			0.257,			0.06
208,	1,	6.0,	101.519,			1.753,			0.121,			0.052
209,	1,	214.0,	101.672,			1.472,			0.219,			0.059
210,	1,	103.0,	101.817,			2.249,			0.21,			0.052
211,	1,	49.0,	102.672,			2.911,			0.215,			0.053
212,	1,	13.0,	102.734,			2.013,			0.262,			0.055
213,	1,	59.0,	102.983,			1.719,			0.254,			0.057
214,	2,	65.0,	103.15,			14.351,			1.081,			0.166
215,	1,	44.0,	103.6,			2.398,			0.16,			0.056
216,	1,	28.0,	103.649,			1.386,			0.221,			0.057
217,	1,	6.0,	104.004,			2.276,			0.179,			0.053
218,	1,	10.0,	104.019,			2.241,			0.28,			0.057
219,	1,	157.0,	104.045,			1.701,			0.176,			0.052
220,	1,	169.0,	104.209,			2.625,			0.109,			0.054
221,	1,	7.0,	104.33,			2.154,			0.249,			0.059
222,	1,	7.0,	104.465,			1.659,			0.256,			0.056
223,	1,	6.0,	104.967,			2.541,			0.161,			0.058
224,	1,	16.0,	105.057,			1.517,			0.175,			0.059
225,	1,	146.0,	105.463,			2.02,			0.133,			0.054
226,	1,	16.0,	105.757,			2.149,			0.16,			0.056
227,	1,	146.0,	106.447,			1.145,			0.236,			0.051
228,	1,	28.0,	106.575,			2.004,			0.177,			0.055
229,	2,	244.0,	106.758,			11.92,			1.4,			0.162
230,	1,	146.0,	106.958,			2.237,			0.258,			0.052
231,	1,	103.0,	107.02,			2.318,			0.135,			0.058
232,	1,	7.0,	107.386,			1.61,			0.195,			0.056
233,	1,	559.0,	107.392,			2.238,			0.241,			0.053
234,	1,	387.0,	107.654,			2.753,			0.199,			0.058
235,	1,	512.0,	107.655,			2.522,			0.148,			0.054
236,	1,	7.0,	107.759,			1.612,			0.193,			0.06
237,	1,	103.0,	107.813,			2.055,			0.182,			0.059
238,	1,	28.0,	108.02,			2.727,			0.147,			0.052
239,	1,	214.0,	108.052,			2.645,			0.288,			0.052
240,	1,	59.0,	108.146,			1.211,			0.267,			0.051
241,	1,	157.0,	108.163,			2.889,			0.224,			0.051
242,	1,	30.0,	108.355,			1.681,			0.22,			0.056
243,	1,	49.0,	108.581,			1.841,			0.133,			0.057
244,	1,	169.0,	108.901,			1.051,			0.214,			0.05
245,	1,	44.0,	109.287,			1.226,			0.107,			0.058
246,	2,	129.0,	109.302,			11.709,			1.015,			0.108
247,	1,	49.0,	109.381,			1.486,			0.251,			0.06
248,	1,	44.0,	109.494,			2.249,			0.289,			0.058
249,	1,	28.0,	109.77,			1.141,			0.135,			0.053
250,	1,	379.0,	109.932,			1.826,			0.103,			0.052
251,	1,	7.0,	110.573,			2.11,			0.29,			0.057
252,	1,	7.0,	110.741,			1.561,			0.206,			0.057
253,	1,	498.0,	110.834,			1.075,			0.117,			0.053
254,	2,	247.0,	111.163,			13.792,			1.381,			0.19
255,	1,	379.0,	111.29,			2.226,			0.114,			0.059
256,	1,	379.0,	111.524,			2.304,			0.219,			0.058
257,	1,	379.0,	112.021,			1.75,			0.215,			0.057
258,	1,	157.0,	112.102,			1.703,			0.17,			0.052
259,	1,	49.0,	112.139,			1.9,			0.118,			0.054
260,	1,	7.0,	112.87,			2.187,			0.18,			0.055
261,	1,	10.0,	113.129,			1.104,			0.127,			0.056
262,	1,	447.0,	113.457,			1.458,			0.108,			0.056
263,	1,	10.0,	113.537,			1.029,			0.227,			0.052
264,	1,	7.0,	113.602,			1.499,			0.228,			0.05
265,	1,	7.0,	113.672,			1.485,			0.238,			0.051
266,	1,	146.0,	113.906,			1.304,			0.259,			0.056
267,	2,	157.0,	114.098,			10.298,			1.433,			0.177
268,	1,	379.0,	114.165,			2.068,			0.116,			0.058
269,	1,	6.0,	114.259,			2.448,			0.189,			0.051
270,	1,	7.0,	114.346,			1.994,			0.195,			0.056
271,	1,	30.0,	114.433,			1.376,			0.254,			0.052
272,	1,	7.0,	114.642,			2.084,			0.23,			0.059
273,	1,	28.0,	114.928,			1.435,			0.159,			0.053
274,	1,	146.0,	115.046,			2.645,			0.172,			0.059
275,	1,	512.0,	115.175,			1.204,			0.106,			0.051
276,	1,	59.0,	115.305,			2.366,			0.255,			0.052
277,	1,	6.0,	115.549,			2.974,			0.19,			0.06
278,	1,	512.0,	115.629,			1.486,			0.299,			0.059
279,	2,	228.0,	115.646,			12.178,			1.015,			0.13
280,	2,	153.0,	116.13,			13.878,			1.437,			0.2
281,	2,	130.0,	116.141,			13.828,			1.164,			0.111
282,	1,	44.0,	116.276,			2.976,			0.256,			0.054
283,	1,	7.0,	116.422,			2.888,			0.169,			0.057
284,	1,	120.0,	116.714,			1.972,			0.193,			0.054
285,	1,	120.0,	116.761,			1.715,			0.209,			0.055
286,	1,	44.0,	116.877,			1.908,			0.198,			0.054
287,	2,	262.0,	116.881,			10.78,			1.326,			0.164
288,	1,	30.0,	117.09,			2.832,			0.135,			0.055
289,	1,	16.0,	117.188,			1.807,			0.166,			0.05
290,	1,	16.0,	117.41,			2.972,			0.234,			0.054
291,	1,	95.0,	117.488,			1.151,			0.106,			0.059
292,	1,	559.0,	118.125,			2.379,			0.263,			0.057
293,	1,	59.0,	118.539,			1.038,			0.215,			0.056
294,	1,	44.0,	118.734,			1.807,			0.258,			0.056
295,	1,	447.0,	118.757,			1.548,			0.14,			0.056
296,	1,	6.0,	118.794,			1.972,			0.297,			0.054
297,	1,	387.0,	118.852,			1.485,			0.265,			0.051
298,	1,	498.0,	118.857,			1.582,			0.26,			0.058
299,	1,	126.0,	119.03,			1.927,			0.142,			0.052
300,	1,	447.0,	119.086,			2.085,			0.133,			0.054
301,	1,	447.0,	119.159,			1.291,			0.29,			0.058
302,	1,	157.0,	119.211,			2.034,			0.183,			0.051
303,	1,	559.0,	119.495,			2.525,			0.28,			0.054
304,	1,	387.0,	119.497,			1.009,			0.209,			0.056
305,	1,	103.0,	119.578,			2.232,			0.145,			0.056
306,	1,	157.0,	119.608,			1.291,			0.135,			0.055
307,	1,	387.0,	119.668,			1.104,			0.202,			0.051
308,	1,	10.0,	119.777,			1.398,			0.199,			0.055
309,	1,	13.0,	119.822,			2.852,			0.224,			0.059
310,	1,	13.0,	120.115,			2.459,			0.187,			0.058
311,	1,	7.0,	120.171,			1.027,			0.279,			0.052
312,	1,	559.0,	120.312,			2.378,			0.254,			0.055
313,	1,	30.0,	120.489,			2.522,			0.239,			0.057
314,	1,	49.0,	120.8,			2.645,			0.218,			0.058
315,	1,	559.0,	120.814,			1.756,			0.139,			0.06
316,	1,	498.0,	120.988,			1.537,			0.243,			0.052
317,	1,	16.0,	121.007,			2.802,			0.206,			0.056
318,	1,	214.0,	121.318,			2.047,			0.116,			0.053
319,	1,	7.0,	121.349,			2.669,			0.244,			0.058
320,	1,	13.0,	121.786,			1.605,			0.144,			0.051
321,	1,	44.0,	122.459,			1.733,			0.216,			0.058
322,	1,	49.0,	122.477,			2.865,			0.26,			0.052
323,	1,	13.0,	122.516,			1.828,			0.177,			0.055
324,	2,	206.0,	122.572,			13.973,			1.112,			0.147
325,	1,	379.0,	122.656,			1.291,			0.283,			0.05
326,	1,	498.0,	122.657,			1.432,			0.16,			0.05
327,	2,	248.0,	122.681,			11.171,			1.31,			0.105
328,	1,	447.0,	123.033,			2.037,			0.244,			0.05
329,	2,	134.0,	123.193,			14.317,			1.109,			0.134
330,	1,	169.0,	123.225,			2.436,			0.203,			0.052
331,	1,	44.0,	123.637,			1.733,			0.14,			0.052
332,	1,	7.0,	123.696,			2.28,			0.183,			0.057
333,	1,	95.0,	123.717,			1.915,			0.221,			0.058
334,	1,	10.0,	123.912,			2.522,			0.172,			0.055
335,	1,	44.0,	123.973,			1.188,			0.242,			0.054
336,	1,	387.0,	124.172,			1.279,			0.299,			0.059
337,	1,	90.0,	124.221,			1.305,			0.12,			0.052
338,	1,	512.0,	124.324,			2.446,			0.195,			0.058
339,	1,	157.0,	124.631,			2.643,			0.213,			0.051
340,	2,	144.0,	125.264,			13.92,			1.275,			0.106
341,	1,	157.0,	125.359,			1.807,			0.165,			0.056
342,	1,	28.0,	125.604,			1.317,			0.253,			0.057
343,	1,	7.0,	125.663,			2.795,			0.299,			0.056
344,	1,	7.0,	125.876,			2.947,			0.256,			0.056
345,	1,	6.0,	125.988,			2.711,			0.289,			0.058
346,	1,	126.0,	126.009,			1.473,			0.215,			0.058
347,	1,	169.0,	126.082,			1.431,			0.124,			0.053
348,	1,	387.0,	126.098,			2.789,			0.233,			0.057
349,	1,	379.0,	126.163,			2.102,			0.282,			0.057
350,	1,	6.0,	126.173,			1.838,			0.211,			0.05
351,	1,	146.0,	126.343,			2.565,			0.288,			0.055
352,	1,	169.0,	126.534,			2.727,			0.299,			0.06
353,	1,	16.0,	126.552,			1.485,			0.229,			0.058
354,	2,	229.0,	126.645,			11.393,			1.47,			0.191
355,	1,	512.0,	126.658,			2.866,			0.29,			0.058
356,	1,	7.0,	126.673,			2.366,			0.261,			0.056
357,	2,	90.0,	126.945,			11.661,			1.024,			0.178
358,	2,	70.0,	127.022,			14.162,			1.177,			0.107
359,	1,	146.0,	127.791,			1.672,			0.158,			0.054
360,	1,	512.0,	128.04,			1.733,			0.176,			0.059
361,	2,	100.0,	128.25,			11.557,			1.356,			0.138
362,	1,	44.0,	128.574,			1.609,			0.156,			0.058
363,	1,	7.0,	128.593,			2.685,			0.159,			0.053
364,	1,	90.0,	128.608,			2.991,			0.207,			0.06
365,	1,	10.0,	128.688,			1.103,			0.149,			0.052
366,	1,	59.0,	128.832,			1.655,			0.17,			0.053
367,	2,	146.0,	128.832,			14.067,			1.389,			0.174
368,	1,	498.0,	129.048,			2.225,			0.29,			0.057
369,	1,	10.0,	129.096,			1.269,			0.195,			0.056
370,	1,	28.0,	129.203,			1.701,			0.122,			0.053
371,	1,	44.0,	129.595,			1.296,			0.195,			0.051
372,	1,	95.0,	129.914,			2.317,			0.18,			0.06
373,	1,	7.0,	130.109,			2.286,			0.263,			0.057
374,	1,	379.0,	130.256,			2.169,			0.221,			0.051
375,	1,	447.0,	130.291,			1.188,			0.297,			0.057
376,	1,	120.0,	130.299,			1.879,			0.103,			0.054
377,	1,	214.0,	130.719,			1.018,			0.114,			0.059
378,	1,	559.0,	130.893,			1.651,			0.226,			0.058
379,	1,	387.0,	130.926,			2.827,			0.119,			0.056
380,	1,	16.0,	131.102,			1.14,			0.114,			0.056
381,	1,	49.0,	131.248,			2.268,			0.165,			0.05
382,	1,	7.0,	131.487,			1.482,			0.26,			0.057
383,	1,	10.0,	131.861,			1.933,			0.175,			0.051
384,	1,	16.0,	131.873,			2.298,			0.161,			0.055
385,	1,	16.0,	132.12,			1.3,			0.1,			0.051
386,	2,	198.0,	132.138,			11.761,			1.155,			0.17
387,	1,	7.0,	132.382,			2.562,			0.15,			0.058
388,	1,	379.0,	132.439,			2.96,			0.254,			0.057
389,	1,	157.0,	132.532,			1.969,			0.258,			0.059
390,	1,	169.0,	132.619,			2.92,			0.238,			0.05
391,	1,	559.0,	133.443,			2.645,			0.263,			0.06
392,	1,	28.0,	133.659,			2.638,			0.114,			0.058
393,	1,	95.0,	133.854,			1.115,			0.257,			0.05
394,	1,	59.0,	133.993,			1.504,			0.159,			0.057
395,	1,	44.0,	134.118,			1.909,			0.123,			0.053
396,	1,	387.0,	134.281,			2.556,			0.293,			0.059
397,	1,	387.0,	134.332,			1.191,			0.162,			0.054
398,	2,	77.0,	134.343,			13.263,			1.06,			0.13
399,	1,	44.0,	134.351,			2.096,			0.131,			0.054
400,	1,	95.0,	134.621,			2.133,			0.22,			0.054
401,	1,	44.0,	134.784,			2.407,			0.221,			0.059
402,	1,	512.0,	135.062,			2.379,			0.179,			0.052
403,	2,	139.0,	135.076,			11.171,			1.072,			0.104
404,	1,	120.0,	135.142,			2.655,			0.237,			0.051
405,	1,	559.0,	135.194,			2.652,			0.189,			0.059
406,	1,	90.0,	135.228,			1.211,			0.198,			0.056
407,	2,	86.0,	135.431,			12.521,			1.421,			0.145
408,	1,	120.0,	135.479,			2.914,			0.255,			0.058
409,	1,	7.0,	135.88,			1.801,			0.234,			0.056
410,	1,	28.0,	135.946,			1.645,			0.29,			0.059
411,	1,	559.0,	136.094,			2.861,			0.252,			0.055
412,	1,	7.0,	136.442,			1.009,			0.172,			0.051
413,	1,	6.0,	136.607,			1.972,			0.256,			0.055
414,	1,	559.0,	136.827,			1.458,			0.16,			0.052
415,	1,	90.0,	136.876,			2.838,			0.194,			0.052
416,	1,	10.0,	136.906,			2.366,			0.106,			0.055
417,	2,	228.0,	137.162,			10.659,			1.438,			0.131
418,	1,	30.0,	137.367,			1.128,			0.107,			0.058
419,	1,	379.0,	137.421,			1.371,			0.192,			0.052
420,	1,	512.0,	137.608,			1.626,			0.204,			0.055
421,	1,	28.0,	137.619,			2.153,			0.131,			0.052
422,	1,	169.0,	137.651,			1.733,			0.132,			0.054
423,	1,	6.0,	137.936,			1.472,			0.174,			0.054
424,	1,	6.0,	138.15,			1.731,			0.284,			0.054
425,	1,	447.0,	138.208,			1.428,			0.174,			0.059
426,	1,	126.0,	138.535,			2.819,			0.199,			0.059
427,	1,	49.0,	138.742,			1.051,			0.128,			0.059
428,	1,	7.0,	138.753,			2.09,			0.194,			0.057
429,	1,	6.0,	138.793,			2.03,			0.186,			0.06
430,	1,	90.0,	138.8,			1.051,			0.251,			0.056
431,	1,	95.0,	138.887,			2.104,			0.126,			0.052
432,	1,	559.0,	138.909,			1.203,			0.249,			0.057
433,	1,	157.0,	139.082,			2.222,			0.157,			0.058
434,	1,	10.0,	139.204,			1.45,			0.297,			0.058
435,	1,	6.0,	139.361,			1.581,			0.104,			0.05
436,	1,	512.0,	139.439,			1.105,			0.199,			0.056
437,	1,	44.0,	139.455,			1.035,			0.142,			0.052
438,	2,	141.0,	139.62,			14.492,			1.4,			0.16
439,	1,	379.0,	139.868,			1.422,			0.189,			0.051
440,	1,	157.0,	139.939,			1.515,			0.199,			0.055
441,	1,	30.0,	140.192,			1.748,			0.113,			0.055
442,	1,	146.0,	140.201,			2.789,			0.124,			0.056
443,	1,	214.0,	140.424,			2.556,			0.226,			0.051
444,	1,	16.0,	140.579,			1.408,			0.258,			0.054
445,	1,	7.0,	140.891,			1.915,			0.285,			0.059
446,	2,	164.0,	140.963,			14.604,			1.426,			0.184
447,	1,	7.0,	141.15,			1.366,			0.289,			0.055
448,	2,	95.0,	141.254,			13.899,			1.349,			0.169
449,	1,	7.0,	141.375,			1.553,			0.171,			0.053
450,	1,	13.0,	141.664,			1.605,			0.198,			0.058
451,	1,	10.0,	141.68,			1.445,			0.251,			0.059
452,	1,	10.0,	141.728,			1.447,			0.2,			0.057
453,	1,	169.0,	141.808,			2.223,			0.192,			0.059
454,	2,	118.0,	141.817,			14.49,			1.065,			0.133
455,	1,	59.0,	141.913,			2.342,			0.141,			0.051
456,	1,	10.0,	142.223,			1.86,			0.287,			0.058
457,	1,	379.0,	142.791,			1.537,			0.199,			0.053
458,	1,	169.0,	142.818,			2.449,			0.232,			0.058
459,	1,	6.0,	142.834,			2.18,			0.259,			0.059
460,	1,	30.0,	142.89,			1.23,			0.287,			0.057
461,	1,	44.0,	143.022,			2.761,			0.178,			0.052
462,	1,	7.0,	143.116,			2.031,			0.278,			0.051
463,	2,	241.0,	143.271,			11.85,			1.353,			0.156
464,	1,	157.0,	143.857,			1.382,			0.276,			0.06
465,	1,	447.0,	144.042,			1.776,			0.223,			0.057
466,	1,	90.0,	144.145,			1.669,			0.212,			0.056
467,	1,	49.0,	144.324,			1.799,			0.247,			0.051
468,	1,	120.0,	144.336,			2.014,			0.292,			0.052
469,	1,	13.0,	144.648,			1.963,			0.27,			0.054
470,	2,	178.0,	144.927,			12.434,			1.362,			0.199
471,	1,	447.0,	145.096,			1.217,			0.272,			0.054
472,	1,	169.0,	145.159,			2.928,			0.222,			0.057
473,	1,	90.0,	145.526,			1.155,			0.275,			0.055
474,	1,	7.0,	145.736,			1.59,			0.195,			0.055
475,	1,	44.0,	145.84,			1.761,			0.151,			0.053
476,	2,	172.0,	145.88,			14.215,			1.499,			0.137
477,	1,	90.0,	146.041,			1.933,			0.135,			0.051
478,	1,	7.0,	146.253,			2.222,			0.239,			0.056
479,	1,	16.0,	146.261,			2.819,			0.201,			0.057
480,	1,	13.0,	146.321,			2.606,			0.217,			0.05
481,	1,	7.0,	146.336,			1.473,			0.219,			0.051
482,	2,	234.0,	146.365,			11.28,			1.055,			0.187
483,	1,	214.0,	146.654,			2.796,			0.198,			0.056
484,	1,	10.0,	146.667,			1.477,			0.241,			0.052
485,	2,	77.0,	146.674,			14.117,			1.203,			0.184
486,	1,	7.0,	146.735,			1.095,			0.146,			0.058
487,	1,	559.0,	146.811,			2.09,			0.177,			0.058
488,	1,	7.0,	147.321,			1.809,			0.102,			0.051
489,	2,	132.0,	147.329,			12.88,			1.46,			0.179
490,	2,	220.0,	147.479,			13.629,			1.167,			0.103
491,	1,	512.0,	147.55,			1.322,			0.165,			0.06
492,	1,	95.0,	147.645,			2.779,			0.212,			0.053
493,	1,	13.0,	147.677,			2.132,			0.27,			0.053
494,	1,	498.0,	147.831,			2.795,			0.288,			0.057
495,	1,	120.0,	147.832,			2.636,			0.189,			0.053
496,	2,	171.0,	147.864,			14.863,			1.47,			0.133
497,	1,	498.0,	147.949,			1.597,			0.206,			0.053
498,	1,	7.0,	148.159,			2.726,			0.192,			0.057
499,	1,	10.0,	148.215,			2.398,			0.266,			0.054
500,	1,	6.0,	148.23,			1.878,			0.253,			0.051
501,	1,	7.0,	148.351,			2.974,			0.174,			0.053
502,	1,	379.0,	148.619,			1.826,			0.209,			0.055
503,	1,	103.0,	148.701,			2.571,			0.174,			0.054
504,	1,	6.0,	148.923,			1.191,			0.136,			0.055
505,	1,	103.0,	148.996,			2.857,			0.279,			0.055
506,	1,	28.0,	149.075,			1.672,			0.185,			0.057
507,	1,	13.0,	149.208,			2.776,			0.129,			0.057
508,	1,	498.0,	149.321,			1.249,			0.253,			0.058
509,	2,	149.0,	149.549,			10.117,			1.361,			0.163
510,	1,	103.0,	149.636,			2.588,			0.234,			0.056
511,	1,	214.0,	149.675,			2.888,			0.201,			0.055
512,	1,	214.0,	149.724,			1.531,			0.172,			0.056
513,	1,	10.0,	149.895,			1.828,			0.189,			0.06
514,	1,	214.0,	150.096,			1.722,			0.119,			0.055
515,	1,	512.0,	150.769,			1.394,			0.189,			0.053
516,	1,	7.0,	150.895,			1.006,			0.283,			0.059
517,	1,	379.0,	151.045,			2.179,			0.29,			0.057
518,	1,	13.0,	151.196,			1.283,			0.255,			0.06
519,	1,	59.0,	151.487,			1.505,			0.108,			0.054
520,	1,	7.0,	151.556,			2.838,			0.156,			0.052
521,	1,	387.0,	151.641,			2.454,			0.161,			0.056
522,	1,	13.0,	151.709,			2.973,			0.258,			0.057
523,	1,	30.0,	151.904,			2.776,			0.195,			0.058
524,	1,	559.0,	152.132,			1.116,			0.172,			0.057
525,	1,	169.0,	152.343,			2.013,			0.28,			0.051
526,	1,	90.0,	152.481,			2.283,			0.132,			0.058
527,	1,	126.0,	152.52,			2.943,			0.134,			0.057
528,	1,	387.0,	152.556,			1.972,			0.139,			0.056
529,	1,	126.0,	152.614,			2.346,			0.202,			0.058
530,	1,	6.0,	152.616,			2.542,			0.224,			0.052
531,	1,	16.0,	152.655,			1.886,			0.247,			0.056
532,	1,	16.0,	152.754,			2.895,			0.106,			0.056
533,	1,	120.0,	152.764,			1.935,			0.139,			0.051
534,	1,	103.0,	152.796,			1.663,			0.27,			0.055
535,	1,	512.0,	152.8,			1.481,			0.162,			0.051
536,	1,	10.0,	153.189,			1.985,			0.185,			0.053
537,	1,	169.0,	153.499,			2.252,			0.293,			0.051
538,	1,	559.0,	153.753,			1.532,			0.156,			0.053
539,	2,	105.0,	153.775,			11.12,			1.332,			0.167
540,	1,	146.0,	153.964,			2.235,			0.29,			0.06
541,	1,	103.0,	154.103,			2.467,			0.248,			0.055
542,	1,	95.0,	154.121,			1.391,			0.293,			0.06
543,	1,	16.0,	154.349,			1.56,			0.154,			0.05
544,	1,	120.0,	154.626,			2.388,			0.175,			0.053
545,	1,	498.0,	154.85,			2.41,			0.166,			0.052
546,	1,	387.0,	154.898,			1.174,			0.108,			0.057
547,	1,	44.0,	154.943,			1.128,			0.173,			0.054
548,	2,	193.0,	154.948,			14.244,			1.124,			0.127
549,	1,	146.0,	155.238,			2.702,			0.281,			0.052
550,	1,	387.0,	155.309,			2.063,			0.297,			0.058
551,	1,	120.0,	155.375,			1.485,			0.144,			0.054
552,	1,	30.0,	155.528,			1.915,			0.209,			0.055
553,	1,	44.0,	155.927,			2.631,			0.173,			0.059
554,	1,	44.0,	156.271,			1.36,			0.275,			0.051
555,	1,	6.0,	156.557,			2.048,			0.271,			0.058
556,	1,	16.0,	156.722,			2.796,			0.24,			0.059
557,	1,	6.0,	157.109,			1.671,			0.167,			0.051
558,	1,	7.0,	157.153,			1.07,			0.291,			0.055
559,	1,	447.0,	157.243,			2.669,			0.216,			0.056
560,	1,	6.0,	157.272,			1.667,			0.243,			0.056
561,	1,	214.0,	157.513,			1.807,			0.16,			0.057
562,	2,	78.0,	157.703,			13.979,			1.197,			0.195
563,	1,	7.0,	157.77,			1.186,			0.251,			0.059
564,	1,	10.0,	158.157,			1.213,			0.238,			0.054
565,	1,	512.0,	158.435,			1.307,			0.133,			0.058
566,	1,	7.0,	158.696,			1.317,			0.159,			0.057
567,	1,	44.0,	158.749,			2.114,			0.161,			0.058
568,	1,	379.0,	158.98,			2.748,			0.296,			0.052
569,	1,	126.0,	159.139,			2.866,			0.1,			0.055
570,	1,	7.0,	159.219,			1.757,			0.215,			0.057
571,	1,	559.0,	159.48,			1.786,			0.152,			0.059
572,	1,	49.0,	159.744,			1.144,			0.242,			0.055
573,	1,	6.0,	159.788,			1.654,			0.119,			0.059
574,	1,	559.0,	159.925,			1.998,			0.19,			0.052
575,	1,	214.0,	159.952,			1.07,			0.206,			0.054
576,	1,	7.0,	159.965,			1.694,			0.112,			0.058
577,	1,	498.0,	159.986,			2.901,			0.235,			0.053
578,	1,	498.0,	159.998,			1.86,			0.252,			0.051
579,	1,	214.0,	160.104,			1.031,			0.15,			0.057
580,	1,	59.0,	160.446,			2.366,			0.208,			0.055
581,	1,	59.0,	160.563,			1.173,			0.195,			0.06
582,	1,	379.0,	160.802,			2.983,			0.289,			0.057
583,	1,	214.0,	160.862,			1.044,			0.101,			0.05
584,	1,	379.0,	160.869,			2.454,			0.176,			0.053
585,	2,	75.0,	160.965,			11.829,			1.397,			0.195
586,	2,	148.0,	161.443,			11.46,			1.051,			0.138
587,	1,	30.0,	161.812,			1.962,			0.295,			0.055
588,	1,	90.0,	161.918,			1.158,			0.244,			0.058
589,	1,	7.0,	162.14,			1.252,			0.29,			0.059
590,	1,	13.0,	162.177,			2.314,			0.221,			0.059
591,	1,	387.0,	162.231,			2.316,			0.146,			0.058
592,	1,	146.0,	162.33,			1.671,			0.154,			0.055
593,	1,	16.0,	162.566,			1.733,			0.211,			0.051
594,	1,	44.0,	162.646,			1.625,			0.163,			0.054
595,	1,	157.0,	162.76,			1.007,			0.246,			0.05
596,	2,	139.0,	162.789,			13.596,			1.094,			0.188
597,	2,	124.0,	162.848,			11.993,			1.463,			0.174
598,	1,	10.0,	163.25,			1.35,			0.132,			0.05
599,	1,	7.0,	163.283,			1.848,			0.135,			0.055
600,	1,	146.0,	163.306,			1.395,			0.242,			0.055
601,	1,	10.0,	163.347,			2.974,			0.189,			0.06
602,	1,	120.0,	163.458,			2.057,			0.273,			0.057
603,	1,	10.0,	163.599,			1.116,			0.134,			0.057
604,	1,	214.0,	163.649,			1.701,			0.166,			0.052
605,	1,	126.0,	163.696,			2.655,			0.294,			0.054
606,	1,	7.0,	163.805,			1.966,			0.237,			0.057
607,	1,	95.0,	163.903,			2.378,			0.11,			0.057
608,	1,	90.0,	163.911,			2.678,			0.28,			0.056
609,	1,	146.0,	164.278,			2.779,			0.29,			0.057
610,	1,	447.0,	164.338,			1.731,			0.167,			0.051
611,	1,	7.0,	164.354,			2.404,			0.292,			0.056
612,	1,	28.0,	164.384,			2.013,			0.195,			0.058
613,	1,	214.0,	164.494,			2.813,			0.174,			0.055
614,	1,	447.0,	164.804,			2.489,			0.299,			0.059
615,	1,	10.0,	164.893,			1.505,			0.192,			0.056
616,	2,	281.0,	164.927,			11.371,			1.067,			0.148
617,	1,	7.0,	165.007,			1.044,			0.217,			0.055
618,	1,	44.0,	165.422,			2.273,			0.14,			0.054
619,	1,	7.0,	165.434,			2.256,			0.117,			0.056
620,	1,	7.0,	165.469,			2.628,			0.162,			0.052
621,	1,	59.0,	165.628,			1.484,			0.299,			0.05
622,	1,	512.0,	165.639,			2.655,			0.129,			0.051
623,	1,	214.0,	165.695,			2.103,			0.133,			0.053
624,	1,	214.0,	165.707,			2.653,			0.141,			0.052
625,	1,	44.0,	165.709,			1.531,			0.161,			0.053
626,	1,	10.0,	165.839,			2.288,			0.262,			0.053
627,	1,	28.0,	165.935,			1.601,			0.142,			0.057
628,	1,	146.0,	166.034,			1.305,			0.186,			0.058
629,	1,	498.0,	166.249,			2.429,			0.113,			0.056
630,	1,	16.0,	166.543,			1.537,			0.125,			0.052
631,	2,	231.0,	166.625,			10.481,			1.3,			0.198
632,	1,	95.0,	166.808,			1.075,			0.15,			0.056
633,	1,	44.0,	167.005,			2.303,			0.27,			0.055
634,	1,	512.0,	167.023,			1.956,			0.207,			0.058
635,	1,	30.0,	167.249,			1.692,			0.164,			0.057
636,	1,	7.0,	167.317,			1.269,			0.289,			0.057
637,	2,	63.0,	167.531,			11.494,			1.008,			0.188
638,	1,	157.0,	167.579,			1.249,			0.17,			0.056
639,	1,	7.0,	167.646,			2.588,			0.267,			0.05
640,	1,	7.0,	167.925,			1.879,			0.154,			0.052
641,	1,	28.0,	167.929,			2.381,			0.253,			0.059
642,	1,	146.0,	168.056,			2.545,			0.133,			0.052
643,	1,	7.0,	168.084,			2.984,			0.172,			0.057
644,	1,	214.0,	168.255,			1.783,			0.117,			0.052
645,	1,	28.0,	168.314,			1.86,			0.183,			0.056
646,	1,	103.0,	168.666,			2.02,			0.12,			0.054
647,	1,	7.0,	168.779,			2.378,			0.289,			0.051
648,	1,	498.0,	168.852,			2.454,			0.18,			0.052
649,	1,	7.0,	168.935,			2.509,			0.139,			0.059
650,	1,	44.0,	169.106,			1.485,			0.23,			0.054
651,	2,	326.0,	169.119,			11.075,			1.384,			0.148
652,	1,	10.0,	169.146,			1.532,			0.233,			0.056
653,	1,	146.0,	169.169,			1.414,			0.206,			0.059
654,	1,	379.0,	169.265,			2.991,			0.149,			0.053
655,	1,	447.0,	169.42,			1.443,			0.244,			0.054
656,	1,	559.0,	169.501,			2.974,			0.286,			0.054
657,	2,	206.0,	169.656,			14.132,			1.431,			0.169
658,	1,	214.0,	170.4,			2.991,			0.109,			0.056
659,	2,	192.0,	170.512,			11.982,			1.34,			0.134
660,	1,	498.0,	170.809,			2.581,			0.183,			0.06
661,	2,	115.0,	170.893,			13.061,			1.489,			0.186
662,	2,	109.0,	171.166,			13.572,			1.379,			0.116
663,	1,	7.0,	171.2,			1.126,			0.254,			0.058
664,	1,	28.0,	171.242,			1.692,			0.248,			0.05
665,	1,	6.0,	171.317,			2.235,			0.273,			0.056
666,	1,	103.0,	171.36,			1.174,			0.208,			0.055
667,	2,	124.0,	171.801,			14.45,			1.003,			0.19
668,	1,	28.0,	171.972,			2.01,			0.2,			0.06
669,	1,	387.0,	172.056,			2.827,			0.128,			0.058
670,	1,	120.0,	172.414,			2.449,			0.121,			0.055
671,	1,	44.0,	172.719,			1.911,			0.294,			0.052
672,	1,	95.0,	172.8,			1.316,			0.112,			0.054
673,	1,	90.0,	173.209,			1.302,			0.211,			0.056
674,	1,	95.0,	174.019,			1.356,			0.152,			0.051
675,	1,	59.0,	174.039,			1.639,			0.19,			0.058
676,	1,	7.0,	174.122,			2.438,			0.146,			0.06
677,	2,	201.0,	174.253,			13.299,			1.356,			0.162
678,	1,	7.0,	174.339,			2.779,			0.192,			0.058
679,	1,	6.0,	174.489,			1.749,			0.175,			0.059
680,	1,	90.0,	174.827,			1.833,			0.157,			0.056
681,	1,	214.0,	174.985,			2.686,			0.221,			0.055
682,	2,	155.0,	174.989,			13.404,			1.484,			0.189
683,	1,	16.0,	175.0,			1.044,			0.265,			0.051
684,	1,	16.0,	175.145,			2.057,			0.157,			0.058
685,	1,	59.0,	175.302,			1.631,			0.283,			0.057
686,	1,	126.0,	175.365,			1.707,			0.187,			0.05
687,	1,	59.0,	175.698,			1.423,			0.239,			0.057
688,	2,	208.0,	175.733,			14.43,			1.268,			0.142
689,	2,	171.0,	176.005,			14.942,			1.361,			0.134
690,	1,	512.0,	176.099,			2.33,			0.245,			0.06
691,	1,	126.0,	176.408,			1.99,			0.221,			0.05
692,	1,	28.0,	176.491,			2.252,			0.191,			0.06
693,	2,	131.0,	176.75,			14.958,			1.494,			0.105
694,	1,	59.0,	176.785,			2.346,			0.195,			0.06
695,	1,	7.0,	176.907,			2.852,			0.15,			0.055
696,	1,	379.0,	177.137,			2.675,			0.142,			0.056
697,	1,	146.0,	177.157,			2.796,			0.182,			0.053
698,	2,	155.0,	177.177,			13.263,			1.435,			0.163
699,	1,	6.0,	177.2,			1.229,			0.153,			0.054
700,	1,	59.0,	177.585,			2.408,			0.183,			0.054
701,	1,	95.0,	177.758,			1.442,			0.222,			0.057
702,	1,	59.0,	177.985,			1.61,			0.272,			0.055
703,	1,	90.0,	177.989,			1.991,			0.151,			0.054
704,	1,	7.0,	178.154,			2.858,			0.174,			0.052
705,	1,	49.0,	178.445,			2.138,			0.184,			0.05
706,	1,	28.0,	178.477,			2.18,			0.142,			0.054
707,	1,	6.0,	178.787,			1.426,			0.281,			0.06
708,	1,	90.0,	179.001,			2.305,			0.136,			0.058
709,	2,	145.0,	179.036,			14.481,			1.335,			0.176
710,	1,	95.0,	179.129,			1.761,			0.137,			0.057
711,	1,	44.0,	179.227,			1.912,			0.215,			0.056
712,	1,	6.0,	179.883,			1.715,			0.183,			0.056
713,	1,	146.0,	179.943,			1.495,			0.103,			0.053
714,	1,	103.0,	180.209,			2.903,			0.221,			0.053
715,	1,	28.0,	180.285,			2.497,			0.244,			0.056
716,	1,	59.0,	180.33,			2.549,			0.122,			0.051
717,	1,	59.0,	180.745,			2.598,			0.128,			0.056
718,	2,	109.0,	181.128,			11.26,			1.256,			0.13
719,	1,	13.0,	181.143,			2.866,			0.175,			0.053
720,	1,	169.0,	181.202,			1.266,			0.283,			0.057
721,	1,	30.0,	181.231,			2.09,			0.134,			0.057
722,	1,	447.0,	181.593,			1.972,			0.113,			0.058
723,	1,	44.0,	181.645,			1.911,			0.231,			0.055
724,	1,	447.0,	181.781,			2.947,			0.242,			0.058
725,	1,	120.0,	182.039,			1.031,			0.193,			0.05
726,	2,	166.0,	182.085,			11.494,			1.056,			0.176
727,	2,	134.0,	182.187,			10.244,			1.119,			0.176
728,	2,	188.0,	182.585,			13.961,			1.222,			0.124
729,	1,	28.0,	182.864,			2.256,			0.157,			0.05
730,	1,	7.0,	183.326,			2.279,			0.124,			0.056
731,	1,	498.0,	183.415,			2.479,			0.193,			0.058
732,	1,	169.0,	183.594,			2.342,			0.139,			0.058
733,	1,	387.0,	183.794,			2.911,			0.21,			0.057
734,	1,	387.0,	183.866,			2.735,			0.205,			0.051
735,	1,	559.0,	183.896,			2.789,			0.221,			0.06
736,	1,	7.0,	184.263,			1.539,			0.171,			0.057
737,	1,	7.0,	184.638,			1.588,			0.183,			0.05
738,	1,	95.0,	184.832,			2.659,			0.241,			0.051
739,	1,	90.0,	185.05,			1.45,			0.185,			0.054
740,	1,	387.0,	185.107,			2.0,			0.202,			0.051
741,	1,	44.0,	185.307,			2.318,			0.21,			0.05
742,	1,	59.0,	185.685,			1.07,			0.126,			0.059
743,	1,	44.0,	186.565,			1.786,			0.133,			0.05
744,	1,	44.0,	186.654,			1.395,			0.212,			0.058
745,	1,	7.0,	186.754,			1.302,			0.174,			0.052
746,	1,	90.0,	187.097,			1.715,			0.267,			0.058
747,	1,	559.0,	187.21,			2.797,			0.225,			0.056
748,	1,	7.0,	187.32,			2.298,			0.289,			0.057
749,	1,	16.0,	187.406,			1.148,			0.175,			0.051
750,	2,	207.0,	187.596,			14.139,			1.466,			0.126
751,	1,	6.0,	188.184,			1.406,			0.233,			0.055
752,	2,	480.0,	188.539,			11.884,			1.382,			0.14
753,	2,	365.0,	188.693,			12.93,			1.373,			0.13
754,	1,	498.0,	188.778,			1.848,			0.271,			0.055
755,	1,	44.0,	188.803,			2.631,			0.101,			0.056
756,	1,	30.0,	189.014,			1.561,			0.294,			0.05
757,	1,	6.0,	189.048,			2.681,			0.185,			0.054
758,	1,	498.0,	189.058,			2.596,			0.142,			0.051
759,	2,	82.0,	189.169,			13.169,			1.215,			0.157
760,	1,	214.0,	189.34,			2.802,			0.293,			0.058
761,	1,	7.0,	189.609,			1.155,			0.173,			0.06
762,	1,	559.0,	189.715,			2.832,			0.105,			0.052
763,	1,	49.0,	189.749,			2.031,			0.215,			0.058
764,	1,	59.0,	190.026,			1.128,			0.2,			0.058
765,	1,	44.0,	190.081,			1.192,			0.26,			0.058
766,	1,	44.0,	190.249,			2.714,			0.19,			0.055
767,	1,	7.0,	191.059,			2.509,			0.206,			0.057
768,	1,	7.0,	191.183,			1.633,			0.188,			0.05
769,	1,	10.0,	191.722,			2.957,			0.226,			0.06
770,	1,	169.0,	191.777,			2.874,			0.112,			0.06
771,	1,	10.0,	191.889,			2.712,			0.15,			0.051
772,	1,	157.0,	192.338,			1.337,			0.191,			0.051
773,	1,	169.0,	192.443,			1.314,			0.112,			0.056
774,	2,	127.0,	192.628,			13.449,			1.183,			0.167
775,	1,	387.0,	192.661,			1.485,			0.166,			0.057
776,	1,	447.0,	192.733,			2.18,			0.254,			0.051
777,	1,	379.0,	192.791,			1.833,			0.131,			0.059
778,	1,	95.0,	192.894,			1.151,			0.152,			0.057
779,	1,	49.0,	193.391,			1.869,			0.109,			0.059
780,	1,	447.0,	193.884,			1.158,			0.102,			0.053
781,	1,	169.0,	193.912,			1.027,			0.146,			0.051
782,	2,	204.0,	194.386,			13.61,			1.031,			0.176
783,	1,	379.0,	194.661,			2.553,			0.128,			0.058
784,	1,	447.0,	195.114,			1.924,			0.116,			0.052
785,	2,	208.0,	195.273,			14.931,			1.291,			0.16
786,	1,	559.0,	195.277,			1.524,			0.185,			0.056
787,	1,	120.0,	195.353,			1.511,			0.257,			0.053
788,	1,	49.0,	195.711,			1.382,			0.195,			0.056
789,	1,	512.0,	195.882,			1.996,			0.241,			0.056
790,	1,	146.0,	196.074,			1.684,			0.293,			0.053
791,	1,	7.0,	196.416,			2.794,			0.24,			0.051
792,	1,	90.0,	196.631,			1.991,			0.113,			0.058
793,	1,	146.0,	196.71,			2.317,			0.23,			0.058
794,	1,	49.0,	196.818,			2.41,			0.124,			0.057
795,	1,	95.0,	197.38,			1.211,			0.146,			0.053
796,	1,	95.0,	197.392,			2.037,			0.27,			0.052
797,	1,	59.0,	197.773,			1.425,			0.219,			0.051
798,	1,	7.0,	197.802,			1.106,			0.193,			0.054
799,	1,	126.0,	197.904,			2.714,			0.139,			0.054
800,	1,	6.0,	198.103,			2.681,			0.173,			0.057
801,	1,	6.0,	198.446,			2.104,			0.177,			0.057
802,	1,	146.0,	198.805,			1.655,			0.202,			0.055
803,	1,	7.0,	198.989,			1.247,			0.28,			0.05
804,	1,	30.0,	199.463,			1.158,			0.282,			0.057
805,	1,	120.0,	199.496,			1.245,			0.287,			0.051
806,	1,	28.0,	199.644,			1.445,			0.218,			0.056
807,	1,	44.0,	199.793,			1.283,			0.111,			0.057
808,	1,	16.0,	199.912,			1.393,			0.267,			0.055
809,	1,	379.0,	200.295,			2.407,			0.189,			0.054
810,	1,	7.0,	200.367,			2.88,			0.111,			0.058
811,	1,	49.0,	201.045,			2.197,			0.202,			0.053
812,	1,	559.0,	201.171,			1.63,			0.159,			0.053
813,	1,	49.0,	201.202,			2.268,			0.135,			0.057
814,	1,	157.0,	201.241,			2.525,			0.174,			0.051
815,	1,	90.0,	201.46,			1.044,			0.267,			0.058
816,	1,	559.0,	202.025,			1.517,			0.238,			0.05
817,	1,	16.0,	202.309,			1.414,			0.14,			0.056
818,	1,	146.0,	202.633,			2.759,			0.27,			0.055
819,	1,	6.0,	202.713,			1.434,			0.217,			0.053
820,	1,	559.0,	202.717,			1.052,			0.256,			0.059
821,	2,	210.0,	203.061,			14.314,			1.075,			0.196
822,	1,	214.0,	203.138,			1.844,			0.1,			0.053
823,	1,	512.0,	203.6,			2.28,			0.285,			0.06
824,	1,	6.0,	203.67,			1.028,			0.16,			0.052
825,	2,	99.0,	204.002,			14.464,			1.392,			0.121
826,	1,	49.0,	204.766,			1.188,			0.175,			0.057
827,	1,	157.0,	204.792,			2.252,			0.2,			0.059
828,	1,	169.0,	204.935,			2.454,			0.133,			0.056
829,	1,	387.0,	204.956,			2.846,			0.267,			0.056
830,	1,	498.0,	205.046,			1.485,			0.259,			0.052
831,	2,	80.0,	205.181,			11.81,			1.055,			0.113
832,	1,	16.0,	205.207,			1.543,			0.133,			0.053
833,	1,	103.0,	205.542,			1.035,			0.133,			0.059
834,	1,	10.0,	205.663,			1.801,			0.146,			0.054
835,	1,	559.0,	205.821,			2.09,			0.28,			0.055
836,	1,	169.0,	205.884,			2.063,			0.111,			0.053
837,	1,	379.0,	205.968,			2.985,			0.28,			0.057
838,	1,	214.0,	206.001,			1.515,			0.146,			0.055
839,	1,	126.0,	206.26,			1.128,			0.167,			0.051
840,	2,	88.0,	206.744,			14.219,			1.073,			0.168
841,	1,	120.0,	207.073,			2.103,			0.153,			0.052
842,	1,	7.0,	207.095,			2.349,			0.253,			0.053
843,	1,	95.0,	207.421,			1.927,			0.216,			0.054
844,	1,	16.0,	207.484,			1.028,			0.233,			0.056
845,	1,	157.0,	208.019,			2.858,			0.238,			0.053
846,	1,	30.0,	208.147,			2.748,			0.12,			0.055
847,	1,	214.0,	208.228,			2.014,			0.108,			0.057
848,	2,	62.0,	208.481,			11.744,			1.319,			0.149
849,	1,	214.0,	208.624,			2.351,			0.289,			0.055
850,	1,	6.0,	208.831,			2.557,			0.106,			0.057
851,	1,	6.0,	208.903,			1.458,			0.289,			0.057
852,	2,	321.0,	209.048,			13.635,			1.033,			0.173
853,	1,	7.0,	209.662,			2.862,			0.137,			0.057
854,	1,	146.0,	209.916,			1.241,			0.17,			0.055
855,	2,	92.0,	210.033,			13.442,			1.046,			0.143
856,	1,	44.0,	210.33,			2.936,			0.116,			0.054
857,	1,	387.0,	210.897,			2.427,			0.194,			0.058
858,	1,	103.0,	211.04,			2.02,			0.13,			0.058
859,	1,	447.0,	211.249,			1.853,			0.299,			0.051
860,	1,	146.0,	211.798,			1.609,			0.17,			0.051
861,	1,	103.0,	212.482,			2.31,			0.233,			0.054
862,	1,	10.0,	212.607,			1.455,			0.135,			0.06
863,	1,	120.0,	212.643,			1.557,			0.175,			0.055
864,	1,	10.0,	212.771,			2.879,			0.189,			0.051
865,	1,	387.0,	213.221,			1.421,			0.177,			0.051
866,	1,	214.0,	213.494,			2.252,			0.227,			0.053
867,	1,	126.0,	213.534,			1.748,			0.133,			0.058
868,	1,	157.0,	213.542,			1.186,			0.299,			0.052
869,	1,	90.0,	214.789,			1.921,			0.256,			0.055
870,	1,	44.0,	214.886,			2.223,			0.245,			0.054
871,	1,	90.0,	215.074,			1.422,			0.225,			0.058
872,	1,	6.0,	215.405,			2.249,			0.17,			0.059
873,	2,	75.0,	215.729,			12.738,			1.096,			0.183
874,	1,	7.0,	215.829,			1.981,			0.276,			0.059
875,	1,	559.0,	216.429,			1.963,			0.232,			0.054
876,	1,	103.0,	216.589,			1.413,			0.253,			0.051
877,	1,	559.0,	216.612,			1.985,			0.151,			0.05
878,	1,	90.0,	216.824,			1.756,			0.241,			0.053
879,	1,	95.0,	217.343,			2.896,			0.242,			0.057
880,	1,	90.0,	217.508,			1.981,			0.226,			0.054
881,	1,	559.0,	218.039,			2.351,			0.153,			0.052
882,	1,	120.0,	218.051,			1.79,			0.291,			0.054
883,	1,	6.0,	218.084,			2.102,			0.257,			0.058
884,	1,	126.0,	218.605,			1.791,			0.206,			0.056
885,	1,	7.0,	218.672,			2.092,			0.133,			0.058
886,	1,	126.0,	218.793,			1.962,			0.113,			0.059
887,	2,	73.0,	219.198,			13.038,			1.121,			0.109
888,	1,	379.0,	219.489,			1.13,			0.161,			0.054
889,	1,	379.0,	219.826,			1.733,			0.113,			0.056
890,	1,	447.0,	220.948,			2.425,			0.258,			0.057
891,	2,	108.0,	221.088,			10.907,			1.229,			0.197
892,	1,	28.0,	221.249,			1.325,			0.198,			0.051
893,	1,	498.0,	221.436,			2.661,			0.172,			0.056
894,	2,	136.0,	221.872,			13.647,			1.171,			0.121
895,	1,	49.0,	221.914,			1.988,			0.289,			0.057
896,	1,	7.0,	222.221,			1.681,			0.144,			0.053
897,	1,	30.0,	222.368,			1.541,			0.233,			0.059
898,	1,	6.0,	222.883,			1.36,			0.232,			0.056
899,	1,	10.0,	223.137,			1.166,			0.214,			0.052
900,	1,	13.0,	223.308,			2.697,			0.288,			0.056
901,	1,	7.0,	223.461,			1.403,			0.125,			0.056
902,	1,	6.0,	224.137,			2.318,			0.127,			0.059
903,	1,	49.0,	224.575,			1.108,			0.202,			0.058
904,	1,	103.0,	224.713,			1.314,			0.139,			0.055
905,	1,	7.0,	225.147,			2.326,			0.109,			0.056
906,	1,	157.0,	225.587,			1.968,			0.132,			0.056
907,	1,	379.0,	225.672,			2.187,			0.135,			0.052
908,	1,	13.0,	225.817,			1.03,			0.238,			0.05
909,	1,	559.0,	226.711,			2.717,			0.1,			0.055
910,	1,	59.0,	227.262,			1.524,			0.212,			0.052
911,	1,	44.0,	227.967,			1.411,			0.244,			0.058
912,	1,	498.0,	227.97,			1.701,			0.273,			0.059
913,	1,	6.0,	228.336,			1.431,			0.185,			0.058
914,	1,	95.0,	228.592,			1.612,			0.209,			0.058
915,	1,	95.0,	229.073,			1.524,			0.259,			0.052
916,	1,	559.0,	229.602,			1.996,			0.154,			0.055
917,	1,	28.0,	229.65,			1.45,			0.19,			0.052
918,	1,	103.0,	229.689,			1.303,			0.17,			0.054
919,	2,	130.0,	230.266,			14.767,			1.28,			0.155
920,	1,	59.0,	231.544,			2.454,			0.174,			0.057
921,	1,	10.0,	233.178,			1.096,			0.247,			0.057
922,	1,	146.0,	233.574,			2.489,			0.258,			0.059
923,	1,	95.0,	234.454,			2.385,			0.156,			0.054
924,	1,	559.0,	234.459,			1.091,			0.258,			0.054
925,	2,	165.0,	234.573,			14.767,			1.231,			0.136
926,	2,	109.0,	236.064,			13.174,			1.289,			0.158
927,	1,	6.0,	236.512,			1.464,			0.217,			0.055
928,	2,	300.0,	236.914,			11.772,			1.119,			0.171
929,	1,	16.0,	237.335,			2.298,			0.183,			0.054
930,	1,	49.0,	237.588,			2.957,			0.251,			0.06
931,	1,	379.0,	237.641,			2.638,			0.228,			0.055
932,	1,	559.0,	238.668,			1.455,			0.178,			0.059
933,	2,	114.0,	238.948,			14.185,			1.326,			0.176
934,	2,	190.0,	239.187,			12.178,			1.405,			0.105
935,	2,	143.0,	239.827,			11.46,			1.166,			0.189
936,	1,	559.0,	239.909,			2.051,			0.276,			0.059
937,	1,	157.0,	240.055,			1.581,			0.108,			0.055
938,	2,	47.0,	240.5,			10.554,			1.244,			0.179
939,	1,	6.0,	240.567,			1.994,			0.108,			0.057
940,	2,	201.0,	241.115,			10.38,			1.495,			0.129
941,	1,	44.0,	243.485,			1.486,			0.172,			0.056
942,	2,	93.0,	244.057,			12.179,			1.143,			0.195
943,	2,	181.0,	244.184,			14.889,			1.382,			0.182
944,	1,	120.0,	244.489,			2.695,			0.109,			0.05
945,	1,	6.0,	244.872,			1.947,			0.295,			0.058
946,	2,	227.0,	246.433,			12.914,			1.403,			0.164
947,	2,	112.0,	246.66,			13.933,			1.492,			0.183
948,	1,	447.0,	247.734,			1.979,			0.19,			0.05
949,	2,	94.0,	247.786,			14.686,			1.469,			0.176
950,	1,	7.0,	248.098,			2.346,			0.272,			0.05
951,	2,	125.0,	248.477,			14.146,			1.491,			0.108
952,	2,	240.0,	248.615,			14.011,			1.422,			0.142
953,	1,	44.0,	248.803,			2.663,			0.257,			0.056
954,	2,	91.0,	249.063,			11.781,			1.382,			0.188
955,	2,	169.0,	249.406,			11.228,			1.003,			0.147
956,	1,	7.0,	249.731,			1.151,			0.16,			0.052
957,	1,	126.0,	249.783,			1.962,			0.228,			0.054
958,	1,	10.0,	251.785,			2.175,			0.182,			0.06
959,	2,	185.0,	251.814,			14.12,			1.042,			0.164
960,	1,	103.0,	251.944,			1.998,			0.131,			0.058
961,	1,	379.0,	252.39,			1.962,			0.249,			0.05
962,	2,	130.0,	252.532,			14.219,			1.039,			0.129
963,	2,	208.0,	252.576,			14.891,			1.384,			0.154
964,	1,	126.0,	252.687,			2.43,			0.177,			0.052
965,	2,	207.0,	254.29,			12.876,			1.388,			0.194
966,	2,	208.0,	255.661,			10.71,			1.212,			0.179
967,	2,	215.0,	257.007,			10.565,			1.015,			0.19
968,	1,	90.0,	257.526,			2.796,			0.161,			0.054
969,	1,	44.0,	258.979,			1.364,			0.14,			0.05
970,	2,	69.0,	259.099,			11.405,			1.042,			0.136
971,	2,	204.0,	259.168,			13.894,			1.187,			0.17
972,	2,	121.0,	260.773,			13.442,			1.112,			0.15
973,	2,	62.0,	261.33,			14.804,			1.285,			0.161
974,	2,	312.0,	261.362,			14.984,			1.418,			0.1
975,	1,	379.0,	263.875,			1.966,			0.138,			0.056
976,	2,	203.0,	266.428,			12.676,			1.305,			0.112
977,	2,	349.0,	269.21,			14.283,			1.128,			0.162
978,	1,	30.0,	269.311,			1.679,			0.208,			0.059
979,	1,	30.0,	269.399,			1.491,			0.293,			0.054
980,	2,	96.0,	269.714,			12.242,			1.026,			0.142
981,	1,	44.0,	270.095,			2.807,			0.25,			0.05
982,	1,	59.0,	270.143,			1.859,			0.116,			0.057
983,	2,	315.0,	270.763,			12.136,			1.417,			0.104
984,	2,	238.0,	273.314,			14.376,			1.089,			0.198
985,	1,	7.0,	274.201,			2.073,			0.257,			0.055
986,	2,	110.0,	276.476,			14.099,			1.333,			0.197
987,	2,	220.0,	278.677,			12.57,			1.484,			0.159
988,	2,	169.0,	280.976,			13.958,			1.212,			0.143
989,	2,	271.0,	282.035,			12.357,			1.464,			0.136
990,	1,	90.0,	283.657,			1.827,			0.17,			0.056
991,	2,	315.0,	287.13,			10.506,			1.186,			0.148
992,	2,	119.0,	291.217,			10.979,			1.188,			0.138
993,	2,	231.0,	291.752,			10.335,			1.011,			0.12
994,	2,	115.0,	292.793,			11.164,			1.345,			0.14
995,	2,	192.0,	292.852,			12.152,			1.051,			0.125
996,	2,	199.0,	293.081,			13.899,			1.197,			0.149
997,	2,	136.0,	293.168,			13.386,			1.373,			0.173
998,	2,	114.0,	294.64,			12.088,			1.246,			0.188
999,	2,	270.0,	297.165,			13.168,			1.306,			0.198
1000,	1,	126.0,	300.0,			1.981,			0.297,			0.053
