#, task_type_id, size, arrival_time,	execution_time_cpu,	execution_time_gpu,	execution_time_CLOUD
1,	1,	44.0,	0.0,			2.438,			0.29,			0.056
2,	2,	129.0,	0.376,			14.162,			1.084,			0.174
3,	2,	162.0,	4.093,			12.287,			1.374,			0.155
4,	2,	123.0,	5.735,			13.42,			1.075,			0.155
5,	2,	116.0,	5.796,			10.769,			1.354,			0.198
6,	2,	205.0,	6.869,			13.963,			1.053,			0.181
7,	2,	123.0,	6.913,			10.659,			1.425,			0.162
8,	1,	7.0,	8.915,			1.36,			0.206,			0.053
9,	1,	379.0,	18.462,			1.051,			0.208,			0.059
10,	2,	216.0,	19.536,			13.016,			1.424,			0.14
11,	2,	116.0,	19.872,			14.715,			1.073,			0.121
12,	1,	6.0,	21.261,			2.283,			0.135,			0.052
13,	2,	280.0,	22.475,			11.573,			1.011,			0.198
14,	2,	317.0,	23.103,			11.496,			1.036,			0.122
15,	2,	137.0,	23.532,			10.481,			1.119,			0.19
16,	2,	275.0,	23.644,			12.299,			1.492,			0.156
17,	2,	93.0,	25.057,			13.442,			1.23,			0.164
18,	2,	125.0,	27.452,			10.55,			1.005,			0.134
19,	1,	157.0,	27.59,			1.941,			0.142,			0.052
20,	1,	214.0,	29.801,			1.679,			0.293,			0.058
21,	2,	180.0,	30.385,			12.024,			1.47,			0.18
22,	1,	6.0,	30.63,			2.571,			0.135,			0.059
23,	2,	194.0,	31.813,			10.651,			1.492,			0.17
24,	1,	28.0,	31.968,			1.679,			0.107,			0.05
25,	2,	107.0,	32.286,			14.77,			1.338,			0.179
26,	2,	141.0,	32.771,			12.144,			1.259,			0.12
27,	1,	28.0,	32.783,			2.948,			0.242,			0.055
28,	2,	153.0,	33.617,			14.658,			1.332,			0.168
29,	1,	379.0,	33.811,			1.025,			0.119,			0.052
30,	2,	203.0,	34.522,			14.39,			1.416,			0.125
31,	2,	40.0,	34.641,			14.546,			1.437,			0.134
32,	2,	142.0,	35.013,			14.961,			1.219,			0.151
33,	2,	83.0,	35.191,			11.496,			1.044,			0.139
34,	1,	7.0,	35.753,			1.051,			0.265,			0.058
35,	2,	94.0,	36.173,			11.164,			1.077,			0.144
36,	1,	103.0,	37.688,			2.866,			0.275,			0.056
37,	2,	207.0,	37.694,			14.786,			1.058,			0.166
38,	2,	79.0,	38.562,			13.415,			1.285,			0.121
39,	1,	10.0,	38.582,			1.103,			0.154,			0.058
40,	1,	6.0,	38.993,			1.14,			0.19,			0.053
41,	1,	379.0,	39.379,			1.952,			0.1,			0.053
42,	2,	111.0,	41.888,			12.792,			1.306,			0.152
43,	2,	164.0,	42.541,			10.742,			1.465,			0.165
44,	2,	96.0,	43.661,			10.207,			1.211,			0.146
45,	2,	121.0,	43.897,			14.658,			1.063,			0.188
46,	1,	7.0,	44.533,			2.635,			0.138,			0.055
47,	1,	447.0,	44.594,			1.097,			0.265,			0.058
48,	2,	105.0,	45.8,			13.288,			1.276,			0.174
49,	1,	126.0,	46.645,			2.705,			0.234,			0.056
50,	2,	109.0,	47.151,			12.569,			1.486,			0.103
51,	2,	89.0,	48.874,			13.092,			1.081,			0.149
52,	1,	379.0,	49.408,			1.756,			0.257,			0.056
53,	1,	95.0,	50.774,			1.178,			0.19,			0.055
54,	1,	16.0,	51.275,			1.128,			0.228,			0.055
55,	2,	184.0,	51.314,			11.588,			1.185,			0.105
56,	2,	172.0,	51.704,			13.487,			1.176,			0.135
57,	1,	157.0,	52.118,			1.732,			0.129,			0.055
58,	1,	30.0,	52.727,			1.03,			0.231,			0.056
59,	2,	145.0,	53.272,			13.86,			1.333,			0.197
60,	1,	90.0,	53.512,			1.941,			0.111,			0.052
61,	1,	7.0,	53.722,			1.589,			0.185,			0.053
62,	1,	157.0,	54.429,			2.88,			0.113,			0.054
63,	2,	205.0,	55.165,			14.272,			1.128,			0.132
64,	2,	177.0,	55.419,			13.148,			1.498,			0.181
65,	1,	157.0,	55.671,			1.105,			0.267,			0.051
66,	1,	7.0,	55.684,			1.62,			0.253,			0.054
67,	1,	126.0,	55.78,			1.155,			0.158,			0.059
68,	1,	49.0,	56.36,			1.039,			0.289,			0.052
69,	1,	6.0,	56.393,			1.426,			0.182,			0.059
70,	1,	44.0,	56.539,			2.874,			0.272,			0.053
71,	1,	169.0,	56.675,			1.148,			0.16,			0.057
72,	1,	447.0,	59.021,			2.01,			0.148,			0.055
73,	1,	126.0,	59.053,			1.9,			0.202,			0.057
74,	2,	136.0,	59.184,			12.869,			1.324,			0.171
75,	1,	10.0,	60.163,			1.364,			0.12,			0.057
76,	1,	214.0,	60.406,			2.984,			0.133,			0.056
77,	1,	7.0,	60.42,			2.0,			0.229,			0.06
78,	2,	113.0,	60.699,			11.339,			1.136,			0.17
79,	2,	140.0,	60.886,			12.869,			1.007,			0.176
80,	1,	6.0,	61.055,			2.314,			0.171,			0.059
81,	1,	44.0,	62.034,			1.485,			0.202,			0.052
82,	1,	146.0,	62.205,			1.561,			0.212,			0.06
83,	2,	169.0,	62.277,			10.784,			1.124,			0.168
84,	2,	129.0,	62.387,			11.573,			1.073,			0.178
85,	1,	95.0,	63.155,			1.9,			0.2,			0.057
86,	1,	559.0,	63.187,			2.789,			0.271,			0.057
87,	1,	146.0,	63.38,			2.725,			0.23,			0.052
88,	2,	120.0,	64.055,			10.461,			1.477,			0.109
89,	1,	10.0,	64.147,			2.534,			0.112,			0.051
90,	1,	28.0,	64.902,			2.827,			0.169,			0.056
91,	2,	196.0,	65.045,			10.6,			1.49,			0.168
92,	1,	387.0,	65.129,			2.711,			0.231,			0.053
93,	1,	447.0,	65.72,			1.26,			0.13,			0.052
94,	1,	157.0,	66.389,			2.232,			0.151,			0.054
95,	1,	447.0,	67.149,			2.618,			0.137,			0.06
96,	1,	7.0,	67.286,			2.298,			0.128,			0.05
97,	1,	10.0,	67.501,			2.479,			0.197,			0.056
98,	1,	44.0,	67.704,			2.632,			0.256,			0.058
99,	1,	13.0,	67.71,			2.492,			0.226,			0.059
100,	1,	6.0,	67.745,			1.753,			0.272,			0.059
101,	1,	7.0,	68.326,			2.675,			0.232,			0.059
102,	1,	7.0,	68.594,			1.821,			0.116,			0.052
103,	1,	214.0,	69.225,			2.636,			0.194,			0.057
104,	1,	44.0,	69.873,			1.406,			0.275,			0.058
105,	1,	90.0,	69.987,			1.187,			0.197,			0.059
106,	1,	13.0,	71.031,			1.247,			0.182,			0.055
107,	2,	87.0,	71.129,			14.268,			1.062,			0.194
108,	1,	157.0,	71.453,			1.006,			0.168,			0.05
109,	1,	120.0,	71.491,			2.555,			0.235,			0.057
110,	1,	120.0,	71.961,			2.155,			0.188,			0.056
111,	1,	214.0,	71.975,			1.128,			0.162,			0.057
112,	1,	169.0,	72.611,			2.318,			0.299,			0.057
113,	2,	91.0,	72.655,			10.565,			1.058,			0.161
114,	1,	7.0,	73.438,			1.075,			0.152,			0.053
115,	2,	136.0,	74.695,			10.702,			1.012,			0.103
116,	1,	498.0,	74.973,			1.786,			0.177,			0.056
117,	2,	59.0,	75.072,			14.572,			1.369,			0.136
118,	1,	214.0,	75.527,			1.097,			0.176,			0.052
119,	1,	7.0,	75.855,			2.675,			0.267,			0.055
120,	2,	232.0,	76.006,			12.105,			1.055,			0.131
121,	1,	103.0,	76.973,			2.252,			0.194,			0.055
122,	2,	185.0,	77.186,			14.204,			1.012,			0.186
123,	1,	379.0,	77.655,			2.288,			0.142,			0.055
124,	1,	44.0,	78.319,			2.104,			0.108,			0.058
125,	1,	512.0,	79.011,			2.622,			0.164,			0.059
126,	1,	214.0,	79.253,			2.293,			0.251,			0.058
127,	1,	379.0,	79.41,			1.325,			0.242,			0.054
128,	1,	13.0,	79.801,			2.999,			0.21,			0.056
129,	1,	447.0,	80.127,			2.865,			0.275,			0.058
130,	2,	128.0,	80.244,			11.011,			1.122,			0.114
131,	1,	7.0,	80.452,			1.071,			0.214,			0.051
132,	1,	7.0,	80.618,			2.366,			0.284,			0.06
133,	1,	7.0,	80.733,			2.487,			0.275,			0.058
134,	2,	114.0,	80.852,			14.32,			1.453,			0.15
135,	1,	214.0,	81.13,			2.404,			0.224,			0.058
136,	1,	146.0,	81.411,			2.438,			0.151,			0.05
137,	1,	214.0,	81.564,			1.075,			0.17,			0.058
138,	1,	30.0,	82.089,			1.651,			0.159,			0.057
139,	1,	28.0,	82.231,			2.655,			0.215,			0.055
140,	2,	177.0,	82.939,			10.553,			1.015,			0.161
141,	2,	169.0,	83.413,			11.722,			1.164,			0.187
142,	1,	120.0,	84.536,			2.232,			0.185,			0.05
143,	2,	258.0,	85.028,			10.871,			1.149,			0.172
144,	1,	169.0,	85.805,			2.43,			0.207,			0.057
145,	2,	153.0,	86.826,			14.663,			1.285,			0.174
146,	2,	128.0,	86.896,			11.572,			1.175,			0.166
147,	1,	387.0,	86.922,			1.028,			0.251,			0.058
148,	1,	126.0,	86.931,			2.092,			0.145,			0.053
149,	1,	90.0,	86.985,			1.75,			0.138,			0.06
150,	1,	95.0,	87.219,			2.038,			0.233,			0.052
151,	1,	126.0,	87.239,			1.64,			0.284,			0.05
152,	1,	44.0,	87.24,			1.561,			0.277,			0.056
153,	1,	44.0,	87.37,			1.517,			0.228,			0.056
154,	1,	379.0,	87.442,			2.69,			0.187,			0.05
155,	2,	136.0,	87.958,			10.782,			1.201,			0.144
156,	1,	447.0,	88.12,			2.26,			0.238,			0.057
157,	1,	7.0,	88.301,			1.313,			0.27,			0.052
158,	1,	214.0,	88.609,			1.464,			0.24,			0.054
159,	2,	171.0,	88.625,			12.664,			1.206,			0.173
160,	1,	95.0,	89.24,			2.735,			0.172,			0.06
161,	1,	447.0,	89.511,			2.025,			0.242,			0.056
162,	1,	169.0,	90.26,			2.714,			0.182,			0.056
163,	1,	30.0,	90.282,			2.418,			0.238,			0.052
164,	2,	264.0,	90.517,			10.117,			1.285,			0.188
165,	2,	80.0,	90.571,			10.244,			1.04,			0.195
166,	1,	387.0,	91.302,			2.957,			0.196,			0.055
167,	1,	126.0,	91.488,			1.204,			0.156,			0.056
168,	1,	10.0,	91.557,			2.56,			0.284,			0.059
169,	1,	214.0,	91.873,			1.956,			0.15,			0.059
170,	2,	51.0,	92.072,			14.917,			1.068,			0.167
171,	1,	44.0,	92.141,			1.031,			0.1,			0.052
172,	1,	512.0,	92.179,			1.116,			0.238,			0.052
173,	1,	90.0,	92.428,			1.625,			0.169,			0.058
174,	1,	28.0,	92.576,			2.852,			0.249,			0.054
175,	1,	16.0,	92.89,			2.479,			0.124,			0.05
176,	2,	164.0,	93.034,			13.016,			1.457,			0.137
177,	1,	28.0,	93.197,			2.631,			0.226,			0.057
178,	2,	164.0,	93.437,			10.178,			1.1,			0.137
179,	1,	146.0,	93.957,			2.369,			0.272,			0.057
180,	1,	559.0,	94.378,			1.64,			0.174,			0.051
181,	1,	7.0,	94.414,			1.728,			0.151,			0.053
182,	1,	7.0,	94.574,			2.304,			0.179,			0.056
183,	1,	146.0,	94.609,			1.672,			0.169,			0.051
184,	1,	44.0,	94.797,			1.485,			0.227,			0.053
185,	1,	447.0,	94.807,			2.454,			0.225,			0.06
186,	1,	498.0,	95.968,			1.912,			0.209,			0.058
187,	2,	217.0,	96.448,			12.434,			1.128,			0.122
188,	1,	28.0,	96.559,			1.861,			0.195,			0.057
189,	2,	80.0,	96.856,			11.706,			1.466,			0.148
190,	1,	126.0,	97.013,			1.23,			0.13,			0.055
191,	1,	44.0,	97.113,			2.645,			0.247,			0.054
192,	1,	120.0,	97.174,			1.112,			0.168,			0.054
193,	1,	90.0,	97.492,			1.613,			0.289,			0.057
194,	1,	498.0,	97.625,			1.495,			0.153,			0.054
195,	1,	7.0,	97.865,			1.859,			0.142,			0.059
196,	1,	103.0,	98.228,			1.047,			0.144,			0.053
197,	1,	103.0,	98.549,			2.789,			0.207,			0.057
198,	1,	90.0,	98.65,			1.703,			0.129,			0.059
199,	1,	512.0,	98.67,			1.61,			0.228,			0.059
200,	1,	10.0,	99.628,			1.443,			0.133,			0.053
201,	2,	244.0,	99.698,			14.737,			1.153,			0.163
202,	1,	157.0,	99.918,			2.969,			0.293,			0.054
203,	1,	90.0,	100.062,			2.491,			0.182,			0.055
204,	1,	214.0,	100.6,			1.485,			0.209,			0.058
205,	1,	126.0,	100.631,			2.114,			0.216,			0.052
206,	1,	559.0,	101.358,			1.164,			0.173,			0.052
207,	1,	10.0,	101.799,			1.289,			0.193,			0.06
208,	1,	126.0,	101.873,			2.569,			0.265,			0.052
209,	1,	7.0,	101.961,			2.388,			0.295,			0.054
210,	1,	95.0,	102.066,			2.226,			0.252,			0.06
211,	1,	379.0,	102.112,			1.862,			0.267,			0.052
212,	1,	126.0,	102.594,			1.464,			0.287,			0.052
213,	1,	28.0,	102.835,			2.976,			0.104,			0.057
214,	1,	447.0,	103.143,			1.733,			0.243,			0.052
215,	1,	103.0,	103.267,			2.545,			0.217,			0.058
216,	1,	16.0,	103.332,			2.293,			0.192,			0.059
217,	1,	6.0,	103.407,			1.364,			0.215,			0.051
218,	1,	169.0,	103.426,			1.736,			0.161,			0.051
219,	1,	49.0,	104.193,			2.697,			0.209,			0.06
220,	1,	103.0,	104.217,			2.827,			0.147,			0.055
221,	2,	174.0,	104.472,			14.206,			1.418,			0.17
222,	1,	28.0,	104.499,			1.408,			0.283,			0.054
223,	1,	90.0,	104.611,			1.575,			0.237,			0.057
224,	1,	6.0,	104.799,			2.02,			0.226,			0.055
225,	1,	120.0,	105.018,			1.445,			0.257,			0.053
226,	1,	59.0,	105.31,			1.981,			0.206,			0.058
227,	2,	142.0,	105.544,			13.958,			1.302,			0.149
228,	2,	172.0,	105.605,			13.449,			1.456,			0.101
229,	1,	16.0,	105.677,			1.119,			0.235,			0.055
230,	2,	175.0,	106.042,			11.878,			1.146,			0.157
231,	1,	95.0,	106.299,			1.807,			0.106,			0.057
232,	1,	169.0,	106.472,			1.981,			0.292,			0.052
233,	1,	126.0,	106.506,			2.991,			0.254,			0.051
234,	1,	214.0,	106.535,			2.889,			0.216,			0.058
235,	1,	59.0,	106.934,			1.291,			0.205,			0.052
236,	1,	16.0,	107.287,			1.443,			0.194,			0.057
237,	1,	447.0,	107.793,			1.929,			0.177,			0.056
238,	1,	44.0,	108.149,			1.482,			0.129,			0.06
239,	2,	111.0,	108.388,			10.16,			1.275,			0.117
240,	1,	157.0,	108.79,			1.495,			0.248,			0.057
241,	1,	169.0,	109.059,			1.663,			0.208,			0.057
242,	1,	59.0,	109.091,			1.708,			0.281,			0.058
243,	1,	6.0,	109.569,			2.5,			0.104,			0.053
244,	1,	157.0,	109.574,			2.198,			0.283,			0.059
245,	1,	6.0,	109.587,			1.314,			0.241,			0.052
246,	2,	230.0,	109.595,			13.396,			1.492,			0.131
247,	1,	157.0,	110.114,			2.2,			0.19,			0.05
248,	1,	44.0,	110.57,			1.864,			0.258,			0.057
249,	1,	7.0,	111.216,			2.542,			0.202,			0.058
250,	1,	7.0,	111.464,			2.366,			0.134,			0.058
251,	1,	44.0,	111.59,			2.503,			0.116,			0.058
252,	1,	169.0,	111.682,			2.19,			0.27,			0.06
253,	1,	49.0,	111.992,			2.612,			0.108,			0.06
254,	1,	13.0,	112.368,			2.461,			0.262,			0.056
255,	1,	157.0,	112.674,			1.631,			0.172,			0.056
256,	1,	126.0,	112.762,			2.602,			0.228,			0.054
257,	1,	10.0,	112.838,			2.09,			0.247,			0.053
258,	1,	498.0,	113.313,			1.188,			0.119,			0.052
259,	2,	135.0,	113.361,			13.093,			1.492,			0.18
260,	1,	30.0,	113.919,			2.296,			0.199,			0.051
261,	1,	90.0,	113.93,			1.317,			0.166,			0.056
262,	1,	169.0,	114.001,			2.034,			0.136,			0.06
263,	1,	6.0,	114.296,			1.204,			0.25,			0.057
264,	1,	7.0,	114.374,			2.968,			0.135,			0.052
265,	1,	6.0,	114.997,			1.014,			0.205,			0.06
266,	1,	146.0,	115.129,			1.988,			0.201,			0.056
267,	1,	90.0,	115.13,			1.441,			0.279,			0.06
268,	1,	103.0,	115.252,			2.43,			0.192,			0.058
269,	1,	387.0,	115.517,			1.523,			0.278,			0.05
270,	1,	95.0,	115.586,			1.108,			0.187,			0.058
271,	1,	6.0,	115.661,			1.078,			0.196,			0.05
272,	1,	6.0,	115.755,			2.328,			0.139,			0.057
273,	1,	214.0,	116.219,			2.226,			0.252,			0.055
274,	1,	30.0,	116.447,			2.318,			0.277,			0.058
275,	1,	30.0,	116.894,			2.976,			0.203,			0.056
276,	1,	157.0,	116.947,			2.565,			0.148,			0.051
277,	1,	30.0,	117.163,			1.128,			0.287,			0.054
278,	1,	157.0,	117.263,			1.403,			0.177,			0.05
279,	1,	13.0,	117.344,			1.431,			0.278,			0.051
280,	1,	387.0,	117.344,			1.637,			0.194,			0.054
281,	1,	7.0,	117.348,			2.582,			0.111,			0.057
282,	1,	498.0,	117.376,			2.378,			0.126,			0.052
283,	1,	7.0,	117.687,			2.686,			0.101,			0.054
284,	1,	49.0,	117.879,			1.731,			0.129,			0.054
285,	1,	126.0,	118.221,			2.864,			0.295,			0.051
286,	1,	7.0,	118.438,			2.568,			0.116,			0.052
287,	1,	16.0,	118.616,			2.314,			0.124,			0.058
288,	2,	306.0,	118.693,			11.578,			1.44,			0.132
289,	1,	7.0,	118.753,			1.485,			0.112,			0.054
290,	1,	6.0,	118.937,			2.316,			0.214,			0.053
291,	1,	387.0,	119.307,			2.223,			0.216,			0.051
292,	1,	387.0,	119.454,			2.914,			0.202,			0.053
293,	1,	44.0,	119.783,			1.029,			0.276,			0.055
294,	1,	7.0,	119.856,			1.601,			0.133,			0.052
295,	1,	120.0,	120.049,			1.924,			0.108,			0.06
296,	2,	125.0,	120.055,			13.148,			1.074,			0.191
297,	1,	16.0,	120.356,			2.438,			0.265,			0.052
298,	1,	44.0,	120.976,			2.316,			0.247,			0.053
299,	2,	127.0,	121.058,			12.004,			1.046,			0.195
300,	1,	44.0,	121.211,			2.52,			0.182,			0.058
301,	1,	146.0,	121.593,			1.537,			0.187,			0.052
302,	1,	90.0,	121.776,			2.697,			0.247,			0.051
303,	1,	447.0,	121.801,			1.626,			0.189,			0.055
304,	1,	6.0,	122.509,			2.576,			0.287,			0.051
305,	1,	103.0,	122.595,			2.148,			0.156,			0.058
306,	1,	447.0,	122.861,			2.52,			0.259,			0.053
307,	1,	13.0,	123.16,			1.683,			0.285,			0.054
308,	1,	90.0,	123.43,			2.055,			0.144,			0.052
309,	1,	44.0,	123.595,			1.609,			0.203,			0.052
310,	1,	169.0,	123.701,			2.581,			0.13,			0.053
311,	2,	144.0,	123.886,			12.368,			1.07,			0.198
312,	1,	49.0,	123.922,			2.669,			0.235,			0.057
313,	1,	387.0,	124.455,			2.378,			0.157,			0.051
314,	2,	195.0,	124.515,			12.503,			1.126,			0.195
315,	1,	214.0,	124.559,			1.364,			0.222,			0.057
316,	1,	379.0,	124.566,			2.063,			0.158,			0.057
317,	1,	6.0,	124.589,			1.886,			0.112,			0.059
318,	1,	7.0,	124.933,			2.22,			0.295,			0.052
319,	1,	214.0,	124.992,			2.653,			0.289,			0.053
320,	1,	6.0,	125.444,			2.116,			0.157,			0.051
321,	1,	59.0,	125.501,			1.56,			0.231,			0.052
322,	1,	146.0,	125.547,			1.393,			0.154,			0.054
323,	1,	28.0,	125.803,			2.969,			0.299,			0.052
324,	1,	6.0,	126.005,			1.542,			0.237,			0.059
325,	1,	7.0,	126.102,			2.219,			0.13,			0.055
326,	1,	157.0,	126.243,			1.857,			0.216,			0.053
327,	1,	7.0,	126.323,			1.434,			0.234,			0.06
328,	1,	7.0,	126.652,			1.908,			0.202,			0.06
329,	1,	512.0,	126.681,			1.963,			0.224,			0.059
330,	1,	7.0,	126.746,			1.486,			0.123,			0.058
331,	1,	59.0,	126.774,			1.748,			0.293,			0.058
332,	1,	214.0,	127.549,			1.825,			0.12,			0.054
333,	1,	447.0,	127.642,			2.602,			0.157,			0.055
334,	1,	146.0,	127.666,			2.323,			0.133,			0.055
335,	1,	6.0,	127.694,			1.921,			0.2,			0.055
336,	1,	6.0,	127.82,			2.404,			0.277,			0.059
337,	1,	126.0,	127.902,			1.048,			0.188,			0.052
338,	1,	7.0,	128.178,			1.489,			0.124,			0.059
339,	2,	132.0,	128.39,			13.916,			1.008,			0.147
340,	1,	120.0,	128.619,			2.702,			0.19,			0.055
341,	1,	559.0,	128.699,			2.449,			0.208,			0.051
342,	1,	30.0,	128.708,			2.52,			0.231,			0.054
343,	1,	6.0,	128.722,			1.928,			0.135,			0.06
344,	1,	49.0,	128.827,			2.622,			0.222,			0.059
345,	1,	7.0,	128.851,			1.566,			0.129,			0.052
346,	1,	44.0,	129.034,			1.657,			0.156,			0.052
347,	1,	387.0,	129.182,			1.414,			0.194,			0.051
348,	1,	6.0,	129.325,			1.357,			0.255,			0.058
349,	1,	447.0,	129.66,			2.634,			0.235,			0.054
350,	1,	6.0,	129.676,			1.334,			0.276,			0.06
351,	1,	28.0,	129.807,			1.076,			0.151,			0.054
352,	1,	95.0,	129.838,			2.703,			0.283,			0.057
353,	1,	90.0,	130.189,			1.663,			0.289,			0.059
354,	1,	7.0,	130.481,			2.326,			0.139,			0.057
355,	1,	16.0,	130.809,			2.346,			0.112,			0.051
356,	1,	44.0,	131.3,			1.173,			0.129,			0.052
357,	1,	512.0,	132.058,			1.981,			0.193,			0.053
358,	2,	180.0,	132.1,			13.185,			1.108,			0.105
359,	1,	7.0,	132.118,			2.509,			0.142,			0.053
360,	1,	214.0,	132.185,			1.028,			0.139,			0.055
361,	1,	90.0,	132.54,			2.1,			0.188,			0.058
362,	2,	187.0,	132.554,			13.961,			1.054,			0.117
363,	1,	103.0,	132.625,			1.435,			0.247,			0.052
364,	1,	10.0,	132.963,			1.394,			0.273,			0.052
365,	2,	90.0,	132.982,			11.572,			1.255,			0.187
366,	1,	44.0,	133.105,			2.459,			0.144,			0.055
367,	1,	120.0,	133.187,			1.609,			0.249,			0.058
368,	1,	103.0,	133.417,			2.974,			0.299,			0.057
369,	1,	169.0,	133.43,			2.459,			0.19,			0.056
370,	1,	6.0,	133.661,			2.379,			0.139,			0.06
371,	1,	44.0,	133.931,			1.447,			0.161,			0.058
372,	1,	387.0,	134.024,			1.443,			0.125,			0.052
373,	1,	7.0,	134.239,			2.545,			0.212,			0.058
374,	1,	103.0,	134.665,			1.213,			0.205,			0.055
375,	1,	157.0,	134.892,			1.173,			0.122,			0.057
376,	1,	7.0,	134.894,			1.702,			0.173,			0.058
377,	1,	6.0,	134.961,			1.029,			0.299,			0.06
378,	1,	146.0,	135.2,			1.424,			0.242,			0.056
379,	1,	10.0,	135.423,			1.443,			0.206,			0.058
380,	1,	498.0,	135.527,			2.557,			0.195,			0.058
381,	1,	169.0,	135.534,			1.581,			0.205,			0.052
382,	1,	120.0,	135.563,			1.162,			0.18,			0.057
383,	1,	7.0,	135.633,			1.669,			0.133,			0.057
384,	1,	157.0,	135.704,			2.983,			0.161,			0.06
385,	1,	7.0,	135.746,			1.981,			0.161,			0.058
386,	1,	7.0,	135.968,			2.057,			0.247,			0.051
387,	1,	559.0,	135.978,			1.151,			0.275,			0.056
388,	1,	30.0,	136.072,			1.566,			0.12,			0.057
389,	1,	90.0,	136.309,			2.786,			0.205,			0.052
390,	1,	90.0,	136.728,			2.296,			0.212,			0.056
391,	1,	169.0,	136.761,			1.031,			0.145,			0.057
392,	1,	512.0,	136.985,			1.919,			0.242,			0.057
393,	1,	7.0,	136.989,			2.827,			0.101,			0.056
394,	1,	28.0,	137.016,			2.027,			0.215,			0.052
395,	1,	169.0,	137.019,			2.293,			0.238,			0.057
396,	1,	126.0,	137.276,			1.473,			0.142,			0.054
397,	2,	66.0,	137.345,			12.809,			1.447,			0.113
398,	2,	351.0,	137.349,			11.573,			1.053,			0.187
399,	1,	59.0,	137.408,			1.172,			0.159,			0.052
400,	2,	133.0,	137.452,			11.22,			1.441,			0.195
401,	1,	7.0,	137.551,			2.973,			0.273,			0.055
402,	1,	13.0,	137.557,			1.038,			0.27,			0.05
403,	1,	120.0,	137.703,			1.609,			0.157,			0.054
404,	1,	103.0,	137.887,			2.489,			0.217,			0.051
405,	1,	10.0,	138.106,			2.914,			0.201,			0.054
406,	1,	49.0,	138.34,			2.984,			0.114,			0.054
407,	1,	120.0,	138.401,			1.482,			0.151,			0.056
408,	2,	103.0,	138.401,			14.064,			1.097,			0.131
409,	1,	512.0,	138.492,			2.947,			0.294,			0.056
410,	1,	7.0,	138.516,			1.626,			0.299,			0.054
411,	1,	90.0,	138.582,			1.956,			0.211,			0.05
412,	1,	90.0,	138.594,			1.653,			0.27,			0.055
413,	1,	387.0,	138.626,			2.522,			0.172,			0.053
414,	1,	13.0,	138.634,			2.637,			0.292,			0.058
415,	1,	13.0,	138.769,			1.601,			0.15,			0.054
416,	1,	13.0,	138.846,			1.645,			0.288,			0.051
417,	1,	10.0,	138.915,			2.454,			0.237,			0.055
418,	1,	7.0,	138.926,			1.654,			0.114,			0.058
419,	1,	126.0,	139.081,			1.095,			0.146,			0.051
420,	1,	10.0,	139.102,			2.157,			0.152,			0.054
421,	1,	498.0,	139.376,			1.64,			0.189,			0.058
422,	1,	28.0,	139.498,			2.317,			0.129,			0.054
423,	1,	387.0,	139.693,			1.683,			0.137,			0.052
424,	1,	10.0,	139.724,			1.425,			0.248,			0.053
425,	1,	44.0,	139.764,			2.138,			0.199,			0.055
426,	1,	6.0,	139.778,			1.482,			0.151,			0.058
427,	1,	44.0,	139.884,			1.669,			0.237,			0.055
428,	1,	214.0,	140.027,			1.776,			0.171,			0.059
429,	1,	95.0,	140.086,			1.998,			0.145,			0.058
430,	1,	16.0,	140.357,			2.322,			0.184,			0.055
431,	1,	13.0,	140.41,			2.632,			0.166,			0.056
432,	1,	7.0,	140.418,			1.442,			0.29,			0.05
433,	1,	7.0,	140.657,			2.298,			0.159,			0.059
434,	1,	16.0,	140.696,			1.243,			0.238,			0.059
435,	1,	387.0,	140.846,			1.478,			0.132,			0.054
436,	1,	6.0,	140.872,			2.293,			0.147,			0.05
437,	1,	49.0,	141.244,			2.9,			0.254,			0.055
438,	1,	126.0,	141.325,			1.956,			0.282,			0.06
439,	1,	169.0,	141.76,			2.35,			0.158,			0.059
440,	1,	13.0,	142.327,			2.862,			0.192,			0.056
441,	1,	59.0,	142.374,			1.431,			0.203,			0.06
442,	2,	114.0,	142.59,			11.819,			1.055,			0.119
443,	1,	157.0,	142.659,			2.122,			0.195,			0.059
444,	2,	166.0,	142.666,			13.463,			1.437,			0.145
445,	1,	6.0,	142.791,			2.388,			0.174,			0.052
446,	1,	30.0,	142.892,			1.801,			0.215,			0.058
447,	2,	220.0,	143.375,			13.232,			1.188,			0.142
448,	1,	30.0,	143.67,			2.914,			0.152,			0.051
449,	1,	447.0,	143.693,			1.766,			0.227,			0.059
450,	1,	95.0,	143.758,			1.004,			0.195,			0.051
451,	1,	7.0,	143.861,			1.467,			0.199,			0.051
452,	1,	95.0,	143.901,			1.028,			0.137,			0.057
453,	1,	7.0,	143.948,			2.623,			0.194,			0.052
454,	1,	13.0,	143.968,			2.01,			0.179,			0.055
455,	1,	59.0,	144.445,			2.571,			0.135,			0.056
456,	1,	44.0,	144.487,			2.999,			0.126,			0.06
457,	2,	160.0,	144.617,			14.633,			1.403,			0.107
458,	1,	7.0,	144.647,			1.313,			0.174,			0.053
459,	1,	387.0,	144.961,			2.985,			0.147,			0.051
460,	1,	30.0,	145.139,			1.679,			0.225,			0.052
461,	1,	7.0,	145.229,			1.114,			0.154,			0.051
462,	1,	559.0,	145.328,			1.523,			0.146,			0.06
463,	1,	49.0,	145.386,			2.18,			0.133,			0.05
464,	1,	559.0,	145.485,			2.378,			0.272,			0.057
465,	1,	7.0,	145.522,			2.479,			0.205,			0.056
466,	1,	146.0,	145.559,			1.99,			0.136,			0.053
467,	1,	44.0,	145.712,			2.999,			0.299,			0.058
468,	1,	10.0,	145.725,			2.832,			0.184,			0.054
469,	1,	103.0,	145.859,			1.869,			0.129,			0.055
470,	1,	90.0,	146.119,			1.078,			0.16,			0.051
471,	1,	169.0,	146.319,			2.565,			0.287,			0.051
472,	1,	103.0,	146.359,			2.305,			0.251,			0.054
473,	1,	16.0,	146.369,			2.006,			0.239,			0.058
474,	2,	296.0,	146.433,			14.282,			1.47,			0.106
475,	1,	49.0,	146.645,			1.398,			0.177,			0.051
476,	1,	7.0,	146.766,			1.869,			0.198,			0.051
477,	1,	7.0,	147.469,			2.09,			0.221,			0.06
478,	1,	44.0,	147.735,			1.921,			0.15,			0.054
479,	1,	146.0,	147.838,			2.555,			0.258,			0.055
480,	1,	387.0,	148.028,			2.265,			0.21,			0.051
481,	1,	7.0,	148.249,			2.314,			0.112,			0.051
482,	1,	10.0,	148.3,			1.853,			0.17,			0.052
483,	1,	10.0,	148.432,			2.385,			0.187,			0.06
484,	2,	76.0,	148.536,			10.159,			1.261,			0.114
485,	1,	559.0,	148.604,			2.991,			0.246,			0.051
486,	1,	103.0,	148.678,			1.915,			0.184,			0.06
487,	1,	512.0,	148.827,			2.625,			0.226,			0.057
488,	1,	7.0,	148.951,			1.164,			0.146,			0.056
489,	1,	447.0,	149.018,			2.557,			0.172,			0.053
490,	1,	7.0,	149.115,			1.581,			0.279,			0.054
491,	1,	30.0,	149.171,			1.701,			0.244,			0.052
492,	1,	169.0,	149.359,			2.304,			0.221,			0.053
493,	1,	498.0,	149.573,			1.443,			0.225,			0.052
494,	1,	7.0,	149.629,			1.913,			0.237,			0.05
495,	1,	103.0,	149.686,			1.679,			0.129,			0.059
496,	1,	126.0,	150.031,			2.843,			0.214,			0.051
497,	1,	7.0,	150.102,			2.827,			0.175,			0.059
498,	1,	30.0,	150.148,			2.288,			0.142,			0.051
499,	1,	126.0,	150.298,			1.172,			0.142,			0.052
500,	1,	146.0,	150.366,			1.524,			0.107,			0.058
501,	1,	59.0,	150.381,			2.969,			0.111,			0.059
502,	1,	7.0,	150.712,			2.244,			0.157,			0.052
503,	1,	6.0,	150.823,			2.252,			0.152,			0.06
504,	1,	59.0,	150.836,			2.681,			0.239,			0.055
505,	2,	140.0,	150.852,			10.666,			1.172,			0.166
506,	1,	387.0,	151.22,			1.908,			0.174,			0.056
507,	2,	90.0,	151.263,			10.548,			1.124,			0.185
508,	1,	7.0,	151.309,			1.431,			0.29,			0.059
509,	1,	379.0,	151.477,			1.303,			0.276,			0.059
510,	1,	7.0,	151.584,			1.956,			0.247,			0.056
511,	1,	447.0,	151.652,			1.928,			0.107,			0.054
512,	1,	49.0,	152.006,			1.655,			0.221,			0.056
513,	1,	126.0,	152.136,			1.024,			0.228,			0.054
514,	1,	169.0,	152.274,			2.305,			0.231,			0.052
515,	1,	59.0,	152.342,			1.471,			0.221,			0.053
516,	1,	214.0,	152.451,			2.714,			0.162,			0.059
517,	1,	498.0,	152.574,			2.926,			0.206,			0.051
518,	1,	90.0,	152.59,			2.415,			0.198,			0.057
519,	1,	7.0,	152.638,			2.223,			0.214,			0.057
520,	1,	387.0,	152.688,			2.748,			0.144,			0.053
521,	1,	157.0,	152.788,			1.69,			0.142,			0.056
522,	1,	13.0,	152.982,			1.517,			0.239,			0.051
523,	1,	95.0,	152.984,			1.768,			0.214,			0.053
524,	1,	90.0,	153.333,			1.657,			0.279,			0.056
525,	2,	89.0,	153.352,			13.381,			1.128,			0.176
526,	1,	169.0,	153.571,			2.127,			0.151,			0.056
527,	1,	10.0,	153.641,			1.188,			0.202,			0.06
528,	1,	13.0,	153.707,			2.43,			0.239,			0.052
529,	1,	95.0,	154.064,			1.443,			0.175,			0.052
530,	1,	169.0,	154.172,			1.79,			0.197,			0.055
531,	1,	28.0,	154.228,			1.006,			0.117,			0.054
532,	1,	90.0,	154.29,			1.701,			0.206,			0.053
533,	1,	103.0,	154.516,			2.813,			0.278,			0.052
534,	1,	44.0,	154.629,			1.838,			0.236,			0.055
535,	1,	6.0,	154.652,			1.807,			0.289,			0.056
536,	1,	44.0,	154.659,			1.513,			0.176,			0.056
537,	1,	7.0,	154.882,			2.802,			0.112,			0.05
538,	1,	103.0,	155.087,			1.437,			0.191,			0.053
539,	2,	285.0,	155.21,			13.166,			1.146,			0.195
540,	1,	30.0,	155.212,			2.345,			0.258,			0.052
541,	1,	379.0,	155.293,			2.798,			0.251,			0.058
542,	1,	559.0,	155.351,			1.263,			0.226,			0.054
543,	2,	178.0,	155.564,			13.647,			1.186,			0.149
544,	1,	379.0,	155.808,			2.542,			0.186,			0.059
545,	1,	30.0,	155.815,			1.981,			0.257,			0.06
546,	1,	7.0,	156.185,			2.714,			0.246,			0.056
547,	1,	10.0,	156.291,			1.756,			0.15,			0.056
548,	1,	13.0,	156.56,			1.991,			0.27,			0.055
549,	1,	7.0,	156.574,			2.28,			0.204,			0.052
550,	1,	95.0,	156.638,			1.756,			0.151,			0.053
551,	1,	6.0,	156.905,			1.494,			0.18,			0.058
552,	1,	6.0,	156.972,			2.638,			0.235,			0.06
553,	1,	6.0,	157.327,			1.448,			0.295,			0.055
554,	1,	44.0,	157.473,			2.567,			0.203,			0.057
555,	1,	512.0,	157.608,			2.936,			0.18,			0.058
556,	1,	498.0,	157.638,			1.663,			0.241,			0.05
557,	1,	214.0,	157.89,			1.786,			0.195,			0.052
558,	1,	387.0,	157.892,			1.458,			0.281,			0.055
559,	2,	116.0,	157.91,			14.921,			1.465,			0.148
560,	1,	379.0,	158.048,			1.637,			0.274,			0.052
561,	1,	7.0,	158.104,			1.03,			0.168,			0.052
562,	1,	146.0,	158.149,			1.566,			0.297,			0.052
563,	1,	146.0,	158.385,			1.828,			0.198,			0.053
564,	2,	142.0,	158.394,			10.39,			1.112,			0.165
565,	2,	257.0,	158.519,			12.643,			1.486,			0.135
566,	1,	157.0,	158.562,			2.509,			0.131,			0.05
567,	1,	95.0,	158.653,			1.869,			0.233,			0.056
568,	1,	95.0,	158.866,			1.609,			0.272,			0.059
569,	1,	7.0,	158.889,			1.305,			0.206,			0.057
570,	1,	146.0,	159.536,			2.789,			0.108,			0.051
571,	1,	13.0,	159.55,			2.621,			0.144,			0.054
572,	1,	379.0,	159.665,			2.936,			0.161,			0.057
573,	1,	559.0,	159.754,			1.191,			0.21,			0.056
574,	1,	13.0,	159.777,			2.772,			0.133,			0.055
575,	1,	126.0,	159.83,			2.968,			0.193,			0.051
576,	1,	44.0,	159.899,			1.406,			0.109,			0.059
577,	1,	16.0,	159.923,			2.415,			0.123,			0.058
578,	1,	447.0,	160.323,			1.921,			0.227,			0.058
579,	1,	6.0,	160.4,			1.467,			0.288,			0.053
580,	1,	7.0,	160.582,			1.17,			0.131,			0.057
581,	1,	379.0,	160.681,			2.725,			0.208,			0.053
582,	1,	6.0,	160.78,			2.138,			0.107,			0.052
583,	1,	16.0,	160.803,			1.933,			0.258,			0.056
584,	1,	103.0,	160.844,			1.407,			0.221,			0.056
585,	1,	146.0,	161.081,			1.367,			0.154,			0.051
586,	1,	28.0,	161.415,			2.323,			0.107,			0.056
587,	1,	30.0,	161.417,			2.076,			0.221,			0.056
588,	1,	16.0,	161.532,			1.119,			0.225,			0.056
589,	1,	120.0,	161.624,			1.756,			0.158,			0.052
590,	1,	157.0,	161.684,			1.303,			0.258,			0.052
591,	1,	28.0,	161.834,			1.009,			0.193,			0.05
592,	1,	7.0,	162.026,			1.188,			0.202,			0.059
593,	1,	95.0,	162.269,			1.031,			0.225,			0.057
594,	1,	44.0,	162.369,			1.702,			0.122,			0.051
595,	1,	90.0,	162.62,			2.179,			0.194,			0.054
596,	1,	169.0,	162.634,			2.991,			0.256,			0.058
597,	1,	157.0,	162.751,			1.869,			0.17,			0.056
598,	1,	6.0,	162.942,			2.318,			0.29,			0.06
599,	1,	498.0,	163.004,			1.496,			0.297,			0.053
600,	1,	28.0,	163.016,			2.398,			0.219,			0.057
601,	1,	7.0,	163.341,			2.479,			0.211,			0.058
602,	1,	169.0,	163.415,			1.879,			0.237,			0.059
603,	2,	197.0,	163.443,			13.092,			1.369,			0.195
604,	1,	7.0,	163.605,			2.78,			0.167,			0.05
605,	1,	103.0,	163.915,			2.26,			0.271,			0.051
606,	1,	379.0,	163.947,			2.238,			0.233,			0.06
607,	1,	103.0,	164.093,			1.947,			0.273,			0.055
608,	1,	103.0,	164.501,			2.298,			0.16,			0.058
609,	2,	142.0,	164.653,			13.61,			1.029,			0.133
610,	1,	103.0,	164.654,			1.75,			0.129,			0.051
611,	1,	157.0,	164.877,			2.324,			0.215,			0.053
612,	1,	49.0,	164.916,			2.635,			0.223,			0.056
613,	1,	447.0,	164.989,			1.314,			0.284,			0.051
614,	1,	13.0,	165.054,			2.187,			0.22,			0.054
615,	1,	214.0,	165.098,			2.932,			0.156,			0.057
616,	1,	90.0,	165.362,			1.051,			0.235,			0.059
617,	1,	10.0,	165.571,			1.302,			0.134,			0.055
618,	1,	214.0,	165.641,			1.252,			0.222,			0.056
619,	1,	126.0,	165.792,			2.907,			0.21,			0.06
620,	1,	169.0,	165.915,			1.683,			0.144,			0.05
621,	1,	387.0,	165.996,			1.047,			0.228,			0.057
622,	1,	103.0,	166.017,			2.173,			0.124,			0.051
623,	1,	379.0,	166.032,			1.424,			0.129,			0.053
624,	2,	95.0,	166.095,			12.973,			1.232,			0.105
625,	1,	49.0,	166.118,			2.636,			0.249,			0.057
626,	2,	244.0,	166.214,			11.289,			1.47,			0.177
627,	2,	112.0,	166.342,			10.789,			1.056,			0.162
628,	1,	16.0,	166.4,			1.702,			0.102,			0.056
629,	1,	13.0,	166.494,			1.262,			0.156,			0.054
630,	1,	7.0,	166.571,			2.057,			0.212,			0.054
631,	1,	7.0,	166.601,			1.59,			0.287,			0.056
632,	1,	387.0,	166.605,			2.522,			0.156,			0.052
633,	1,	44.0,	166.807,			2.911,			0.223,			0.05
634,	1,	512.0,	166.869,			1.99,			0.2,			0.056
635,	1,	30.0,	167.078,			1.128,			0.186,			0.056
636,	1,	59.0,	167.084,			1.841,			0.287,			0.06
637,	1,	379.0,	167.359,			2.11,			0.161,			0.056
638,	1,	379.0,	167.464,			1.168,			0.162,			0.06
639,	2,	169.0,	167.538,			14.23,			1.212,			0.111
640,	1,	7.0,	167.566,			2.316,			0.299,			0.054
641,	1,	169.0,	167.67,			1.293,			0.165,			0.052
642,	1,	7.0,	167.792,			1.915,			0.203,			0.055
643,	1,	214.0,	167.96,			2.459,			0.254,			0.058
644,	1,	103.0,	168.064,			1.232,			0.241,			0.058
645,	1,	103.0,	168.075,			1.561,			0.128,			0.058
646,	1,	169.0,	168.244,			1.651,			0.111,			0.051
647,	1,	447.0,	168.278,			1.684,			0.173,			0.055
648,	1,	146.0,	168.496,			1.543,			0.122,			0.051
649,	1,	49.0,	169.094,			1.483,			0.173,			0.05
650,	1,	120.0,	169.122,			2.268,			0.138,			0.053
651,	1,	44.0,	169.182,			1.972,			0.114,			0.059
652,	1,	59.0,	169.361,			1.557,			0.174,			0.052
653,	1,	157.0,	169.412,			1.607,			0.201,			0.057
654,	1,	379.0,	169.477,			2.149,			0.162,			0.053
655,	1,	7.0,	170.017,			2.013,			0.148,			0.058
656,	1,	44.0,	170.068,			1.126,			0.189,			0.051
657,	1,	95.0,	170.291,			1.004,			0.165,			0.055
658,	1,	30.0,	170.408,			1.071,			0.182,			0.051
659,	2,	177.0,	170.589,			12.79,			1.454,			0.119
660,	1,	447.0,	170.814,			2.114,			0.165,			0.051
661,	2,	191.0,	170.933,			14.372,			1.175,			0.114
662,	1,	512.0,	171.02,			2.415,			0.157,			0.051
663,	1,	387.0,	171.239,			1.004,			0.244,			0.058
664,	1,	7.0,	171.441,			2.446,			0.162,			0.053
665,	1,	10.0,	171.569,			2.645,			0.174,			0.055
666,	2,	162.0,	171.59,			13.587,			1.491,			0.113
667,	2,	99.0,	171.65,			12.533,			1.236,			0.127
668,	1,	44.0,	171.706,			1.071,			0.192,			0.06
669,	1,	169.0,	171.71,			1.683,			0.187,			0.053
670,	1,	387.0,	171.725,			1.031,			0.245,			0.056
671,	1,	157.0,	172.127,			2.175,			0.161,			0.06
672,	1,	157.0,	172.142,			1.473,			0.185,			0.058
673,	1,	28.0,	172.16,			2.057,			0.152,			0.059
674,	1,	16.0,	172.529,			1.217,			0.204,			0.058
675,	2,	210.0,	172.672,			11.591,			1.064,			0.183
676,	1,	120.0,	172.696,			1.482,			0.173,			0.055
677,	1,	512.0,	172.869,			2.984,			0.174,			0.057
678,	1,	126.0,	173.08,			2.955,			0.256,			0.059
679,	1,	146.0,	173.193,			2.286,			0.295,			0.052
680,	1,	49.0,	173.968,			2.932,			0.187,			0.05
681,	1,	126.0,	174.046,			2.772,			0.182,			0.058
682,	1,	7.0,	174.672,			2.055,			0.159,			0.056
683,	2,	209.0,	174.95,			12.411,			1.107,			0.194
684,	2,	121.0,	175.046,			12.393,			1.204,			0.111
685,	1,	6.0,	175.047,			2.268,			0.119,			0.053
686,	1,	379.0,	175.434,			1.14,			0.272,			0.057
687,	1,	498.0,	175.601,			2.638,			0.174,			0.053
688,	1,	49.0,	175.706,			2.556,			0.212,			0.058
689,	1,	16.0,	175.821,			1.499,			0.152,			0.06
690,	1,	120.0,	175.924,			2.645,			0.2,			0.056
691,	1,	10.0,	175.985,			1.006,			0.161,			0.054
692,	1,	120.0,	176.113,			1.358,			0.202,			0.056
693,	2,	97.0,	176.165,			10.146,			1.486,			0.125
694,	1,	7.0,	176.247,			2.366,			0.26,			0.057
695,	1,	28.0,	176.282,			1.914,			0.234,			0.056
696,	1,	498.0,	176.3,			1.277,			0.121,			0.053
697,	1,	103.0,	176.989,			2.701,			0.22,			0.057
698,	2,	160.0,	177.119,			14.716,			1.481,			0.13
699,	1,	146.0,	177.122,			1.748,			0.184,			0.055
700,	1,	169.0,	177.174,			2.222,			0.135,			0.058
701,	1,	7.0,	177.232,			2.222,			0.108,			0.052
702,	1,	28.0,	177.433,			2.314,			0.242,			0.056
703,	2,	137.0,	177.452,			14.501,			1.054,			0.197
704,	1,	157.0,	177.791,			2.18,			0.12,			0.056
705,	1,	146.0,	177.884,			1.756,			0.233,			0.057
706,	1,	28.0,	177.95,			1.092,			0.235,			0.056
707,	1,	7.0,	178.219,			2.084,			0.238,			0.059
708,	1,	7.0,	178.504,			2.31,			0.142,			0.059
709,	1,	447.0,	178.646,			2.132,			0.299,			0.057
710,	1,	498.0,	178.705,			2.346,			0.283,			0.052
711,	1,	512.0,	178.796,			2.879,			0.254,			0.053
712,	1,	6.0,	178.847,			2.768,			0.139,			0.056
713,	1,	90.0,	178.871,			1.134,			0.283,			0.053
714,	1,	7.0,	179.586,			1.501,			0.109,			0.051
715,	1,	49.0,	179.671,			2.627,			0.243,			0.056
716,	1,	59.0,	179.798,			2.087,			0.214,			0.057
717,	1,	512.0,	180.384,			1.484,			0.133,			0.053
718,	1,	7.0,	180.752,			2.549,			0.139,			0.055
719,	1,	169.0,	181.15,			2.635,			0.161,			0.056
720,	1,	379.0,	181.489,			1.029,			0.136,			0.051
721,	2,	126.0,	181.653,			11.61,			1.065,			0.189
722,	1,	379.0,	181.665,			2.827,			0.194,			0.057
723,	1,	559.0,	181.828,			2.711,			0.298,			0.051
724,	1,	126.0,	182.491,			2.241,			0.299,			0.056
725,	1,	13.0,	182.684,			2.316,			0.153,			0.051
726,	1,	7.0,	182.889,			1.282,			0.251,			0.06
727,	1,	7.0,	183.073,			1.774,			0.111,			0.057
728,	1,	90.0,	183.217,			1.178,			0.124,			0.057
729,	1,	126.0,	183.362,			2.41,			0.285,			0.053
730,	1,	7.0,	183.686,			2.623,			0.137,			0.057
731,	1,	6.0,	183.708,			1.607,			0.162,			0.058
732,	2,	202.0,	183.814,			14.914,			1.356,			0.127
733,	1,	44.0,	184.013,			1.46,			0.199,			0.052
734,	1,	7.0,	184.216,			2.813,			0.244,			0.058
735,	1,	7.0,	184.296,			2.957,			0.212,			0.059
736,	1,	120.0,	184.913,			1.027,			0.297,			0.053
737,	1,	447.0,	185.089,			2.127,			0.22,			0.056
738,	1,	90.0,	185.122,			2.179,			0.15,			0.058
739,	1,	90.0,	185.289,			2.582,			0.161,			0.053
740,	1,	49.0,	185.335,			2.779,			0.195,			0.058
741,	1,	10.0,	185.339,			2.681,			0.196,			0.057
742,	1,	59.0,	185.362,			1.681,			0.124,			0.051
743,	1,	44.0,	185.455,			1.553,			0.272,			0.054
744,	1,	28.0,	185.631,			2.509,			0.119,			0.056
745,	1,	498.0,	185.639,			1.048,			0.103,			0.055
746,	1,	6.0,	185.949,			1.558,			0.149,			0.057
747,	1,	30.0,	186.289,			1.414,			0.212,			0.058
748,	1,	146.0,	186.431,			1.128,			0.233,			0.057
749,	1,	447.0,	186.703,			1.985,			0.297,			0.051
750,	1,	126.0,	186.899,			2.047,			0.16,			0.053
751,	1,	30.0,	186.903,			2.238,			0.16,			0.052
752,	1,	95.0,	187.046,			1.962,			0.286,			0.057
753,	1,	7.0,	187.202,			1.144,			0.255,			0.056
754,	1,	512.0,	187.253,			1.613,			0.131,			0.051
755,	1,	7.0,	187.897,			2.796,			0.186,			0.051
756,	1,	120.0,	187.916,			1.356,			0.272,			0.05
757,	1,	59.0,	188.161,			1.985,			0.272,			0.059
758,	1,	387.0,	188.557,			2.872,			0.156,			0.051
759,	1,	95.0,	188.599,			2.509,			0.208,			0.05
760,	1,	28.0,	188.75,			2.454,			0.175,			0.057
761,	1,	44.0,	189.331,			2.797,			0.225,			0.055
762,	1,	157.0,	189.842,			1.403,			0.127,			0.057
763,	2,	220.0,	189.903,			14.114,			1.425,			0.105
764,	1,	126.0,	190.127,			1.988,			0.289,			0.055
765,	1,	16.0,	190.181,			1.119,			0.21,			0.057
766,	1,	7.0,	190.426,			1.822,			0.2,			0.06
767,	1,	7.0,	190.454,			1.558,			0.129,			0.057
768,	1,	498.0,	190.461,			1.038,			0.235,			0.059
769,	2,	168.0,	190.681,			11.93,			1.456,			0.197
770,	1,	44.0,	190.682,			2.776,			0.192,			0.057
771,	1,	7.0,	190.697,			2.548,			0.29,			0.057
772,	2,	90.0,	190.963,			14.871,			1.06,			0.106
773,	1,	146.0,	191.037,			1.158,			0.149,			0.059
774,	2,	200.0,	191.067,			11.589,			1.012,			0.194
775,	1,	28.0,	191.107,			2.911,			0.129,			0.059
776,	1,	16.0,	191.184,			1.915,			0.211,			0.052
777,	1,	95.0,	191.191,			1.006,			0.266,			0.054
778,	1,	59.0,	191.623,			2.018,			0.258,			0.059
779,	1,	16.0,	191.802,			2.492,			0.229,			0.056
780,	1,	28.0,	191.902,			2.09,			0.2,			0.056
781,	2,	217.0,	192.073,			13.437,			1.264,			0.194
782,	1,	157.0,	192.094,			1.104,			0.211,			0.055
783,	1,	28.0,	192.326,			2.852,			0.184,			0.055
784,	1,	6.0,	192.413,			1.442,			0.162,			0.054
785,	1,	146.0,	192.55,			2.265,			0.159,			0.051
786,	1,	157.0,	192.736,			2.497,			0.242,			0.051
787,	1,	512.0,	193.183,			1.148,			0.282,			0.055
788,	2,	86.0,	193.507,			12.435,			1.304,			0.105
789,	1,	10.0,	194.227,			2.279,			0.251,			0.058
790,	1,	7.0,	194.417,			1.043,			0.25,			0.058
791,	1,	512.0,	194.588,			1.289,			0.142,			0.051
792,	2,	157.0,	194.826,			13.878,			1.143,			0.111
793,	2,	156.0,	194.828,			12.069,			1.246,			0.167
794,	1,	379.0,	195.176,			1.768,			0.254,			0.05
795,	2,	28.0,	195.351,			11.89,			1.098,			0.164
796,	1,	157.0,	195.57,			2.013,			0.208,			0.051
797,	1,	6.0,	195.78,			2.598,			0.242,			0.052
798,	1,	126.0,	196.029,			2.772,			0.16,			0.054
799,	1,	30.0,	196.117,			2.2,			0.173,			0.057
800,	1,	16.0,	196.15,			1.557,			0.155,			0.059
801,	1,	13.0,	196.637,			2.025,			0.156,			0.057
802,	2,	171.0,	197.097,			14.767,			1.142,			0.183
803,	1,	379.0,	197.244,			1.876,			0.235,			0.055
804,	1,	6.0,	197.7,			1.561,			0.184,			0.056
805,	1,	103.0,	197.763,			1.141,			0.102,			0.06
806,	1,	28.0,	197.948,			2.627,			0.195,			0.052
807,	1,	16.0,	198.179,			2.055,			0.298,			0.058
808,	1,	103.0,	198.403,			1.595,			0.246,			0.055
809,	1,	44.0,	198.533,			2.88,			0.297,			0.057
810,	1,	7.0,	199.018,			1.433,			0.291,			0.06
811,	1,	44.0,	199.047,			2.819,			0.195,			0.055
812,	2,	158.0,	199.296,			10.594,			1.271,			0.133
813,	1,	59.0,	199.447,			1.411,			0.139,			0.055
814,	1,	6.0,	199.49,			2.645,			0.225,			0.053
815,	2,	109.0,	199.799,			14.334,			1.231,			0.167
816,	1,	7.0,	200.319,			1.814,			0.107,			0.058
817,	2,	91.0,	200.883,			11.12,			1.086,			0.131
818,	1,	90.0,	200.902,			2.765,			0.299,			0.05
819,	1,	7.0,	200.967,			2.449,			0.107,			0.055
820,	1,	559.0,	200.971,			1.707,			0.249,			0.057
821,	2,	188.0,	201.154,			13.193,			1.385,			0.182
822,	1,	6.0,	201.157,			1.422,			0.236,			0.052
823,	1,	512.0,	201.307,			2.199,			0.228,			0.054
824,	1,	30.0,	201.34,			2.303,			0.222,			0.05
825,	1,	59.0,	201.581,			1.172,			0.142,			0.059
826,	1,	447.0,	201.814,			1.667,			0.116,			0.054
827,	2,	144.0,	202.129,			11.478,			1.015,			0.16
828,	1,	157.0,	202.159,			1.748,			0.244,			0.054
829,	1,	120.0,	202.42,			1.639,			0.129,			0.06
830,	2,	101.0,	202.507,			12.591,			1.051,			0.108
831,	1,	44.0,	203.195,			1.296,			0.135,			0.055
832,	1,	7.0,	203.297,			2.256,			0.255,			0.058
833,	1,	157.0,	203.445,			2.326,			0.263,			0.05
834,	1,	10.0,	203.449,			2.556,			0.288,			0.055
835,	1,	126.0,	203.604,			2.181,			0.172,			0.052
836,	1,	10.0,	203.692,			1.313,			0.149,			0.055
837,	1,	44.0,	203.711,			2.454,			0.263,			0.05
838,	2,	203.0,	204.131,			14.682,			1.087,			0.171
839,	2,	68.0,	204.349,			12.486,			1.389,			0.112
840,	1,	103.0,	204.356,			1.996,			0.233,			0.053
841,	2,	118.0,	204.677,			10.909,			1.092,			0.15
842,	1,	44.0,	205.026,			1.998,			0.203,			0.052
843,	1,	498.0,	205.104,			2.157,			0.208,			0.059
844,	1,	6.0,	205.285,			1.303,			0.159,			0.053
845,	1,	169.0,	205.34,			2.084,			0.234,			0.055
846,	1,	49.0,	205.408,			2.0,			0.228,			0.052
847,	1,	7.0,	205.457,			2.316,			0.12,			0.051
848,	1,	120.0,	205.909,			1.933,			0.128,			0.06
849,	2,	171.0,	206.318,			10.159,			1.367,			0.181
850,	1,	120.0,	206.706,			2.031,			0.146,			0.051
851,	1,	7.0,	206.994,			1.303,			0.12,			0.052
852,	1,	498.0,	207.122,			1.683,			0.208,			0.053
853,	1,	13.0,	207.312,			1.056,			0.245,			0.057
854,	1,	169.0,	207.404,			1.645,			0.165,			0.052
855,	1,	44.0,	207.417,			1.864,			0.188,			0.053
856,	1,	13.0,	207.778,			2.222,			0.116,			0.06
857,	1,	7.0,	207.916,			1.99,			0.25,			0.058
858,	1,	7.0,	208.337,			1.27,			0.272,			0.051
859,	1,	157.0,	208.388,			2.092,			0.109,			0.051
860,	1,	7.0,	208.616,			1.111,			0.177,			0.05
861,	1,	7.0,	208.854,			2.945,			0.174,			0.06
862,	1,	30.0,	209.909,			1.371,			0.15,			0.056
863,	1,	44.0,	210.062,			2.99,			0.272,			0.06
864,	1,	512.0,	210.07,			1.657,			0.195,			0.055
865,	1,	146.0,	210.409,			1.458,			0.221,			0.053
866,	1,	512.0,	211.783,			2.691,			0.162,			0.057
867,	1,	30.0,	211.887,			1.009,			0.122,			0.058
868,	2,	77.0,	212.01,			10.681,			1.47,			0.109
869,	1,	6.0,	212.929,			1.128,			0.151,			0.057
870,	1,	169.0,	213.009,			1.317,			0.176,			0.057
871,	1,	44.0,	215.852,			1.61,			0.103,			0.055
872,	1,	103.0,	215.866,			1.653,			0.16,			0.056
873,	1,	44.0,	216.14,			2.8,			0.277,			0.056
874,	1,	44.0,	217.212,			1.291,			0.189,			0.051
875,	2,	75.0,	217.259,			10.627,			1.491,			0.132
876,	1,	7.0,	217.779,			2.016,			0.202,			0.052
877,	1,	387.0,	218.607,			2.525,			0.22,			0.056
878,	2,	77.0,	218.914,			14.492,			1.4,			0.134
879,	1,	16.0,	219.303,			2.866,			0.146,			0.058
880,	2,	278.0,	219.31,			14.39,			1.357,			0.146
881,	1,	95.0,	219.364,			2.895,			0.105,			0.055
882,	1,	126.0,	219.506,			1.601,			0.12,			0.058
883,	1,	379.0,	219.508,			2.31,			0.206,			0.054
884,	2,	117.0,	219.513,			12.676,			1.291,			0.152
885,	2,	204.0,	219.846,			10.789,			1.148,			0.155
886,	2,	42.0,	220.582,			10.599,			1.493,			0.194
887,	1,	169.0,	221.648,			1.645,			0.294,			0.051
888,	1,	447.0,	221.811,			1.73,			0.122,			0.056
889,	1,	7.0,	221.994,			2.709,			0.248,			0.059
890,	1,	512.0,	222.362,			1.441,			0.151,			0.053
891,	1,	7.0,	223.763,			1.45,			0.236,			0.055
892,	1,	44.0,	224.914,			1.963,			0.29,			0.054
893,	1,	126.0,	226.68,			2.273,			0.12,			0.056
894,	1,	7.0,	226.919,			2.847,			0.152,			0.053
895,	1,	30.0,	227.607,			2.556,			0.118,			0.06
896,	1,	387.0,	228.048,			2.316,			0.259,			0.052
897,	2,	133.0,	228.413,			10.778,			1.153,			0.128
898,	2,	195.0,	228.505,			10.92,			1.139,			0.103
899,	2,	160.0,	228.572,			13.549,			1.405,			0.173
900,	1,	49.0,	228.874,			1.909,			0.122,			0.051
901,	1,	6.0,	229.2,			1.525,			0.221,			0.056
902,	1,	7.0,	230.663,			1.841,			0.289,			0.059
903,	1,	44.0,	230.74,			2.777,			0.272,			0.057
904,	1,	157.0,	230.898,			2.33,			0.16,			0.052
905,	2,	104.0,	231.329,			11.178,			1.253,			0.19
906,	2,	131.0,	231.912,			10.298,			1.492,			0.177
907,	2,	190.0,	233.08,			13.794,			1.06,			0.158
908,	1,	13.0,	233.342,			1.911,			0.14,			0.055
909,	2,	300.0,	233.714,			11.402,			1.407,			0.191
910,	1,	10.0,	233.984,			1.252,			0.21,			0.059
911,	2,	147.0,	234.336,			12.136,			1.022,			0.11
912,	1,	512.0,	234.446,			1.105,			0.111,			0.059
913,	1,	498.0,	235.042,			1.998,			0.177,			0.053
914,	1,	28.0,	235.706,			2.957,			0.135,			0.058
915,	1,	447.0,	235.726,			2.114,			0.138,			0.051
916,	2,	215.0,	235.999,			13.613,			1.343,			0.121
917,	1,	7.0,	236.454,			2.621,			0.145,			0.059
918,	1,	157.0,	236.697,			1.044,			0.172,			0.056
919,	2,	172.0,	236.858,			12.304,			1.444,			0.197
920,	1,	49.0,	237.023,			2.772,			0.177,			0.06
921,	1,	157.0,	237.398,			2.057,			0.178,			0.054
922,	1,	559.0,	237.399,			1.612,			0.11,			0.053
923,	2,	198.0,	237.399,			13.792,			1.018,			0.108
924,	1,	7.0,	237.439,			2.104,			0.214,			0.056
925,	1,	44.0,	237.454,			1.166,			0.121,			0.053
926,	1,	30.0,	238.077,			2.424,			0.186,			0.054
927,	1,	387.0,	238.132,			1.733,			0.195,			0.06
928,	1,	16.0,	238.791,			1.81,			0.129,			0.055
929,	1,	13.0,	239.179,			2.655,			0.206,			0.054
930,	2,	207.0,	239.181,			14.535,			1.114,			0.127
931,	1,	44.0,	239.56,			1.581,			0.236,			0.059
932,	2,	78.0,	239.639,			13.228,			1.202,			0.104
933,	1,	6.0,	239.919,			1.588,			0.2,			0.059
934,	1,	95.0,	240.739,			2.096,			0.29,			0.059
935,	1,	157.0,	242.29,			1.092,			0.103,			0.054
936,	1,	30.0,	242.809,			1.018,			0.207,			0.051
937,	2,	285.0,	244.243,			11.864,			1.384,			0.17
938,	2,	112.0,	244.937,			14.002,			1.341,			0.104
939,	1,	126.0,	245.022,			2.198,			0.116,			0.05
940,	1,	49.0,	245.031,			1.592,			0.281,			0.053
941,	1,	16.0,	245.631,			1.464,			0.12,			0.057
942,	1,	214.0,	245.643,			1.969,			0.121,			0.058
943,	1,	169.0,	246.282,			2.225,			0.212,			0.056
944,	1,	49.0,	247.454,			1.814,			0.216,			0.055
945,	2,	127.0,	247.719,			11.229,			1.108,			0.179
946,	2,	215.0,	248.172,			12.242,			1.286,			0.154
947,	1,	157.0,	250.761,			2.249,			0.215,			0.052
948,	2,	185.0,	250.877,			11.248,			1.421,			0.139
949,	2,	232.0,	250.937,			13.798,			1.409,			0.184
950,	2,	75.0,	251.785,			13.161,			1.456,			0.159
951,	1,	90.0,	252.299,			1.613,			0.166,			0.056
952,	2,	230.0,	252.331,			12.458,			1.12,			0.132
953,	2,	102.0,	253.342,			14.464,			1.115,			0.165
954,	2,	167.0,	253.603,			10.702,			1.498,			0.173
955,	2,	230.0,	254.074,			12.876,			1.335,			0.195
956,	2,	114.0,	254.379,			10.484,			1.229,			0.143
957,	2,	138.0,	254.526,			13.669,			1.17,			0.18
958,	2,	171.0,	255.111,			11.968,			1.456,			0.154
959,	2,	112.0,	255.235,			11.869,			1.258,			0.148
960,	1,	447.0,	255.543,			2.807,			0.272,			0.059
961,	1,	30.0,	256.971,			1.543,			0.132,			0.06
962,	1,	28.0,	257.535,			1.733,			0.176,			0.05
963,	2,	190.0,	258.943,			14.946,			1.278,			0.174
964,	2,	150.0,	260.508,			12.841,			1.192,			0.128
965,	1,	103.0,	261.457,			1.924,			0.108,			0.056
966,	1,	44.0,	261.59,			2.318,			0.286,			0.053
967,	1,	103.0,	262.092,			1.371,			0.106,			0.058
968,	2,	96.0,	262.609,			11.202,			1.326,			0.177
969,	1,	498.0,	263.283,			1.625,			0.298,			0.057
970,	1,	28.0,	263.371,			1.155,			0.212,			0.052
971,	2,	136.0,	264.459,			13.961,			1.322,			0.147
972,	2,	107.0,	264.825,			13.136,			1.264,			0.175
973,	2,	227.0,	264.874,			10.629,			1.299,			0.171
974,	1,	120.0,	264.911,			1.488,			0.236,			0.059
975,	2,	216.0,	265.886,			11.537,			1.065,			0.178
976,	2,	187.0,	266.012,			11.89,			1.177,			0.118
977,	2,	158.0,	267.125,			14.921,			1.056,			0.155
978,	1,	13.0,	268.329,			2.562,			0.299,			0.053
979,	1,	103.0,	268.346,			1.009,			0.255,			0.055
980,	1,	169.0,	270.477,			2.598,			0.135,			0.053
981,	1,	7.0,	270.549,			2.084,			0.138,			0.051
982,	1,	146.0,	270.967,			2.9,			0.278,			0.054
983,	2,	99.0,	274.487,			13.329,			1.187,			0.14
984,	2,	119.0,	275.131,			14.464,			1.172,			0.128
985,	2,	187.0,	276.78,			13.681,			1.015,			0.137
986,	2,	86.0,	276.976,			12.79,			1.345,			0.144
987,	2,	77.0,	279.249,			11.896,			1.011,			0.157
988,	1,	59.0,	279.973,			2.843,			0.129,			0.058
989,	2,	240.0,	281.124,			11.19,			1.097,			0.125
990,	2,	132.0,	285.931,			14.057,			1.015,			0.105
991,	2,	228.0,	290.836,			12.411,			1.437,			0.194
992,	2,	195.0,	291.009,			13.404,			1.015,			0.143
993,	2,	138.0,	291.649,			13.148,			1.266,			0.134
994,	1,	44.0,	292.21,			2.369,			0.211,			0.053
995,	2,	106.0,	293.03,			10.548,			1.492,			0.121
996,	2,	160.0,	295.502,			11.6,			1.166,			0.152
997,	2,	280.0,	297.454,			13.629,			1.227,			0.101
998,	2,	96.0,	299.089,			14.77,			1.443,			0.2
999,	2,	117.0,	299.366,			14.249,			1.299,			0.136
1000,	2,	75.0,	299.742,			11.587,			1.287,			0.199
