#, task_type_id, size, arrival_time,	execution_time_cpu,	execution_time_gpu,	execution_time_CLOUD
1,	1,	7.0,	0.0,			2.378,			0.299,			0.052
2,	1,	379.0,	0.0,			2.525,			0.198,			0.057
3,	2,	102.0,	3.457,			10.902,			1.137,			0.126
4,	2,	64.0,	3.964,			11.28,			1.075,			0.179
5,	2,	68.0,	4.894,			11.19,			1.349,			0.129
6,	2,	38.0,	5.751,			12.792,			1.381,			0.142
7,	2,	178.0,	9.1,			10.784,			1.305,			0.181
8,	2,	91.0,	10.593,			11.488,			1.085,			0.141
9,	2,	77.0,	10.673,			14.235,			1.437,			0.176
10,	2,	57.0,	11.402,			11.228,			1.409,			0.137
11,	2,	41.0,	11.581,			14.368,			1.447,			0.166
12,	2,	267.0,	19.652,			11.756,			1.306,			0.147
13,	2,	242.0,	21.221,			14.492,			1.268,			0.103
14,	2,	224.0,	21.521,			13.86,			1.418,			0.197
15,	2,	182.0,	21.806,			14.528,			1.416,			0.161
16,	2,	266.0,	23.199,			14.604,			1.154,			0.128
17,	2,	103.0,	24.662,			11.091,			1.411,			0.117
18,	2,	298.0,	26.535,			13.828,			1.356,			0.111
19,	2,	176.0,	27.527,			11.622,			1.401,			0.189
20,	1,	13.0,	28.196,			1.913,			0.131,			0.05
21,	2,	127.0,	29.3,			10.871,			1.443,			0.14
22,	2,	61.0,	31.386,			13.346,			1.48,			0.107
23,	2,	101.0,	31.42,			14.45,			1.328,			0.15
24,	2,	166.0,	32.493,			12.179,			1.334,			0.186
25,	2,	141.0,	33.356,			10.782,			1.491,			0.182
26,	1,	447.0,	35.694,			2.735,			0.133,			0.054
27,	1,	447.0,	36.09,			1.005,			0.247,			0.06
28,	1,	387.0,	36.257,			2.377,			0.294,			0.055
29,	1,	13.0,	36.672,			1.981,			0.19,			0.06
30,	2,	182.0,	37.551,			14.48,			1.046,			0.117
31,	1,	512.0,	38.074,			1.009,			0.151,			0.058
32,	1,	44.0,	38.427,			2.415,			0.189,			0.052
33,	2,	166.0,	38.547,			12.893,			1.051,			0.151
34,	2,	181.0,	39.519,			14.836,			1.363,			0.187
35,	2,	236.0,	39.922,			14.771,			1.397,			0.125
36,	2,	118.0,	40.488,			11.429,			1.421,			0.128
37,	2,	85.0,	41.382,			10.592,			1.393,			0.176
38,	2,	78.0,	42.874,			10.978,			1.314,			0.136
39,	2,	155.0,	43.229,			11.575,			1.268,			0.16
40,	2,	56.0,	43.515,			10.279,			1.075,			0.14
41,	2,	118.0,	44.992,			13.025,			1.051,			0.136
42,	1,	214.0,	46.35,			1.424,			0.235,			0.058
43,	2,	195.0,	46.628,			12.946,			1.202,			0.13
44,	2,	207.0,	48.701,			14.197,			1.335,			0.134
45,	2,	167.0,	49.486,			13.262,			1.187,			0.137
46,	2,	218.0,	49.542,			10.621,			1.212,			0.139
47,	1,	512.0,	49.807,			2.132,			0.187,			0.056
48,	2,	187.0,	50.257,			11.744,			1.063,			0.184
49,	1,	6.0,	50.416,			1.014,			0.217,			0.06
50,	2,	112.0,	50.702,			11.484,			1.349,			0.158
51,	2,	247.0,	50.992,			11.202,			1.374,			0.125
52,	1,	28.0,	51.137,			1.981,			0.158,			0.057
53,	1,	59.0,	51.269,			2.976,			0.113,			0.052
54,	1,	16.0,	51.59,			2.087,			0.147,			0.052
55,	2,	158.0,	51.641,			12.849,			1.219,			0.111
56,	1,	146.0,	51.987,			2.155,			0.101,			0.052
57,	1,	16.0,	52.333,			1.963,			0.298,			0.057
58,	1,	387.0,	52.644,			2.256,			0.194,			0.055
59,	1,	10.0,	52.909,			1.542,			0.164,			0.052
60,	1,	6.0,	53.667,			1.383,			0.251,			0.054
61,	1,	7.0,	54.062,			1.047,			0.228,			0.056
62,	1,	7.0,	54.71,			1.625,			0.288,			0.05
63,	2,	156.0,	54.998,			14.871,			1.497,			0.1
64,	1,	214.0,	55.098,			2.269,			0.122,			0.053
65,	2,	125.0,	57.406,			13.346,			1.104,			0.166
66,	2,	156.0,	57.577,			13.185,			1.457,			0.195
67,	1,	512.0,	57.579,			1.031,			0.299,			0.056
68,	1,	10.0,	58.528,			1.014,			0.242,			0.06
69,	1,	13.0,	58.794,			1.821,			0.242,			0.06
70,	1,	13.0,	60.184,			1.316,			0.139,			0.052
71,	2,	198.0,	60.62,			13.549,			1.271,			0.198
72,	2,	223.0,	60.939,			10.383,			1.136,			0.12
73,	1,	169.0,	61.8,			1.403,			0.136,			0.057
74,	2,	137.0,	62.375,			12.909,			1.055,			0.182
75,	1,	10.0,	62.717,			1.541,			0.217,			0.058
76,	2,	104.0,	63.117,			12.088,			1.252,			0.11
77,	2,	199.0,	63.227,			10.789,			1.222,			0.138
78,	2,	177.0,	63.57,			13.17,			1.349,			0.133
79,	1,	44.0,	64.567,			1.915,			0.224,			0.053
80,	1,	16.0,	64.924,			2.11,			0.229,			0.058
81,	1,	6.0,	65.206,			2.827,			0.128,			0.06
82,	1,	559.0,	65.357,			2.031,			0.174,			0.059
83,	2,	296.0,	65.623,			11.488,			1.098,			0.144
84,	1,	498.0,	65.954,			1.835,			0.298,			0.052
85,	2,	187.0,	66.077,			11.89,			1.273,			0.139
86,	1,	7.0,	66.172,			2.598,			0.131,			0.056
87,	1,	90.0,	66.448,			1.591,			0.115,			0.06
88,	1,	49.0,	66.526,			1.962,			0.298,			0.056
89,	2,	161.0,	66.735,			10.037,			1.064,			0.166
90,	2,	109.0,	68.363,			13.33,			1.001,			0.113
91,	1,	13.0,	68.721,			2.317,			0.299,			0.054
92,	1,	379.0,	68.727,			1.681,			0.24,			0.051
93,	1,	59.0,	68.971,			1.105,			0.121,			0.057
94,	1,	95.0,	69.988,			1.748,			0.195,			0.052
95,	2,	272.0,	70.902,			12.242,			1.268,			0.176
96,	1,	103.0,	70.969,			2.686,			0.142,			0.056
97,	1,	214.0,	70.971,			1.322,			0.21,			0.055
98,	1,	387.0,	71.039,			2.056,			0.2,			0.051
99,	2,	202.0,	71.289,			13.645,			1.011,			0.131
100,	1,	103.0,	71.319,			2.879,			0.287,			0.054
101,	1,	7.0,	71.433,			2.491,			0.247,			0.055
102,	1,	146.0,	71.453,			2.509,			0.165,			0.051
103,	1,	157.0,	71.971,			1.225,			0.138,			0.057
104,	1,	13.0,	72.535,			1.814,			0.248,			0.053
105,	1,	214.0,	72.611,			1.162,			0.133,			0.06
106,	1,	7.0,	72.626,			2.948,			0.116,			0.054
107,	1,	59.0,	72.742,			1.985,			0.256,			0.058
108,	1,	7.0,	73.641,			2.438,			0.203,			0.057
109,	1,	498.0,	73.653,			2.625,			0.179,			0.052
110,	2,	180.0,	74.188,			13.222,			1.058,			0.148
111,	1,	16.0,	74.781,			2.132,			0.255,			0.05
112,	2,	113.0,	76.339,			11.263,			1.382,			0.153
113,	1,	512.0,	76.624,			1.557,			0.296,			0.053
114,	1,	512.0,	76.751,			2.123,			0.191,			0.05
115,	1,	512.0,	76.877,			1.108,			0.136,			0.056
116,	1,	44.0,	77.054,			1.609,			0.193,			0.054
117,	1,	512.0,	78.032,			1.981,			0.26,			0.056
118,	2,	228.0,	78.238,			14.464,			1.144,			0.186
119,	2,	266.0,	78.338,			14.39,			1.177,			0.11
120,	1,	6.0,	78.787,			2.103,			0.269,			0.058
121,	1,	7.0,	78.886,			2.956,			0.207,			0.052
122,	1,	7.0,	79.166,			1.736,			0.164,			0.06
123,	1,	512.0,	79.289,			1.523,			0.179,			0.056
124,	2,	72.0,	79.366,			12.576,			1.128,			0.197
125,	1,	146.0,	79.482,			2.265,			0.188,			0.058
126,	1,	16.0,	79.67,			1.807,			0.217,			0.053
127,	1,	126.0,	79.765,			1.86,			0.12,			0.054
128,	1,	95.0,	80.139,			1.651,			0.223,			0.06
129,	1,	387.0,	80.158,			2.223,			0.203,			0.05
130,	1,	447.0,	80.448,			2.725,			0.251,			0.059
131,	1,	7.0,	80.588,			2.976,			0.198,			0.05
132,	1,	169.0,	80.6,			2.685,			0.206,			0.053
133,	1,	146.0,	80.759,			1.756,			0.2,			0.057
134,	2,	176.0,	80.799,			13.671,			1.326,			0.121
135,	1,	49.0,	81.092,			2.69,			0.258,			0.059
136,	1,	13.0,	81.43,			2.772,			0.152,			0.06
137,	1,	120.0,	81.508,			1.029,			0.293,			0.06
138,	1,	7.0,	81.57,			1.86,			0.248,			0.054
139,	2,	110.0,	81.82,			12.608,			1.45,			0.178
140,	1,	44.0,	81.949,			1.733,			0.161,			0.06
141,	1,	44.0,	82.164,			2.301,			0.178,			0.052
142,	1,	59.0,	82.328,			1.853,			0.112,			0.058
143,	1,	13.0,	82.63,			1.243,			0.214,			0.057
144,	1,	559.0,	82.968,			2.31,			0.164,			0.052
145,	1,	126.0,	83.084,			1.749,			0.161,			0.057
146,	2,	184.0,	83.209,			11.54,			1.403,			0.148
147,	2,	177.0,	83.564,			14.729,			1.025,			0.151
148,	1,	10.0,	83.599,			1.575,			0.142,			0.056
149,	1,	16.0,	83.77,			2.797,			0.247,			0.058
150,	1,	28.0,	84.492,			1.984,			0.276,			0.056
151,	1,	6.0,	84.685,			2.273,			0.252,			0.053
152,	1,	90.0,	85.127,			1.513,			0.259,			0.055
153,	1,	7.0,	85.695,			2.407,			0.214,			0.057
154,	1,	103.0,	85.709,			1.3,			0.235,			0.052
155,	1,	146.0,	86.781,			1.671,			0.273,			0.05
156,	1,	157.0,	87.172,			2.772,			0.21,			0.055
157,	1,	447.0,	87.302,			1.07,			0.131,			0.055
158,	1,	126.0,	87.409,			1.731,			0.188,			0.051
159,	1,	169.0,	87.488,			1.9,			0.201,			0.054
160,	1,	6.0,	87.551,			2.09,			0.23,			0.057
161,	1,	512.0,	89.026,			1.489,			0.157,			0.053
162,	1,	120.0,	89.14,			1.84,			0.189,			0.053
163,	2,	107.0,	89.399,			11.866,			1.121,			0.161
164,	1,	498.0,	90.003,			2.26,			0.201,			0.05
165,	1,	16.0,	90.222,			1.168,			0.164,			0.052
166,	1,	6.0,	90.411,			2.163,			0.145,			0.057
167,	1,	44.0,	90.824,			1.662,			0.106,			0.055
168,	2,	220.0,	90.975,			13.487,			1.398,			0.13
169,	2,	137.0,	91.721,			13.329,			1.098,			0.176
170,	1,	7.0,	91.765,			1.679,			0.26,			0.052
171,	1,	28.0,	92.422,			1.442,			0.161,			0.054
172,	1,	6.0,	92.702,			2.819,			0.233,			0.056
173,	1,	387.0,	92.973,			2.393,			0.272,			0.06
174,	1,	559.0,	93.113,			2.786,			0.133,			0.055
175,	1,	498.0,	93.327,			2.726,			0.108,			0.054
176,	1,	146.0,	93.969,			1.835,			0.19,			0.055
177,	1,	120.0,	94.007,			1.07,			0.192,			0.052
178,	1,	90.0,	94.133,			1.256,			0.156,			0.055
179,	1,	49.0,	94.401,			1.494,			0.211,			0.057
180,	1,	559.0,	94.822,			2.796,			0.134,			0.051
181,	1,	103.0,	94.852,			1.835,			0.245,			0.056
182,	2,	144.0,	95.069,			10.548,			1.108,			0.185
183,	1,	10.0,	95.273,			2.148,			0.195,			0.059
184,	1,	10.0,	95.486,			2.194,			0.109,			0.05
185,	1,	30.0,	95.569,			1.595,			0.152,			0.058
186,	1,	95.0,	95.585,			2.777,			0.251,			0.058
187,	1,	10.0,	95.749,			1.162,			0.215,			0.058
188,	1,	30.0,	95.813,			1.625,			0.19,			0.057
189,	1,	214.0,	95.927,			2.857,			0.222,			0.052
190,	1,	30.0,	96.244,			2.31,			0.249,			0.057
191,	1,	498.0,	96.432,			2.986,			0.293,			0.055
192,	1,	214.0,	97.298,			1.232,			0.186,			0.055
193,	1,	44.0,	97.503,			2.148,			0.197,			0.057
194,	1,	512.0,	97.642,			1.394,			0.104,			0.057
195,	1,	90.0,	97.644,			2.703,			0.201,			0.058
196,	1,	146.0,	97.919,			1.69,			0.262,			0.05
197,	1,	30.0,	98.536,			2.544,			0.121,			0.056
198,	1,	387.0,	98.615,			2.789,			0.287,			0.054
199,	2,	148.0,	98.62,			13.386,			1.304,			0.198
200,	1,	498.0,	99.148,			2.293,			0.15,			0.055
201,	1,	447.0,	99.236,			1.14,			0.253,			0.052
202,	1,	214.0,	99.649,			1.467,			0.203,			0.051
203,	2,	189.0,	99.71,			12.144,			1.393,			0.145
204,	1,	120.0,	99.875,			1.103,			0.135,			0.057
205,	1,	49.0,	99.912,			2.621,			0.205,			0.06
206,	1,	28.0,	100.664,			2.346,			0.147,			0.059
207,	2,	109.0,	100.679,			10.594,			1.384,			0.137
208,	1,	16.0,	101.146,			2.628,			0.128,			0.057
209,	1,	214.0,	101.161,			1.009,			0.262,			0.057
210,	2,	201.0,	101.781,			10.912,			1.278,			0.152
211,	1,	13.0,	101.861,			2.838,			0.206,			0.053
212,	1,	44.0,	102.009,			2.76,			0.221,			0.058
213,	1,	169.0,	102.268,			2.968,			0.185,			0.052
214,	1,	7.0,	102.39,			2.846,			0.212,			0.059
215,	1,	16.0,	102.433,			2.799,			0.233,			0.059
216,	1,	6.0,	102.46,			1.972,			0.199,			0.059
217,	1,	146.0,	102.462,			1.391,			0.282,			0.056
218,	1,	49.0,	102.739,			2.632,			0.109,			0.05
219,	1,	379.0,	103.005,			2.541,			0.249,			0.05
220,	1,	498.0,	103.364,			2.038,			0.148,			0.059
221,	1,	498.0,	104.042,			1.63,			0.145,			0.06
222,	1,	95.0,	104.976,			1.554,			0.193,			0.053
223,	1,	90.0,	105.044,			1.827,			0.288,			0.06
224,	1,	30.0,	105.229,			2.057,			0.134,			0.053
225,	1,	13.0,	105.268,			1.307,			0.109,			0.057
226,	1,	103.0,	105.269,			1.756,			0.267,			0.052
227,	1,	44.0,	105.591,			1.631,			0.266,			0.057
228,	2,	109.0,	105.681,			13.894,			1.456,			0.155
229,	1,	95.0,	106.605,			1.314,			0.295,			0.054
230,	1,	7.0,	106.612,			2.813,			0.221,			0.059
231,	1,	49.0,	106.619,			1.249,			0.217,			0.052
232,	1,	49.0,	106.703,			1.158,			0.212,			0.054
233,	1,	157.0,	106.749,			2.138,			0.151,			0.056
234,	1,	16.0,	106.849,			2.366,			0.263,			0.051
235,	1,	7.0,	106.881,			1.587,			0.199,			0.056
236,	1,	146.0,	107.202,			1.911,			0.158,			0.052
237,	1,	120.0,	107.612,			2.954,			0.226,			0.05
238,	2,	191.0,	107.752,			11.405,			1.189,			0.12
239,	1,	379.0,	107.888,			1.728,			0.192,			0.052
240,	2,	132.0,	107.974,			12.933,			1.389,			0.112
241,	1,	498.0,	108.295,			2.055,			0.297,			0.051
242,	1,	49.0,	108.964,			2.631,			0.289,			0.053
243,	1,	10.0,	109.18,			1.398,			0.133,			0.053
244,	1,	7.0,	109.544,			1.432,			0.244,			0.054
245,	1,	6.0,	109.649,			2.479,			0.252,			0.055
246,	1,	157.0,	109.894,			1.481,			0.258,			0.06
247,	1,	6.0,	110.069,			2.08,			0.248,			0.056
248,	1,	7.0,	110.822,			2.544,			0.125,			0.053
249,	1,	44.0,	110.972,			2.914,			0.174,			0.053
250,	1,	126.0,	110.981,			1.97,			0.226,			0.058
251,	1,	512.0,	111.181,			2.772,			0.296,			0.054
252,	1,	44.0,	111.334,			1.008,			0.238,			0.057
253,	1,	559.0,	111.472,			2.322,			0.173,			0.054
254,	1,	214.0,	111.541,			2.225,			0.17,			0.059
255,	1,	559.0,	111.557,			2.288,			0.157,			0.055
256,	1,	6.0,	111.779,			2.03,			0.233,			0.058
257,	1,	214.0,	112.018,			2.557,			0.228,			0.051
258,	1,	59.0,	112.122,			1.968,			0.262,			0.052
259,	1,	157.0,	112.429,			2.984,			0.254,			0.052
260,	1,	28.0,	112.791,			2.776,			0.11,			0.057
261,	2,	268.0,	113.141,			14.705,			1.335,			0.176
262,	1,	7.0,	113.143,			2.795,			0.292,			0.058
263,	1,	7.0,	113.37,			2.681,			0.267,			0.052
264,	1,	120.0,	113.844,			1.472,			0.154,			0.05
265,	1,	16.0,	114.07,			2.861,			0.252,			0.06
266,	2,	67.0,	114.19,			13.148,			1.474,			0.122
267,	2,	172.0,	114.305,			13.349,			1.266,			0.138
268,	1,	146.0,	114.696,			2.436,			0.257,			0.051
269,	2,	283.0,	114.817,			11.876,			1.362,			0.188
270,	1,	7.0,	114.847,			2.686,			0.134,			0.052
271,	1,	16.0,	114.986,			2.2,			0.116,			0.055
272,	1,	6.0,	115.003,			2.943,			0.149,			0.056
273,	1,	30.0,	115.282,			2.006,			0.194,			0.057
274,	2,	226.0,	115.3,			14.564,			1.261,			0.144
275,	2,	103.0,	115.303,			12.242,			1.175,			0.183
276,	1,	169.0,	115.444,			2.296,			0.29,			0.05
277,	1,	7.0,	115.77,			2.127,			0.21,			0.058
278,	1,	120.0,	115.89,			1.316,			0.228,			0.059
279,	1,	90.0,	115.892,			2.991,			0.241,			0.055
280,	1,	6.0,	116.084,			1.722,			0.182,			0.058
281,	1,	44.0,	116.348,			1.092,			0.215,			0.052
282,	1,	214.0,	116.64,			1.432,			0.182,			0.057
283,	1,	379.0,	116.787,			1.134,			0.275,			0.053
284,	1,	7.0,	117.124,			1.23,			0.173,			0.058
285,	1,	7.0,	117.319,			1.566,			0.104,			0.057
286,	1,	169.0,	117.505,			2.232,			0.139,			0.052
287,	1,	169.0,	117.826,			1.024,			0.244,			0.053
288,	2,	166.0,	118.32,			12.664,			1.169,			0.112
289,	1,	120.0,	118.759,			1.64,			0.172,			0.058
290,	2,	178.0,	118.844,			12.375,			1.425,			0.144
291,	1,	30.0,	118.886,			2.26,			0.247,			0.055
292,	1,	103.0,	119.142,			2.651,			0.215,			0.058
293,	1,	49.0,	119.23,			2.006,			0.151,			0.054
294,	1,	498.0,	119.298,			1.998,			0.286,			0.052
295,	2,	227.0,	119.417,			11.719,			1.136,			0.138
296,	2,	105.0,	119.54,			14.399,			1.268,			0.113
297,	1,	7.0,	119.548,			1.395,			0.208,			0.057
298,	1,	379.0,	119.605,			1.523,			0.157,			0.056
299,	1,	13.0,	120.155,			1.187,			0.139,			0.05
300,	1,	28.0,	120.214,			1.393,			0.279,			0.058
301,	1,	95.0,	120.258,			2.01,			0.163,			0.052
302,	1,	387.0,	120.291,			2.26,			0.103,			0.052
303,	2,	100.0,	120.428,			14.147,			1.254,			0.145
304,	1,	214.0,	120.659,			1.609,			0.208,			0.052
305,	1,	10.0,	120.962,			2.542,			0.214,			0.06
306,	1,	7.0,	121.064,			2.448,			0.167,			0.051
307,	1,	10.0,	121.181,			2.524,			0.135,			0.053
308,	1,	7.0,	121.247,			1.651,			0.234,			0.053
309,	1,	7.0,	121.279,			1.921,			0.114,			0.06
310,	1,	126.0,	121.394,			1.694,			0.129,			0.06
311,	2,	109.0,	121.419,			12.987,			1.03,			0.156
312,	1,	498.0,	121.514,			2.489,			0.255,			0.054
313,	1,	49.0,	121.723,			1.709,			0.185,			0.053
314,	1,	95.0,	121.871,			2.384,			0.275,			0.05
315,	2,	210.0,	121.923,			13.676,			1.393,			0.145
316,	1,	447.0,	121.948,			2.936,			0.221,			0.053
317,	2,	101.0,	122.257,			13.871,			1.279,			0.109
318,	1,	146.0,	122.398,			1.942,			0.214,			0.051
319,	1,	169.0,	122.524,			2.02,			0.235,			0.052
320,	1,	387.0,	122.606,			1.816,			0.141,			0.051
321,	1,	126.0,	122.657,			1.14,			0.211,			0.06
322,	1,	49.0,	123.054,			1.933,			0.17,			0.054
323,	1,	7.0,	123.101,			1.121,			0.199,			0.051
324,	1,	387.0,	123.294,			2.351,			0.265,			0.055
325,	1,	146.0,	123.617,			1.833,			0.172,			0.052
326,	1,	95.0,	123.984,			1.403,			0.246,			0.059
327,	1,	447.0,	124.139,			1.011,			0.117,			0.052
328,	1,	7.0,	124.21,			1.357,			0.189,			0.058
329,	1,	498.0,	125.02,			2.288,			0.265,			0.055
330,	1,	169.0,	125.186,			1.413,			0.279,			0.055
331,	1,	512.0,	125.333,			1.883,			0.135,			0.054
332,	1,	30.0,	125.445,			1.969,			0.108,			0.06
333,	1,	447.0,	125.473,			1.581,			0.104,			0.053
334,	1,	512.0,	125.636,			1.981,			0.11,			0.059
335,	1,	7.0,	125.834,			1.761,			0.187,			0.057
336,	1,	214.0,	125.958,			2.703,			0.107,			0.055
337,	1,	44.0,	125.992,			2.296,			0.298,			0.055
338,	1,	447.0,	126.052,			1.096,			0.147,			0.058
339,	1,	13.0,	126.15,			1.443,			0.192,			0.059
340,	1,	44.0,	126.196,			1.313,			0.234,			0.053
341,	1,	28.0,	126.207,			2.235,			0.141,			0.052
342,	1,	146.0,	126.407,			2.398,			0.187,			0.052
343,	2,	207.0,	126.604,			11.885,			1.297,			0.193
344,	1,	6.0,	126.613,			1.144,			0.216,			0.055
345,	1,	447.0,	126.641,			2.691,			0.232,			0.054
346,	1,	7.0,	126.707,			1.653,			0.236,			0.056
347,	2,	186.0,	127.826,			12.299,			1.401,			0.185
348,	1,	126.0,	127.917,			1.071,			0.172,			0.057
349,	1,	13.0,	127.968,			1.009,			0.119,			0.058
350,	1,	120.0,	128.003,			1.509,			0.203,			0.06
351,	1,	90.0,	128.057,			2.19,			0.108,			0.059
352,	1,	214.0,	128.486,			2.143,			0.287,			0.056
353,	1,	7.0,	128.728,			2.318,			0.177,			0.059
354,	2,	134.0,	129.014,			12.089,			1.154,			0.151
355,	1,	6.0,	129.017,			2.03,			0.241,			0.05
356,	1,	157.0,	129.067,			1.215,			0.242,			0.059
357,	2,	299.0,	129.178,			14.436,			1.338,			0.114
358,	1,	49.0,	129.365,			2.323,			0.174,			0.052
359,	1,	103.0,	129.419,			1.532,			0.164,			0.05
360,	1,	13.0,	129.57,			1.115,			0.254,			0.058
361,	1,	30.0,	129.718,			2.861,			0.129,			0.059
362,	1,	157.0,	129.985,			1.356,			0.251,			0.053
363,	1,	6.0,	130.068,			1.263,			0.255,			0.054
364,	1,	387.0,	130.174,			1.05,			0.166,			0.053
365,	1,	498.0,	130.347,			1.031,			0.129,			0.052
366,	1,	103.0,	130.54,			1.422,			0.219,			0.054
367,	1,	379.0,	130.709,			2.051,			0.172,			0.051
368,	2,	113.0,	130.728,			14.127,			1.144,			0.157
369,	1,	387.0,	130.745,			2.1,			0.199,			0.053
370,	1,	7.0,	130.822,			1.174,			0.195,			0.058
371,	1,	13.0,	130.915,			1.455,			0.249,			0.06
372,	1,	498.0,	131.078,			2.636,			0.271,			0.059
373,	1,	10.0,	131.196,			1.262,			0.203,			0.053
374,	2,	136.0,	131.262,			11.581,			1.098,			0.176
375,	1,	126.0,	131.285,			2.99,			0.203,			0.055
376,	1,	126.0,	131.301,			2.947,			0.219,			0.055
377,	1,	214.0,	131.353,			2.974,			0.226,			0.058
378,	1,	387.0,	131.451,			2.796,			0.281,			0.051
379,	1,	44.0,	131.845,			1.613,			0.282,			0.059
380,	1,	13.0,	131.848,			1.08,			0.156,			0.054
381,	1,	7.0,	132.174,			2.796,			0.122,			0.053
382,	1,	157.0,	132.515,			1.597,			0.124,			0.059
383,	2,	240.0,	132.774,			11.677,			1.314,			0.131
384,	1,	512.0,	132.853,			2.014,			0.185,			0.052
385,	1,	13.0,	132.86,			1.331,			0.199,			0.058
386,	1,	30.0,	132.887,			1.639,			0.271,			0.053
387,	2,	141.0,	133.202,			11.92,			1.369,			0.156
388,	1,	7.0,	133.223,			1.523,			0.174,			0.054
389,	1,	90.0,	133.313,			2.454,			0.19,			0.06
390,	1,	10.0,	133.609,			1.928,			0.287,			0.052
391,	2,	110.0,	133.75,			12.463,			1.236,			0.182
392,	1,	7.0,	133.851,			1.557,			0.222,			0.052
393,	1,	95.0,	133.886,			1.998,			0.222,			0.058
394,	1,	59.0,	133.918,			1.84,			0.169,			0.052
395,	1,	103.0,	134.485,			1.749,			0.161,			0.051
396,	1,	6.0,	134.617,			1.736,			0.233,			0.057
397,	1,	44.0,	134.658,			1.942,			0.231,			0.054
398,	1,	90.0,	134.763,			1.985,			0.156,			0.052
399,	1,	498.0,	134.929,			2.78,			0.165,			0.057
400,	1,	95.0,	134.961,			2.286,			0.167,			0.052
401,	1,	13.0,	135.736,			1.431,			0.152,			0.051
402,	1,	95.0,	135.775,			1.595,			0.246,			0.051
403,	1,	7.0,	135.811,			2.799,			0.151,			0.06
404,	1,	59.0,	135.848,			2.379,			0.292,			0.06
405,	1,	214.0,	135.915,			1.942,			0.241,			0.051
406,	1,	379.0,	136.025,			1.383,			0.293,			0.051
407,	1,	7.0,	136.155,			2.194,			0.292,			0.057
408,	1,	387.0,	136.377,			1.998,			0.26,			0.057
409,	1,	49.0,	136.384,			2.298,			0.132,			0.051
410,	1,	44.0,	136.424,			1.827,			0.279,			0.052
411,	1,	169.0,	136.56,			1.14,			0.258,			0.06
412,	1,	49.0,	136.881,			1.116,			0.184,			0.059
413,	1,	169.0,	136.976,			2.976,			0.295,			0.059
414,	1,	157.0,	137.144,			2.686,			0.194,			0.055
415,	1,	387.0,	137.235,			2.096,			0.21,			0.055
416,	1,	6.0,	137.279,			1.581,			0.195,			0.055
417,	2,	64.0,	137.328,			14.317,			1.36,			0.102
418,	1,	49.0,	137.408,			2.2,			0.168,			0.057
419,	1,	7.0,	137.548,			1.919,			0.138,			0.057
420,	1,	59.0,	137.623,			2.819,			0.232,			0.052
421,	1,	379.0,	137.624,			2.52,			0.289,			0.055
422,	1,	28.0,	137.649,			1.941,			0.189,			0.051
423,	1,	387.0,	137.716,			2.197,			0.24,			0.052
424,	1,	16.0,	137.895,			1.303,			0.256,			0.059
425,	1,	44.0,	138.097,			2.777,			0.292,			0.05
426,	1,	90.0,	138.211,			2.194,			0.105,			0.052
427,	1,	30.0,	138.213,			1.027,			0.158,			0.053
428,	1,	157.0,	138.667,			2.388,			0.186,			0.054
429,	1,	6.0,	138.879,			1.99,			0.145,			0.056
430,	1,	387.0,	138.944,			2.288,			0.289,			0.06
431,	1,	44.0,	138.986,			2.545,			0.209,			0.055
432,	1,	214.0,	139.218,			1.748,			0.28,			0.053
433,	1,	157.0,	139.462,			1.095,			0.244,			0.056
434,	1,	10.0,	139.508,			2.222,			0.206,			0.058
435,	1,	126.0,	140.041,			2.489,			0.294,			0.051
436,	1,	44.0,	140.197,			2.449,			0.217,			0.055
437,	1,	59.0,	140.284,			1.13,			0.141,			0.059
438,	1,	44.0,	140.609,			1.485,			0.114,			0.059
439,	1,	90.0,	140.778,			2.151,			0.255,			0.054
440,	1,	387.0,	140.792,			2.465,			0.137,			0.055
441,	1,	7.0,	140.955,			1.701,			0.11,			0.059
442,	1,	214.0,	141.123,			2.881,			0.243,			0.054
443,	1,	120.0,	141.243,			1.774,			0.207,			0.051
444,	1,	6.0,	141.326,			1.952,			0.257,			0.052
445,	1,	95.0,	141.704,			1.247,			0.288,			0.058
446,	1,	44.0,	141.762,			2.296,			0.136,			0.05
447,	2,	230.0,	141.859,			14.958,			1.144,			0.128
448,	2,	90.0,	142.22,			11.617,			1.349,			0.194
449,	1,	126.0,	142.286,			2.9,			0.198,			0.053
450,	1,	7.0,	142.286,			2.346,			0.159,			0.055
451,	2,	62.0,	142.358,			13.131,			1.218,			0.138
452,	1,	512.0,	142.612,			1.571,			0.25,			0.056
453,	1,	90.0,	142.725,			2.051,			0.168,			0.055
454,	1,	7.0,	142.911,			2.249,			0.147,			0.06
455,	1,	7.0,	142.975,			2.991,			0.254,			0.052
456,	1,	379.0,	143.102,			1.516,			0.184,			0.055
457,	1,	498.0,	143.113,			2.807,			0.132,			0.053
458,	1,	7.0,	143.188,			1.509,			0.109,			0.053
459,	1,	7.0,	143.195,			1.857,			0.226,			0.057
460,	1,	103.0,	143.196,			2.78,			0.268,			0.055
461,	1,	44.0,	143.262,			1.861,			0.241,			0.056
462,	1,	16.0,	143.315,			2.714,			0.136,			0.056
463,	1,	214.0,	143.809,			1.028,			0.167,			0.05
464,	1,	7.0,	143.916,			1.701,			0.161,			0.059
465,	1,	6.0,	144.286,			2.659,			0.285,			0.054
466,	1,	6.0,	144.299,			1.472,			0.299,			0.056
467,	1,	126.0,	144.338,			2.843,			0.249,			0.051
468,	2,	258.0,	144.395,			13.225,			1.401,			0.118
469,	1,	6.0,	144.638,			1.23,			0.251,			0.054
470,	1,	559.0,	144.802,			1.464,			0.177,			0.057
471,	1,	6.0,	144.879,			2.777,			0.265,			0.055
472,	1,	559.0,	144.917,			1.592,			0.236,			0.051
473,	1,	387.0,	145.256,			1.483,			0.252,			0.055
474,	1,	146.0,	145.825,			1.631,			0.117,			0.059
475,	1,	13.0,	145.89,			2.857,			0.236,			0.055
476,	1,	90.0,	145.937,			2.187,			0.237,			0.053
477,	1,	44.0,	146.21,			1.869,			0.139,			0.056
478,	1,	59.0,	146.435,			1.868,			0.256,			0.051
479,	1,	214.0,	146.518,			1.827,			0.294,			0.05
480,	1,	59.0,	146.604,			2.268,			0.198,			0.052
481,	2,	367.0,	146.975,			11.816,			1.371,			0.15
482,	2,	176.0,	146.998,			12.299,			1.059,			0.188
483,	1,	90.0,	147.181,			2.799,			0.259,			0.052
484,	1,	7.0,	147.211,			1.047,			0.252,			0.058
485,	1,	6.0,	147.23,			1.756,			0.214,			0.056
486,	1,	30.0,	147.28,			1.669,			0.208,			0.052
487,	1,	10.0,	147.392,			1.537,			0.146,			0.059
488,	1,	7.0,	147.411,			2.148,			0.124,			0.053
489,	1,	447.0,	147.627,			2.659,			0.161,			0.053
490,	1,	214.0,	148.012,			1.095,			0.232,			0.056
491,	1,	559.0,	148.259,			2.123,			0.289,			0.053
492,	1,	44.0,	148.282,			1.669,			0.289,			0.051
493,	1,	44.0,	148.399,			1.316,			0.271,			0.059
494,	1,	16.0,	148.423,			2.522,			0.231,			0.051
495,	1,	498.0,	148.574,			1.864,			0.284,			0.054
496,	1,	44.0,	148.592,			1.337,			0.138,			0.058
497,	1,	6.0,	148.862,			1.157,			0.186,			0.053
498,	1,	447.0,	148.991,			1.625,			0.256,			0.05
499,	1,	90.0,	149.016,			1.256,			0.222,			0.051
500,	1,	7.0,	149.312,			1.364,			0.174,			0.052
501,	1,	7.0,	149.314,			1.107,			0.249,			0.057
502,	1,	512.0,	149.621,			2.454,			0.236,			0.051
503,	1,	512.0,	149.955,			1.581,			0.256,			0.054
504,	1,	30.0,	150.119,			2.569,			0.247,			0.05
505,	2,	104.0,	150.125,			13.439,			1.492,			0.163
506,	1,	559.0,	150.137,			2.379,			0.246,			0.052
507,	1,	44.0,	150.296,			2.968,			0.255,			0.059
508,	1,	379.0,	150.379,			2.984,			0.208,			0.056
509,	1,	120.0,	150.532,			1.435,			0.242,			0.054
510,	1,	7.0,	150.613,			2.149,			0.219,			0.051
511,	1,	512.0,	150.813,			1.742,			0.107,			0.059
512,	2,	134.0,	150.833,			11.229,			1.141,			0.151
513,	1,	44.0,	150.855,			1.774,			0.186,			0.053
514,	1,	30.0,	150.918,			2.879,			0.107,			0.053
515,	1,	6.0,	151.216,			1.776,			0.139,			0.053
516,	1,	44.0,	151.297,			2.99,			0.19,			0.054
517,	1,	10.0,	151.305,			2.763,			0.299,			0.059
518,	1,	387.0,	151.402,			2.345,			0.279,			0.055
519,	1,	103.0,	151.446,			1.67,			0.281,			0.058
520,	1,	6.0,	151.507,			1.204,			0.223,			0.054
521,	1,	214.0,	151.596,			2.369,			0.231,			0.058
522,	1,	44.0,	152.035,			1.478,			0.298,			0.058
523,	1,	44.0,	152.069,			1.702,			0.238,			0.055
524,	1,	6.0,	152.076,			1.833,			0.284,			0.054
525,	2,	134.0,	152.12,			11.001,			1.495,			0.17
526,	1,	387.0,	152.221,			2.935,			0.151,			0.056
527,	1,	387.0,	152.292,			2.43,			0.162,			0.056
528,	1,	169.0,	152.377,			1.424,			0.228,			0.055
529,	1,	157.0,	152.434,			1.716,			0.267,			0.056
530,	1,	379.0,	152.512,			2.424,			0.275,			0.05
531,	2,	97.0,	152.572,			12.184,			1.065,			0.188
532,	1,	103.0,	152.682,			2.579,			0.242,			0.055
533,	1,	379.0,	152.894,			2.241,			0.277,			0.06
534,	1,	59.0,	152.919,			2.226,			0.179,			0.053
535,	2,	175.0,	152.983,			14.43,			1.071,			0.117
536,	1,	7.0,	153.046,			2.914,			0.22,			0.054
537,	1,	44.0,	153.201,			2.321,			0.205,			0.059
538,	1,	7.0,	153.229,			1.134,			0.211,			0.053
539,	1,	90.0,	153.293,			1.933,			0.286,			0.057
540,	2,	121.0,	153.455,			13.249,			1.233,			0.162
541,	1,	44.0,	153.853,			1.913,			0.217,			0.054
542,	1,	103.0,	153.918,			1.731,			0.281,			0.054
543,	1,	387.0,	154.057,			1.075,			0.215,			0.06
544,	1,	103.0,	154.066,			2.11,			0.239,			0.05
545,	1,	16.0,	154.091,			1.633,			0.162,			0.051
546,	1,	157.0,	154.11,			1.822,			0.244,			0.051
547,	2,	183.0,	154.194,			13.007,			1.386,			0.101
548,	2,	103.0,	154.392,			12.064,			1.238,			0.166
549,	1,	126.0,	154.621,			2.154,			0.17,			0.055
550,	1,	6.0,	154.661,			1.61,			0.259,			0.053
551,	1,	169.0,	154.705,			1.952,			0.116,			0.057
552,	1,	7.0,	154.797,			1.174,			0.283,			0.053
553,	1,	103.0,	154.881,			1.996,			0.252,			0.059
554,	1,	49.0,	155.069,			2.351,			0.103,			0.051
555,	1,	49.0,	155.179,			2.932,			0.139,			0.055
556,	1,	103.0,	155.536,			1.007,			0.267,			0.053
557,	1,	157.0,	155.599,			2.288,			0.235,			0.058
558,	2,	249.0,	156.048,			14.481,			1.322,			0.113
559,	1,	7.0,	156.093,			1.495,			0.174,			0.058
560,	1,	90.0,	156.668,			1.626,			0.165,			0.056
561,	2,	153.0,	156.75,			13.613,			1.049,			0.127
562,	1,	13.0,	156.856,			1.433,			0.258,			0.053
563,	1,	447.0,	156.961,			2.369,			0.292,			0.051
564,	1,	44.0,	157.052,			2.798,			0.161,			0.058
565,	2,	117.0,	157.146,			12.275,			1.202,			0.19
566,	1,	169.0,	157.19,			1.766,			0.284,			0.053
567,	1,	379.0,	157.248,			2.454,			0.103,			0.052
568,	1,	6.0,	157.299,			2.414,			0.116,			0.058
569,	1,	103.0,	157.531,			1.9,			0.298,			0.059
570,	1,	157.0,	157.574,			2.386,			0.113,			0.057
571,	1,	387.0,	157.593,			2.155,			0.2,			0.058
572,	1,	6.0,	157.594,			2.018,			0.152,			0.059
573,	1,	59.0,	157.641,			2.895,			0.232,			0.055
574,	1,	498.0,	157.993,			2.545,			0.202,			0.051
575,	1,	387.0,	158.429,			2.685,			0.138,			0.051
576,	1,	49.0,	158.612,			2.596,			0.26,			0.059
577,	1,	49.0,	158.647,			2.449,			0.216,			0.052
578,	1,	49.0,	158.925,			1.044,			0.184,			0.06
579,	1,	7.0,	159.156,			1.532,			0.267,			0.057
580,	1,	59.0,	159.174,			1.742,			0.139,			0.05
581,	1,	7.0,	159.487,			2.947,			0.222,			0.054
582,	2,	220.0,	159.569,			11.402,			1.206,			0.133
583,	1,	6.0,	159.739,			2.169,			0.287,			0.057
584,	1,	126.0,	159.776,			2.757,			0.14,			0.055
585,	1,	49.0,	159.875,			1.551,			0.228,			0.054
586,	1,	157.0,	159.921,			2.454,			0.109,			0.059
587,	1,	59.0,	160.058,			2.947,			0.299,			0.059
588,	1,	126.0,	160.114,			1.749,			0.156,			0.06
589,	1,	126.0,	160.162,			2.675,			0.207,			0.053
590,	1,	44.0,	160.235,			1.076,			0.124,			0.055
591,	1,	214.0,	160.285,			1.966,			0.18,			0.06
592,	2,	110.0,	160.369,			11.387,			1.369,			0.123
593,	1,	16.0,	160.393,			2.103,			0.171,			0.056
594,	2,	138.0,	160.507,			11.719,			1.104,			0.125
595,	1,	30.0,	160.656,			2.76,			0.142,			0.056
596,	1,	387.0,	160.721,			2.131,			0.169,			0.056
597,	2,	118.0,	160.856,			12.635,			1.5,			0.198
598,	1,	49.0,	160.952,			2.19,			0.214,			0.055
599,	1,	6.0,	161.625,			1.596,			0.251,			0.056
600,	1,	10.0,	161.626,			1.302,			0.279,			0.054
601,	1,	7.0,	161.826,			1.078,			0.229,			0.053
602,	1,	49.0,	161.908,			1.394,			0.219,			0.053
603,	1,	13.0,	162.056,			1.331,			0.235,			0.053
604,	2,	133.0,	162.069,			11.383,			1.285,			0.162
605,	1,	28.0,	162.126,			2.503,			0.129,			0.057
606,	1,	6.0,	162.248,			2.004,			0.29,			0.055
607,	1,	44.0,	162.424,			2.143,			0.13,			0.05
608,	1,	7.0,	162.49,			2.702,			0.231,			0.051
609,	1,	379.0,	162.804,			2.031,			0.148,			0.055
610,	1,	157.0,	163.074,			2.398,			0.26,			0.052
611,	1,	6.0,	163.306,			2.449,			0.144,			0.06
612,	1,	44.0,	163.753,			1.007,			0.165,			0.051
613,	1,	44.0,	163.799,			1.571,			0.205,			0.055
614,	2,	204.0,	164.115,			12.368,			1.046,			0.162
615,	1,	49.0,	164.31,			1.478,			0.108,			0.059
616,	1,	387.0,	164.467,			1.911,			0.175,			0.054
617,	1,	498.0,	164.837,			1.009,			0.225,			0.052
618,	1,	146.0,	164.912,			2.497,			0.289,			0.058
619,	1,	95.0,	165.151,			2.163,			0.214,			0.056
620,	2,	128.0,	165.155,			13.792,			1.477,			0.134
621,	1,	169.0,	165.161,			1.908,			0.214,			0.051
622,	2,	209.0,	165.197,			12.909,			1.382,			0.139
623,	1,	157.0,	165.309,			1.225,			0.279,			0.051
624,	1,	559.0,	165.314,			1.104,			0.266,			0.059
625,	1,	44.0,	165.368,			2.293,			0.254,			0.051
626,	2,	133.0,	165.4,			14.524,			1.457,			0.147
627,	1,	90.0,	165.404,			1.84,			0.196,			0.057
628,	1,	44.0,	165.535,			1.128,			0.215,			0.054
629,	1,	447.0,	165.774,			1.458,			0.252,			0.052
630,	1,	7.0,	165.809,			2.99,			0.247,			0.053
631,	1,	59.0,	165.841,			2.628,			0.192,			0.052
632,	2,	241.0,	165.902,			13.021,			1.313,			0.125
633,	1,	44.0,	166.019,			2.034,			0.122,			0.052
634,	1,	7.0,	166.144,			2.879,			0.236,			0.056
635,	1,	90.0,	166.395,			2.559,			0.129,			0.051
636,	1,	126.0,	166.458,			2.057,			0.196,			0.056
637,	1,	214.0,	166.583,			1.928,			0.134,			0.059
638,	1,	7.0,	166.761,			1.784,			0.136,			0.055
639,	1,	28.0,	166.851,			1.416,			0.145,			0.055
640,	1,	30.0,	167.164,			2.232,			0.297,			0.057
641,	2,	172.0,	167.275,			13.801,			1.008,			0.119
642,	1,	59.0,	167.407,			1.63,			0.131,			0.051
643,	1,	7.0,	167.676,			2.553,			0.149,			0.052
644,	1,	13.0,	167.71,			1.914,			0.149,			0.059
645,	1,	512.0,	168.304,			1.467,			0.222,			0.053
646,	1,	6.0,	168.421,			2.006,			0.103,			0.055
647,	1,	559.0,	168.439,			2.225,			0.221,			0.053
648,	1,	157.0,	168.55,			2.916,			0.104,			0.06
649,	2,	143.0,	168.597,			10.432,			1.107,			0.15
650,	1,	214.0,	168.69,			1.749,			0.133,			0.05
651,	1,	44.0,	168.919,			1.991,			0.263,			0.056
652,	1,	512.0,	168.924,			2.225,			0.111,			0.054
653,	1,	90.0,	168.969,			2.265,			0.193,			0.058
654,	1,	7.0,	169.005,			1.08,			0.267,			0.053
655,	1,	120.0,	169.157,			1.282,			0.134,			0.056
656,	1,	379.0,	169.696,			1.731,			0.234,			0.06
657,	1,	44.0,	169.854,			2.016,			0.152,			0.052
658,	1,	512.0,	170.116,			2.366,			0.281,			0.058
659,	1,	214.0,	170.316,			1.386,			0.257,			0.051
660,	1,	16.0,	170.341,			1.394,			0.273,			0.054
661,	1,	7.0,	170.425,			1.104,			0.237,			0.06
662,	1,	95.0,	170.453,			2.26,			0.114,			0.051
663,	1,	10.0,	170.608,			1.435,			0.236,			0.052
664,	1,	28.0,	170.66,			2.599,			0.174,			0.052
665,	1,	7.0,	170.842,			1.421,			0.225,			0.055
666,	1,	16.0,	171.199,			2.244,			0.207,			0.052
667,	1,	559.0,	171.215,			1.426,			0.11,			0.056
668,	1,	49.0,	171.255,			1.681,			0.161,			0.052
669,	1,	7.0,	171.539,			2.627,			0.128,			0.054
670,	1,	59.0,	171.568,			2.598,			0.101,			0.059
671,	1,	7.0,	172.425,			1.019,			0.186,			0.053
672,	1,	7.0,	172.524,			1.028,			0.267,			0.051
673,	1,	7.0,	172.605,			2.559,			0.279,			0.058
674,	1,	146.0,	172.671,			2.947,			0.136,			0.057
675,	1,	13.0,	172.705,			2.198,			0.203,			0.054
676,	1,	146.0,	172.723,			1.395,			0.259,			0.057
677,	1,	44.0,	172.74,			2.249,			0.262,			0.055
678,	1,	214.0,	173.232,			1.914,			0.111,			0.053
679,	1,	7.0,	173.428,			1.431,			0.151,			0.052
680,	1,	28.0,	173.502,			1.79,			0.195,			0.058
681,	1,	512.0,	173.648,			2.09,			0.194,			0.058
682,	2,	139.0,	173.882,			13.404,			1.409,			0.188
683,	2,	122.0,	173.962,			14.914,			1.323,			0.133
684,	1,	387.0,	174.052,			2.198,			0.214,			0.06
685,	2,	178.0,	174.188,			14.282,			1.269,			0.185
686,	1,	214.0,	174.409,			2.381,			0.267,			0.054
687,	1,	28.0,	174.81,			1.835,			0.208,			0.055
688,	2,	110.0,	175.214,			11.539,			1.172,			0.137
689,	1,	44.0,	175.409,			2.569,			0.147,			0.058
690,	1,	16.0,	175.542,			2.645,			0.242,			0.059
691,	1,	95.0,	175.631,			1.305,			0.199,			0.052
692,	1,	120.0,	175.924,			2.991,			0.215,			0.053
693,	1,	146.0,	176.122,			2.438,			0.244,			0.05
694,	1,	7.0,	176.681,			2.524,			0.272,			0.054
695,	1,	447.0,	176.683,			1.613,			0.29,			0.057
696,	1,	103.0,	176.757,			1.406,			0.108,			0.055
697,	1,	120.0,	176.779,			2.879,			0.17,			0.053
698,	1,	157.0,	176.836,			2.03,			0.187,			0.053
699,	1,	379.0,	176.881,			2.631,			0.202,			0.054
700,	1,	7.0,	176.977,			1.748,			0.152,			0.059
701,	1,	498.0,	176.991,			2.282,			0.249,			0.054
702,	1,	157.0,	177.116,			1.4,			0.278,			0.053
703,	1,	95.0,	177.2,			2.155,			0.292,			0.059
704,	1,	16.0,	177.678,			1.928,			0.2,			0.059
705,	1,	59.0,	177.848,			1.637,			0.239,			0.055
706,	1,	512.0,	177.931,			1.805,			0.26,			0.054
707,	1,	146.0,	177.958,			2.407,			0.226,			0.06
708,	1,	559.0,	178.012,			1.119,			0.192,			0.05
709,	1,	44.0,	178.081,			1.086,			0.11,			0.057
710,	1,	379.0,	178.087,			1.662,			0.141,			0.057
711,	1,	169.0,	178.31,			1.406,			0.158,			0.052
712,	1,	146.0,	178.337,			1.334,			0.121,			0.056
713,	2,	322.0,	178.379,			14.317,			1.033,			0.11
714,	1,	6.0,	178.409,			1.009,			0.187,			0.05
715,	1,	28.0,	178.541,			1.362,			0.111,			0.052
716,	1,	169.0,	179.053,			1.107,			0.216,			0.059
717,	1,	44.0,	179.087,			2.369,			0.238,			0.052
718,	1,	28.0,	179.102,			2.415,			0.2,			0.057
719,	1,	7.0,	179.541,			2.282,			0.124,			0.056
720,	1,	49.0,	179.658,			1.601,			0.291,			0.056
721,	1,	103.0,	180.038,			2.163,			0.16,			0.051
722,	1,	44.0,	180.205,			2.569,			0.23,			0.054
723,	1,	7.0,	180.244,			2.772,			0.191,			0.056
724,	1,	30.0,	180.259,			1.561,			0.186,			0.05
725,	1,	16.0,	180.397,			1.814,			0.106,			0.057
726,	1,	6.0,	180.487,			1.188,			0.245,			0.053
727,	1,	126.0,	180.717,			1.443,			0.141,			0.059
728,	1,	7.0,	180.898,			2.265,			0.288,			0.055
729,	1,	16.0,	181.033,			2.695,			0.136,			0.056
730,	1,	7.0,	181.168,			2.31,			0.277,			0.058
731,	2,	159.0,	181.352,			14.859,			1.146,			0.154
732,	1,	28.0,	181.389,			2.885,			0.286,			0.051
733,	2,	165.0,	181.733,			10.16,			1.25,			0.153
734,	1,	7.0,	181.987,			2.559,			0.15,			0.055
735,	1,	146.0,	182.002,			2.144,			0.163,			0.056
736,	1,	447.0,	182.035,			1.245,			0.212,			0.052
737,	2,	36.0,	182.473,			11.536,			1.276,			0.107
738,	1,	447.0,	182.798,			2.388,			0.249,			0.056
739,	1,	59.0,	183.048,			1.482,			0.22,			0.052
740,	1,	6.0,	183.365,			2.709,			0.189,			0.05
741,	1,	44.0,	183.425,			1.672,			0.108,			0.055
742,	2,	192.0,	183.509,			11.968,			1.159,			0.137
743,	1,	49.0,	183.605,			1.639,			0.176,			0.055
744,	2,	129.0,	183.658,			14.083,			1.47,			0.164
745,	1,	59.0,	184.118,			2.757,			0.142,			0.053
746,	1,	7.0,	184.485,			1.215,			0.282,			0.06
747,	2,	220.0,	184.524,			11.99,			1.024,			0.145
748,	1,	120.0,	184.588,			2.842,			0.172,			0.054
749,	2,	162.0,	184.683,			14.859,			1.46,			0.16
750,	2,	208.0,	184.848,			14.011,			1.31,			0.137
751,	1,	7.0,	185.028,			2.2,			0.29,			0.05
752,	1,	379.0,	185.421,			1.915,			0.172,			0.06
753,	1,	10.0,	185.697,			2.776,			0.254,			0.055
754,	1,	387.0,	185.893,			1.742,			0.29,			0.052
755,	1,	90.0,	186.291,			1.164,			0.289,			0.056
756,	1,	44.0,	186.36,			2.03,			0.216,			0.058
757,	1,	103.0,	186.406,			2.795,			0.13,			0.052
758,	1,	13.0,	186.53,			1.672,			0.278,			0.059
759,	1,	95.0,	186.612,			1.464,			0.256,			0.051
760,	1,	103.0,	186.999,			2.705,			0.248,			0.056
761,	1,	103.0,	187.037,			1.478,			0.214,			0.058
762,	1,	157.0,	187.085,			2.787,			0.163,			0.053
763,	1,	169.0,	187.65,			1.566,			0.296,			0.056
764,	1,	10.0,	187.713,			1.009,			0.277,			0.054
765,	1,	44.0,	187.922,			1.561,			0.219,			0.056
766,	1,	10.0,	188.238,			2.276,			0.108,			0.054
767,	1,	10.0,	188.594,			2.601,			0.234,			0.058
768,	1,	6.0,	188.823,			1.434,			0.2,			0.056
769,	2,	205.0,	188.995,			11.834,			1.337,			0.172
770,	1,	90.0,	189.137,			1.523,			0.284,			0.057
771,	1,	44.0,	189.193,			1.883,			0.193,			0.053
772,	1,	59.0,	189.287,			1.631,			0.265,			0.059
773,	1,	28.0,	189.456,			1.302,			0.264,			0.057
774,	1,	214.0,	189.605,			1.111,			0.192,			0.053
775,	1,	157.0,	189.656,			2.545,			0.203,			0.055
776,	1,	7.0,	189.768,			2.18,			0.251,			0.056
777,	1,	10.0,	189.776,			2.408,			0.109,			0.053
778,	1,	59.0,	189.848,			1.947,			0.16,			0.053
779,	1,	59.0,	190.135,			2.76,			0.217,			0.059
780,	1,	103.0,	190.146,			2.175,			0.175,			0.056
781,	1,	214.0,	190.23,			2.038,			0.261,			0.052
782,	1,	7.0,	190.539,			2.36,			0.29,			0.057
783,	2,	174.0,	190.56,			14.282,			1.087,			0.18
784,	1,	447.0,	190.566,			2.316,			0.23,			0.052
785,	1,	7.0,	190.839,			2.302,			0.212,			0.054
786,	2,	171.0,	190.928,			12.15,			1.374,			0.195
787,	1,	559.0,	190.98,			1.111,			0.299,			0.06
788,	1,	126.0,	191.25,			1.981,			0.205,			0.055
789,	1,	157.0,	191.602,			2.2,			0.109,			0.059
790,	1,	28.0,	191.685,			1.164,			0.107,			0.058
791,	1,	157.0,	191.774,			2.866,			0.186,			0.059
792,	1,	7.0,	191.853,			1.028,			0.144,			0.05
793,	1,	559.0,	191.941,			1.145,			0.29,			0.06
794,	1,	59.0,	191.941,			2.598,			0.152,			0.054
795,	2,	210.0,	192.376,			13.613,			1.443,			0.135
796,	1,	157.0,	192.49,			2.438,			0.221,			0.059
797,	2,	179.0,	192.52,			13.232,			1.093,			0.174
798,	1,	498.0,	192.628,			2.779,			0.131,			0.054
799,	1,	44.0,	192.64,			2.0,			0.166,			0.05
800,	1,	44.0,	192.724,			1.027,			0.214,			0.06
801,	1,	7.0,	192.736,			2.991,			0.286,			0.054
802,	1,	559.0,	192.93,			1.078,			0.251,			0.053
803,	1,	28.0,	193.032,			1.287,			0.185,			0.057
804,	2,	138.0,	193.184,			10.721,			1.433,			0.146
805,	1,	95.0,	193.541,			2.328,			0.232,			0.056
806,	1,	7.0,	193.686,			2.681,			0.135,			0.057
807,	1,	126.0,	193.8,			1.63,			0.176,			0.055
808,	1,	120.0,	193.996,			2.832,			0.291,			0.053
809,	2,	129.0,	194.159,			11.869,			1.433,			0.115
810,	1,	379.0,	194.392,			2.497,			0.185,			0.056
811,	1,	7.0,	194.417,			2.114,			0.288,			0.052
812,	1,	49.0,	194.484,			2.846,			0.298,			0.051
813,	1,	120.0,	194.535,			2.11,			0.27,			0.053
814,	1,	6.0,	194.691,			1.63,			0.133,			0.051
815,	1,	90.0,	194.889,			2.377,			0.228,			0.052
816,	1,	44.0,	195.561,			2.866,			0.17,			0.052
817,	1,	44.0,	196.291,			2.78,			0.26,			0.053
818,	1,	13.0,	196.338,			2.92,			0.139,			0.057
819,	1,	120.0,	196.459,			2.034,			0.178,			0.057
820,	1,	447.0,	196.753,			1.356,			0.184,			0.053
821,	1,	13.0,	197.392,			2.976,			0.144,			0.054
822,	1,	10.0,	197.786,			1.028,			0.142,			0.06
823,	2,	251.0,	197.823,			12.88,			1.374,			0.125
824,	1,	120.0,	197.902,			1.838,			0.186,			0.051
825,	1,	90.0,	197.933,			1.561,			0.162,			0.054
826,	1,	16.0,	198.432,			2.702,			0.147,			0.051
827,	1,	157.0,	198.54,			2.756,			0.214,			0.051
828,	1,	157.0,	198.72,			1.56,			0.235,			0.058
829,	1,	13.0,	198.874,			2.379,			0.123,			0.05
830,	1,	6.0,	198.957,			1.985,			0.215,			0.057
831,	2,	96.0,	199.445,			12.014,			1.012,			0.155
832,	1,	95.0,	199.453,			2.56,			0.252,			0.051
833,	1,	95.0,	199.521,			2.424,			0.189,			0.06
834,	1,	59.0,	199.624,			1.038,			0.129,			0.051
835,	1,	126.0,	199.824,			1.168,			0.252,			0.054
836,	2,	159.0,	200.228,			11.22,			1.239,			0.163
837,	2,	146.0,	200.679,			10.286,			1.474,			0.167
838,	2,	191.0,	201.907,			10.819,			1.03,			0.152
839,	1,	7.0,	202.876,			1.247,			0.283,			0.056
840,	1,	90.0,	202.96,			1.981,			0.14,			0.052
841,	1,	498.0,	203.0,			1.848,			0.21,			0.055
842,	2,	220.0,	203.333,			14.33,			1.483,			0.115
843,	1,	90.0,	203.399,			2.991,			0.225,			0.058
844,	2,	149.0,	203.676,			13.494,			1.44,			0.184
845,	1,	90.0,	203.86,			1.217,			0.27,			0.057
846,	1,	16.0,	203.975,			1.114,			0.193,			0.054
847,	1,	90.0,	204.418,			1.146,			0.164,			0.057
848,	1,	6.0,	204.593,			1.991,			0.272,			0.053
849,	1,	44.0,	204.795,			1.031,			0.185,			0.052
850,	1,	7.0,	205.067,			2.446,			0.257,			0.052
851,	1,	59.0,	205.791,			2.08,			0.189,			0.054
852,	1,	7.0,	205.845,			1.692,			0.162,			0.058
853,	1,	7.0,	205.922,			2.084,			0.165,			0.06
854,	1,	379.0,	206.12,			1.078,			0.228,			0.055
855,	1,	44.0,	206.501,			1.141,			0.18,			0.06
856,	1,	146.0,	206.716,			1.554,			0.236,			0.058
857,	1,	44.0,	206.887,			2.56,			0.101,			0.057
858,	1,	498.0,	207.319,			1.966,			0.219,			0.055
859,	1,	169.0,	208.122,			1.548,			0.299,			0.053
860,	2,	145.0,	208.251,			10.962,			1.388,			0.134
861,	2,	225.0,	208.572,			10.9,			1.047,			0.164
862,	1,	214.0,	208.659,			2.957,			0.215,			0.052
863,	1,	49.0,	209.076,			2.33,			0.211,			0.057
864,	1,	7.0,	209.268,			2.303,			0.245,			0.058
865,	2,	151.0,	209.425,			11.339,			1.397,			0.124
866,	1,	447.0,	209.442,			2.874,			0.275,			0.057
867,	1,	498.0,	209.892,			1.428,			0.22,			0.056
868,	1,	7.0,	209.956,			1.908,			0.229,			0.054
869,	1,	7.0,	210.184,			1.909,			0.133,			0.055
870,	2,	114.0,	210.53,			11.727,			1.217,			0.13
871,	1,	103.0,	210.837,			2.725,			0.212,			0.051
872,	1,	49.0,	211.069,			2.675,			0.187,			0.05
873,	1,	7.0,	211.109,			2.799,			0.162,			0.056
874,	1,	379.0,	211.211,			2.957,			0.244,			0.055
875,	1,	30.0,	211.588,			2.384,			0.212,			0.051
876,	1,	49.0,	211.645,			2.843,			0.133,			0.056
877,	1,	90.0,	211.67,			2.896,			0.297,			0.053
878,	1,	387.0,	212.411,			1.582,			0.117,			0.051
879,	1,	30.0,	212.498,			1.912,			0.214,			0.054
880,	1,	44.0,	212.562,			1.447,			0.108,			0.051
881,	1,	16.0,	212.874,			1.968,			0.218,			0.052
882,	1,	59.0,	212.924,			2.14,			0.244,			0.057
883,	1,	169.0,	213.212,			2.659,			0.167,			0.06
884,	1,	379.0,	213.583,			2.9,			0.15,			0.058
885,	1,	10.0,	213.942,			2.789,			0.216,			0.051
886,	1,	169.0,	214.006,			2.569,			0.179,			0.058
887,	1,	387.0,	214.15,			2.457,			0.172,			0.052
888,	1,	59.0,	214.172,			1.488,			0.292,			0.055
889,	1,	44.0,	214.646,			1.174,			0.106,			0.051
890,	1,	512.0,	214.958,			2.034,			0.293,			0.054
891,	1,	447.0,	215.555,			1.64,			0.257,			0.059
892,	1,	44.0,	215.586,			1.225,			0.258,			0.052
893,	1,	7.0,	216.146,			2.454,			0.23,			0.053
894,	1,	7.0,	216.307,			1.525,			0.14,			0.055
895,	2,	270.0,	217.252,			13.889,			1.47,			0.198
896,	2,	130.0,	217.443,			14.244,			1.288,			0.161
897,	1,	7.0,	217.787,			1.875,			0.15,			0.056
898,	1,	559.0,	218.75,			1.752,			0.171,			0.052
899,	1,	28.0,	219.613,			1.868,			0.148,			0.053
900,	1,	49.0,	219.658,			1.08,			0.152,			0.054
901,	2,	208.0,	219.661,			11.994,			1.253,			0.176
902,	1,	157.0,	219.796,			2.318,			0.135,			0.056
903,	1,	6.0,	219.858,			2.947,			0.136,			0.056
904,	1,	7.0,	220.585,			1.908,			0.146,			0.055
905,	1,	146.0,	220.639,			1.557,			0.148,			0.059
906,	1,	95.0,	220.691,			2.681,			0.268,			0.059
907,	1,	7.0,	221.084,			1.155,			0.29,			0.055
908,	1,	512.0,	222.103,			2.187,			0.156,			0.051
909,	1,	214.0,	222.41,			1.458,			0.101,			0.057
910,	2,	160.0,	222.589,			11.193,			1.299,			0.161
911,	1,	103.0,	223.894,			2.412,			0.244,			0.051
912,	2,	229.0,	224.238,			12.152,			1.039,			0.139
913,	1,	28.0,	224.575,			1.031,			0.258,			0.051
914,	1,	7.0,	224.96,			1.991,			0.127,			0.055
915,	1,	6.0,	225.287,			1.173,			0.139,			0.055
916,	1,	387.0,	225.883,			1.551,			0.226,			0.054
917,	1,	7.0,	225.893,			1.525,			0.268,			0.051
918,	1,	103.0,	225.912,			1.01,			0.175,			0.055
919,	1,	13.0,	225.945,			1.531,			0.186,			0.052
920,	1,	7.0,	226.282,			1.679,			0.273,			0.055
921,	1,	10.0,	226.284,			1.748,			0.21,			0.054
922,	1,	44.0,	226.441,			2.714,			0.2,			0.051
923,	1,	6.0,	226.817,			2.055,			0.192,			0.052
924,	1,	6.0,	227.071,			1.609,			0.109,			0.05
925,	2,	73.0,	227.473,			13.613,			1.139,			0.145
926,	1,	13.0,	228.159,			2.91,			0.17,			0.056
927,	1,	6.0,	228.367,			2.888,			0.275,			0.054
928,	1,	44.0,	228.838,			1.535,			0.205,			0.05
929,	1,	103.0,	229.228,			2.627,			0.154,			0.052
930,	1,	169.0,	229.361,			1.243,			0.186,			0.058
931,	1,	512.0,	229.739,			2.057,			0.112,			0.057
932,	1,	126.0,	230.089,			1.523,			0.22,			0.053
933,	1,	7.0,	230.685,			1.413,			0.206,			0.056
934,	1,	7.0,	231.278,			2.116,			0.195,			0.057
935,	1,	7.0,	231.645,			2.969,			0.229,			0.06
936,	1,	10.0,	232.943,			2.03,			0.222,			0.057
937,	1,	157.0,	234.262,			2.491,			0.174,			0.054
938,	1,	498.0,	234.6,			2.408,			0.166,			0.053
939,	2,	112.0,	234.849,			12.662,			1.296,			0.13
940,	1,	7.0,	236.075,			1.952,			0.168,			0.053
941,	2,	137.0,	236.546,			14.582,			1.073,			0.118
942,	1,	44.0,	236.865,			2.727,			0.279,			0.057
943,	1,	7.0,	236.907,			1.114,			0.13,			0.054
944,	2,	130.0,	236.921,			11.793,			1.353,			0.13
945,	1,	10.0,	237.688,			1.494,			0.289,			0.055
946,	1,	498.0,	237.8,			2.972,			0.183,			0.054
947,	2,	105.0,	237.948,			14.368,			1.055,			0.112
948,	1,	146.0,	238.043,			1.376,			0.104,			0.054
949,	2,	72.0,	238.131,			13.528,			1.021,			0.197
950,	1,	512.0,	238.234,			1.869,			0.252,			0.059
951,	2,	40.0,	238.892,			10.527,			1.006,			0.195
952,	1,	10.0,	239.965,			1.932,			0.208,			0.05
953,	2,	266.0,	241.021,			13.095,			1.369,			0.134
954,	1,	7.0,	242.486,			1.853,			0.125,			0.056
955,	1,	13.0,	243.711,			2.074,			0.221,			0.058
956,	1,	7.0,	243.834,			2.407,			0.164,			0.06
957,	1,	120.0,	244.521,			2.635,			0.272,			0.054
958,	1,	49.0,	245.936,			1.755,			0.171,			0.052
959,	1,	387.0,	246.291,			1.816,			0.106,			0.054
960,	2,	216.0,	246.977,			13.129,			1.416,			0.163
961,	1,	30.0,	247.099,			1.869,			0.142,			0.057
962,	2,	77.0,	247.687,			14.889,			1.366,			0.143
963,	2,	117.0,	249.285,			14.245,			1.04,			0.123
964,	1,	169.0,	251.977,			2.947,			0.103,			0.053
965,	1,	214.0,	252.259,			2.847,			0.22,			0.052
966,	2,	215.0,	252.377,			11.001,			1.096,			0.191
967,	2,	181.0,	252.922,			10.404,			1.253,			0.179
968,	2,	101.0,	253.431,			13.574,			1.279,			0.168
969,	2,	136.0,	256.335,			10.697,			1.438,			0.133
970,	1,	95.0,	257.802,			1.485,			0.243,			0.055
971,	1,	498.0,	258.335,			2.838,			0.239,			0.054
972,	2,	97.0,	260.524,			11.869,			1.212,			0.133
973,	1,	7.0,	261.168,			1.783,			0.28,			0.057
974,	1,	498.0,	261.699,			1.941,			0.251,			0.06
975,	2,	237.0,	262.362,			12.528,			1.353,			0.118
976,	2,	136.0,	263.231,			10.255,			1.031,			0.11
977,	2,	176.0,	265.43,			11.88,			1.401,			0.167
978,	1,	59.0,	265.492,			2.969,			0.101,			0.058
979,	2,	130.0,	266.994,			10.506,			1.087,			0.164
980,	2,	173.0,	267.686,			10.339,			1.425,			0.143
981,	1,	157.0,	269.015,			1.509,			0.19,			0.055
982,	2,	346.0,	271.052,			13.535,			1.131,			0.198
983,	2,	132.0,	275.132,			11.342,			1.296,			0.2
984,	1,	10.0,	275.764,			2.293,			0.283,			0.056
985,	2,	250.0,	276.213,			11.111,			1.0,			0.194
986,	2,	162.0,	277.083,			14.903,			1.32,			0.101
987,	2,	214.0,	277.085,			13.086,			1.279,			0.145
988,	1,	28.0,	277.101,			2.976,			0.195,			0.059
989,	2,	81.0,	278.679,			10.826,			1.491,			0.134
990,	1,	90.0,	280.331,			2.09,			0.159,			0.058
991,	2,	186.0,	280.597,			12.4,			1.108,			0.134
992,	2,	270.0,	280.768,			11.078,			1.029,			0.184
993,	2,	178.0,	286.048,			14.114,			1.198,			0.122
994,	2,	184.0,	288.438,			13.758,			1.498,			0.109
995,	2,	154.0,	290.409,			10.618,			1.103,			0.129
996,	2,	141.0,	293.953,			11.433,			1.453,			0.166
997,	2,	200.0,	294.456,			13.136,			1.283,			0.162
998,	2,	111.0,	296.906,			12.809,			1.47,			0.139
999,	2,	198.0,	297.214,			13.05,			1.468,			0.174
1000,	1,	7.0,	300.0,			2.429,			0.247,			0.05
