#, task_type_id, size, arrival_time,	execution_time_cpu,	execution_time_gpu,	execution_time_CLOUD
1,	1,	28.0,	0.0,			1.071,			0.125,			0.056
2,	1,	28.0,	0.0,			1.447,			0.254,			0.058
3,	2,	214.0,	2.333,			11.328,			1.244,			0.178
4,	2,	242.0,	3.618,			14.809,			1.398,			0.195
5,	1,	95.0,	6.032,			1.383,			0.185,			0.057
6,	2,	114.0,	6.328,			12.537,			1.008,			0.124
7,	2,	187.0,	7.108,			13.635,			1.304,			0.135
8,	2,	170.0,	11.405,			11.178,			1.111,			0.117
9,	2,	197.0,	12.456,			13.131,			1.322,			0.197
10,	2,	127.0,	18.336,			11.442,			1.185,			0.129
11,	2,	239.0,	19.655,			11.247,			1.046,			0.182
12,	2,	214.0,	20.611,			13.681,			1.304,			0.12
13,	2,	236.0,	20.631,			10.298,			1.326,			0.132
14,	1,	90.0,	21.278,			1.302,			0.256,			0.057
15,	1,	7.0,	21.325,			2.366,			0.229,			0.057
16,	2,	168.0,	22.108,			11.19,			1.262,			0.196
17,	2,	203.0,	22.312,			13.442,			1.296,			0.111
18,	2,	117.0,	22.576,			13.86,			1.029,			0.192
19,	1,	10.0,	23.865,			2.712,			0.215,			0.052
20,	2,	169.0,	24.659,			12.357,			1.171,			0.106
21,	2,	177.0,	25.781,			11.639,			1.286,			0.162
22,	1,	512.0,	25.955,			1.857,			0.14,			0.057
23,	1,	90.0,	26.899,			2.249,			0.225,			0.06
24,	1,	10.0,	27.545,			1.688,			0.247,			0.058
25,	1,	146.0,	27.82,			1.262,			0.208,			0.053
26,	2,	127.0,	28.726,			10.064,			1.326,			0.171
27,	2,	184.0,	29.809,			11.709,			1.198,			0.197
28,	2,	87.0,	29.874,			13.166,			1.062,			0.169
29,	2,	80.0,	30.384,			13.36,			1.12,			0.148
30,	1,	6.0,	31.249,			1.633,			0.284,			0.055
31,	1,	214.0,	32.624,			1.394,			0.159,			0.053
32,	2,	77.0,	33.819,			10.769,			1.136,			0.176
33,	2,	219.0,	35.258,			10.235,			1.392,			0.178
34,	2,	332.0,	36.206,			14.89,			1.457,			0.106
35,	2,	76.0,	37.164,			11.215,			1.158,			0.173
36,	2,	277.0,	38.349,			13.273,			1.212,			0.164
37,	1,	157.0,	39.252,			1.331,			0.129,			0.058
38,	2,	96.0,	40.48,			11.727,			1.304,			0.117
39,	1,	512.0,	40.483,			2.616,			0.153,			0.052
40,	2,	47.0,	41.842,			14.206,			1.163,			0.198
41,	2,	156.0,	41.888,			10.978,			1.087,			0.181
42,	1,	498.0,	43.31,			1.731,			0.284,			0.055
43,	2,	87.0,	43.516,			13.148,			1.285,			0.121
44,	2,	172.0,	45.23,			14.154,			1.345,			0.143
45,	1,	7.0,	45.296,			2.799,			0.109,			0.057
46,	1,	28.0,	46.335,			2.276,			0.289,			0.059
47,	2,	273.0,	46.49,			13.615,			1.473,			0.148
48,	2,	152.0,	46.766,			13.963,			1.073,			0.182
49,	1,	379.0,	47.398,			2.58,			0.29,			0.056
50,	2,	209.0,	47.43,			10.036,			1.065,			0.165
51,	2,	202.0,	49.694,			11.81,			1.136,			0.129
52,	1,	169.0,	49.999,			2.283,			0.293,			0.055
53,	2,	115.0,	51.222,			12.821,			1.109,			0.198
54,	1,	169.0,	51.533,			1.495,			0.279,			0.06
55,	2,	152.0,	54.682,			11.405,			1.421,			0.196
56,	2,	219.0,	55.482,			14.53,			1.253,			0.167
57,	2,	190.0,	55.693,			10.565,			1.231,			0.165
58,	1,	49.0,	56.125,			2.004,			0.259,			0.051
59,	1,	49.0,	57.204,			2.198,			0.194,			0.054
60,	2,	149.0,	57.366,			10.054,			1.3,			0.15
61,	1,	59.0,	57.402,			2.057,			0.236,			0.052
62,	1,	95.0,	57.423,			1.353,			0.147,			0.051
63,	1,	95.0,	59.271,			1.717,			0.216,			0.05
64,	2,	179.0,	59.337,			10.176,			1.216,			0.149
65,	1,	16.0,	59.824,			1.694,			0.133,			0.053
66,	1,	498.0,	60.498,			1.285,			0.125,			0.058
67,	2,	114.0,	60.622,			13.439,			1.471,			0.171
68,	1,	103.0,	61.156,			2.695,			0.206,			0.06
69,	1,	169.0,	61.93,			1.403,			0.157,			0.055
70,	2,	97.0,	62.736,			14.931,			1.353,			0.184
71,	1,	59.0,	63.094,			2.056,			0.295,			0.054
72,	1,	498.0,	63.657,			1.566,			0.23,			0.056
73,	1,	379.0,	64.173,			2.18,			0.136,			0.056
74,	1,	7.0,	64.644,			1.609,			0.155,			0.059
75,	1,	512.0,	64.776,			1.875,			0.207,			0.051
76,	1,	49.0,	65.999,			2.197,			0.2,			0.058
77,	1,	49.0,	66.242,			2.479,			0.137,			0.056
78,	1,	49.0,	66.684,			2.33,			0.259,			0.058
79,	2,	365.0,	67.579,			10.518,			1.175,			0.122
80,	1,	44.0,	67.651,			1.266,			0.288,			0.059
81,	1,	16.0,	68.263,			1.213,			0.171,			0.054
82,	1,	498.0,	68.698,			2.225,			0.189,			0.054
83,	1,	7.0,	69.02,			1.263,			0.169,			0.059
84,	1,	44.0,	69.693,			1.972,			0.227,			0.053
85,	2,	120.0,	69.945,			12.527,			1.017,			0.167
86,	2,	176.0,	70.788,			12.154,			1.121,			0.197
87,	1,	44.0,	71.692,			2.19,			0.297,			0.052
88,	1,	512.0,	72.113,			1.428,			0.299,			0.056
89,	1,	44.0,	72.327,			1.826,			0.251,			0.056
90,	2,	178.0,	72.934,			14.906,			1.285,			0.162
91,	1,	59.0,	73.453,			2.322,			0.13,			0.057
92,	1,	10.0,	73.546,			1.589,			0.133,			0.054
93,	1,	59.0,	73.757,			2.857,			0.203,			0.054
94,	2,	115.0,	73.831,			11.764,			1.376,			0.135
95,	2,	165.0,	74.542,			14.908,			1.232,			0.103
96,	2,	120.0,	74.637,			13.574,			1.003,			0.164
97,	1,	146.0,	74.921,			2.283,			0.224,			0.055
98,	1,	49.0,	75.428,			2.378,			0.283,			0.052
99,	1,	90.0,	75.486,			2.503,			0.273,			0.059
100,	2,	212.0,	75.507,			11.639,			1.124,			0.124
101,	1,	157.0,	75.695,			1.814,			0.106,			0.058
102,	1,	6.0,	76.007,			2.278,			0.203,			0.058
103,	1,	103.0,	76.092,			1.612,			0.166,			0.051
104,	1,	30.0,	76.24,			1.145,			0.164,			0.052
105,	1,	28.0,	77.266,			1.225,			0.277,			0.053
106,	1,	214.0,	77.294,			1.756,			0.124,			0.057
107,	2,	160.0,	77.745,			12.955,			1.41,			0.105
108,	1,	6.0,	79.528,			2.467,			0.159,			0.051
109,	1,	44.0,	79.619,			1.372,			0.223,			0.054
110,	1,	157.0,	79.784,			1.011,			0.217,			0.05
111,	1,	512.0,	79.851,			2.349,			0.152,			0.053
112,	1,	95.0,	79.94,			2.2,			0.106,			0.057
113,	1,	13.0,	80.387,			2.345,			0.227,			0.05
114,	1,	7.0,	80.606,			1.61,			0.141,			0.054
115,	1,	7.0,	80.931,			2.984,			0.141,			0.052
116,	1,	7.0,	80.959,			1.4,			0.114,			0.057
117,	1,	169.0,	81.27,			2.635,			0.112,			0.057
118,	1,	157.0,	81.372,			1.14,			0.212,			0.06
119,	1,	559.0,	81.675,			1.489,			0.207,			0.059
120,	2,	130.0,	82.198,			11.878,			1.178,			0.164
121,	1,	30.0,	82.769,			2.914,			0.29,			0.053
122,	2,	69.0,	83.188,			14.948,			1.319,			0.11
123,	2,	205.0,	83.265,			12.971,			1.164,			0.123
124,	1,	120.0,	83.555,			2.148,			0.137,			0.058
125,	1,	59.0,	84.663,			2.852,			0.146,			0.059
126,	1,	157.0,	84.696,			1.482,			0.295,			0.051
127,	1,	126.0,	84.937,			1.076,			0.206,			0.057
128,	1,	28.0,	84.939,			1.024,			0.283,			0.059
129,	1,	146.0,	85.615,			2.345,			0.29,			0.059
130,	1,	214.0,	85.807,			2.364,			0.25,			0.055
131,	1,	7.0,	85.843,			1.112,			0.158,			0.056
132,	2,	176.0,	86.148,			12.385,			1.413,			0.195
133,	1,	28.0,	86.158,			1.799,			0.205,			0.053
134,	1,	49.0,	86.812,			1.653,			0.173,			0.059
135,	1,	44.0,	86.839,			1.061,			0.254,			0.05
136,	1,	7.0,	86.915,			1.443,			0.128,			0.06
137,	1,	7.0,	87.247,			2.862,			0.265,			0.05
138,	1,	44.0,	87.654,			1.719,			0.29,			0.053
139,	1,	447.0,	87.932,			2.768,			0.139,			0.058
140,	1,	6.0,	88.006,			1.119,			0.266,			0.058
141,	1,	498.0,	88.308,			1.625,			0.14,			0.054
142,	1,	157.0,	89.069,			1.886,			0.167,			0.057
143,	1,	59.0,	89.136,			2.857,			0.236,			0.057
144,	1,	169.0,	89.185,			2.199,			0.176,			0.059
145,	1,	120.0,	89.218,			1.442,			0.106,			0.052
146,	1,	28.0,	89.809,			1.914,			0.193,			0.052
147,	1,	169.0,	90.014,			1.304,			0.154,			0.054
148,	2,	256.0,	90.056,			11.39,			1.343,			0.114
149,	1,	6.0,	90.511,			1.188,			0.224,			0.058
150,	1,	16.0,	91.57,			2.614,			0.285,			0.055
151,	1,	7.0,	91.592,			2.249,			0.255,			0.057
152,	1,	498.0,	91.83,			1.706,			0.119,			0.052
153,	1,	28.0,	92.016,			2.116,			0.184,			0.057
154,	1,	103.0,	92.579,			2.709,			0.134,			0.057
155,	1,	157.0,	92.6,			1.581,			0.227,			0.054
156,	1,	387.0,	92.704,			1.477,			0.131,			0.055
157,	1,	169.0,	93.368,			2.179,			0.288,			0.054
158,	1,	169.0,	93.491,			2.282,			0.284,			0.06
159,	1,	59.0,	93.552,			1.911,			0.175,			0.055
160,	1,	44.0,	93.594,			1.241,			0.221,			0.05
161,	1,	512.0,	94.127,			1.011,			0.29,			0.056
162,	1,	10.0,	94.316,			1.262,			0.18,			0.051
163,	1,	7.0,	94.564,			1.166,			0.216,			0.059
164,	1,	90.0,	94.601,			2.418,			0.106,			0.058
165,	1,	214.0,	94.735,			2.735,			0.199,			0.059
166,	1,	447.0,	95.445,			2.03,			0.235,			0.056
167,	1,	447.0,	96.001,			2.834,			0.115,			0.052
168,	2,	197.0,	96.153,			12.649,			1.335,			0.14
169,	1,	7.0,	96.685,			1.009,			0.132,			0.055
170,	1,	120.0,	97.648,			2.169,			0.128,			0.056
171,	1,	126.0,	98.311,			1.609,			0.299,			0.053
172,	1,	44.0,	98.57,			2.939,			0.258,			0.051
173,	1,	28.0,	98.934,			2.388,			0.148,			0.054
174,	1,	44.0,	99.143,			2.346,			0.272,			0.058
175,	2,	182.0,	99.221,			11.017,			1.408,			0.136
176,	1,	7.0,	99.442,			1.22,			0.101,			0.05
177,	2,	129.0,	99.507,			13.438,			1.23,			0.124
178,	2,	117.0,	99.541,			14.789,			1.211,			0.134
179,	1,	44.0,	99.545,			2.351,			0.259,			0.056
180,	1,	157.0,	99.783,			2.02,			0.207,			0.055
181,	1,	498.0,	100.002,			2.102,			0.157,			0.053
182,	1,	559.0,	100.614,			2.549,			0.287,			0.051
183,	2,	164.0,	100.851,			11.429,			1.357,			0.171
184,	1,	59.0,	101.107,			2.321,			0.198,			0.051
185,	1,	7.0,	101.443,			2.757,			0.105,			0.054
186,	1,	146.0,	101.663,			2.055,			0.228,			0.056
187,	1,	59.0,	101.702,			1.908,			0.253,			0.058
188,	1,	30.0,	102.306,			2.78,			0.255,			0.056
189,	1,	146.0,	102.363,			2.922,			0.136,			0.055
190,	2,	154.0,	102.483,			13.185,			1.086,			0.105
191,	1,	44.0,	102.513,			2.26,			0.257,			0.053
192,	1,	214.0,	102.853,			2.795,			0.23,			0.058
193,	1,	512.0,	102.925,			2.304,			0.207,			0.055
194,	1,	157.0,	103.058,			2.2,			0.288,			0.057
195,	1,	7.0,	103.39,			1.024,			0.251,			0.054
196,	1,	16.0,	103.444,			2.819,			0.134,			0.058
197,	1,	214.0,	103.525,			2.144,			0.249,			0.058
198,	1,	7.0,	103.553,			1.61,			0.205,			0.05
199,	1,	90.0,	103.625,			1.362,			0.172,			0.06
200,	2,	177.0,	103.668,			14.741,			1.376,			0.12
201,	1,	90.0,	103.671,			2.018,			0.121,			0.05
202,	2,	87.0,	103.694,			12.438,			1.203,			0.162
203,	1,	13.0,	103.75,			2.872,			0.257,			0.059
204,	1,	44.0,	103.756,			1.304,			0.183,			0.056
205,	1,	379.0,	103.83,			1.488,			0.162,			0.051
206,	1,	13.0,	103.846,			1.472,			0.13,			0.051
207,	1,	7.0,	103.862,			1.357,			0.223,			0.053
208,	1,	169.0,	103.972,			1.229,			0.177,			0.052
209,	1,	7.0,	104.259,			2.509,			0.112,			0.052
210,	1,	30.0,	104.617,			1.671,			0.29,			0.05
211,	1,	498.0,	104.755,			2.02,			0.169,			0.053
212,	1,	49.0,	104.849,			1.801,			0.237,			0.052
213,	1,	379.0,	105.377,			2.407,			0.26,			0.054
214,	1,	103.0,	105.74,			2.282,			0.2,			0.059
215,	1,	13.0,	105.767,			1.491,			0.209,			0.051
216,	1,	7.0,	106.031,			1.511,			0.167,			0.053
217,	1,	7.0,	106.999,			2.398,			0.295,			0.052
218,	1,	10.0,	107.074,			1.645,			0.13,			0.059
219,	1,	7.0,	107.249,			1.096,			0.145,			0.054
220,	1,	7.0,	107.276,			2.88,			0.278,			0.055
221,	1,	7.0,	107.641,			1.956,			0.124,			0.051
222,	1,	126.0,	107.869,			1.191,			0.16,			0.054
223,	1,	447.0,	108.22,			2.973,			0.117,			0.055
224,	1,	169.0,	108.256,			2.556,			0.251,			0.054
225,	1,	7.0,	108.365,			1.982,			0.292,			0.054
226,	1,	387.0,	108.608,			2.503,			0.166,			0.054
227,	1,	512.0,	108.721,			2.598,			0.199,			0.052
228,	1,	95.0,	109.06,			2.273,			0.279,			0.052
229,	1,	28.0,	109.08,			2.148,			0.231,			0.057
230,	2,	53.0,	109.58,			10.392,			1.43,			0.135
231,	1,	95.0,	109.681,			1.928,			0.285,			0.052
232,	1,	498.0,	110.404,			2.866,			0.148,			0.055
233,	1,	157.0,	110.471,			1.672,			0.189,			0.052
234,	1,	447.0,	110.643,			1.651,			0.107,			0.051
235,	1,	44.0,	111.05,			2.554,			0.29,			0.059
236,	1,	44.0,	111.09,			1.158,			0.297,			0.059
237,	1,	16.0,	111.216,			1.039,			0.173,			0.057
238,	1,	498.0,	111.272,			1.516,			0.131,			0.052
239,	1,	146.0,	111.656,			1.86,			0.28,			0.054
240,	1,	447.0,	111.975,			2.943,			0.2,			0.055
241,	1,	7.0,	112.038,			2.844,			0.161,			0.057
242,	1,	13.0,	112.289,			2.303,			0.238,			0.057
243,	1,	49.0,	112.788,			1.756,			0.172,			0.059
244,	1,	95.0,	112.807,			2.318,			0.192,			0.054
245,	1,	169.0,	112.939,			1.08,			0.252,			0.055
246,	1,	103.0,	113.086,			2.571,			0.186,			0.057
247,	2,	173.0,	113.129,			11.153,			1.031,			0.112
248,	1,	146.0,	113.135,			2.235,			0.201,			0.058
249,	1,	146.0,	113.336,			1.382,			0.266,			0.058
250,	2,	106.0,	113.452,			11.162,			1.212,			0.143
251,	2,	127.0,	113.548,			10.592,			1.031,			0.15
252,	1,	387.0,	113.589,			2.398,			0.154,			0.051
253,	1,	512.0,	113.996,			1.029,			0.173,			0.053
254,	1,	120.0,	114.34,			2.864,			0.263,			0.06
255,	1,	13.0,	114.402,			2.703,			0.113,			0.056
256,	1,	90.0,	114.45,			2.832,			0.217,			0.051
257,	1,	28.0,	114.698,			1.561,			0.224,			0.054
258,	1,	95.0,	114.894,			1.005,			0.139,			0.051
259,	1,	49.0,	115.407,			1.966,			0.125,			0.059
260,	1,	6.0,	115.519,			2.016,			0.191,			0.059
261,	1,	44.0,	115.626,			1.038,			0.111,			0.05
262,	1,	6.0,	115.812,			1.047,			0.151,			0.052
263,	1,	447.0,	116.666,			1.694,			0.268,			0.052
264,	2,	157.0,	116.707,			12.435,			1.422,			0.185
265,	2,	332.0,	117.1,			10.599,			1.0,			0.172
266,	1,	28.0,	117.31,			1.864,			0.147,			0.058
267,	1,	30.0,	117.389,			1.431,			0.271,			0.058
268,	1,	498.0,	117.642,			1.119,			0.103,			0.053
269,	1,	559.0,	117.793,			2.102,			0.19,			0.053
270,	1,	16.0,	117.998,			2.612,			0.133,			0.053
271,	1,	59.0,	118.393,			2.068,			0.262,			0.059
272,	1,	44.0,	118.5,			1.394,			0.207,			0.054
273,	1,	30.0,	118.697,			1.45,			0.295,			0.053
274,	1,	7.0,	118.758,			2.579,			0.19,			0.053
275,	1,	7.0,	118.786,			2.364,			0.276,			0.06
276,	1,	44.0,	119.172,			2.697,			0.124,			0.056
277,	1,	7.0,	119.236,			2.638,			0.228,			0.052
278,	1,	120.0,	119.43,			1.681,			0.274,			0.059
279,	2,	197.0,	119.694,			14.737,			1.261,			0.131
280,	1,	157.0,	119.875,			1.505,			0.172,			0.055
281,	1,	7.0,	120.167,			1.382,			0.256,			0.052
282,	1,	7.0,	120.295,			1.144,			0.138,			0.057
283,	1,	90.0,	120.305,			1.719,			0.22,			0.057
284,	1,	7.0,	120.445,			2.795,			0.292,			0.057
285,	1,	7.0,	120.533,			2.056,			0.141,			0.053
286,	1,	498.0,	120.555,			2.037,			0.244,			0.056
287,	1,	6.0,	120.847,			2.351,			0.224,			0.055
288,	1,	559.0,	120.97,			1.742,			0.117,			0.052
289,	1,	44.0,	122.381,			2.148,			0.279,			0.052
290,	1,	7.0,	122.528,			1.653,			0.219,			0.056
291,	1,	7.0,	122.719,			2.454,			0.101,			0.054
292,	1,	59.0,	122.762,			1.435,			0.116,			0.05
293,	2,	97.0,	122.982,			10.6,			1.374,			0.127
294,	1,	95.0,	123.486,			1.192,			0.201,			0.05
295,	1,	214.0,	123.488,			2.378,			0.249,			0.051
296,	1,	44.0,	123.755,			1.982,			0.208,			0.056
297,	1,	13.0,	123.863,			1.432,			0.24,			0.056
298,	1,	7.0,	124.159,			2.9,			0.284,			0.059
299,	1,	16.0,	124.175,			2.379,			0.167,			0.051
300,	1,	59.0,	124.272,			1.186,			0.243,			0.053
301,	1,	10.0,	124.732,			2.18,			0.147,			0.05
302,	1,	16.0,	125.417,			1.748,			0.133,			0.06
303,	1,	447.0,	125.477,			2.048,			0.28,			0.051
304,	1,	498.0,	125.517,			1.07,			0.107,			0.054
305,	1,	13.0,	125.594,			2.273,			0.206,			0.051
306,	1,	146.0,	125.833,			2.14,			0.211,			0.057
307,	1,	7.0,	125.901,			1.631,			0.206,			0.055
308,	1,	512.0,	125.927,			1.192,			0.121,			0.056
309,	1,	59.0,	126.615,			2.717,			0.282,			0.051
310,	1,	559.0,	126.68,			1.921,			0.156,			0.055
311,	1,	59.0,	126.748,			2.748,			0.128,			0.059
312,	1,	6.0,	126.96,			2.055,			0.2,			0.056
313,	1,	447.0,	126.965,			1.262,			0.134,			0.059
314,	1,	7.0,	127.018,			2.614,			0.299,			0.056
315,	1,	146.0,	127.159,			1.848,			0.141,			0.054
316,	1,	13.0,	127.218,			1.748,			0.228,			0.052
317,	1,	10.0,	127.264,			2.973,			0.288,			0.055
318,	1,	120.0,	127.265,			1.643,			0.131,			0.056
319,	1,	379.0,	127.389,			1.589,			0.262,			0.052
320,	1,	95.0,	127.774,			1.26,			0.279,			0.054
321,	1,	103.0,	127.853,			1.362,			0.114,			0.054
322,	1,	379.0,	128.098,			1.515,			0.245,			0.057
323,	1,	10.0,	128.191,			1.362,			0.174,			0.055
324,	1,	7.0,	128.222,			1.014,			0.21,			0.058
325,	1,	7.0,	128.25,			2.549,			0.116,			0.06
326,	1,	6.0,	128.327,			1.671,			0.17,			0.06
327,	1,	120.0,	128.358,			2.8,			0.199,			0.053
328,	2,	109.0,	128.358,			14.942,			1.202,			0.111
329,	1,	49.0,	128.359,			2.76,			0.138,			0.055
330,	1,	44.0,	128.511,			1.371,			0.101,			0.054
331,	1,	169.0,	128.887,			1.537,			0.195,			0.054
332,	1,	44.0,	128.995,			1.876,			0.175,			0.05
333,	1,	44.0,	129.037,			2.454,			0.2,			0.055
334,	1,	126.0,	129.221,			2.614,			0.214,			0.051
335,	1,	44.0,	129.571,			2.491,			0.194,			0.06
336,	1,	157.0,	129.63,			1.756,			0.185,			0.06
337,	1,	30.0,	129.813,			1.05,			0.299,			0.059
338,	1,	13.0,	129.847,			2.901,			0.297,			0.054
339,	1,	387.0,	129.994,			2.797,			0.29,			0.056
340,	1,	44.0,	129.998,			1.99,			0.217,			0.056
341,	1,	30.0,	130.085,			2.407,			0.246,			0.05
342,	1,	379.0,	130.322,			1.071,			0.125,			0.059
343,	1,	95.0,	130.488,			1.26,			0.201,			0.053
344,	2,	224.0,	130.604,			13.189,			1.47,			0.179
345,	1,	447.0,	130.669,			1.848,			0.165,			0.053
346,	1,	379.0,	130.967,			2.559,			0.198,			0.053
347,	1,	59.0,	131.104,			1.571,			0.187,			0.052
348,	1,	30.0,	131.191,			1.071,			0.103,			0.057
349,	1,	146.0,	131.23,			1.523,			0.19,			0.051
350,	1,	7.0,	131.24,			2.765,			0.192,			0.059
351,	1,	498.0,	131.282,			1.717,			0.219,			0.057
352,	1,	7.0,	131.457,			1.541,			0.201,			0.056
353,	1,	95.0,	131.565,			2.385,			0.151,			0.06
354,	1,	44.0,	131.584,			2.491,			0.268,			0.051
355,	1,	16.0,	131.687,			2.318,			0.232,			0.057
356,	1,	6.0,	131.866,			1.151,			0.257,			0.053
357,	1,	120.0,	132.086,			1.08,			0.107,			0.054
358,	1,	169.0,	132.224,			1.969,			0.111,			0.051
359,	1,	103.0,	132.284,			1.811,			0.247,			0.051
360,	2,	272.0,	132.508,			13.297,			1.129,			0.149
361,	1,	7.0,	132.569,			1.708,			0.288,			0.055
362,	1,	7.0,	132.659,			1.719,			0.195,			0.058
363,	1,	379.0,	132.72,			2.581,			0.124,			0.059
364,	1,	214.0,	132.743,			1.692,			0.142,			0.06
365,	1,	559.0,	132.922,			2.786,			0.157,			0.056
366,	1,	7.0,	132.981,			2.085,			0.128,			0.051
367,	1,	379.0,	132.995,			1.158,			0.286,			0.053
368,	1,	103.0,	133.0,			2.103,			0.121,			0.056
369,	1,	6.0,	133.387,			1.038,			0.197,			0.058
370,	1,	447.0,	133.42,			1.654,			0.221,			0.055
371,	1,	49.0,	133.494,			1.296,			0.236,			0.051
372,	1,	44.0,	133.556,			2.429,			0.185,			0.056
373,	1,	7.0,	133.997,			2.956,			0.235,			0.05
374,	2,	133.0,	134.027,			10.521,			1.049,			0.178
375,	1,	16.0,	134.271,			1.484,			0.264,			0.056
376,	1,	214.0,	134.29,			1.844,			0.233,			0.052
377,	1,	10.0,	134.757,			1.509,			0.185,			0.059
378,	1,	6.0,	134.857,			1.609,			0.125,			0.054
379,	1,	90.0,	134.989,			1.211,			0.214,			0.057
380,	1,	146.0,	135.223,			2.936,			0.249,			0.056
381,	1,	59.0,	135.292,			1.996,			0.221,			0.058
382,	1,	498.0,	135.408,			2.398,			0.274,			0.057
383,	1,	90.0,	135.504,			1.204,			0.18,			0.056
384,	1,	30.0,	136.364,			2.063,			0.191,			0.053
385,	1,	49.0,	136.377,			1.364,			0.161,			0.052
386,	1,	95.0,	136.442,			1.709,			0.245,			0.05
387,	1,	30.0,	136.507,			1.631,			0.174,			0.051
388,	1,	7.0,	136.531,			1.667,			0.101,			0.051
389,	1,	512.0,	136.553,			1.13,			0.299,			0.052
390,	2,	144.0,	136.581,			11.26,			1.137,			0.16
391,	1,	59.0,	136.677,			1.426,			0.174,			0.057
392,	1,	6.0,	136.726,			1.353,			0.18,			0.057
393,	1,	379.0,	136.823,			1.64,			0.225,			0.06
394,	1,	6.0,	136.895,			2.048,			0.17,			0.06
395,	1,	30.0,	137.08,			1.303,			0.128,			0.06
396,	1,	512.0,	137.118,			2.457,			0.12,			0.052
397,	1,	498.0,	137.386,			2.879,			0.229,			0.053
398,	1,	214.0,	137.495,			2.436,			0.272,			0.053
399,	1,	214.0,	137.716,			2.103,			0.298,			0.055
400,	1,	146.0,	137.838,			2.673,			0.277,			0.055
401,	1,	49.0,	138.072,			2.2,			0.258,			0.059
402,	1,	30.0,	138.141,			2.143,			0.152,			0.058
403,	1,	498.0,	138.205,			1.682,			0.259,			0.052
404,	1,	59.0,	138.643,			1.004,			0.151,			0.059
405,	1,	103.0,	138.736,			1.729,			0.298,			0.053
406,	1,	6.0,	138.821,			1.811,			0.297,			0.052
407,	1,	28.0,	138.883,			2.378,			0.225,			0.051
408,	1,	103.0,	139.324,			2.509,			0.284,			0.052
409,	1,	387.0,	139.394,			1.107,			0.282,			0.053
410,	1,	44.0,	139.489,			2.366,			0.289,			0.051
411,	1,	44.0,	139.56,			2.438,			0.258,			0.06
412,	1,	447.0,	139.589,			2.945,			0.2,			0.058
413,	1,	157.0,	139.752,			1.841,			0.244,			0.05
414,	1,	214.0,	139.892,			1.826,			0.203,			0.053
415,	1,	512.0,	140.009,			2.795,			0.195,			0.054
416,	1,	7.0,	140.127,			1.642,			0.23,			0.054
417,	1,	559.0,	140.227,			2.322,			0.263,			0.057
418,	1,	16.0,	140.23,			2.316,			0.253,			0.058
419,	2,	97.0,	140.259,			11.508,			1.433,			0.119
420,	1,	6.0,	140.697,			1.409,			0.105,			0.055
421,	1,	90.0,	140.711,			1.103,			0.18,			0.056
422,	1,	447.0,	140.836,			2.038,			0.242,			0.059
423,	1,	7.0,	140.87,			1.784,			0.251,			0.059
424,	1,	7.0,	140.903,			1.039,			0.248,			0.057
425,	1,	7.0,	141.079,			1.173,			0.156,			0.055
426,	2,	117.0,	141.265,			11.26,			1.239,			0.187
427,	1,	44.0,	141.71,			1.075,			0.267,			0.053
428,	1,	146.0,	141.712,			1.303,			0.131,			0.059
429,	1,	6.0,	141.771,			2.984,			0.121,			0.052
430,	1,	157.0,	141.799,			1.039,			0.121,			0.056
431,	1,	559.0,	141.991,			1.571,			0.101,			0.053
432,	1,	512.0,	142.239,			1.595,			0.263,			0.052
433,	1,	169.0,	142.256,			2.273,			0.117,			0.054
434,	2,	221.0,	142.824,			11.134,			1.053,			0.103
435,	1,	44.0,	142.883,			1.968,			0.182,			0.055
436,	1,	7.0,	143.152,			1.098,			0.18,			0.059
437,	2,	169.0,	143.414,			12.789,			1.45,			0.141
438,	1,	7.0,	143.556,			2.151,			0.156,			0.051
439,	1,	126.0,	143.877,			1.811,			0.253,			0.054
440,	1,	559.0,	143.951,			2.819,			0.2,			0.059
441,	1,	157.0,	144.134,			2.414,			0.221,			0.051
442,	1,	28.0,	144.414,			1.302,			0.121,			0.056
443,	1,	559.0,	144.482,			2.802,			0.281,			0.055
444,	1,	7.0,	144.641,			2.265,			0.189,			0.053
445,	1,	157.0,	144.775,			2.479,			0.255,			0.05
446,	1,	30.0,	144.802,			2.711,			0.167,			0.058
447,	1,	7.0,	145.362,			1.985,			0.257,			0.057
448,	1,	379.0,	145.369,			1.575,			0.173,			0.057
449,	1,	379.0,	145.421,			2.922,			0.188,			0.059
450,	1,	559.0,	145.428,			1.969,			0.119,			0.055
451,	2,	64.0,	146.46,			11.689,			1.407,			0.19
452,	1,	6.0,	146.52,			1.869,			0.237,			0.051
453,	1,	120.0,	146.584,			2.943,			0.131,			0.053
454,	1,	157.0,	147.009,			1.422,			0.248,			0.055
455,	1,	44.0,	147.37,			1.626,			0.241,			0.05
456,	1,	126.0,	147.532,			2.249,			0.288,			0.058
457,	1,	447.0,	147.591,			2.256,			0.225,			0.06
458,	1,	387.0,	147.594,			2.635,			0.205,			0.054
459,	1,	90.0,	147.903,			1.557,			0.198,			0.051
460,	1,	95.0,	148.085,			1.612,			0.161,			0.055
461,	1,	387.0,	148.142,			2.794,			0.267,			0.051
462,	1,	7.0,	148.145,			2.43,			0.266,			0.054
463,	1,	7.0,	148.241,			2.158,			0.279,			0.051
464,	1,	90.0,	148.258,			2.489,			0.16,			0.058
465,	1,	6.0,	148.419,			2.025,			0.198,			0.051
466,	1,	49.0,	148.827,			1.914,			0.135,			0.058
467,	1,	146.0,	148.947,			1.269,			0.248,			0.054
468,	1,	512.0,	149.036,			1.302,			0.215,			0.057
469,	1,	44.0,	149.062,			1.595,			0.201,			0.056
470,	1,	49.0,	149.581,			1.279,			0.191,			0.055
471,	1,	44.0,	149.823,			2.842,			0.214,			0.06
472,	1,	7.0,	149.915,			1.166,			0.105,			0.055
473,	2,	93.0,	149.945,			11.245,			1.254,			0.171
474,	1,	498.0,	150.505,			1.554,			0.237,			0.06
475,	1,	7.0,	150.528,			1.445,			0.292,			0.059
476,	1,	90.0,	150.74,			2.838,			0.217,			0.059
477,	1,	10.0,	151.165,			1.679,			0.235,			0.054
478,	1,	95.0,	151.308,			1.028,			0.185,			0.056
479,	1,	59.0,	151.453,			2.268,			0.198,			0.057
480,	1,	7.0,	151.475,			1.23,			0.168,			0.056
481,	1,	30.0,	151.593,			1.653,			0.247,			0.052
482,	1,	7.0,	151.805,			2.103,			0.289,			0.053
483,	1,	157.0,	151.826,			1.826,			0.232,			0.051
484,	2,	197.0,	151.882,			10.035,			1.411,			0.173
485,	1,	28.0,	151.918,			1.81,			0.27,			0.059
486,	1,	7.0,	151.995,			2.602,			0.256,			0.055
487,	1,	16.0,	152.037,			2.88,			0.174,			0.053
488,	1,	146.0,	152.066,			1.128,			0.266,			0.054
489,	1,	49.0,	152.102,			1.692,			0.261,			0.057
490,	1,	387.0,	152.116,			2.533,			0.101,			0.056
491,	1,	7.0,	152.465,			1.112,			0.27,			0.057
492,	1,	379.0,	152.564,			1.996,			0.106,			0.059
493,	1,	379.0,	152.587,			2.542,			0.159,			0.057
494,	1,	13.0,	152.988,			1.096,			0.187,			0.058
495,	1,	28.0,	152.992,			2.661,			0.174,			0.052
496,	2,	133.0,	153.188,			11.248,			1.073,			0.141
497,	2,	92.0,	153.33,			13.977,			1.276,			0.195
498,	1,	7.0,	153.35,			2.366,			0.235,			0.052
499,	1,	103.0,	153.36,			1.517,			0.283,			0.053
500,	1,	7.0,	153.498,			1.191,			0.2,			0.051
501,	2,	196.0,	153.617,			13.06,			1.337,			0.172
502,	1,	387.0,	153.806,			1.682,			0.283,			0.058
503,	2,	253.0,	154.132,			13.262,			1.158,			0.197
504,	1,	157.0,	154.502,			2.797,			0.182,			0.054
505,	1,	59.0,	154.525,			2.714,			0.25,			0.052
506,	1,	498.0,	154.584,			1.601,			0.186,			0.055
507,	1,	103.0,	154.693,			1.998,			0.157,			0.058
508,	1,	126.0,	154.759,			2.03,			0.217,			0.052
509,	1,	146.0,	154.784,			2.777,			0.256,			0.058
510,	1,	379.0,	154.798,			2.936,			0.157,			0.057
511,	1,	13.0,	154.849,			2.948,			0.165,			0.056
512,	1,	447.0,	154.879,			1.878,			0.104,			0.053
513,	1,	169.0,	155.011,			2.705,			0.166,			0.058
514,	1,	95.0,	155.218,			1.091,			0.142,			0.057
515,	2,	133.0,	155.355,			10.255,			1.454,			0.195
516,	1,	559.0,	155.408,			1.862,			0.202,			0.052
517,	1,	13.0,	155.44,			1.807,			0.282,			0.055
518,	1,	387.0,	155.54,			1.679,			0.107,			0.052
519,	1,	7.0,	156.135,			1.728,			0.237,			0.054
520,	1,	30.0,	156.165,			2.132,			0.1,			0.057
521,	1,	103.0,	156.245,			1.654,			0.192,			0.051
522,	1,	90.0,	156.287,			1.17,			0.222,			0.053
523,	1,	103.0,	156.616,			1.464,			0.121,			0.054
524,	1,	169.0,	157.062,			2.438,			0.267,			0.06
525,	1,	28.0,	157.198,			1.031,			0.294,			0.054
526,	1,	49.0,	157.343,			2.318,			0.108,			0.057
527,	1,	7.0,	157.398,			1.591,			0.238,			0.054
528,	1,	387.0,	157.413,			1.331,			0.151,			0.058
529,	1,	512.0,	157.422,			2.602,			0.279,			0.059
530,	1,	447.0,	157.919,			1.828,			0.137,			0.06
531,	1,	59.0,	157.945,			1.039,			0.167,			0.053
532,	1,	7.0,	158.053,			1.364,			0.137,			0.056
533,	1,	7.0,	158.136,			2.885,			0.15,			0.05
534,	1,	512.0,	158.193,			2.645,			0.27,			0.052
535,	1,	44.0,	158.307,			1.843,			0.226,			0.056
536,	1,	7.0,	158.354,			2.911,			0.239,			0.052
537,	1,	214.0,	158.378,			2.487,			0.208,			0.05
538,	1,	95.0,	158.507,			1.035,			0.219,			0.051
539,	1,	7.0,	158.564,			2.407,			0.202,			0.059
540,	1,	7.0,	158.795,			1.731,			0.288,			0.055
541,	1,	7.0,	159.062,			1.64,			0.145,			0.051
542,	1,	95.0,	159.143,			1.128,			0.254,			0.057
543,	1,	16.0,	159.361,			2.879,			0.187,			0.059
544,	1,	95.0,	159.496,			1.524,			0.249,			0.052
545,	1,	59.0,	159.706,			2.179,			0.199,			0.053
546,	1,	59.0,	159.89,			2.582,			0.254,			0.051
547,	1,	10.0,	159.933,			2.985,			0.147,			0.051
548,	1,	59.0,	160.147,			2.09,			0.125,			0.052
549,	1,	447.0,	160.171,			1.334,			0.221,			0.051
550,	1,	44.0,	160.299,			2.366,			0.271,			0.055
551,	1,	387.0,	160.418,			2.675,			0.2,			0.056
552,	1,	447.0,	160.592,			1.929,			0.292,			0.057
553,	1,	103.0,	160.878,			2.438,			0.131,			0.054
554,	1,	16.0,	160.901,			1.756,			0.177,			0.053
555,	1,	30.0,	160.965,			2.545,			0.151,			0.053
556,	1,	7.0,	161.001,			1.213,			0.284,			0.058
557,	1,	169.0,	161.215,			2.418,			0.215,			0.054
558,	1,	13.0,	161.261,			1.407,			0.193,			0.05
559,	1,	49.0,	161.269,			1.61,			0.287,			0.058
560,	1,	512.0,	161.272,			2.789,			0.297,			0.059
561,	1,	6.0,	161.593,			1.515,			0.154,			0.054
562,	2,	122.0,	161.613,			11.207,			1.471,			0.17
563,	1,	16.0,	161.687,			1.188,			0.189,			0.052
564,	1,	16.0,	161.714,			2.684,			0.105,			0.055
565,	1,	379.0,	161.772,			1.019,			0.198,			0.056
566,	1,	103.0,	161.95,			2.972,			0.192,			0.058
567,	1,	214.0,	162.23,			1.645,			0.232,			0.058
568,	1,	512.0,	162.491,			2.787,			0.189,			0.054
569,	1,	95.0,	162.673,			1.515,			0.141,			0.058
570,	1,	6.0,	162.947,			2.916,			0.278,			0.059
571,	1,	90.0,	162.951,			1.516,			0.17,			0.06
572,	1,	214.0,	163.438,			2.895,			0.138,			0.059
573,	1,	379.0,	163.494,			1.03,			0.109,			0.059
574,	1,	447.0,	163.809,			1.441,			0.266,			0.057
575,	2,	90.0,	163.909,			13.162,			1.248,			0.138
576,	1,	146.0,	163.949,			2.795,			0.272,			0.056
577,	1,	103.0,	164.082,			2.556,			0.297,			0.055
578,	1,	7.0,	164.223,			2.861,			0.175,			0.056
579,	1,	7.0,	164.358,			1.841,			0.232,			0.054
580,	1,	44.0,	164.376,			2.486,			0.297,			0.06
581,	1,	447.0,	164.739,			2.705,			0.273,			0.056
582,	2,	84.0,	164.754,			13.528,			1.306,			0.138
583,	1,	103.0,	164.916,			1.303,			0.24,			0.059
584,	1,	120.0,	165.078,			1.702,			0.256,			0.057
585,	1,	379.0,	165.102,			1.086,			0.29,			0.053
586,	1,	447.0,	165.361,			2.819,			0.249,			0.051
587,	2,	235.0,	165.39,			11.971,			1.406,			0.111
588,	1,	6.0,	165.571,			1.256,			0.145,			0.058
589,	1,	169.0,	166.228,			1.14,			0.259,			0.05
590,	1,	379.0,	166.247,			2.936,			0.282,			0.051
591,	1,	120.0,	166.652,			2.26,			0.21,			0.053
592,	1,	95.0,	167.273,			1.282,			0.122,			0.056
593,	2,	116.0,	167.298,			14.117,			1.012,			0.187
594,	1,	387.0,	167.443,			1.048,			0.215,			0.057
595,	1,	169.0,	167.676,			1.031,			0.211,			0.053
596,	1,	146.0,	167.746,			1.886,			0.202,			0.059
597,	1,	559.0,	168.005,			2.647,			0.152,			0.055
598,	1,	16.0,	168.083,			1.188,			0.165,			0.054
599,	1,	146.0,	168.187,			2.865,			0.23,			0.056
600,	1,	103.0,	168.403,			2.991,			0.144,			0.051
601,	1,	447.0,	168.539,			1.35,			0.207,			0.056
602,	2,	260.0,	169.254,			14.064,			1.498,			0.155
603,	1,	512.0,	169.401,			2.018,			0.147,			0.051
604,	2,	216.0,	169.456,			13.268,			1.326,			0.196
605,	2,	180.0,	169.798,			10.681,			1.399,			0.13
606,	1,	126.0,	170.106,			2.956,			0.177,			0.058
607,	1,	28.0,	170.184,			1.028,			0.103,			0.057
608,	1,	379.0,	170.232,			1.366,			0.217,			0.059
609,	1,	44.0,	170.316,			1.097,			0.231,			0.058
610,	1,	28.0,	170.32,			2.318,			0.271,			0.054
611,	1,	103.0,	170.668,			1.517,			0.239,			0.058
612,	1,	379.0,	170.682,			1.848,			0.222,			0.059
613,	1,	387.0,	170.813,			2.288,			0.132,			0.058
614,	2,	128.0,	170.851,			13.36,			1.205,			0.188
615,	1,	44.0,	170.86,			2.073,			0.102,			0.053
616,	1,	59.0,	171.001,			1.009,			0.111,			0.057
617,	1,	10.0,	171.136,			1.372,			0.272,			0.052
618,	1,	95.0,	171.174,			1.07,			0.147,			0.055
619,	1,	59.0,	171.209,			2.098,			0.299,			0.057
620,	2,	169.0,	171.269,			11.628,			1.215,			0.105
621,	1,	498.0,	171.307,			1.144,			0.167,			0.054
622,	1,	103.0,	171.634,			2.398,			0.271,			0.059
623,	1,	10.0,	171.678,			2.532,			0.143,			0.051
624,	1,	49.0,	172.157,			1.309,			0.29,			0.057
625,	1,	49.0,	172.412,			1.639,			0.249,			0.05
626,	1,	498.0,	172.657,			2.429,			0.268,			0.051
627,	1,	214.0,	173.247,			2.548,			0.297,			0.056
628,	1,	387.0,	173.315,			2.916,			0.119,			0.058
629,	1,	7.0,	173.768,			2.797,			0.159,			0.059
630,	1,	559.0,	173.832,			2.092,			0.238,			0.055
631,	1,	157.0,	174.036,			1.631,			0.121,			0.052
632,	1,	6.0,	174.081,			2.11,			0.21,			0.052
633,	1,	157.0,	174.154,			1.076,			0.179,			0.051
634,	2,	38.0,	174.281,			11.933,			1.175,			0.122
635,	1,	59.0,	174.698,			1.733,			0.221,			0.06
636,	1,	16.0,	174.726,			1.524,			0.123,			0.053
637,	1,	379.0,	174.761,			1.056,			0.116,			0.055
638,	2,	112.0,	174.773,			14.716,			1.075,			0.108
639,	1,	103.0,	175.004,			1.982,			0.263,			0.056
640,	1,	7.0,	175.027,			2.326,			0.258,			0.054
641,	1,	30.0,	175.143,			1.039,			0.195,			0.053
642,	1,	6.0,	175.544,			2.556,			0.195,			0.053
643,	1,	7.0,	175.566,			1.115,			0.135,			0.051
644,	1,	157.0,	176.088,			1.69,			0.189,			0.058
645,	1,	6.0,	176.254,			1.731,			0.166,			0.053
646,	1,	120.0,	176.463,			2.158,			0.175,			0.053
647,	1,	559.0,	176.744,			1.879,			0.259,			0.054
648,	1,	447.0,	177.079,			1.009,			0.16,			0.055
649,	1,	7.0,	177.2,			2.497,			0.135,			0.058
650,	2,	74.0,	177.285,			10.36,			1.233,			0.182
651,	1,	6.0,	177.318,			1.441,			0.225,			0.057
652,	2,	90.0,	177.56,			10.72,			1.126,			0.129
653,	1,	146.0,	177.791,			1.417,			0.133,			0.056
654,	1,	49.0,	177.848,			1.46,			0.154,			0.051
655,	1,	7.0,	178.445,			2.652,			0.231,			0.057
656,	1,	16.0,	178.46,			1.496,			0.141,			0.06
657,	1,	387.0,	178.871,			1.941,			0.148,			0.056
658,	1,	512.0,	178.885,			2.522,			0.245,			0.055
659,	1,	447.0,	178.956,			2.41,			0.177,			0.05
660,	1,	16.0,	179.089,			2.26,			0.217,			0.058
661,	1,	7.0,	179.209,			2.846,			0.203,			0.055
662,	1,	512.0,	179.389,			2.153,			0.122,			0.06
663,	1,	512.0,	179.544,			1.433,			0.139,			0.055
664,	1,	59.0,	179.796,			1.869,			0.195,			0.056
665,	1,	7.0,	180.135,			2.122,			0.261,			0.051
666,	2,	233.0,	180.422,			12.236,			1.3,			0.101
667,	1,	120.0,	180.432,			1.653,			0.161,			0.055
668,	1,	90.0,	180.617,			1.071,			0.149,			0.058
669,	1,	59.0,	180.622,			2.582,			0.293,			0.05
670,	1,	169.0,	180.829,			2.175,			0.134,			0.058
671,	2,	137.0,	180.937,			11.506,			1.374,			0.188
672,	2,	82.0,	181.285,			13.297,			1.051,			0.141
673,	1,	49.0,	181.539,			2.09,			0.16,			0.057
674,	2,	133.0,	181.84,			14.399,			1.287,			0.176
675,	1,	498.0,	182.031,			2.636,			0.174,			0.054
676,	1,	7.0,	182.037,			2.78,			0.235,			0.056
677,	1,	7.0,	182.329,			2.954,			0.166,			0.05
678,	1,	90.0,	182.519,			1.27,			0.161,			0.058
679,	2,	258.0,	182.709,			13.596,			1.279,			0.117
680,	1,	7.0,	183.005,			1.915,			0.19,			0.058
681,	1,	95.0,	183.196,			1.473,			0.194,			0.055
682,	1,	7.0,	183.234,			2.661,			0.103,			0.05
683,	2,	119.0,	183.293,			13.163,			1.065,			0.133
684,	1,	379.0,	183.593,			2.939,			0.168,			0.054
685,	1,	7.0,	183.815,			1.722,			0.261,			0.055
686,	1,	90.0,	183.98,			2.404,			0.164,			0.051
687,	1,	512.0,	184.038,			1.968,			0.272,			0.051
688,	1,	447.0,	184.095,			1.46,			0.28,			0.055
689,	1,	13.0,	184.161,			2.928,			0.151,			0.058
690,	1,	28.0,	184.369,			1.657,			0.287,			0.058
691,	1,	103.0,	184.402,			2.627,			0.296,			0.053
692,	1,	30.0,	184.503,			1.499,			0.259,			0.055
693,	1,	95.0,	184.668,			1.287,			0.279,			0.05
694,	1,	44.0,	184.722,			1.26,			0.263,			0.051
695,	2,	120.0,	184.773,			11.537,			1.073,			0.101
696,	1,	559.0,	185.431,			2.497,			0.169,			0.053
697,	1,	95.0,	185.435,			1.327,			0.15,			0.053
698,	1,	146.0,	185.445,			2.151,			0.228,			0.058
699,	1,	447.0,	185.968,			2.489,			0.121,			0.052
700,	1,	7.0,	186.053,			2.173,			0.236,			0.06
701,	1,	512.0,	186.072,			1.145,			0.12,			0.052
702,	1,	28.0,	186.395,			1.383,			0.298,			0.053
703,	1,	16.0,	186.412,			2.232,			0.202,			0.051
704,	1,	146.0,	186.496,			2.237,			0.219,			0.05
705,	1,	559.0,	186.575,			2.757,			0.131,			0.059
706,	1,	59.0,	186.889,			1.211,			0.111,			0.051
707,	1,	214.0,	187.072,			1.128,			0.247,			0.052
708,	1,	214.0,	187.144,			2.545,			0.287,			0.052
709,	1,	44.0,	187.24,			2.509,			0.106,			0.051
710,	1,	6.0,	187.273,			1.322,			0.176,			0.055
711,	1,	559.0,	187.385,			1.609,			0.235,			0.053
712,	1,	7.0,	187.411,			2.219,			0.128,			0.05
713,	2,	153.0,	187.435,			14.187,			1.167,			0.167
714,	2,	115.0,	187.539,			11.289,			1.117,			0.131
715,	1,	30.0,	187.791,			1.998,			0.249,			0.058
716,	2,	162.0,	187.892,			10.117,			1.382,			0.185
717,	1,	120.0,	187.979,			1.056,			0.244,			0.051
718,	1,	146.0,	188.066,			2.324,			0.259,			0.057
719,	1,	6.0,	188.105,			2.819,			0.19,			0.06
720,	2,	225.0,	188.11,			11.125,			1.066,			0.187
721,	1,	146.0,	188.118,			2.78,			0.141,			0.051
722,	1,	44.0,	188.245,			1.391,			0.182,			0.058
723,	1,	387.0,	188.282,			1.69,			0.106,			0.052
724,	1,	59.0,	188.449,			2.702,			0.151,			0.06
725,	1,	387.0,	188.977,			1.56,			0.231,			0.053
726,	1,	6.0,	189.235,			1.309,			0.162,			0.054
727,	1,	10.0,	189.424,			2.588,			0.271,			0.058
728,	1,	169.0,	189.542,			1.612,			0.287,			0.058
729,	1,	146.0,	189.692,			1.984,			0.287,			0.052
730,	2,	130.0,	189.77,			14.658,			1.449,			0.117
731,	1,	157.0,	189.981,			1.009,			0.172,			0.051
732,	2,	98.0,	190.045,			10.974,			1.143,			0.129
733,	1,	13.0,	190.097,			1.464,			0.198,			0.058
734,	1,	387.0,	190.199,			1.952,			0.215,			0.055
735,	2,	93.0,	190.366,			11.228,			1.287,			0.186
736,	1,	44.0,	191.138,			2.013,			0.107,			0.054
737,	1,	49.0,	191.234,			1.024,			0.188,			0.059
738,	1,	387.0,	191.329,			1.26,			0.279,			0.051
739,	1,	7.0,	191.562,			1.293,			0.133,			0.058
740,	1,	379.0,	191.716,			2.861,			0.192,			0.058
741,	1,	49.0,	191.73,			2.888,			0.158,			0.058
742,	2,	90.0,	192.203,			10.697,			1.116,			0.112
743,	2,	83.0,	192.68,			11.866,			1.371,			0.178
744,	1,	44.0,	192.768,			1.433,			0.2,			0.052
745,	1,	7.0,	192.946,			2.772,			0.135,			0.05
746,	1,	146.0,	193.404,			2.763,			0.167,			0.055
747,	2,	189.0,	193.497,			12.375,			1.388,			0.156
748,	1,	146.0,	193.597,			2.842,			0.233,			0.057
749,	1,	126.0,	194.031,			2.26,			0.121,			0.05
750,	2,	76.0,	194.083,			10.215,			1.355,			0.134
751,	1,	6.0,	194.093,			1.095,			0.251,			0.058
752,	1,	559.0,	194.111,			2.063,			0.248,			0.056
753,	2,	130.0,	194.35,			11.933,			1.07,			0.149
754,	1,	169.0,	195.098,			1.672,			0.146,			0.054
755,	1,	44.0,	195.47,			1.45,			0.296,			0.053
756,	1,	103.0,	195.758,			1.688,			0.28,			0.059
757,	1,	103.0,	195.968,			1.73,			0.177,			0.058
758,	1,	387.0,	196.022,			2.175,			0.203,			0.059
759,	1,	44.0,	196.172,			2.31,			0.124,			0.051
760,	1,	6.0,	196.356,			1.61,			0.254,			0.058
761,	1,	103.0,	196.709,			1.416,			0.212,			0.057
762,	1,	44.0,	197.797,			1.575,			0.237,			0.055
763,	1,	7.0,	198.02,			1.833,			0.219,			0.055
764,	1,	95.0,	198.176,			2.237,			0.254,			0.056
765,	1,	146.0,	198.339,			1.59,			0.231,			0.057
766,	1,	59.0,	198.895,			2.092,			0.179,			0.057
767,	1,	30.0,	198.968,			2.346,			0.165,			0.053
768,	1,	10.0,	199.096,			1.126,			0.272,			0.05
769,	1,	387.0,	199.551,			1.383,			0.175,			0.052
770,	1,	169.0,	199.739,			1.578,			0.15,			0.055
771,	1,	6.0,	199.783,			1.151,			0.117,			0.059
772,	1,	6.0,	199.805,			1.46,			0.14,			0.056
773,	1,	6.0,	199.876,			1.835,			0.222,			0.055
774,	1,	512.0,	200.1,			2.252,			0.272,			0.055
775,	1,	7.0,	200.262,			2.429,			0.185,			0.06
776,	1,	126.0,	200.303,			1.192,			0.217,			0.055
777,	2,	208.0,	200.312,			12.668,			1.065,			0.169
778,	1,	95.0,	200.423,			2.068,			0.205,			0.053
779,	2,	376.0,	200.483,			11.581,			1.064,			0.145
780,	1,	59.0,	200.727,			2.279,			0.212,			0.06
781,	1,	120.0,	201.033,			2.122,			0.17,			0.054
782,	2,	158.0,	201.131,			13.798,			1.179,			0.136
783,	2,	73.0,	201.316,			14.424,			1.041,			0.169
784,	1,	59.0,	201.364,			1.522,			0.121,			0.057
785,	1,	120.0,	201.433,			2.398,			0.172,			0.058
786,	1,	146.0,	201.744,			1.277,			0.176,			0.057
787,	2,	134.0,	202.005,			13.648,			1.343,			0.145
788,	1,	49.0,	202.172,			1.103,			0.136,			0.053
789,	2,	127.0,	202.21,			12.085,			1.254,			0.198
790,	1,	512.0,	202.4,			1.733,			0.246,			0.057
791,	1,	28.0,	202.472,			2.598,			0.193,			0.052
792,	1,	120.0,	202.521,			1.657,			0.267,			0.055
793,	2,	94.0,	203.176,			12.914,			1.023,			0.166
794,	2,	228.0,	203.288,			14.977,			1.015,			0.136
795,	1,	13.0,	203.293,			1.694,			0.284,			0.059
796,	1,	214.0,	203.352,			2.935,			0.216,			0.055
797,	1,	16.0,	203.727,			1.703,			0.191,			0.05
798,	1,	90.0,	203.98,			1.07,			0.144,			0.057
799,	1,	10.0,	204.086,			1.667,			0.21,			0.052
800,	1,	16.0,	204.231,			1.679,			0.161,			0.053
801,	1,	44.0,	204.743,			1.266,			0.185,			0.051
802,	1,	6.0,	205.76,			1.86,			0.222,			0.052
803,	1,	559.0,	206.031,			1.406,			0.216,			0.056
804,	1,	13.0,	206.51,			1.879,			0.121,			0.056
805,	1,	13.0,	206.513,			2.321,			0.276,			0.051
806,	2,	235.0,	206.599,			12.014,			1.011,			0.187
807,	1,	157.0,	206.747,			2.858,			0.184,			0.054
808,	1,	447.0,	207.559,			1.028,			0.119,			0.057
809,	1,	7.0,	207.564,			1.186,			0.216,			0.058
810,	1,	6.0,	207.565,			2.314,			0.214,			0.055
811,	1,	16.0,	207.96,			1.667,			0.259,			0.059
812,	1,	157.0,	208.338,			2.03,			0.241,			0.052
813,	1,	16.0,	208.46,			1.13,			0.189,			0.059
814,	1,	387.0,	208.466,			1.841,			0.101,			0.059
815,	1,	559.0,	209.277,			1.277,			0.299,			0.057
816,	1,	157.0,	209.424,			1.575,			0.205,			0.055
817,	1,	90.0,	209.672,			1.561,			0.216,			0.054
818,	1,	59.0,	210.033,			2.525,			0.209,			0.057
819,	1,	90.0,	210.12,			1.05,			0.237,			0.056
820,	2,	174.0,	211.489,			10.621,			1.401,			0.112
821,	1,	6.0,	211.91,			1.605,			0.15,			0.05
822,	1,	103.0,	212.863,			1.283,			0.244,			0.054
823,	1,	157.0,	213.266,			1.192,			0.22,			0.058
824,	1,	169.0,	213.473,			1.157,			0.233,			0.06
825,	1,	387.0,	213.556,			2.226,			0.161,			0.059
826,	1,	6.0,	213.56,			2.973,			0.131,			0.051
827,	1,	126.0,	213.6,			2.238,			0.267,			0.058
828,	1,	16.0,	213.947,			1.748,			0.138,			0.053
829,	1,	28.0,	214.02,			2.454,			0.296,			0.06
830,	1,	120.0,	214.061,			1.706,			0.133,			0.06
831,	1,	498.0,	214.375,			2.935,			0.189,			0.053
832,	1,	44.0,	214.579,			1.769,			0.266,			0.05
833,	2,	109.0,	214.656,			11.756,			1.402,			0.177
834,	1,	28.0,	214.81,			2.631,			0.26,			0.054
835,	1,	7.0,	214.847,			1.119,			0.216,			0.054
836,	1,	120.0,	214.909,			1.45,			0.28,			0.054
837,	1,	214.0,	215.125,			2.03,			0.228,			0.052
838,	1,	387.0,	215.306,			2.799,			0.282,			0.052
839,	1,	7.0,	215.522,			2.8,			0.172,			0.051
840,	1,	30.0,	215.863,			1.914,			0.266,			0.057
841,	1,	7.0,	215.975,			1.816,			0.28,			0.059
842,	1,	28.0,	216.166,			1.052,			0.282,			0.053
843,	1,	447.0,	216.306,			2.542,			0.211,			0.06
844,	1,	120.0,	216.641,			1.232,			0.113,			0.06
845,	1,	95.0,	216.675,			2.999,			0.207,			0.052
846,	1,	59.0,	216.813,			1.314,			0.298,			0.052
847,	1,	214.0,	216.837,			1.256,			0.189,			0.053
848,	1,	49.0,	217.238,			1.853,			0.248,			0.058
849,	1,	13.0,	217.244,			1.36,			0.283,			0.052
850,	1,	120.0,	217.264,			2.556,			0.23,			0.054
851,	1,	16.0,	217.405,			2.879,			0.29,			0.059
852,	2,	103.0,	217.616,			13.478,			1.132,			0.107
853,	1,	90.0,	218.282,			1.14,			0.133,			0.056
854,	1,	13.0,	218.566,			1.061,			0.216,			0.056
855,	1,	7.0,	218.802,			1.609,			0.237,			0.052
856,	1,	498.0,	218.867,			2.557,			0.176,			0.05
857,	1,	498.0,	219.148,			2.954,			0.237,			0.059
858,	1,	169.0,	219.402,			2.596,			0.198,			0.056
859,	2,	89.0,	219.832,			13.894,			1.072,			0.142
860,	1,	379.0,	219.904,			1.612,			0.11,			0.052
861,	2,	206.0,	220.055,			11.164,			1.218,			0.167
862,	1,	126.0,	220.057,			2.753,			0.288,			0.059
863,	1,	559.0,	221.343,			1.672,			0.176,			0.054
864,	2,	162.0,	221.721,			10.523,			1.492,			0.156
865,	1,	7.0,	221.768,			2.957,			0.166,			0.06
866,	1,	16.0,	221.975,			1.305,			0.187,			0.058
867,	1,	559.0,	222.204,			1.947,			0.156,			0.053
868,	2,	136.0,	224.019,			13.916,			1.346,			0.162
869,	1,	146.0,	224.052,			1.962,			0.207,			0.056
870,	2,	180.0,	224.263,			13.038,			1.437,			0.2
871,	1,	7.0,	224.474,			1.445,			0.28,			0.052
872,	1,	59.0,	224.499,			1.596,			0.116,			0.052
873,	2,	239.0,	224.611,			13.169,			1.038,			0.166
874,	1,	16.0,	224.909,			1.232,			0.147,			0.053
875,	1,	30.0,	225.21,			1.524,			0.272,			0.053
876,	1,	126.0,	225.364,			1.504,			0.113,			0.06
877,	2,	97.0,	225.747,			14.432,			1.457,			0.171
878,	1,	30.0,	226.063,			1.322,			0.195,			0.054
879,	1,	28.0,	226.482,			2.9,			0.142,			0.059
880,	1,	7.0,	226.868,			1.499,			0.214,			0.052
881,	1,	512.0,	227.698,			2.184,			0.253,			0.058
882,	2,	184.0,	227.698,			11.764,			1.058,			0.148
883,	2,	221.0,	227.894,			12.064,			1.013,			0.114
884,	1,	30.0,	228.373,			1.411,			0.235,			0.059
885,	1,	447.0,	228.437,			2.95,			0.176,			0.057
886,	1,	16.0,	228.475,			2.249,			0.1,			0.055
887,	2,	166.0,	228.527,			11.589,			1.273,			0.177
888,	2,	166.0,	228.892,			14.646,			1.421,			0.19
889,	1,	214.0,	229.429,			1.667,			0.199,			0.059
890,	1,	447.0,	230.09,			2.225,			0.145,			0.057
891,	2,	110.0,	230.112,			11.63,			1.287,			0.183
892,	1,	49.0,	230.192,			2.151,			0.186,			0.06
893,	2,	79.0,	230.562,			14.439,			1.111,			0.166
894,	1,	447.0,	230.641,			1.679,			0.125,			0.059
895,	1,	10.0,	230.756,			2.092,			0.165,			0.052
896,	2,	176.0,	230.942,			13.92,			1.075,			0.134
897,	1,	7.0,	231.075,			1.398,			0.15,			0.06
898,	1,	59.0,	231.212,			2.553,			0.108,			0.053
899,	1,	7.0,	231.378,			2.813,			0.116,			0.057
900,	1,	498.0,	231.56,			2.454,			0.17,			0.056
901,	1,	49.0,	231.872,			2.346,			0.184,			0.06
902,	1,	214.0,	231.967,			1.748,			0.11,			0.05
903,	1,	7.0,	232.608,			2.385,			0.268,			0.054
904,	1,	44.0,	233.215,			2.9,			0.111,			0.06
905,	1,	126.0,	233.255,			2.302,			0.172,			0.05
906,	2,	140.0,	233.396,			14.903,			1.41,			0.134
907,	1,	387.0,	234.06,			1.669,			0.168,			0.059
908,	1,	30.0,	234.079,			2.756,			0.21,			0.056
909,	1,	7.0,	235.92,			2.606,			0.203,			0.052
910,	2,	154.0,	236.027,			11.781,			1.245,			0.184
911,	1,	16.0,	236.827,			1.417,			0.203,			0.053
912,	1,	146.0,	236.916,			2.685,			0.292,			0.052
913,	1,	146.0,	237.806,			1.915,			0.184,			0.058
914,	2,	196.0,	238.819,			12.527,			1.357,			0.198
915,	1,	6.0,	239.629,			1.485,			0.229,			0.054
916,	2,	188.0,	240.083,			13.574,			1.385,			0.139
917,	2,	229.0,	240.963,			13.288,			1.286,			0.1
918,	2,	136.0,	241.529,			13.437,			1.493,			0.158
919,	2,	89.0,	241.65,			14.977,			1.282,			0.101
920,	2,	112.0,	241.734,			12.085,			1.407,			0.101
921,	1,	95.0,	242.117,			1.23,			0.156,			0.054
922,	1,	6.0,	242.519,			1.654,			0.285,			0.054
923,	2,	76.0,	242.689,			13.129,			1.483,			0.156
924,	2,	127.0,	244.316,			14.337,			1.112,			0.192
925,	1,	59.0,	244.357,			1.092,			0.238,			0.055
926,	2,	212.0,	245.124,			12.615,			1.187,			0.171
927,	1,	169.0,	246.083,			1.07,			0.292,			0.054
928,	1,	498.0,	246.247,			1.998,			0.296,			0.057
929,	1,	157.0,	246.264,			1.398,			0.125,			0.058
930,	1,	44.0,	246.718,			2.827,			0.195,			0.057
931,	2,	64.0,	247.05,			10.475,			1.328,			0.151
932,	1,	379.0,	247.238,			1.249,			0.278,			0.055
933,	2,	123.0,	248.572,			11.88,			1.089,			0.108
934,	2,	96.0,	248.59,			14.515,			1.068,			0.185
935,	2,	264.0,	248.914,			11.929,			1.238,			0.108
936,	2,	114.0,	249.621,			12.286,			1.413,			0.135
937,	2,	201.0,	249.74,			10.984,			1.397,			0.195
938,	2,	152.0,	250.268,			11.982,			1.33,			0.169
939,	1,	6.0,	251.503,			1.908,			0.214,			0.057
940,	2,	143.0,	251.587,			11.617,			1.302,			0.175
941,	1,	379.0,	252.324,			1.188,			0.288,			0.057
942,	2,	154.0,	252.554,			10.863,			1.109,			0.149
943,	1,	387.0,	252.78,			1.99,			0.201,			0.056
944,	1,	498.0,	254.394,			2.542,			0.215,			0.058
945,	1,	7.0,	255.451,			1.657,			0.109,			0.053
946,	2,	101.0,	256.201,			12.869,			1.188,			0.188
947,	1,	7.0,	256.372,			2.581,			0.198,			0.057
948,	1,	7.0,	257.741,			1.75,			0.184,			0.057
949,	1,	7.0,	258.065,			1.672,			0.17,			0.055
950,	1,	146.0,	258.078,			2.18,			0.249,			0.051
951,	2,	141.0,	258.434,			13.615,			1.4,			0.121
952,	2,	120.0,	258.493,			12.594,			1.346,			0.172
953,	1,	559.0,	258.82,			2.223,			0.275,			0.052
954,	2,	147.0,	259.583,			10.146,			1.375,			0.132
955,	2,	107.0,	261.909,			13.232,			1.499,			0.172
956,	1,	169.0,	263.275,			2.366,			0.281,			0.051
957,	1,	13.0,	264.925,			2.238,			0.272,			0.056
958,	2,	153.0,	265.008,			13.794,			1.498,			0.164
959,	1,	6.0,	265.628,			1.826,			0.104,			0.057
960,	2,	112.0,	266.567,			10.177,			1.355,			0.2
961,	2,	138.0,	266.769,			14.283,			1.303,			0.106
962,	1,	103.0,	267.389,			1.733,			0.161,			0.054
963,	2,	160.0,	268.042,			11.028,			1.408,			0.105
964,	1,	379.0,	269.526,			2.865,			0.163,			0.058
965,	2,	249.0,	271.295,			12.664,			1.22,			0.131
966,	1,	7.0,	272.796,			2.569,			0.207,			0.051
967,	1,	49.0,	272.843,			1.409,			0.292,			0.05
968,	2,	186.0,	273.177,			10.962,			1.466,			0.107
969,	2,	126.0,	276.127,			10.56,			1.094,			0.169
970,	1,	559.0,	276.28,			1.81,			0.162,			0.054
971,	1,	169.0,	276.291,			2.635,			0.16,			0.06
972,	2,	89.0,	276.453,			12.386,			1.268,			0.184
973,	1,	512.0,	276.59,			1.769,			0.299,			0.054
974,	2,	88.0,	276.707,			10.651,			1.381,			0.136
975,	1,	379.0,	277.473,			2.249,			0.151,			0.059
976,	2,	99.0,	277.784,			10.809,			1.029,			0.179
977,	2,	304.0,	278.641,			12.064,			1.003,			0.152
978,	2,	217.0,	279.205,			12.411,			1.159,			0.18
979,	1,	512.0,	281.932,			2.819,			0.112,			0.051
980,	1,	30.0,	283.042,			2.088,			0.259,			0.053
981,	2,	200.0,	283.354,			13.217,			1.453,			0.168
982,	1,	120.0,	284.564,			1.998,			0.225,			0.056
983,	2,	145.0,	284.655,			10.863,			1.483,			0.172
984,	2,	130.0,	285.361,			13.297,			1.103,			0.186
985,	2,	166.0,	285.997,			11.966,			1.491,			0.186
986,	2,	162.0,	288.213,			11.589,			1.381,			0.101
987,	2,	160.0,	288.285,			12.383,			1.051,			0.198
988,	1,	498.0,	288.724,			2.076,			0.157,			0.053
989,	2,	141.0,	289.228,			14.534,			1.07,			0.129
990,	2,	125.0,	289.406,			13.979,			1.351,			0.177
991,	2,	154.0,	291.156,			12.486,			1.284,			0.162
992,	2,	132.0,	291.601,			13.933,			1.141,			0.149
993,	2,	104.0,	292.65,			10.63,			1.259,			0.117
994,	1,	169.0,	294.477,			1.715,			0.136,			0.052
995,	2,	117.0,	295.229,			12.116,			1.144,			0.143
996,	2,	158.0,	295.68,			11.13,			1.091,			0.198
997,	2,	102.0,	296.448,			11.717,			1.481,			0.123
998,	2,	138.0,	297.457,			13.676,			1.077,			0.189
999,	2,	101.0,	298.478,			13.59,			1.211,			0.176
1000,	1,	157.0,	300.0,			2.407,			0.188,			0.058
