#, task_type_id, size, arrival_time,	execution_time_cpu,	execution_time_gpu,	execution_time_CLOUD
1,	2,	157.0,	0.154,			2.291,			0.108,			0.108,			2.303,			0.106,			0.05
2,	2,	91.0,	0.288,			2.316,			0.108,			0.108,			2.284,			0.095,			0.05
3,	2,	190.0,	0.674,			2.312,			0.094,			0.094,			2.294,			0.098,			0.05
4,	2,	109.0,	2.641,			2.294,			0.099,			0.099,			2.3,			0.105,			0.051
5,	2,	176.0,	3.918,			2.302,			0.102,			0.102,			2.322,			0.101,			0.05
6,	2,	179.0,	5.395,			2.283,			0.088,			0.088,			2.322,			0.098,			0.05
7,	2,	109.0,	6.474,			2.313,			0.1,			0.1,			2.315,			0.1,			0.051
8,	2,	48.0,	6.555,			2.298,			0.103,			0.103,			2.308,			0.108,			0.049
9,	2,	201.0,	15.513,			2.303,			0.094,			0.094,			2.297,			0.087,			0.05
10,	2,	369.0,	15.717,			2.291,			0.093,			0.093,			2.298,			0.095,			0.051
11,	2,	290.0,	19.071,			2.288,			0.098,			0.098,			2.309,			0.104,			0.051
12,	2,	176.0,	19.649,			2.317,			0.105,			0.105,			2.3,			0.097,			0.05
13,	2,	179.0,	19.929,			2.309,			0.104,			0.104,			2.31,			0.094,			0.051
14,	2,	172.0,	20.169,			2.307,			0.09,			0.09,			2.301,			0.089,			0.049
15,	1,	49.0,	20.566,			1.459,			0.98,			0.98,			1.45,			0.97,			0.502
16,	1,	30.0,	20.592,			1.474,			0.962,			0.962,			1.464,			0.966,			0.499
17,	1,	447.0,	20.599,			1.45,			0.968,			0.968,			1.455,			0.983,			0.501
18,	1,	146.0,	20.632,			1.463,			0.97,			0.97,			1.451,			0.965,			0.5
19,	1,	7.0,	20.653,			1.46,			0.969,			0.969,			1.468,			0.964,			0.5
20,	1,	387.0,	20.733,			1.451,			0.959,			0.959,			1.463,			0.966,			0.501
21,	1,	90.0,	20.768,			1.446,			0.962,			0.962,			1.458,			0.966,			0.498
22,	1,	498.0,	20.801,			1.48,			0.975,			0.975,			1.45,			0.964,			0.5
23,	1,	559.0,	20.803,			1.45,			0.962,			0.962,			1.465,			0.974,			0.5
24,	1,	13.0,	20.806,			1.465,			0.972,			0.972,			1.473,			0.979,			0.5
25,	1,	7.0,	20.84,			1.453,			0.983,			0.983,			1.47,			0.968,			0.498
26,	1,	7.0,	20.98,			1.457,			0.974,			0.974,			1.465,			0.978,			0.5
27,	1,	90.0,	20.988,			1.466,			0.977,			0.977,			1.462,			0.96,			0.501
28,	1,	169.0,	21.001,			1.457,			0.962,			0.962,			1.453,			0.972,			0.499
29,	1,	512.0,	21.002,			1.459,			0.961,			0.961,			1.48,			0.973,			0.499
30,	2,	191.0,	21.107,			2.295,			0.097,			0.097,			2.299,			0.112,			0.046
31,	1,	49.0,	21.137,			1.466,			0.978,			0.978,			1.482,			0.968,			0.499
32,	1,	120.0,	21.165,			1.455,			0.968,			0.968,			1.457,			0.959,			0.499
33,	2,	209.0,	21.241,			2.3,			0.1,			0.1,			2.307,			0.1,			0.05
34,	1,	512.0,	21.273,			1.46,			0.98,			0.98,			1.465,			0.961,			0.5
35,	1,	120.0,	21.353,			1.469,			0.982,			0.982,			1.455,			0.953,			0.501
36,	1,	10.0,	21.44,			1.468,			0.953,			0.953,			1.468,			0.992,			0.501
37,	1,	7.0,	21.504,			1.466,			0.965,			0.965,			1.45,			0.963,			0.499
38,	1,	59.0,	21.519,			1.454,			0.974,			0.974,			1.459,			0.963,			0.501
39,	1,	512.0,	21.589,			1.467,			0.958,			0.958,			1.468,			0.965,			0.501
40,	1,	10.0,	21.727,			1.469,			0.969,			0.969,			1.451,			0.975,			0.501
41,	1,	214.0,	21.776,			1.458,			0.954,			0.954,			1.468,			0.96,			0.501
42,	1,	387.0,	21.813,			1.462,			0.974,			0.974,			1.461,			0.974,			0.5
43,	1,	16.0,	21.848,			1.471,			0.994,			0.994,			1.47,			0.979,			0.499
44,	1,	90.0,	21.852,			1.459,			0.969,			0.969,			1.475,			0.976,			0.5
45,	1,	7.0,	21.893,			1.474,			0.975,			0.975,			1.445,			0.983,			0.5
46,	1,	7.0,	21.896,			1.446,			0.958,			0.958,			1.441,			0.962,			0.499
47,	1,	146.0,	22.011,			1.469,			0.986,			0.986,			1.457,			0.971,			0.501
48,	1,	146.0,	22.175,			1.448,			0.954,			0.954,			1.448,			0.975,			0.5
49,	1,	146.0,	22.188,			1.455,			0.972,			0.972,			1.463,			0.975,			0.5
50,	1,	10.0,	22.203,			1.474,			0.986,			0.986,			1.462,			0.977,			0.499
51,	1,	7.0,	22.275,			1.455,			0.966,			0.966,			1.469,			0.966,			0.501
52,	1,	146.0,	22.338,			1.479,			0.977,			0.977,			1.46,			0.971,			0.502
53,	1,	59.0,	22.356,			1.459,			0.98,			0.98,			1.471,			0.96,			0.499
54,	1,	7.0,	22.398,			1.455,			0.965,			0.965,			1.467,			0.973,			0.5
55,	1,	49.0,	22.407,			1.454,			0.969,			0.969,			1.452,			0.955,			0.5
56,	1,	379.0,	22.415,			1.458,			0.963,			0.963,			1.457,			0.971,			0.501
57,	1,	214.0,	22.496,			1.459,			0.968,			0.968,			1.468,			0.957,			0.5
58,	1,	44.0,	22.62,			1.452,			0.959,			0.959,			1.465,			0.961,			0.501
59,	1,	103.0,	22.674,			1.443,			0.967,			0.967,			1.457,			0.964,			0.499
60,	1,	169.0,	22.796,			1.457,			0.979,			0.979,			1.472,			0.995,			0.5
61,	1,	126.0,	22.994,			1.444,			0.983,			0.983,			1.466,			0.971,			0.499
62,	1,	44.0,	23.0,			1.473,			0.991,			0.991,			1.473,			0.948,			0.498
63,	1,	28.0,	23.018,			1.437,			0.963,			0.963,			1.465,			0.966,			0.5
64,	1,	157.0,	23.059,			1.468,			0.978,			0.978,			1.463,			0.988,			0.5
65,	1,	169.0,	23.067,			1.448,			0.966,			0.966,			1.461,			0.971,			0.5
66,	1,	7.0,	23.076,			1.472,			0.984,			0.984,			1.483,			0.964,			0.501
67,	1,	157.0,	23.125,			1.458,			0.971,			0.971,			1.452,			0.972,			0.499
68,	1,	7.0,	23.348,			1.456,			0.968,			0.968,			1.473,			0.958,			0.5
69,	1,	7.0,	23.357,			1.459,			0.971,			0.971,			1.473,			0.969,			0.501
70,	1,	44.0,	23.414,			1.437,			0.974,			0.974,			1.474,			0.971,			0.5
71,	1,	90.0,	23.416,			1.457,			0.985,			0.985,			1.461,			0.966,			0.499
72,	1,	90.0,	23.44,			1.455,			0.959,			0.959,			1.449,			0.967,			0.498
73,	1,	7.0,	23.443,			1.472,			0.972,			0.972,			1.463,			0.976,			0.501
74,	1,	169.0,	23.486,			1.466,			0.974,			0.974,			1.458,			0.95,			0.501
75,	1,	512.0,	23.561,			1.47,			0.974,			0.974,			1.477,			0.969,			0.499
76,	1,	103.0,	23.665,			1.456,			0.955,			0.955,			1.459,			0.976,			0.498
77,	1,	7.0,	23.727,			1.462,			0.95,			0.95,			1.469,			0.979,			0.501
78,	1,	7.0,	23.844,			1.458,			0.977,			0.977,			1.452,			0.983,			0.5
79,	1,	103.0,	23.91,			1.447,			0.978,			0.978,			1.459,			0.967,			0.5
80,	1,	512.0,	23.944,			1.474,			0.963,			0.963,			1.455,			0.971,			0.501
81,	1,	30.0,	24.039,			1.452,			0.969,			0.969,			1.468,			0.975,			0.501
82,	1,	10.0,	24.118,			1.486,			0.98,			0.98,			1.452,			0.981,			0.499
83,	1,	95.0,	24.186,			1.462,			0.961,			0.961,			1.452,			0.982,			0.501
84,	1,	7.0,	24.206,			1.455,			0.967,			0.967,			1.447,			0.963,			0.5
85,	1,	16.0,	24.312,			1.445,			0.97,			0.97,			1.464,			0.971,			0.501
86,	1,	28.0,	24.334,			1.474,			0.973,			0.973,			1.469,			0.962,			0.501
87,	1,	90.0,	24.396,			1.463,			0.964,			0.964,			1.452,			0.976,			0.5
88,	1,	7.0,	24.516,			1.436,			0.973,			0.973,			1.47,			0.974,			0.5
89,	2,	172.0,	24.521,			2.307,			0.103,			0.103,			2.309,			0.104,			0.049
90,	1,	126.0,	24.559,			1.47,			0.95,			0.95,			1.474,			0.957,			0.501
91,	1,	498.0,	24.578,			1.457,			0.972,			0.972,			1.459,			0.983,			0.5
92,	1,	59.0,	24.584,			1.457,			0.979,			0.979,			1.457,			0.969,			0.501
93,	1,	13.0,	24.698,			1.44,			0.958,			0.958,			1.46,			0.978,			0.5
94,	1,	169.0,	24.778,			1.466,			0.961,			0.961,			1.46,			0.954,			0.5
95,	1,	44.0,	24.814,			1.462,			0.958,			0.958,			1.459,			0.979,			0.502
96,	1,	146.0,	24.853,			1.458,			0.986,			0.986,			1.467,			0.975,			0.501
97,	1,	214.0,	24.883,			1.463,			0.963,			0.963,			1.48,			0.965,			0.501
98,	1,	6.0,	24.939,			1.463,			0.97,			0.97,			1.474,			0.963,			0.5
99,	1,	44.0,	24.959,			1.451,			0.973,			0.973,			1.454,			0.963,			0.5
100,	1,	7.0,	24.981,			1.452,			0.977,			0.977,			1.475,			0.976,			0.5
101,	1,	512.0,	25.069,			1.454,			0.964,			0.964,			1.458,			0.955,			0.499
102,	1,	95.0,	25.089,			1.465,			0.976,			0.976,			1.449,			0.965,			0.5
103,	1,	214.0,	25.106,			1.468,			0.966,			0.966,			1.447,			0.966,			0.501
104,	1,	6.0,	25.16,			1.477,			0.947,			0.947,			1.462,			0.968,			0.501
105,	1,	120.0,	25.16,			1.459,			0.977,			0.977,			1.455,			0.982,			0.498
106,	1,	7.0,	25.197,			1.46,			0.978,			0.978,			1.455,			0.964,			0.498
107,	1,	6.0,	25.256,			1.463,			0.973,			0.973,			1.478,			0.976,			0.501
108,	1,	214.0,	25.312,			1.463,			0.951,			0.951,			1.463,			0.973,			0.5
109,	1,	387.0,	25.312,			1.467,			0.962,			0.962,			1.453,			0.982,			0.5
110,	1,	7.0,	25.343,			1.457,			0.975,			0.975,			1.456,			0.966,			0.5
111,	1,	387.0,	25.42,			1.456,			0.988,			0.988,			1.459,			0.948,			0.5
112,	1,	95.0,	25.469,			1.467,			0.968,			0.968,			1.472,			0.956,			0.499
113,	3,	82.1,	27.62,			5.493,			1.481,			1.481,			5.509,			1.515,			0.897
114,	2,	180.0,	29.941,			2.316,			0.101,			0.101,			2.29,			0.102,			0.049
115,	2,	156.0,	31.899,			2.287,			0.101,			0.101,			2.322,			0.096,			0.052
116,	2,	187.0,	33.24,			2.307,			0.099,			0.099,			2.297,			0.092,			0.05
117,	2,	346.0,	34.055,			2.295,			0.097,			0.097,			2.297,			0.104,			0.052
118,	2,	186.0,	35.639,			2.302,			0.101,			0.101,			2.322,			0.1,			0.051
119,	2,	107.0,	38.617,			2.301,			0.094,			0.094,			2.291,			0.115,			0.051
120,	2,	215.0,	40.242,			2.299,			0.096,			0.096,			2.299,			0.1,			0.05
121,	2,	261.0,	40.273,			2.302,			0.097,			0.097,			2.297,			0.095,			0.05
122,	2,	154.0,	42.02,			2.307,			0.102,			0.102,			2.316,			0.108,			0.049
123,	2,	204.0,	43.66,			2.276,			0.108,			0.108,			2.298,			0.103,			0.05
124,	2,	182.0,	44.707,			2.307,			0.094,			0.094,			2.302,			0.089,			0.05
125,	2,	225.0,	45.93,			2.295,			0.089,			0.089,			2.306,			0.096,			0.049
126,	2,	116.0,	48.448,			2.302,			0.104,			0.104,			2.298,			0.101,			0.051
127,	2,	207.0,	51.349,			2.297,			0.105,			0.105,			2.305,			0.095,			0.05
128,	2,	214.0,	52.004,			2.288,			0.103,			0.103,			2.314,			0.101,			0.049
129,	2,	341.0,	52.605,			2.287,			0.093,			0.093,			2.3,			0.095,			0.049
130,	2,	126.0,	53.145,			2.291,			0.096,			0.096,			2.285,			0.104,			0.049
131,	2,	102.0,	53.212,			2.307,			0.106,			0.106,			2.29,			0.1,			0.049
132,	2,	309.0,	54.758,			2.301,			0.089,			0.089,			2.292,			0.104,			0.051
133,	2,	91.0,	59.002,			2.294,			0.099,			0.099,			2.285,			0.104,			0.049
134,	2,	162.0,	60.289,			2.325,			0.103,			0.103,			2.288,			0.1,			0.049
135,	2,	97.0,	62.836,			2.301,			0.085,			0.085,			2.322,			0.103,			0.051
136,	2,	149.0,	63.738,			2.298,			0.101,			0.101,			2.294,			0.094,			0.051
137,	2,	82.0,	63.952,			2.298,			0.113,			0.113,			2.313,			0.103,			0.051
138,	2,	222.0,	67.495,			2.313,			0.1,			0.1,			2.323,			0.096,			0.051
139,	2,	102.0,	68.247,			2.325,			0.105,			0.105,			2.309,			0.103,			0.05
140,	2,	43.0,	71.353,			2.308,			0.104,			0.104,			2.301,			0.105,			0.049
141,	2,	202.0,	71.961,			2.306,			0.092,			0.092,			2.297,			0.1,			0.051
142,	2,	236.0,	72.558,			2.311,			0.107,			0.107,			2.309,			0.095,			0.051
143,	2,	195.0,	73.382,			2.301,			0.104,			0.104,			2.305,			0.102,			0.051
144,	2,	156.0,	73.409,			2.319,			0.098,			0.098,			2.313,			0.092,			0.05
145,	2,	142.0,	74.79,			2.302,			0.107,			0.107,			2.301,			0.102,			0.052
146,	2,	174.0,	75.357,			2.306,			0.094,			0.094,			2.301,			0.115,			0.049
147,	1,	498.0,	76.026,			1.458,			0.973,			0.973,			1.463,			0.965,			0.501
148,	2,	178.0,	76.573,			2.299,			0.1,			0.1,			2.306,			0.096,			0.049
149,	1,	7.0,	76.87,			1.482,			0.983,			0.983,			1.466,			0.956,			0.5
150,	1,	169.0,	77.363,			1.462,			0.962,			0.962,			1.451,			0.966,			0.501
151,	1,	157.0,	78.563,			1.436,			0.968,			0.968,			1.464,			0.96,			0.5
152,	2,	154.0,	81.648,			2.296,			0.107,			0.107,			2.309,			0.09,			0.05
153,	2,	165.0,	81.666,			2.281,			0.097,			0.097,			2.307,			0.101,			0.049
154,	2,	151.0,	84.135,			2.305,			0.092,			0.092,			2.304,			0.109,			0.053
155,	2,	110.0,	86.143,			2.305,			0.101,			0.101,			2.305,			0.096,			0.051
156,	2,	117.0,	88.872,			2.3,			0.101,			0.101,			2.311,			0.098,			0.05
157,	2,	176.0,	91.668,			2.314,			0.101,			0.101,			2.285,			0.098,			0.05
158,	2,	65.0,	99.327,			2.31,			0.098,			0.098,			2.309,			0.09,			0.049
159,	2,	198.0,	103.69,			2.3,			0.1,			0.1,			2.296,			0.098,			0.048
160,	2,	119.0,	109.789,			2.292,			0.103,			0.103,			2.294,			0.103,			0.051
161,	2,	122.0,	110.106,			2.297,			0.1,			0.1,			2.301,			0.11,			0.049
162,	2,	231.0,	110.923,			2.3,			0.092,			0.092,			2.286,			0.095,			0.05
163,	2,	116.0,	111.668,			2.294,			0.099,			0.099,			2.303,			0.101,			0.049
164,	2,	86.0,	112.656,			2.29,			0.097,			0.097,			2.312,			0.088,			0.052
165,	2,	197.0,	113.487,			2.305,			0.103,			0.103,			2.293,			0.103,			0.05
166,	2,	189.0,	114.018,			2.289,			0.107,			0.107,			2.291,			0.104,			0.049
167,	2,	365.0,	117.366,			2.305,			0.099,			0.099,			2.297,			0.095,			0.051
168,	2,	134.0,	125.103,			2.295,			0.101,			0.101,			2.309,			0.104,			0.049
169,	2,	248.0,	125.675,			2.301,			0.105,			0.105,			2.308,			0.092,			0.049
170,	2,	138.0,	125.792,			2.294,			0.1,			0.1,			2.304,			0.09,			0.05
171,	2,	97.0,	127.6,			2.32,			0.115,			0.115,			2.295,			0.091,			0.048
172,	2,	150.0,	129.134,			2.319,			0.102,			0.102,			2.309,			0.097,			0.049
173,	2,	162.0,	129.874,			2.322,			0.098,			0.098,			2.301,			0.095,			0.05
174,	2,	182.0,	129.936,			2.313,			0.103,			0.103,			2.311,			0.099,			0.05
175,	2,	155.0,	134.487,			2.312,			0.101,			0.101,			2.301,			0.093,			0.051
176,	2,	139.0,	134.995,			2.294,			0.104,			0.104,			2.283,			0.086,			0.05
177,	2,	125.0,	137.348,			2.308,			0.102,			0.102,			2.297,			0.103,			0.051
178,	2,	133.0,	139.995,			2.309,			0.104,			0.104,			2.321,			0.09,			0.049
179,	2,	136.0,	140.464,			2.297,			0.098,			0.098,			2.299,			0.091,			0.049
180,	2,	91.0,	142.238,			2.291,			0.104,			0.104,			2.297,			0.112,			0.05
181,	2,	104.0,	145.95,			2.301,			0.108,			0.108,			2.298,			0.106,			0.051
182,	2,	141.0,	147.943,			2.305,			0.093,			0.093,			2.321,			0.101,			0.051
183,	2,	184.0,	150.039,			2.293,			0.097,			0.097,			2.302,			0.102,			0.05
184,	2,	80.0,	151.521,			2.266,			0.099,			0.099,			2.295,			0.096,			0.051
185,	2,	117.0,	153.432,			2.31,			0.101,			0.101,			2.282,			0.1,			0.051
186,	2,	240.0,	153.594,			2.294,			0.108,			0.108,			2.294,			0.11,			0.05
187,	2,	46.0,	156.554,			2.305,			0.108,			0.108,			2.31,			0.101,			0.052
188,	2,	90.0,	156.703,			2.311,			0.088,			0.088,			2.307,			0.096,			0.052
189,	2,	206.0,	158.659,			2.299,			0.098,			0.098,			2.304,			0.091,			0.051
190,	2,	341.0,	159.533,			2.297,			0.087,			0.087,			2.309,			0.097,			0.05
191,	2,	198.0,	161.262,			2.287,			0.1,			0.1,			2.303,			0.097,			0.05
192,	2,	225.0,	161.271,			2.307,			0.097,			0.097,			2.299,			0.094,			0.051
193,	2,	177.0,	161.413,			2.3,			0.099,			0.099,			2.306,			0.105,			0.049
194,	2,	285.0,	167.625,			2.288,			0.093,			0.093,			2.288,			0.111,			0.049
195,	2,	157.0,	169.324,			2.307,			0.101,			0.101,			2.309,			0.106,			0.049
196,	2,	140.0,	170.72,			2.299,			0.102,			0.102,			2.307,			0.105,			0.05
197,	2,	246.0,	171.988,			2.305,			0.099,			0.099,			2.311,			0.094,			0.05
198,	2,	248.0,	174.311,			2.294,			0.103,			0.103,			2.296,			0.099,			0.052
199,	2,	123.0,	175.326,			2.291,			0.104,			0.104,			2.296,			0.105,			0.049
200,	2,	120.0,	175.844,			2.319,			0.094,			0.094,			2.294,			0.093,			0.051
201,	2,	132.0,	178.226,			2.3,			0.096,			0.096,			2.303,			0.105,			0.05
202,	2,	97.0,	181.13,			2.322,			0.096,			0.096,			2.299,			0.09,			0.05
203,	2,	202.0,	181.383,			2.304,			0.092,			0.092,			2.323,			0.098,			0.051
204,	2,	76.0,	184.627,			2.314,			0.101,			0.101,			2.294,			0.1,			0.048
205,	2,	98.0,	185.456,			2.287,			0.097,			0.097,			2.293,			0.1,			0.05
206,	2,	185.0,	188.038,			2.303,			0.106,			0.106,			2.305,			0.099,			0.051
207,	2,	197.0,	189.728,			2.293,			0.089,			0.089,			2.317,			0.1,			0.05
208,	2,	118.0,	193.58,			2.311,			0.093,			0.093,			2.304,			0.093,			0.05
209,	2,	205.0,	194.777,			2.294,			0.096,			0.096,			2.309,			0.103,			0.049
210,	2,	180.0,	200.733,			2.322,			0.101,			0.101,			2.306,			0.109,			0.049
211,	2,	104.0,	202.943,			2.295,			0.102,			0.102,			2.312,			0.098,			0.05
212,	2,	80.0,	208.256,			2.307,			0.103,			0.103,			2.291,			0.106,			0.051
213,	2,	176.0,	209.682,			2.292,			0.1,			0.1,			2.286,			0.098,			0.05
214,	2,	88.0,	210.272,			2.311,			0.097,			0.097,			2.299,			0.093,			0.05
215,	2,	143.0,	210.55,			2.307,			0.095,			0.095,			2.295,			0.097,			0.048
216,	1,	13.0,	214.366,			1.458,			0.97,			0.97,			1.449,			0.956,			0.5
217,	2,	214.0,	214.78,			2.295,			0.096,			0.096,			2.298,			0.103,			0.05
218,	2,	134.0,	215.017,			2.322,			0.104,			0.104,			2.295,			0.104,			0.049
219,	2,	122.0,	215.103,			2.291,			0.106,			0.106,			2.31,			0.089,			0.051
220,	2,	125.0,	215.434,			2.297,			0.098,			0.098,			2.292,			0.107,			0.049
221,	2,	172.0,	216.767,			2.309,			0.095,			0.095,			2.291,			0.103,			0.05
222,	2,	90.0,	221.562,			2.293,			0.097,			0.097,			2.314,			0.099,			0.049
223,	2,	135.0,	223.738,			2.302,			0.101,			0.101,			2.286,			0.096,			0.049
224,	3,	407.0,	225.146,			5.498,			1.512,			1.512,			5.493,			1.52,			0.899
225,	3,	698.8,	225.165,			5.49,			1.506,			1.506,			5.511,			1.489,			0.905
226,	3,	242.7,	225.309,			5.516,			1.507,			1.507,			5.504,			1.499,			0.888
227,	3,	425.7,	225.409,			5.518,			1.501,			1.501,			5.507,			1.509,			0.895
228,	3,	102.0,	225.485,			5.494,			1.512,			1.512,			5.485,			1.488,			0.898
229,	3,	158.8,	225.486,			5.49,			1.515,			1.515,			5.502,			1.497,			0.902
230,	3,	423.7,	225.646,			5.473,			1.484,			1.484,			5.505,			1.502,			0.906
231,	3,	170.2,	225.654,			5.507,			1.502,			1.502,			5.521,			1.506,			0.902
232,	3,	212.6,	225.685,			5.511,			1.496,			1.496,			5.497,			1.494,			0.909
233,	3,	290.7,	225.753,			5.483,			1.492,			1.492,			5.502,			1.494,			0.897
234,	3,	167.3,	225.807,			5.503,			1.501,			1.501,			5.501,			1.489,			0.898
235,	3,	278.8,	225.818,			5.494,			1.509,			1.509,			5.505,			1.498,			0.899
236,	3,	98.4,	225.939,			5.499,			1.496,			1.496,			5.504,			1.499,			0.894
237,	3,	82.0,	226.083,			5.509,			1.499,			1.499,			5.494,			1.495,			0.903
238,	3,	143.8,	226.114,			5.507,			1.504,			1.504,			5.489,			1.496,			0.894
239,	3,	184.3,	226.116,			5.491,			1.508,			1.508,			5.511,			1.5,			0.899
240,	3,	107.0,	226.121,			5.488,			1.5,			1.5,			5.497,			1.483,			0.894
241,	3,	137.9,	226.123,			5.506,			1.494,			1.494,			5.489,			1.494,			0.895
242,	3,	83.2,	226.179,			5.498,			1.496,			1.496,			5.491,			1.506,			0.909
243,	3,	160.7,	226.201,			5.505,			1.492,			1.492,			5.498,			1.509,			0.903
244,	3,	190.7,	226.255,			5.502,			1.5,			1.5,			5.495,			1.518,			0.897
245,	3,	93.4,	226.612,			5.509,			1.503,			1.503,			5.494,			1.502,			0.915
246,	3,	93.4,	226.628,			5.49,			1.499,			1.499,			5.496,			1.485,			0.899
247,	3,	95.1,	226.642,			5.509,			1.527,			1.527,			5.502,			1.497,			0.901
248,	3,	190.7,	226.719,			5.5,			1.509,			1.509,			5.492,			1.488,			0.902
249,	2,	101.0,	226.777,			2.299,			0.091,			0.091,			2.309,			0.098,			0.05
250,	3,	352.6,	226.829,			5.495,			1.512,			1.512,			5.506,			1.504,			0.898
251,	3,	137.4,	226.861,			5.509,			1.501,			1.501,			5.507,			1.508,			0.895
252,	3,	215.9,	226.971,			5.514,			1.489,			1.489,			5.496,			1.504,			0.9
253,	3,	164.1,	226.973,			5.512,			1.495,			1.495,			5.5,			1.512,			0.889
254,	3,	212.6,	226.98,			5.487,			1.496,			1.496,			5.503,			1.504,			0.894
255,	3,	303.8,	226.991,			5.492,			1.48,			1.48,			5.494,			1.493,			0.896
256,	3,	85.7,	227.051,			5.5,			1.496,			1.496,			5.504,			1.482,			0.899
257,	3,	119.1,	227.1,			5.489,			1.485,			1.485,			5.496,			1.498,			0.903
258,	3,	159.8,	227.169,			5.504,			1.501,			1.501,			5.493,			1.489,			0.897
259,	3,	229.1,	227.22,			5.499,			1.493,			1.493,			5.506,			1.505,			0.899
260,	3,	79.9,	227.283,			5.491,			1.507,			1.507,			5.503,			1.493,			0.899
261,	3,	126.6,	227.403,			5.502,			1.497,			1.497,			5.485,			1.494,			0.898
262,	3,	110.9,	227.415,			5.507,			1.5,			1.5,			5.501,			1.51,			0.904
263,	3,	163.8,	227.442,			5.504,			1.492,			1.492,			5.494,			1.492,			0.899
264,	3,	447.3,	227.447,			5.501,			1.485,			1.485,			5.498,			1.497,			0.897
265,	3,	364.1,	227.75,			5.518,			1.486,			1.486,			5.487,			1.508,			0.895
266,	3,	217.7,	227.831,			5.492,			1.487,			1.487,			5.483,			1.484,			0.902
267,	3,	82.6,	227.893,			5.493,			1.483,			1.483,			5.519,			1.493,			0.903
268,	3,	93.7,	227.919,			5.502,			1.497,			1.497,			5.5,			1.527,			0.889
269,	3,	74.8,	227.926,			5.528,			1.483,			1.483,			5.498,			1.49,			0.913
270,	3,	206.3,	227.942,			5.495,			1.517,			1.517,			5.493,			1.487,			0.893
271,	3,	236.2,	227.952,			5.503,			1.491,			1.491,			5.502,			1.5,			0.901
272,	3,	58.5,	227.962,			5.508,			1.488,			1.488,			5.518,			1.501,			0.893
273,	3,	220.7,	228.069,			5.518,			1.481,			1.481,			5.488,			1.508,			0.908
274,	3,	720.7,	228.095,			5.508,			1.492,			1.492,			5.481,			1.502,			0.903
275,	3,	176.0,	228.145,			5.515,			1.487,			1.487,			5.482,			1.505,			0.895
276,	3,	197.4,	228.175,			5.496,			1.516,			1.516,			5.496,			1.501,			0.912
277,	3,	175.1,	228.306,			5.495,			1.504,			1.504,			5.497,			1.496,			0.894
278,	3,	59.9,	228.489,			5.494,			1.513,			1.513,			5.504,			1.481,			0.901
279,	3,	145.9,	228.505,			5.517,			1.492,			1.492,			5.489,			1.513,			0.906
280,	3,	84.8,	228.586,			5.506,			1.492,			1.492,			5.508,			1.509,			0.897
281,	3,	256.3,	228.62,			5.497,			1.494,			1.494,			5.521,			1.512,			0.896
282,	3,	624.8,	228.683,			5.507,			1.498,			1.498,			5.509,			1.48,			0.902
283,	2,	148.0,	228.73,			2.314,			0.1,			0.1,			2.311,			0.095,			0.05
284,	3,	312.7,	228.731,			5.513,			1.485,			1.485,			5.495,			1.517,			0.898
285,	3,	118.2,	228.734,			5.504,			1.515,			1.515,			5.502,			1.49,			0.894
286,	3,	57.1,	228.749,			5.485,			1.515,			1.515,			5.488,			1.507,			0.906
287,	3,	102.0,	228.757,			5.492,			1.497,			1.497,			5.501,			1.49,			0.897
288,	3,	620.7,	228.824,			5.521,			1.501,			1.501,			5.498,			1.523,			0.902
289,	3,	98.4,	228.832,			5.515,			1.473,			1.473,			5.512,			1.51,			0.904
290,	3,	184.3,	228.843,			5.51,			1.503,			1.503,			5.502,			1.493,			0.898
291,	3,	343.2,	228.881,			5.503,			1.492,			1.492,			5.501,			1.506,			0.905
292,	3,	317.4,	228.881,			5.503,			1.485,			1.485,			5.48,			1.497,			0.894
293,	3,	630.9,	228.932,			5.515,			1.491,			1.491,			5.507,			1.509,			0.891
294,	3,	57.1,	228.976,			5.508,			1.508,			1.508,			5.512,			1.504,			0.891
295,	3,	123.4,	228.985,			5.508,			1.505,			1.505,			5.484,			1.5,			0.902
296,	3,	116.6,	228.992,			5.481,			1.491,			1.491,			5.513,			1.501,			0.905
297,	3,	102.6,	229.042,			5.498,			1.505,			1.505,			5.508,			1.477,			0.902
298,	3,	211.0,	229.108,			5.512,			1.507,			1.507,			5.496,			1.496,			0.896
299,	3,	185.1,	229.189,			5.5,			1.516,			1.516,			5.487,			1.499,			0.888
300,	3,	481.8,	229.215,			5.504,			1.509,			1.509,			5.501,			1.499,			0.892
301,	3,	266.0,	229.261,			5.499,			1.512,			1.512,			5.506,			1.507,			0.896
302,	3,	192.4,	229.331,			5.488,			1.491,			1.491,			5.501,			1.496,			0.898
303,	3,	105.7,	229.382,			5.5,			1.499,			1.499,			5.504,			1.512,			0.895
304,	3,	394.0,	229.424,			5.492,			1.498,			1.498,			5.494,			1.52,			0.903
305,	3,	163.8,	229.56,			5.493,			1.496,			1.496,			5.5,			1.494,			0.897
306,	3,	82.0,	229.574,			5.495,			1.509,			1.509,			5.489,			1.498,			0.906
307,	3,	229.3,	229.602,			5.483,			1.504,			1.504,			5.509,			1.502,			0.903
308,	3,	256.3,	229.634,			5.502,			1.502,			1.502,			5.493,			1.491,			0.904
309,	3,	146.6,	229.646,			5.496,			1.5,			1.5,			5.502,			1.5,			0.901
310,	3,	320.7,	229.718,			5.505,			1.517,			1.517,			5.484,			1.498,			0.899
311,	3,	66.8,	229.729,			5.508,			1.507,			1.507,			5.502,			1.489,			0.902
312,	3,	461.2,	229.794,			5.483,			1.504,			1.504,			5.507,			1.489,			0.902
313,	3,	224.8,	229.902,			5.483,			1.509,			1.509,			5.513,			1.504,			0.894
314,	3,	720.7,	229.935,			5.5,			1.499,			1.499,			5.496,			1.519,			0.902
315,	3,	165.4,	229.968,			5.511,			1.494,			1.494,			5.487,			1.485,			0.897
316,	3,	173.2,	230.097,			5.501,			1.514,			1.514,			5.526,			1.496,			0.902
317,	2,	135.0,	233.108,			2.306,			0.095,			0.095,			2.307,			0.095,			0.051
318,	2,	86.0,	233.857,			2.313,			0.102,			0.102,			2.307,			0.1,			0.052
319,	2,	69.0,	236.81,			2.31,			0.105,			0.105,			2.302,			0.104,			0.052
320,	2,	147.0,	237.495,			2.297,			0.099,			0.099,			2.287,			0.097,			0.049
321,	2,	208.0,	237.956,			2.297,			0.097,			0.097,			2.292,			0.1,			0.048
322,	2,	153.0,	239.247,			2.308,			0.097,			0.097,			2.302,			0.095,			0.049
323,	2,	61.0,	239.564,			2.302,			0.102,			0.102,			2.293,			0.101,			0.05
324,	2,	41.0,	241.367,			2.306,			0.1,			0.1,			2.277,			0.1,			0.049
325,	2,	101.0,	241.771,			2.32,			0.093,			0.093,			2.283,			0.105,			0.051
326,	3,	169.0,	242.256,			5.499,			1.504,			1.504,			5.526,			1.496,			0.901
327,	2,	127.0,	242.358,			2.293,			0.101,			0.101,			2.3,			0.105,			0.049
328,	2,	84.0,	242.905,			2.295,			0.101,			0.101,			2.309,			0.096,			0.049
329,	2,	79.0,	243.36,			2.289,			0.101,			0.101,			2.287,			0.097,			0.051
330,	2,	196.0,	243.698,			2.299,			0.101,			0.101,			2.316,			0.104,			0.051
331,	3,	336.5,	243.713,			5.482,			1.512,			1.512,			5.506,			1.509,			0.907
332,	2,	146.0,	245.8,			2.286,			0.091,			0.091,			2.315,			0.103,			0.051
333,	2,	94.0,	246.295,			2.3,			0.098,			0.098,			2.284,			0.1,			0.049
334,	2,	128.0,	247.639,			2.3,			0.096,			0.096,			2.291,			0.098,			0.049
335,	2,	192.0,	249.799,			2.306,			0.103,			0.103,			2.29,			0.095,			0.05
336,	2,	100.0,	250.424,			2.305,			0.102,			0.102,			2.289,			0.102,			0.051
337,	2,	96.0,	250.586,			2.299,			0.095,			0.095,			2.316,			0.095,			0.051
338,	2,	175.0,	251.251,			2.285,			0.098,			0.098,			2.306,			0.094,			0.049
339,	2,	166.0,	254.059,			2.307,			0.096,			0.096,			2.299,			0.095,			0.048
340,	2,	365.0,	254.099,			2.295,			0.096,			0.096,			2.295,			0.108,			0.049
341,	3,	152.1,	256.743,			5.5,			1.493,			1.493,			5.506,			1.507,			0.901
342,	3,	121.8,	256.799,			5.488,			1.517,			1.517,			5.51,			1.489,			0.897
343,	2,	166.0,	258.298,			2.292,			0.096,			0.096,			2.291,			0.104,			0.049
344,	2,	24.0,	258.662,			2.317,			0.097,			0.097,			2.316,			0.099,			0.049
345,	2,	190.0,	259.638,			2.301,			0.103,			0.103,			2.316,			0.107,			0.05
346,	2,	112.0,	260.112,			2.278,			0.101,			0.101,			2.291,			0.11,			0.05
347,	2,	99.0,	262.918,			2.316,			0.1,			0.1,			2.301,			0.094,			0.05
348,	2,	77.0,	263.426,			2.295,			0.105,			0.105,			2.303,			0.108,			0.052
349,	2,	151.0,	263.921,			2.306,			0.107,			0.107,			2.313,			0.102,			0.051
350,	2,	101.0,	263.983,			2.3,			0.101,			0.101,			2.311,			0.1,			0.048
351,	2,	172.0,	265.146,			2.299,			0.102,			0.102,			2.303,			0.096,			0.049
352,	2,	185.0,	266.867,			2.312,			0.092,			0.092,			2.302,			0.099,			0.051
353,	2,	208.0,	268.239,			2.292,			0.097,			0.097,			2.294,			0.101,			0.052
354,	2,	146.0,	269.824,			2.288,			0.101,			0.101,			2.3,			0.097,			0.05
355,	2,	42.0,	272.374,			2.296,			0.102,			0.102,			2.315,			0.095,			0.05
356,	2,	267.0,	276.256,			2.279,			0.097,			0.097,			2.282,			0.095,			0.051
357,	2,	206.0,	279.358,			2.3,			0.096,			0.096,			2.308,			0.098,			0.049
358,	2,	207.0,	281.545,			2.302,			0.105,			0.105,			2.314,			0.09,			0.05
359,	2,	145.0,	283.939,			2.296,			0.099,			0.099,			2.302,			0.101,			0.051
360,	2,	105.0,	285.298,			2.305,			0.095,			0.095,			2.313,			0.095,			0.049
361,	2,	59.0,	285.842,			2.304,			0.104,			0.104,			2.297,			0.094,			0.05
362,	2,	128.0,	290.286,			2.298,			0.097,			0.097,			2.297,			0.103,			0.049
363,	2,	189.0,	291.674,			2.306,			0.108,			0.108,			2.292,			0.103,			0.051
364,	2,	151.0,	292.153,			2.304,			0.113,			0.113,			2.312,			0.098,			0.05
365,	2,	85.0,	292.57,			2.296,			0.096,			0.096,			2.303,			0.1,			0.047
366,	2,	114.0,	293.905,			2.299,			0.102,			0.102,			2.281,			0.098,			0.05
367,	2,	80.0,	301.94,			2.305,			0.096,			0.096,			2.304,			0.096,			0.05
368,	2,	99.0,	304.628,			2.306,			0.092,			0.092,			2.306,			0.101,			0.051
369,	2,	206.0,	305.303,			2.307,			0.103,			0.103,			2.312,			0.097,			0.051
370,	2,	152.0,	308.626,			2.296,			0.105,			0.105,			2.288,			0.094,			0.048
371,	2,	122.0,	308.722,			2.316,			0.096,			0.096,			2.294,			0.101,			0.05
372,	2,	147.0,	308.958,			2.296,			0.1,			0.1,			2.306,			0.1,			0.049
373,	2,	214.0,	309.359,			2.314,			0.099,			0.099,			2.29,			0.095,			0.049
374,	2,	238.0,	313.723,			2.297,			0.097,			0.097,			2.311,			0.104,			0.05
375,	2,	106.0,	313.767,			2.287,			0.095,			0.095,			2.303,			0.099,			0.052
376,	2,	135.0,	314.029,			2.309,			0.086,			0.086,			2.294,			0.099,			0.05
377,	2,	139.0,	315.226,			2.278,			0.101,			0.101,			2.305,			0.095,			0.05
378,	2,	149.0,	316.564,			2.31,			0.092,			0.092,			2.303,			0.092,			0.05
379,	2,	40.0,	320.046,			2.289,			0.09,			0.09,			2.298,			0.096,			0.052
380,	2,	133.0,	320.212,			2.313,			0.107,			0.107,			2.282,			0.111,			0.05
381,	2,	74.0,	327.376,			2.303,			0.096,			0.096,			2.291,			0.1,			0.051
382,	2,	154.0,	327.551,			2.295,			0.099,			0.099,			2.288,			0.101,			0.051
383,	2,	141.0,	328.619,			2.305,			0.097,			0.097,			2.311,			0.096,			0.051
384,	2,	330.0,	328.661,			2.312,			0.101,			0.101,			2.309,			0.1,			0.05
385,	2,	275.0,	328.791,			2.298,			0.101,			0.101,			2.304,			0.105,			0.05
386,	2,	185.0,	329.779,			2.309,			0.095,			0.095,			2.311,			0.1,			0.049
387,	2,	372.0,	332.443,			2.291,			0.109,			0.109,			2.304,			0.096,			0.049
388,	2,	79.0,	334.959,			2.309,			0.105,			0.105,			2.31,			0.093,			0.049
389,	2,	93.0,	335.173,			2.306,			0.1,			0.1,			2.31,			0.1,			0.048
390,	2,	280.0,	336.971,			2.281,			0.103,			0.103,			2.305,			0.092,			0.051
391,	2,	183.0,	338.819,			2.279,			0.094,			0.094,			2.322,			0.096,			0.05
392,	2,	244.0,	340.683,			2.325,			0.102,			0.102,			2.311,			0.103,			0.05
393,	2,	269.0,	341.891,			2.294,			0.098,			0.098,			2.313,			0.099,			0.047
394,	2,	125.0,	341.918,			2.297,			0.1,			0.1,			2.309,			0.091,			0.051
395,	2,	170.0,	343.422,			2.295,			0.102,			0.102,			2.303,			0.102,			0.048
396,	2,	114.0,	343.653,			2.3,			0.1,			0.1,			2.3,			0.109,			0.05
397,	2,	141.0,	344.251,			2.302,			0.1,			0.1,			2.298,			0.1,			0.05
398,	2,	63.0,	344.673,			2.303,			0.106,			0.106,			2.29,			0.099,			0.049
399,	2,	274.0,	346.925,			2.29,			0.095,			0.095,			2.313,			0.105,			0.049
400,	2,	187.0,	348.49,			2.323,			0.095,			0.095,			2.297,			0.105,			0.05
401,	2,	92.0,	348.509,			2.297,			0.101,			0.101,			2.294,			0.101,			0.05
402,	2,	148.0,	348.903,			2.318,			0.103,			0.103,			2.311,			0.102,			0.049
403,	2,	105.0,	349.068,			2.306,			0.097,			0.097,			2.31,			0.096,			0.05
404,	2,	127.0,	350.636,			2.295,			0.104,			0.104,			2.307,			0.106,			0.049
405,	2,	135.0,	354.176,			2.315,			0.099,			0.099,			2.314,			0.096,			0.049
406,	2,	66.0,	361.068,			2.31,			0.096,			0.096,			2.302,			0.103,			0.051
407,	2,	265.0,	361.225,			2.287,			0.107,			0.107,			2.309,			0.106,			0.05
408,	2,	233.0,	362.037,			2.316,			0.097,			0.097,			2.276,			0.101,			0.05
409,	2,	142.0,	365.915,			2.296,			0.099,			0.099,			2.314,			0.103,			0.05
410,	2,	220.0,	370.407,			2.287,			0.09,			0.09,			2.297,			0.097,			0.051
411,	2,	138.0,	373.119,			2.308,			0.095,			0.095,			2.309,			0.1,			0.051
412,	2,	111.0,	376.798,			2.311,			0.094,			0.094,			2.308,			0.099,			0.051
413,	2,	121.0,	383.725,			2.313,			0.109,			0.109,			2.303,			0.094,			0.05
414,	2,	155.0,	384.984,			2.285,			0.103,			0.103,			2.292,			0.101,			0.05
415,	2,	58.0,	386.819,			2.298,			0.106,			0.106,			2.29,			0.098,			0.05
416,	2,	208.0,	388.0,			2.296,			0.1,			0.1,			2.289,			0.097,			0.05
417,	2,	240.0,	391.557,			2.303,			0.11,			0.11,			2.312,			0.095,			0.051
418,	2,	226.0,	391.771,			2.305,			0.099,			0.099,			2.314,			0.093,			0.051
419,	2,	118.0,	391.803,			2.293,			0.107,			0.107,			2.286,			0.105,			0.05
420,	2,	272.0,	394.833,			2.314,			0.096,			0.096,			2.3,			0.097,			0.051
421,	2,	135.0,	398.153,			2.305,			0.103,			0.103,			2.305,			0.092,			0.049
422,	2,	228.0,	398.407,			2.307,			0.086,			0.086,			2.291,			0.096,			0.049
423,	2,	278.0,	398.681,			2.3,			0.099,			0.099,			2.295,			0.094,			0.051
424,	2,	234.0,	398.865,			2.302,			0.103,			0.103,			2.302,			0.111,			0.051
425,	2,	66.0,	399.28,			2.297,			0.094,			0.094,			2.311,			0.101,			0.05
426,	2,	203.0,	402.11,			2.291,			0.105,			0.105,			2.304,			0.098,			0.05
427,	2,	260.0,	402.884,			2.303,			0.105,			0.105,			2.306,			0.1,			0.05
428,	2,	286.0,	403.223,			2.307,			0.087,			0.087,			2.31,			0.106,			0.052
429,	2,	200.0,	404.01,			2.322,			0.106,			0.106,			2.3,			0.101,			0.048
430,	2,	235.0,	404.418,			2.309,			0.097,			0.097,			2.302,			0.096,			0.049
431,	2,	81.0,	406.874,			2.294,			0.097,			0.097,			2.307,			0.099,			0.049
432,	2,	78.0,	407.245,			2.301,			0.105,			0.105,			2.3,			0.097,			0.048
433,	2,	133.0,	407.864,			2.307,			0.095,			0.095,			2.309,			0.099,			0.051
434,	2,	257.0,	408.703,			2.295,			0.105,			0.105,			2.311,			0.105,			0.05
435,	2,	75.0,	408.974,			2.294,			0.1,			0.1,			2.307,			0.091,			0.05
436,	2,	152.0,	409.476,			2.294,			0.104,			0.104,			2.32,			0.104,			0.05
437,	2,	107.0,	411.072,			2.299,			0.097,			0.097,			2.297,			0.115,			0.049
438,	2,	149.0,	411.435,			2.316,			0.101,			0.101,			2.294,			0.095,			0.05
439,	2,	162.0,	411.685,			2.3,			0.103,			0.103,			2.3,			0.099,			0.05
440,	2,	152.0,	415.32,			2.313,			0.115,			0.115,			2.297,			0.095,			0.05
441,	2,	104.0,	417.185,			2.301,			0.098,			0.098,			2.307,			0.109,			0.049
442,	2,	178.0,	418.307,			2.316,			0.101,			0.101,			2.324,			0.11,			0.049
443,	2,	171.0,	418.47,			2.305,			0.098,			0.098,			2.31,			0.099,			0.05
444,	2,	234.0,	419.142,			2.306,			0.098,			0.098,			2.294,			0.095,			0.049
445,	2,	42.0,	420.901,			2.295,			0.098,			0.098,			2.299,			0.1,			0.051
446,	2,	250.0,	422.471,			2.308,			0.097,			0.097,			2.322,			0.1,			0.05
447,	2,	234.0,	422.63,			2.314,			0.094,			0.094,			2.298,			0.1,			0.051
448,	2,	283.0,	427.642,			2.307,			0.085,			0.085,			2.281,			0.09,			0.051
449,	2,	87.0,	427.831,			2.306,			0.104,			0.104,			2.283,			0.108,			0.05
450,	2,	136.0,	427.955,			2.291,			0.104,			0.104,			2.299,			0.092,			0.049
451,	2,	174.0,	428.206,			2.311,			0.107,			0.107,			2.322,			0.1,			0.05
452,	2,	175.0,	434.439,			2.299,			0.108,			0.108,			2.293,			0.095,			0.051
453,	2,	127.0,	435.893,			2.286,			0.095,			0.095,			2.297,			0.107,			0.05
454,	2,	226.0,	437.252,			2.29,			0.094,			0.094,			2.31,			0.098,			0.05
455,	2,	117.0,	438.103,			2.311,			0.108,			0.108,			2.287,			0.096,			0.05
456,	2,	217.0,	442.093,			2.309,			0.1,			0.1,			2.277,			0.091,			0.049
457,	2,	90.0,	443.037,			2.276,			0.097,			0.097,			2.301,			0.097,			0.049
458,	2,	98.0,	443.556,			2.291,			0.094,			0.094,			2.307,			0.095,			0.051
459,	2,	258.0,	444.839,			2.302,			0.106,			0.106,			2.302,			0.11,			0.051
460,	2,	137.0,	445.152,			2.287,			0.098,			0.098,			2.302,			0.099,			0.051
461,	2,	249.0,	446.791,			2.29,			0.104,			0.104,			2.284,			0.1,			0.05
462,	2,	157.0,	447.357,			2.277,			0.11,			0.11,			2.299,			0.095,			0.05
463,	2,	124.0,	449.658,			2.277,			0.114,			0.114,			2.302,			0.098,			0.05
464,	2,	172.0,	451.118,			2.298,			0.1,			0.1,			2.278,			0.106,			0.049
465,	2,	69.0,	452.914,			2.305,			0.093,			0.093,			2.311,			0.101,			0.05
466,	2,	89.0,	456.871,			2.283,			0.11,			0.11,			2.305,			0.096,			0.049
467,	2,	197.0,	457.357,			2.309,			0.105,			0.105,			2.288,			0.095,			0.049
468,	2,	92.0,	457.975,			2.31,			0.105,			0.105,			2.293,			0.093,			0.05
469,	2,	209.0,	460.483,			2.316,			0.098,			0.098,			2.295,			0.099,			0.05
470,	2,	73.0,	461.149,			2.272,			0.093,			0.093,			2.308,			0.105,			0.05
471,	2,	88.0,	464.928,			2.31,			0.096,			0.096,			2.292,			0.1,			0.049
472,	2,	166.0,	465.66,			2.304,			0.098,			0.098,			2.291,			0.096,			0.051
473,	2,	141.0,	465.934,			2.307,			0.103,			0.103,			2.305,			0.105,			0.051
474,	2,	159.0,	466.143,			2.288,			0.099,			0.099,			2.285,			0.1,			0.05
475,	2,	103.0,	466.943,			2.318,			0.104,			0.104,			2.31,			0.094,			0.049
476,	2,	73.0,	469.575,			2.299,			0.107,			0.107,			2.304,			0.108,			0.05
477,	2,	179.0,	470.034,			2.294,			0.101,			0.101,			2.3,			0.102,			0.049
478,	2,	235.0,	470.289,			2.297,			0.101,			0.101,			2.313,			0.101,			0.049
479,	2,	166.0,	470.322,			2.281,			0.092,			0.092,			2.312,			0.096,			0.049
480,	2,	169.0,	470.721,			2.302,			0.105,			0.105,			2.288,			0.094,			0.05
481,	2,	171.0,	471.766,			2.298,			0.097,			0.097,			2.305,			0.108,			0.051
482,	2,	120.0,	472.016,			2.292,			0.101,			0.101,			2.296,			0.094,			0.051
483,	2,	333.0,	472.39,			2.31,			0.106,			0.106,			2.284,			0.095,			0.05
484,	2,	66.0,	476.71,			2.296,			0.094,			0.094,			2.294,			0.098,			0.049
485,	2,	147.0,	477.39,			2.3,			0.115,			0.115,			2.299,			0.095,			0.05
486,	2,	338.0,	481.008,			2.302,			0.102,			0.102,			2.302,			0.105,			0.05
487,	2,	80.0,	481.124,			2.286,			0.102,			0.102,			2.304,			0.088,			0.05
488,	2,	129.0,	481.256,			2.298,			0.105,			0.105,			2.297,			0.099,			0.05
489,	2,	103.0,	481.292,			2.292,			0.099,			0.099,			2.294,			0.102,			0.05
490,	2,	138.0,	482.796,			2.288,			0.104,			0.104,			2.303,			0.105,			0.049
491,	2,	120.0,	483.197,			2.31,			0.103,			0.103,			2.303,			0.094,			0.049
492,	2,	184.0,	484.695,			2.296,			0.09,			0.09,			2.304,			0.092,			0.051
493,	3,	184.3,	489.045,			5.509,			1.516,			1.516,			5.502,			1.482,			0.897
494,	3,	95.7,	489.559,			5.505,			1.486,			1.486,			5.512,			1.512,			0.905
495,	3,	97.0,	491.836,			5.491,			1.516,			1.516,			5.482,			1.5,			0.895
496,	3,	202.6,	493.683,			5.499,			1.499,			1.499,			5.499,			1.496,			0.898
497,	2,	104.0,	494.097,			2.319,			0.099,			0.099,			2.29,			0.101,			0.05
498,	2,	148.0,	495.379,			2.292,			0.101,			0.101,			2.311,			0.098,			0.049
499,	2,	270.0,	497.381,			2.305,			0.094,			0.094,			2.303,			0.107,			0.05
500,	2,	143.0,	499.059,			2.307,			0.104,			0.104,			2.301,			0.107,			0.049
