#, task_type_id, size, arrival_time,	execution_time_cpu,	execution_time_gpu,	execution_time_CLOUD
1,	2,	144.0,	0.857,			14.245,			1.12,			0.181
2,	1,	498.0,	0.927,			1.148,			0.145,			0.056
3,	2,	142.0,	3.135,			14.219,			1.043,			0.149
4,	2,	46.0,	3.307,			14.918,			1.252,			0.137
5,	1,	10.0,	3.798,			1.672,			0.117,			0.053
6,	2,	151.0,	4.87,			11.533,			1.117,			0.147
7,	2,	35.0,	5.53,			14.535,			1.365,			0.194
8,	2,	102.0,	6.131,			10.463,			1.492,			0.14
9,	2,	263.0,	10.652,			11.878,			1.265,			0.138
10,	1,	7.0,	11.159,			1.071,			0.279,			0.051
11,	2,	234.0,	12.272,			10.547,			1.49,			0.14
12,	1,	7.0,	14.048,			2.559,			0.256,			0.059
13,	2,	215.0,	15.75,			12.821,			1.255,			0.196
14,	2,	33.0,	16.173,			12.242,			1.438,			0.138
15,	2,	179.0,	16.379,			11.917,			1.124,			0.181
16,	2,	96.0,	18.321,			11.598,			1.356,			0.179
17,	2,	165.0,	18.922,			10.728,			1.493,			0.147
18,	2,	120.0,	19.541,			10.777,			1.128,			0.113
19,	2,	96.0,	19.773,			12.069,			1.34,			0.194
20,	2,	199.0,	20.705,			10.962,			1.205,			0.118
21,	1,	90.0,	20.927,			1.283,			0.284,			0.051
22,	2,	103.0,	21.389,			11.488,			1.222,			0.162
23,	1,	30.0,	21.615,			1.962,			0.237,			0.054
24,	2,	130.0,	22.804,			14.564,			1.127,			0.124
25,	1,	169.0,	23.195,			1.501,			0.186,			0.054
26,	2,	103.0,	24.09,			10.399,			1.107,			0.107
27,	1,	387.0,	26.228,			1.128,			0.294,			0.058
28,	2,	178.0,	26.836,			11.781,			1.008,			0.129
29,	1,	126.0,	27.839,			1.422,			0.208,			0.051
30,	2,	185.0,	29.138,			11.392,			1.162,			0.181
31,	1,	447.0,	29.236,			1.008,			0.192,			0.053
32,	1,	512.0,	29.982,			2.78,			0.133,			0.051
33,	2,	70.0,	30.94,			13.889,			1.141,			0.132
34,	1,	90.0,	30.982,			1.285,			0.212,			0.056
35,	2,	98.0,	32.229,			11.11,			1.406,			0.122
36,	1,	7.0,	32.648,			1.783,			0.299,			0.058
37,	2,	244.0,	34.915,			14.936,			1.453,			0.185
38,	1,	10.0,	35.367,			1.774,			0.279,			0.05
39,	2,	290.0,	36.749,			11.238,			1.268,			0.185
40,	1,	6.0,	38.32,			1.719,			0.229,			0.051
41,	2,	229.0,	38.822,			13.154,			1.222,			0.166
42,	1,	30.0,	39.313,			1.07,			0.172,			0.053
43,	2,	122.0,	39.46,			12.271,			1.072,			0.136
44,	2,	179.0,	39.983,			12.299,			1.127,			0.168
45,	1,	120.0,	40.331,			1.322,			0.202,			0.059
46,	1,	447.0,	41.52,			1.343,			0.259,			0.055
47,	1,	7.0,	43.15,			1.588,			0.297,			0.051
48,	2,	187.0,	43.308,			12.786,			1.164,			0.147
49,	1,	498.0,	43.863,			2.635,			0.206,			0.052
50,	2,	79.0,	44.804,			12.141,			1.036,			0.16
51,	2,	97.0,	45.029,			11.017,			1.492,			0.199
52,	1,	103.0,	48.531,			2.634,			0.146,			0.055
53,	2,	188.0,	48.658,			10.782,			1.046,			0.119
54,	2,	207.0,	49.496,			11.328,			1.231,			0.165
55,	1,	379.0,	49.699,			2.048,			0.14,			0.058
56,	1,	16.0,	49.969,			1.116,			0.164,			0.053
57,	1,	7.0,	50.069,			2.065,			0.234,			0.055
58,	2,	93.0,	50.25,			10.244,			1.251,			0.11
59,	1,	6.0,	51.543,			2.047,			0.159,			0.053
60,	1,	157.0,	51.649,			2.642,			0.113,			0.055
61,	1,	559.0,	51.807,			2.567,			0.121,			0.052
62,	2,	176.0,	54.052,			11.639,			1.408,			0.185
63,	2,	120.0,	54.784,			11.496,			1.445,			0.196
64,	1,	498.0,	55.311,			1.848,			0.203,			0.052
65,	1,	498.0,	56.766,			1.708,			0.134,			0.057
66,	2,	70.0,	57.237,			13.798,			1.349,			0.164
67,	2,	136.0,	57.39,			13.963,			1.401,			0.109
68,	1,	7.0,	57.396,			2.489,			0.263,			0.059
69,	1,	120.0,	58.272,			2.298,			0.217,			0.054
70,	2,	161.0,	59.255,			10.598,			1.119,			0.185
71,	1,	49.0,	59.677,			2.969,			0.222,			0.052
72,	1,	59.0,	60.7,			1.774,			0.194,			0.052
73,	1,	30.0,	61.429,			1.009,			0.1,			0.055
74,	2,	57.0,	61.897,			12.662,			1.426,			0.195
75,	2,	144.0,	62.33,			14.002,			1.289,			0.155
76,	1,	7.0,	62.474,			1.096,			0.193,			0.051
77,	2,	254.0,	63.78,			14.268,			1.405,			0.106
78,	2,	226.0,	64.918,			14.566,			1.202,			0.14
79,	2,	83.0,	65.306,			14.967,			1.341,			0.184
80,	1,	28.0,	65.358,			2.398,			0.112,			0.057
81,	1,	28.0,	65.637,			2.249,			0.222,			0.05
82,	1,	59.0,	65.765,			1.23,			0.141,			0.052
83,	2,	176.0,	65.805,			10.784,			1.461,			0.18
84,	1,	95.0,	65.981,			2.984,			0.123,			0.05
85,	1,	126.0,	66.078,			2.947,			0.27,			0.058
86,	2,	258.0,	67.323,			10.413,			1.368,			0.147
87,	1,	103.0,	67.893,			2.618,			0.16,			0.053
88,	1,	387.0,	67.949,			2.346,			0.251,			0.059
89,	1,	90.0,	68.991,			1.571,			0.185,			0.059
90,	1,	6.0,	69.019,			1.548,			0.134,			0.052
91,	2,	203.0,	69.486,			10.92,			1.056,			0.104
92,	1,	44.0,	69.526,			1.702,			0.152,			0.053
93,	1,	44.0,	69.546,			1.044,			0.276,			0.053
94,	1,	103.0,	70.116,			2.123,			0.114,			0.053
95,	2,	334.0,	70.381,			13.596,			1.205,			0.138
96,	1,	498.0,	70.435,			2.047,			0.118,			0.058
97,	2,	30.0,	71.112,			11.706,			1.103,			0.154
98,	1,	126.0,	72.661,			1.998,			0.251,			0.055
99,	1,	7.0,	72.683,			2.408,			0.158,			0.057
100,	1,	146.0,	72.777,			1.609,			0.162,			0.056
101,	1,	28.0,	72.902,			1.302,			0.281,			0.055
102,	1,	95.0,	73.014,			2.08,			0.114,			0.06
103,	1,	6.0,	73.428,			1.522,			0.254,			0.053
104,	1,	59.0,	73.522,			1.441,			0.238,			0.052
105,	1,	379.0,	73.651,			2.947,			0.267,			0.058
106,	2,	101.0,	73.797,			13.181,			1.089,			0.158
107,	1,	16.0,	73.997,			2.598,			0.134,			0.056
108,	2,	126.0,	74.266,			12.789,			1.426,			0.117
109,	2,	136.0,	74.72,			13.476,			1.167,			0.132
110,	2,	225.0,	75.276,			12.909,			1.192,			0.104
111,	1,	28.0,	75.277,			1.97,			0.249,			0.054
112,	1,	28.0,	75.346,			2.8,			0.158,			0.052
113,	1,	387.0,	75.454,			1.932,			0.24,			0.053
114,	1,	44.0,	75.88,			1.748,			0.21,			0.056
115,	1,	387.0,	76.205,			1.667,			0.199,			0.053
116,	1,	126.0,	76.56,			1.08,			0.172,			0.051
117,	2,	169.0,	77.41,			11.248,			1.051,			0.171
118,	1,	10.0,	78.128,			1.864,			0.236,			0.055
119,	1,	6.0,	78.291,			1.422,			0.186,			0.054
120,	2,	34.0,	78.31,			13.792,			1.131,			0.125
121,	2,	194.0,	78.34,			12.391,			1.104,			0.106
122,	1,	7.0,	78.472,			2.819,			0.2,			0.057
123,	2,	83.0,	78.668,			12.421,			1.322,			0.179
124,	2,	125.0,	78.778,			11.896,			1.469,			0.135
125,	2,	103.0,	79.01,			14.76,			1.406,			0.125
126,	1,	6.0,	79.302,			1.075,			0.212,			0.053
127,	1,	214.0,	79.39,			1.305,			0.237,			0.057
128,	1,	10.0,	79.719,			1.838,			0.167,			0.052
129,	1,	90.0,	79.827,			2.006,			0.266,			0.052
130,	1,	16.0,	79.909,			1.007,			0.158,			0.059
131,	1,	559.0,	80.239,			2.144,			0.215,			0.055
132,	1,	169.0,	80.312,			2.244,			0.116,			0.05
133,	2,	97.0,	80.714,			10.279,			1.346,			0.11
134,	1,	126.0,	80.733,			2.358,			0.168,			0.053
135,	1,	16.0,	81.165,			2.757,			0.136,			0.052
136,	2,	157.0,	81.302,			13.239,			1.483,			0.169
137,	2,	314.0,	81.32,			11.075,			1.226,			0.197
138,	1,	103.0,	81.727,			2.448,			0.17,			0.05
139,	1,	44.0,	81.847,			1.799,			0.225,			0.052
140,	1,	559.0,	81.949,			1.932,			0.183,			0.053
141,	1,	512.0,	82.025,			2.857,			0.299,			0.058
142,	1,	379.0,	83.241,			1.128,			0.283,			0.055
143,	1,	49.0,	83.78,			1.018,			0.279,			0.054
144,	1,	103.0,	84.332,			1.435,			0.225,			0.053
145,	2,	246.0,	85.006,			10.443,			1.1,			0.16
146,	1,	498.0,	85.14,			2.076,			0.211,			0.051
147,	2,	145.0,	85.479,			11.331,			1.45,			0.141
148,	2,	68.0,	85.57,			10.332,			1.092,			0.166
149,	1,	28.0,	85.851,			1.879,			0.187,			0.058
150,	1,	447.0,	85.882,			2.751,			0.275,			0.05
151,	2,	149.0,	86.014,			13.061,			1.381,			0.182
152,	1,	28.0,	86.261,			2.9,			0.141,			0.058
153,	1,	10.0,	86.32,			1.543,			0.253,			0.055
154,	1,	28.0,	86.418,			1.982,			0.195,			0.05
155,	1,	7.0,	86.443,			1.543,			0.291,			0.06
156,	1,	387.0,	86.657,			2.286,			0.113,			0.057
157,	1,	169.0,	86.934,			1.435,			0.156,			0.059
158,	1,	28.0,	87.001,			2.057,			0.23,			0.059
159,	1,	387.0,	87.087,			2.006,			0.187,			0.055
160,	2,	73.0,	87.096,			10.586,			1.449,			0.148
161,	1,	103.0,	87.309,			1.701,			0.164,			0.051
162,	1,	7.0,	87.39,			1.732,			0.276,			0.053
163,	1,	146.0,	87.759,			1.609,			0.239,			0.051
164,	1,	7.0,	87.904,			2.983,			0.124,			0.055
165,	1,	13.0,	88.569,			1.756,			0.173,			0.054
166,	1,	379.0,	88.793,			2.968,			0.109,			0.059
167,	1,	6.0,	88.994,			1.561,			0.175,			0.051
168,	1,	387.0,	89.187,			1.947,			0.158,			0.057
169,	1,	387.0,	89.673,			2.415,			0.147,			0.055
170,	1,	7.0,	90.19,			1.05,			0.136,			0.059
171,	2,	127.0,	90.195,			12.971,			1.409,			0.175
172,	1,	44.0,	90.505,			1.554,			0.184,			0.051
173,	1,	512.0,	90.69,			2.879,			0.157,			0.055
174,	1,	6.0,	90.82,			1.809,			0.217,			0.059
175,	2,	372.0,	90.888,			14.658,			1.28,			0.104
176,	1,	512.0,	90.958,			1.383,			0.194,			0.06
177,	1,	512.0,	90.967,			1.445,			0.277,			0.056
178,	1,	169.0,	91.118,			2.555,			0.215,			0.054
179,	1,	169.0,	91.204,			2.76,			0.16,			0.06
180,	1,	126.0,	91.225,			1.372,			0.187,			0.053
181,	2,	129.0,	91.432,			13.034,			1.297,			0.188
182,	1,	559.0,	91.796,			2.034,			0.14,			0.05
183,	1,	126.0,	92.265,			2.096,			0.292,			0.059
184,	1,	126.0,	93.144,			1.509,			0.12,			0.052
185,	1,	30.0,	93.184,			2.653,			0.268,			0.052
186,	1,	103.0,	93.499,			1.719,			0.152,			0.054
187,	1,	16.0,	93.518,			2.768,			0.253,			0.058
188,	1,	7.0,	93.76,			2.057,			0.284,			0.055
189,	1,	157.0,	94.615,			1.407,			0.272,			0.058
190,	1,	103.0,	94.723,			1.496,			0.214,			0.06
191,	1,	169.0,	94.992,			2.057,			0.172,			0.052
192,	1,	90.0,	95.163,			1.605,			0.177,			0.055
193,	2,	169.0,	95.54,			12.815,			1.367,			0.157
194,	1,	7.0,	96.06,			1.532,			0.205,			0.054
195,	1,	7.0,	96.066,			2.652,			0.148,			0.055
196,	1,	59.0,	96.118,			1.424,			0.226,			0.059
197,	1,	28.0,	96.549,			1.431,			0.152,			0.06
198,	1,	13.0,	96.839,			2.28,			0.101,			0.052
199,	1,	44.0,	96.843,			2.034,			0.186,			0.06
200,	1,	559.0,	96.855,			1.515,			0.221,			0.058
201,	1,	512.0,	96.863,			1.358,			0.13,			0.059
202,	1,	169.0,	97.025,			2.41,			0.19,			0.051
203,	1,	498.0,	97.26,			1.509,			0.184,			0.059
204,	1,	498.0,	97.425,			2.198,			0.28,			0.059
205,	1,	559.0,	97.596,			2.802,			0.249,			0.06
206,	1,	30.0,	97.934,			1.878,			0.128,			0.053
207,	1,	30.0,	98.227,			1.322,			0.283,			0.058
208,	1,	498.0,	98.508,			2.298,			0.275,			0.05
209,	1,	59.0,	98.523,			2.522,			0.262,			0.057
210,	1,	169.0,	100.136,			2.9,			0.129,			0.054
211,	2,	136.0,	100.216,			10.895,			1.117,			0.104
212,	1,	7.0,	100.508,			2.717,			0.245,			0.057
213,	1,	16.0,	100.986,			1.025,			0.253,			0.054
214,	1,	90.0,	100.995,			1.523,			0.268,			0.055
215,	1,	6.0,	101.011,			1.981,			0.194,			0.057
216,	1,	157.0,	101.064,			1.364,			0.281,			0.051
217,	1,	28.0,	101.256,			1.472,			0.297,			0.06
218,	1,	447.0,	101.423,			2.074,			0.182,			0.058
219,	1,	169.0,	101.483,			2.1,			0.288,			0.052
220,	1,	214.0,	101.863,			2.498,			0.157,			0.057
221,	1,	59.0,	101.985,			2.596,			0.291,			0.05
222,	1,	169.0,	102.283,			1.211,			0.293,			0.055
223,	1,	146.0,	102.526,			1.108,			0.109,			0.055
224,	1,	16.0,	102.711,			2.26,			0.291,			0.053
225,	2,	44.0,	102.933,			10.146,			1.418,			0.13
226,	1,	7.0,	102.977,			1.155,			0.171,			0.057
227,	1,	95.0,	103.214,			2.712,			0.242,			0.056
228,	1,	28.0,	103.35,			1.495,			0.121,			0.054
229,	1,	498.0,	104.183,			2.429,			0.294,			0.051
230,	1,	44.0,	104.327,			1.425,			0.161,			0.057
231,	1,	559.0,	104.442,			1.229,			0.175,			0.058
232,	2,	260.0,	104.596,			13.038,			1.422,			0.155
233,	1,	103.0,	105.204,			1.441,			0.186,			0.055
234,	1,	387.0,	105.315,			1.719,			0.259,			0.052
235,	1,	146.0,	105.52,			1.879,			0.106,			0.053
236,	1,	214.0,	105.821,			1.639,			0.222,			0.055
237,	1,	498.0,	106.143,			1.05,			0.147,			0.053
238,	1,	13.0,	106.6,			1.07,			0.109,			0.057
239,	2,	192.0,	106.608,			14.39,			1.389,			0.148
240,	1,	10.0,	106.936,			1.761,			0.29,			0.059
241,	1,	7.0,	106.945,			2.911,			0.248,			0.051
242,	1,	6.0,	106.965,			2.197,			0.151,			0.052
243,	1,	157.0,	107.14,			2.581,			0.111,			0.051
244,	1,	44.0,	107.229,			2.384,			0.287,			0.06
245,	1,	559.0,	107.702,			2.175,			0.222,			0.052
246,	1,	28.0,	108.584,			2.449,			0.244,			0.058
247,	1,	157.0,	108.866,			1.736,			0.259,			0.056
248,	1,	7.0,	108.969,			2.298,			0.291,			0.059
249,	1,	6.0,	109.151,			1.981,			0.161,			0.055
250,	1,	28.0,	109.159,			2.678,			0.236,			0.058
251,	1,	44.0,	109.224,			1.478,			0.223,			0.053
252,	1,	379.0,	109.346,			2.034,			0.101,			0.058
253,	1,	13.0,	109.432,			1.433,			0.249,			0.059
254,	1,	95.0,	109.459,			2.293,			0.299,			0.06
255,	1,	146.0,	109.523,			1.104,			0.2,			0.054
256,	1,	512.0,	109.584,			2.158,			0.255,			0.059
257,	1,	447.0,	109.641,			1.247,			0.254,			0.058
258,	1,	169.0,	109.71,			2.143,			0.138,			0.051
259,	2,	133.0,	109.762,			13.266,			1.376,			0.162
260,	1,	7.0,	109.864,			1.151,			0.157,			0.054
261,	1,	6.0,	109.878,			2.314,			0.165,			0.056
262,	1,	447.0,	110.09,			2.235,			0.288,			0.057
263,	2,	255.0,	110.265,			13.977,			1.119,			0.153
264,	2,	97.0,	110.383,			13.737,			1.202,			0.121
265,	1,	7.0,	110.669,			2.548,			0.262,			0.053
266,	1,	126.0,	110.723,			1.613,			0.172,			0.059
267,	1,	90.0,	111.226,			1.581,			0.111,			0.06
268,	1,	214.0,	111.412,			1.019,			0.222,			0.055
269,	2,	97.0,	111.67,			10.316,			1.326,			0.17
270,	1,	95.0,	111.887,			2.684,			0.288,			0.054
271,	1,	7.0,	111.901,			2.691,			0.121,			0.058
272,	1,	447.0,	111.998,			1.425,			0.279,			0.054
273,	1,	157.0,	112.006,			2.11,			0.157,			0.053
274,	1,	16.0,	112.119,			2.465,			0.145,			0.057
275,	1,	169.0,	112.151,			2.9,			0.223,			0.052
276,	1,	44.0,	112.231,			2.686,			0.226,			0.058
277,	1,	512.0,	112.902,			2.936,			0.249,			0.058
278,	2,	58.0,	113.502,			11.709,			1.46,			0.149
279,	1,	7.0,	113.746,			2.194,			0.255,			0.054
280,	1,	95.0,	113.82,			2.787,			0.268,			0.057
281,	1,	7.0,	114.222,			2.684,			0.102,			0.052
282,	1,	498.0,	114.274,			2.622,			0.191,			0.059
283,	1,	120.0,	114.285,			1.911,			0.2,			0.05
284,	1,	7.0,	114.292,			1.119,			0.214,			0.053
285,	1,	447.0,	114.471,			2.625,			0.149,			0.057
286,	1,	498.0,	115.098,			1.431,			0.139,			0.052
287,	1,	103.0,	115.107,			1.982,			0.165,			0.053
288,	1,	10.0,	115.156,			1.541,			0.163,			0.052
289,	1,	10.0,	115.171,			1.883,			0.12,			0.056
290,	1,	379.0,	115.415,			1.596,			0.175,			0.051
291,	2,	100.0,	115.539,			11.215,			1.182,			0.142
292,	1,	6.0,	115.757,			1.909,			0.114,			0.057
293,	2,	178.0,	115.764,			13.189,			1.451,			0.105
294,	1,	214.0,	115.805,			1.592,			0.221,			0.056
295,	1,	498.0,	116.07,			2.424,			0.222,			0.055
296,	1,	146.0,	116.341,			2.148,			0.142,			0.05
297,	1,	28.0,	116.592,			2.705,			0.191,			0.056
298,	1,	169.0,	116.695,			2.866,			0.226,			0.051
299,	1,	379.0,	117.129,			2.241,			0.176,			0.053
300,	1,	7.0,	117.389,			2.492,			0.239,			0.058
301,	1,	44.0,	117.469,			2.948,			0.251,			0.056
302,	1,	59.0,	117.765,			2.323,			0.29,			0.056
303,	1,	214.0,	117.824,			2.598,			0.268,			0.057
304,	1,	379.0,	117.885,			2.903,			0.29,			0.06
305,	2,	171.0,	117.902,			14.931,			1.127,			0.191
306,	1,	214.0,	118.02,			1.028,			0.275,			0.055
307,	1,	7.0,	118.2,			2.18,			0.109,			0.057
308,	1,	59.0,	118.335,			2.768,			0.211,			0.053
309,	2,	297.0,	118.477,			10.63,			1.482,			0.163
310,	1,	169.0,	118.682,			1.509,			0.212,			0.053
311,	1,	7.0,	118.816,			1.437,			0.134,			0.057
312,	1,	7.0,	119.031,			2.939,			0.147,			0.055
313,	1,	90.0,	119.059,			2.324,			0.195,			0.051
314,	2,	111.0,	119.41,			10.178,			1.303,			0.172
315,	2,	241.0,	119.55,			13.059,			1.031,			0.195
316,	1,	90.0,	119.677,			1.141,			0.133,			0.053
317,	1,	44.0,	119.888,			2.414,			0.149,			0.058
318,	1,	512.0,	119.916,			2.326,			0.15,			0.058
319,	1,	120.0,	120.088,			1.215,			0.279,			0.057
320,	1,	498.0,	120.339,			1.215,			0.184,			0.053
321,	1,	447.0,	120.681,			1.411,			0.28,			0.051
322,	1,	7.0,	120.821,			1.645,			0.208,			0.055
323,	2,	147.0,	121.418,			12.643,			1.133,			0.165
324,	1,	103.0,	121.882,			2.006,			0.175,			0.058
325,	1,	30.0,	122.188,			1.609,			0.139,			0.054
326,	1,	13.0,	122.226,			1.857,			0.186,			0.056
327,	1,	44.0,	122.261,			1.592,			0.283,			0.053
328,	1,	44.0,	122.283,			1.364,			0.146,			0.053
329,	1,	90.0,	122.638,			1.22,			0.191,			0.057
330,	2,	103.0,	122.698,			12.987,			1.058,			0.161
331,	1,	146.0,	122.758,			1.729,			0.233,			0.057
332,	1,	7.0,	122.784,			2.103,			0.12,			0.057
333,	1,	6.0,	122.786,			1.683,			0.219,			0.052
334,	1,	498.0,	122.865,			1.707,			0.253,			0.055
335,	1,	59.0,	123.108,			2.857,			0.183,			0.055
336,	1,	7.0,	123.132,			2.223,			0.18,			0.056
337,	1,	214.0,	123.456,			1.211,			0.124,			0.06
338,	1,	10.0,	123.659,			2.316,			0.212,			0.052
339,	1,	447.0,	123.8,			2.155,			0.182,			0.053
340,	1,	7.0,	124.17,			2.756,			0.112,			0.054
341,	1,	103.0,	124.368,			2.491,			0.194,			0.054
342,	1,	512.0,	124.417,			2.916,			0.158,			0.055
343,	1,	157.0,	124.509,			1.662,			0.248,			0.051
344,	1,	30.0,	124.589,			1.915,			0.208,			0.06
345,	1,	13.0,	124.662,			1.009,			0.155,			0.052
346,	1,	7.0,	124.927,			1.566,			0.23,			0.057
347,	1,	7.0,	124.944,			2.438,			0.199,			0.056
348,	1,	120.0,	125.008,			1.409,			0.207,			0.055
349,	2,	168.0,	125.254,			10.27,			1.127,			0.176
350,	1,	6.0,	125.324,			2.779,			0.23,			0.054
351,	2,	145.0,	125.342,			10.594,			1.051,			0.117
352,	1,	498.0,	125.364,			1.609,			0.125,			0.053
353,	1,	7.0,	125.765,			1.472,			0.184,			0.051
354,	2,	232.0,	125.853,			13.622,			1.447,			0.195
355,	1,	7.0,	125.859,			2.748,			0.161,			0.059
356,	1,	512.0,	126.142,			2.903,			0.127,			0.053
357,	1,	10.0,	126.451,			1.394,			0.176,			0.06
358,	1,	7.0,	126.518,			1.876,			0.118,			0.052
359,	2,	197.0,	126.554,			12.627,			1.159,			0.105
360,	1,	169.0,	126.931,			1.774,			0.119,			0.057
361,	1,	126.0,	127.225,			1.096,			0.195,			0.058
362,	2,	170.0,	127.304,			13.193,			1.089,			0.129
363,	1,	7.0,	127.415,			1.406,			0.257,			0.06
364,	1,	498.0,	127.448,			1.719,			0.252,			0.055
365,	1,	16.0,	127.542,			1.356,			0.187,			0.056
366,	1,	7.0,	127.676,			2.299,			0.222,			0.055
367,	1,	7.0,	127.878,			2.772,			0.235,			0.059
368,	1,	30.0,	128.143,			1.965,			0.115,			0.05
369,	1,	7.0,	128.155,			1.701,			0.129,			0.052
370,	1,	6.0,	128.214,			1.862,			0.248,			0.058
371,	1,	7.0,	128.485,			2.598,			0.208,			0.051
372,	1,	559.0,	128.659,			2.038,			0.145,			0.053
373,	1,	28.0,	129.072,			2.252,			0.2,			0.057
374,	1,	90.0,	129.212,			2.601,			0.19,			0.057
375,	1,	7.0,	129.698,			2.148,			0.195,			0.053
376,	2,	95.0,	129.786,			10.298,			1.2,			0.136
377,	1,	7.0,	129.856,			2.955,			0.122,			0.058
378,	2,	254.0,	129.933,			14.057,			1.399,			0.158
379,	1,	16.0,	129.934,			2.436,			0.109,			0.056
380,	2,	130.0,	129.98,			14.4,			1.277,			0.179
381,	1,	559.0,	130.051,			2.576,			0.124,			0.053
382,	1,	7.0,	130.229,			2.772,			0.134,			0.057
383,	1,	498.0,	130.233,			2.557,			0.161,			0.055
384,	1,	103.0,	130.288,			2.885,			0.12,			0.054
385,	1,	30.0,	130.376,			2.922,			0.245,			0.053
386,	2,	171.0,	130.405,			13.476,			1.011,			0.135
387,	1,	447.0,	130.528,			1.075,			0.195,			0.054
388,	1,	7.0,	130.615,			1.859,			0.25,			0.05
389,	1,	7.0,	130.969,			1.104,			0.272,			0.051
390,	2,	107.0,	131.013,			12.174,			1.092,			0.111
391,	1,	44.0,	131.565,			1.357,			0.227,			0.058
392,	1,	126.0,	131.999,			1.935,			0.238,			0.053
393,	1,	379.0,	132.059,			1.168,			0.233,			0.057
394,	1,	44.0,	132.31,			1.478,			0.261,			0.059
395,	1,	10.0,	132.462,			2.025,			0.107,			0.053
396,	1,	10.0,	132.529,			2.18,			0.167,			0.058
397,	1,	387.0,	132.935,			2.954,			0.123,			0.058
398,	1,	44.0,	133.226,			2.832,			0.244,			0.054
399,	1,	498.0,	133.371,			1.304,			0.198,			0.056
400,	1,	447.0,	133.444,			2.598,			0.299,			0.057
401,	1,	559.0,	133.459,			2.454,			0.236,			0.053
402,	1,	44.0,	133.677,			1.496,			0.136,			0.057
403,	1,	126.0,	133.786,			1.956,			0.192,			0.058
404,	1,	126.0,	133.8,			1.947,			0.106,			0.056
405,	1,	13.0,	134.239,			1.098,			0.177,			0.051
406,	1,	512.0,	134.302,			1.148,			0.169,			0.052
407,	1,	7.0,	134.351,			2.556,			0.15,			0.059
408,	1,	49.0,	134.629,			1.211,			0.294,			0.059
409,	1,	6.0,	134.631,			1.776,			0.265,			0.054
410,	1,	169.0,	134.663,			1.322,			0.279,			0.054
411,	1,	379.0,	134.893,			1.631,			0.233,			0.053
412,	1,	7.0,	134.974,			2.58,			0.263,			0.052
413,	1,	7.0,	135.118,			2.013,			0.215,			0.057
414,	1,	44.0,	135.148,			2.748,			0.287,			0.057
415,	1,	28.0,	135.346,			1.095,			0.193,			0.055
416,	1,	30.0,	135.467,			2.299,			0.249,			0.05
417,	1,	157.0,	135.485,			2.301,			0.222,			0.051
418,	1,	447.0,	135.74,			2.293,			0.208,			0.051
419,	1,	6.0,	135.773,			1.455,			0.19,			0.05
420,	1,	120.0,	135.883,			1.398,			0.268,			0.054
421,	2,	101.0,	135.937,			14.524,			1.122,			0.196
422,	1,	44.0,	136.056,			1.667,			0.217,			0.051
423,	1,	7.0,	136.793,			2.149,			0.109,			0.05
424,	1,	103.0,	137.126,			2.381,			0.293,			0.054
425,	1,	559.0,	137.265,			1.908,			0.177,			0.055
426,	1,	7.0,	137.314,			1.358,			0.133,			0.057
427,	1,	95.0,	137.417,			1.441,			0.12,			0.052
428,	1,	447.0,	137.497,			1.731,			0.287,			0.06
429,	1,	126.0,	137.504,			1.434,			0.124,			0.056
430,	1,	6.0,	138.724,			2.76,			0.176,			0.057
431,	1,	447.0,	138.729,			2.78,			0.268,			0.054
432,	1,	59.0,	138.736,			2.862,			0.221,			0.058
433,	2,	138.0,	138.78,			13.106,			1.012,			0.107
434,	2,	176.0,	138.918,			11.135,			1.421,			0.135
435,	1,	120.0,	139.1,			1.031,			0.15,			0.054
436,	1,	7.0,	139.239,			1.97,			0.241,			0.055
437,	1,	44.0,	139.324,			2.819,			0.27,			0.052
438,	1,	7.0,	139.377,			1.031,			0.215,			0.055
439,	1,	6.0,	139.412,			1.942,			0.103,			0.056
440,	1,	30.0,	139.838,			2.479,			0.216,			0.051
441,	1,	214.0,	140.24,			1.968,			0.284,			0.055
442,	1,	379.0,	140.846,			1.112,			0.27,			0.058
443,	1,	6.0,	140.864,			2.945,			0.162,			0.051
444,	1,	498.0,	141.021,			2.133,			0.282,			0.054
445,	1,	16.0,	141.435,			1.484,			0.104,			0.056
446,	1,	447.0,	141.658,			2.632,			0.267,			0.054
447,	1,	6.0,	141.881,			1.786,			0.174,			0.06
448,	1,	59.0,	142.251,			1.358,			0.272,			0.054
449,	1,	6.0,	142.261,			1.972,			0.181,			0.06
450,	1,	44.0,	142.439,			2.169,			0.272,			0.055
451,	1,	7.0,	142.521,			2.427,			0.27,			0.053
452,	1,	59.0,	142.538,			1.467,			0.197,			0.057
453,	1,	559.0,	142.58,			1.509,			0.243,			0.051
454,	1,	169.0,	142.804,			1.488,			0.176,			0.056
455,	1,	10.0,	142.898,			2.58,			0.216,			0.057
456,	1,	447.0,	142.952,			2.857,			0.288,			0.059
457,	2,	171.0,	142.963,			14.424,			1.493,			0.106
458,	1,	95.0,	143.15,			1.173,			0.288,			0.05
459,	1,	103.0,	143.151,			1.103,			0.287,			0.06
460,	1,	13.0,	143.257,			2.787,			0.175,			0.054
461,	1,	13.0,	143.269,			1.768,			0.163,			0.053
462,	2,	125.0,	143.457,			13.941,			1.141,			0.118
463,	1,	387.0,	143.471,			1.406,			0.245,			0.051
464,	1,	7.0,	143.512,			1.752,			0.229,			0.06
465,	1,	28.0,	143.677,			1.752,			0.157,			0.051
466,	2,	204.0,	143.75,			14.534,			1.179,			0.13
467,	1,	16.0,	143.787,			1.679,			0.284,			0.052
468,	2,	229.0,	143.814,			12.821,			1.065,			0.168
469,	1,	559.0,	143.858,			1.694,			0.176,			0.051
470,	1,	13.0,	143.971,			1.933,			0.166,			0.056
471,	1,	95.0,	144.203,			1.455,			0.118,			0.053
472,	1,	447.0,	144.252,			2.69,			0.222,			0.058
473,	1,	7.0,	144.624,			2.318,			0.256,			0.054
474,	1,	16.0,	144.639,			2.588,			0.236,			0.059
475,	1,	7.0,	144.874,			1.67,			0.108,			0.06
476,	1,	28.0,	145.035,			1.12,			0.157,			0.059
477,	1,	387.0,	145.087,			1.4,			0.17,			0.058
478,	1,	7.0,	145.179,			2.446,			0.18,			0.053
479,	1,	90.0,	145.226,			2.643,			0.209,			0.056
480,	1,	103.0,	145.47,			2.299,			0.259,			0.054
481,	1,	126.0,	145.471,			1.591,			0.109,			0.055
482,	2,	100.0,	145.94,			10.177,			1.287,			0.194
483,	1,	559.0,	146.089,			2.425,			0.193,			0.057
484,	1,	7.0,	146.097,			1.683,			0.198,			0.054
485,	1,	379.0,	146.634,			1.097,			0.2,			0.053
486,	1,	95.0,	146.822,			1.841,			0.167,			0.053
487,	1,	379.0,	146.877,			1.722,			0.155,			0.059
488,	1,	59.0,	146.919,			2.457,			0.217,			0.058
489,	1,	512.0,	146.964,			2.87,			0.152,			0.051
490,	1,	6.0,	147.099,			1.624,			0.27,			0.058
491,	1,	7.0,	147.179,			1.719,			0.181,			0.052
492,	1,	559.0,	147.435,			2.096,			0.189,			0.051
493,	1,	559.0,	147.621,			2.813,			0.195,			0.06
494,	1,	379.0,	147.685,			2.03,			0.255,			0.059
495,	1,	7.0,	147.981,			2.127,			0.223,			0.057
496,	1,	157.0,	148.01,			2.252,			0.151,			0.057
497,	1,	7.0,	148.127,			2.872,			0.112,			0.055
498,	1,	169.0,	148.464,			1.111,			0.156,			0.054
499,	1,	379.0,	148.543,			2.133,			0.19,			0.058
500,	1,	16.0,	148.624,			1.597,			0.215,			0.052
501,	1,	6.0,	148.669,			1.753,			0.245,			0.058
502,	1,	95.0,	148.687,			2.288,			0.245,			0.056
503,	2,	123.0,	148.75,			12.015,			1.203,			0.167
504,	1,	7.0,	148.925,			1.096,			0.113,			0.057
505,	1,	49.0,	148.931,			1.343,			0.267,			0.055
506,	1,	379.0,	148.98,			1.269,			0.216,			0.053
507,	1,	146.0,	149.01,			2.669,			0.245,			0.054
508,	1,	103.0,	149.029,			2.636,			0.262,			0.054
509,	1,	559.0,	149.115,			2.342,			0.253,			0.059
510,	1,	44.0,	149.166,			2.184,			0.299,			0.056
511,	1,	146.0,	149.358,			2.268,			0.27,			0.053
512,	2,	120.0,	149.378,			14.064,			1.458,			0.107
513,	1,	6.0,	149.477,			1.391,			0.287,			0.06
514,	1,	126.0,	149.531,			2.509,			0.27,			0.055
515,	1,	379.0,	149.838,			2.559,			0.161,			0.053
516,	1,	10.0,	149.881,			2.627,			0.284,			0.052
517,	1,	10.0,	149.883,			2.714,			0.223,			0.055
518,	1,	7.0,	150.066,			1.731,			0.104,			0.057
519,	1,	498.0,	150.178,			2.068,			0.233,			0.058
520,	2,	111.0,	150.265,			11.772,			1.373,			0.131
521,	1,	95.0,	150.467,			1.307,			0.152,			0.056
522,	1,	49.0,	150.489,			2.685,			0.21,			0.059
523,	1,	379.0,	150.571,			2.448,			0.257,			0.05
524,	1,	214.0,	150.592,			1.316,			0.133,			0.059
525,	1,	559.0,	150.627,			1.464,			0.221,			0.059
526,	1,	6.0,	150.731,			2.503,			0.2,			0.056
527,	1,	157.0,	150.939,			2.098,			0.277,			0.05
528,	1,	498.0,	151.138,			1.639,			0.195,			0.053
529,	1,	6.0,	151.386,			1.731,			0.151,			0.055
530,	1,	10.0,	151.734,			2.974,			0.13,			0.052
531,	2,	141.0,	151.87,			10.957,			1.096,			0.199
532,	1,	6.0,	151.939,			1.431,			0.176,			0.057
533,	1,	49.0,	152.043,			2.358,			0.121,			0.052
534,	1,	10.0,	152.243,			2.051,			0.129,			0.053
535,	1,	6.0,	152.253,			2.645,			0.233,			0.055
536,	1,	169.0,	152.316,			1.956,			0.107,			0.052
537,	1,	498.0,	152.346,			1.422,			0.182,			0.05
538,	1,	30.0,	152.368,			2.096,			0.282,			0.059
539,	1,	103.0,	152.445,			2.238,			0.12,			0.058
540,	1,	559.0,	152.778,			2.013,			0.112,			0.053
541,	1,	90.0,	152.851,			2.703,			0.142,			0.055
542,	1,	90.0,	152.899,			2.149,			0.173,			0.055
543,	1,	146.0,	152.944,			2.819,			0.15,			0.057
544,	1,	146.0,	153.313,			1.441,			0.128,			0.054
545,	2,	210.0,	153.858,			12.615,			1.154,			0.168
546,	1,	7.0,	154.204,			1.651,			0.217,			0.052
547,	1,	95.0,	154.267,			2.857,			0.101,			0.051
548,	1,	95.0,	154.622,			1.17,			0.279,			0.052
549,	1,	6.0,	154.849,			2.299,			0.164,			0.056
550,	1,	30.0,	154.849,			1.111,			0.129,			0.057
551,	1,	559.0,	155.129,			2.02,			0.244,			0.059
552,	1,	379.0,	155.757,			2.711,			0.121,			0.055
553,	1,	146.0,	155.977,			2.852,			0.139,			0.052
554,	2,	135.0,	156.209,			13.487,			1.073,			0.125
555,	1,	6.0,	156.247,			1.153,			0.299,			0.055
556,	1,	6.0,	156.26,			2.599,			0.151,			0.054
557,	1,	146.0,	156.913,			2.193,			0.115,			0.057
558,	1,	447.0,	156.926,			2.104,			0.203,			0.056
559,	1,	559.0,	156.98,			1.631,			0.133,			0.05
560,	1,	512.0,	157.048,			1.886,			0.221,			0.059
561,	1,	169.0,	157.128,			1.172,			0.111,			0.055
562,	1,	103.0,	157.203,			1.091,			0.129,			0.051
563,	1,	120.0,	157.214,			2.057,			0.258,			0.05
564,	2,	133.0,	157.272,			13.647,			1.216,			0.121
565,	1,	6.0,	157.405,			1.929,			0.283,			0.055
566,	1,	16.0,	157.421,			1.356,			0.128,			0.056
567,	1,	447.0,	157.545,			2.986,			0.198,			0.059
568,	1,	44.0,	157.862,			1.733,			0.272,			0.054
569,	1,	59.0,	158.124,			2.273,			0.151,			0.059
570,	1,	512.0,	158.215,			2.366,			0.198,			0.055
571,	1,	49.0,	158.227,			2.047,			0.298,			0.055
572,	1,	214.0,	158.402,			2.412,			0.234,			0.053
573,	1,	126.0,	158.43,			2.889,			0.169,			0.055
574,	1,	44.0,	158.679,			1.431,			0.136,			0.054
575,	1,	146.0,	158.687,			2.711,			0.206,			0.051
576,	1,	90.0,	158.796,			2.404,			0.235,			0.06
577,	1,	7.0,	158.893,			1.305,			0.233,			0.057
578,	1,	90.0,	158.945,			2.556,			0.168,			0.056
579,	1,	6.0,	158.952,			2.799,			0.247,			0.056
580,	1,	28.0,	158.994,			1.596,			0.274,			0.055
581,	1,	146.0,	159.009,			1.14,			0.133,			0.057
582,	1,	59.0,	159.092,			1.915,			0.104,			0.059
583,	1,	157.0,	159.342,			1.115,			0.192,			0.053
584,	1,	447.0,	159.519,			1.511,			0.168,			0.058
585,	1,	447.0,	159.731,			1.859,			0.16,			0.055
586,	1,	6.0,	160.03,			1.447,			0.278,			0.053
587,	1,	10.0,	160.273,			2.198,			0.241,			0.053
588,	1,	30.0,	160.472,			2.832,			0.289,			0.052
589,	1,	44.0,	160.831,			1.048,			0.192,			0.053
590,	1,	95.0,	161.142,			2.131,			0.233,			0.055
591,	1,	120.0,	161.25,			2.2,			0.252,			0.057
592,	1,	120.0,	161.704,			2.627,			0.263,			0.059
593,	1,	7.0,	162.05,			1.119,			0.243,			0.059
594,	1,	90.0,	162.345,			1.515,			0.27,			0.06
595,	1,	120.0,	162.496,			1.146,			0.183,			0.054
596,	1,	44.0,	162.675,			1.291,			0.257,			0.059
597,	2,	176.0,	162.827,			14.481,			1.115,			0.194
598,	2,	219.0,	162.939,			13.587,			1.31,			0.127
599,	1,	44.0,	162.977,			2.103,			0.129,			0.059
600,	1,	7.0,	163.034,			1.435,			0.214,			0.053
601,	1,	49.0,	163.098,			2.638,			0.283,			0.052
602,	1,	6.0,	163.3,			2.388,			0.228,			0.058
603,	1,	447.0,	164.016,			2.407,			0.237,			0.052
604,	1,	379.0,	164.202,			2.047,			0.211,			0.055
605,	1,	512.0,	164.741,			2.642,			0.166,			0.051
606,	1,	44.0,	164.84,			2.588,			0.119,			0.059
607,	2,	127.0,	164.849,			10.809,			1.5,			0.168
608,	1,	559.0,	164.9,			1.84,			0.198,			0.057
609,	1,	6.0,	164.967,			1.158,			0.131,			0.052
610,	1,	44.0,	165.0,			2.381,			0.195,			0.055
611,	2,	133.0,	165.136,			13.168,			1.437,			0.152
612,	1,	95.0,	165.197,			2.321,			0.172,			0.052
613,	2,	141.0,	165.454,			10.526,			1.49,			0.179
614,	1,	214.0,	165.615,			1.447,			0.235,			0.055
615,	1,	28.0,	165.631,			1.187,			0.226,			0.053
616,	2,	128.0,	165.651,			11.727,			1.082,			0.138
617,	1,	498.0,	165.716,			2.956,			0.106,			0.059
618,	1,	13.0,	166.144,			2.768,			0.215,			0.053
619,	1,	59.0,	166.322,			2.911,			0.162,			0.051
620,	1,	13.0,	166.385,			2.244,			0.222,			0.052
621,	1,	169.0,	166.4,			1.36,			0.249,			0.051
622,	1,	7.0,	166.466,			2.43,			0.254,			0.058
623,	1,	10.0,	166.582,			2.725,			0.267,			0.051
624,	1,	16.0,	166.666,			1.437,			0.281,			0.058
625,	1,	498.0,	166.729,			2.681,			0.279,			0.051
626,	1,	379.0,	166.785,			1.592,			0.142,			0.052
627,	1,	30.0,	166.795,			2.296,			0.173,			0.059
628,	1,	7.0,	166.873,			2.03,			0.214,			0.057
629,	1,	126.0,	166.88,			2.625,			0.199,			0.057
630,	1,	49.0,	166.9,			1.309,			0.14,			0.056
631,	1,	44.0,	167.092,			2.96,			0.17,			0.058
632,	1,	28.0,	167.925,			1.915,			0.109,			0.055
633,	1,	13.0,	167.969,			1.402,			0.177,			0.055
634,	1,	7.0,	168.172,			1.581,			0.256,			0.055
635,	1,	59.0,	168.427,			1.103,			0.208,			0.053
636,	1,	13.0,	168.693,			2.555,			0.289,			0.051
637,	1,	447.0,	169.109,			1.038,			0.142,			0.057
638,	1,	49.0,	169.135,			2.412,			0.294,			0.05
639,	1,	90.0,	169.186,			2.991,			0.236,			0.051
640,	1,	103.0,	169.437,			1.524,			0.146,			0.058
641,	1,	7.0,	169.494,			1.393,			0.107,			0.057
642,	1,	28.0,	169.531,			2.149,			0.196,			0.056
643,	2,	127.0,	169.662,			10.523,			1.284,			0.102
644,	1,	7.0,	169.829,			1.293,			0.191,			0.053
645,	2,	140.0,	170.289,			10.957,			1.049,			0.138
646,	1,	10.0,	170.41,			1.031,			0.162,			0.054
647,	1,	559.0,	170.49,			1.799,			0.276,			0.053
648,	1,	6.0,	170.586,			1.933,			0.13,			0.05
649,	1,	6.0,	170.587,			1.932,			0.239,			0.056
650,	1,	512.0,	170.914,			2.26,			0.295,			0.06
651,	1,	559.0,	170.931,			1.188,			0.179,			0.054
652,	1,	214.0,	171.191,			2.896,			0.283,			0.055
653,	1,	120.0,	171.251,			2.01,			0.135,			0.056
654,	1,	10.0,	171.257,			1.769,			0.278,			0.057
655,	1,	559.0,	171.417,			2.582,			0.236,			0.059
656,	1,	10.0,	171.503,			1.878,			0.151,			0.059
657,	1,	30.0,	171.739,			1.303,			0.224,			0.059
658,	1,	6.0,	172.15,			2.127,			0.298,			0.056
659,	1,	13.0,	172.196,			2.465,			0.184,			0.058
660,	1,	379.0,	172.347,			2.598,			0.209,			0.057
661,	1,	498.0,	172.776,			2.299,			0.124,			0.055
662,	1,	512.0,	172.857,			2.866,			0.294,			0.053
663,	1,	379.0,	172.887,			1.581,			0.157,			0.059
664,	2,	138.0,	172.921,			12.934,			1.197,			0.137
665,	1,	13.0,	172.957,			2.635,			0.167,			0.054
666,	1,	120.0,	173.031,			2.96,			0.274,			0.051
667,	2,	281.0,	173.182,			13.921,			1.488,			0.148
668,	1,	512.0,	173.193,			1.423,			0.133,			0.055
669,	1,	30.0,	173.262,			1.422,			0.204,			0.051
670,	1,	512.0,	173.336,			1.23,			0.139,			0.057
671,	1,	6.0,	173.369,			2.323,			0.121,			0.058
672,	1,	30.0,	173.374,			2.265,			0.203,			0.05
673,	1,	7.0,	173.423,			2.385,			0.119,			0.056
674,	1,	126.0,	173.956,			1.168,			0.124,			0.053
675,	1,	559.0,	174.043,			2.748,			0.136,			0.06
676,	1,	7.0,	174.159,			1.566,			0.285,			0.058
677,	1,	512.0,	174.433,			2.497,			0.193,			0.054
678,	1,	498.0,	174.457,			2.085,			0.14,			0.059
679,	1,	59.0,	174.949,			2.509,			0.262,			0.059
680,	1,	95.0,	175.011,			2.991,			0.289,			0.054
681,	1,	7.0,	175.018,			2.176,			0.211,			0.055
682,	2,	140.0,	175.564,			14.511,			1.368,			0.117
683,	1,	16.0,	175.724,			1.173,			0.194,			0.054
684,	1,	120.0,	175.733,			1.609,			0.133,			0.053
685,	1,	120.0,	176.347,			2.637,			0.125,			0.056
686,	1,	379.0,	176.387,			2.377,			0.282,			0.052
687,	1,	512.0,	176.458,			2.598,			0.295,			0.052
688,	1,	7.0,	176.573,			2.2,			0.178,			0.058
689,	1,	379.0,	176.853,			2.249,			0.297,			0.056
690,	1,	169.0,	177.093,			1.531,			0.235,			0.058
691,	1,	379.0,	177.205,			2.9,			0.202,			0.057
692,	1,	157.0,	177.87,			2.943,			0.206,			0.056
693,	2,	220.0,	177.875,			10.586,			1.486,			0.166
694,	1,	30.0,	177.988,			1.247,			0.215,			0.06
695,	1,	44.0,	178.055,			2.522,			0.23,			0.058
696,	1,	30.0,	178.121,			1.985,			0.231,			0.054
697,	1,	7.0,	178.375,			1.683,			0.116,			0.052
698,	2,	70.0,	178.563,			10.175,			1.116,			0.108
699,	1,	13.0,	178.766,			2.398,			0.119,			0.051
700,	1,	169.0,	178.91,			2.874,			0.152,			0.053
701,	1,	13.0,	179.024,			2.318,			0.282,			0.057
702,	1,	44.0,	179.164,			1.853,			0.161,			0.059
703,	1,	44.0,	179.174,			2.622,			0.214,			0.06
704,	2,	115.0,	179.377,			13.135,			1.116,			0.155
705,	1,	103.0,	179.462,			2.252,			0.221,			0.059
706,	1,	90.0,	179.611,			1.376,			0.109,			0.055
707,	2,	214.0,	179.623,			12.987,			1.23,			0.142
708,	1,	6.0,	179.846,			1.423,			0.189,			0.059
709,	1,	7.0,	180.036,			1.086,			0.116,			0.056
710,	1,	447.0,	180.049,			1.406,			0.156,			0.058
711,	2,	146.0,	180.236,			11.39,			1.05,			0.194
712,	1,	95.0,	180.27,			2.653,			0.15,			0.057
713,	1,	44.0,	180.424,			2.278,			0.228,			0.06
714,	1,	44.0,	181.019,			2.013,			0.247,			0.056
715,	2,	222.0,	181.09,			12.368,			1.353,			0.137
716,	1,	169.0,	181.619,			1.786,			0.161,			0.052
717,	1,	126.0,	181.674,			1.26,			0.212,			0.06
718,	1,	157.0,	182.148,			2.914,			0.291,			0.058
719,	1,	59.0,	182.894,			2.26,			0.292,			0.06
720,	2,	125.0,	182.955,			11.611,			1.285,			0.159
721,	2,	234.0,	183.093,			11.816,			1.07,			0.15
722,	1,	379.0,	183.207,			1.99,			0.254,			0.058
723,	1,	59.0,	183.227,			1.609,			0.206,			0.06
724,	1,	28.0,	183.283,			2.151,			0.201,			0.054
725,	1,	120.0,	183.289,			1.907,			0.299,			0.05
726,	1,	10.0,	183.298,			1.03,			0.186,			0.058
727,	1,	6.0,	183.31,			1.007,			0.257,			0.051
728,	1,	146.0,	183.317,			1.827,			0.145,			0.056
729,	1,	169.0,	183.494,			1.688,			0.194,			0.056
730,	1,	44.0,	183.592,			2.276,			0.133,			0.059
731,	2,	100.0,	183.638,			13.651,			1.453,			0.107
732,	1,	49.0,	183.688,			2.932,			0.191,			0.057
733,	1,	95.0,	183.831,			1.211,			0.167,			0.05
734,	1,	157.0,	184.154,			2.911,			0.253,			0.055
735,	1,	146.0,	184.2,			2.438,			0.16,			0.059
736,	1,	6.0,	184.229,			1.822,			0.194,			0.052
737,	1,	126.0,	184.369,			2.857,			0.295,			0.06
738,	1,	7.0,	184.393,			2.847,			0.186,			0.054
739,	1,	28.0,	184.757,			1.024,			0.271,			0.053
740,	1,	7.0,	185.12,			1.393,			0.208,			0.053
741,	1,	146.0,	185.322,			1.908,			0.275,			0.054
742,	1,	16.0,	185.54,			1.038,			0.195,			0.055
743,	2,	119.0,	185.77,			13.979,			1.47,			0.168
744,	2,	225.0,	185.887,			13.892,			1.493,			0.142
745,	1,	103.0,	186.283,			2.974,			0.166,			0.06
746,	1,	157.0,	186.294,			2.155,			0.172,			0.057
747,	1,	30.0,	186.845,			2.799,			0.133,			0.05
748,	1,	103.0,	186.853,			2.379,			0.135,			0.058
749,	2,	250.0,	187.019,			12.105,			1.444,			0.121
750,	1,	6.0,	187.551,			1.256,			0.139,			0.053
751,	2,	68.0,	187.665,			14.439,			1.453,			0.19
752,	1,	169.0,	187.828,			1.63,			0.21,			0.059
753,	1,	7.0,	187.868,			2.031,			0.194,			0.05
754,	1,	30.0,	187.901,			1.984,			0.238,			0.054
755,	1,	7.0,	187.917,			2.725,			0.146,			0.058
756,	2,	85.0,	188.015,			14.023,			1.001,			0.144
757,	1,	512.0,	188.027,			2.881,			0.205,			0.052
758,	1,	387.0,	188.18,			1.769,			0.217,			0.053
759,	1,	387.0,	188.472,			2.138,			0.2,			0.05
760,	1,	95.0,	188.794,			2.549,			0.107,			0.054
761,	1,	169.0,	188.901,			1.561,			0.215,			0.055
762,	1,	120.0,	189.121,			1.3,			0.225,			0.054
763,	1,	7.0,	189.233,			1.733,			0.244,			0.057
764,	2,	157.0,	189.49,			10.205,			1.284,			0.167
765,	1,	16.0,	189.546,			1.805,			0.146,			0.056
766,	1,	30.0,	189.586,			1.043,			0.257,			0.054
767,	2,	117.0,	189.75,			13.778,			1.23,			0.168
768,	1,	6.0,	189.753,			2.588,			0.284,			0.057
769,	1,	49.0,	190.107,			2.328,			0.293,			0.058
770,	1,	49.0,	190.303,			1.728,			0.282,			0.055
771,	1,	7.0,	190.376,			1.715,			0.199,			0.058
772,	1,	6.0,	190.409,			2.932,			0.212,			0.052
773,	1,	447.0,	190.411,			1.499,			0.257,			0.059
774,	2,	201.0,	190.588,			14.39,			1.304,			0.137
775,	1,	44.0,	190.602,			2.645,			0.165,			0.051
776,	1,	6.0,	190.718,			1.535,			0.252,			0.051
777,	1,	49.0,	190.854,			1.289,			0.112,			0.053
778,	1,	512.0,	190.947,			1.42,			0.112,			0.053
779,	1,	103.0,	190.956,			2.652,			0.267,			0.058
780,	1,	7.0,	190.976,			1.525,			0.29,			0.054
781,	1,	7.0,	191.094,			2.11,			0.132,			0.058
782,	1,	6.0,	191.127,			2.634,			0.2,			0.06
783,	1,	559.0,	191.326,			1.403,			0.159,			0.059
784,	1,	7.0,	191.433,			2.149,			0.232,			0.059
785,	1,	214.0,	191.486,			1.322,			0.124,			0.055
786,	1,	146.0,	191.543,			2.013,			0.241,			0.057
787,	2,	131.0,	191.554,			14.127,			1.423,			0.164
788,	1,	16.0,	191.934,			2.581,			0.151,			0.052
789,	1,	126.0,	192.366,			2.813,			0.127,			0.058
790,	1,	6.0,	192.443,			2.622,			0.292,			0.055
791,	2,	138.0,	192.534,			14.933,			1.461,			0.117
792,	1,	169.0,	192.627,			1.148,			0.268,			0.06
793,	1,	120.0,	192.705,			1.504,			0.278,			0.05
794,	1,	59.0,	193.114,			2.709,			0.176,			0.058
795,	1,	103.0,	193.197,			1.768,			0.215,			0.051
796,	1,	44.0,	193.281,			1.979,			0.131,			0.056
797,	1,	447.0,	193.524,			1.59,			0.1,			0.056
798,	2,	146.0,	193.784,			14.653,			1.265,			0.179
799,	1,	7.0,	193.964,			1.929,			0.216,			0.051
800,	1,	30.0,	194.124,			2.765,			0.137,			0.051
801,	1,	7.0,	194.314,			1.287,			0.278,			0.053
802,	1,	214.0,	194.615,			2.199,			0.193,			0.058
803,	1,	6.0,	194.699,			1.431,			0.282,			0.051
804,	2,	211.0,	194.994,			10.979,			1.194,			0.15
805,	1,	6.0,	195.331,			2.675,			0.225,			0.052
806,	1,	103.0,	195.381,			1.477,			0.202,			0.06
807,	1,	146.0,	195.415,			2.104,			0.166,			0.056
808,	1,	447.0,	195.606,			2.104,			0.167,			0.056
809,	1,	16.0,	196.081,			1.008,			0.147,			0.055
810,	1,	447.0,	196.149,			1.825,			0.179,			0.055
811,	1,	103.0,	196.253,			2.225,			0.247,			0.059
812,	1,	146.0,	196.275,			2.1,			0.288,			0.055
813,	2,	158.0,	196.773,			13.647,			1.294,			0.105
814,	1,	13.0,	197.125,			1.051,			0.231,			0.057
815,	1,	59.0,	197.155,			2.366,			0.256,			0.053
816,	1,	95.0,	197.625,			2.557,			0.298,			0.054
817,	1,	214.0,	197.696,			2.598,			0.3,			0.059
818,	1,	379.0,	197.798,			1.633,			0.136,			0.058
819,	1,	559.0,	198.074,			2.813,			0.244,			0.053
820,	1,	28.0,	198.652,			1.663,			0.222,			0.05
821,	1,	6.0,	199.34,			2.26,			0.157,			0.051
822,	1,	16.0,	199.353,			2.945,			0.234,			0.052
823,	2,	128.0,	199.682,			11.027,			1.075,			0.101
824,	2,	110.0,	199.729,			11.89,			1.481,			0.186
825,	1,	512.0,	199.841,			2.935,			0.119,			0.057
826,	1,	6.0,	200.369,			2.122,			0.112,			0.054
827,	1,	6.0,	200.463,			1.722,			0.204,			0.051
828,	1,	146.0,	200.783,			2.819,			0.15,			0.052
829,	1,	169.0,	200.933,			2.673,			0.217,			0.056
830,	1,	16.0,	200.959,			2.148,			0.273,			0.057
831,	1,	13.0,	201.255,			1.402,			0.206,			0.055
832,	1,	59.0,	201.415,			1.356,			0.176,			0.056
833,	2,	140.0,	201.428,			12.581,			1.253,			0.2
834,	1,	7.0,	201.495,			1.869,			0.182,			0.057
835,	1,	90.0,	201.733,			2.364,			0.205,			0.059
836,	1,	169.0,	202.443,			2.78,			0.203,			0.058
837,	2,	84.0,	202.781,			13.874,			1.042,			0.169
838,	1,	379.0,	202.823,			1.984,			0.218,			0.051
839,	1,	90.0,	203.226,			2.709,			0.176,			0.06
840,	1,	90.0,	203.289,			1.327,			0.208,			0.051
841,	1,	59.0,	203.621,			1.044,			0.133,			0.055
842,	2,	74.0,	203.984,			12.434,			1.477,			0.148
843,	1,	7.0,	204.165,			1.169,			0.256,			0.056
844,	1,	10.0,	204.292,			2.787,			0.146,			0.055
845,	1,	49.0,	204.63,			1.921,			0.218,			0.051
846,	1,	44.0,	205.05,			2.936,			0.28,			0.056
847,	1,	7.0,	205.36,			1.008,			0.27,			0.051
848,	1,	10.0,	205.925,			2.379,			0.285,			0.056
849,	2,	138.0,	205.986,			10.6,			1.326,			0.165
850,	2,	80.0,	206.052,			10.269,			1.286,			0.162
851,	1,	7.0,	206.218,			2.132,			0.272,			0.057
852,	2,	193.0,	206.252,			12.391,			1.261,			0.163
853,	1,	7.0,	206.547,			2.557,			0.151,			0.058
854,	1,	16.0,	206.763,			2.114,			0.135,			0.058
855,	1,	498.0,	207.142,			2.753,			0.173,			0.059
856,	1,	169.0,	207.436,			2.223,			0.225,			0.054
857,	1,	7.0,	207.446,			2.78,			0.297,			0.057
858,	1,	44.0,	207.717,			1.009,			0.299,			0.058
859,	1,	559.0,	207.96,			2.151,			0.125,			0.054
860,	1,	6.0,	208.18,			1.309,			0.238,			0.054
861,	1,	169.0,	208.234,			1.119,			0.252,			0.052
862,	1,	90.0,	208.252,			1.828,			0.1,			0.055
863,	2,	103.0,	208.588,			12.014,			1.214,			0.135
864,	1,	90.0,	209.075,			2.717,			0.182,			0.059
865,	2,	144.0,	209.469,			10.335,			1.196,			0.134
866,	1,	7.0,	210.593,			2.11,			0.272,			0.051
867,	2,	130.0,	210.771,			11.661,			1.366,			0.137
868,	1,	10.0,	210.817,			1.99,			0.254,			0.053
869,	1,	7.0,	210.854,			1.14,			0.155,			0.051
870,	1,	7.0,	211.079,			1.911,			0.237,			0.056
871,	1,	146.0,	211.513,			2.895,			0.121,			0.059
872,	1,	30.0,	212.23,			2.655,			0.161,			0.057
873,	1,	169.0,	212.491,			1.554,			0.114,			0.06
874,	1,	7.0,	212.799,			1.719,			0.278,			0.056
875,	1,	16.0,	212.911,			1.985,			0.265,			0.057
876,	1,	157.0,	213.143,			2.8,			0.12,			0.052
877,	1,	512.0,	213.439,			2.844,			0.254,			0.05
878,	1,	7.0,	214.806,			1.325,			0.145,			0.055
879,	1,	13.0,	214.833,			2.559,			0.2,			0.058
880,	2,	122.0,	215.261,			12.4,			1.008,			0.115
881,	1,	559.0,	215.814,			2.903,			0.272,			0.057
882,	1,	44.0,	215.951,			1.56,			0.151,			0.051
883,	1,	387.0,	216.133,			1.977,			0.221,			0.059
884,	1,	157.0,	216.401,			1.168,			0.138,			0.055
885,	1,	103.0,	216.535,			2.084,			0.256,			0.056
886,	1,	126.0,	217.315,			2.598,			0.281,			0.06
887,	2,	175.0,	217.323,			12.024,			1.413,			0.144
888,	1,	498.0,	217.331,			2.957,			0.176,			0.055
889,	1,	559.0,	217.682,			1.004,			0.29,			0.056
890,	1,	120.0,	217.896,			1.591,			0.199,			0.059
891,	1,	59.0,	217.975,			1.807,			0.139,			0.059
892,	1,	90.0,	218.036,			2.498,			0.186,			0.06
893,	1,	49.0,	218.545,			2.43,			0.203,			0.059
894,	1,	498.0,	219.796,			2.051,			0.289,			0.055
895,	2,	96.0,	220.448,			12.02,			1.262,			0.198
896,	1,	120.0,	220.647,			1.742,			0.28,			0.053
897,	1,	28.0,	220.885,			2.027,			0.187,			0.054
898,	2,	251.0,	221.001,			13.92,			1.437,			0.194
899,	1,	103.0,	221.469,			1.211,			0.297,			0.053
900,	1,	146.0,	221.537,			1.296,			0.139,			0.051
901,	1,	16.0,	222.017,			1.426,			0.225,			0.059
902,	2,	88.0,	222.167,			10.884,			1.489,			0.139
903,	2,	171.0,	222.68,			13.222,			1.468,			0.134
904,	1,	44.0,	222.945,			2.779,			0.133,			0.052
905,	1,	95.0,	223.094,			2.76,			0.157,			0.057
906,	1,	447.0,	224.389,			2.298,			0.168,			0.057
907,	1,	13.0,	224.421,			1.809,			0.216,			0.055
908,	2,	179.0,	224.669,			13.596,			1.021,			0.119
909,	1,	28.0,	225.896,			2.621,			0.162,			0.057
910,	1,	28.0,	226.155,			1.625,			0.259,			0.056
911,	1,	10.0,	226.36,			1.651,			0.145,			0.052
912,	1,	90.0,	226.62,			2.87,			0.125,			0.051
913,	1,	379.0,	226.801,			2.553,			0.238,			0.051
914,	1,	146.0,	227.474,			2.286,			0.254,			0.055
915,	1,	7.0,	227.478,			2.627,			0.238,			0.055
916,	1,	447.0,	227.992,			1.913,			0.206,			0.055
917,	1,	95.0,	228.656,			1.204,			0.2,			0.055
918,	1,	6.0,	228.667,			2.098,			0.225,			0.06
919,	1,	6.0,	228.963,			2.187,			0.238,			0.053
920,	2,	76.0,	229.685,			13.262,			1.012,			0.106
921,	1,	13.0,	229.893,			1.263,			0.151,			0.05
922,	1,	95.0,	230.452,			2.756,			0.208,			0.057
923,	1,	214.0,	230.876,			2.122,			0.15,			0.056
924,	1,	103.0,	231.098,			1.115,			0.122,			0.053
925,	2,	127.0,	231.101,			11.598,			1.289,			0.101
926,	2,	148.0,	231.705,			13.89,			1.166,			0.133
927,	1,	13.0,	232.786,			1.241,			0.299,			0.057
928,	2,	177.0,	233.008,			14.334,			1.217,			0.131
929,	1,	512.0,	233.872,			2.398,			0.279,			0.057
930,	1,	157.0,	234.08,			2.1,			0.202,			0.06
931,	2,	142.0,	234.629,			11.971,			1.037,			0.113
932,	2,	130.0,	234.683,			11.207,			1.282,			0.108
933,	1,	7.0,	234.841,			2.972,			0.101,			0.057
934,	1,	126.0,	236.047,			1.044,			0.231,			0.057
935,	1,	44.0,	237.17,			2.498,			0.156,			0.052
936,	1,	7.0,	237.26,			1.213,			0.249,			0.057
937,	1,	157.0,	237.989,			2.864,			0.177,			0.059
938,	2,	241.0,	238.326,			14.836,			1.31,			0.154
939,	1,	10.0,	238.905,			1.844,			0.208,			0.055
940,	2,	83.0,	239.017,			12.368,			1.208,			0.116
941,	2,	208.0,	239.914,			11.404,			1.388,			0.118
942,	2,	90.0,	239.924,			12.372,			1.148,			0.101
943,	1,	95.0,	240.361,			2.379,			0.108,			0.052
944,	1,	214.0,	240.558,			2.796,			0.101,			0.055
945,	1,	559.0,	240.829,			1.26,			0.161,			0.06
946,	1,	95.0,	241.491,			1.188,			0.212,			0.059
947,	2,	53.0,	241.544,			14.45,			1.323,			0.119
948,	2,	143.0,	241.953,			12.069,			1.402,			0.189
949,	1,	447.0,	242.193,			2.084,			0.237,			0.06
950,	1,	7.0,	242.982,			1.821,			0.185,			0.056
951,	1,	447.0,	246.591,			2.555,			0.291,			0.055
952,	2,	80.0,	247.744,			12.933,			1.323,			0.161
953,	1,	214.0,	248.859,			2.438,			0.206,			0.052
954,	1,	169.0,	249.078,			1.748,			0.118,			0.056
955,	1,	7.0,	249.365,			2.598,			0.241,			0.055
956,	2,	182.0,	249.603,			14.906,			1.064,			0.186
957,	2,	170.0,	251.481,			13.438,			1.014,			0.194
958,	2,	98.0,	251.713,			11.3,			1.146,			0.158
959,	1,	103.0,	251.988,			2.427,			0.287,			0.054
960,	1,	157.0,	252.247,			2.41,			0.214,			0.053
961,	2,	158.0,	252.413,			11.082,			1.198,			0.182
962,	1,	7.0,	253.026,			2.52,			0.288,			0.051
963,	2,	87.0,	254.006,			11.658,			1.362,			0.103
964,	1,	103.0,	254.842,			2.675,			0.223,			0.058
965,	2,	155.0,	258.511,			14.114,			1.114,			0.178
966,	1,	10.0,	259.317,			1.005,			0.288,			0.056
967,	1,	28.0,	260.127,			1.612,			0.136,			0.056
968,	1,	214.0,	260.255,			1.662,			0.243,			0.06
969,	1,	512.0,	261.172,			1.857,			0.121,			0.053
970,	1,	49.0,	261.851,			1.624,			0.248,			0.056
971,	1,	7.0,	265.679,			1.683,			0.229,			0.052
972,	2,	160.0,	265.782,			11.504,			1.183,			0.177
973,	2,	83.0,	266.365,			13.828,			1.43,			0.184
974,	1,	379.0,	266.373,			2.366,			0.101,			0.058
975,	2,	35.0,	268.112,			12.551,			1.075,			0.185
976,	1,	6.0,	268.369,			1.433,			0.109,			0.054
977,	1,	6.0,	269.344,			2.408,			0.258,			0.06
978,	1,	30.0,	269.689,			1.211,			0.224,			0.059
979,	1,	559.0,	270.554,			1.441,			0.146,			0.059
980,	1,	120.0,	271.428,			1.862,			0.118,			0.052
981,	2,	58.0,	272.174,			10.77,			1.259,			0.133
982,	2,	270.0,	272.193,			13.224,			1.421,			0.133
983,	1,	95.0,	275.503,			2.914,			0.295,			0.058
984,	2,	104.0,	275.661,			13.45,			1.25,			0.135
985,	2,	202.0,	276.444,			13.785,			1.073,			0.102
986,	1,	498.0,	277.945,			1.075,			0.247,			0.057
987,	2,	119.0,	278.627,			13.266,			1.066,			0.121
988,	2,	63.0,	283.368,			12.537,			1.183,			0.186
989,	2,	88.0,	283.867,			14.12,			1.135,			0.109
990,	1,	559.0,	284.707,			2.398,			0.153,			0.057
991,	1,	6.0,	284.838,			1.539,			0.13,			0.057
992,	2,	275.0,	287.78,			13.801,			1.101,			0.131
993,	2,	206.0,	289.945,			13.911,			1.421,			0.186
994,	2,	267.0,	290.086,			10.011,			1.255,			0.143
995,	2,	111.0,	292.546,			11.228,			1.297,			0.142
996,	1,	512.0,	292.822,			1.838,			0.21,			0.053
997,	2,	97.0,	293.201,			11.876,			1.332,			0.116
998,	2,	68.0,	294.367,			14.464,			1.453,			0.184
999,	2,	125.0,	295.884,			11.92,			1.159,			0.113
1000,	1,	10.0,	300.0,			2.41,			0.23,			0.054
