#, task_type_id, size, arrival_time,	execution_time_cpu,	execution_time_gpu,	execution_time_CLOUD
1,	1,	44.0,	0.0,			2.429,			0.106,			0.051
2,	2,	142.0,	0.327,			11.573,			1.305,			0.185
3,	1,	13.0,	0.685,			1.028,			0.213,			0.052
4,	2,	97.0,	1.819,			11.842,			1.335,			0.131
5,	2,	139.0,	2.05,			11.371,			1.2,			0.122
6,	2,	123.0,	3.199,			12.26,			1.194,			0.143
7,	2,	115.0,	4.069,			14.011,			1.246,			0.158
8,	2,	208.0,	5.097,			12.105,			1.373,			0.184
9,	2,	130.0,	6.787,			10.16,			1.046,			0.109
10,	2,	326.0,	8.381,			14.023,			1.07,			0.138
11,	2,	230.0,	8.535,			12.869,			1.343,			0.176
12,	2,	121.0,	8.81,			10.666,			1.489,			0.178
13,	2,	137.0,	10.753,			13.186,			1.165,			0.185
14,	2,	160.0,	11.408,			10.782,			1.205,			0.184
15,	1,	498.0,	12.49,			2.727,			0.294,			0.05
16,	2,	61.0,	12.54,			13.106,			1.351,			0.197
17,	2,	127.0,	12.859,			11.403,			1.311,			0.134
18,	2,	110.0,	14.758,			13.795,			1.121,			0.113
19,	2,	197.0,	15.384,			10.178,			1.198,			0.149
20,	2,	130.0,	15.39,			10.506,			1.437,			0.195
21,	2,	235.0,	15.594,			10.235,			1.27,			0.108
22,	1,	7.0,	15.605,			2.581,			0.221,			0.059
23,	2,	121.0,	19.083,			14.157,			1.014,			0.162
24,	2,	208.0,	19.354,			14.735,			1.055,			0.197
25,	2,	183.0,	19.438,			14.432,			1.159,			0.139
26,	2,	126.0,	19.96,			12.438,			1.029,			0.103
27,	1,	10.0,	21.73,			2.881,			0.128,			0.06
28,	2,	214.0,	22.746,			12.738,			1.129,			0.198
29,	1,	6.0,	23.161,			2.388,			0.283,			0.053
30,	2,	108.0,	24.302,			12.635,			1.25,			0.131
31,	2,	141.0,	24.415,			11.92,			1.103,			0.185
32,	1,	95.0,	26.821,			1.188,			0.174,			0.057
33,	1,	7.0,	27.046,			1.431,			0.166,			0.053
34,	1,	146.0,	27.075,			2.41,			0.17,			0.051
35,	2,	224.0,	27.37,			11.829,			1.091,			0.149
36,	2,	136.0,	29.545,			11.885,			1.312,			0.195
37,	2,	122.0,	31.152,			14.132,			1.118,			0.195
38,	2,	119.0,	31.241,			14.276,			1.304,			0.102
39,	2,	160.0,	31.349,			14.89,			1.165,			0.181
40,	1,	498.0,	32.12,			1.376,			0.283,			0.056
41,	2,	325.0,	33.105,			13.254,			1.086,			0.186
42,	2,	173.0,	36.266,			12.363,			1.104,			0.151
43,	1,	447.0,	39.851,			1.448,			0.12,			0.06
44,	1,	512.0,	40.005,			1.736,			0.195,			0.057
45,	2,	198.0,	41.673,			13.671,			1.401,			0.139
46,	2,	249.0,	42.09,			10.319,			1.164,			0.168
47,	2,	162.0,	42.279,			13.297,			1.29,			0.148
48,	1,	169.0,	42.612,			1.698,			0.161,			0.051
49,	1,	103.0,	43.127,			2.127,			0.161,			0.058
50,	2,	198.0,	43.378,			10.617,			1.442,			0.101
51,	1,	7.0,	43.661,			2.893,			0.208,			0.06
52,	1,	90.0,	45.895,			2.985,			0.187,			0.055
53,	1,	7.0,	49.397,			1.561,			0.109,			0.056
54,	2,	146.0,	50.019,			14.965,			1.13,			0.107
55,	1,	120.0,	50.739,			1.67,			0.258,			0.059
56,	1,	512.0,	50.942,			1.409,			0.193,			0.059
57,	2,	178.0,	51.387,			10.686,			1.435,			0.176
58,	2,	129.0,	51.824,			13.174,			1.43,			0.136
59,	2,	140.0,	52.021,			14.289,			1.099,			0.2
60,	1,	95.0,	52.092,			1.671,			0.263,			0.053
61,	2,	160.0,	52.267,			11.135,			1.498,			0.132
62,	1,	10.0,	54.093,			2.492,			0.115,			0.058
63,	1,	379.0,	54.616,			1.103,			0.27,			0.05
64,	1,	6.0,	55.013,			1.36,			0.209,			0.053
65,	2,	281.0,	55.247,			11.215,			1.154,			0.174
66,	2,	102.0,	56.157,			10.912,			1.178,			0.148
67,	1,	7.0,	56.869,			2.947,			0.134,			0.055
68,	2,	205.0,	57.341,			12.301,			1.411,			0.145
69,	1,	7.0,	57.515,			2.223,			0.207,			0.05
70,	2,	110.0,	57.628,			12.242,			1.465,			0.107
71,	1,	7.0,	57.631,			2.819,			0.21,			0.052
72,	1,	95.0,	58.119,			2.31,			0.19,			0.059
73,	1,	120.0,	58.235,			1.532,			0.15,			0.06
74,	1,	28.0,	59.21,			1.742,			0.177,			0.052
75,	1,	512.0,	59.638,			2.76,			0.238,			0.055
76,	1,	44.0,	59.92,			2.03,			0.101,			0.053
77,	1,	16.0,	60.775,			1.26,			0.194,			0.06
78,	1,	7.0,	62.013,			1.876,			0.206,			0.056
79,	1,	146.0,	62.31,			1.402,			0.284,			0.053
80,	1,	13.0,	62.783,			1.325,			0.112,			0.056
81,	1,	95.0,	62.911,			2.777,			0.237,			0.057
82,	1,	512.0,	62.923,			1.515,			0.297,			0.054
83,	1,	146.0,	63.795,			1.753,			0.195,			0.058
84,	2,	147.0,	63.798,			14.511,			1.304,			0.131
85,	2,	89.0,	64.207,			13.168,			1.233,			0.131
86,	2,	185.0,	65.297,			14.737,			1.493,			0.154
87,	2,	190.0,	66.186,			10.669,			1.492,			0.197
88,	1,	379.0,	66.378,			2.252,			0.138,			0.06
89,	1,	44.0,	67.038,			1.098,			0.223,			0.056
90,	1,	7.0,	68.008,			2.304,			0.267,			0.05
91,	1,	6.0,	68.028,			2.063,			0.179,			0.052
92,	2,	206.0,	68.099,			12.835,			1.441,			0.199
93,	1,	387.0,	68.175,			2.459,			0.233,			0.055
94,	1,	10.0,	68.285,			2.681,			0.192,			0.058
95,	2,	231.0,	68.572,			13.377,			1.374,			0.143
96,	1,	95.0,	68.944,			2.027,			0.137,			0.051
97,	1,	498.0,	69.135,			2.323,			0.146,			0.053
98,	1,	120.0,	70.343,			2.525,			0.144,			0.053
99,	2,	240.0,	70.632,			13.587,			1.085,			0.185
100,	1,	49.0,	70.663,			1.098,			0.141,			0.06
101,	1,	7.0,	71.078,			2.568,			0.109,			0.054
102,	1,	214.0,	71.734,			1.609,			0.217,			0.055
103,	2,	75.0,	71.93,			11.876,			1.164,			0.166
104,	1,	59.0,	72.855,			1.403,			0.173,			0.058
105,	1,	90.0,	72.909,			1.056,			0.242,			0.052
106,	2,	208.0,	75.25,			11.668,			1.109,			0.169
107,	1,	157.0,	75.898,			2.669,			0.173,			0.058
108,	1,	7.0,	76.187,			1.908,			0.203,			0.056
109,	1,	387.0,	76.317,			1.509,			0.167,			0.054
110,	2,	380.0,	76.573,			13.79,			1.264,			0.147
111,	1,	126.0,	76.873,			1.669,			0.155,			0.054
112,	1,	28.0,	77.032,			2.219,			0.252,			0.058
113,	1,	7.0,	77.226,			2.143,			0.207,			0.055
114,	2,	240.0,	77.303,			10.277,			1.009,			0.195
115,	2,	171.0,	77.459,			10.728,			1.442,			0.156
116,	1,	30.0,	77.574,			1.478,			0.112,			0.055
117,	1,	49.0,	77.576,			2.637,			0.164,			0.056
118,	1,	120.0,	77.948,			2.91,			0.13,			0.055
119,	2,	90.0,	78.703,			10.565,			1.388,			0.166
120,	1,	379.0,	78.883,			1.467,			0.125,			0.056
121,	1,	447.0,	79.143,			1.625,			0.12,			0.056
122,	1,	157.0,	79.386,			2.612,			0.245,			0.056
123,	1,	28.0,	79.445,			2.328,			0.154,			0.057
124,	1,	214.0,	79.557,			1.226,			0.21,			0.057
125,	1,	6.0,	79.628,			2.167,			0.29,			0.053
126,	1,	379.0,	79.822,			2.565,			0.247,			0.051
127,	1,	512.0,	80.013,			1.416,			0.135,			0.052
128,	1,	28.0,	80.072,			1.524,			0.198,			0.053
129,	1,	49.0,	80.079,			2.601,			0.214,			0.06
130,	1,	13.0,	80.983,			2.8,			0.177,			0.051
131,	1,	120.0,	81.214,			1.096,			0.167,			0.057
132,	1,	10.0,	81.278,			1.302,			0.179,			0.06
133,	1,	90.0,	81.377,			1.305,			0.195,			0.054
134,	2,	38.0,	81.394,			11.672,			1.431,			0.188
135,	2,	333.0,	81.523,			14.334,			1.04,			0.182
136,	2,	134.0,	82.395,			12.914,			1.498,			0.109
137,	1,	10.0,	82.597,			2.789,			0.212,			0.055
138,	1,	512.0,	82.881,			1.645,			0.139,			0.05
139,	2,	226.0,	83.207,			14.162,			1.286,			0.161
140,	1,	447.0,	83.915,			2.278,			0.276,			0.052
141,	1,	157.0,	84.168,			1.398,			0.201,			0.059
142,	1,	120.0,	84.409,			2.555,			0.208,			0.054
143,	1,	146.0,	85.029,			2.616,			0.166,			0.056
144,	1,	6.0,	85.352,			2.249,			0.135,			0.056
145,	1,	103.0,	85.421,			1.612,			0.203,			0.055
146,	2,	135.0,	85.577,			14.011,			1.469,			0.146
147,	2,	138.0,	85.805,			12.486,			1.139,			0.129
148,	1,	126.0,	85.845,			2.459,			0.131,			0.052
149,	2,	107.0,	85.914,			13.747,			1.137,			0.105
150,	1,	126.0,	86.396,			2.556,			0.166,			0.054
151,	1,	146.0,	86.776,			1.211,			0.14,			0.052
152,	2,	138.0,	87.064,			13.316,			1.003,			0.178
153,	1,	387.0,	87.168,			1.302,			0.234,			0.051
154,	1,	120.0,	87.22,			2.858,			0.254,			0.051
155,	1,	90.0,	87.297,			1.141,			0.108,			0.058
156,	1,	146.0,	87.763,			1.174,			0.122,			0.059
157,	1,	387.0,	87.883,			1.445,			0.15,			0.053
158,	1,	44.0,	88.007,			1.499,			0.155,			0.054
159,	2,	91.0,	88.378,			10.277,			1.354,			0.162
160,	1,	13.0,	89.122,			2.95,			0.29,			0.053
161,	1,	95.0,	89.642,			1.524,			0.247,			0.054
162,	1,	30.0,	89.942,			2.497,			0.114,			0.057
163,	2,	69.0,	90.596,			14.99,			1.262,			0.15
164,	2,	93.0,	90.675,			13.667,			1.3,			0.111
165,	1,	447.0,	90.677,			1.642,			0.149,			0.055
166,	1,	214.0,	90.753,			1.155,			0.169,			0.057
167,	1,	7.0,	90.886,			1.204,			0.158,			0.054
168,	1,	126.0,	90.969,			1.988,			0.131,			0.06
169,	2,	119.0,	91.056,			12.368,			1.457,			0.117
170,	1,	28.0,	91.064,			1.809,			0.248,			0.056
171,	1,	120.0,	91.592,			2.314,			0.29,			0.057
172,	1,	6.0,	91.716,			2.948,			0.299,			0.051
173,	1,	379.0,	92.138,			2.768,			0.284,			0.055
174,	1,	90.0,	92.408,			1.028,			0.14,			0.054
175,	1,	7.0,	92.433,			2.582,			0.1,			0.06
176,	2,	208.0,	92.495,			10.319,			1.067,			0.195
177,	2,	182.0,	92.843,			14.136,			1.463,			0.194
178,	1,	95.0,	93.245,			1.217,			0.225,			0.057
179,	1,	447.0,	93.662,			1.633,			0.129,			0.056
180,	2,	106.0,	93.888,			11.328,			1.394,			0.147
181,	1,	30.0,	94.204,			2.78,			0.205,			0.051
182,	1,	7.0,	94.676,			2.085,			0.233,			0.051
183,	1,	59.0,	95.433,			1.019,			0.108,			0.054
184,	2,	228.0,	95.491,			11.411,			1.062,			0.133
185,	1,	169.0,	95.798,			2.33,			0.244,			0.059
186,	2,	133.0,	96.136,			11.581,			1.093,			0.167
187,	1,	498.0,	96.211,			2.768,			0.225,			0.055
188,	1,	44.0,	96.318,			1.848,			0.22,			0.05
189,	1,	169.0,	96.448,			2.757,			0.183,			0.058
190,	1,	13.0,	96.61,			1.144,			0.192,			0.057
191,	1,	90.0,	96.919,			2.305,			0.222,			0.057
192,	1,	120.0,	96.949,			1.639,			0.205,			0.051
193,	1,	559.0,	97.164,			2.448,			0.264,			0.055
194,	1,	559.0,	97.227,			1.485,			0.121,			0.057
195,	1,	90.0,	97.308,			1.322,			0.154,			0.054
196,	1,	7.0,	97.661,			2.628,			0.178,			0.057
197,	1,	95.0,	97.742,			2.943,			0.292,			0.058
198,	2,	109.0,	97.908,			13.894,			1.212,			0.176
199,	1,	169.0,	97.966,			1.692,			0.292,			0.057
200,	1,	28.0,	98.01,			2.013,			0.205,			0.055
201,	2,	111.0,	98.259,			12.635,			1.069,			0.132
202,	1,	10.0,	98.973,			2.846,			0.18,			0.052
203,	1,	28.0,	99.028,			1.827,			0.211,			0.054
204,	1,	30.0,	99.029,			1.596,			0.228,			0.05
205,	1,	6.0,	99.115,			2.52,			0.253,			0.058
206,	1,	6.0,	99.117,			1.009,			0.162,			0.056
207,	1,	387.0,	99.56,			1.256,			0.254,			0.055
208,	1,	169.0,	99.894,			1.402,			0.131,			0.056
209,	1,	7.0,	99.959,			2.073,			0.186,			0.056
210,	2,	137.0,	100.073,			11.581,			1.374,			0.151
211,	1,	103.0,	100.228,			1.458,			0.179,			0.053
212,	1,	157.0,	100.461,			2.795,			0.254,			0.054
213,	1,	7.0,	100.476,			1.204,			0.245,			0.056
214,	1,	90.0,	100.986,			1.499,			0.13,			0.06
215,	1,	13.0,	101.243,			1.162,			0.251,			0.056
216,	1,	6.0,	101.444,			1.024,			0.175,			0.057
217,	1,	44.0,	102.065,			2.52,			0.166,			0.058
218,	1,	59.0,	102.346,			2.881,			0.173,			0.051
219,	1,	44.0,	103.261,			2.037,			0.222,			0.054
220,	1,	103.0,	103.279,			1.011,			0.289,			0.053
221,	1,	169.0,	103.326,			2.939,			0.288,			0.053
222,	1,	387.0,	103.369,			1.22,			0.229,			0.057
223,	1,	7.0,	103.492,			2.703,			0.248,			0.055
224,	2,	119.0,	103.597,			12.015,			1.146,			0.112
225,	1,	95.0,	103.721,			1.106,			0.237,			0.055
226,	2,	122.0,	103.89,			12.206,			1.5,			0.12
227,	1,	49.0,	104.649,			1.672,			0.279,			0.053
228,	2,	174.0,	104.701,			14.127,			1.027,			0.188
229,	2,	173.0,	104.715,			13.602,			1.29,			0.122
230,	1,	126.0,	104.739,			2.01,			0.114,			0.052
231,	1,	387.0,	105.621,			1.162,			0.135,			0.058
232,	2,	205.0,	105.853,			11.228,			1.261,			0.148
233,	1,	7.0,	106.112,			2.936,			0.257,			0.06
234,	1,	30.0,	106.113,			1.46,			0.116,			0.056
235,	2,	127.0,	106.78,			14.814,			1.207,			0.166
236,	1,	103.0,	106.79,			2.158,			0.292,			0.052
237,	1,	28.0,	106.804,			2.819,			0.17,			0.054
238,	1,	169.0,	106.94,			2.786,			0.235,			0.055
239,	1,	387.0,	107.22,			1.672,			0.21,			0.052
240,	1,	59.0,	107.443,			2.167,			0.146,			0.056
241,	1,	169.0,	107.676,			1.821,			0.212,			0.057
242,	1,	447.0,	107.812,			2.984,			0.27,			0.053
243,	1,	498.0,	108.174,			2.872,			0.189,			0.052
244,	1,	95.0,	108.482,			2.349,			0.173,			0.055
245,	1,	498.0,	108.706,			2.282,			0.206,			0.055
246,	1,	6.0,	108.91,			1.566,			0.247,			0.052
247,	1,	90.0,	109.041,			2.701,			0.258,			0.057
248,	1,	6.0,	109.156,			2.073,			0.164,			0.059
249,	1,	498.0,	109.465,			1.285,			0.256,			0.053
250,	1,	512.0,	109.527,			2.681,			0.234,			0.055
251,	1,	214.0,	109.53,			1.473,			0.196,			0.059
252,	1,	30.0,	109.62,			2.326,			0.203,			0.058
253,	1,	6.0,	109.946,			2.571,			0.249,			0.059
254,	1,	498.0,	109.993,			2.936,			0.295,			0.059
255,	1,	44.0,	110.136,			1.774,			0.228,			0.052
256,	1,	95.0,	110.184,			2.232,			0.209,			0.053
257,	1,	7.0,	110.353,			2.198,			0.215,			0.059
258,	2,	165.0,	110.733,			14.741,			1.424,			0.176
259,	1,	44.0,	110.914,			2.414,			0.187,			0.059
260,	1,	6.0,	111.078,			1.485,			0.163,			0.059
261,	1,	126.0,	111.079,			1.119,			0.275,			0.057
262,	2,	87.0,	111.562,			10.225,			1.222,			0.15
263,	1,	7.0,	111.907,			2.976,			0.176,			0.059
264,	1,	30.0,	112.023,			2.1,			0.297,			0.054
265,	1,	387.0,	112.146,			2.342,			0.118,			0.057
266,	1,	30.0,	112.172,			1.366,			0.158,			0.059
267,	2,	94.0,	112.443,			11.3,			1.246,			0.115
268,	1,	447.0,	112.501,			1.64,			0.283,			0.056
269,	1,	214.0,	113.035,			2.879,			0.155,			0.056
270,	1,	13.0,	113.348,			1.709,			0.29,			0.053
271,	1,	6.0,	113.358,			2.96,			0.266,			0.053
272,	1,	146.0,	113.718,			2.013,			0.219,			0.05
273,	1,	126.0,	113.724,			1.554,			0.111,			0.051
274,	2,	145.0,	113.886,			11.628,			1.255,			0.176
275,	1,	379.0,	113.923,			2.95,			0.202,			0.052
276,	1,	13.0,	114.341,			1.752,			0.276,			0.054
277,	1,	379.0,	114.625,			1.64,			0.297,			0.054
278,	1,	120.0,	114.858,			1.609,			0.202,			0.057
279,	1,	44.0,	115.154,			2.047,			0.15,			0.056
280,	1,	13.0,	115.177,			1.024,			0.179,			0.053
281,	1,	379.0,	115.455,			2.92,			0.177,			0.053
282,	1,	120.0,	117.268,			2.412,			0.253,			0.051
283,	1,	379.0,	117.355,			2.795,			0.28,			0.052
284,	1,	13.0,	117.603,			2.798,			0.106,			0.053
285,	1,	44.0,	117.681,			2.284,			0.29,			0.052
286,	1,	512.0,	117.696,			1.491,			0.244,			0.051
287,	1,	49.0,	117.787,			1.283,			0.285,			0.06
288,	1,	7.0,	117.901,			1.467,			0.292,			0.056
289,	1,	59.0,	117.955,			1.859,			0.184,			0.059
290,	1,	120.0,	118.177,			1.313,			0.257,			0.056
291,	1,	6.0,	118.211,			1.148,			0.124,			0.053
292,	1,	169.0,	118.525,			1.637,			0.162,			0.055
293,	1,	90.0,	118.806,			1.857,			0.272,			0.053
294,	2,	173.0,	119.289,			11.772,			1.095,			0.138
295,	1,	146.0,	119.68,			2.398,			0.197,			0.054
296,	1,	447.0,	119.726,			1.883,			0.161,			0.051
297,	1,	44.0,	119.753,			2.296,			0.249,			0.06
298,	1,	169.0,	119.971,			2.407,			0.259,			0.055
299,	1,	379.0,	120.039,			1.883,			0.272,			0.05
300,	2,	185.0,	120.173,			12.421,			1.222,			0.159
301,	1,	126.0,	120.196,			1.956,			0.162,			0.057
302,	1,	169.0,	120.232,			1.511,			0.101,			0.058
303,	1,	59.0,	120.28,			2.832,			0.19,			0.06
304,	1,	90.0,	120.314,			2.751,			0.177,			0.055
305,	1,	44.0,	120.325,			1.774,			0.236,			0.056
306,	1,	59.0,	120.59,			2.991,			0.154,			0.058
307,	1,	146.0,	120.719,			2.618,			0.172,			0.054
308,	1,	90.0,	120.721,			1.097,			0.238,			0.059
309,	1,	7.0,	120.898,			2.316,			0.17,			0.06
310,	1,	559.0,	121.027,			2.697,			0.195,			0.057
311,	1,	387.0,	121.212,			2.955,			0.2,			0.054
312,	2,	94.0,	121.384,			14.842,			1.416,			0.117
313,	1,	169.0,	121.439,			1.362,			0.298,			0.06
314,	1,	146.0,	121.492,			2.819,			0.17,			0.053
315,	2,	171.0,	122.126,			13.232,			1.254,			0.142
316,	1,	10.0,	122.228,			2.148,			0.132,			0.055
317,	2,	139.0,	122.303,			13.399,			1.372,			0.129
318,	1,	559.0,	122.4,			1.441,			0.254,			0.052
319,	1,	157.0,	122.616,			1.128,			0.103,			0.054
320,	1,	512.0,	122.624,			2.776,			0.108,			0.059
321,	1,	559.0,	122.66,			2.232,			0.241,			0.056
322,	1,	7.0,	123.17,			1.631,			0.227,			0.055
323,	1,	6.0,	123.512,			2.073,			0.195,			0.054
324,	1,	214.0,	123.618,			1.581,			0.184,			0.051
325,	2,	107.0,	123.763,			10.014,			1.326,			0.18
326,	1,	120.0,	123.802,			2.914,			0.279,			0.059
327,	1,	6.0,	123.982,			1.981,			0.2,			0.053
328,	1,	157.0,	124.043,			1.982,			0.161,			0.056
329,	1,	103.0,	124.419,			2.096,			0.26,			0.051
330,	1,	16.0,	124.543,			1.23,			0.214,			0.054
331,	1,	103.0,	124.562,			1.128,			0.162,			0.05
332,	1,	379.0,	124.612,			2.252,			0.194,			0.051
333,	1,	6.0,	124.643,			1.051,			0.139,			0.058
334,	1,	7.0,	124.727,			1.932,			0.2,			0.052
335,	1,	126.0,	124.78,			1.719,			0.256,			0.053
336,	1,	59.0,	124.942,			2.489,			0.147,			0.059
337,	1,	30.0,	124.961,			2.974,			0.101,			0.06
338,	1,	7.0,	125.129,			1.484,			0.164,			0.06
339,	1,	7.0,	125.304,			1.972,			0.202,			0.051
340,	1,	30.0,	125.323,			2.418,			0.156,			0.06
341,	1,	13.0,	125.341,			1.716,			0.254,			0.054
342,	1,	6.0,	125.563,			2.393,			0.175,			0.055
343,	2,	257.0,	125.768,			13.148,			1.453,			0.178
344,	1,	7.0,	125.902,			1.435,			0.288,			0.057
345,	1,	49.0,	125.929,			1.749,			0.109,			0.051
346,	1,	44.0,	126.403,			1.422,			0.109,			0.055
347,	1,	7.0,	126.461,			1.962,			0.233,			0.051
348,	1,	6.0,	126.618,			2.999,			0.148,			0.057
349,	1,	120.0,	127.05,			1.609,			0.149,			0.05
350,	1,	49.0,	127.509,			1.719,			0.198,			0.05
351,	1,	7.0,	127.814,			1.543,			0.168,			0.055
352,	1,	169.0,	127.951,			1.981,			0.276,			0.052
353,	1,	512.0,	127.989,			1.733,			0.263,			0.058
354,	1,	559.0,	127.992,			1.481,			0.258,			0.06
355,	1,	7.0,	128.053,			1.086,			0.249,			0.058
356,	1,	13.0,	128.394,			1.283,			0.209,			0.057
357,	2,	190.0,	128.466,			11.537,			1.167,			0.148
358,	1,	146.0,	128.806,			2.525,			0.283,			0.058
359,	1,	120.0,	128.879,			1.766,			0.225,			0.054
360,	1,	95.0,	128.938,			1.551,			0.162,			0.057
361,	1,	214.0,	128.952,			2.78,			0.17,			0.06
362,	1,	6.0,	129.203,			2.013,			0.184,			0.051
363,	1,	512.0,	129.224,			2.936,			0.138,			0.057
364,	1,	169.0,	129.307,			1.791,			0.27,			0.052
365,	1,	95.0,	129.319,			2.198,			0.242,			0.055
366,	1,	95.0,	129.406,			2.922,			0.268,			0.059
367,	1,	157.0,	129.452,			1.03,			0.205,			0.053
368,	1,	387.0,	129.545,			2.954,			0.13,			0.056
369,	1,	126.0,	129.615,			1.663,			0.167,			0.056
370,	1,	13.0,	129.644,			2.8,			0.128,			0.054
371,	1,	44.0,	129.701,			2.636,			0.185,			0.055
372,	1,	30.0,	130.19,			2.377,			0.102,			0.059
373,	1,	13.0,	130.225,			2.489,			0.295,			0.058
374,	1,	95.0,	130.502,			2.753,			0.134,			0.056
375,	1,	157.0,	130.702,			1.031,			0.264,			0.051
376,	1,	7.0,	130.719,			1.433,			0.127,			0.056
377,	1,	447.0,	130.805,			2.556,			0.166,			0.056
378,	1,	30.0,	131.034,			2.366,			0.254,			0.059
379,	1,	157.0,	131.153,			1.485,			0.223,			0.055
380,	1,	59.0,	131.175,			2.429,			0.197,			0.051
381,	1,	44.0,	131.509,			1.038,			0.123,			0.056
382,	1,	30.0,	131.768,			2.984,			0.267,			0.057
383,	2,	215.0,	131.781,			11.92,			1.241,			0.114
384,	1,	447.0,	131.926,			1.541,			0.11,			0.056
385,	1,	120.0,	131.988,			2.645,			0.291,			0.054
386,	1,	6.0,	132.021,			2.684,			0.172,			0.059
387,	1,	7.0,	132.055,			1.733,			0.21,			0.052
388,	1,	214.0,	132.135,			1.431,			0.146,			0.053
389,	1,	169.0,	132.317,			2.26,			0.162,			0.057
390,	1,	120.0,	132.502,			2.852,			0.214,			0.051
391,	1,	49.0,	132.74,			1.262,			0.138,			0.055
392,	1,	6.0,	133.114,			2.293,			0.116,			0.059
393,	1,	7.0,	133.199,			2.138,			0.259,			0.053
394,	1,	7.0,	133.434,			2.88,			0.283,			0.051
395,	1,	30.0,	133.457,			1.307,			0.226,			0.054
396,	1,	44.0,	133.502,			1.45,			0.167,			0.055
397,	1,	157.0,	133.722,			2.753,			0.117,			0.054
398,	1,	379.0,	133.743,			2.702,			0.272,			0.06
399,	1,	44.0,	133.866,			2.634,			0.15,			0.055
400,	1,	7.0,	133.931,			2.114,			0.185,			0.051
401,	1,	7.0,	134.167,			2.144,			0.15,			0.056
402,	1,	59.0,	134.197,			2.43,			0.289,			0.058
403,	1,	95.0,	134.199,			1.203,			0.131,			0.055
404,	1,	120.0,	134.537,			2.92,			0.177,			0.06
405,	1,	95.0,	134.799,			2.286,			0.109,			0.058
406,	2,	112.0,	135.047,			14.067,			1.164,			0.159
407,	1,	16.0,	135.141,			1.511,			0.223,			0.055
408,	2,	180.0,	135.27,			13.958,			1.445,			0.199
409,	1,	7.0,	135.368,			1.607,			0.222,			0.059
410,	1,	169.0,	135.986,			2.131,			0.254,			0.059
411,	1,	7.0,	136.254,			1.431,			0.193,			0.053
412,	1,	10.0,	136.384,			2.916,			0.119,			0.06
413,	1,	126.0,	136.438,			2.369,			0.113,			0.056
414,	1,	95.0,	136.482,			2.127,			0.293,			0.056
415,	1,	6.0,	136.692,			2.407,			0.235,			0.053
416,	1,	28.0,	136.832,			1.031,			0.155,			0.057
417,	1,	49.0,	137.036,			1.447,			0.179,			0.059
418,	1,	6.0,	137.066,			2.832,			0.2,			0.057
419,	1,	49.0,	137.368,			1.423,			0.274,			0.059
420,	1,	44.0,	137.602,			2.366,			0.234,			0.058
421,	1,	44.0,	137.783,			2.169,			0.273,			0.058
422,	1,	44.0,	137.84,			1.776,			0.164,			0.057
423,	1,	7.0,	137.991,			2.098,			0.284,			0.054
424,	1,	379.0,	138.144,			1.126,			0.257,			0.05
425,	1,	44.0,	138.195,			1.61,			0.283,			0.057
426,	1,	7.0,	138.701,			2.712,			0.159,			0.06
427,	1,	120.0,	138.73,			1.458,			0.28,			0.055
428,	1,	30.0,	138.937,			1.924,			0.248,			0.055
429,	1,	512.0,	138.948,			2.681,			0.117,			0.055
430,	1,	6.0,	138.974,			2.283,			0.145,			0.052
431,	1,	214.0,	139.221,			1.985,			0.116,			0.057
432,	1,	7.0,	139.276,			2.366,			0.234,			0.051
433,	1,	28.0,	139.318,			2.194,			0.288,			0.057
434,	1,	44.0,	139.318,			1.848,			0.136,			0.058
435,	1,	157.0,	139.411,			1.291,			0.211,			0.058
436,	1,	7.0,	139.687,			2.932,			0.217,			0.057
437,	1,	7.0,	139.756,			2.2,			0.186,			0.052
438,	1,	95.0,	139.789,			2.636,			0.166,			0.057
439,	1,	6.0,	139.956,			2.945,			0.237,			0.052
440,	1,	169.0,	140.127,			2.635,			0.218,			0.052
441,	1,	157.0,	140.19,			2.541,			0.141,			0.051
442,	1,	28.0,	140.576,			2.038,			0.214,			0.054
443,	1,	59.0,	140.727,			1.84,			0.137,			0.057
444,	1,	7.0,	140.875,			1.501,			0.174,			0.052
445,	1,	10.0,	141.062,			1.821,			0.287,			0.052
446,	1,	214.0,	141.679,			1.645,			0.28,			0.051
447,	1,	7.0,	141.877,			1.681,			0.216,			0.057
448,	2,	117.0,	142.015,			12.192,			1.362,			0.198
449,	1,	90.0,	142.135,			2.96,			0.288,			0.054
450,	1,	6.0,	142.186,			2.819,			0.14,			0.051
451,	1,	44.0,	142.46,			1.42,			0.217,			0.053
452,	1,	49.0,	142.469,			1.437,			0.258,			0.06
453,	1,	49.0,	142.553,			2.085,			0.239,			0.053
454,	1,	90.0,	142.846,			1.988,			0.238,			0.054
455,	1,	498.0,	143.043,			2.761,			0.121,			0.059
456,	1,	146.0,	143.162,			1.232,			0.17,			0.053
457,	1,	7.0,	143.188,			1.471,			0.214,			0.058
458,	2,	141.0,	143.255,			12.296,			1.255,			0.107
459,	1,	16.0,	143.601,			1.64,			0.159,			0.056
460,	1,	44.0,	143.643,			1.61,			0.135,			0.054
461,	1,	30.0,	143.738,			2.36,			0.161,			0.059
462,	1,	559.0,	143.85,			2.378,			0.299,			0.054
463,	1,	6.0,	143.923,			2.427,			0.137,			0.059
464,	1,	7.0,	143.932,			2.084,			0.226,			0.055
465,	1,	498.0,	143.982,			2.167,			0.131,			0.052
466,	1,	90.0,	144.227,			1.03,			0.153,			0.053
467,	1,	16.0,	144.412,			2.179,			0.295,			0.056
468,	1,	387.0,	144.446,			1.707,			0.129,			0.058
469,	1,	90.0,	144.776,			1.256,			0.106,			0.051
470,	1,	7.0,	144.848,			2.947,			0.28,			0.052
471,	1,	387.0,	144.994,			1.786,			0.131,			0.058
472,	1,	28.0,	145.555,			1.756,			0.287,			0.056
473,	1,	169.0,	145.652,			1.097,			0.281,			0.054
474,	1,	126.0,	146.022,			2.143,			0.174,			0.051
475,	1,	95.0,	146.182,			2.238,			0.236,			0.055
476,	2,	344.0,	146.542,			10.114,			1.494,			0.19
477,	2,	151.0,	146.635,			14.139,			1.447,			0.176
478,	1,	379.0,	147.007,			2.427,			0.101,			0.059
479,	1,	120.0,	147.03,			1.441,			0.174,			0.057
480,	1,	16.0,	147.066,			2.2,			0.193,			0.057
481,	1,	44.0,	147.178,			2.318,			0.174,			0.052
482,	2,	214.0,	147.183,			10.316,			1.363,			0.158
483,	1,	6.0,	147.209,			2.956,			0.174,			0.05
484,	1,	7.0,	147.219,			2.163,			0.124,			0.058
485,	1,	559.0,	147.3,			2.78,			0.171,			0.052
486,	1,	30.0,	147.338,			1.581,			0.124,			0.055
487,	1,	44.0,	147.625,			2.637,			0.175,			0.057
488,	1,	146.0,	147.866,			1.009,			0.212,			0.055
489,	1,	30.0,	148.183,			1.981,			0.284,			0.06
490,	1,	7.0,	148.184,			2.813,			0.296,			0.053
491,	1,	126.0,	148.445,			1.703,			0.297,			0.052
492,	1,	95.0,	148.478,			1.285,			0.133,			0.057
493,	1,	59.0,	148.509,			2.321,			0.145,			0.055
494,	1,	379.0,	148.522,			2.318,			0.284,			0.058
495,	1,	59.0,	148.607,			1.501,			0.209,			0.051
496,	2,	138.0,	148.773,			14.891,			1.467,			0.188
497,	1,	120.0,	148.917,			2.948,			0.124,			0.06
498,	2,	130.0,	149.297,			10.999,			1.033,			0.145
499,	2,	258.0,	149.602,			14.432,			1.499,			0.184
500,	1,	559.0,	149.738,			1.637,			0.217,			0.05
501,	1,	6.0,	149.767,			1.282,			0.251,			0.06
502,	1,	44.0,	150.014,			1.702,			0.221,			0.059
503,	1,	103.0,	150.052,			2.579,			0.282,			0.056
504,	1,	6.0,	150.064,			2.219,			0.248,			0.054
505,	1,	120.0,	150.083,			2.911,			0.162,			0.057
506,	1,	498.0,	150.204,			1.981,			0.244,			0.052
507,	1,	7.0,	150.332,			2.346,			0.225,			0.057
508,	1,	387.0,	150.371,			1.302,			0.192,			0.059
509,	1,	59.0,	150.397,			1.126,			0.161,			0.057
510,	1,	6.0,	150.497,			1.75,			0.19,			0.059
511,	1,	59.0,	150.678,			1.187,			0.257,			0.051
512,	1,	169.0,	150.707,			1.252,			0.226,			0.059
513,	1,	7.0,	150.763,			1.166,			0.135,			0.053
514,	1,	49.0,	150.777,			2.144,			0.142,			0.055
515,	1,	10.0,	150.822,			2.398,			0.128,			0.059
516,	1,	16.0,	150.839,			2.571,			0.111,			0.06
517,	1,	146.0,	151.046,			1.97,			0.277,			0.054
518,	1,	120.0,	151.126,			2.842,			0.164,			0.059
519,	1,	103.0,	151.164,			1.67,			0.239,			0.052
520,	1,	387.0,	151.346,			1.337,			0.233,			0.057
521,	2,	69.0,	151.552,			14.716,			1.172,			0.133
522,	1,	7.0,	151.637,			2.939,			0.134,			0.05
523,	1,	16.0,	151.842,			1.395,			0.294,			0.051
524,	1,	169.0,	152.264,			2.838,			0.284,			0.056
525,	1,	30.0,	152.335,			1.756,			0.222,			0.057
526,	1,	512.0,	152.433,			2.467,			0.195,			0.056
527,	1,	10.0,	152.468,			2.301,			0.294,			0.057
528,	1,	13.0,	153.287,			2.709,			0.216,			0.056
529,	1,	30.0,	153.432,			2.759,			0.174,			0.055
530,	1,	44.0,	153.589,			1.485,			0.214,			0.06
531,	1,	103.0,	153.618,			1.35,			0.282,			0.056
532,	1,	6.0,	153.933,			2.398,			0.179,			0.054
533,	2,	141.0,	154.088,			14.12,			1.144,			0.112
534,	1,	6.0,	154.329,			2.429,			0.142,			0.056
535,	1,	498.0,	154.331,			1.662,			0.17,			0.059
536,	1,	30.0,	154.592,			1.086,			0.293,			0.051
537,	1,	559.0,	154.694,			1.786,			0.206,			0.051
538,	1,	559.0,	154.767,			1.702,			0.207,			0.058
539,	1,	90.0,	154.799,			1.631,			0.162,			0.05
540,	1,	120.0,	155.102,			2.885,			0.195,			0.051
541,	1,	16.0,	155.375,			1.64,			0.127,			0.055
542,	1,	103.0,	155.498,			1.816,			0.12,			0.053
543,	1,	214.0,	155.764,			2.497,			0.287,			0.053
544,	1,	59.0,	155.97,			1.435,			0.3,			0.053
545,	1,	30.0,	156.129,			1.483,			0.15,			0.053
546,	1,	7.0,	156.481,			1.609,			0.243,			0.057
547,	1,	59.0,	156.513,			2.144,			0.105,			0.056
548,	1,	95.0,	156.573,			2.14,			0.162,			0.055
549,	1,	90.0,	156.663,			2.283,			0.271,			0.053
550,	1,	13.0,	156.762,			2.366,			0.237,			0.051
551,	1,	59.0,	157.023,			2.751,			0.2,			0.053
552,	1,	512.0,	157.392,			1.979,			0.259,			0.054
553,	1,	214.0,	157.409,			2.388,			0.225,			0.058
554,	1,	214.0,	157.445,			1.491,			0.149,			0.055
555,	1,	512.0,	157.479,			1.659,			0.287,			0.051
556,	1,	6.0,	157.519,			1.241,			0.173,			0.053
557,	1,	44.0,	157.615,			2.184,			0.219,			0.051
558,	1,	44.0,	157.626,			2.69,			0.234,			0.055
559,	1,	95.0,	157.651,			1.996,			0.226,			0.053
560,	2,	163.0,	157.744,			12.964,			1.098,			0.115
561,	1,	7.0,	157.835,			1.166,			0.227,			0.058
562,	1,	44.0,	158.279,			2.838,			0.17,			0.057
563,	1,	95.0,	158.354,			1.977,			0.123,			0.055
564,	1,	498.0,	158.427,			1.968,			0.249,			0.057
565,	1,	498.0,	158.592,			2.955,			0.125,			0.059
566,	1,	13.0,	158.73,			1.684,			0.266,			0.055
567,	1,	7.0,	158.773,			1.64,			0.287,			0.058
568,	1,	379.0,	158.821,			2.907,			0.141,			0.059
569,	2,	109.0,	158.996,			12.154,			1.171,			0.156
570,	1,	512.0,	159.026,			2.199,			0.241,			0.057
571,	1,	559.0,	159.169,			1.682,			0.16,			0.057
572,	1,	379.0,	159.374,			2.056,			0.124,			0.051
573,	1,	7.0,	159.637,			2.857,			0.195,			0.058
574,	1,	13.0,	159.689,			2.625,			0.189,			0.059
575,	1,	146.0,	159.839,			1.655,			0.273,			0.06
576,	1,	30.0,	159.85,			2.556,			0.221,			0.056
577,	1,	512.0,	159.935,			2.794,			0.226,			0.051
578,	1,	512.0,	160.084,			2.103,			0.222,			0.056
579,	1,	146.0,	160.34,			2.726,			0.172,			0.052
580,	1,	387.0,	160.363,			1.702,			0.257,			0.056
581,	1,	214.0,	160.497,			1.134,			0.193,			0.058
582,	1,	7.0,	160.52,			1.353,			0.254,			0.06
583,	1,	387.0,	160.526,			1.613,			0.206,			0.055
584,	1,	379.0,	160.555,			2.948,			0.187,			0.056
585,	1,	30.0,	160.845,			1.581,			0.23,			0.052
586,	2,	153.0,	160.882,			13.671,			1.363,			0.135
587,	1,	49.0,	160.945,			1.226,			0.269,			0.056
588,	1,	44.0,	160.993,			1.285,			0.206,			0.057
589,	1,	6.0,	161.135,			2.865,			0.193,			0.058
590,	1,	6.0,	161.152,			2.346,			0.2,			0.054
591,	1,	10.0,	161.352,			2.143,			0.234,			0.054
592,	1,	214.0,	161.425,			2.843,			0.216,			0.055
593,	1,	7.0,	161.679,			1.191,			0.162,			0.056
594,	1,	16.0,	161.877,			2.03,			0.254,			0.057
595,	1,	498.0,	162.058,			2.634,			0.3,			0.057
596,	1,	169.0,	162.215,			2.838,			0.238,			0.052
597,	1,	7.0,	162.398,			2.143,			0.223,			0.053
598,	1,	7.0,	162.45,			1.23,			0.244,			0.058
599,	1,	379.0,	162.481,			2.425,			0.124,			0.051
600,	1,	447.0,	162.513,			2.098,			0.268,			0.052
601,	1,	90.0,	162.536,			2.991,			0.157,			0.053
602,	1,	13.0,	162.57,			2.847,			0.211,			0.052
603,	2,	193.0,	162.931,			14.235,			1.296,			0.165
604,	2,	190.0,	162.966,			13.148,			1.101,			0.119
605,	2,	300.0,	163.02,			11.622,			1.041,			0.148
606,	2,	137.0,	163.198,			12.242,			1.433,			0.104
607,	1,	559.0,	163.369,			1.783,			0.122,			0.057
608,	1,	90.0,	163.428,			2.616,			0.295,			0.055
609,	1,	7.0,	163.473,			2.95,			0.259,			0.052
610,	1,	6.0,	163.683,			1.437,			0.213,			0.056
611,	1,	30.0,	163.882,			2.757,			0.188,			0.058
612,	1,	498.0,	163.935,			1.499,			0.277,			0.054
613,	1,	6.0,	163.965,			1.578,			0.26,			0.054
614,	1,	44.0,	164.091,			2.541,			0.239,			0.056
615,	1,	559.0,	164.339,			1.807,			0.206,			0.05
616,	1,	44.0,	164.521,			2.173,			0.184,			0.05
617,	1,	13.0,	164.55,			1.153,			0.232,			0.056
618,	1,	6.0,	164.604,			1.483,			0.299,			0.056
619,	1,	214.0,	164.683,			2.41,			0.288,			0.055
620,	1,	16.0,	164.778,			1.776,			0.275,			0.055
621,	2,	227.0,	164.877,			11.764,			1.133,			0.166
622,	1,	512.0,	165.066,			1.509,			0.242,			0.059
623,	1,	44.0,	165.2,			1.482,			0.166,			0.05
624,	1,	90.0,	165.284,			1.86,			0.159,			0.051
625,	1,	379.0,	165.294,			2.031,			0.231,			0.057
626,	1,	7.0,	165.556,			1.86,			0.232,			0.055
627,	1,	16.0,	165.56,			1.252,			0.237,			0.052
628,	1,	379.0,	165.909,			1.637,			0.136,			0.051
629,	2,	137.0,	165.924,			11.059,			1.287,			0.132
630,	1,	169.0,	166.098,			1.692,			0.246,			0.053
631,	1,	6.0,	166.145,			2.199,			0.119,			0.053
632,	1,	379.0,	166.342,			1.509,			0.174,			0.051
633,	2,	269.0,	166.425,			12.445,			1.49,			0.149
634,	1,	49.0,	167.153,			2.795,			0.137,			0.058
635,	1,	44.0,	167.154,			2.661,			0.15,			0.05
636,	1,	6.0,	167.288,			1.331,			0.189,			0.05
637,	2,	152.0,	167.503,			13.268,			1.308,			0.105
638,	1,	30.0,	167.511,			1.592,			0.239,			0.054
639,	1,	95.0,	167.614,			1.657,			0.289,			0.059
640,	1,	157.0,	167.77,			2.181,			0.246,			0.059
641,	1,	6.0,	167.852,			1.9,			0.222,			0.055
642,	1,	7.0,	168.383,			1.155,			0.214,			0.06
643,	1,	214.0,	168.992,			1.655,			0.231,			0.055
644,	2,	199.0,	169.317,			11.88,			1.333,			0.136
645,	1,	120.0,	169.553,			1.083,			0.254,			0.059
646,	1,	126.0,	169.651,			1.523,			0.263,			0.052
647,	1,	157.0,	169.742,			1.188,			0.217,			0.05
648,	1,	90.0,	169.967,			1.024,			0.256,			0.053
649,	1,	214.0,	170.003,			2.945,			0.293,			0.052
650,	2,	188.0,	170.039,			10.117,			1.108,			0.103
651,	1,	44.0,	170.429,			1.786,			0.189,			0.057
652,	1,	59.0,	170.526,			2.58,			0.182,			0.055
653,	1,	126.0,	170.573,			2.986,			0.194,			0.054
654,	1,	13.0,	170.595,			1.908,			0.263,			0.057
655,	1,	559.0,	170.966,			1.972,			0.177,			0.051
656,	1,	126.0,	170.973,			2.279,			0.221,			0.058
657,	1,	49.0,	171.013,			1.402,			0.255,			0.055
658,	1,	10.0,	171.102,			1.61,			0.209,			0.052
659,	2,	312.0,	171.233,			10.921,			1.086,			0.117
660,	2,	80.0,	171.369,			11.411,			1.437,			0.19
661,	1,	447.0,	171.509,			1.416,			0.159,			0.05
662,	1,	157.0,	172.387,			1.266,			0.182,			0.05
663,	2,	137.0,	172.412,			13.89,			1.148,			0.197
664,	1,	498.0,	172.924,			2.379,			0.184,			0.052
665,	1,	146.0,	173.318,			2.398,			0.289,			0.06
666,	1,	169.0,	173.386,			1.364,			0.254,			0.057
667,	1,	7.0,	173.387,			1.296,			0.197,			0.054
668,	1,	447.0,	173.43,			1.296,			0.252,			0.053
669,	1,	13.0,	173.442,			2.244,			0.257,			0.056
670,	1,	90.0,	173.519,			1.732,			0.212,			0.052
671,	1,	95.0,	173.585,			1.671,			0.187,			0.055
672,	2,	244.0,	173.786,			12.869,			1.311,			0.162
673,	1,	169.0,	173.827,			2.321,			0.126,			0.053
674,	1,	7.0,	173.941,			2.834,			0.228,			0.056
675,	1,	13.0,	174.021,			1.485,			0.136,			0.052
676,	1,	7.0,	174.06,			2.269,			0.242,			0.055
677,	1,	44.0,	174.132,			1.314,			0.175,			0.053
678,	1,	214.0,	174.316,			2.14,			0.21,			0.055
679,	1,	44.0,	174.358,			2.273,			0.145,			0.057
680,	1,	512.0,	174.689,			1.423,			0.197,			0.058
681,	1,	157.0,	174.785,			1.578,			0.205,			0.056
682,	1,	7.0,	175.061,			1.409,			0.232,			0.056
683,	2,	181.0,	175.514,			13.718,			1.124,			0.166
684,	1,	16.0,	175.561,			2.175,			0.2,			0.053
685,	1,	126.0,	175.787,			2.673,			0.193,			0.058
686,	1,	559.0,	175.856,			2.02,			0.206,			0.057
687,	1,	7.0,	175.87,			2.678,			0.215,			0.054
688,	1,	44.0,	176.298,			2.346,			0.228,			0.054
689,	1,	379.0,	176.552,			2.509,			0.129,			0.054
690,	1,	126.0,	176.62,			1.009,			0.241,			0.052
691,	1,	44.0,	176.705,			2.712,			0.187,			0.052
692,	1,	7.0,	176.74,			1.513,			0.215,			0.058
693,	1,	30.0,	176.897,			2.19,			0.281,			0.052
694,	1,	379.0,	177.2,			2.874,			0.133,			0.056
695,	1,	7.0,	177.226,			2.525,			0.149,			0.055
696,	2,	148.0,	177.335,			10.769,			1.49,			0.132
697,	1,	95.0,	177.345,			2.02,			0.164,			0.056
698,	2,	207.0,	177.381,			14.49,			1.203,			0.112
699,	1,	13.0,	177.638,			1.16,			0.137,			0.059
700,	1,	44.0,	178.067,			1.26,			0.279,			0.052
701,	1,	512.0,	178.214,			2.813,			0.256,			0.051
702,	1,	146.0,	178.239,			1.909,			0.149,			0.052
703,	1,	126.0,	178.56,			2.364,			0.153,			0.058
704,	2,	104.0,	178.599,			14.12,			1.252,			0.112
705,	1,	44.0,	178.738,			1.625,			0.229,			0.059
706,	1,	7.0,	178.774,			2.87,			0.168,			0.058
707,	1,	6.0,	179.151,			1.642,			0.142,			0.056
708,	1,	44.0,	179.304,			2.843,			0.161,			0.055
709,	1,	16.0,	179.319,			1.587,			0.242,			0.056
710,	1,	6.0,	179.455,			2.87,			0.131,			0.05
711,	1,	6.0,	179.829,			1.659,			0.108,			0.059
712,	1,	498.0,	180.25,			1.25,			0.244,			0.058
713,	1,	13.0,	180.298,			2.222,			0.17,			0.052
714,	2,	117.0,	180.491,			14.48,			1.259,			0.125
715,	1,	120.0,	180.913,			2.104,			0.282,			0.053
716,	1,	6.0,	181.256,			1.486,			0.287,			0.057
717,	1,	44.0,	181.391,			2.588,			0.248,			0.059
718,	2,	108.0,	181.635,			14.39,			1.253,			0.154
719,	2,	144.0,	181.671,			12.015,			1.438,			0.143
720,	1,	90.0,	182.208,			2.074,			0.195,			0.051
721,	1,	30.0,	182.926,			1.232,			0.177,			0.052
722,	1,	90.0,	183.083,			1.551,			0.255,			0.055
723,	1,	447.0,	183.164,			1.827,			0.161,			0.051
724,	1,	559.0,	183.241,			1.226,			0.183,			0.051
725,	1,	379.0,	183.796,			1.679,			0.28,			0.055
726,	1,	498.0,	183.864,			2.223,			0.226,			0.058
727,	1,	30.0,	183.912,			1.485,			0.14,			0.052
728,	1,	126.0,	183.957,			2.757,			0.217,			0.054
729,	2,	140.0,	184.069,			14.534,			1.098,			0.11
730,	1,	169.0,	184.226,			1.226,			0.103,			0.051
731,	1,	44.0,	184.485,			2.154,			0.283,			0.057
732,	1,	379.0,	184.689,			1.266,			0.109,			0.053
733,	1,	95.0,	184.77,			2.226,			0.217,			0.052
734,	1,	44.0,	184.792,			1.597,			0.222,			0.051
735,	1,	379.0,	185.126,			2.541,			0.244,			0.051
736,	1,	59.0,	185.38,			2.379,			0.214,			0.058
737,	1,	49.0,	185.711,			1.642,			0.121,			0.058
738,	1,	44.0,	185.744,			2.606,			0.21,			0.053
739,	1,	44.0,	185.878,			1.869,			0.264,			0.054
740,	1,	214.0,	186.105,			1.071,			0.233,			0.055
741,	1,	379.0,	186.228,			1.859,			0.225,			0.059
742,	1,	126.0,	186.445,			1.499,			0.15,			0.052
743,	2,	141.0,	186.667,			12.4,			1.366,			0.151
744,	2,	136.0,	186.819,			14.314,			1.163,			0.164
745,	1,	120.0,	187.19,			1.071,			0.148,			0.055
746,	1,	103.0,	187.398,			1.994,			0.146,			0.052
747,	1,	146.0,	187.497,			2.911,			0.254,			0.056
748,	1,	7.0,	187.56,			2.08,			0.27,			0.055
749,	1,	28.0,	187.708,			2.006,			0.129,			0.056
750,	1,	214.0,	187.901,			1.822,			0.266,			0.056
751,	1,	120.0,	188.522,			1.859,			0.217,			0.057
752,	1,	214.0,	188.67,			2.198,			0.141,			0.059
753,	1,	157.0,	188.915,			1.524,			0.189,			0.055
754,	1,	157.0,	189.031,			1.578,			0.247,			0.058
755,	1,	49.0,	189.375,			2.618,			0.269,			0.051
756,	1,	7.0,	189.386,			2.027,			0.109,			0.05
757,	1,	120.0,	189.501,			1.455,			0.198,			0.051
758,	2,	214.0,	189.589,			11.957,			1.413,			0.122
759,	1,	13.0,	189.613,			1.103,			0.101,			0.05
760,	1,	16.0,	189.948,			1.104,			0.245,			0.056
761,	1,	169.0,	189.97,			1.269,			0.247,			0.059
762,	1,	49.0,	190.156,			1.69,			0.195,			0.057
763,	1,	169.0,	190.16,			1.774,			0.244,			0.059
764,	1,	7.0,	190.26,			2.928,			0.198,			0.051
765,	1,	95.0,	190.647,			1.009,			0.176,			0.051
766,	1,	7.0,	190.99,			1.558,			0.185,			0.052
767,	1,	169.0,	191.124,			2.545,			0.255,			0.053
768,	2,	141.0,	191.744,			12.964,			1.322,			0.136
769,	1,	95.0,	191.838,			1.981,			0.216,			0.058
770,	1,	120.0,	191.848,			1.13,			0.12,			0.055
771,	1,	214.0,	192.181,			1.283,			0.159,			0.052
772,	1,	214.0,	192.216,			1.642,			0.242,			0.052
773,	1,	95.0,	192.267,			1.145,			0.116,			0.054
774,	1,	59.0,	192.464,			2.051,			0.173,			0.053
775,	1,	16.0,	192.606,			2.034,			0.273,			0.056
776,	1,	498.0,	192.625,			1.864,			0.1,			0.051
777,	1,	28.0,	192.884,			1.004,			0.221,			0.05
778,	1,	146.0,	193.139,			1.382,			0.277,			0.051
779,	1,	6.0,	193.187,			1.511,			0.104,			0.058
780,	1,	512.0,	193.275,			2.492,			0.248,			0.051
781,	1,	7.0,	193.284,			2.541,			0.244,			0.057
782,	1,	126.0,	193.298,			1.707,			0.241,			0.053
783,	1,	13.0,	193.388,			1.683,			0.258,			0.055
784,	1,	103.0,	193.579,			1.309,			0.245,			0.056
785,	1,	90.0,	193.717,			2.872,			0.288,			0.06
786,	1,	6.0,	193.806,			2.542,			0.235,			0.057
787,	1,	90.0,	193.818,			2.1,			0.103,			0.054
788,	1,	6.0,	194.397,			1.08,			0.269,			0.055
789,	1,	49.0,	194.481,			2.795,			0.285,			0.053
790,	1,	387.0,	194.902,			1.81,			0.139,			0.056
791,	1,	512.0,	195.467,			2.663,			0.147,			0.054
792,	1,	95.0,	195.806,			1.99,			0.245,			0.052
793,	1,	13.0,	196.362,			1.828,			0.209,			0.053
794,	1,	6.0,	196.449,			1.869,			0.245,			0.052
795,	1,	559.0,	197.123,			1.422,			0.251,			0.055
796,	1,	157.0,	197.193,			2.323,			0.206,			0.056
797,	1,	214.0,	197.56,			1.325,			0.284,			0.057
798,	1,	44.0,	197.566,			1.736,			0.216,			0.051
799,	1,	512.0,	197.634,			2.681,			0.135,			0.051
800,	1,	559.0,	197.787,			2.465,			0.222,			0.056
801,	1,	103.0,	197.945,			1.886,			0.256,			0.059
802,	1,	146.0,	198.273,			1.116,			0.208,			0.059
803,	1,	146.0,	198.427,			1.031,			0.281,			0.057
804,	1,	169.0,	198.522,			2.602,			0.198,			0.058
805,	1,	214.0,	198.786,			2.226,			0.2,			0.056
806,	1,	44.0,	198.847,			2.293,			0.134,			0.056
807,	2,	152.0,	199.0,			10.659,			1.343,			0.144
808,	1,	559.0,	199.127,			1.166,			0.185,			0.057
809,	2,	127.0,	199.496,			14.204,			1.202,			0.173
810,	1,	498.0,	199.563,			1.883,			0.166,			0.057
811,	1,	126.0,	199.566,			1.247,			0.15,			0.057
812,	2,	103.0,	199.664,			14.658,			1.321,			0.173
813,	1,	379.0,	200.197,			2.872,			0.101,			0.053
814,	2,	103.0,	200.198,			10.592,			1.435,			0.11
815,	1,	30.0,	201.032,			1.799,			0.104,			0.054
816,	1,	214.0,	201.17,			1.799,			0.231,			0.051
817,	1,	157.0,	201.335,			2.149,			0.231,			0.055
818,	1,	126.0,	201.77,			2.465,			0.184,			0.053
819,	1,	169.0,	202.387,			1.409,			0.217,			0.051
820,	1,	95.0,	202.782,			2.842,			0.123,			0.059
821,	1,	7.0,	203.12,			2.414,			0.16,			0.053
822,	1,	30.0,	203.143,			1.025,			0.133,			0.051
823,	1,	559.0,	203.489,			1.748,			0.182,			0.052
824,	1,	90.0,	203.597,			2.424,			0.23,			0.052
825,	1,	103.0,	204.088,			1.921,			0.158,			0.057
826,	1,	169.0,	204.238,			2.498,			0.145,			0.055
827,	1,	103.0,	204.363,			1.367,			0.234,			0.059
828,	1,	30.0,	204.659,			1.128,			0.226,			0.059
829,	1,	90.0,	204.998,			1.582,			0.122,			0.053
830,	1,	7.0,	205.168,			1.64,			0.203,			0.057
831,	1,	28.0,	205.329,			1.168,			0.158,			0.056
832,	2,	133.0,	205.474,			13.612,			1.138,			0.181
833,	1,	13.0,	205.568,			1.605,			0.134,			0.057
834,	1,	13.0,	205.799,			2.398,			0.245,			0.056
835,	1,	214.0,	205.921,			1.742,			0.29,			0.054
836,	1,	95.0,	206.037,			2.398,			0.217,			0.058
837,	1,	44.0,	206.045,			1.86,			0.172,			0.058
838,	1,	126.0,	206.057,			2.133,			0.124,			0.051
839,	1,	559.0,	206.45,			1.786,			0.153,			0.052
840,	1,	7.0,	206.484,			1.752,			0.248,			0.055
841,	1,	10.0,	206.596,			1.924,			0.29,			0.055
842,	2,	74.0,	206.778,			11.658,			1.285,			0.128
843,	2,	187.0,	206.803,			12.024,			1.014,			0.147
844,	2,	332.0,	206.867,			14.114,			1.222,			0.185
845,	1,	7.0,	206.9,			1.394,			0.159,			0.056
846,	1,	498.0,	207.415,			2.163,			0.273,			0.059
847,	1,	13.0,	208.583,			2.796,			0.29,			0.059
848,	1,	44.0,	209.408,			1.115,			0.197,			0.058
849,	1,	59.0,	209.589,			2.288,			0.248,			0.053
850,	1,	498.0,	209.762,			1.006,			0.135,			0.05
851,	1,	387.0,	209.789,			2.491,			0.299,			0.053
852,	2,	106.0,	209.874,			12.105,			1.181,			0.188
853,	1,	214.0,	210.89,			2.945,			0.175,			0.056
854,	1,	146.0,	210.966,			2.632,			0.151,			0.051
855,	1,	157.0,	211.264,			1.609,			0.161,			0.054
856,	1,	7.0,	212.78,			2.298,			0.201,			0.051
857,	1,	10.0,	213.363,			1.141,			0.157,			0.057
858,	1,	157.0,	213.611,			2.76,			0.28,			0.058
859,	1,	387.0,	213.826,			2.796,			0.172,			0.058
860,	1,	126.0,	213.977,			1.019,			0.251,			0.05
861,	1,	30.0,	214.094,			1.174,			0.29,			0.051
862,	1,	7.0,	214.185,			2.378,			0.179,			0.06
863,	2,	266.0,	214.201,			12.107,			1.248,			0.166
864,	1,	559.0,	214.635,			2.612,			0.232,			0.051
865,	1,	7.0,	215.077,			1.303,			0.268,			0.058
866,	1,	103.0,	215.17,			1.504,			0.238,			0.055
867,	2,	159.0,	215.754,			11.864,			1.493,			0.157
868,	1,	10.0,	215.819,			2.625,			0.136,			0.059
869,	1,	157.0,	216.26,			1.703,			0.279,			0.057
870,	1,	59.0,	216.727,			1.203,			0.287,			0.058
871,	1,	6.0,	216.867,			1.464,			0.189,			0.05
872,	1,	559.0,	217.206,			2.757,			0.241,			0.056
873,	2,	294.0,	217.305,			12.014,			1.137,			0.199
874,	2,	190.0,	217.825,			13.86,			1.301,			0.145
875,	1,	28.0,	218.383,			2.047,			0.245,			0.058
876,	1,	387.0,	218.63,			1.011,			0.245,			0.058
877,	2,	296.0,	218.844,			12.588,			1.044,			0.156
878,	1,	7.0,	219.235,			2.26,			0.189,			0.057
879,	1,	559.0,	219.924,			2.479,			0.28,			0.058
880,	1,	559.0,	220.101,			1.639,			0.148,			0.058
881,	1,	30.0,	220.133,			2.132,			0.142,			0.056
882,	2,	232.0,	220.372,			11.761,			1.48,			0.16
883,	1,	44.0,	220.619,			1.607,			0.12,			0.058
884,	1,	16.0,	222.175,			1.119,			0.271,			0.052
885,	1,	13.0,	223.312,			1.25,			0.119,			0.051
886,	1,	30.0,	223.383,			2.76,			0.274,			0.06
887,	2,	255.0,	225.265,			10.702,			1.2,			0.152
888,	2,	319.0,	225.437,			14.89,			1.438,			0.122
889,	1,	7.0,	225.471,			2.398,			0.12,			0.054
890,	1,	16.0,	226.1,			1.158,			0.145,			0.057
891,	1,	447.0,	226.295,			1.542,			0.156,			0.052
892,	1,	214.0,	226.348,			1.024,			0.191,			0.058
893,	2,	67.0,	226.367,			10.63,			1.191,			0.123
894,	2,	126.0,	226.649,			12.144,			1.487,			0.129
895,	1,	214.0,	227.169,			1.45,			0.28,			0.06
896,	1,	7.0,	227.205,			1.581,			0.149,			0.054
897,	2,	261.0,	227.811,			14.836,			1.126,			0.105
898,	1,	16.0,	227.948,			1.334,			0.28,			0.055
899,	1,	16.0,	228.537,			1.211,			0.292,			0.052
900,	1,	44.0,	228.608,			1.769,			0.169,			0.055
901,	1,	126.0,	228.955,			1.962,			0.279,			0.052
902,	1,	512.0,	229.05,			2.241,			0.285,			0.059
903,	1,	30.0,	229.312,			1.432,			0.149,			0.06
904,	2,	135.0,	229.361,			13.166,			1.191,			0.106
905,	2,	274.0,	229.404,			11.11,			1.155,			0.138
906,	1,	7.0,	231.341,			1.494,			0.222,			0.051
907,	2,	160.0,	231.552,			10.475,			1.326,			0.123
908,	1,	16.0,	233.037,			1.607,			0.2,			0.054
909,	2,	239.0,	233.244,			11.245,			1.241,			0.14
910,	1,	49.0,	233.485,			1.434,			0.116,			0.058
911,	1,	90.0,	233.551,			1.505,			0.127,			0.054
912,	1,	126.0,	233.615,			1.982,			0.211,			0.052
913,	1,	214.0,	234.017,			2.148,			0.149,			0.053
914,	1,	387.0,	234.346,			1.523,			0.184,			0.053
915,	1,	44.0,	234.485,			1.571,			0.134,			0.055
916,	1,	157.0,	235.257,			1.624,			0.121,			0.052
917,	1,	157.0,	235.337,			1.247,			0.172,			0.06
918,	1,	13.0,	235.803,			1.844,			0.124,			0.052
919,	2,	171.0,	235.815,			14.154,			1.437,			0.121
920,	1,	387.0,	235.83,			1.004,			0.247,			0.052
921,	1,	379.0,	235.833,			2.014,			0.114,			0.055
922,	1,	498.0,	236.255,			2.78,			0.273,			0.055
923,	2,	97.0,	236.813,			11.162,			1.067,			0.181
924,	2,	281.0,	237.238,			13.735,			1.498,			0.167
925,	1,	6.0,	237.271,			1.501,			0.109,			0.055
926,	2,	197.0,	237.856,			12.434,			1.058,			0.19
927,	2,	73.0,	238.265,			13.224,			1.058,			0.109
928,	1,	49.0,	238.655,			2.872,			0.221,			0.055
929,	1,	447.0,	238.76,			2.711,			0.264,			0.056
930,	2,	86.0,	238.793,			11.717,			1.018,			0.133
931,	1,	28.0,	238.951,			2.701,			0.222,			0.051
932,	1,	146.0,	239.609,			1.241,			0.175,			0.059
933,	2,	118.0,	240.307,			10.177,			1.437,			0.156
934,	1,	28.0,	241.001,			1.431,			0.166,			0.052
935,	1,	6.0,	242.219,			2.454,			0.297,			0.056
936,	1,	13.0,	242.382,			1.601,			0.107,			0.053
937,	1,	169.0,	242.41,			2.974,			0.252,			0.055
938,	1,	379.0,	242.661,			1.609,			0.183,			0.057
939,	1,	498.0,	244.587,			1.981,			0.135,			0.058
940,	1,	157.0,	244.827,			1.612,			0.222,			0.059
941,	2,	96.0,	245.488,			11.61,			1.304,			0.116
942,	2,	81.0,	245.621,			11.028,			1.303,			0.125
943,	2,	188.0,	246.742,			14.087,			1.495,			0.149
944,	1,	387.0,	246.92,			1.031,			0.252,			0.05
945,	1,	379.0,	247.406,			1.164,			0.144,			0.056
946,	2,	130.0,	247.406,			10.527,			1.143,			0.105
947,	1,	59.0,	247.463,			1.998,			0.222,			0.055
948,	2,	89.0,	248.025,			10.205,			1.488,			0.106
949,	1,	379.0,	248.84,			2.907,			0.288,			0.056
950,	1,	7.0,	249.28,			2.103,			0.187,			0.05
951,	2,	172.0,	249.364,			12.691,			1.126,			0.112
952,	1,	387.0,	249.524,			1.204,			0.252,			0.053
953,	1,	90.0,	249.928,			2.52,			0.226,			0.057
954,	1,	6.0,	250.816,			2.509,			0.165,			0.053
955,	1,	6.0,	250.921,			2.56,			0.192,			0.052
956,	2,	165.0,	251.661,			12.733,			1.069,			0.108
957,	1,	95.0,	252.808,			2.712,			0.222,			0.06
958,	2,	156.0,	253.138,			14.083,			1.205,			0.161
959,	2,	143.0,	253.267,			10.255,			1.146,			0.143
960,	1,	16.0,	253.302,			2.685,			0.179,			0.06
961,	2,	176.0,	254.505,			11.885,			1.489,			0.156
962,	1,	30.0,	255.766,			1.043,			0.225,			0.06
963,	2,	105.0,	257.598,			13.79,			1.073,			0.112
964,	1,	387.0,	258.236,			2.735,			0.186,			0.051
965,	1,	103.0,	258.438,			2.26,			0.206,			0.054
966,	1,	6.0,	261.294,			2.542,			0.142,			0.05
967,	1,	126.0,	262.799,			2.065,			0.118,			0.057
968,	2,	162.0,	263.126,			10.223,			1.44,			0.105
969,	1,	59.0,	263.557,			2.222,			0.266,			0.058
970,	1,	59.0,	263.585,			1.403,			0.156,			0.055
971,	1,	13.0,	264.462,			1.64,			0.298,			0.052
972,	2,	233.0,	264.623,			10.074,			1.483,			0.123
973,	2,	112.0,	265.038,			10.55,			1.494,			0.153
974,	2,	166.0,	266.846,			11.531,			1.255,			0.17
975,	2,	66.0,	266.948,			14.836,			1.332,			0.114
976,	1,	30.0,	268.766,			2.346,			0.279,			0.052
977,	2,	100.0,	269.293,			13.268,			1.048,			0.158
978,	1,	103.0,	269.948,			1.757,			0.131,			0.054
979,	1,	6.0,	271.191,			1.403,			0.154,			0.054
980,	2,	120.0,	274.091,			14.136,			1.292,			0.114
981,	1,	59.0,	276.57,			1.3,			0.186,			0.05
982,	2,	207.0,	276.613,			12.764,			1.326,			0.103
983,	2,	235.0,	278.194,			13.899,			1.435,			0.155
984,	2,	38.0,	278.467,			12.271,			1.199,			0.119
985,	2,	135.0,	278.646,			11.058,			1.038,			0.181
986,	2,	140.0,	279.061,			10.312,			1.403,			0.197
987,	2,	210.0,	279.842,			11.331,			1.288,			0.123
988,	2,	126.0,	280.755,			12.964,			1.327,			0.19
989,	1,	169.0,	281.305,			1.423,			0.227,			0.054
990,	2,	111.0,	283.221,			12.815,			1.029,			0.105
991,	1,	126.0,	286.556,			1.325,			0.146,			0.053
992,	2,	242.0,	291.384,			11.93,			1.365,			0.123
993,	1,	169.0,	291.589,			1.523,			0.158,			0.057
994,	2,	287.0,	292.247,			12.434,			1.285,			0.178
995,	1,	120.0,	293.665,			1.464,			0.108,			0.06
996,	2,	172.0,	293.914,			12.876,			1.447,			0.122
997,	2,	94.0,	296.62,			13.111,			1.393,			0.185
998,	2,	195.0,	298.246,			10.27,			1.41,			0.162
999,	1,	7.0,	300.0,			2.541,			0.248,			0.051
1000,	1,	44.0,	300.0,			1.386,			0.279,			0.053
