#, task_type_id, size, arrival_time,	execution_time_cpu,	execution_time_gpu,	execution_time_CLOUD
1,	1,	7.0,	0.0,			2.404,			0.202,			0.06
2,	1,	7.0,	0.0,			1.631,			0.252,			0.051
3,	2,	132.0,	0.438,			13.379,			1.164,			0.119
4,	2,	147.0,	1.564,			11.506,			1.402,			0.139
5,	2,	197.0,	2.019,			10.886,			1.495,			0.164
6,	2,	131.0,	2.541,			10.669,			1.062,			0.159
7,	2,	67.0,	2.702,			10.177,			1.284,			0.141
8,	2,	132.0,	3.691,			10.902,			1.236,			0.177
9,	2,	180.0,	4.107,			13.092,			1.491,			0.198
10,	2,	243.0,	4.361,			13.535,			1.124,			0.137
11,	2,	252.0,	7.938,			11.26,			1.024,			0.164
12,	1,	95.0,	9.482,			1.08,			0.133,			0.06
13,	2,	176.0,	11.42,			14.686,			1.246,			0.11
14,	2,	63.0,	11.69,			14.53,			1.326,			0.132
15,	2,	209.0,	12.435,			11.706,			1.259,			0.121
16,	2,	246.0,	13.593,			11.971,			1.28,			0.136
17,	1,	16.0,	18.833,			1.595,			0.291,			0.057
18,	2,	168.0,	19.092,			12.351,			1.172,			0.123
19,	1,	7.0,	19.504,			1.263,			0.199,			0.059
20,	2,	142.0,	21.065,			14.916,			1.07,			0.158
21,	2,	255.0,	22.038,			11.247,			1.104,			0.145
22,	2,	111.0,	22.681,			11.207,			1.296,			0.184
23,	2,	125.0,	24.004,			13.181,			1.029,			0.18
24,	2,	204.0,	24.523,			12.876,			1.335,			0.194
25,	2,	204.0,	26.578,			14.399,			1.251,			0.156
26,	2,	100.0,	26.762,			11.878,			1.066,			0.145
27,	2,	137.0,	26.832,			14.914,			1.374,			0.11
28,	1,	28.0,	29.346,			2.847,			0.161,			0.055
29,	2,	217.0,	33.783,			11.237,			1.488,			0.14
30,	2,	102.0,	34.202,			14.376,			1.3,			0.118
31,	1,	447.0,	35.099,			1.12,			0.148,			0.05
32,	1,	16.0,	35.893,			2.179,			0.287,			0.06
33,	2,	234.0,	36.485,			14.624,			1.285,			0.155
34,	2,	140.0,	37.513,			10.099,			1.32,			0.174
35,	1,	7.0,	37.589,			2.252,			0.116,			0.052
36,	1,	44.0,	37.698,			2.096,			0.258,			0.059
37,	1,	512.0,	39.793,			2.534,			0.129,			0.056
38,	2,	134.0,	40.376,			11.371,			1.288,			0.118
39,	1,	44.0,	42.634,			1.761,			0.225,			0.058
40,	2,	120.0,	43.338,			10.957,			1.024,			0.158
41,	2,	162.0,	43.6,			13.449,			1.071,			0.19
42,	2,	176.0,	44.34,			11.459,			1.195,			0.18
43,	2,	89.0,	44.676,			11.722,			1.098,			0.198
44,	2,	234.0,	44.77,			13.487,			1.366,			0.113
45,	1,	126.0,	45.19,			2.286,			0.234,			0.052
46,	1,	28.0,	47.725,			2.973,			0.25,			0.058
47,	2,	155.0,	48.431,			13.074,			1.374,			0.18
48,	1,	7.0,	49.338,			2.948,			0.256,			0.053
49,	1,	7.0,	49.467,			2.03,			0.188,			0.052
50,	2,	293.0,	49.99,			11.059,			1.411,			0.108
51,	2,	369.0,	50.989,			12.594,			1.093,			0.107
52,	2,	102.0,	51.413,			11.385,			1.065,			0.185
53,	2,	273.0,	52.21,			13.45,			1.191,			0.147
54,	1,	7.0,	52.887,			1.612,			0.238,			0.06
55,	1,	30.0,	53.882,			2.351,			0.106,			0.057
56,	1,	6.0,	53.994,			2.497,			0.119,			0.056
57,	1,	6.0,	54.544,			1.816,			0.153,			0.052
58,	1,	157.0,	54.888,			2.378,			0.161,			0.052
59,	1,	157.0,	55.799,			1.605,			0.247,			0.053
60,	1,	559.0,	56.131,			1.859,			0.107,			0.051
61,	1,	126.0,	57.304,			1.736,			0.146,			0.055
62,	2,	104.0,	58.044,			10.96,			1.017,			0.134
63,	1,	49.0,	58.656,			2.457,			0.288,			0.057
64,	1,	30.0,	58.749,			1.357,			0.244,			0.053
65,	1,	16.0,	59.03,			2.681,			0.191,			0.058
66,	2,	103.0,	59.068,			13.596,			1.289,			0.105
67,	1,	498.0,	60.612,			1.947,			0.233,			0.058
68,	2,	171.0,	60.898,			14.464,			1.096,			0.148
69,	1,	387.0,	60.942,			1.334,			0.102,			0.05
70,	2,	90.0,	61.445,			10.565,			1.335,			0.172
71,	1,	7.0,	61.692,			2.252,			0.27,			0.053
72,	2,	189.0,	63.28,			12.946,			1.198,			0.177
73,	1,	95.0,	63.412,			2.907,			0.192,			0.052
74,	2,	120.0,	63.899,			10.594,			1.43,			0.122
75,	1,	28.0,	64.065,			1.929,			0.191,			0.05
76,	2,	214.0,	64.927,			13.288,			1.041,			0.112
77,	1,	10.0,	65.746,			1.663,			0.284,			0.06
78,	1,	126.0,	65.88,			2.489,			0.272,			0.059
79,	1,	146.0,	66.724,			2.991,			0.14,			0.052
80,	1,	44.0,	66.927,			1.701,			0.219,			0.05
81,	1,	7.0,	67.949,			2.534,			0.268,			0.05
82,	1,	7.0,	68.411,			2.95,			0.165,			0.058
83,	2,	185.0,	68.576,			14.32,			1.495,			0.148
84,	1,	7.0,	69.688,			2.386,			0.264,			0.055
85,	2,	221.0,	70.022,			11.793,			1.354,			0.199
86,	1,	512.0,	70.111,			1.105,			0.205,			0.057
87,	2,	108.0,	70.294,			14.49,			1.015,			0.112
88,	1,	49.0,	70.49,			1.75,			0.15,			0.055
89,	2,	198.0,	70.614,			10.016,			1.073,			0.197
90,	1,	10.0,	70.686,			2.802,			0.215,			0.059
91,	1,	7.0,	70.845,			2.498,			0.297,			0.055
92,	2,	204.0,	71.073,			11.162,			1.325,			0.127
93,	2,	63.0,	71.128,			11.404,			1.219,			0.138
94,	1,	6.0,	71.764,			1.104,			0.252,			0.058
95,	2,	105.0,	71.93,			12.027,			1.025,			0.105
96,	2,	181.0,	72.082,			12.964,			1.437,			0.117
97,	1,	103.0,	73.108,			2.237,			0.167,			0.054
98,	1,	120.0,	73.265,			1.776,			0.198,			0.054
99,	1,	447.0,	73.347,			1.919,			0.27,			0.053
100,	2,	212.0,	73.753,			14.376,			1.417,			0.186
101,	1,	126.0,	74.02,			2.76,			0.298,			0.052
102,	1,	7.0,	74.129,			2.852,			0.233,			0.054
103,	1,	90.0,	74.151,			2.114,			0.217,			0.052
104,	1,	512.0,	74.175,			2.446,			0.15,			0.055
105,	2,	164.0,	74.571,			10.177,			1.146,			0.141
106,	1,	103.0,	74.741,			1.981,			0.162,			0.051
107,	1,	498.0,	75.43,			1.485,			0.145,			0.057
108,	1,	120.0,	75.474,			2.057,			0.197,			0.058
109,	1,	146.0,	75.547,			1.729,			0.196,			0.054
110,	1,	157.0,	75.688,			2.479,			0.14,			0.054
111,	1,	7.0,	76.742,			1.483,			0.164,			0.052
112,	1,	512.0,	77.022,			1.582,			0.156,			0.051
113,	1,	120.0,	79.166,			1.988,			0.194,			0.051
114,	1,	7.0,	79.487,			2.479,			0.194,			0.054
115,	1,	44.0,	80.26,			1.485,			0.295,			0.053
116,	1,	49.0,	80.444,			2.797,			0.122,			0.054
117,	2,	81.0,	80.449,			10.672,			1.194,			0.151
118,	1,	10.0,	80.48,			1.755,			0.129,			0.05
119,	1,	7.0,	80.766,			1.467,			0.14,			0.053
120,	1,	7.0,	80.796,			1.217,			0.158,			0.058
121,	2,	183.0,	81.145,			14.028,			1.064,			0.162
122,	2,	167.0,	81.306,			10.957,			1.202,			0.182
123,	2,	102.0,	82.243,			13.645,			1.146,			0.195
124,	2,	84.0,	82.575,			13.161,			1.335,			0.142
125,	1,	103.0,	84.314,			2.346,			0.165,			0.058
126,	2,	171.0,	84.794,			13.161,			1.407,			0.178
127,	1,	7.0,	85.069,			1.663,			0.15,			0.051
128,	2,	213.0,	85.24,			11.22,			1.017,			0.116
129,	1,	30.0,	85.45,			1.482,			0.138,			0.056
130,	2,	173.0,	85.77,			10.553,			1.294,			0.11
131,	1,	7.0,	85.967,			2.153,			0.101,			0.06
132,	1,	146.0,	86.824,			2.479,			0.131,			0.051
133,	1,	6.0,	86.878,			1.844,			0.125,			0.056
134,	1,	49.0,	86.914,			1.17,			0.294,			0.05
135,	2,	68.0,	87.211,			10.952,			1.29,			0.112
136,	1,	49.0,	87.283,			2.888,			0.209,			0.056
137,	1,	120.0,	87.339,			2.571,			0.224,			0.05
138,	1,	7.0,	87.541,			1.63,			0.254,			0.054
139,	1,	498.0,	88.005,			1.083,			0.242,			0.058
140,	1,	13.0,	88.41,			2.52,			0.12,			0.052
141,	2,	122.0,	88.944,			12.638,			1.458,			0.133
142,	1,	95.0,	89.237,			1.174,			0.186,			0.055
143,	1,	44.0,	89.497,			1.086,			0.106,			0.052
144,	1,	95.0,	89.528,			1.145,			0.267,			0.054
145,	1,	7.0,	90.511,			2.351,			0.108,			0.057
146,	1,	7.0,	90.732,			1.491,			0.153,			0.054
147,	1,	7.0,	90.811,			2.866,			0.295,			0.058
148,	1,	90.0,	91.046,			2.398,			0.226,			0.052
149,	1,	6.0,	91.296,			1.119,			0.279,			0.055
150,	1,	6.0,	91.962,			2.448,			0.104,			0.057
151,	1,	103.0,	92.01,			1.814,			0.138,			0.055
152,	2,	199.0,	92.746,			11.666,			1.135,			0.121
153,	2,	199.0,	93.576,			13.667,			1.022,			0.173
154,	1,	6.0,	93.629,			1.061,			0.198,			0.051
155,	1,	447.0,	93.766,			2.222,			0.253,			0.052
156,	1,	6.0,	93.933,			2.366,			0.263,			0.053
157,	1,	16.0,	94.128,			2.384,			0.236,			0.059
158,	1,	387.0,	94.154,			2.492,			0.153,			0.058
159,	1,	146.0,	94.338,			2.819,			0.19,			0.051
160,	1,	387.0,	94.535,			1.588,			0.288,			0.055
161,	1,	44.0,	95.123,			2.612,			0.169,			0.054
162,	1,	447.0,	95.286,			1.672,			0.288,			0.05
163,	1,	387.0,	95.395,			1.467,			0.129,			0.06
164,	1,	7.0,	95.782,			1.009,			0.202,			0.055
165,	2,	110.0,	96.007,			14.914,			1.029,			0.176
166,	1,	16.0,	96.278,			1.607,			0.257,			0.06
167,	2,	116.0,	96.318,			10.035,			1.012,			0.166
168,	1,	103.0,	96.373,			1.098,			0.282,			0.053
169,	1,	146.0,	96.484,			1.496,			0.19,			0.056
170,	1,	387.0,	96.637,			1.232,			0.259,			0.055
171,	2,	188.0,	96.662,			12.71,			1.285,			0.145
172,	1,	103.0,	96.671,			1.799,			0.258,			0.06
173,	1,	16.0,	96.94,			1.979,			0.114,			0.055
174,	2,	299.0,	97.158,			11.39,			1.46,			0.114
175,	1,	7.0,	97.226,			1.624,			0.281,			0.055
176,	1,	7.0,	97.31,			1.927,			0.106,			0.055
177,	1,	379.0,	97.422,			2.866,			0.176,			0.059
178,	1,	120.0,	97.975,			1.495,			0.262,			0.055
179,	1,	447.0,	98.024,			2.947,			0.154,			0.06
180,	1,	6.0,	98.214,			1.364,			0.128,			0.051
181,	1,	10.0,	98.233,			2.273,			0.235,			0.055
182,	2,	109.0,	99.18,			11.685,			1.183,			0.119
183,	1,	120.0,	99.216,			1.626,			0.221,			0.057
184,	1,	126.0,	99.235,			1.531,			0.203,			0.052
185,	1,	13.0,	99.376,			1.588,			0.254,			0.059
186,	1,	7.0,	99.554,			1.27,			0.159,			0.059
187,	1,	95.0,	99.599,			1.111,			0.244,			0.053
188,	1,	90.0,	100.123,			2.697,			0.234,			0.052
189,	1,	95.0,	100.139,			2.268,			0.102,			0.059
190,	1,	559.0,	100.16,			2.096,			0.172,			0.059
191,	1,	7.0,	100.188,			1.443,			0.206,			0.053
192,	2,	225.0,	100.522,			11.617,			1.015,			0.137
193,	2,	110.0,	100.99,			10.518,			1.098,			0.19
194,	1,	387.0,	101.863,			1.366,			0.207,			0.055
195,	2,	82.0,	101.905,			13.801,			1.192,			0.121
196,	1,	95.0,	102.171,			1.086,			0.225,			0.054
197,	2,	239.0,	102.395,			13.458,			1.193,			0.169
198,	1,	120.0,	102.572,			1.291,			0.164,			0.054
199,	1,	6.0,	102.587,			1.69,			0.279,			0.05
200,	1,	44.0,	102.804,			1.241,			0.152,			0.054
201,	1,	169.0,	102.861,			1.86,			0.141,			0.057
202,	1,	49.0,	102.934,			2.114,			0.202,			0.056
203,	1,	49.0,	103.506,			1.187,			0.166,			0.054
204,	1,	559.0,	103.528,			2.057,			0.272,			0.056
205,	1,	30.0,	104.059,			1.285,			0.254,			0.056
206,	1,	447.0,	104.136,			2.847,			0.212,			0.059
207,	1,	6.0,	104.246,			1.42,			0.133,			0.059
208,	2,	137.0,	104.469,			10.476,			1.332,			0.173
209,	1,	59.0,	104.572,			2.628,			0.297,			0.052
210,	2,	120.0,	104.909,			13.456,			1.328,			0.101
211,	1,	559.0,	104.938,			2.157,			0.206,			0.056
212,	2,	176.0,	105.063,			10.083,			1.188,			0.155
213,	1,	30.0,	105.205,			1.927,			0.232,			0.051
214,	2,	176.0,	105.754,			12.411,			1.029,			0.177
215,	1,	7.0,	105.914,			2.706,			0.119,			0.051
216,	1,	95.0,	106.076,			1.625,			0.14,			0.051
217,	1,	7.0,	106.165,			2.717,			0.104,			0.058
218,	1,	512.0,	106.682,			2.669,			0.159,			0.06
219,	1,	214.0,	106.725,			1.309,			0.151,			0.058
220,	1,	146.0,	106.91,			1.01,			0.154,			0.052
221,	1,	95.0,	107.788,			1.575,			0.232,			0.054
222,	1,	103.0,	107.948,			1.031,			0.16,			0.05
223,	1,	447.0,	108.053,			2.632,			0.174,			0.055
224,	1,	387.0,	108.589,			2.369,			0.188,			0.052
225,	1,	146.0,	108.645,			1.009,			0.164,			0.055
226,	1,	103.0,	108.92,			1.875,			0.256,			0.056
227,	1,	7.0,	108.935,			1.431,			0.187,			0.054
228,	1,	103.0,	109.345,			2.198,			0.14,			0.057
229,	1,	103.0,	109.623,			1.566,			0.206,			0.06
230,	2,	106.0,	110.011,			11.707,			1.008,			0.105
231,	1,	16.0,	110.167,			2.198,			0.273,			0.056
232,	1,	103.0,	110.457,			2.786,			0.212,			0.05
233,	2,	170.0,	110.685,			12.701,			1.437,			0.197
234,	1,	95.0,	110.739,			1.114,			0.14,			0.056
235,	1,	7.0,	110.961,			1.799,			0.104,			0.056
236,	1,	44.0,	111.046,			2.635,			0.206,			0.053
237,	1,	49.0,	111.163,			2.305,			0.159,			0.051
238,	1,	30.0,	111.183,			2.051,			0.113,			0.055
239,	2,	163.0,	111.405,			13.36,			1.401,			0.119
240,	1,	7.0,	112.503,			2.441,			0.222,			0.056
241,	1,	16.0,	112.71,			2.103,			0.187,			0.053
242,	1,	512.0,	112.78,			1.146,			0.149,			0.054
243,	1,	447.0,	112.879,			2.438,			0.108,			0.06
244,	1,	146.0,	112.917,			1.262,			0.168,			0.055
245,	1,	103.0,	113.212,			1.009,			0.205,			0.06
246,	1,	6.0,	113.533,			1.029,			0.231,			0.055
247,	1,	16.0,	113.83,			1.683,			0.189,			0.057
248,	2,	136.0,	113.939,			11.709,			1.465,			0.187
249,	1,	49.0,	114.027,			1.662,			0.139,			0.055
250,	1,	44.0,	114.104,			1.985,			0.158,			0.054
251,	1,	447.0,	114.159,			1.029,			0.23,			0.059
252,	1,	169.0,	114.227,			1.153,			0.198,			0.052
253,	1,	379.0,	115.236,			1.86,			0.2,			0.059
254,	1,	120.0,	115.424,			2.681,			0.133,			0.054
255,	1,	95.0,	115.475,			1.769,			0.288,			0.051
256,	1,	103.0,	115.872,			2.407,			0.249,			0.05
257,	1,	44.0,	116.002,			1.431,			0.275,			0.055
258,	1,	498.0,	116.116,			1.625,			0.299,			0.057
259,	2,	178.0,	116.348,			14.368,			1.236,			0.108
260,	1,	6.0,	116.523,			1.612,			0.112,			0.06
261,	1,	103.0,	116.907,			1.153,			0.101,			0.054
262,	1,	7.0,	117.016,			1.511,			0.22,			0.053
263,	1,	169.0,	117.185,			1.078,			0.164,			0.052
264,	1,	49.0,	117.282,			1.145,			0.29,			0.057
265,	1,	44.0,	117.458,			1.597,			0.199,			0.054
266,	1,	7.0,	117.946,			1.27,			0.223,			0.051
267,	1,	126.0,	117.998,			2.955,			0.212,			0.059
268,	1,	44.0,	118.078,			1.667,			0.195,			0.052
269,	1,	6.0,	118.116,			1.402,			0.116,			0.051
270,	1,	498.0,	118.174,			1.414,			0.236,			0.058
271,	1,	214.0,	118.318,			1.728,			0.192,			0.052
272,	1,	7.0,	118.333,			2.492,			0.221,			0.051
273,	1,	7.0,	118.75,			1.968,			0.131,			0.053
274,	1,	126.0,	118.766,			1.417,			0.127,			0.053
275,	1,	6.0,	119.009,			2.76,			0.235,			0.058
276,	1,	90.0,	119.033,			2.711,			0.289,			0.06
277,	1,	379.0,	119.09,			1.913,			0.179,			0.05
278,	1,	447.0,	119.231,			2.9,			0.125,			0.06
279,	1,	13.0,	119.304,			2.09,			0.29,			0.056
280,	1,	10.0,	119.506,			1.609,			0.15,			0.05
281,	1,	44.0,	119.615,			2.073,			0.212,			0.059
282,	1,	28.0,	119.696,			2.706,			0.125,			0.056
283,	1,	103.0,	119.957,			2.278,			0.28,			0.053
284,	1,	90.0,	120.153,			2.532,			0.241,			0.051
285,	1,	169.0,	120.213,			1.204,			0.217,			0.051
286,	1,	13.0,	120.342,			1.833,			0.24,			0.055
287,	1,	169.0,	120.393,			2.651,			0.203,			0.059
288,	1,	49.0,	120.398,			2.26,			0.293,			0.05
289,	1,	379.0,	120.983,			1.663,			0.177,			0.051
290,	1,	7.0,	121.131,			2.862,			0.104,			0.052
291,	1,	379.0,	121.143,			2.369,			0.166,			0.059
292,	1,	379.0,	121.414,			1.035,			0.259,			0.051
293,	1,	214.0,	121.547,			2.299,			0.272,			0.054
294,	2,	233.0,	121.885,			13.264,			1.295,			0.156
295,	1,	30.0,	121.999,			1.84,			0.274,			0.057
296,	2,	97.0,	122.239,			10.893,			1.172,			0.167
297,	1,	512.0,	122.258,			2.935,			0.221,			0.059
298,	1,	120.0,	122.317,			1.3,			0.155,			0.05
299,	1,	157.0,	122.375,			1.417,			0.279,			0.05
300,	2,	112.0,	122.62,			11.966,			1.367,			0.175
301,	2,	129.0,	122.805,			10.037,			1.025,			0.175
302,	1,	498.0,	122.812,			2.449,			0.299,			0.05
303,	1,	379.0,	122.82,			1.024,			0.279,			0.054
304,	1,	379.0,	123.031,			2.454,			0.107,			0.057
305,	2,	90.0,	123.316,			11.171,			1.187,			0.175
306,	1,	30.0,	123.379,			1.663,			0.209,			0.058
307,	1,	157.0,	123.438,			1.256,			0.147,			0.057
308,	1,	512.0,	123.448,			2.612,			0.108,			0.052
309,	1,	49.0,	123.482,			2.143,			0.155,			0.052
310,	1,	447.0,	123.693,			2.047,			0.179,			0.052
311,	1,	169.0,	124.182,			2.198,			0.299,			0.058
312,	1,	126.0,	124.254,			1.965,			0.23,			0.056
313,	1,	512.0,	124.39,			2.911,			0.209,			0.055
314,	1,	49.0,	125.038,			2.58,			0.184,			0.055
315,	2,	129.0,	125.081,			11.405,			1.278,			0.168
316,	1,	6.0,	125.251,			2.14,			0.258,			0.057
317,	1,	7.0,	125.341,			2.193,			0.114,			0.053
318,	1,	44.0,	125.401,			2.235,			0.109,			0.053
319,	1,	447.0,	125.461,			1.467,			0.244,			0.057
320,	1,	387.0,	125.625,			1.166,			0.198,			0.058
321,	1,	387.0,	125.689,			1.009,			0.244,			0.059
322,	1,	120.0,	125.911,			2.316,			0.263,			0.05
323,	1,	103.0,	126.197,			1.225,			0.189,			0.056
324,	1,	379.0,	126.2,			1.334,			0.221,			0.058
325,	1,	44.0,	126.314,			1.69,			0.148,			0.055
326,	1,	169.0,	126.471,			2.013,			0.166,			0.05
327,	1,	6.0,	126.506,			2.265,			0.148,			0.053
328,	1,	16.0,	126.562,			1.039,			0.292,			0.057
329,	1,	120.0,	126.892,			1.249,			0.112,			0.05
330,	1,	559.0,	126.939,			2.358,			0.284,			0.054
331,	1,	28.0,	127.077,			1.535,			0.207,			0.059
332,	1,	7.0,	127.505,			2.632,			0.219,			0.055
333,	1,	146.0,	127.608,			2.301,			0.217,			0.054
334,	2,	134.0,	127.822,			10.067,			1.04,			0.129
335,	1,	7.0,	127.917,			1.126,			0.114,			0.052
336,	1,	44.0,	127.926,			2.893,			0.28,			0.052
337,	2,	172.0,	128.087,			12.165,			1.32,			0.148
338,	2,	138.0,	128.169,			14.737,			1.073,			0.128
339,	1,	28.0,	128.212,			1.64,			0.249,			0.052
340,	1,	13.0,	128.233,			2.635,			0.185,			0.054
341,	1,	59.0,	128.336,			1.571,			0.167,			0.052
342,	1,	59.0,	128.464,			1.424,			0.299,			0.059
343,	1,	13.0,	128.487,			1.27,			0.295,			0.056
344,	1,	7.0,	128.588,			2.628,			0.12,			0.051
345,	1,	512.0,	128.838,			2.132,			0.203,			0.055
346,	1,	44.0,	128.881,			1.056,			0.145,			0.056
347,	1,	7.0,	129.044,			1.984,			0.11,			0.056
348,	1,	512.0,	129.114,			1.337,			0.221,			0.056
349,	1,	214.0,	129.167,			1.313,			0.195,			0.055
350,	1,	126.0,	129.345,			2.316,			0.169,			0.058
351,	1,	10.0,	129.46,			1.406,			0.267,			0.058
352,	1,	90.0,	129.518,			1.432,			0.186,			0.052
353,	1,	95.0,	129.625,			1.478,			0.2,			0.058
354,	2,	87.0,	129.628,			12.48,			1.409,			0.162
355,	1,	7.0,	129.859,			2.328,			0.151,			0.051
356,	1,	7.0,	129.918,			2.973,			0.21,			0.06
357,	1,	10.0,	129.982,			2.807,			0.208,			0.055
358,	1,	44.0,	130.029,			1.605,			0.156,			0.05
359,	1,	498.0,	130.274,			2.776,			0.125,			0.055
360,	1,	7.0,	130.315,			2.35,			0.171,			0.06
361,	1,	157.0,	130.325,			1.736,			0.114,			0.057
362,	1,	7.0,	130.407,			1.098,			0.118,			0.052
363,	1,	7.0,	130.529,			1.115,			0.249,			0.051
364,	1,	16.0,	131.621,			1.757,			0.135,			0.055
365,	1,	13.0,	131.768,			1.932,			0.23,			0.06
366,	1,	6.0,	131.771,			1.104,			0.248,			0.055
367,	1,	7.0,	131.805,			1.226,			0.29,			0.059
368,	1,	559.0,	132.081,			2.796,			0.2,			0.058
369,	2,	68.0,	132.153,			10.952,			1.162,			0.141
370,	1,	379.0,	132.442,			1.717,			0.238,			0.055
371,	1,	59.0,	132.653,			1.441,			0.206,			0.055
372,	1,	6.0,	132.943,			1.343,			0.254,			0.055
373,	1,	95.0,	133.11,			2.381,			0.129,			0.052
374,	2,	113.0,	133.147,			13.635,			1.351,			0.125
375,	1,	169.0,	133.481,			2.158,			0.247,			0.057
376,	1,	103.0,	133.502,			2.819,			0.251,			0.053
377,	2,	149.0,	133.51,			11.276,			1.07,			0.184
378,	1,	16.0,	133.518,			1.672,			0.239,			0.056
379,	1,	59.0,	133.72,			1.098,			0.124,			0.054
380,	1,	59.0,	133.841,			2.393,			0.221,			0.058
381,	1,	16.0,	133.969,			2.065,			0.22,			0.06
382,	1,	157.0,	133.99,			1.011,			0.264,			0.058
383,	2,	138.0,	134.04,			11.229,			1.278,			0.166
384,	1,	13.0,	134.124,			2.799,			0.238,			0.053
385,	1,	44.0,	134.325,			2.643,			0.162,			0.052
386,	1,	49.0,	134.362,			1.145,			0.268,			0.058
387,	1,	120.0,	134.75,			1.337,			0.207,			0.05
388,	1,	157.0,	134.806,			2.579,			0.164,			0.053
389,	1,	512.0,	134.93,			1.434,			0.259,			0.058
390,	1,	214.0,	135.117,			2.634,			0.297,			0.054
391,	1,	103.0,	135.145,			2.598,			0.176,			0.058
392,	1,	30.0,	135.216,			1.316,			0.221,			0.057
393,	2,	207.0,	135.237,			13.916,			1.419,			0.141
394,	1,	559.0,	135.261,			1.095,			0.205,			0.057
395,	1,	44.0,	135.265,			1.624,			0.156,			0.056
396,	1,	379.0,	135.435,			1.575,			0.172,			0.059
397,	1,	90.0,	135.439,			1.774,			0.27,			0.051
398,	1,	214.0,	135.625,			2.795,			0.13,			0.059
399,	1,	90.0,	135.635,			2.459,			0.206,			0.055
400,	1,	120.0,	135.704,			1.291,			0.127,			0.055
401,	1,	512.0,	135.732,			2.879,			0.175,			0.054
402,	1,	30.0,	135.81,			1.719,			0.103,			0.053
403,	1,	146.0,	135.834,			1.485,			0.202,			0.057
404,	1,	387.0,	136.148,			2.298,			0.158,			0.052
405,	1,	447.0,	136.365,			2.847,			0.169,			0.054
406,	1,	28.0,	136.563,			2.326,			0.138,			0.056
407,	1,	498.0,	136.672,			1.097,			0.251,			0.058
408,	1,	90.0,	136.679,			1.279,			0.116,			0.052
409,	2,	239.0,	136.722,			11.011,			1.373,			0.118
410,	1,	103.0,	136.865,			1.433,			0.247,			0.051
411,	1,	120.0,	136.869,			1.642,			0.287,			0.051
412,	1,	7.0,	136.898,			1.991,			0.232,			0.051
413,	1,	28.0,	136.958,			2.199,			0.26,			0.052
414,	1,	59.0,	136.965,			2.223,			0.292,			0.059
415,	2,	145.0,	137.011,			12.242,			1.098,			0.102
416,	1,	126.0,	137.2,			2.796,			0.101,			0.057
417,	1,	498.0,	137.21,			2.369,			0.128,			0.058
418,	1,	7.0,	137.24,			1.509,			0.221,			0.055
419,	1,	7.0,	137.33,			2.819,			0.128,			0.052
420,	1,	16.0,	137.389,			2.31,			0.275,			0.057
421,	1,	498.0,	137.444,			1.609,			0.132,			0.055
422,	1,	7.0,	137.694,			1.979,			0.107,			0.059
423,	1,	146.0,	137.881,			1.024,			0.293,			0.051
424,	1,	7.0,	137.882,			1.305,			0.138,			0.054
425,	1,	7.0,	137.895,			2.418,			0.274,			0.053
426,	1,	7.0,	138.206,			2.795,			0.281,			0.058
427,	1,	90.0,	138.522,			2.936,			0.101,			0.055
428,	1,	157.0,	138.558,			2.701,			0.151,			0.052
429,	1,	59.0,	138.676,			1.078,			0.172,			0.056
430,	1,	126.0,	138.704,			2.571,			0.221,			0.054
431,	1,	16.0,	139.021,			1.908,			0.242,			0.056
432,	1,	95.0,	139.511,			1.651,			0.245,			0.055
433,	1,	146.0,	139.565,			1.044,			0.133,			0.055
434,	1,	30.0,	139.766,			1.241,			0.287,			0.053
435,	1,	10.0,	140.052,			1.477,			0.187,			0.057
436,	2,	155.0,	140.079,			10.225,			1.426,			0.187
437,	2,	76.0,	140.391,			11.764,			1.418,			0.179
438,	1,	44.0,	140.523,			1.75,			0.279,			0.057
439,	1,	126.0,	140.611,			1.843,			0.272,			0.058
440,	1,	447.0,	140.645,			2.99,			0.268,			0.052
441,	1,	214.0,	140.727,			2.381,			0.126,			0.055
442,	1,	103.0,	141.143,			1.524,			0.203,			0.057
443,	2,	78.0,	141.147,			12.79,			1.017,			0.169
444,	1,	157.0,	141.18,			1.417,			0.202,			0.06
445,	2,	98.0,	141.877,			14.903,			1.191,			0.188
446,	1,	447.0,	141.944,			1.681,			0.209,			0.053
447,	2,	156.0,	141.982,			11.162,			1.374,			0.125
448,	1,	59.0,	142.026,			1.009,			0.201,			0.059
449,	1,	7.0,	142.053,			2.832,			0.109,			0.06
450,	1,	28.0,	142.135,			2.26,			0.194,			0.056
451,	1,	49.0,	142.286,			2.149,			0.217,			0.06
452,	1,	169.0,	142.362,			1.478,			0.222,			0.057
453,	1,	44.0,	142.388,			1.671,			0.16,			0.057
454,	1,	28.0,	142.641,			2.681,			0.186,			0.053
455,	1,	7.0,	142.701,			1.464,			0.102,			0.054
456,	2,	195.0,	142.837,			11.237,			1.115,			0.125
457,	1,	59.0,	142.883,			2.438,			0.122,			0.054
458,	1,	214.0,	143.092,			2.559,			0.152,			0.055
459,	1,	146.0,	143.261,			2.314,			0.249,			0.054
460,	1,	44.0,	143.345,			1.42,			0.273,			0.06
461,	2,	162.0,	143.356,			13.953,			1.469,			0.195
462,	1,	13.0,	143.392,			1.291,			0.204,			0.054
463,	1,	7.0,	143.49,			2.864,			0.123,			0.06
464,	1,	103.0,	143.491,			1.581,			0.292,			0.058
465,	1,	126.0,	143.806,			1.639,			0.155,			0.054
466,	1,	28.0,	143.866,			1.028,			0.134,			0.056
467,	1,	7.0,	144.057,			2.491,			0.277,			0.056
468,	1,	6.0,	144.074,			2.235,			0.124,			0.059
469,	1,	387.0,	144.224,			2.43,			0.212,			0.059
470,	1,	103.0,	144.287,			2.819,			0.291,			0.059
471,	1,	512.0,	144.296,			1.213,			0.26,			0.056
472,	1,	6.0,	144.301,			1.701,			0.233,			0.059
473,	1,	120.0,	144.528,			1.702,			0.159,			0.056
474,	1,	103.0,	144.562,			2.799,			0.105,			0.054
475,	1,	387.0,	144.565,			1.408,			0.27,			0.051
476,	1,	59.0,	144.803,			1.97,			0.177,			0.06
477,	1,	447.0,	144.912,			2.027,			0.106,			0.054
478,	1,	7.0,	145.245,			1.61,			0.277,			0.06
479,	1,	7.0,	145.338,			1.232,			0.129,			0.053
480,	1,	157.0,	145.356,			2.132,			0.292,			0.057
481,	1,	103.0,	145.506,			2.01,			0.292,			0.06
482,	1,	44.0,	145.638,			1.078,			0.195,			0.059
483,	1,	7.0,	145.685,			2.9,			0.238,			0.054
484,	1,	559.0,	145.705,			2.678,			0.214,			0.059
485,	1,	169.0,	145.757,			1.811,			0.293,			0.051
486,	1,	28.0,	145.89,			1.08,			0.206,			0.057
487,	1,	44.0,	146.176,			2.643,			0.169,			0.055
488,	1,	28.0,	146.201,			2.947,			0.199,			0.053
489,	1,	59.0,	146.354,			2.018,			0.159,			0.052
490,	1,	559.0,	146.355,			1.006,			0.249,			0.055
491,	1,	28.0,	146.791,			1.391,			0.177,			0.05
492,	1,	7.0,	146.893,			2.457,			0.292,			0.058
493,	1,	512.0,	146.955,			1.838,			0.209,			0.052
494,	1,	559.0,	147.22,			1.979,			0.266,			0.05
495,	1,	6.0,	147.252,			2.314,			0.22,			0.059
496,	1,	7.0,	147.274,			2.565,			0.272,			0.052
497,	1,	7.0,	147.3,			2.288,			0.169,			0.057
498,	1,	498.0,	147.314,			1.004,			0.26,			0.059
499,	1,	44.0,	147.663,			1.708,			0.236,			0.052
500,	1,	126.0,	147.712,			1.162,			0.258,			0.058
501,	1,	447.0,	147.822,			2.1,			0.133,			0.051
502,	1,	90.0,	147.927,			1.024,			0.115,			0.056
503,	1,	447.0,	148.383,			1.432,			0.137,			0.053
504,	1,	59.0,	148.451,			2.36,			0.142,			0.06
505,	1,	214.0,	148.571,			1.16,			0.161,			0.054
506,	1,	214.0,	148.619,			2.553,			0.209,			0.053
507,	1,	387.0,	149.033,			1.756,			0.174,			0.053
508,	1,	387.0,	149.087,			2.342,			0.134,			0.051
509,	1,	16.0,	149.15,			2.283,			0.136,			0.053
510,	1,	13.0,	149.28,			2.58,			0.268,			0.055
511,	1,	7.0,	149.81,			1.977,			0.243,			0.057
512,	2,	123.0,	149.83,			13.615,			1.259,			0.119
513,	1,	387.0,	150.007,			2.256,			0.254,			0.058
514,	1,	120.0,	150.162,			1.071,			0.281,			0.054
515,	1,	59.0,	150.169,			1.103,			0.116,			0.06
516,	1,	157.0,	150.267,			2.232,			0.147,			0.054
517,	1,	120.0,	150.278,			2.027,			0.232,			0.051
518,	1,	6.0,	150.557,			1.307,			0.166,			0.053
519,	1,	90.0,	150.574,			2.237,			0.122,			0.058
520,	1,	28.0,	150.591,			1.643,			0.242,			0.057
521,	1,	126.0,	150.631,			1.981,			0.252,			0.055
522,	1,	126.0,	150.804,			1.597,			0.23,			0.053
523,	2,	83.0,	150.836,			12.438,			1.109,			0.171
524,	1,	447.0,	150.896,			2.834,			0.284,			0.055
525,	1,	44.0,	150.916,			2.727,			0.279,			0.055
526,	1,	90.0,	151.236,			2.149,			0.125,			0.054
527,	1,	157.0,	151.236,			1.191,			0.198,			0.05
528,	1,	214.0,	151.316,			1.01,			0.241,			0.057
529,	1,	90.0,	151.477,			2.454,			0.225,			0.057
530,	2,	96.0,	151.859,			14.914,			1.285,			0.142
531,	1,	30.0,	151.922,			1.128,			0.227,			0.055
532,	1,	7.0,	151.953,			2.598,			0.215,			0.051
533,	1,	6.0,	152.009,			1.114,			0.277,			0.052
534,	1,	16.0,	152.171,			1.548,			0.217,			0.05
535,	1,	512.0,	152.367,			1.104,			0.121,			0.052
536,	1,	214.0,	152.721,			1.17,			0.238,			0.05
537,	1,	169.0,	153.13,			1.642,			0.113,			0.058
538,	2,	113.0,	153.159,			13.027,			1.456,			0.132
539,	2,	121.0,	153.426,			13.069,			1.299,			0.175
540,	1,	157.0,	153.567,			1.106,			0.224,			0.052
541,	1,	7.0,	153.58,			2.802,			0.142,			0.052
542,	1,	6.0,	153.757,			1.645,			0.223,			0.06
543,	1,	90.0,	153.792,			1.97,			0.267,			0.057
544,	1,	379.0,	153.812,			2.282,			0.214,			0.056
545,	1,	49.0,	153.978,			1.651,			0.221,			0.054
546,	1,	59.0,	154.071,			1.977,			0.288,			0.059
547,	1,	512.0,	154.211,			1.394,			0.266,			0.055
548,	1,	387.0,	154.331,			1.478,			0.146,			0.058
549,	1,	498.0,	154.369,			1.525,			0.241,			0.057
550,	1,	157.0,	154.388,			1.153,			0.177,			0.056
551,	1,	498.0,	154.549,			2.238,			0.233,			0.06
552,	1,	6.0,	154.592,			1.35,			0.175,			0.051
553,	1,	44.0,	154.655,			1.173,			0.133,			0.05
554,	1,	512.0,	154.945,			2.288,			0.252,			0.06
555,	1,	90.0,	155.035,			1.966,			0.177,			0.06
556,	1,	214.0,	155.344,			1.168,			0.146,			0.05
557,	1,	7.0,	155.354,			1.467,			0.238,			0.058
558,	1,	559.0,	155.366,			2.155,			0.152,			0.053
559,	1,	447.0,	155.684,			2.497,			0.133,			0.056
560,	1,	126.0,	155.996,			1.499,			0.265,			0.055
561,	1,	387.0,	156.017,			2.796,			0.175,			0.051
562,	1,	7.0,	156.042,			1.376,			0.265,			0.058
563,	1,	6.0,	156.145,			2.225,			0.216,			0.053
564,	1,	90.0,	156.206,			2.273,			0.215,			0.057
565,	1,	7.0,	156.233,			2.798,			0.279,			0.058
566,	1,	7.0,	156.532,			1.097,			0.151,			0.052
567,	1,	6.0,	156.578,			1.435,			0.215,			0.055
568,	1,	59.0,	156.86,			1.589,			0.114,			0.054
569,	1,	90.0,	156.895,			1.833,			0.171,			0.057
570,	1,	214.0,	156.963,			2.795,			0.173,			0.059
571,	1,	10.0,	157.199,			1.106,			0.244,			0.056
572,	1,	7.0,	157.266,			1.482,			0.102,			0.053
573,	1,	10.0,	157.388,			1.625,			0.29,			0.059
574,	1,	7.0,	157.435,			2.302,			0.221,			0.051
575,	1,	126.0,	157.849,			2.252,			0.14,			0.052
576,	1,	6.0,	157.855,			2.673,			0.124,			0.058
577,	1,	10.0,	158.271,			2.269,			0.287,			0.058
578,	1,	214.0,	158.407,			1.406,			0.226,			0.054
579,	2,	293.0,	158.414,			13.684,			1.4,			0.136
580,	1,	16.0,	158.869,			2.103,			0.109,			0.053
581,	2,	85.0,	159.232,			13.185,			1.333,			0.141
582,	1,	59.0,	159.401,			2.576,			0.119,			0.058
583,	1,	559.0,	159.409,			1.683,			0.288,			0.057
584,	1,	120.0,	159.51,			2.1,			0.129,			0.051
585,	1,	90.0,	159.712,			2.91,			0.146,			0.05
586,	1,	7.0,	159.908,			2.832,			0.151,			0.055
587,	1,	512.0,	160.046,			1.868,			0.248,			0.059
588,	1,	214.0,	160.096,			2.9,			0.124,			0.055
589,	1,	10.0,	160.208,			1.188,			0.176,			0.055
590,	1,	44.0,	160.222,			2.503,			0.276,			0.06
591,	1,	16.0,	160.286,			1.612,			0.241,			0.051
592,	1,	44.0,	160.518,			2.8,			0.263,			0.056
593,	1,	7.0,	160.97,			2.249,			0.176,			0.05
594,	2,	97.0,	161.078,			14.008,			1.47,			0.14
595,	1,	6.0,	161.262,			2.567,			0.143,			0.053
596,	1,	559.0,	161.463,			1.76,			0.168,			0.054
597,	1,	387.0,	161.75,			2.114,			0.238,			0.05
598,	1,	146.0,	162.009,			1.225,			0.126,			0.058
599,	1,	7.0,	162.047,			2.131,			0.293,			0.057
600,	2,	139.0,	162.121,			10.16,			1.111,			0.112
601,	1,	95.0,	162.133,			1.972,			0.219,			0.051
602,	1,	90.0,	162.208,			2.302,			0.275,			0.058
603,	1,	95.0,	162.412,			1.962,			0.172,			0.055
604,	1,	498.0,	162.681,			2.88,			0.179,			0.057
605,	2,	176.0,	162.697,			13.36,			1.163,			0.127
606,	1,	498.0,	162.705,			2.524,			0.125,			0.056
607,	1,	44.0,	162.811,			2.907,			0.198,			0.051
608,	1,	103.0,	163.066,			1.004,			0.276,			0.056
609,	1,	157.0,	163.156,			2.582,			0.162,			0.059
610,	1,	44.0,	163.577,			2.973,			0.254,			0.054
611,	2,	205.0,	163.767,			14.676,			1.07,			0.135
612,	1,	498.0,	164.17,			2.893,			0.239,			0.056
613,	1,	95.0,	164.683,			1.605,			0.132,			0.059
614,	1,	49.0,	164.877,			2.351,			0.143,			0.051
615,	1,	6.0,	164.919,			2.068,			0.251,			0.057
616,	1,	7.0,	165.015,			1.162,			0.267,			0.056
617,	1,	7.0,	165.027,			1.048,			0.125,			0.055
618,	1,	379.0,	165.047,			1.935,			0.249,			0.058
619,	2,	110.0,	165.412,			14.219,			1.12,			0.157
620,	1,	169.0,	165.604,			2.226,			0.176,			0.056
621,	1,	379.0,	165.676,			1.75,			0.252,			0.051
622,	1,	7.0,	165.677,			1.03,			0.288,			0.052
623,	2,	227.0,	165.816,			10.476,			1.31,			0.131
624,	1,	103.0,	165.822,			1.64,			0.277,			0.057
625,	2,	121.0,	166.146,			10.397,			1.139,			0.173
626,	1,	90.0,	166.205,			2.316,			0.162,			0.055
627,	1,	28.0,	166.492,			2.398,			0.133,			0.059
628,	1,	44.0,	166.546,			1.031,			0.211,			0.057
629,	1,	157.0,	166.666,			2.465,			0.109,			0.059
630,	2,	228.0,	167.253,			13.449,			1.236,			0.178
631,	1,	146.0,	167.777,			2.632,			0.209,			0.053
632,	1,	6.0,	167.81,			2.618,			0.203,			0.055
633,	1,	379.0,	167.919,			1.826,			0.298,			0.055
634,	1,	7.0,	167.939,			1.035,			0.192,			0.051
635,	1,	214.0,	167.95,			2.643,			0.216,			0.054
636,	1,	214.0,	168.234,			1.104,			0.24,			0.055
637,	1,	7.0,	168.241,			2.158,			0.152,			0.052
638,	1,	379.0,	168.395,			1.683,			0.146,			0.051
639,	1,	7.0,	168.747,			2.465,			0.182,			0.054
640,	2,	205.0,	169.163,			13.439,			1.197,			0.144
641,	1,	447.0,	169.235,			1.942,			0.245,			0.051
642,	1,	214.0,	169.3,			2.872,			0.209,			0.057
643,	1,	126.0,	169.308,			1.843,			0.198,			0.053
644,	1,	44.0,	170.033,			1.537,			0.283,			0.06
645,	1,	7.0,	170.09,			2.084,			0.187,			0.054
646,	1,	6.0,	170.603,			2.96,			0.147,			0.052
647,	1,	157.0,	170.793,			2.932,			0.26,			0.059
648,	1,	126.0,	171.158,			2.503,			0.133,			0.059
649,	1,	28.0,	171.547,			1.701,			0.13,			0.059
650,	1,	7.0,	171.957,			2.596,			0.231,			0.057
651,	1,	7.0,	172.284,			1.22,			0.233,			0.055
652,	1,	387.0,	172.468,			1.756,			0.113,			0.054
653,	1,	44.0,	172.809,			1.914,			0.249,			0.052
654,	1,	512.0,	172.978,			2.492,			0.101,			0.056
655,	1,	169.0,	173.013,			2.407,			0.281,			0.055
656,	1,	379.0,	173.228,			1.425,			0.145,			0.058
657,	1,	28.0,	173.259,			2.282,			0.153,			0.06
658,	2,	206.0,	173.513,			14.658,			1.103,			0.187
659,	2,	155.0,	173.723,			11.772,			1.349,			0.178
660,	1,	157.0,	173.803,			1.679,			0.173,			0.057
661,	1,	512.0,	173.826,			2.438,			0.266,			0.051
662,	1,	157.0,	173.947,			1.784,			0.253,			0.053
663,	1,	90.0,	174.021,			2.709,			0.275,			0.055
664,	1,	30.0,	174.044,			1.59,			0.249,			0.05
665,	1,	90.0,	174.155,			1.011,			0.228,			0.05
666,	1,	214.0,	174.156,			2.756,			0.176,			0.051
667,	1,	7.0,	174.183,			1.431,			0.276,			0.055
668,	2,	110.0,	174.27,			13.635,			1.103,			0.131
669,	1,	6.0,	174.273,			2.232,			0.134,			0.051
670,	1,	59.0,	175.374,			2.448,			0.266,			0.06
671,	1,	28.0,	175.404,			2.832,			0.289,			0.053
672,	1,	6.0,	175.628,			2.701,			0.151,			0.057
673,	1,	16.0,	175.744,			1.737,			0.178,			0.059
674,	1,	49.0,	175.826,			2.947,			0.182,			0.054
675,	1,	49.0,	175.844,			2.8,			0.214,			0.051
676,	1,	28.0,	176.001,			1.64,			0.248,			0.053
677,	1,	44.0,	176.485,			2.303,			0.248,			0.059
678,	1,	7.0,	176.581,			1.431,			0.256,			0.056
679,	1,	59.0,	177.039,			1.119,			0.27,			0.05
680,	1,	44.0,	177.415,			1.114,			0.195,			0.06
681,	1,	7.0,	177.43,			1.624,			0.158,			0.052
682,	1,	120.0,	178.0,			1.672,			0.217,			0.051
683,	2,	114.0,	178.26,			11.864,			1.353,			0.144
684,	1,	7.0,	178.296,			1.994,			0.243,			0.059
685,	2,	141.0,	178.448,			12.999,			1.106,			0.106
686,	2,	115.0,	178.635,			13.795,			1.226,			0.152
687,	1,	59.0,	178.709,			2.025,			0.195,			0.056
688,	1,	90.0,	178.738,			2.237,			0.187,			0.055
689,	1,	6.0,	178.745,			1.908,			0.16,			0.059
690,	1,	95.0,	178.747,			1.766,			0.152,			0.05
691,	1,	387.0,	178.75,			1.578,			0.263,			0.054
692,	1,	498.0,	178.877,			2.903,			0.298,			0.054
693,	1,	214.0,	178.935,			2.157,			0.131,			0.058
694,	1,	103.0,	179.089,			1.578,			0.192,			0.055
695,	1,	559.0,	179.267,			1.45,			0.295,			0.058
696,	1,	103.0,	179.292,			1.337,			0.152,			0.052
697,	1,	126.0,	179.42,			1.423,			0.139,			0.054
698,	1,	103.0,	179.874,			2.92,			0.159,			0.052
699,	1,	214.0,	180.062,			1.249,			0.292,			0.058
700,	1,	157.0,	180.418,			1.192,			0.194,			0.051
701,	1,	146.0,	180.46,			2.896,			0.131,			0.054
702,	1,	447.0,	180.538,			1.869,			0.263,			0.057
703,	1,	559.0,	180.638,			2.725,			0.28,			0.052
704,	1,	49.0,	180.818,			1.633,			0.21,			0.055
705,	1,	7.0,	181.073,			1.471,			0.165,			0.052
706,	1,	7.0,	181.146,			2.11,			0.226,			0.055
707,	1,	7.0,	181.346,			2.984,			0.175,			0.06
708,	1,	7.0,	181.418,			2.956,			0.221,			0.055
709,	1,	30.0,	181.613,			1.639,			0.238,			0.059
710,	1,	126.0,	181.762,			1.523,			0.263,			0.051
711,	1,	10.0,	182.122,			1.862,			0.109,			0.052
712,	1,	103.0,	182.254,			2.096,			0.165,			0.056
713,	1,	498.0,	182.329,			1.928,			0.27,			0.056
714,	1,	7.0,	182.457,			1.178,			0.242,			0.057
715,	1,	146.0,	182.504,			1.091,			0.131,			0.051
716,	1,	126.0,	182.554,			2.761,			0.177,			0.054
717,	1,	7.0,	182.765,			1.192,			0.297,			0.052
718,	1,	126.0,	182.883,			2.838,			0.217,			0.051
719,	1,	13.0,	182.927,			1.322,			0.135,			0.059
720,	1,	387.0,	182.929,			1.116,			0.104,			0.053
721,	1,	28.0,	183.004,			2.027,			0.257,			0.059
722,	1,	7.0,	183.048,			1.241,			0.285,			0.054
723,	1,	30.0,	183.072,			1.263,			0.112,			0.054
724,	1,	169.0,	183.467,			1.08,			0.297,			0.059
725,	1,	214.0,	183.744,			2.222,			0.212,			0.057
726,	1,	44.0,	183.91,			1.241,			0.177,			0.056
727,	1,	90.0,	184.051,			2.76,			0.233,			0.055
728,	1,	6.0,	184.071,			2.076,			0.276,			0.057
729,	2,	97.0,	184.162,			13.958,			1.187,			0.166
730,	1,	498.0,	184.228,			2.857,			0.267,			0.054
731,	1,	6.0,	184.317,			1.048,			0.184,			0.055
732,	1,	379.0,	184.749,			2.789,			0.108,			0.052
733,	1,	28.0,	184.763,			2.479,			0.207,			0.058
734,	1,	44.0,	184.828,			2.288,			0.133,			0.052
735,	1,	44.0,	185.242,			2.492,			0.162,			0.053
736,	1,	7.0,	185.278,			2.11,			0.249,			0.053
737,	1,	214.0,	185.354,			1.561,			0.222,			0.054
738,	1,	7.0,	185.476,			1.869,			0.139,			0.056
739,	1,	7.0,	185.938,			2.317,			0.294,			0.054
740,	1,	169.0,	186.099,			1.316,			0.133,			0.058
741,	1,	169.0,	186.18,			1.671,			0.122,			0.055
742,	1,	498.0,	186.209,			1.111,			0.151,			0.059
743,	1,	6.0,	186.274,			1.61,			0.179,			0.055
744,	2,	197.0,	186.42,			14.871,			1.426,			0.133
745,	1,	90.0,	186.749,			1.962,			0.171,			0.055
746,	1,	146.0,	187.017,			1.499,			0.168,			0.059
747,	1,	498.0,	187.055,			2.2,			0.239,			0.055
748,	1,	6.0,	187.134,			2.753,			0.208,			0.051
749,	1,	44.0,	187.876,			1.701,			0.173,			0.057
750,	1,	120.0,	187.876,			1.561,			0.294,			0.057
751,	1,	59.0,	188.525,			2.813,			0.216,			0.051
752,	1,	157.0,	188.58,			2.176,			0.281,			0.06
753,	1,	6.0,	188.667,			2.074,			0.102,			0.056
754,	1,	44.0,	188.705,			1.467,			0.221,			0.054
755,	1,	498.0,	189.139,			1.119,			0.206,			0.05
756,	1,	44.0,	189.164,			1.927,			0.225,			0.054
757,	2,	93.0,	189.488,			13.071,			1.262,			0.156
758,	1,	6.0,	189.762,			1.031,			0.247,			0.054
759,	2,	149.0,	189.93,			11.717,			1.453,			0.118
760,	1,	7.0,	190.374,			2.895,			0.207,			0.06
761,	1,	6.0,	190.652,			2.288,			0.125,			0.055
762,	1,	49.0,	190.656,			2.378,			0.183,			0.052
763,	1,	13.0,	191.104,			2.827,			0.159,			0.057
764,	1,	59.0,	191.525,			1.128,			0.284,			0.054
765,	1,	30.0,	191.638,			1.226,			0.189,			0.055
766,	1,	157.0,	191.892,			1.589,			0.23,			0.054
767,	1,	7.0,	192.253,			1.293,			0.231,			0.059
768,	1,	103.0,	192.692,			2.983,			0.134,			0.056
769,	2,	248.0,	193.018,			12.287,			1.481,			0.185
770,	1,	10.0,	193.538,			2.895,			0.122,			0.056
771,	1,	13.0,	193.599,			1.969,			0.231,			0.055
772,	1,	16.0,	193.929,			2.14,			0.133,			0.053
773,	1,	103.0,	193.967,			1.61,			0.22,			0.06
774,	1,	559.0,	194.016,			1.168,			0.209,			0.053
775,	1,	6.0,	194.034,			1.188,			0.243,			0.054
776,	1,	7.0,	194.121,			1.162,			0.253,			0.059
777,	2,	184.0,	194.359,			13.185,			1.053,			0.167
778,	1,	169.0,	194.402,			1.431,			0.288,			0.057
779,	1,	13.0,	194.538,			1.784,			0.206,			0.057
780,	1,	44.0,	194.632,			1.303,			0.223,			0.054
781,	1,	512.0,	194.729,			2.293,			0.139,			0.056
782,	1,	10.0,	194.778,			2.305,			0.221,			0.053
783,	1,	90.0,	194.802,			2.861,			0.135,			0.06
784,	1,	7.0,	195.091,			1.886,			0.211,			0.058
785,	1,	103.0,	195.233,			2.41,			0.298,			0.055
786,	1,	59.0,	195.295,			2.955,			0.214,			0.053
787,	2,	174.0,	195.351,			10.476,			1.422,			0.196
788,	1,	126.0,	195.642,			2.235,			0.166,			0.05
789,	1,	90.0,	195.789,			1.107,			0.14,			0.054
790,	1,	7.0,	195.967,			1.225,			0.177,			0.059
791,	1,	44.0,	196.015,			2.449,			0.218,			0.051
792,	1,	16.0,	196.149,			1.103,			0.139,			0.055
793,	1,	59.0,	196.159,			2.935,			0.107,			0.051
794,	2,	205.0,	196.515,			14.432,			1.248,			0.138
795,	1,	120.0,	197.164,			1.531,			0.251,			0.058
796,	1,	10.0,	197.266,			2.425,			0.297,			0.052
797,	1,	28.0,	197.632,			2.26,			0.161,			0.053
798,	1,	59.0,	197.694,			1.84,			0.125,			0.055
799,	2,	261.0,	197.851,			13.795,			1.126,			0.171
800,	1,	120.0,	197.873,			2.56,			0.199,			0.058
801,	1,	49.0,	198.115,			2.622,			0.251,			0.059
802,	1,	49.0,	198.145,			1.86,			0.231,			0.06
803,	1,	7.0,	198.459,			1.609,			0.114,			0.056
804,	2,	141.0,	198.55,			10.374,			1.468,			0.139
805,	1,	44.0,	198.99,			1.639,			0.235,			0.058
806,	1,	126.0,	199.305,			1.732,			0.222,			0.052
807,	1,	6.0,	199.612,			2.349,			0.109,			0.057
808,	1,	214.0,	199.626,			2.955,			0.242,			0.053
809,	1,	214.0,	200.052,			2.588,			0.138,			0.056
810,	2,	172.0,	200.277,			10.629,			1.284,			0.105
811,	1,	559.0,	200.285,			1.495,			0.255,			0.054
812,	1,	7.0,	200.36,			1.869,			0.227,			0.06
813,	1,	10.0,	200.374,			2.711,			0.183,			0.06
814,	2,	110.0,	200.543,			13.557,			1.029,			0.158
815,	1,	512.0,	200.646,			1.009,			0.292,			0.054
816,	2,	274.0,	200.648,			11.587,			1.419,			0.127
817,	2,	98.0,	201.527,			14.157,			1.322,			0.199
818,	1,	512.0,	202.077,			1.448,			0.156,			0.052
819,	1,	44.0,	202.201,			1.566,			0.283,			0.055
820,	1,	120.0,	202.541,			1.968,			0.124,			0.051
821,	1,	6.0,	202.713,			1.417,			0.189,			0.055
822,	1,	90.0,	202.775,			1.052,			0.182,			0.053
823,	2,	280.0,	202.849,			13.941,			1.421,			0.16
824,	1,	379.0,	203.119,			2.065,			0.231,			0.059
825,	1,	214.0,	203.458,			2.457,			0.136,			0.058
826,	2,	243.0,	203.485,			12.02,			1.018,			0.107
827,	1,	30.0,	203.945,			2.524,			0.26,			0.057
828,	1,	447.0,	204.085,			1.581,			0.151,			0.059
829,	1,	169.0,	204.375,			1.262,			0.249,			0.056
830,	1,	103.0,	204.509,			2.278,			0.193,			0.051
831,	1,	7.0,	204.577,			2.318,			0.125,			0.051
832,	1,	559.0,	205.284,			2.18,			0.142,			0.05
833,	1,	16.0,	205.364,			2.914,			0.161,			0.056
834,	1,	379.0,	205.364,			1.822,			0.124,			0.056
835,	1,	387.0,	205.573,			1.719,			0.125,			0.055
836,	1,	103.0,	205.705,			1.204,			0.169,			0.052
837,	1,	10.0,	205.75,			1.655,			0.193,			0.053
838,	1,	90.0,	206.053,			1.963,			0.272,			0.058
839,	1,	498.0,	206.201,			1.494,			0.106,			0.059
840,	1,	95.0,	206.603,			1.291,			0.106,			0.057
841,	1,	387.0,	206.965,			1.232,			0.151,			0.052
842,	1,	49.0,	207.068,			1.756,			0.195,			0.052
843,	2,	160.0,	207.747,			12.79,			1.219,			0.123
844,	2,	201.0,	207.837,			13.154,			1.07,			0.125
845,	1,	49.0,	207.954,			1.472,			0.146,			0.058
846,	1,	44.0,	208.135,			1.816,			0.13,			0.06
847,	1,	6.0,	208.373,			2.427,			0.203,			0.051
848,	1,	6.0,	208.444,			2.225,			0.297,			0.056
849,	1,	498.0,	208.534,			1.659,			0.277,			0.06
850,	1,	10.0,	208.631,			1.963,			0.157,			0.06
851,	1,	44.0,	208.816,			1.116,			0.238,			0.052
852,	1,	44.0,	208.881,			1.524,			0.215,			0.055
853,	2,	123.0,	209.19,			10.598,			1.323,			0.155
854,	1,	90.0,	209.214,			1.327,			0.209,			0.055
855,	1,	44.0,	209.332,			1.115,			0.118,			0.052
856,	1,	447.0,	209.425,			2.954,			0.173,			0.052
857,	1,	95.0,	209.427,			1.409,			0.106,			0.057
858,	2,	128.0,	209.737,			13.303,			1.437,			0.105
859,	1,	7.0,	209.881,			1.531,			0.214,			0.057
860,	1,	28.0,	210.004,			2.01,			0.222,			0.05
861,	1,	10.0,	210.007,			2.675,			0.171,			0.054
862,	1,	90.0,	210.626,			2.947,			0.288,			0.054
863,	1,	157.0,	210.799,			2.862,			0.214,			0.06
864,	2,	76.0,	211.051,			11.248,			1.492,			0.155
865,	2,	140.0,	211.057,			11.3,			1.126,			0.103
866,	1,	44.0,	211.952,			2.276,			0.21,			0.05
867,	1,	7.0,	212.0,			1.609,			0.162,			0.057
868,	1,	103.0,	212.551,			2.973,			0.203,			0.059
869,	1,	7.0,	212.947,			1.245,			0.124,			0.06
870,	1,	498.0,	213.149,			1.728,			0.184,			0.056
871,	1,	214.0,	214.848,			1.557,			0.14,			0.051
872,	1,	559.0,	214.851,			1.523,			0.22,			0.06
873,	1,	214.0,	215.001,			2.143,			0.177,			0.054
874,	2,	182.0,	215.551,			11.772,			1.499,			0.15
875,	2,	120.0,	215.632,			11.302,			1.322,			0.125
876,	1,	90.0,	216.254,			2.252,			0.263,			0.06
877,	1,	214.0,	216.476,			2.631,			0.142,			0.056
878,	1,	447.0,	216.824,			1.422,			0.288,			0.058
879,	1,	146.0,	217.038,			1.481,			0.241,			0.055
880,	1,	157.0,	217.314,			2.09,			0.14,			0.055
881,	1,	7.0,	217.481,			2.11,			0.287,			0.054
882,	1,	7.0,	218.535,			1.996,			0.295,			0.056
883,	1,	214.0,	218.832,			2.789,			0.133,			0.056
884,	1,	49.0,	218.939,			2.866,			0.114,			0.055
885,	1,	13.0,	218.963,			2.794,			0.233,			0.053
886,	1,	120.0,	219.131,			1.172,			0.288,			0.051
887,	1,	49.0,	219.726,			2.194,			0.206,			0.051
888,	1,	28.0,	220.156,			1.869,			0.135,			0.056
889,	1,	120.0,	220.252,			1.111,			0.233,			0.056
890,	1,	387.0,	220.845,			1.669,			0.122,			0.058
891,	1,	16.0,	221.426,			2.151,			0.29,			0.052
892,	1,	146.0,	221.454,			1.097,			0.22,			0.06
893,	1,	59.0,	222.209,			1.358,			0.164,			0.055
894,	1,	13.0,	222.324,			1.488,			0.137,			0.057
895,	1,	49.0,	222.679,			1.155,			0.189,			0.056
896,	1,	30.0,	222.884,			1.314,			0.13,			0.06
897,	1,	44.0,	222.952,			2.449,			0.203,			0.05
898,	1,	146.0,	223.603,			1.924,			0.249,			0.05
899,	1,	512.0,	223.82,			2.393,			0.106,			0.06
900,	2,	35.0,	224.09,			12.934,			1.389,			0.103
901,	1,	44.0,	224.552,			1.435,			0.249,			0.056
902,	1,	30.0,	224.554,			2.226,			0.211,			0.055
903,	2,	117.0,	225.072,			12.594,			1.299,			0.13
904,	1,	90.0,	225.179,			2.144,			0.221,			0.06
905,	1,	7.0,	225.201,			2.068,			0.192,			0.051
906,	1,	6.0,	225.701,			1.592,			0.134,			0.053
907,	2,	126.0,	225.797,			11.302,			1.148,			0.158
908,	1,	7.0,	226.508,			1.84,			0.219,			0.053
909,	1,	59.0,	226.659,			2.914,			0.285,			0.06
910,	1,	44.0,	226.769,			2.158,			0.284,			0.051
911,	1,	559.0,	227.359,			1.229,			0.187,			0.057
912,	1,	10.0,	227.998,			1.111,			0.165,			0.053
913,	1,	28.0,	228.063,			1.719,			0.236,			0.058
914,	1,	157.0,	229.584,			1.482,			0.135,			0.058
915,	1,	16.0,	229.66,			1.637,			0.233,			0.051
916,	1,	447.0,	229.895,			2.43,			0.201,			0.059
917,	1,	30.0,	230.44,			1.215,			0.133,			0.052
918,	1,	146.0,	231.84,			2.018,			0.288,			0.057
919,	1,	16.0,	232.84,			1.006,			0.198,			0.056
920,	1,	447.0,	233.085,			2.943,			0.101,			0.053
921,	1,	30.0,	233.818,			2.866,			0.195,			0.055
922,	1,	59.0,	234.311,			1.031,			0.186,			0.051
923,	1,	95.0,	234.858,			2.085,			0.277,			0.054
924,	2,	133.0,	235.932,			12.976,			1.128,			0.184
925,	1,	6.0,	236.016,			2.554,			0.164,			0.059
926,	1,	30.0,	237.239,			1.631,			0.26,			0.052
927,	2,	174.0,	238.272,			12.434,			1.5,			0.148
928,	1,	379.0,	238.349,			2.675,			0.212,			0.058
929,	1,	6.0,	240.281,			2.388,			0.299,			0.055
930,	1,	447.0,	241.31,			1.757,			0.222,			0.055
931,	1,	512.0,	241.45,			1.107,			0.156,			0.051
932,	1,	90.0,	241.716,			2.653,			0.221,			0.052
933,	1,	7.0,	242.405,			2.567,			0.135,			0.052
934,	2,	184.0,	242.83,			11.583,			1.12,			0.19
935,	2,	119.0,	243.387,			10.4,			1.082,			0.138
936,	1,	59.0,	244.694,			1.822,			0.28,			0.058
937,	1,	6.0,	244.974,			2.027,			0.107,			0.055
938,	1,	379.0,	245.555,			2.378,			0.216,			0.051
939,	1,	7.0,	245.66,			2.31,			0.16,			0.056
940,	1,	90.0,	245.877,			1.432,			0.13,			0.059
941,	1,	103.0,	246.619,			1.423,			0.177,			0.059
942,	2,	165.0,	247.612,			10.01,			1.208,			0.133
943,	2,	242.0,	247.667,			10.076,			1.44,			0.145
944,	2,	160.0,	247.688,			14.204,			1.051,			0.134
945,	2,	129.0,	247.722,			13.303,			1.357,			0.19
946,	1,	49.0,	249.556,			2.889,			0.255,			0.05
947,	2,	182.0,	250.729,			12.999,			1.302,			0.132
948,	1,	28.0,	251.077,			2.438,			0.26,			0.053
949,	2,	158.0,	251.89,			11.598,			1.029,			0.155
950,	2,	122.0,	251.971,			12.351,			1.384,			0.125
951,	2,	148.0,	252.016,			12.112,			1.029,			0.122
952,	1,	16.0,	252.408,			1.358,			0.216,			0.058
953,	1,	120.0,	252.659,			2.013,			0.293,			0.051
954,	2,	274.0,	253.315,			12.024,			1.166,			0.145
955,	2,	97.0,	253.689,			11.885,			1.261,			0.136
956,	1,	379.0,	254.388,			2.037,			0.217,			0.058
957,	1,	103.0,	254.8,			2.157,			0.283,			0.05
958,	1,	559.0,	254.912,			1.119,			0.193,			0.056
959,	2,	177.0,	255.329,			13.33,			1.227,			0.166
960,	2,	76.0,	255.351,			14.002,			1.197,			0.191
961,	1,	169.0,	256.359,			1.578,			0.128,			0.051
962,	1,	95.0,	256.809,			1.337,			0.153,			0.051
963,	2,	131.0,	258.126,			10.742,			1.407,			0.109
964,	2,	154.0,	258.94,			13.871,			1.248,			0.198
965,	2,	152.0,	258.945,			13.059,			1.382,			0.136
966,	1,	90.0,	260.913,			1.282,			0.209,			0.053
967,	1,	120.0,	262.378,			2.318,			0.158,			0.055
968,	1,	59.0,	264.094,			2.819,			0.235,			0.057
969,	2,	120.0,	264.659,			11.617,			1.015,			0.137
970,	1,	30.0,	266.338,			1.269,			0.11,			0.056
971,	1,	90.0,	266.802,			2.013,			0.268,			0.06
972,	2,	174.0,	266.981,			10.594,			1.465,			0.152
973,	2,	152.0,	267.551,			12.191,			1.264,			0.125
974,	1,	7.0,	269.98,			2.765,			0.128,			0.054
975,	2,	77.0,	269.999,			13.101,			1.454,			0.156
976,	2,	238.0,	270.014,			13.635,			1.099,			0.177
977,	2,	75.0,	270.145,			12.331,			1.455,			0.131
978,	2,	143.0,	273.11,			12.764,			1.492,			0.134
979,	1,	7.0,	273.422,			2.865,			0.19,			0.057
980,	2,	56.0,	276.803,			13.225,			1.181,			0.162
981,	2,	116.0,	277.514,			14.283,			1.047,			0.153
982,	2,	189.0,	278.309,			14.002,			1.086,			0.198
983,	2,	180.0,	279.323,			11.598,			1.335,			0.191
984,	2,	175.0,	280.614,			11.834,			1.001,			0.154
985,	2,	358.0,	280.744,			11.385,			1.058,			0.113
986,	1,	30.0,	281.55,			2.014,			0.235,			0.058
987,	1,	379.0,	281.741,			1.692,			0.267,			0.054
988,	2,	83.0,	282.683,			10.4,			1.107,			0.132
989,	2,	162.0,	282.989,			12.15,			1.222,			0.158
990,	2,	51.0,	284.052,			11.238,			1.296,			0.156
991,	2,	170.0,	284.355,			13.088,			1.215,			0.121
992,	1,	7.0,	286.272,			2.288,			0.288,			0.058
993,	2,	120.0,	287.276,			13.106,			1.401,			0.195
994,	2,	143.0,	287.594,			14.162,			1.031,			0.142
995,	2,	204.0,	288.249,			11.247,			1.479,			0.171
996,	2,	240.0,	293.518,			12.643,			1.126,			0.139
997,	2,	166.0,	293.786,			13.667,			1.379,			0.169
998,	2,	126.0,	293.869,			11.494,			1.21,			0.176
999,	2,	187.0,	295.412,			10.565,			1.431,			0.111
1000,	1,	169.0,	300.0,			2.286,			0.207,			0.059
