#, task_type_id, size, arrival_time,	execution_time_cpu,	execution_time_gpu,	execution_time_CLOUD
1,	1,	16.0,	0.0,			2.634,			0.182,			0.055
2,	1,	103.0,	0.0,			1.437,			0.11,			0.054
3,	1,	30.0,	2.641,			1.172,			0.124,			0.054
4,	1,	103.0,	5.653,			1.416,			0.242,			0.056
5,	2,	197.0,	5.909,			11.573,			1.356,			0.133
6,	2,	124.0,	7.721,			13.595,			1.453,			0.141
7,	2,	160.0,	8.046,			10.978,			1.345,			0.17
8,	2,	177.0,	9.332,			11.761,			1.335,			0.191
9,	2,	112.0,	13.604,			13.166,			1.199,			0.182
10,	2,	321.0,	17.087,			14.789,			1.294,			0.112
11,	1,	559.0,	17.119,			2.379,			0.198,			0.059
12,	2,	153.0,	17.282,			11.405,			1.009,			0.156
13,	1,	379.0,	17.592,			2.659,			0.176,			0.052
14,	2,	92.0,	17.97,			12.767,			1.325,			0.185
15,	1,	90.0,	19.146,			1.091,			0.245,			0.051
16,	2,	193.0,	20.835,			13.664,			1.48,			0.176
17,	2,	109.0,	23.111,			12.581,			1.02,			0.1
18,	2,	273.0,	23.642,			10.784,			1.489,			0.191
19,	2,	121.0,	23.696,			12.676,			1.104,			0.168
20,	2,	161.0,	24.521,			11.591,			1.499,			0.125
21,	1,	90.0,	26.066,			2.454,			0.272,			0.052
22,	2,	147.0,	28.063,			11.39,			1.416,			0.146
23,	1,	28.0,	28.666,			1.187,			0.113,			0.059
24,	1,	7.0,	29.366,			1.982,			0.252,			0.058
25,	2,	164.0,	31.256,			12.934,			1.017,			0.124
26,	2,	210.0,	33.535,			13.92,			1.407,			0.147
27,	2,	192.0,	34.09,			13.154,			1.302,			0.15
28,	2,	233.0,	36.371,			14.646,			1.119,			0.149
29,	2,	84.0,	37.012,			11.92,			1.246,			0.199
30,	2,	210.0,	38.051,			13.456,			1.32,			0.119
31,	1,	44.0,	39.546,			2.14,			0.198,			0.057
32,	2,	130.0,	39.883,			13.316,			1.323,			0.185
33,	2,	224.0,	40.176,			13.348,			1.065,			0.176
34,	2,	112.0,	42.296,			13.45,			1.495,			0.142
35,	1,	387.0,	43.286,			2.31,			0.108,			0.059
36,	2,	73.0,	44.924,			14.658,			1.413,			0.117
37,	2,	189.0,	48.48,			12.385,			1.163,			0.191
38,	1,	126.0,	49.111,			1.07,			0.174,			0.055
39,	2,	165.0,	49.206,			14.859,			1.172,			0.17
40,	2,	116.0,	49.366,			11.153,			1.488,			0.19
41,	2,	185.0,	49.925,			10.669,			1.479,			0.12
42,	1,	120.0,	50.246,			2.318,			0.253,			0.059
43,	2,	198.0,	51.866,			10.404,			1.011,			0.168
44,	1,	7.0,	52.64,			2.983,			0.116,			0.053
45,	1,	90.0,	52.714,			2.524,			0.217,			0.052
46,	1,	169.0,	52.722,			1.692,			0.141,			0.057
47,	2,	164.0,	52.854,			12.019,			1.411,			0.129
48,	1,	44.0,	52.94,			1.011,			0.216,			0.055
49,	2,	65.0,	55.208,			10.952,			1.488,			0.185
50,	1,	6.0,	56.271,			1.748,			0.214,			0.052
51,	1,	447.0,	56.897,			2.827,			0.195,			0.055
52,	1,	559.0,	57.366,			2.858,			0.141,			0.051
53,	2,	204.0,	58.183,			12.15,			1.264,			0.164
54,	2,	219.0,	59.205,			13.337,			1.353,			0.199
55,	2,	266.0,	59.749,			11.591,			1.287,			0.119
56,	1,	13.0,	60.111,			1.496,			0.149,			0.058
57,	1,	7.0,	60.416,			1.266,			0.124,			0.059
58,	1,	44.0,	60.52,			1.786,			0.106,			0.06
59,	1,	90.0,	61.312,			2.364,			0.275,			0.053
60,	2,	136.0,	61.903,			13.193,			1.393,			0.155
61,	1,	44.0,	61.994,			2.759,			0.216,			0.053
62,	2,	202.0,	62.528,			14.136,			1.192,			0.165
63,	1,	103.0,	62.847,			1.422,			0.14,			0.053
64,	1,	30.0,	63.086,			2.889,			0.187,			0.052
65,	1,	7.0,	63.192,			1.968,			0.207,			0.052
66,	1,	6.0,	63.546,			2.031,			0.176,			0.053
67,	2,	282.0,	63.96,			13.499,			1.445,			0.102
68,	1,	7.0,	64.086,			2.618,			0.149,			0.054
69,	1,	126.0,	64.281,			1.86,			0.188,			0.057
70,	1,	10.0,	64.669,			2.18,			0.165,			0.06
71,	1,	120.0,	65.163,			1.398,			0.124,			0.051
72,	1,	126.0,	66.356,			1.838,			0.194,			0.05
73,	1,	28.0,	67.213,			2.834,			0.195,			0.053
74,	2,	88.0,	67.643,			13.092,			1.486,			0.167
75,	1,	7.0,	67.915,			1.828,			0.277,			0.055
76,	1,	447.0,	68.582,			2.349,			0.272,			0.05
77,	2,	198.0,	69.779,			13.224,			1.241,			0.15
78,	2,	142.0,	70.237,			12.069,			1.335,			0.125
79,	1,	30.0,	71.725,			1.211,			0.285,			0.055
80,	1,	30.0,	72.034,			2.748,			0.107,			0.05
81,	1,	120.0,	72.537,			1.241,			0.177,			0.056
82,	1,	169.0,	72.544,			2.073,			0.265,			0.057
83,	2,	128.0,	72.869,			12.145,			1.029,			0.139
84,	1,	7.0,	73.076,			2.606,			0.15,			0.054
85,	1,	559.0,	73.324,			1.624,			0.188,			0.054
86,	1,	512.0,	75.272,			1.104,			0.122,			0.056
87,	1,	13.0,	75.292,			1.581,			0.147,			0.055
88,	1,	49.0,	75.692,			1.809,			0.293,			0.056
89,	1,	59.0,	75.707,			1.996,			0.221,			0.057
90,	1,	512.0,	76.0,			1.119,			0.244,			0.053
91,	1,	10.0,	76.01,			1.551,			0.101,			0.06
92,	1,	95.0,	76.872,			2.014,			0.133,			0.059
93,	1,	512.0,	77.25,			2.601,			0.137,			0.057
94,	1,	559.0,	77.898,			1.495,			0.133,			0.053
95,	1,	512.0,	77.911,			1.883,			0.264,			0.052
96,	1,	120.0,	77.934,			2.379,			0.253,			0.058
97,	1,	95.0,	77.989,			1.178,			0.133,			0.056
98,	1,	559.0,	78.05,			1.631,			0.272,			0.053
99,	1,	214.0,	78.42,			2.454,			0.116,			0.053
100,	1,	49.0,	78.985,			2.408,			0.248,			0.059
101,	1,	447.0,	79.001,			2.486,			0.233,			0.051
102,	2,	118.0,	79.057,			10.035,			1.353,			0.126
103,	1,	6.0,	79.075,			1.956,			0.272,			0.057
104,	1,	6.0,	79.311,			1.402,			0.106,			0.05
105,	1,	44.0,	79.729,			2.712,			0.247,			0.057
106,	1,	214.0,	80.098,			2.601,			0.131,			0.05
107,	1,	559.0,	81.086,			2.223,			0.27,			0.057
108,	1,	157.0,	81.408,			2.705,			0.147,			0.056
109,	1,	49.0,	81.658,			2.037,			0.248,			0.055
110,	1,	379.0,	81.695,			1.174,			0.142,			0.056
111,	2,	226.0,	82.383,			10.882,			1.012,			0.142
112,	2,	186.0,	82.386,			14.011,			1.165,			0.114
113,	1,	95.0,	82.483,			1.499,			0.29,			0.057
114,	1,	387.0,	82.851,			1.742,			0.184,			0.059
115,	1,	447.0,	83.253,			1.372,			0.222,			0.06
116,	2,	138.0,	83.8,			13.154,			1.421,			0.112
117,	1,	157.0,	83.892,			1.467,			0.256,			0.05
118,	2,	210.0,	84.007,			11.772,			1.175,			0.175
119,	1,	169.0,	84.021,			1.539,			0.224,			0.058
120,	1,	387.0,	86.06,			2.104,			0.135,			0.052
121,	1,	559.0,	86.127,			2.198,			0.136,			0.055
122,	1,	13.0,	86.427,			2.342,			0.209,			0.058
123,	1,	103.0,	86.507,			2.776,			0.235,			0.054
124,	1,	214.0,	86.724,			1.263,			0.217,			0.051
125,	1,	387.0,	86.831,			2.296,			0.158,			0.05
126,	1,	214.0,	86.978,			2.99,			0.198,			0.055
127,	2,	68.0,	87.107,			10.316,			1.136,			0.198
128,	2,	112.0,	87.324,			13.784,			1.482,			0.186
129,	1,	59.0,	87.607,			1.075,			0.109,			0.051
130,	1,	6.0,	87.808,			2.862,			0.222,			0.056
131,	1,	6.0,	88.066,			1.245,			0.288,			0.057
132,	2,	105.0,	88.517,			13.718,			1.124,			0.18
133,	1,	44.0,	88.936,			1.496,			0.275,			0.059
134,	1,	379.0,	89.205,			1.16,			0.288,			0.055
135,	1,	120.0,	90.58,			2.241,			0.233,			0.057
136,	1,	7.0,	90.613,			1.609,			0.12,			0.056
137,	2,	141.0,	90.996,			12.767,			1.426,			0.111
138,	1,	59.0,	91.489,			1.366,			0.135,			0.058
139,	1,	44.0,	91.691,			1.464,			0.299,			0.051
140,	1,	90.0,	92.011,			1.304,			0.163,			0.058
141,	1,	7.0,	92.024,			2.018,			0.251,			0.056
142,	1,	49.0,	92.08,			2.711,			0.289,			0.053
143,	1,	126.0,	92.189,			2.652,			0.142,			0.055
144,	1,	120.0,	92.314,			2.346,			0.15,			0.053
145,	1,	30.0,	92.382,			2.623,			0.252,			0.058
146,	2,	199.0,	92.633,			10.476,			1.211,			0.178
147,	2,	168.0,	92.991,			12.594,			1.437,			0.129
148,	1,	559.0,	93.358,			1.657,			0.277,			0.053
149,	1,	90.0,	93.731,			1.848,			0.23,			0.055
150,	2,	127.0,	93.957,			12.014,			1.499,			0.104
151,	2,	151.0,	93.978,			14.729,			1.322,			0.188
152,	1,	95.0,	94.08,			1.557,			0.222,			0.051
153,	1,	126.0,	94.107,			2.379,			0.288,			0.059
154,	1,	13.0,	94.395,			2.798,			0.284,			0.057
155,	1,	59.0,	94.464,			2.802,			0.193,			0.057
156,	1,	447.0,	95.503,			2.846,			0.238,			0.05
157,	2,	73.0,	95.846,			14.96,			1.426,			0.198
158,	1,	447.0,	95.934,			1.774,			0.207,			0.057
159,	1,	559.0,	96.204,			1.719,			0.16,			0.056
160,	2,	201.0,	96.336,			11.573,			1.457,			0.139
161,	2,	118.0,	96.585,			13.088,			1.473,			0.14
162,	1,	512.0,	96.618,			1.625,			0.238,			0.057
163,	1,	559.0,	96.791,			2.697,			0.114,			0.056
164,	1,	6.0,	96.937,			1.009,			0.222,			0.052
165,	2,	168.0,	97.154,			11.604,			1.303,			0.133
166,	1,	7.0,	97.513,			1.164,			0.193,			0.058
167,	1,	214.0,	97.577,			2.225,			0.205,			0.051
168,	1,	146.0,	97.635,			1.643,			0.163,			0.06
169,	1,	59.0,	97.872,			1.753,			0.236,			0.052
170,	1,	120.0,	98.26,			2.283,			0.122,			0.056
171,	1,	13.0,	98.336,			2.326,			0.103,			0.055
172,	1,	387.0,	98.458,			1.981,			0.169,			0.053
173,	1,	16.0,	98.684,			1.683,			0.116,			0.059
174,	1,	379.0,	98.717,			2.684,			0.284,			0.05
175,	2,	289.0,	98.888,			13.161,			1.24,			0.125
176,	1,	44.0,	99.088,			2.786,			0.152,			0.058
177,	1,	7.0,	99.112,			1.314,			0.205,			0.054
178,	1,	7.0,	99.556,			1.325,			0.136,			0.06
179,	1,	169.0,	99.583,			1.262,			0.173,			0.055
180,	1,	16.0,	99.659,			2.068,			0.26,			0.059
181,	1,	49.0,	99.81,			2.91,			0.116,			0.059
182,	1,	559.0,	99.864,			1.188,			0.268,			0.056
183,	1,	10.0,	99.9,			2.31,			0.157,			0.054
184,	1,	447.0,	99.973,			2.885,			0.243,			0.056
185,	1,	379.0,	99.982,			1.353,			0.158,			0.053
186,	1,	95.0,	101.124,			2.602,			0.107,			0.051
187,	1,	214.0,	101.218,			1.844,			0.144,			0.057
188,	1,	6.0,	101.46,			1.305,			0.129,			0.052
189,	1,	7.0,	101.566,			2.858,			0.238,			0.058
190,	1,	6.0,	101.918,			1.612,			0.206,			0.05
191,	1,	498.0,	101.923,			2.366,			0.241,			0.051
192,	2,	110.0,	101.992,			10.39,			1.07,			0.105
193,	1,	214.0,	102.011,			1.048,			0.22,			0.057
194,	1,	146.0,	102.151,			1.086,			0.121,			0.06
195,	1,	7.0,	102.383,			2.705,			0.214,			0.056
196,	2,	128.0,	102.407,			14.729,			1.426,			0.148
197,	1,	512.0,	103.245,			1.386,			0.189,			0.053
198,	1,	49.0,	103.784,			1.768,			0.173,			0.051
199,	1,	95.0,	103.795,			2.776,			0.125,			0.058
200,	1,	44.0,	103.851,			1.924,			0.288,			0.051
201,	1,	7.0,	103.865,			2.454,			0.281,			0.054
202,	1,	59.0,	103.865,			2.034,			0.295,			0.057
203,	1,	120.0,	104.541,			2.408,			0.255,			0.056
204,	1,	120.0,	104.668,			2.631,			0.275,			0.06
205,	1,	28.0,	104.754,			1.432,			0.247,			0.051
206,	1,	13.0,	104.841,			2.301,			0.254,			0.053
207,	1,	95.0,	105.444,			1.366,			0.28,			0.055
208,	2,	138.0,	105.455,			13.148,			1.091,			0.199
209,	1,	6.0,	106.103,			2.675,			0.166,			0.058
210,	1,	7.0,	106.404,			2.085,			0.17,			0.053
211,	1,	498.0,	106.961,			2.991,			0.133,			0.056
212,	1,	44.0,	107.627,			1.166,			0.106,			0.055
213,	1,	30.0,	107.989,			2.293,			0.138,			0.056
214,	1,	126.0,	108.269,			2.131,			0.182,			0.056
215,	1,	214.0,	108.309,			2.386,			0.13,			0.051
216,	1,	169.0,	108.537,			1.043,			0.162,			0.056
217,	1,	44.0,	108.623,			1.977,			0.243,			0.052
218,	1,	157.0,	108.65,			1.694,			0.124,			0.051
219,	1,	13.0,	108.697,			1.467,			0.215,			0.054
220,	1,	387.0,	108.706,			1.211,			0.252,			0.052
221,	1,	13.0,	108.898,			1.962,			0.296,			0.05
222,	1,	10.0,	109.223,			1.009,			0.172,			0.054
223,	1,	169.0,	109.257,			1.868,			0.268,			0.058
224,	1,	30.0,	109.412,			1.883,			0.139,			0.057
225,	1,	90.0,	109.482,			1.078,			0.13,			0.06
226,	2,	35.0,	109.68,			12.286,			1.135,			0.179
227,	1,	379.0,	109.803,			2.398,			0.289,			0.053
228,	1,	146.0,	109.963,			1.424,			0.234,			0.052
229,	1,	7.0,	110.013,			2.861,			0.292,			0.055
230,	1,	559.0,	110.016,			1.587,			0.114,			0.053
231,	1,	512.0,	110.872,			2.194,			0.146,			0.06
232,	1,	28.0,	110.874,			2.316,			0.211,			0.055
233,	1,	44.0,	110.926,			2.235,			0.108,			0.055
234,	1,	559.0,	111.364,			1.908,			0.208,			0.054
235,	1,	6.0,	111.402,			1.095,			0.282,			0.06
236,	1,	559.0,	111.595,			1.485,			0.126,			0.05
237,	1,	13.0,	111.84,			1.22,			0.165,			0.055
238,	1,	7.0,	111.851,			1.108,			0.162,			0.059
239,	1,	169.0,	111.881,			1.191,			0.165,			0.051
240,	1,	6.0,	111.94,			2.711,			0.273,			0.06
241,	1,	103.0,	112.529,			2.864,			0.134,			0.057
242,	1,	7.0,	112.548,			1.914,			0.109,			0.057
243,	1,	103.0,	112.671,			1.445,			0.247,			0.051
244,	1,	7.0,	112.711,			2.638,			0.248,			0.051
245,	1,	6.0,	113.142,			2.697,			0.139,			0.055
246,	1,	126.0,	113.188,			2.56,			0.216,			0.056
247,	1,	30.0,	113.55,			2.956,			0.124,			0.052
248,	1,	49.0,	113.584,			2.193,			0.239,			0.055
249,	2,	146.0,	113.585,			12.183,			1.053,			0.162
250,	1,	103.0,	114.216,			2.31,			0.282,			0.051
251,	1,	559.0,	114.242,			1.64,			0.161,			0.051
252,	1,	379.0,	114.378,			1.626,			0.161,			0.058
253,	1,	6.0,	114.395,			1.478,			0.191,			0.055
254,	1,	28.0,	114.44,			1.145,			0.242,			0.05
255,	1,	157.0,	114.792,			2.284,			0.262,			0.056
256,	1,	13.0,	115.267,			1.592,			0.148,			0.051
257,	1,	387.0,	115.444,			2.991,			0.147,			0.053
258,	1,	512.0,	115.517,			2.896,			0.249,			0.057
259,	2,	193.0,	115.97,			11.869,			1.119,			0.191
260,	1,	498.0,	116.019,			2.014,			0.283,			0.053
261,	1,	447.0,	116.503,			2.612,			0.256,			0.055
262,	1,	126.0,	116.674,			1.61,			0.123,			0.051
263,	1,	28.0,	116.687,			1.052,			0.198,			0.059
264,	1,	59.0,	116.834,			1.096,			0.134,			0.059
265,	1,	49.0,	117.128,			1.104,			0.222,			0.051
266,	1,	90.0,	117.217,			2.943,			0.172,			0.052
267,	1,	59.0,	117.524,			1.729,			0.233,			0.055
268,	1,	512.0,	117.599,			1.613,			0.101,			0.052
269,	1,	157.0,	117.678,			2.554,			0.299,			0.058
270,	1,	30.0,	117.935,			1.096,			0.16,			0.054
271,	1,	7.0,	118.109,			1.364,			0.231,			0.058
272,	1,	28.0,	118.284,			1.391,			0.144,			0.059
273,	1,	146.0,	118.373,			1.322,			0.191,			0.054
274,	1,	103.0,	118.791,			2.143,			0.249,			0.053
275,	1,	559.0,	118.843,			1.162,			0.219,			0.053
276,	1,	7.0,	118.846,			2.947,			0.15,			0.051
277,	1,	6.0,	118.877,			1.111,			0.15,			0.053
278,	1,	498.0,	119.282,			2.879,			0.228,			0.057
279,	1,	387.0,	119.407,			1.625,			0.288,			0.054
280,	1,	559.0,	119.417,			2.795,			0.198,			0.056
281,	2,	63.0,	119.519,			10.099,			1.244,			0.142
282,	1,	30.0,	119.581,			2.298,			0.125,			0.056
283,	1,	95.0,	119.716,			1.822,			0.124,			0.056
284,	2,	186.0,	119.73,			12.967,			1.108,			0.101
285,	2,	210.0,	119.964,			10.999,			1.483,			0.148
286,	1,	512.0,	120.269,			1.509,			0.156,			0.06
287,	1,	120.0,	120.557,			2.393,			0.272,			0.059
288,	1,	7.0,	120.706,			1.663,			0.104,			0.053
289,	1,	447.0,	120.747,			1.928,			0.166,			0.057
290,	1,	13.0,	120.907,			1.588,			0.184,			0.054
291,	1,	120.0,	120.91,			1.386,			0.241,			0.058
292,	2,	170.0,	120.917,			12.144,			1.346,			0.197
293,	1,	10.0,	121.015,			1.868,			0.288,			0.059
294,	1,	146.0,	121.038,			2.557,			0.249,			0.058
295,	1,	44.0,	121.156,			1.484,			0.254,			0.054
296,	1,	7.0,	122.041,			2.914,			0.29,			0.052
297,	1,	447.0,	122.049,			2.346,			0.108,			0.055
298,	1,	146.0,	122.136,			2.144,			0.222,			0.056
299,	1,	7.0,	122.257,			2.637,			0.256,			0.057
300,	2,	103.0,	122.388,			12.127,			1.027,			0.128
301,	1,	6.0,	122.425,			2.582,			0.216,			0.056
302,	1,	214.0,	122.541,			1.134,			0.203,			0.054
303,	1,	146.0,	122.884,			1.928,			0.106,			0.052
304,	2,	134.0,	123.258,			12.821,			1.335,			0.199
305,	1,	10.0,	123.386,			2.858,			0.242,			0.053
306,	1,	13.0,	123.396,			1.496,			0.259,			0.054
307,	1,	379.0,	123.495,			2.545,			0.263,			0.054
308,	1,	7.0,	123.502,			2.429,			0.179,			0.059
309,	1,	379.0,	123.633,			2.99,			0.217,			0.052
310,	1,	10.0,	123.848,			1.835,			0.113,			0.055
311,	1,	59.0,	123.998,			1.494,			0.17,			0.058
312,	1,	447.0,	124.094,			1.61,			0.165,			0.055
313,	1,	44.0,	124.134,			2.286,			0.169,			0.057
314,	1,	44.0,	124.164,			2.606,			0.209,			0.055
315,	1,	559.0,	124.196,			1.79,			0.165,			0.055
316,	1,	95.0,	124.292,			1.596,			0.112,			0.057
317,	1,	7.0,	124.326,			2.173,			0.116,			0.057
318,	1,	559.0,	124.356,			1.921,			0.198,			0.053
319,	1,	559.0,	124.633,			1.67,			0.12,			0.051
320,	1,	10.0,	124.973,			1.249,			0.229,			0.057
321,	1,	379.0,	125.099,			1.998,			0.151,			0.06
322,	2,	296.0,	125.337,			10.226,			1.193,			0.107
323,	1,	6.0,	125.351,			1.981,			0.28,			0.058
324,	1,	7.0,	125.652,			1.289,			0.293,			0.054
325,	1,	6.0,	125.762,			2.249,			0.182,			0.06
326,	1,	10.0,	125.773,			1.495,			0.21,			0.058
327,	1,	146.0,	125.944,			1.97,			0.201,			0.057
328,	1,	169.0,	126.182,			1.46,			0.152,			0.057
329,	1,	512.0,	126.234,			1.728,			0.206,			0.055
330,	1,	498.0,	126.345,			1.061,			0.207,			0.058
331,	1,	169.0,	126.795,			2.269,			0.263,			0.055
332,	2,	64.0,	126.852,			13.635,			1.109,			0.111
333,	1,	498.0,	126.871,			1.048,			0.137,			0.056
334,	1,	44.0,	126.958,			1.031,			0.138,			0.055
335,	1,	146.0,	126.995,			1.921,			0.237,			0.06
336,	1,	13.0,	127.257,			2.568,			0.299,			0.056
337,	1,	6.0,	127.265,			1.08,			0.253,			0.06
338,	1,	169.0,	127.533,			1.524,			0.239,			0.052
339,	1,	103.0,	127.789,			2.047,			0.238,			0.057
340,	1,	7.0,	127.942,			2.52,			0.233,			0.05
341,	2,	273.0,	127.984,			10.518,			1.411,			0.173
342,	1,	7.0,	128.217,			2.016,			0.129,			0.05
343,	2,	155.0,	128.326,			10.565,			1.284,			0.172
344,	1,	7.0,	128.511,			2.846,			0.284,			0.06
345,	1,	90.0,	128.666,			1.558,			0.268,			0.053
346,	1,	44.0,	129.051,			2.013,			0.221,			0.051
347,	1,	59.0,	129.129,			2.377,			0.215,			0.058
348,	1,	7.0,	129.303,			2.776,			0.211,			0.057
349,	1,	59.0,	129.356,			2.169,			0.162,			0.053
350,	2,	139.0,	129.401,			10.871,			1.368,			0.111
351,	1,	169.0,	129.414,			2.225,			0.154,			0.053
352,	1,	379.0,	129.533,			1.844,			0.214,			0.06
353,	1,	7.0,	129.664,			1.151,			0.116,			0.053
354,	2,	246.0,	129.721,			13.45,			1.438,			0.126
355,	1,	7.0,	130.054,			2.407,			0.279,			0.059
356,	1,	49.0,	130.074,			2.861,			0.285,			0.055
357,	1,	10.0,	130.507,			1.455,			0.161,			0.059
358,	1,	59.0,	130.6,			2.616,			0.289,			0.056
359,	1,	44.0,	130.984,			1.08,			0.206,			0.055
360,	1,	44.0,	131.152,			1.414,			0.257,			0.053
361,	1,	7.0,	131.686,			1.513,			0.146,			0.059
362,	1,	49.0,	131.772,			1.515,			0.159,			0.059
363,	1,	7.0,	132.315,			2.935,			0.256,			0.054
364,	1,	95.0,	132.326,			1.868,			0.124,			0.052
365,	1,	7.0,	132.405,			1.848,			0.101,			0.056
366,	1,	214.0,	132.537,			1.968,			0.228,			0.054
367,	2,	152.0,	132.713,			13.892,			1.117,			0.157
368,	1,	7.0,	132.72,			2.602,			0.23,			0.053
369,	1,	13.0,	132.897,			2.28,			0.244,			0.057
370,	1,	157.0,	132.957,			2.131,			0.214,			0.054
371,	1,	146.0,	133.156,			2.491,			0.107,			0.052
372,	1,	16.0,	133.329,			1.36,			0.253,			0.051
373,	1,	559.0,	133.452,			2.381,			0.222,			0.051
374,	1,	214.0,	133.869,			2.424,			0.236,			0.057
375,	1,	498.0,	134.115,			1.417,			0.15,			0.056
376,	1,	387.0,	134.266,			1.715,			0.215,			0.05
377,	2,	178.0,	134.282,			10.481,			1.441,			0.172
378,	1,	28.0,	134.566,			1.924,			0.124,			0.05
379,	1,	126.0,	134.581,			2.133,			0.215,			0.058
380,	1,	387.0,	134.783,			2.675,			0.279,			0.05
381,	1,	6.0,	134.818,			1.247,			0.249,			0.05
382,	1,	90.0,	134.95,			1.128,			0.244,			0.056
383,	1,	157.0,	134.984,			1.551,			0.155,			0.053
384,	1,	95.0,	135.094,			1.168,			0.174,			0.055
385,	1,	30.0,	135.191,			2.047,			0.214,			0.057
386,	1,	16.0,	135.482,			2.984,			0.124,			0.06
387,	1,	169.0,	135.652,			1.956,			0.125,			0.052
388,	1,	16.0,	135.836,			2.701,			0.29,			0.055
389,	1,	44.0,	135.942,			1.442,			0.157,			0.051
390,	1,	120.0,	135.952,			1.408,			0.139,			0.052
391,	1,	146.0,	135.989,			2.827,			0.159,			0.059
392,	1,	90.0,	136.112,			2.379,			0.268,			0.057
393,	1,	95.0,	136.131,			2.102,			0.138,			0.055
394,	1,	379.0,	136.225,			2.621,			0.165,			0.052
395,	1,	10.0,	136.231,			1.981,			0.186,			0.055
396,	1,	379.0,	136.419,			2.056,			0.284,			0.051
397,	1,	13.0,	136.857,			1.612,			0.12,			0.058
398,	1,	16.0,	137.192,			1.828,			0.251,			0.056
399,	1,	7.0,	137.412,			1.407,			0.277,			0.055
400,	1,	512.0,	137.497,			1.044,			0.247,			0.059
401,	1,	120.0,	137.559,			1.019,			0.173,			0.05
402,	2,	190.0,	138.033,			11.494,			1.455,			0.14
403,	1,	44.0,	138.169,			1.357,			0.147,			0.054
404,	1,	169.0,	138.179,			2.725,			0.264,			0.052
405,	1,	7.0,	138.376,			2.612,			0.192,			0.052
406,	1,	379.0,	138.409,			1.45,			0.208,			0.058
407,	1,	10.0,	138.637,			2.398,			0.162,			0.053
408,	1,	379.0,	138.89,			2.318,			0.295,			0.054
409,	1,	90.0,	138.901,			2.645,			0.145,			0.053
410,	1,	10.0,	138.919,			2.418,			0.245,			0.06
411,	1,	30.0,	139.104,			2.252,			0.147,			0.058
412,	1,	498.0,	139.135,			2.2,			0.228,			0.055
413,	1,	13.0,	139.216,			1.043,			0.211,			0.05
414,	1,	49.0,	139.232,			1.424,			0.17,			0.058
415,	1,	146.0,	139.307,			1.523,			0.299,			0.06
416,	1,	28.0,	139.317,			1.731,			0.26,			0.059
417,	1,	447.0,	139.388,			1.391,			0.124,			0.051
418,	1,	7.0,	139.437,			2.842,			0.254,			0.052
419,	2,	118.0,	139.493,			14.509,			1.491,			0.197
420,	1,	214.0,	139.505,			1.27,			0.135,			0.055
421,	1,	7.0,	139.651,			1.229,			0.177,			0.057
422,	1,	559.0,	139.875,			1.571,			0.206,			0.058
423,	1,	7.0,	139.906,			1.799,			0.287,			0.051
424,	1,	146.0,	139.942,			1.035,			0.205,			0.052
425,	1,	120.0,	140.088,			1.006,			0.146,			0.054
426,	1,	146.0,	140.244,			1.509,			0.121,			0.052
427,	1,	7.0,	140.257,			1.45,			0.229,			0.058
428,	1,	44.0,	140.503,			1.007,			0.177,			0.056
429,	1,	7.0,	140.511,			1.607,			0.144,			0.059
430,	1,	49.0,	140.612,			2.298,			0.115,			0.05
431,	1,	379.0,	140.8,			2.678,			0.205,			0.055
432,	1,	6.0,	140.869,			2.576,			0.159,			0.059
433,	2,	114.0,	140.872,			10.742,			1.051,			0.192
434,	1,	7.0,	140.909,			1.006,			0.237,			0.054
435,	1,	6.0,	141.143,			2.976,			0.27,			0.056
436,	1,	120.0,	141.165,			2.122,			0.292,			0.05
437,	2,	138.0,	141.419,			13.703,			1.111,			0.13
438,	1,	16.0,	141.447,			2.14,			0.243,			0.056
439,	1,	103.0,	142.011,			2.602,			0.186,			0.055
440,	1,	126.0,	143.177,			2.133,			0.296,			0.054
441,	1,	28.0,	143.28,			1.407,			0.287,			0.059
442,	1,	10.0,	143.379,			1.428,			0.217,			0.054
443,	1,	447.0,	143.554,			2.454,			0.286,			0.052
444,	1,	7.0,	143.626,			2.03,			0.103,			0.054
445,	1,	447.0,	143.932,			1.883,			0.272,			0.055
446,	1,	7.0,	144.0,			1.371,			0.239,			0.058
447,	1,	512.0,	144.089,			1.639,			0.293,			0.054
448,	1,	120.0,	144.149,			2.794,			0.224,			0.058
449,	1,	13.0,	144.668,			1.774,			0.162,			0.059
450,	1,	44.0,	144.674,			1.086,			0.236,			0.057
451,	1,	7.0,	144.832,			2.651,			0.162,			0.056
452,	2,	205.0,	144.882,			11.135,			1.046,			0.198
453,	1,	28.0,	145.123,			2.888,			0.287,			0.052
454,	1,	6.0,	145.233,			1.114,			0.128,			0.059
455,	1,	120.0,	145.378,			1.277,			0.2,			0.056
456,	1,	214.0,	145.391,			2.321,			0.284,			0.06
457,	1,	387.0,	145.441,			1.226,			0.222,			0.058
458,	1,	7.0,	145.482,			1.188,			0.176,			0.051
459,	1,	126.0,	145.532,			1.291,			0.225,			0.058
460,	1,	30.0,	145.612,			1.914,			0.208,			0.056
461,	1,	7.0,	145.671,			1.12,			0.209,			0.055
462,	1,	7.0,	145.784,			1.671,			0.14,			0.057
463,	1,	498.0,	145.878,			2.727,			0.288,			0.055
464,	1,	16.0,	146.431,			2.154,			0.28,			0.055
465,	1,	7.0,	146.612,			2.813,			0.247,			0.054
466,	1,	214.0,	146.901,			1.663,			0.22,			0.053
467,	1,	16.0,	147.006,			1.402,			0.145,			0.056
468,	1,	126.0,	147.166,			1.651,			0.286,			0.059
469,	1,	44.0,	147.17,			1.283,			0.233,			0.054
470,	1,	7.0,	147.333,			2.711,			0.169,			0.06
471,	2,	119.0,	147.55,			11.753,			1.261,			0.141
472,	2,	205.0,	147.766,			13.76,			1.051,			0.103
473,	1,	103.0,	147.931,			2.429,			0.235,			0.057
474,	1,	126.0,	148.297,			2.969,			0.149,			0.051
475,	2,	66.0,	148.34,			14.277,			1.494,			0.133
476,	1,	7.0,	148.426,			1.844,			0.23,			0.057
477,	1,	169.0,	148.633,			2.09,			0.222,			0.053
478,	1,	120.0,	148.721,			1.588,			0.251,			0.052
479,	1,	44.0,	148.749,			1.146,			0.161,			0.057
480,	1,	126.0,	148.883,			2.084,			0.288,			0.052
481,	2,	82.0,	149.119,			12.155,			1.444,			0.11
482,	2,	145.0,	149.203,			11.63,			1.394,			0.197
483,	2,	128.0,	149.258,			10.979,			1.124,			0.122
484,	1,	59.0,	149.351,			1.551,			0.13,			0.05
485,	1,	59.0,	149.386,			1.97,			0.187,			0.055
486,	1,	169.0,	149.581,			1.006,			0.124,			0.06
487,	1,	28.0,	149.621,			1.86,			0.201,			0.058
488,	1,	7.0,	149.781,			2.576,			0.195,			0.052
489,	2,	256.0,	149.784,			13.06,			1.421,			0.156
490,	1,	13.0,	149.803,			1.998,			0.118,			0.053
491,	1,	16.0,	149.863,			1.912,			0.195,			0.06
492,	1,	447.0,	149.926,			2.034,			0.244,			0.058
493,	1,	44.0,	150.329,			1.279,			0.257,			0.057
494,	1,	10.0,	150.715,			1.639,			0.103,			0.052
495,	1,	379.0,	150.759,			1.708,			0.235,			0.056
496,	1,	512.0,	150.781,			2.454,			0.159,			0.051
497,	1,	30.0,	151.271,			2.681,			0.21,			0.051
498,	1,	146.0,	151.549,			2.457,			0.133,			0.055
499,	1,	44.0,	151.595,			1.517,			0.108,			0.054
500,	1,	169.0,	151.954,			2.714,			0.12,			0.053
501,	1,	126.0,	152.028,			2.249,			0.241,			0.057
502,	1,	13.0,	152.098,			1.158,			0.137,			0.054
503,	1,	146.0,	152.1,			1.014,			0.124,			0.052
504,	1,	30.0,	152.16,			2.842,			0.266,			0.057
505,	1,	10.0,	152.321,			1.631,			0.283,			0.052
506,	1,	7.0,	152.548,			1.692,			0.24,			0.055
507,	1,	44.0,	152.586,			1.42,			0.259,			0.052
508,	1,	10.0,	152.923,			2.131,			0.14,			0.059
509,	1,	90.0,	152.944,			2.03,			0.179,			0.054
510,	1,	559.0,	153.013,			1.631,			0.228,			0.059
511,	1,	7.0,	153.064,			1.62,			0.124,			0.051
512,	1,	6.0,	153.174,			1.868,			0.217,			0.06
513,	1,	30.0,	153.41,			1.542,			0.116,			0.06
514,	1,	90.0,	154.145,			2.637,			0.245,			0.052
515,	1,	120.0,	154.222,			1.174,			0.106,			0.05
516,	1,	16.0,	154.225,			2.321,			0.267,			0.054
517,	1,	44.0,	154.431,			2.388,			0.216,			0.055
518,	1,	126.0,	154.514,			2.346,			0.248,			0.058
519,	1,	95.0,	154.625,			2.625,			0.229,			0.057
520,	1,	120.0,	154.641,			2.914,			0.144,			0.06
521,	1,	44.0,	154.745,			1.805,			0.26,			0.059
522,	1,	103.0,	154.789,			2.842,			0.13,			0.052
523,	2,	167.0,	155.22,			14.771,			1.147,			0.145
524,	1,	512.0,	155.346,			1.433,			0.233,			0.055
525,	2,	185.0,	155.357,			11.339,			1.115,			0.176
526,	1,	7.0,	155.464,			1.749,			0.228,			0.058
527,	1,	447.0,	155.541,			1.505,			0.288,			0.056
528,	1,	7.0,	155.804,			1.962,			0.295,			0.053
529,	1,	59.0,	155.812,			2.813,			0.19,			0.058
530,	1,	559.0,	155.902,			1.168,			0.122,			0.058
531,	1,	214.0,	156.072,			1.626,			0.121,			0.055
532,	1,	7.0,	156.106,			2.222,			0.223,			0.051
533,	1,	7.0,	156.145,			2.673,			0.113,			0.06
534,	1,	6.0,	156.201,			1.596,			0.271,			0.058
535,	1,	7.0,	156.222,			1.431,			0.199,			0.056
536,	1,	7.0,	156.296,			2.322,			0.191,			0.058
537,	2,	182.0,	156.311,			10.957,			1.275,			0.147
538,	1,	169.0,	156.427,			2.244,			0.182,			0.06
539,	1,	512.0,	156.451,			2.901,			0.117,			0.059
540,	1,	13.0,	156.872,			1.662,			0.252,			0.058
541,	1,	7.0,	156.975,			1.998,			0.134,			0.053
542,	1,	379.0,	157.151,			2.599,			0.139,			0.057
543,	1,	387.0,	157.172,			1.651,			0.174,			0.058
544,	1,	90.0,	157.201,			1.679,			0.29,			0.055
545,	2,	160.0,	157.243,			10.36,			1.206,			0.112
546,	1,	7.0,	157.324,			1.908,			0.209,			0.054
547,	1,	6.0,	157.374,			1.669,			0.242,			0.057
548,	1,	498.0,	157.502,			1.277,			0.257,			0.052
549,	1,	126.0,	157.813,			1.158,			0.142,			0.058
550,	1,	146.0,	157.821,			2.407,			0.172,			0.051
551,	1,	447.0,	157.897,			1.05,			0.195,			0.05
552,	2,	162.0,	158.171,			13.801,			1.268,			0.152
553,	2,	199.0,	158.222,			14.721,			1.304,			0.113
554,	1,	30.0,	158.324,			1.62,			0.244,			0.053
555,	2,	200.0,	158.359,			13.034,			1.289,			0.165
556,	1,	559.0,	158.379,			2.794,			0.139,			0.055
557,	1,	559.0,	158.483,			2.179,			0.106,			0.051
558,	1,	126.0,	158.659,			2.22,			0.249,			0.059
559,	1,	16.0,	158.66,			2.407,			0.137,			0.054
560,	1,	379.0,	158.859,			1.406,			0.15,			0.05
561,	1,	7.0,	158.935,			2.813,			0.175,			0.052
562,	1,	49.0,	159.172,			1.597,			0.21,			0.055
563,	2,	53.0,	159.339,			13.785,			1.072,			0.181
564,	2,	114.0,	159.488,			13.629,			1.211,			0.185
565,	1,	7.0,	159.577,			1.733,			0.107,			0.052
566,	1,	7.0,	159.793,			2.56,			0.113,			0.06
567,	1,	120.0,	159.975,			1.911,			0.238,			0.058
568,	1,	498.0,	159.975,			2.555,			0.14,			0.056
569,	1,	7.0,	160.16,			2.279,			0.282,			0.059
570,	1,	6.0,	160.186,			1.383,			0.228,			0.054
571,	1,	30.0,	160.228,			2.143,			0.274,			0.052
572,	1,	146.0,	160.318,			2.866,			0.134,			0.056
573,	1,	95.0,	160.721,			2.28,			0.291,			0.051
574,	1,	6.0,	160.753,			1.091,			0.128,			0.052
575,	1,	387.0,	160.945,			2.415,			0.27,			0.059
576,	1,	49.0,	161.337,			2.169,			0.223,			0.058
577,	1,	512.0,	161.441,			2.324,			0.21,			0.051
578,	1,	7.0,	161.584,			1.933,			0.124,			0.053
579,	1,	387.0,	161.623,			2.798,			0.256,			0.053
580,	1,	146.0,	161.667,			2.237,			0.116,			0.052
581,	1,	512.0,	161.717,			2.765,			0.238,			0.06
582,	1,	157.0,	161.737,			1.653,			0.272,			0.05
583,	1,	44.0,	161.74,			1.215,			0.221,			0.06
584,	1,	90.0,	161.902,			1.554,			0.222,			0.055
585,	1,	126.0,	162.102,			1.417,			0.282,			0.059
586,	1,	559.0,	162.108,			1.511,			0.21,			0.052
587,	2,	188.0,	162.171,			11.036,			1.208,			0.186
588,	1,	157.0,	162.388,			2.956,			0.253,			0.051
589,	1,	16.0,	162.445,			1.483,			0.162,			0.051
590,	1,	44.0,	162.966,			1.009,			0.121,			0.055
591,	1,	10.0,	163.331,			1.523,			0.161,			0.055
592,	1,	44.0,	163.461,			1.128,			0.189,			0.057
593,	1,	103.0,	163.49,			2.256,			0.185,			0.052
594,	1,	95.0,	163.616,			2.779,			0.211,			0.053
595,	1,	379.0,	163.703,			2.524,			0.229,			0.055
596,	1,	512.0,	164.093,			2.388,			0.167,			0.055
597,	1,	120.0,	164.126,			1.913,			0.279,			0.055
598,	1,	512.0,	164.209,			1.357,			0.133,			0.057
599,	1,	44.0,	164.287,			2.173,			0.215,			0.052
600,	1,	169.0,	164.547,			2.991,			0.162,			0.051
601,	1,	59.0,	164.637,			2.686,			0.211,			0.05
602,	1,	6.0,	164.639,			1.595,			0.18,			0.059
603,	1,	59.0,	164.764,			1.833,			0.258,			0.055
604,	1,	103.0,	164.988,			1.981,			0.284,			0.053
605,	1,	447.0,	165.123,			1.092,			0.174,			0.06
606,	1,	512.0,	165.173,			1.005,			0.248,			0.059
607,	2,	143.0,	165.493,			14.002,			1.253,			0.183
608,	1,	28.0,	165.611,			2.407,			0.21,			0.057
609,	1,	103.0,	165.864,			1.027,			0.214,			0.055
610,	1,	16.0,	166.025,			2.765,			0.207,			0.057
611,	1,	126.0,	166.04,			1.481,			0.111,			0.054
612,	2,	24.0,	166.056,			11.886,			1.479,			0.136
613,	1,	90.0,	166.27,			1.826,			0.19,			0.056
614,	1,	44.0,	166.293,			2.888,			0.174,			0.058
615,	1,	30.0,	166.424,			2.631,			0.253,			0.053
616,	1,	13.0,	166.833,			1.406,			0.154,			0.051
617,	1,	7.0,	167.113,			2.91,			0.176,			0.052
618,	1,	10.0,	167.168,			2.599,			0.174,			0.055
619,	1,	6.0,	167.607,			2.167,			0.135,			0.05
620,	1,	59.0,	167.627,			1.283,			0.279,			0.06
621,	1,	214.0,	167.885,			1.841,			0.215,			0.054
622,	1,	559.0,	167.939,			2.509,			0.162,			0.059
623,	1,	28.0,	168.16,			2.497,			0.222,			0.053
624,	2,	198.0,	168.231,			10.782,			1.333,			0.138
625,	1,	498.0,	168.593,			1.408,			0.202,			0.057
626,	1,	146.0,	168.623,			1.731,			0.162,			0.052
627,	1,	7.0,	168.635,			1.883,			0.206,			0.054
628,	1,	103.0,	168.772,			2.407,			0.193,			0.059
629,	1,	7.0,	169.045,			2.155,			0.269,			0.058
630,	1,	120.0,	169.423,			1.025,			0.142,			0.052
631,	1,	6.0,	169.52,			1.096,			0.151,			0.055
632,	1,	30.0,	169.628,			2.542,			0.22,			0.054
633,	1,	13.0,	169.846,			2.26,			0.261,			0.05
634,	1,	214.0,	169.946,			2.377,			0.254,			0.05
635,	1,	169.0,	170.21,			1.626,			0.253,			0.055
636,	1,	13.0,	170.502,			2.612,			0.219,			0.05
637,	1,	120.0,	170.797,			1.551,			0.244,			0.055
638,	1,	59.0,	170.964,			2.548,			0.153,			0.059
639,	1,	146.0,	171.6,			1.155,			0.195,			0.052
640,	1,	95.0,	171.857,			2.412,			0.241,			0.05
641,	1,	7.0,	171.955,			1.642,			0.139,			0.057
642,	1,	169.0,	172.035,			1.717,			0.111,			0.058
643,	2,	138.0,	172.279,			12.132,			1.074,			0.123
644,	2,	143.0,	172.3,			10.319,			1.183,			0.168
645,	1,	512.0,	172.314,			1.97,			0.108,			0.056
646,	1,	169.0,	172.538,			1.25,			0.222,			0.058
647,	1,	169.0,	172.719,			2.317,			0.138,			0.055
648,	1,	10.0,	172.794,			2.757,			0.299,			0.056
649,	1,	13.0,	172.844,			1.561,			0.271,			0.058
650,	1,	6.0,	172.85,			1.225,			0.165,			0.056
651,	2,	153.0,	172.891,			13.169,			1.092,			0.16
652,	1,	44.0,	173.066,			1.631,			0.141,			0.059
653,	1,	10.0,	173.126,			2.459,			0.101,			0.052
654,	1,	10.0,	173.129,			2.345,			0.147,			0.05
655,	2,	106.0,	173.505,			10.651,			1.437,			0.195
656,	1,	90.0,	173.53,			2.684,			0.114,			0.051
657,	1,	7.0,	173.828,			1.473,			0.156,			0.057
658,	1,	6.0,	173.994,			2.861,			0.272,			0.053
659,	1,	59.0,	174.111,			2.11,			0.25,			0.056
660,	1,	90.0,	174.115,			2.675,			0.129,			0.06
661,	1,	59.0,	174.309,			2.625,			0.151,			0.052
662,	1,	10.0,	174.378,			2.973,			0.159,			0.056
663,	1,	7.0,	174.417,			2.712,			0.179,			0.052
664,	1,	28.0,	174.744,			1.168,			0.27,			0.054
665,	1,	49.0,	175.09,			2.025,			0.166,			0.052
666,	1,	103.0,	175.096,			1.582,			0.128,			0.058
667,	1,	387.0,	175.098,			1.833,			0.157,			0.056
668,	1,	13.0,	175.474,			1.581,			0.299,			0.059
669,	1,	7.0,	175.574,			1.968,			0.189,			0.052
670,	1,	447.0,	175.701,			1.717,			0.141,			0.057
671,	1,	387.0,	175.739,			1.969,			0.244,			0.059
672,	1,	120.0,	176.312,			1.406,			0.147,			0.052
673,	2,	268.0,	176.369,			13.828,			1.191,			0.148
674,	2,	169.0,	176.597,			12.434,			1.176,			0.127
675,	2,	134.0,	176.705,			11.393,			1.028,			0.164
676,	2,	157.0,	176.731,			11.92,			1.205,			0.105
677,	1,	7.0,	176.808,			1.103,			0.216,			0.052
678,	1,	6.0,	176.839,			1.482,			0.101,			0.051
679,	1,	214.0,	176.863,			1.431,			0.162,			0.059
680,	1,	44.0,	176.87,			2.461,			0.255,			0.057
681,	1,	379.0,	176.891,			1.364,			0.152,			0.057
682,	1,	214.0,	177.42,			2.772,			0.129,			0.051
683,	2,	265.0,	177.495,			11.027,			1.231,			0.125
684,	1,	7.0,	177.622,			1.869,			0.282,			0.053
685,	1,	6.0,	177.821,			2.761,			0.109,			0.055
686,	1,	44.0,	177.938,			1.541,			0.222,			0.05
687,	1,	387.0,	178.122,			2.675,			0.222,			0.051
688,	1,	512.0,	178.289,			2.22,			0.289,			0.06
689,	1,	7.0,	178.394,			1.211,			0.256,			0.059
690,	1,	28.0,	178.444,			1.005,			0.284,			0.051
691,	1,	169.0,	178.807,			1.296,			0.195,			0.054
692,	1,	498.0,	178.939,			2.554,			0.176,			0.057
693,	1,	7.0,	178.958,			2.197,			0.249,			0.055
694,	1,	90.0,	179.064,			2.407,			0.172,			0.057
695,	1,	126.0,	179.11,			1.353,			0.241,			0.051
696,	1,	90.0,	179.199,			2.448,			0.221,			0.05
697,	1,	157.0,	179.257,			2.187,			0.158,			0.059
698,	2,	120.0,	179.435,			11.744,			1.427,			0.139
699,	1,	30.0,	179.962,			2.282,			0.297,			0.056
700,	1,	498.0,	180.07,			2.701,			0.295,			0.056
701,	1,	512.0,	180.072,			1.752,			0.164,			0.058
702,	1,	16.0,	180.525,			1.039,			0.18,			0.053
703,	1,	559.0,	180.631,			1.706,			0.151,			0.052
704,	2,	154.0,	180.778,			14.891,			1.338,			0.195
705,	1,	103.0,	181.112,			2.293,			0.228,			0.06
706,	1,	10.0,	181.297,			1.403,			0.275,			0.055
707,	2,	155.0,	181.383,			12.26,			1.27,			0.138
708,	1,	157.0,	181.415,			1.26,			0.28,			0.054
709,	1,	120.0,	181.499,			1.927,			0.252,			0.055
710,	1,	59.0,	181.58,			2.705,			0.139,			0.055
711,	2,	124.0,	181.597,			10.413,			1.481,			0.117
712,	1,	169.0,	181.732,			2.819,			0.162,			0.056
713,	1,	387.0,	182.032,			2.055,			0.158,			0.051
714,	1,	95.0,	182.066,			1.285,			0.206,			0.055
715,	1,	7.0,	182.14,			1.056,			0.152,			0.055
716,	1,	44.0,	182.677,			2.226,			0.211,			0.057
717,	1,	30.0,	182.809,			1.35,			0.2,			0.052
718,	1,	44.0,	183.171,			2.43,			0.103,			0.06
719,	1,	103.0,	183.385,			2.369,			0.159,			0.052
720,	1,	44.0,	183.425,			2.76,			0.152,			0.054
721,	1,	146.0,	183.886,			2.92,			0.239,			0.056
722,	1,	6.0,	184.025,			1.688,			0.242,			0.054
723,	1,	387.0,	184.169,			2.556,			0.217,			0.055
724,	1,	16.0,	184.483,			1.006,			0.164,			0.058
725,	2,	133.0,	184.721,			10.978,			1.202,			0.122
726,	2,	169.0,	184.751,			14.067,			1.148,			0.105
727,	1,	7.0,	184.82,			2.232,			0.284,			0.059
728,	1,	6.0,	184.882,			2.393,			0.239,			0.06
729,	2,	166.0,	185.01,			11.152,			1.363,			0.147
730,	1,	157.0,	185.225,			1.162,			0.206,			0.056
731,	1,	13.0,	185.261,			2.412,			0.177,			0.051
732,	1,	28.0,	185.309,			2.544,			0.13,			0.052
733,	1,	28.0,	185.406,			2.314,			0.284,			0.056
734,	1,	49.0,	185.629,			1.155,			0.175,			0.058
735,	1,	28.0,	185.757,			2.642,			0.172,			0.051
736,	1,	95.0,	185.761,			1.566,			0.125,			0.051
737,	2,	154.0,	186.355,			12.386,			1.177,			0.152
738,	2,	90.0,	186.672,			14.425,			1.479,			0.121
739,	1,	16.0,	186.811,			1.148,			0.167,			0.057
740,	1,	379.0,	186.935,			2.524,			0.269,			0.055
741,	1,	103.0,	187.305,			1.736,			0.136,			0.057
742,	1,	6.0,	187.527,			1.607,			0.124,			0.059
743,	1,	6.0,	187.546,			2.074,			0.287,			0.056
744,	1,	169.0,	187.676,			1.008,			0.109,			0.055
745,	1,	95.0,	188.139,			1.262,			0.177,			0.059
746,	1,	103.0,	188.485,			1.822,			0.186,			0.057
747,	2,	95.0,	188.698,			12.105,			1.345,			0.13
748,	1,	157.0,	189.245,			2.351,			0.254,			0.053
749,	1,	44.0,	189.677,			1.417,			0.165,			0.058
750,	2,	36.0,	189.918,			10.103,			1.259,			0.146
751,	2,	117.0,	190.026,			13.476,			1.273,			0.111
752,	1,	30.0,	190.352,			2.625,			0.162,			0.056
753,	1,	146.0,	190.51,			1.86,			0.158,			0.06
754,	1,	512.0,	190.569,			2.559,			0.297,			0.052
755,	2,	162.0,	190.607,			13.889,			1.076,			0.138
756,	2,	62.0,	190.903,			14.216,			1.025,			0.145
757,	2,	223.0,	191.162,			14.368,			1.001,			0.177
758,	1,	512.0,	191.317,			1.557,			0.29,			0.055
759,	1,	103.0,	191.488,			1.302,			0.231,			0.06
760,	2,	274.0,	191.522,			11.289,			1.456,			0.185
761,	1,	49.0,	191.587,			1.669,			0.279,			0.059
762,	1,	387.0,	191.703,			1.728,			0.217,			0.052
763,	1,	90.0,	191.771,			1.558,			0.169,			0.055
764,	1,	30.0,	192.018,			2.415,			0.241,			0.058
765,	1,	379.0,	192.436,			1.671,			0.275,			0.054
766,	1,	103.0,	192.515,			2.88,			0.192,			0.053
767,	1,	44.0,	192.901,			2.634,			0.132,			0.055
768,	2,	109.0,	193.494,			14.582,			1.012,			0.195
769,	1,	44.0,	193.585,			2.542,			0.189,			0.054
770,	1,	28.0,	193.604,			2.424,			0.182,			0.052
771,	1,	120.0,	193.663,			1.543,			0.215,			0.058
772,	1,	157.0,	193.716,			1.876,			0.141,			0.053
773,	1,	7.0,	194.596,			2.947,			0.149,			0.06
774,	1,	7.0,	194.746,			2.293,			0.288,			0.052
775,	1,	30.0,	194.866,			1.496,			0.228,			0.056
776,	1,	387.0,	195.388,			1.733,			0.136,			0.051
777,	1,	126.0,	195.59,			2.273,			0.186,			0.057
778,	1,	7.0,	195.658,			2.393,			0.107,			0.052
779,	1,	16.0,	195.681,			1.609,			0.289,			0.051
780,	1,	95.0,	195.988,			1.774,			0.189,			0.057
781,	1,	559.0,	196.131,			2.874,			0.214,			0.053
782,	1,	103.0,	196.356,			1.709,			0.107,			0.057
783,	1,	214.0,	196.37,			2.78,			0.297,			0.057
784,	1,	10.0,	196.653,			2.926,			0.29,			0.053
785,	2,	139.0,	196.658,			12.206,			1.491,			0.105
786,	2,	132.0,	197.227,			12.615,			1.188,			0.122
787,	1,	7.0,	197.401,			1.643,			0.116,			0.058
788,	2,	164.0,	198.383,			14.917,			1.227,			0.182
789,	1,	512.0,	198.404,			1.111,			0.231,			0.053
790,	1,	169.0,	199.2,			1.972,			0.28,			0.056
791,	1,	157.0,	199.635,			2.286,			0.222,			0.058
792,	1,	7.0,	199.698,			1.383,			0.24,			0.058
793,	1,	126.0,	199.925,			2.222,			0.175,			0.059
794,	1,	387.0,	200.239,			1.484,			0.167,			0.051
795,	1,	214.0,	200.794,			1.007,			0.221,			0.059
796,	1,	13.0,	200.854,			2.838,			0.133,			0.052
797,	2,	185.0,	200.897,			10.548,			1.488,			0.143
798,	1,	10.0,	201.051,			1.432,			0.225,			0.06
799,	1,	447.0,	201.076,			1.679,			0.233,			0.057
800,	1,	126.0,	201.118,			2.9,			0.231,			0.055
801,	1,	7.0,	201.139,			1.501,			0.211,			0.06
802,	2,	251.0,	201.763,			12.155,			1.389,			0.162
803,	2,	192.0,	201.882,			12.75,			1.392,			0.175
804,	1,	379.0,	202.171,			2.497,			0.231,			0.058
805,	1,	59.0,	202.524,			2.567,			0.112,			0.057
806,	1,	126.0,	202.765,			1.61,			0.206,			0.051
807,	1,	95.0,	202.893,			2.999,			0.125,			0.051
808,	1,	126.0,	203.254,			1.876,			0.256,			0.055
809,	1,	157.0,	203.702,			2.151,			0.138,			0.057
810,	2,	257.0,	204.16,			12.242,			1.195,			0.182
811,	1,	146.0,	204.295,			1.086,			0.233,			0.054
812,	1,	379.0,	204.382,			1.597,			0.253,			0.052
813,	1,	120.0,	204.623,			2.31,			0.197,			0.056
814,	1,	559.0,	204.839,			1.414,			0.267,			0.057
815,	1,	157.0,	204.908,			1.009,			0.143,			0.055
816,	1,	512.0,	205.345,			1.702,			0.117,			0.059
817,	2,	160.0,	205.386,			11.186,			1.367,			0.15
818,	1,	379.0,	205.407,			1.186,			0.267,			0.054
819,	1,	379.0,	205.445,			2.298,			0.267,			0.052
820,	1,	6.0,	205.632,			1.158,			0.187,			0.054
821,	1,	512.0,	205.649,			1.031,			0.152,			0.058
822,	1,	120.0,	205.671,			1.232,			0.13,			0.059
823,	2,	184.0,	205.766,			14.715,			1.029,			0.125
824,	1,	30.0,	205.8,			2.914,			0.231,			0.056
825,	1,	95.0,	205.908,			1.681,			0.215,			0.05
826,	1,	90.0,	206.073,			1.525,			0.128,			0.055
827,	1,	6.0,	206.201,			2.559,			0.157,			0.058
828,	2,	214.0,	206.571,			13.871,			1.413,			0.16
829,	1,	7.0,	206.603,			2.681,			0.244,			0.056
830,	2,	250.0,	207.217,			11.581,			1.208,			0.177
831,	1,	49.0,	207.224,			1.076,			0.238,			0.052
832,	2,	59.0,	207.36,			14.682,			1.364,			0.188
833,	1,	103.0,	207.379,			1.431,			0.166,			0.055
834,	1,	126.0,	207.968,			1.014,			0.231,			0.056
835,	1,	498.0,	208.309,			2.427,			0.125,			0.052
836,	1,	30.0,	208.31,			1.414,			0.147,			0.055
837,	1,	169.0,	208.339,			1.681,			0.161,			0.057
838,	1,	169.0,	208.503,			2.176,			0.111,			0.055
839,	1,	13.0,	208.507,			2.881,			0.226,			0.059
840,	1,	7.0,	208.508,			2.163,			0.22,			0.055
841,	1,	44.0,	208.646,			2.757,			0.152,			0.053
842,	2,	133.0,	208.684,			14.366,			1.411,			0.122
843,	2,	157.0,	208.708,			13.889,			1.148,			0.175
844,	2,	123.0,	208.804,			11.111,			1.481,			0.199
845,	2,	66.0,	208.867,			10.01,			1.416,			0.164
846,	1,	30.0,	209.33,			1.071,			0.194,			0.058
847,	1,	498.0,	209.45,			1.467,			0.257,			0.05
848,	1,	169.0,	209.93,			1.972,			0.133,			0.058
849,	1,	6.0,	210.377,			1.838,			0.236,			0.055
850,	1,	7.0,	210.835,			1.79,			0.17,			0.05
851,	1,	10.0,	210.847,			2.102,			0.278,			0.055
852,	2,	201.0,	211.101,			11.385,			1.394,			0.145
853,	1,	10.0,	211.664,			1.327,			0.263,			0.056
854,	1,	512.0,	211.702,			1.313,			0.15,			0.058
855,	1,	498.0,	211.912,			1.169,			0.185,			0.053
856,	1,	6.0,	211.92,			2.524,			0.298,			0.053
857,	1,	7.0,	213.038,			2.796,			0.159,			0.05
858,	1,	6.0,	213.06,			2.249,			0.28,			0.054
859,	1,	7.0,	213.462,			2.167,			0.207,			0.059
860,	1,	157.0,	213.871,			2.866,			0.184,			0.05
861,	1,	559.0,	214.34,			1.913,			0.209,			0.055
862,	2,	110.0,	214.656,			11.245,			1.392,			0.149
863,	2,	185.0,	215.146,			13.575,			1.172,			0.135
864,	1,	169.0,	216.245,			2.085,			0.114,			0.055
865,	2,	122.0,	216.517,			13.42,			1.474,			0.166
866,	1,	447.0,	216.614,			1.692,			0.152,			0.052
867,	2,	140.0,	216.635,			10.978,			1.222,			0.146
868,	1,	7.0,	217.016,			2.772,			0.28,			0.059
869,	1,	6.0,	217.127,			2.795,			0.147,			0.057
870,	2,	217.0,	217.377,			10.312,			1.35,			0.191
871,	1,	559.0,	217.515,			1.192,			0.163,			0.053
872,	1,	13.0,	217.766,			2.549,			0.172,			0.059
873,	1,	30.0,	217.83,			2.084,			0.19,			0.058
874,	1,	49.0,	218.202,			2.179,			0.268,			0.054
875,	1,	10.0,	218.904,			2.703,			0.27,			0.059
876,	1,	90.0,	220.064,			1.141,			0.254,			0.056
877,	1,	103.0,	220.135,			1.994,			0.188,			0.058
878,	1,	10.0,	220.293,			1.086,			0.246,			0.055
879,	1,	7.0,	220.572,			1.61,			0.242,			0.051
880,	1,	214.0,	220.579,			1.631,			0.247,			0.055
881,	1,	44.0,	221.019,			2.158,			0.275,			0.052
882,	1,	28.0,	221.027,			2.132,			0.245,			0.056
883,	1,	6.0,	221.205,			2.487,			0.166,			0.051
884,	1,	90.0,	221.697,			2.321,			0.289,			0.051
885,	1,	169.0,	222.266,			2.643,			0.237,			0.056
886,	1,	447.0,	223.319,			2.048,			0.139,			0.058
887,	1,	10.0,	223.422,			1.81,			0.118,			0.057
888,	1,	10.0,	223.769,			2.598,			0.139,			0.052
889,	1,	169.0,	224.776,			2.509,			0.146,			0.055
890,	1,	157.0,	225.36,			1.972,			0.104,			0.055
891,	1,	28.0,	225.561,			1.825,			0.207,			0.053
892,	1,	146.0,	225.791,			1.97,			0.123,			0.054
893,	1,	6.0,	225.934,			1.956,			0.26,			0.058
894,	1,	13.0,	226.18,			2.346,			0.27,			0.055
895,	2,	228.0,	226.922,			10.702,			1.304,			0.199
896,	2,	164.0,	226.925,			12.271,			1.029,			0.171
897,	1,	30.0,	227.082,			1.811,			0.12,			0.054
898,	1,	379.0,	227.246,			1.075,			0.228,			0.05
899,	1,	44.0,	227.985,			1.107,			0.16,			0.057
900,	1,	7.0,	228.588,			1.835,			0.161,			0.06
901,	1,	10.0,	229.976,			2.95,			0.225,			0.057
902,	2,	64.0,	230.12,			13.785,			1.285,			0.124
903,	2,	105.0,	230.925,			14.611,			1.029,			0.159
904,	1,	559.0,	231.269,			1.805,			0.215,			0.051
905,	1,	6.0,	231.361,			2.984,			0.272,			0.058
906,	1,	120.0,	232.053,			1.263,			0.157,			0.053
907,	2,	139.0,	232.717,			13.174,			1.296,			0.179
908,	1,	49.0,	232.993,			1.247,			0.192,			0.051
909,	2,	369.0,	233.119,			13.837,			1.102,			0.119
910,	2,	280.0,	233.389,			12.368,			1.058,			0.11
911,	2,	197.0,	233.66,			14.146,			1.131,			0.147
912,	2,	264.0,	234.085,			13.92,			1.356,			0.194
913,	2,	214.0,	235.288,			10.654,			1.389,			0.158
914,	1,	512.0,	235.396,			1.553,			0.219,			0.057
915,	1,	28.0,	235.721,			2.398,			0.152,			0.053
916,	1,	6.0,	235.982,			1.827,			0.19,			0.057
917,	1,	126.0,	236.152,			2.288,			0.165,			0.054
918,	1,	44.0,	236.375,			2.03,			0.244,			0.051
919,	1,	7.0,	236.908,			2.282,			0.256,			0.051
920,	1,	10.0,	237.509,			2.802,			0.177,			0.055
921,	2,	146.0,	237.564,			12.372,			1.264,			0.194
922,	1,	44.0,	238.105,			1.728,			0.254,			0.06
923,	2,	263.0,	238.993,			14.528,			1.207,			0.101
924,	1,	16.0,	239.122,			2.037,			0.231,			0.051
925,	2,	60.0,	239.184,			13.456,			1.489,			0.139
926,	2,	199.0,	239.28,			10.146,			1.273,			0.16
927,	1,	44.0,	239.566,			1.482,			0.119,			0.057
928,	1,	379.0,	240.385,			2.219,			0.119,			0.059
929,	1,	44.0,	240.827,			2.711,			0.191,			0.06
930,	1,	103.0,	241.131,			1.01,			0.19,			0.053
931,	1,	28.0,	241.452,			1.841,			0.177,			0.052
932,	1,	59.0,	242.406,			1.111,			0.271,			0.058
933,	1,	6.0,	242.547,			1.144,			0.275,			0.052
934,	1,	10.0,	243.299,			2.08,			0.156,			0.051
935,	1,	498.0,	244.334,			1.756,			0.229,			0.054
936,	1,	7.0,	244.463,			2.288,			0.169,			0.053
937,	1,	6.0,	244.571,			1.703,			0.277,			0.051
938,	1,	498.0,	244.666,			2.627,			0.244,			0.058
939,	2,	84.0,	244.691,			13.166,			1.431,			0.138
940,	2,	163.0,	246.263,			14.135,			1.135,			0.19
941,	2,	76.0,	246.304,			11.39,			1.293,			0.197
942,	1,	126.0,	246.405,			1.45,			0.152,			0.057
943,	1,	16.0,	246.96,			1.994,			0.288,			0.057
944,	1,	10.0,	247.74,			1.694,			0.223,			0.059
945,	1,	10.0,	248.026,			2.794,			0.237,			0.059
946,	1,	169.0,	248.34,			1.211,			0.2,			0.058
947,	1,	7.0,	248.441,			2.28,			0.119,			0.053
948,	1,	157.0,	248.719,			1.841,			0.29,			0.054
949,	1,	10.0,	248.907,			2.226,			0.178,			0.054
950,	1,	44.0,	248.934,			1.9,			0.157,			0.054
951,	1,	16.0,	249.665,			1.679,			0.208,			0.056
952,	1,	6.0,	249.987,			1.965,			0.208,			0.055
953,	2,	157.0,	252.718,			12.183,			1.042,			0.136
954,	1,	95.0,	253.891,			1.203,			0.232,			0.057
955,	2,	145.0,	254.166,			11.494,			1.384,			0.155
956,	1,	169.0,	254.534,			1.376,			0.277,			0.057
957,	2,	174.0,	254.998,			13.979,			1.008,			0.125
958,	1,	7.0,	255.236,			2.328,			0.105,			0.054
959,	1,	49.0,	256.499,			1.464,			0.208,			0.058
960,	1,	387.0,	257.092,			1.869,			0.192,			0.054
961,	1,	59.0,	259.463,			2.571,			0.297,			0.052
962,	2,	155.0,	259.593,			12.183,			1.096,			0.175
963,	1,	95.0,	260.042,			1.327,			0.116,			0.057
964,	1,	157.0,	260.097,			2.843,			0.292,			0.052
965,	2,	144.0,	260.229,			10.669,			1.21,			0.138
966,	2,	289.0,	260.244,			14.946,			1.426,			0.131
967,	1,	7.0,	260.821,			1.116,			0.111,			0.052
968,	2,	115.0,	261.955,			10.789,			1.347,			0.145
969,	1,	512.0,	263.35,			2.598,			0.124,			0.057
970,	1,	6.0,	265.003,			1.581,			0.107,			0.054
971,	2,	167.0,	265.086,			10.036,			1.356,			0.194
972,	2,	117.0,	265.144,			12.815,			1.072,			0.184
973,	2,	232.0,	265.148,			14.135,			1.212,			0.181
974,	2,	116.0,	265.969,			12.155,			1.2,			0.121
975,	2,	97.0,	266.666,			14.376,			1.025,			0.113
976,	2,	105.0,	267.663,			13.59,			1.425,			0.192
977,	1,	120.0,	268.458,			1.432,			0.113,			0.056
978,	2,	213.0,	269.479,			10.178,			1.05,			0.114
979,	2,	106.0,	269.641,			11.34,			1.486,			0.145
980,	2,	205.0,	270.531,			10.083,			1.266,			0.152
981,	2,	174.0,	272.727,			12.438,			1.107,			0.192
982,	2,	274.0,	273.429,			13.89,			1.219,			0.198
983,	1,	16.0,	273.799,			1.969,			0.299,			0.051
984,	2,	249.0,	275.412,			12.971,			1.447,			0.126
985,	1,	10.0,	275.638,			2.148,			0.143,			0.054
986,	2,	296.0,	278.064,			14.157,			1.483,			0.125
987,	2,	93.0,	278.111,			12.75,			1.108,			0.158
988,	2,	133.0,	279.404,			10.871,			1.211,			0.166
989,	2,	213.0,	280.879,			14.737,			1.438,			0.105
990,	2,	134.0,	280.881,			10.506,			1.198,			0.2
991,	2,	185.0,	283.534,			13.703,			1.191,			0.122
992,	2,	141.0,	284.026,			11.677,			1.029,			0.115
993,	1,	16.0,	284.977,			1.719,			0.185,			0.053
994,	2,	134.0,	287.455,			11.668,			1.003,			0.106
995,	2,	98.0,	287.729,			11.228,			1.441,			0.157
996,	2,	133.0,	293.419,			12.057,			1.227,			0.143
997,	2,	75.0,	296.084,			10.374,			1.197,			0.143
998,	2,	210.0,	299.434,			11.082,			1.099,			0.176
999,	1,	214.0,	300.0,			1.097,			0.221,			0.059
1000,	1,	103.0,	300.0,			2.832,			0.106,			0.059
