#, task_type_id, size, arrival_time,	execution_time_cpu,	execution_time_gpu,	execution_time_CLOUD
1,	1,	13.0,	0.0,			1.982,			0.111,			0.053
2,	1,	6.0,	0.823,			1.707,			0.27,			0.054
3,	2,	69.0,	7.533,			14.076,			1.205,			0.136
4,	2,	201.0,	7.955,			13.264,			1.129,			0.152
5,	2,	129.0,	9.666,			11.328,			1.492,			0.15
6,	1,	387.0,	10.312,			2.727,			0.279,			0.055
7,	2,	288.0,	10.492,			10.621,			1.498,			0.182
8,	2,	59.0,	10.68,			14.804,			1.492,			0.182
9,	2,	141.0,	12.177,			11.342,			1.498,			0.163
10,	2,	262.0,	12.577,			13.76,			1.473,			0.101
11,	2,	225.0,	14.603,			13.038,			1.372,			0.133
12,	2,	331.0,	17.205,			11.001,			1.371,			0.189
13,	2,	150.0,	19.116,			10.71,			1.359,			0.165
14,	1,	13.0,	22.923,			2.0,			0.194,			0.053
15,	1,	498.0,	25.9,			2.976,			0.254,			0.058
16,	2,	303.0,	26.014,			12.155,			1.06,			0.15
17,	2,	158.0,	30.61,			12.533,			1.134,			0.117
18,	2,	126.0,	31.285,			14.244,			1.117,			0.198
19,	1,	16.0,	31.943,			2.846,			0.231,			0.055
20,	2,	122.0,	31.997,			11.46,			1.201,			0.188
21,	2,	265.0,	32.938,			12.967,			1.062,			0.185
22,	2,	172.0,	33.526,			11.316,			1.188,			0.194
23,	1,	10.0,	34.596,			2.051,			0.144,			0.054
24,	2,	93.0,	34.917,			10.78,			1.467,			0.182
25,	2,	196.0,	34.938,			10.01,			1.417,			0.184
26,	2,	125.0,	35.034,			12.475,			1.477,			0.113
27,	2,	93.0,	36.109,			14.863,			1.431,			0.13
28,	2,	111.0,	36.172,			14.501,			1.195,			0.2
29,	2,	106.0,	36.567,			12.057,			1.137,			0.137
30,	2,	200.0,	37.025,			12.424,			1.371,			0.119
31,	2,	157.0,	37.026,			13.148,			1.388,			0.12
32,	2,	149.0,	37.043,			10.103,			1.25,			0.182
33,	1,	49.0,	37.064,			2.5,			0.133,			0.05
34,	1,	447.0,	38.12,			1.362,			0.165,			0.059
35,	1,	512.0,	38.619,			2.449,			0.131,			0.053
36,	2,	177.0,	40.534,			11.46,			1.362,			0.107
37,	2,	141.0,	40.659,			10.178,			1.322,			0.127
38,	1,	387.0,	41.741,			1.008,			0.17,			0.05
39,	2,	201.0,	42.048,			14.45,			1.491,			0.148
40,	1,	13.0,	42.317,			2.685,			0.152,			0.058
41,	1,	126.0,	43.754,			2.865,			0.151,			0.052
42,	1,	387.0,	44.29,			2.249,			0.273,			0.059
43,	2,	178.0,	44.485,			13.093,			1.07,			0.134
44,	1,	7.0,	44.987,			1.694,			0.226,			0.057
45,	2,	109.0,	45.611,			11.764,			1.304,			0.179
46,	1,	103.0,	46.258,			1.928,			0.123,			0.054
47,	2,	207.0,	46.663,			13.86,			1.142,			0.101
48,	1,	169.0,	47.909,			1.575,			0.258,			0.06
49,	2,	93.0,	49.596,			14.53,			1.389,			0.16
50,	2,	169.0,	50.142,			14.14,			1.29,			0.152
51,	2,	147.0,	53.28,			12.701,			1.494,			0.137
52,	1,	379.0,	53.791,			2.659,			0.174,			0.05
53,	2,	125.0,	54.137,			12.909,			1.437,			0.161
54,	2,	138.0,	54.182,			12.503,			1.299,			0.132
55,	1,	59.0,	54.237,			1.211,			0.226,			0.06
56,	1,	95.0,	55.659,			1.748,			0.194,			0.06
57,	1,	498.0,	57.53,			1.921,			0.263,			0.054
58,	1,	95.0,	58.778,			2.088,			0.22,			0.06
59,	2,	127.0,	59.004,			13.908,			1.242,			0.126
60,	1,	6.0,	59.59,			2.479,			0.241,			0.06
61,	1,	157.0,	60.237,			2.579,			0.151,			0.054
62,	1,	49.0,	60.598,			1.651,			0.174,			0.055
63,	1,	6.0,	60.855,			1.095,			0.106,			0.055
64,	2,	206.0,	60.857,			11.437,			1.04,			0.167
65,	1,	559.0,	61.796,			1.859,			0.289,			0.052
66,	2,	269.0,	61.842,			11.207,			1.238,			0.101
67,	1,	498.0,	62.094,			1.748,			0.17,			0.05
68,	1,	169.0,	62.098,			1.651,			0.222,			0.055
69,	1,	120.0,	62.637,			1.307,			0.29,			0.055
70,	2,	124.0,	63.019,			13.743,			1.067,			0.145
71,	1,	447.0,	63.037,			2.985,			0.299,			0.053
72,	2,	114.0,	64.447,			14.572,			1.166,			0.134
73,	1,	146.0,	64.625,			1.578,			0.109,			0.05
74,	1,	59.0,	66.305,			2.404,			0.253,			0.053
75,	1,	7.0,	66.357,			1.398,			0.206,			0.059
76,	2,	75.0,	66.972,			12.242,			1.347,			0.16
77,	1,	169.0,	67.19,			2.659,			0.21,			0.054
78,	1,	6.0,	67.259,			1.581,			0.217,			0.059
79,	2,	237.0,	67.415,			14.076,			1.247,			0.173
80,	1,	103.0,	67.747,			1.086,			0.292,			0.05
81,	1,	44.0,	67.823,			1.217,			0.108,			0.059
82,	1,	126.0,	67.872,			2.279,			0.161,			0.053
83,	2,	123.0,	68.263,			13.615,			1.2,			0.163
84,	1,	44.0,	68.696,			2.581,			0.259,			0.056
85,	1,	30.0,	68.851,			1.561,			0.164,			0.055
86,	1,	387.0,	69.062,			1.588,			0.17,			0.057
87,	1,	498.0,	69.214,			1.119,			0.127,			0.051
88,	2,	214.0,	69.432,			10.383,			1.165,			0.155
89,	1,	169.0,	69.587,			2.525,			0.27,			0.051
90,	2,	79.0,	69.638,			12.107,			1.183,			0.192
91,	2,	219.0,	69.757,			14.917,			1.096,			0.134
92,	1,	49.0,	69.847,			1.014,			0.126,			0.053
93,	2,	112.0,	69.88,			14.334,			1.161,			0.149
94,	1,	7.0,	70.134,			2.673,			0.293,			0.052
95,	1,	49.0,	70.308,			1.709,			0.193,			0.054
96,	1,	16.0,	70.476,			2.014,			0.216,			0.056
97,	2,	152.0,	70.798,			12.179,			1.304,			0.157
98,	1,	59.0,	71.691,			1.107,			0.29,			0.057
99,	1,	16.0,	71.732,			2.446,			0.206,			0.055
100,	1,	169.0,	72.156,			2.936,			0.158,			0.055
101,	1,	6.0,	72.339,			1.232,			0.254,			0.052
102,	1,	146.0,	72.392,			1.72,			0.132,			0.057
103,	1,	214.0,	72.395,			1.424,			0.259,			0.051
104,	1,	95.0,	72.57,			1.13,			0.256,			0.055
105,	1,	95.0,	72.996,			1.737,			0.252,			0.053
106,	1,	28.0,	73.103,			1.571,			0.139,			0.058
107,	1,	7.0,	73.428,			2.638,			0.116,			0.051
108,	1,	10.0,	73.558,			1.008,			0.215,			0.051
109,	2,	95.0,	74.12,			14.36,			1.323,			0.137
110,	2,	140.0,	74.174,			13.75,			1.319,			0.1
111,	1,	103.0,	74.848,			2.034,			0.147,			0.054
112,	1,	157.0,	75.005,			1.841,			0.101,			0.06
113,	1,	95.0,	75.425,			1.99,			0.155,			0.052
114,	1,	16.0,	77.802,			1.343,			0.219,			0.055
115,	1,	7.0,	78.062,			1.998,			0.287,			0.054
116,	2,	204.0,	78.063,			11.263,			1.467,			0.122
117,	2,	67.0,	78.721,			12.591,			1.333,			0.123
118,	1,	379.0,	78.973,			2.763,			0.286,			0.059
119,	1,	512.0,	79.268,			1.947,			0.12,			0.052
120,	1,	10.0,	79.309,			2.03,			0.28,			0.052
121,	2,	226.0,	79.58,			10.307,			1.314,			0.122
122,	1,	169.0,	79.948,			1.952,			0.222,			0.055
123,	1,	59.0,	80.33,			2.556,			0.276,			0.056
124,	1,	10.0,	80.81,			1.558,			0.2,			0.058
125,	1,	49.0,	81.002,			2.798,			0.182,			0.057
126,	1,	103.0,	81.373,			2.973,			0.233,			0.053
127,	1,	13.0,	81.398,			1.791,			0.169,			0.055
128,	1,	10.0,	81.905,			1.607,			0.109,			0.058
129,	1,	16.0,	82.384,			1.985,			0.176,			0.052
130,	2,	203.0,	82.533,			12.192,			1.27,			0.182
131,	1,	44.0,	82.573,			2.31,			0.217,			0.053
132,	1,	146.0,	82.642,			1.753,			0.258,			0.059
133,	2,	103.0,	82.674,			12.421,			1.419,			0.2
134,	1,	95.0,	83.037,			1.774,			0.274,			0.056
135,	1,	7.0,	83.261,			2.393,			0.103,			0.06
136,	1,	157.0,	83.343,			1.426,			0.193,			0.053
137,	2,	103.0,	83.428,			13.911,			1.29,			0.2
138,	2,	84.0,	83.893,			10.316,			1.042,			0.197
139,	1,	447.0,	85.007,			2.772,			0.165,			0.055
140,	1,	16.0,	85.065,			2.673,			0.131,			0.051
141,	1,	7.0,	85.316,			1.913,			0.124,			0.054
142,	1,	120.0,	85.562,			1.006,			0.128,			0.051
143,	2,	114.0,	86.164,			13.249,			1.4,			0.141
144,	1,	30.0,	86.263,			2.984,			0.182,			0.051
145,	1,	498.0,	86.328,			1.044,			0.114,			0.053
146,	1,	379.0,	86.555,			1.485,			0.137,			0.054
147,	1,	559.0,	86.899,			2.819,			0.223,			0.051
148,	2,	76.0,	87.157,			13.785,			1.424,			0.142
149,	1,	95.0,	87.573,			1.766,			0.17,			0.058
150,	1,	59.0,	87.675,			1.458,			0.259,			0.056
151,	1,	28.0,	87.962,			2.198,			0.15,			0.051
152,	1,	6.0,	88.055,			2.545,			0.29,			0.058
153,	1,	512.0,	88.176,			2.031,			0.292,			0.055
154,	1,	498.0,	88.982,			2.123,			0.194,			0.051
155,	1,	16.0,	89.554,			2.96,			0.103,			0.051
156,	1,	7.0,	90.182,			2.661,			0.173,			0.057
157,	1,	214.0,	90.235,			1.981,			0.179,			0.055
158,	2,	72.0,	90.395,			11.61,			1.046,			0.14
159,	1,	7.0,	90.597,			1.844,			0.222,			0.054
160,	1,	120.0,	91.395,			1.483,			0.288,			0.056
161,	2,	230.0,	91.478,			13.878,			1.104,			0.124
162,	2,	86.0,	92.105,			11.152,			1.268,			0.198
163,	1,	7.0,	92.216,			2.09,			0.207,			0.05
164,	2,	268.0,	92.352,			10.912,			1.375,			0.177
165,	1,	169.0,	92.381,			2.199,			0.272,			0.054
166,	1,	447.0,	92.489,			1.59,			0.238,			0.06
167,	1,	157.0,	92.762,			2.956,			0.29,			0.059
168,	1,	103.0,	92.807,			1.144,			0.162,			0.054
169,	1,	387.0,	93.031,			1.428,			0.17,			0.053
170,	2,	158.0,	93.774,			13.778,			1.121,			0.127
171,	1,	447.0,	94.606,			2.457,			0.238,			0.055
172,	2,	93.0,	95.409,			11.403,			1.051,			0.124
173,	1,	10.0,	95.812,			1.028,			0.192,			0.055
174,	2,	239.0,	95.907,			11.247,			1.085,			0.152
175,	2,	125.0,	96.123,			11.383,			1.412,			0.153
176,	2,	88.0,	96.542,			11.604,			1.338,			0.191
177,	1,	30.0,	96.736,			1.927,			0.106,			0.057
178,	2,	136.0,	97.896,			11.744,			1.278,			0.184
179,	2,	358.0,	97.918,			12.155,			1.264,			0.158
180,	2,	136.0,	98.028,			13.038,			1.322,			0.16
181,	1,	90.0,	98.296,			1.211,			0.225,			0.058
182,	1,	44.0,	98.491,			2.653,			0.226,			0.057
183,	1,	10.0,	98.779,			2.756,			0.28,			0.051
184,	1,	90.0,	99.263,			2.795,			0.298,			0.051
185,	1,	44.0,	99.293,			2.659,			0.241,			0.059
186,	1,	7.0,	99.334,			1.187,			0.266,			0.055
187,	2,	151.0,	99.339,			11.248,			1.074,			0.143
188,	1,	95.0,	99.387,			1.402,			0.236,			0.059
189,	1,	498.0,	99.513,			2.349,			0.267,			0.053
190,	1,	7.0,	99.742,			2.76,			0.222,			0.058
191,	2,	194.0,	99.827,			14.289,			1.069,			0.16
192,	1,	16.0,	100.083,			1.719,			0.161,			0.05
193,	1,	6.0,	100.237,			1.441,			0.105,			0.058
194,	1,	28.0,	100.39,			2.378,			0.249,			0.056
195,	1,	44.0,	100.449,			2.087,			0.236,			0.052
196,	1,	7.0,	100.558,			2.712,			0.251,			0.053
197,	1,	7.0,	100.718,			1.157,			0.125,			0.051
198,	1,	7.0,	101.071,			2.706,			0.17,			0.059
199,	2,	205.0,	101.137,			11.248,			1.232,			0.103
200,	1,	6.0,	101.242,			2.751,			0.139,			0.054
201,	1,	559.0,	101.284,			2.911,			0.231,			0.057
202,	2,	195.0,	101.539,			11.302,			1.244,			0.189
203,	1,	120.0,	101.701,			1.828,			0.275,			0.056
204,	2,	148.0,	101.791,			11.186,			1.003,			0.149
205,	1,	498.0,	101.916,			1.173,			0.162,			0.052
206,	2,	169.0,	102.204,			10.6,			1.289,			0.145
207,	1,	559.0,	102.411,			2.669,			0.158,			0.056
208,	1,	512.0,	102.445,			1.277,			0.247,			0.056
209,	1,	90.0,	102.855,			2.232,			0.173,			0.052
210,	1,	44.0,	102.993,			2.974,			0.166,			0.05
211,	1,	512.0,	103.017,			1.119,			0.256,			0.058
212,	1,	59.0,	103.022,			1.483,			0.266,			0.055
213,	1,	157.0,	103.136,			1.277,			0.253,			0.056
214,	1,	30.0,	103.261,			1.119,			0.138,			0.054
215,	1,	7.0,	103.306,			2.525,			0.296,			0.059
216,	1,	95.0,	103.478,			1.702,			0.206,			0.052
217,	1,	447.0,	103.504,			1.421,			0.288,			0.052
218,	1,	49.0,	103.996,			2.991,			0.108,			0.059
219,	1,	44.0,	104.087,			1.422,			0.101,			0.054
220,	1,	387.0,	104.209,			1.651,			0.271,			0.05
221,	1,	512.0,	104.483,			1.005,			0.234,			0.056
222,	1,	379.0,	104.819,			1.111,			0.195,			0.059
223,	1,	16.0,	105.536,			1.413,			0.142,			0.05
224,	1,	95.0,	105.605,			2.318,			0.192,			0.052
225,	1,	559.0,	105.705,			1.708,			0.279,			0.051
226,	1,	447.0,	105.787,			1.963,			0.155,			0.056
227,	1,	103.0,	106.025,			1.293,			0.201,			0.052
228,	1,	10.0,	106.077,			2.8,			0.27,			0.055
229,	1,	13.0,	106.089,			1.448,			0.225,			0.054
230,	1,	90.0,	106.154,			2.768,			0.14,			0.058
231,	1,	10.0,	106.548,			1.464,			0.201,			0.059
232,	1,	120.0,	106.789,			1.164,			0.184,			0.056
233,	1,	447.0,	106.992,			1.141,			0.244,			0.051
234,	2,	237.0,	107.073,			14.337,			1.384,			0.172
235,	1,	30.0,	107.458,			2.283,			0.215,			0.057
236,	2,	105.0,	108.287,			14.853,			1.205,			0.147
237,	1,	379.0,	108.365,			2.103,			0.28,			0.057
238,	1,	6.0,	108.736,			2.678,			0.25,			0.058
239,	1,	447.0,	109.041,			2.379,			0.189,			0.057
240,	1,	44.0,	109.102,			2.314,			0.221,			0.052
241,	1,	13.0,	109.166,			2.928,			0.248,			0.056
242,	2,	160.0,	109.218,			11.459,			1.355,			0.133
243,	1,	126.0,	109.449,			1.232,			0.119,			0.051
244,	1,	498.0,	109.573,			1.437,			0.28,			0.051
245,	1,	7.0,	109.695,			1.531,			0.203,			0.051
246,	1,	16.0,	109.791,			2.8,			0.289,			0.059
247,	2,	46.0,	109.864,			14.157,			1.015,			0.147
248,	1,	157.0,	110.022,			1.921,			0.272,			0.051
249,	1,	447.0,	110.115,			1.607,			0.166,			0.055
250,	1,	7.0,	110.27,			1.071,			0.183,			0.059
251,	1,	13.0,	110.38,			1.581,			0.294,			0.053
252,	1,	90.0,	110.766,			2.454,			0.288,			0.052
253,	1,	44.0,	110.937,			1.141,			0.165,			0.052
254,	1,	7.0,	111.127,			2.087,			0.137,			0.059
255,	1,	10.0,	111.287,			1.753,			0.227,			0.052
256,	1,	6.0,	111.373,			2.26,			0.153,			0.057
257,	1,	7.0,	111.401,			1.672,			0.101,			0.053
258,	1,	103.0,	111.498,			1.091,			0.176,			0.058
259,	1,	559.0,	111.821,			1.391,			0.164,			0.052
260,	1,	30.0,	112.122,			2.151,			0.29,			0.052
261,	2,	154.0,	112.328,			11.508,			1.27,			0.138
262,	1,	30.0,	112.573,			2.381,			0.182,			0.055
263,	1,	30.0,	112.661,			1.981,			0.166,			0.053
264,	1,	7.0,	112.787,			2.004,			0.127,			0.052
265,	1,	7.0,	113.074,			2.378,			0.252,			0.051
266,	1,	13.0,	113.164,			2.706,			0.114,			0.052
267,	1,	7.0,	113.417,			2.789,			0.186,			0.057
268,	1,	49.0,	113.439,			1.786,			0.208,			0.058
269,	1,	447.0,	113.587,			2.956,			0.192,			0.057
270,	1,	7.0,	113.781,			1.876,			0.184,			0.057
271,	1,	28.0,	114.112,			1.091,			0.198,			0.051
272,	1,	7.0,	114.16,			1.607,			0.236,			0.052
273,	1,	30.0,	114.454,			1.841,			0.236,			0.058
274,	1,	559.0,	114.52,			2.252,			0.241,			0.06
275,	1,	447.0,	114.566,			2.819,			0.288,			0.059
276,	1,	379.0,	114.765,			1.431,			0.133,			0.057
277,	2,	118.0,	114.998,			14.721,			1.433,			0.166
278,	2,	183.0,	115.248,			10.661,			1.326,			0.198
279,	1,	7.0,	115.433,			1.409,			0.103,			0.058
280,	1,	49.0,	115.753,			1.367,			0.125,			0.051
281,	1,	447.0,	116.111,			1.431,			0.221,			0.06
282,	1,	559.0,	116.141,			1.362,			0.171,			0.055
283,	1,	214.0,	116.546,			2.378,			0.292,			0.051
284,	1,	146.0,	116.678,			2.601,			0.147,			0.055
285,	1,	6.0,	116.768,			1.879,			0.212,			0.053
286,	1,	13.0,	116.893,			2.947,			0.186,			0.054
287,	1,	7.0,	116.91,			2.11,			0.199,			0.06
288,	1,	146.0,	116.965,			1.807,			0.195,			0.056
289,	1,	30.0,	117.105,			2.874,			0.233,			0.053
290,	1,	157.0,	117.195,			1.247,			0.227,			0.056
291,	2,	140.0,	117.201,			11.864,			1.192,			0.126
292,	1,	59.0,	117.3,			2.52,			0.101,			0.057
293,	1,	30.0,	117.337,			1.609,			0.186,			0.06
294,	2,	135.0,	117.43,			11.71,			1.222,			0.142
295,	1,	28.0,	117.482,			1.581,			0.101,			0.053
296,	1,	103.0,	117.862,			1.432,			0.298,			0.056
297,	1,	44.0,	118.056,			2.598,			0.216,			0.054
298,	1,	7.0,	118.21,			2.652,			0.174,			0.06
299,	1,	126.0,	118.238,			2.154,			0.298,			0.054
300,	1,	13.0,	118.456,			1.809,			0.274,			0.054
301,	1,	95.0,	118.574,			2.324,			0.29,			0.06
302,	1,	7.0,	118.624,			1.005,			0.247,			0.052
303,	1,	44.0,	118.677,			2.653,			0.242,			0.054
304,	1,	16.0,	118.748,			2.914,			0.293,			0.057
305,	1,	16.0,	119.022,			1.025,			0.17,			0.052
306,	1,	6.0,	119.079,			2.99,			0.22,			0.057
307,	1,	7.0,	119.171,			2.02,			0.285,			0.054
308,	1,	7.0,	119.207,			2.748,			0.209,			0.051
309,	1,	103.0,	119.468,			1.631,			0.158,			0.051
310,	1,	157.0,	119.497,			1.61,			0.232,			0.057
311,	1,	387.0,	119.536,			1.554,			0.217,			0.059
312,	1,	146.0,	120.183,			2.598,			0.134,			0.056
313,	1,	7.0,	120.203,			2.947,			0.194,			0.059
314,	1,	7.0,	120.723,			2.038,			0.198,			0.059
315,	2,	216.0,	120.953,			12.869,			1.323,			0.175
316,	1,	90.0,	121.116,			1.386,			0.244,			0.057
317,	1,	6.0,	121.189,			2.866,			0.256,			0.055
318,	1,	10.0,	121.281,			1.774,			0.288,			0.058
319,	1,	126.0,	121.445,			2.154,			0.245,			0.053
320,	1,	10.0,	121.474,			2.756,			0.238,			0.055
321,	1,	6.0,	121.474,			2.525,			0.131,			0.058
322,	1,	7.0,	121.637,			1.833,			0.159,			0.05
323,	1,	10.0,	121.645,			1.868,			0.161,			0.059
324,	1,	387.0,	122.16,			1.843,			0.26,			0.054
325,	1,	379.0,	122.263,			2.956,			0.208,			0.058
326,	1,	146.0,	122.306,			1.554,			0.221,			0.051
327,	2,	206.0,	122.843,			11.429,			1.389,			0.134
328,	1,	169.0,	123.305,			1.039,			0.277,			0.051
329,	1,	44.0,	123.378,			2.642,			0.205,			0.06
330,	1,	120.0,	123.436,			2.576,			0.2,			0.058
331,	1,	379.0,	123.539,			2.068,			0.296,			0.06
332,	1,	447.0,	123.821,			1.69,			0.121,			0.053
333,	1,	387.0,	123.91,			1.413,			0.211,			0.055
334,	1,	90.0,	123.914,			1.114,			0.234,			0.05
335,	1,	379.0,	123.919,			1.755,			0.144,			0.057
336,	1,	447.0,	123.99,			2.879,			0.27,			0.058
337,	1,	30.0,	123.994,			1.112,			0.155,			0.054
338,	1,	44.0,	124.383,			2.813,			0.238,			0.055
339,	1,	214.0,	124.909,			2.19,			0.169,			0.052
340,	1,	559.0,	124.976,			1.4,			0.134,			0.057
341,	1,	214.0,	125.303,			2.623,			0.199,			0.054
342,	1,	7.0,	125.345,			1.914,			0.129,			0.055
343,	1,	90.0,	125.87,			2.76,			0.236,			0.057
344,	1,	498.0,	126.008,			1.256,			0.235,			0.052
345,	1,	512.0,	126.01,			1.717,			0.241,			0.058
346,	1,	30.0,	126.045,			1.683,			0.162,			0.059
347,	2,	116.0,	126.098,			14.936,			1.438,			0.155
348,	1,	28.0,	126.251,			1.441,			0.292,			0.05
349,	1,	146.0,	126.303,			2.509,			0.248,			0.057
350,	1,	10.0,	126.388,			2.0,			0.111,			0.059
351,	2,	156.0,	126.465,			13.069,			1.12,			0.141
352,	1,	7.0,	126.908,			1.164,			0.2,			0.054
353,	1,	7.0,	127.114,			2.838,			0.225,			0.058
354,	1,	44.0,	127.147,			1.076,			0.15,			0.055
355,	1,	379.0,	127.362,			1.75,			0.194,			0.059
356,	1,	6.0,	127.562,			1.192,			0.259,			0.053
357,	1,	7.0,	127.589,			1.966,			0.249,			0.056
358,	1,	49.0,	127.957,			2.768,			0.2,			0.056
359,	1,	10.0,	128.064,			2.711,			0.242,			0.053
360,	1,	44.0,	128.146,			2.384,			0.281,			0.058
361,	1,	7.0,	128.161,			1.061,			0.135,			0.053
362,	1,	379.0,	128.626,			1.968,			0.284,			0.06
363,	1,	379.0,	128.704,			2.714,			0.119,			0.059
364,	1,	6.0,	128.71,			2.252,			0.242,			0.056
365,	1,	498.0,	128.729,			1.828,			0.217,			0.06
366,	1,	95.0,	129.076,			1.421,			0.268,			0.06
367,	1,	90.0,	129.098,			1.027,			0.129,			0.056
368,	1,	6.0,	129.135,			1.043,			0.257,			0.052
369,	1,	7.0,	129.247,			1.645,			0.148,			0.051
370,	1,	7.0,	129.375,			1.187,			0.173,			0.051
371,	1,	7.0,	129.445,			1.524,			0.206,			0.056
372,	1,	120.0,	129.592,			2.58,			0.201,			0.056
373,	1,	95.0,	129.635,			2.013,			0.139,			0.06
374,	1,	7.0,	129.946,			1.821,			0.174,			0.06
375,	1,	44.0,	129.995,			2.034,			0.271,			0.05
376,	1,	498.0,	130.027,			1.153,			0.132,			0.059
377,	1,	7.0,	130.144,			2.18,			0.256,			0.052
378,	1,	90.0,	130.304,			1.187,			0.251,			0.057
379,	1,	30.0,	131.133,			1.75,			0.247,			0.057
380,	2,	136.0,	131.461,			12.691,			1.349,			0.145
381,	1,	447.0,	131.542,			2.532,			0.122,			0.057
382,	1,	90.0,	131.701,			2.638,			0.258,			0.054
383,	2,	110.0,	131.748,			10.565,			1.455,			0.14
384,	1,	120.0,	131.958,			2.625,			0.174,			0.051
385,	1,	30.0,	132.214,			1.67,			0.121,			0.051
386,	1,	49.0,	132.565,			1.151,			0.108,			0.056
387,	1,	7.0,	133.069,			1.431,			0.214,			0.056
388,	1,	44.0,	133.244,			2.18,			0.2,			0.056
389,	1,	379.0,	133.322,			2.379,			0.15,			0.056
390,	1,	7.0,	133.379,			1.402,			0.282,			0.052
391,	1,	120.0,	133.394,			2.222,			0.137,			0.054
392,	1,	7.0,	133.62,			2.318,			0.17,			0.055
393,	2,	111.0,	133.773,			10.4,			1.49,			0.125
394,	1,	157.0,	133.783,			2.398,			0.147,			0.06
395,	2,	78.0,	133.827,			11.896,			1.005,			0.105
396,	1,	90.0,	133.866,			1.609,			0.22,			0.059
397,	2,	139.0,	134.052,			12.924,			1.246,			0.136
398,	1,	379.0,	134.34,			2.542,			0.136,			0.052
399,	1,	7.0,	134.402,			2.11,			0.195,			0.056
400,	1,	103.0,	134.494,			1.591,			0.169,			0.051
401,	1,	214.0,	134.578,			1.613,			0.16,			0.055
402,	1,	169.0,	134.73,			1.204,			0.106,			0.06
403,	1,	103.0,	134.731,			2.768,			0.177,			0.054
404,	1,	559.0,	134.781,			1.947,			0.133,			0.06
405,	1,	126.0,	134.838,			1.269,			0.108,			0.053
406,	1,	28.0,	134.894,			2.098,			0.263,			0.058
407,	1,	28.0,	134.941,			2.288,			0.26,			0.052
408,	1,	169.0,	135.034,			1.588,			0.168,			0.051
409,	1,	95.0,	135.082,			2.638,			0.11,			0.056
410,	1,	559.0,	135.169,			2.625,			0.106,			0.06
411,	1,	379.0,	135.296,			2.222,			0.217,			0.054
412,	1,	157.0,	135.3,			1.116,			0.167,			0.06
413,	1,	512.0,	135.512,			2.976,			0.268,			0.057
414,	1,	6.0,	135.579,			1.178,			0.197,			0.053
415,	1,	30.0,	135.649,			1.719,			0.217,			0.051
416,	1,	30.0,	136.161,			2.879,			0.137,			0.052
417,	1,	59.0,	136.411,			2.153,			0.211,			0.058
418,	1,	447.0,	136.627,			1.391,			0.254,			0.054
419,	1,	7.0,	136.663,			2.322,			0.201,			0.057
420,	1,	44.0,	136.776,			2.031,			0.228,			0.054
421,	1,	512.0,	137.002,			1.164,			0.296,			0.05
422,	1,	16.0,	137.089,			1.331,			0.254,			0.052
423,	1,	7.0,	137.198,			1.838,			0.26,			0.05
424,	1,	10.0,	137.414,			2.116,			0.244,			0.052
425,	1,	559.0,	137.535,			2.358,			0.186,			0.056
426,	1,	16.0,	137.822,			1.605,			0.266,			0.055
427,	1,	6.0,	138.777,			1.612,			0.287,			0.059
428,	1,	387.0,	138.901,			2.305,			0.298,			0.054
429,	1,	512.0,	139.212,			1.672,			0.265,			0.054
430,	1,	10.0,	139.404,			1.681,			0.16,			0.059
431,	1,	90.0,	139.41,			1.79,			0.191,			0.055
432,	1,	7.0,	139.476,			1.282,			0.135,			0.055
433,	1,	7.0,	139.497,			2.299,			0.131,			0.055
434,	1,	498.0,	139.636,			2.418,			0.198,			0.051
435,	1,	6.0,	139.656,			2.132,			0.153,			0.058
436,	1,	214.0,	140.075,			2.932,			0.121,			0.055
437,	1,	95.0,	140.097,			1.655,			0.283,			0.06
438,	1,	49.0,	140.24,			2.932,			0.148,			0.053
439,	1,	49.0,	140.275,			2.703,			0.152,			0.054
440,	1,	59.0,	140.357,			1.748,			0.17,			0.052
441,	1,	157.0,	140.523,			1.679,			0.299,			0.057
442,	1,	447.0,	140.681,			2.197,			0.217,			0.053
443,	1,	169.0,	140.976,			1.566,			0.258,			0.053
444,	1,	157.0,	140.978,			1.826,			0.145,			0.058
445,	1,	13.0,	141.019,			1.933,			0.227,			0.051
446,	1,	214.0,	141.229,			2.787,			0.164,			0.056
447,	1,	120.0,	141.384,			2.2,			0.26,			0.056
448,	1,	214.0,	141.497,			1.769,			0.185,			0.055
449,	1,	214.0,	141.732,			2.034,			0.147,			0.057
450,	2,	87.0,	141.916,			14.906,			1.023,			0.109
451,	1,	157.0,	141.96,			1.403,			0.106,			0.059
452,	1,	498.0,	142.092,			2.286,			0.237,			0.056
453,	1,	214.0,	142.36,			1.092,			0.21,			0.058
454,	1,	379.0,	142.537,			1.783,			0.12,			0.052
455,	1,	44.0,	142.569,			1.667,			0.225,			0.059
456,	1,	120.0,	142.776,			1.908,			0.209,			0.059
457,	1,	7.0,	142.785,			2.487,			0.167,			0.051
458,	1,	95.0,	142.932,			2.085,			0.26,			0.056
459,	2,	252.0,	142.971,			12.933,			1.005,			0.195
460,	1,	44.0,	143.026,			1.364,			0.298,			0.055
461,	1,	498.0,	143.185,			1.115,			0.221,			0.053
462,	1,	16.0,	143.193,			2.436,			0.206,			0.059
463,	1,	6.0,	143.274,			2.317,			0.188,			0.051
464,	1,	59.0,	143.621,			1.688,			0.128,			0.057
465,	1,	44.0,	143.656,			1.908,			0.166,			0.051
466,	1,	169.0,	144.097,			1.314,			0.108,			0.053
467,	1,	379.0,	144.176,			2.799,			0.23,			0.055
468,	1,	214.0,	144.18,			1.752,			0.169,			0.058
469,	1,	44.0,	144.23,			1.116,			0.135,			0.051
470,	1,	59.0,	144.275,			1.425,			0.185,			0.054
471,	1,	214.0,	144.403,			1.448,			0.149,			0.053
472,	1,	44.0,	144.572,			2.429,			0.175,			0.06
473,	1,	10.0,	144.618,			2.316,			0.136,			0.055
474,	1,	7.0,	144.703,			1.322,			0.169,			0.06
475,	2,	125.0,	144.818,			14.393,			1.253,			0.127
476,	1,	49.0,	145.115,			2.628,			0.257,			0.057
477,	1,	447.0,	145.132,			1.962,			0.247,			0.053
478,	1,	10.0,	145.145,			1.01,			0.169,			0.057
479,	1,	49.0,	145.214,			1.486,			0.287,			0.056
480,	1,	447.0,	145.551,			2.503,			0.247,			0.056
481,	1,	6.0,	145.589,			2.681,			0.288,			0.057
482,	2,	234.0,	145.639,			12.069,			1.143,			0.2
483,	1,	103.0,	145.782,			2.8,			0.162,			0.057
484,	2,	158.0,	145.897,			11.92,			1.47,			0.156
485,	1,	13.0,	146.284,			1.115,			0.186,			0.056
486,	1,	387.0,	146.945,			2.025,			0.273,			0.05
487,	1,	49.0,	147.008,			1.303,			0.138,			0.053
488,	2,	171.0,	147.085,			13.349,			1.384,			0.125
489,	1,	126.0,	147.141,			2.984,			0.203,			0.055
490,	2,	133.0,	147.222,			10.957,			1.104,			0.124
491,	1,	559.0,	147.299,			2.628,			0.297,			0.054
492,	1,	559.0,	147.367,			2.533,			0.129,			0.059
493,	1,	169.0,	147.435,			2.004,			0.247,			0.05
494,	1,	146.0,	147.859,			2.398,			0.123,			0.056
495,	1,	387.0,	147.865,			1.146,			0.166,			0.053
496,	1,	7.0,	147.903,			1.038,			0.299,			0.058
497,	1,	49.0,	147.945,			2.631,			0.113,			0.051
498,	1,	59.0,	148.501,			1.639,			0.202,			0.059
499,	1,	95.0,	148.681,			2.273,			0.12,			0.058
500,	2,	185.0,	148.775,			11.134,			1.236,			0.178
501,	1,	7.0,	148.781,			2.926,			0.206,			0.053
502,	1,	7.0,	148.798,			1.968,			0.197,			0.053
503,	1,	559.0,	149.155,			1.047,			0.187,			0.056
504,	1,	13.0,	149.184,			2.879,			0.12,			0.059
505,	1,	146.0,	149.217,			2.509,			0.239,			0.056
506,	1,	157.0,	149.314,			2.565,			0.177,			0.058
507,	1,	49.0,	149.611,			1.909,			0.158,			0.054
508,	1,	103.0,	149.655,			2.19,			0.237,			0.058
509,	1,	13.0,	149.683,			2.379,			0.293,			0.06
510,	1,	16.0,	149.951,			2.896,			0.263,			0.054
511,	1,	103.0,	150.061,			1.515,			0.299,			0.056
512,	1,	7.0,	150.081,			1.217,			0.19,			0.05
513,	1,	44.0,	150.146,			1.879,			0.268,			0.058
514,	1,	28.0,	150.366,			2.838,			0.152,			0.051
515,	1,	49.0,	150.523,			1.25,			0.128,			0.052
516,	1,	120.0,	150.649,			2.794,			0.158,			0.055
517,	1,	28.0,	150.663,			1.561,			0.261,			0.051
518,	1,	120.0,	150.762,			1.631,			0.13,			0.053
519,	1,	559.0,	150.853,			1.566,			0.198,			0.055
520,	1,	44.0,	150.875,			1.631,			0.158,			0.059
521,	1,	387.0,	150.885,			1.168,			0.174,			0.054
522,	1,	214.0,	150.902,			2.926,			0.189,			0.055
523,	1,	559.0,	150.931,			2.889,			0.235,			0.055
524,	1,	7.0,	151.064,			2.947,			0.223,			0.051
525,	1,	157.0,	151.229,			1.106,			0.132,			0.059
526,	1,	559.0,	151.919,			1.071,			0.293,			0.051
527,	1,	49.0,	151.931,			1.994,			0.227,			0.051
528,	1,	59.0,	151.95,			2.381,			0.119,			0.055
529,	1,	44.0,	151.973,			2.013,			0.254,			0.057
530,	1,	44.0,	152.016,			1.509,			0.145,			0.055
531,	1,	387.0,	152.188,			1.245,			0.183,			0.051
532,	1,	379.0,	152.226,			1.425,			0.206,			0.054
533,	1,	169.0,	152.336,			1.99,			0.215,			0.059
534,	1,	126.0,	152.363,			1.302,			0.214,			0.058
535,	1,	95.0,	152.693,			2.596,			0.133,			0.057
536,	1,	103.0,	152.891,			1.36,			0.122,			0.053
537,	1,	387.0,	152.902,			2.865,			0.22,			0.057
538,	1,	169.0,	153.12,			2.779,			0.252,			0.054
539,	1,	447.0,	153.128,			1.155,			0.221,			0.059
540,	1,	44.0,	153.134,			1.458,			0.116,			0.057
541,	1,	146.0,	153.207,			2.388,			0.214,			0.052
542,	2,	122.0,	153.285,			10.999,			1.166,			0.142
543,	1,	16.0,	153.34,			1.188,			0.139,			0.052
544,	1,	6.0,	153.471,			2.842,			0.249,			0.055
545,	1,	44.0,	153.5,			2.8,			0.275,			0.059
546,	1,	559.0,	153.825,			1.17,			0.108,			0.057
547,	1,	6.0,	153.997,			1.229,			0.268,			0.051
548,	1,	126.0,	154.094,			2.56,			0.27,			0.06
549,	1,	49.0,	154.462,			2.43,			0.226,			0.051
550,	2,	146.0,	154.494,			12.835,			1.481,			0.116
551,	2,	129.0,	154.548,			13.297,			1.426,			0.165
552,	1,	103.0,	154.881,			2.893,			0.295,			0.058
553,	1,	447.0,	155.009,			2.28,			0.299,			0.055
554,	1,	379.0,	155.111,			2.598,			0.219,			0.053
555,	1,	214.0,	155.114,			2.176,			0.169,			0.052
556,	1,	103.0,	155.115,			2.748,			0.19,			0.056
557,	1,	498.0,	155.505,			1.591,			0.256,			0.059
558,	2,	127.0,	155.706,			10.777,			1.086,			0.137
559,	1,	7.0,	156.134,			2.446,			0.238,			0.06
560,	1,	49.0,	156.25,			2.58,			0.281,			0.052
561,	1,	95.0,	156.265,			1.969,			0.177,			0.057
562,	1,	95.0,	156.342,			2.832,			0.172,			0.05
563,	1,	379.0,	156.348,			2.252,			0.283,			0.054
564,	1,	6.0,	156.56,			2.651,			0.178,			0.054
565,	1,	28.0,	156.673,			2.874,			0.123,			0.053
566,	1,	10.0,	156.677,			2.398,			0.282,			0.054
567,	1,	6.0,	156.819,			1.731,			0.267,			0.054
568,	1,	126.0,	156.93,			1.096,			0.283,			0.054
569,	1,	13.0,	157.088,			2.273,			0.166,			0.051
570,	1,	146.0,	157.111,			2.675,			0.193,			0.053
571,	1,	44.0,	157.314,			2.138,			0.169,			0.052
572,	1,	7.0,	157.393,			2.084,			0.2,			0.05
573,	1,	44.0,	157.443,			2.02,			0.206,			0.051
574,	1,	59.0,	157.5,			2.238,			0.288,			0.056
575,	1,	387.0,	157.557,			2.643,			0.187,			0.058
576,	1,	120.0,	157.681,			1.595,			0.299,			0.053
577,	1,	28.0,	157.732,			2.756,			0.207,			0.053
578,	1,	7.0,	157.867,			1.719,			0.291,			0.057
579,	1,	512.0,	157.876,			1.213,			0.136,			0.055
580,	1,	214.0,	157.932,			2.954,			0.103,			0.057
581,	1,	49.0,	158.177,			1.984,			0.211,			0.055
582,	1,	6.0,	158.356,			2.88,			0.114,			0.052
583,	1,	126.0,	158.411,			2.034,			0.209,			0.051
584,	1,	7.0,	158.767,			1.692,			0.109,			0.054
585,	1,	559.0,	158.773,			1.69,			0.129,			0.052
586,	1,	90.0,	158.876,			1.862,			0.136,			0.052
587,	1,	44.0,	159.369,			2.265,			0.202,			0.057
588,	1,	214.0,	159.607,			1.667,			0.25,			0.052
589,	1,	512.0,	159.792,			1.878,			0.111,			0.06
590,	1,	7.0,	159.803,			1.915,			0.129,			0.051
591,	1,	559.0,	159.825,			1.038,			0.274,			0.051
592,	1,	387.0,	160.042,			2.304,			0.101,			0.058
593,	2,	189.0,	160.12,			11.239,			1.025,			0.185
594,	1,	146.0,	160.207,			1.121,			0.225,			0.058
595,	1,	44.0,	160.238,			1.626,			0.28,			0.05
596,	1,	16.0,	160.334,			2.655,			0.116,			0.052
597,	1,	146.0,	160.378,			1.051,			0.228,			0.056
598,	1,	16.0,	160.478,			1.447,			0.118,			0.056
599,	1,	512.0,	160.499,			2.235,			0.116,			0.059
600,	1,	10.0,	160.547,			2.936,			0.232,			0.05
601,	1,	146.0,	160.635,			1.984,			0.172,			0.051
602,	1,	157.0,	161.111,			1.128,			0.225,			0.055
603,	1,	90.0,	161.118,			1.708,			0.237,			0.057
604,	1,	30.0,	161.187,			2.316,			0.21,			0.056
605,	1,	379.0,	161.259,			1.505,			0.115,			0.058
606,	1,	49.0,	161.636,			1.169,			0.169,			0.055
607,	1,	44.0,	161.859,			1.597,			0.244,			0.06
608,	1,	7.0,	161.948,			2.95,			0.249,			0.05
609,	1,	126.0,	162.08,			1.366,			0.177,			0.05
610,	1,	169.0,	162.114,			1.496,			0.133,			0.055
611,	2,	69.0,	162.14,			10.16,			1.353,			0.183
612,	1,	7.0,	162.409,			2.789,			0.295,			0.053
613,	1,	447.0,	162.57,			2.8,			0.152,			0.05
614,	1,	512.0,	162.58,			2.479,			0.125,			0.053
615,	1,	44.0,	162.619,			2.548,			0.266,			0.054
616,	1,	44.0,	162.704,			1.933,			0.251,			0.053
617,	1,	59.0,	162.706,			2.621,			0.273,			0.058
618,	1,	10.0,	162.896,			1.642,			0.184,			0.051
619,	1,	6.0,	163.064,			2.914,			0.225,			0.057
620,	1,	214.0,	163.129,			2.598,			0.142,			0.055
621,	1,	103.0,	163.305,			1.809,			0.161,			0.051
622,	1,	146.0,	163.514,			2.454,			0.133,			0.051
623,	1,	447.0,	163.537,			2.601,			0.227,			0.06
624,	1,	95.0,	163.75,			2.051,			0.237,			0.051
625,	2,	155.0,	163.902,			14.965,			1.065,			0.2
626,	1,	13.0,	163.906,			2.116,			0.236,			0.055
627,	1,	120.0,	164.12,			2.857,			0.252,			0.053
628,	1,	6.0,	164.301,			1.654,			0.185,			0.056
629,	1,	95.0,	164.363,			1.141,			0.227,			0.055
630,	2,	165.0,	164.449,			13.193,			1.029,			0.141
631,	1,	169.0,	164.716,			1.243,			0.205,			0.059
632,	1,	379.0,	164.812,			1.383,			0.103,			0.051
633,	1,	169.0,	164.946,			1.912,			0.108,			0.058
634,	1,	498.0,	164.972,			2.096,			0.121,			0.057
635,	1,	157.0,	165.378,			1.76,			0.255,			0.057
636,	1,	13.0,	165.641,			2.175,			0.231,			0.053
637,	1,	90.0,	165.704,			2.843,			0.248,			0.054
638,	1,	13.0,	165.784,			1.736,			0.199,			0.056
639,	1,	7.0,	165.998,			2.638,			0.284,			0.056
640,	1,	7.0,	166.104,			1.395,			0.133,			0.056
641,	1,	120.0,	166.129,			1.683,			0.212,			0.052
642,	1,	6.0,	166.133,			2.222,			0.277,			0.06
643,	1,	214.0,	166.227,			1.406,			0.233,			0.056
644,	2,	147.0,	166.293,			13.007,			1.369,			0.111
645,	1,	16.0,	166.367,			1.783,			0.139,			0.05
646,	1,	146.0,	166.75,			2.794,			0.187,			0.058
647,	1,	44.0,	166.903,			2.33,			0.285,			0.053
648,	1,	7.0,	167.003,			2.326,			0.161,			0.055
649,	1,	120.0,	167.063,			2.43,			0.187,			0.057
650,	1,	44.0,	167.22,			1.164,			0.152,			0.055
651,	1,	146.0,	167.256,			2.565,			0.266,			0.06
652,	1,	379.0,	167.302,			1.662,			0.228,			0.059
653,	2,	311.0,	168.142,			13.89,			1.46,			0.133
654,	1,	30.0,	168.231,			2.238,			0.258,			0.052
655,	1,	13.0,	168.249,			2.861,			0.27,			0.058
656,	1,	559.0,	168.263,			2.279,			0.159,			0.054
657,	1,	387.0,	168.482,			2.69,			0.206,			0.058
658,	1,	120.0,	168.515,			1.115,			0.157,			0.059
659,	1,	30.0,	168.561,			2.957,			0.243,			0.054
660,	1,	7.0,	168.608,			1.639,			0.133,			0.057
661,	1,	146.0,	168.865,			1.204,			0.164,			0.058
662,	1,	95.0,	169.01,			2.366,			0.173,			0.059
663,	1,	103.0,	169.018,			2.973,			0.128,			0.051
664,	1,	49.0,	169.139,			1.441,			0.199,			0.059
665,	1,	49.0,	169.14,			1.445,			0.133,			0.051
666,	1,	16.0,	169.151,			1.241,			0.21,			0.054
667,	1,	126.0,	169.156,			1.262,			0.281,			0.054
668,	1,	103.0,	169.511,			1.683,			0.27,			0.051
669,	1,	146.0,	169.723,			2.796,			0.212,			0.057
670,	1,	44.0,	170.131,			1.766,			0.263,			0.05
671,	1,	379.0,	170.207,			2.047,			0.151,			0.055
672,	1,	126.0,	170.286,			2.244,			0.27,			0.056
673,	1,	16.0,	170.426,			2.932,			0.29,			0.051
674,	2,	160.0,	170.698,			10.035,			1.463,			0.154
675,	1,	146.0,	170.777,			2.427,			0.29,			0.051
676,	1,	95.0,	170.811,			2.194,			0.11,			0.05
677,	1,	214.0,	170.855,			2.122,			0.182,			0.055
678,	1,	30.0,	171.253,			1.086,			0.133,			0.058
679,	1,	28.0,	171.273,			1.433,			0.257,			0.05
680,	1,	7.0,	172.107,			1.516,			0.196,			0.058
681,	1,	157.0,	172.167,			1.141,			0.179,			0.051
682,	1,	44.0,	172.495,			2.316,			0.267,			0.051
683,	1,	559.0,	172.812,			2.09,			0.156,			0.05
684,	1,	13.0,	173.22,			1.578,			0.109,			0.056
685,	1,	447.0,	173.235,			2.879,			0.121,			0.054
686,	1,	7.0,	173.464,			1.707,			0.169,			0.057
687,	1,	30.0,	173.491,			1.044,			0.222,			0.057
688,	1,	146.0,	173.948,			1.353,			0.133,			0.051
689,	2,	120.0,	174.431,			13.228,			1.317,			0.122
690,	1,	7.0,	174.446,			1.226,			0.28,			0.057
691,	1,	6.0,	174.556,			1.111,			0.208,			0.056
692,	1,	10.0,	174.568,			1.03,			0.223,			0.052
693,	1,	59.0,	174.571,			1.784,			0.205,			0.057
694,	1,	7.0,	174.625,			2.148,			0.255,			0.056
695,	2,	160.0,	174.639,			14.903,			1.305,			0.158
696,	1,	512.0,	175.007,			1.701,			0.248,			0.059
697,	1,	28.0,	175.322,			2.568,			0.2,			0.054
698,	1,	49.0,	175.578,			1.162,			0.18,			0.056
699,	1,	44.0,	175.622,			1.657,			0.107,			0.056
700,	1,	16.0,	175.814,			2.542,			0.152,			0.056
701,	1,	7.0,	176.017,			1.211,			0.107,			0.054
702,	1,	379.0,	176.115,			1.431,			0.298,			0.057
703,	1,	120.0,	176.171,			1.876,			0.19,			0.052
704,	1,	7.0,	176.193,			1.963,			0.154,			0.052
705,	2,	46.0,	176.276,			11.437,			1.364,			0.191
706,	1,	28.0,	176.401,			1.844,			0.279,			0.058
707,	1,	6.0,	176.452,			1.007,			0.207,			0.052
708,	2,	128.0,	176.614,			13.535,			1.088,			0.119
709,	1,	7.0,	176.873,			2.013,			0.226,			0.06
710,	1,	387.0,	176.931,			1.985,			0.214,			0.051
711,	1,	146.0,	176.979,			2.777,			0.27,			0.054
712,	1,	6.0,	177.029,			2.554,			0.227,			0.055
713,	1,	49.0,	177.06,			1.883,			0.215,			0.058
714,	1,	16.0,	177.213,			2.127,			0.156,			0.05
715,	1,	126.0,	177.44,			2.661,			0.26,			0.056
716,	1,	10.0,	178.431,			2.9,			0.258,			0.057
717,	1,	6.0,	178.527,			1.522,			0.17,			0.059
718,	1,	16.0,	178.935,			1.59,			0.284,			0.052
719,	1,	30.0,	179.137,			1.826,			0.231,			0.058
720,	1,	7.0,	179.24,			1.73,			0.26,			0.059
721,	1,	16.0,	179.286,			1.816,			0.299,			0.057
722,	1,	214.0,	179.455,			1.047,			0.19,			0.05
723,	1,	103.0,	180.137,			2.598,			0.117,			0.052
724,	1,	90.0,	180.319,			2.976,			0.124,			0.054
725,	1,	95.0,	180.466,			2.819,			0.275,			0.05
726,	1,	90.0,	180.693,			1.13,			0.116,			0.055
727,	1,	16.0,	180.701,			1.091,			0.187,			0.06
728,	1,	157.0,	180.731,			1.663,			0.258,			0.053
729,	1,	379.0,	180.766,			1.838,			0.202,			0.051
730,	1,	120.0,	180.895,			1.554,			0.121,			0.053
731,	1,	126.0,	180.946,			1.539,			0.169,			0.056
732,	1,	44.0,	181.626,			1.168,			0.208,			0.057
733,	1,	16.0,	181.701,			2.948,			0.151,			0.052
734,	1,	90.0,	181.814,			1.736,			0.217,			0.051
735,	1,	90.0,	182.254,			1.996,			0.298,			0.059
736,	1,	157.0,	182.579,			1.682,			0.237,			0.06
737,	1,	498.0,	182.599,			1.25,			0.206,			0.052
738,	1,	447.0,	182.621,			2.034,			0.274,			0.059
739,	1,	6.0,	182.777,			2.598,			0.114,			0.052
740,	1,	126.0,	183.248,			2.418,			0.287,			0.051
741,	2,	176.0,	183.909,			13.596,			1.259,			0.161
742,	1,	16.0,	183.96,			2.936,			0.161,			0.054
743,	1,	512.0,	184.371,			2.78,			0.133,			0.059
744,	1,	28.0,	184.379,			2.691,			0.121,			0.052
745,	2,	59.0,	184.47,			10.936,			1.31,			0.185
746,	2,	72.0,	184.577,			11.854,			1.418,			0.148
747,	1,	44.0,	184.661,			2.555,			0.136,			0.051
748,	1,	7.0,	184.747,			2.757,			0.103,			0.054
749,	1,	146.0,	185.026,			1.631,			0.297,			0.06
750,	2,	111.0,	185.181,			12.594,			1.363,			0.145
751,	1,	6.0,	185.228,			2.449,			0.209,			0.053
752,	1,	10.0,	185.473,			2.976,			0.21,			0.052
753,	1,	49.0,	185.516,			2.398,			0.139,			0.059
754,	1,	95.0,	185.809,			2.055,			0.139,			0.057
755,	1,	59.0,	185.866,			2.838,			0.244,			0.056
756,	1,	214.0,	186.396,			2.14,			0.166,			0.056
757,	1,	379.0,	186.56,			2.888,			0.133,			0.057
758,	1,	559.0,	186.575,			1.362,			0.28,			0.057
759,	1,	120.0,	186.902,			1.707,			0.172,			0.053
760,	1,	16.0,	187.317,			1.707,			0.298,			0.056
761,	1,	7.0,	187.771,			2.103,			0.249,			0.053
762,	2,	237.0,	187.959,			11.058,			1.006,			0.162
763,	1,	7.0,	188.039,			1.972,			0.286,			0.058
764,	1,	59.0,	188.13,			1.048,			0.237,			0.051
765,	1,	7.0,	188.576,			2.223,			0.22,			0.055
766,	1,	49.0,	188.611,			1.092,			0.195,			0.054
767,	1,	103.0,	188.863,			2.675,			0.284,			0.057
768,	1,	498.0,	189.052,			2.11,			0.288,			0.053
769,	1,	120.0,	189.374,			1.188,			0.211,			0.057
770,	1,	30.0,	189.489,			1.406,			0.244,			0.057
771,	2,	192.0,	189.82,			11.666,			1.022,			0.151
772,	1,	559.0,	190.287,			1.485,			0.16,			0.06
773,	1,	44.0,	190.305,			1.63,			0.281,			0.058
774,	1,	126.0,	190.394,			2.625,			0.124,			0.054
775,	1,	7.0,	190.518,			2.157,			0.27,			0.051
776,	1,	95.0,	190.527,			2.449,			0.245,			0.053
777,	1,	44.0,	190.549,			2.581,			0.281,			0.056
778,	2,	188.0,	190.565,			11.442,			1.449,			0.13
779,	1,	120.0,	190.819,			1.561,			0.26,			0.051
780,	2,	80.0,	191.436,			14.172,			1.299,			0.186
781,	1,	146.0,	191.71,			2.973,			0.269,			0.059
782,	1,	157.0,	192.392,			2.9,			0.216,			0.058
783,	1,	90.0,	192.451,			1.996,			0.158,			0.052
784,	1,	44.0,	192.866,			1.46,			0.273,			0.053
785,	1,	169.0,	192.941,			1.103,			0.296,			0.055
786,	2,	174.0,	193.061,			13.273,			1.441,			0.126
787,	1,	7.0,	193.253,			2.794,			0.267,			0.051
788,	1,	498.0,	193.823,			1.01,			0.101,			0.056
789,	1,	10.0,	194.079,			1.933,			0.284,			0.059
790,	2,	113.0,	194.571,			12.787,			1.375,			0.169
791,	1,	95.0,	194.597,			2.08,			0.2,			0.06
792,	1,	120.0,	194.611,			1.296,			0.137,			0.058
793,	1,	90.0,	194.704,			2.799,			0.124,			0.058
794,	1,	30.0,	194.756,			1.835,			0.232,			0.05
795,	1,	498.0,	194.961,			2.486,			0.252,			0.052
796,	1,	512.0,	195.402,			1.932,			0.229,			0.06
797,	1,	6.0,	195.75,			1.509,			0.139,			0.058
798,	2,	226.0,	196.288,			12.738,			1.332,			0.111
799,	2,	105.0,	196.298,			13.908,			1.116,			0.159
800,	1,	7.0,	196.505,			2.407,			0.202,			0.054
801,	1,	44.0,	196.756,			1.16,			0.295,			0.053
802,	1,	7.0,	196.997,			2.522,			0.22,			0.055
803,	2,	330.0,	197.364,			10.014,			1.392,			0.129
804,	1,	157.0,	197.447,			2.957,			0.168,			0.056
805,	1,	7.0,	197.502,			1.625,			0.135,			0.057
806,	1,	28.0,	198.248,			2.02,			0.121,			0.051
807,	1,	49.0,	198.393,			2.647,			0.235,			0.06
808,	1,	157.0,	198.4,			1.432,			0.294,			0.058
809,	2,	84.0,	198.607,			13.377,			1.311,			0.137
810,	1,	169.0,	198.756,			2.194,			0.142,			0.059
811,	1,	7.0,	199.767,			1.688,			0.172,			0.05
812,	1,	126.0,	199.966,			2.695,			0.191,			0.056
813,	1,	6.0,	200.165,			2.748,			0.294,			0.057
814,	1,	559.0,	200.234,			1.942,			0.155,			0.05
815,	1,	157.0,	200.436,			2.265,			0.121,			0.058
816,	1,	95.0,	200.517,			1.08,			0.211,			0.054
817,	2,	285.0,	200.533,			11.194,			1.262,			0.147
818,	1,	169.0,	200.761,			2.138,			0.121,			0.059
819,	1,	146.0,	201.114,			1.509,			0.124,			0.06
820,	1,	169.0,	201.389,			2.065,			0.159,			0.055
821,	2,	93.0,	201.955,			14.132,			1.229,			0.2
822,	1,	512.0,	202.139,			1.203,			0.294,			0.05
823,	1,	169.0,	202.675,			2.864,			0.199,			0.058
824,	1,	7.0,	202.738,			1.17,			0.173,			0.054
825,	1,	44.0,	202.837,			1.146,			0.27,			0.055
826,	1,	7.0,	202.864,			2.796,			0.197,			0.054
827,	1,	387.0,	203.065,			2.273,			0.133,			0.052
828,	2,	256.0,	203.547,			13.449,			1.252,			0.191
829,	1,	559.0,	203.562,			1.663,			0.191,			0.058
830,	1,	7.0,	203.877,			1.317,			0.135,			0.051
831,	1,	44.0,	204.282,			1.26,			0.149,			0.051
832,	1,	44.0,	204.572,			2.606,			0.182,			0.059
833,	1,	90.0,	204.883,			2.509,			0.285,			0.056
834,	1,	44.0,	204.915,			1.879,			0.219,			0.06
835,	1,	387.0,	205.442,			2.864,			0.237,			0.057
836,	2,	157.0,	205.757,			11.134,			1.07,			0.127
837,	1,	559.0,	205.779,			1.516,			0.161,			0.051
838,	1,	16.0,	205.821,			1.27,			0.255,			0.054
839,	1,	387.0,	206.309,			2.378,			0.192,			0.053
840,	1,	447.0,	206.622,			2.299,			0.198,			0.051
841,	1,	498.0,	207.339,			1.609,			0.26,			0.057
842,	1,	559.0,	207.664,			1.277,			0.139,			0.054
843,	1,	379.0,	207.762,			1.62,			0.106,			0.054
844,	1,	16.0,	207.916,			2.78,			0.162,			0.057
845,	1,	447.0,	207.962,			2.197,			0.162,			0.051
846,	1,	30.0,	207.997,			2.084,			0.189,			0.053
847,	1,	6.0,	208.097,			1.72,			0.225,			0.057
848,	2,	215.0,	208.696,			10.523,			1.051,			0.15
849,	1,	95.0,	208.881,			1.996,			0.149,			0.058
850,	2,	181.0,	209.071,			13.629,			1.093,			0.174
851,	2,	212.0,	209.124,			10.71,			1.289,			0.168
852,	1,	49.0,	209.319,			1.729,			0.295,			0.058
853,	1,	387.0,	209.523,			1.006,			0.223,			0.057
854,	1,	379.0,	209.633,			1.592,			0.177,			0.051
855,	1,	44.0,	209.806,			2.776,			0.297,			0.053
856,	1,	30.0,	210.15,			1.963,			0.272,			0.056
857,	1,	146.0,	211.501,			2.378,			0.224,			0.056
858,	1,	59.0,	211.73,			1.467,			0.266,			0.059
859,	1,	49.0,	211.989,			2.634,			0.173,			0.057
860,	1,	10.0,	212.14,			1.651,			0.102,			0.051
861,	2,	226.0,	212.321,			13.36,			1.077,			0.16
862,	1,	157.0,	212.622,			1.581,			0.199,			0.057
863,	1,	498.0,	212.713,			1.424,			0.168,			0.051
864,	2,	196.0,	212.951,			10.584,			1.069,			0.121
865,	2,	225.0,	213.878,			12.393,			1.416,			0.103
866,	1,	103.0,	214.432,			1.659,			0.254,			0.052
867,	1,	379.0,	214.48,			1.166,			0.292,			0.054
868,	2,	192.0,	214.675,			11.6,			1.438,			0.111
869,	1,	7.0,	215.282,			2.776,			0.274,			0.056
870,	1,	6.0,	215.352,			2.2,			0.17,			0.054
871,	1,	157.0,	215.452,			2.316,			0.193,			0.059
872,	1,	44.0,	215.712,			1.188,			0.299,			0.054
873,	1,	120.0,	216.047,			1.708,			0.104,			0.052
874,	2,	120.0,	216.17,			13.162,			1.499,			0.158
875,	1,	169.0,	216.5,			1.116,			0.217,			0.06
876,	1,	6.0,	216.687,			1.08,			0.275,			0.051
877,	2,	244.0,	216.707,			13.92,			1.12,			0.108
878,	2,	202.0,	217.025,			14.134,			1.451,			0.137
879,	1,	103.0,	217.218,			1.757,			0.204,			0.058
880,	1,	7.0,	217.428,			2.973,			0.202,			0.057
881,	1,	95.0,	217.569,			2.436,			0.186,			0.052
882,	1,	10.0,	217.593,			2.681,			0.141,			0.059
883,	1,	146.0,	218.177,			1.558,			0.241,			0.052
884,	1,	59.0,	218.609,			2.293,			0.292,			0.057
885,	1,	28.0,	218.738,			1.448,			0.224,			0.051
886,	2,	263.0,	218.821,			14.289,			1.202,			0.114
887,	2,	157.0,	218.838,			11.316,			1.486,			0.118
888,	1,	169.0,	219.013,			1.019,			0.23,			0.054
889,	1,	28.0,	219.16,			1.186,			0.191,			0.053
890,	2,	121.0,	219.568,			10.548,			1.119,			0.156
891,	1,	120.0,	219.959,			1.13,			0.291,			0.06
892,	1,	387.0,	220.548,			1.325,			0.206,			0.058
893,	1,	10.0,	221.237,			1.998,			0.256,			0.056
894,	1,	44.0,	221.557,			2.685,			0.297,			0.057
895,	1,	44.0,	223.281,			1.692,			0.227,			0.053
896,	1,	498.0,	223.332,			2.279,			0.299,			0.053
897,	1,	126.0,	224.337,			1.485,			0.162,			0.058
898,	1,	126.0,	224.429,			1.496,			0.174,			0.053
899,	1,	387.0,	225.084,			1.432,			0.209,			0.054
900,	1,	49.0,	225.226,			1.969,			0.139,			0.052
901,	1,	387.0,	225.295,			1.442,			0.234,			0.053
902,	2,	133.0,	225.645,			12.085,			1.133,			0.148
903,	1,	30.0,	225.824,			1.151,			0.116,			0.05
904,	1,	169.0,	226.91,			1.977,			0.144,			0.058
905,	1,	146.0,	226.978,			2.318,			0.291,			0.054
906,	1,	214.0,	227.658,			2.5,			0.192,			0.059
907,	1,	7.0,	227.891,			1.331,			0.254,			0.055
908,	1,	6.0,	228.089,			1.103,			0.121,			0.06
909,	1,	214.0,	228.335,			1.433,			0.106,			0.058
910,	1,	559.0,	228.357,			1.266,			0.277,			0.057
911,	1,	157.0,	228.6,			1.753,			0.207,			0.054
912,	2,	213.0,	228.757,			14.099,			1.258,			0.137
913,	1,	30.0,	228.847,			2.625,			0.177,			0.051
914,	2,	87.0,	229.274,			12.105,			1.059,			0.123
915,	2,	203.0,	229.458,			12.581,			1.24,			0.158
916,	1,	6.0,	229.463,			2.813,			0.101,			0.057
917,	1,	126.0,	229.695,			2.497,			0.141,			0.05
918,	2,	110.0,	229.8,			13.878,			1.304,			0.127
919,	1,	95.0,	230.234,			2.623,			0.131,			0.051
920,	1,	379.0,	230.797,			1.728,			0.238,			0.056
921,	1,	120.0,	231.92,			2.33,			0.196,			0.054
922,	1,	157.0,	232.243,			2.051,			0.159,			0.058
923,	1,	13.0,	232.529,			1.217,			0.193,			0.055
924,	1,	387.0,	232.564,			2.269,			0.288,			0.06
925,	1,	7.0,	234.251,			1.302,			0.231,			0.06
926,	1,	169.0,	234.646,			2.167,			0.103,			0.05
927,	2,	195.0,	234.917,			14.804,			1.4,			0.158
928,	1,	28.0,	235.032,			2.948,			0.138,			0.056
929,	2,	106.0,	235.552,			12.576,			1.184,			0.166
930,	2,	130.0,	235.629,			11.164,			1.029,			0.133
931,	1,	387.0,	236.964,			1.043,			0.288,			0.056
932,	2,	184.0,	237.082,			10.769,			1.138,			0.195
933,	2,	77.0,	237.991,			10.279,			1.174,			0.16
934,	1,	559.0,	238.13,			2.302,			0.289,			0.059
935,	1,	16.0,	238.268,			1.769,			0.297,			0.058
936,	1,	10.0,	239.64,			1.488,			0.214,			0.057
937,	1,	559.0,	240.74,			2.187,			0.282,			0.06
938,	2,	287.0,	240.964,			14.45,			1.012,			0.145
939,	2,	148.0,	241.29,			12.357,			1.029,			0.146
940,	2,	154.0,	242.096,			10.789,			1.012,			0.156
941,	2,	144.0,	242.439,			14.162,			1.24,			0.18
942,	1,	28.0,	242.866,			2.795,			0.107,			0.057
943,	1,	7.0,	244.048,			1.551,			0.245,			0.058
944,	1,	13.0,	244.509,			2.454,			0.214,			0.059
945,	2,	145.0,	244.723,			14.146,			1.029,			0.113
946,	1,	157.0,	245.144,			1.191,			0.269,			0.051
947,	2,	112.0,	246.763,			11.884,			1.241,			0.181
948,	1,	44.0,	246.863,			2.768,			0.247,			0.059
949,	1,	498.0,	247.125,			1.963,			0.228,			0.051
950,	1,	7.0,	248.849,			2.881,			0.215,			0.053
951,	2,	196.0,	249.24,			10.669,			1.323,			0.195
952,	2,	79.0,	251.351,			13.59,			1.131,			0.136
953,	1,	44.0,	252.522,			2.318,			0.288,			0.06
954,	1,	214.0,	252.924,			2.301,			0.216,			0.055
955,	1,	95.0,	253.373,			2.907,			0.127,			0.052
956,	2,	80.0,	253.838,			14.624,			1.01,			0.157
957,	2,	147.0,	254.019,			10.443,			1.093,			0.172
958,	1,	447.0,	254.207,			1.977,			0.156,			0.057
959,	1,	146.0,	256.865,			2.984,			0.142,			0.058
960,	2,	121.0,	257.025,			11.091,			1.259,			0.167
961,	2,	92.0,	257.333,			11.578,			1.463,			0.145
962,	2,	101.0,	257.827,			10.103,			1.349,			0.15
963,	1,	146.0,	259.535,			1.409,			0.295,			0.057
964,	2,	124.0,	261.137,			11.506,			1.252,			0.159
965,	2,	135.0,	261.178,			10.339,			1.268,			0.139
966,	1,	214.0,	261.255,			2.11,			0.268,			0.059
967,	2,	172.0,	261.525,			11.761,			1.468,			0.139
968,	2,	186.0,	262.089,			10.621,			1.116,			0.17
969,	1,	559.0,	262.939,			2.631,			0.272,			0.054
970,	1,	120.0,	263.505,			2.606,			0.287,			0.055
971,	2,	158.0,	264.75,			12.085,			1.103,			0.106
972,	1,	16.0,	265.106,			1.972,			0.272,			0.053
973,	2,	193.0,	267.601,			11.884,			1.381,			0.125
974,	1,	379.0,	267.606,			2.085,			0.208,			0.057
975,	2,	132.0,	268.783,			12.54,			1.324,			0.133
976,	1,	559.0,	268.959,			2.943,			0.27,			0.057
977,	2,	100.0,	269.601,			12.617,			1.139,			0.145
978,	2,	92.0,	269.868,			12.764,			1.174,			0.13
979,	2,	171.0,	270.111,			11.262,			1.067,			0.14
980,	1,	387.0,	273.531,			1.509,			0.283,			0.057
981,	2,	184.0,	275.317,			11.994,			1.067,			0.199
982,	1,	498.0,	277.222,			2.932,			0.107,			0.06
983,	2,	149.0,	283.508,			11.091,			1.437,			0.137
984,	2,	82.0,	283.519,			11.628,			1.204,			0.196
985,	2,	180.0,	285.473,			12.976,			1.465,			0.179
986,	2,	326.0,	286.318,			14.908,			1.012,			0.142
987,	1,	120.0,	291.11,			2.269,			0.14,			0.054
988,	2,	150.0,	293.857,			10.297,			1.279,			0.163
989,	2,	226.0,	295.448,			10.312,			1.31,			0.108
990,	2,	58.0,	296.325,			12.085,			1.067,			0.185
991,	2,	185.0,	296.632,			12.924,			1.411,			0.15
992,	2,	105.0,	296.769,			14.906,			1.409,			0.17
993,	2,	113.0,	296.984,			14.737,			1.153,			0.161
994,	2,	110.0,	297.341,			11.028,			1.108,			0.124
995,	2,	234.0,	298.465,			13.667,			1.157,			0.17
996,	2,	349.0,	298.755,			11.11,			1.212,			0.198
997,	2,	85.0,	299.309,			13.439,			1.073,			0.117
998,	2,	245.0,	299.415,			11.404,			1.121,			0.126
999,	2,	179.0,	299.578,			13.3,			1.117,			0.198
1000,	1,	95.0,	300.0,			1.915,			0.123,			0.056
