#, task_type_id, size, arrival_time,	execution_time_cpu,	execution_time_gpu,	execution_time_CLOUD
1,	1,	214.0,	0.0,			2.795,			0.166,			0.06
2,	2,	196.0,	0.884,			14.705,			1.025,			0.106
3,	2,	114.0,	1.968,			13.583,			1.051,			0.147
4,	2,	156.0,	1.996,			13.837,			1.282,			0.148
5,	2,	163.0,	2.618,			13.189,			1.398,			0.123
6,	2,	263.0,	6.037,			11.153,			1.452,			0.103
7,	2,	97.0,	9.022,			14.064,			1.007,			0.174
8,	2,	220.0,	9.14,			11.587,			1.178,			0.151
9,	2,	42.0,	11.693,			10.176,			1.326,			0.129
10,	2,	133.0,	12.889,			12.15,			1.246,			0.137
11,	2,	136.0,	15.206,			11.772,			1.165,			0.129
12,	2,	125.0,	15.456,			12.411,			1.131,			0.182
13,	1,	214.0,	17.014,			1.108,			0.29,			0.059
14,	2,	164.0,	17.067,			12.357,			1.453,			0.121
15,	2,	89.0,	18.612,			14.914,			1.086,			0.135
16,	1,	103.0,	18.808,			2.048,			0.103,			0.055
17,	2,	48.0,	19.376,			11.588,			1.303,			0.195
18,	2,	298.0,	20.628,			13.061,			1.223,			0.101
19,	2,	252.0,	20.63,			11.459,			1.418,			0.116
20,	1,	146.0,	20.967,			1.083,			0.128,			0.058
21,	2,	208.0,	22.178,			12.635,			1.291,			0.138
22,	2,	159.0,	22.415,			13.854,			1.401,			0.155
23,	1,	498.0,	23.53,			2.14,			0.208,			0.05
24,	1,	16.0,	23.905,			2.751,			0.165,			0.056
25,	1,	7.0,	23.966,			2.701,			0.189,			0.056
26,	2,	171.0,	24.167,			11.917,			1.053,			0.194
27,	2,	89.0,	24.564,			14.372,			1.398,			0.2
28,	1,	214.0,	24.797,			2.342,			0.252,			0.054
29,	2,	96.0,	25.489,			12.503,			1.278,			0.137
30,	2,	112.0,	26.324,			11.028,			1.31,			0.194
31,	1,	7.0,	27.318,			2.269,			0.163,			0.059
32,	2,	160.0,	29.04,			13.086,			1.394,			0.11
33,	2,	129.0,	30.89,			13.437,			1.245,			0.174
34,	1,	90.0,	31.113,			1.671,			0.128,			0.053
35,	2,	134.0,	31.634,			13.228,			1.123,			0.167
36,	2,	116.0,	31.997,			14.969,			1.148,			0.186
37,	1,	146.0,	32.646,			2.776,			0.225,			0.059
38,	2,	120.0,	37.482,			13.154,			1.392,			0.158
39,	2,	185.0,	38.554,			10.55,			1.248,			0.191
40,	1,	6.0,	39.061,			1.962,			0.124,			0.055
41,	2,	159.0,	39.447,			13.135,			1.488,			0.189
42,	2,	113.0,	41.342,			13.816,			1.159,			0.15
43,	1,	498.0,	41.944,			1.558,			0.214,			0.051
44,	2,	254.0,	43.613,			13.273,			1.084,			0.129
45,	1,	7.0,	44.602,			1.524,			0.12,			0.053
46,	2,	171.0,	44.661,			14.424,			1.264,			0.166
47,	2,	100.0,	45.313,			11.171,			1.101,			0.161
48,	2,	146.0,	46.216,			11.405,			1.239,			0.15
49,	1,	7.0,	46.343,			1.977,			0.162,			0.052
50,	1,	157.0,	46.372,			2.799,			0.273,			0.052
51,	2,	210.0,	46.427,			10.178,			1.118,			0.16
52,	2,	150.0,	47.16,			14.842,			1.409,			0.128
53,	1,	59.0,	47.912,			1.356,			0.256,			0.054
54,	1,	49.0,	48.689,			2.678,			0.169,			0.057
55,	2,	155.0,	49.885,			11.753,			1.28,			0.125
56,	1,	512.0,	50.033,			1.988,			0.159,			0.057
57,	1,	214.0,	50.114,			1.869,			0.25,			0.054
58,	2,	131.0,	50.174,			10.659,			1.006,			0.183
59,	1,	447.0,	50.199,			1.969,			0.294,			0.052
60,	1,	44.0,	51.818,			2.479,			0.239,			0.051
61,	2,	99.0,	52.205,			14.658,			1.357,			0.129
62,	1,	44.0,	53.108,			2.599,			0.298,			0.058
63,	2,	129.0,	53.403,			14.45,			1.136,			0.122
64,	1,	169.0,	54.087,			2.763,			0.146,			0.059
65,	1,	559.0,	55.263,			1.679,			0.252,			0.053
66,	1,	10.0,	55.887,			2.446,			0.198,			0.059
67,	1,	30.0,	56.738,			1.408,			0.183,			0.055
68,	2,	317.0,	57.428,			11.371,			1.162,			0.198
69,	2,	168.0,	58.543,			10.42,			1.283,			0.144
70,	1,	49.0,	59.64,			2.096,			0.124,			0.057
71,	1,	7.0,	59.967,			1.783,			0.113,			0.054
72,	2,	136.0,	60.178,			12.152,			1.304,			0.139
73,	1,	28.0,	61.028,			1.551,			0.185,			0.05
74,	1,	6.0,	61.229,			1.111,			0.288,			0.054
75,	1,	120.0,	61.448,			2.004,			0.152,			0.05
76,	1,	16.0,	63.359,			1.913,			0.176,			0.056
77,	1,	387.0,	64.304,			1.827,			0.239,			0.058
78,	1,	157.0,	65.087,			1.595,			0.111,			0.052
79,	2,	76.0,	65.097,			11.239,			1.107,			0.182
80,	1,	447.0,	65.953,			1.907,			0.283,			0.055
81,	2,	234.0,	67.241,			14.154,			1.164,			0.122
82,	2,	183.0,	67.429,			14.464,			1.245,			0.131
83,	1,	44.0,	67.499,			1.447,			0.274,			0.059
84,	1,	10.0,	68.281,			2.862,			0.292,			0.059
85,	1,	13.0,	68.363,			1.9,			0.233,			0.052
86,	2,	46.0,	68.49,			10.476,			1.198,			0.106
87,	1,	6.0,	68.517,			2.653,			0.161,			0.06
88,	1,	59.0,	68.765,			1.174,			0.232,			0.055
89,	2,	168.0,	69.344,			10.586,			1.44,			0.19
90,	2,	106.0,	70.287,			10.269,			1.374,			0.176
91,	1,	95.0,	70.37,			1.671,			0.147,			0.053
92,	1,	214.0,	70.448,			1.643,			0.247,			0.059
93,	1,	146.0,	71.065,			2.027,			0.297,			0.053
94,	1,	512.0,	71.428,			2.279,			0.17,			0.053
95,	1,	498.0,	71.965,			2.454,			0.164,			0.052
96,	1,	126.0,	72.46,			2.985,			0.258,			0.05
97,	1,	169.0,	72.541,			2.765,			0.238,			0.059
98,	1,	387.0,	72.852,			2.088,			0.107,			0.058
99,	1,	10.0,	73.693,			1.467,			0.252,			0.059
100,	2,	221.0,	73.846,			10.205,			1.124,			0.105
101,	1,	13.0,	74.08,			2.926,			0.175,			0.06
102,	1,	90.0,	75.241,			2.014,			0.161,			0.059
103,	2,	121.0,	75.827,			13.305,			1.332,			0.197
104,	1,	120.0,	76.168,			1.313,			0.238,			0.054
105,	2,	109.0,	76.171,			10.788,			1.102,			0.12
106,	1,	559.0,	76.638,			1.217,			0.122,			0.052
107,	1,	512.0,	76.917,			1.169,			0.191,			0.058
108,	1,	28.0,	76.934,			2.025,			0.196,			0.057
109,	1,	30.0,	76.941,			1.589,			0.184,			0.054
110,	1,	103.0,	77.506,			2.525,			0.234,			0.053
111,	1,	498.0,	78.104,			2.02,			0.203,			0.06
112,	1,	498.0,	78.323,			2.888,			0.119,			0.056
113,	2,	204.0,	80.05,			12.346,			1.29,			0.156
114,	1,	90.0,	80.655,			2.813,			0.251,			0.056
115,	1,	379.0,	81.115,			1.428,			0.136,			0.057
116,	1,	90.0,	81.266,			2.006,			0.11,			0.056
117,	1,	498.0,	81.278,			1.822,			0.27,			0.051
118,	1,	103.0,	81.491,			2.268,			0.202,			0.054
119,	1,	7.0,	81.801,			1.706,			0.15,			0.055
120,	1,	44.0,	82.076,			1.095,			0.211,			0.053
121,	2,	176.0,	82.133,			11.328,			1.277,			0.13
122,	2,	187.0,	83.116,			12.447,			1.442,			0.181
123,	2,	134.0,	84.085,			10.177,			1.072,			0.167
124,	2,	275.0,	84.135,			13.622,			1.051,			0.133
125,	1,	387.0,	84.168,			1.477,			0.231,			0.055
126,	1,	28.0,	84.448,			2.11,			0.225,			0.058
127,	2,	90.0,	84.488,			11.46,			1.474,			0.125
128,	2,	147.0,	85.366,			12.909,			1.483,			0.105
129,	2,	181.0,	85.539,			11.186,			1.22,			0.198
130,	1,	6.0,	85.592,			1.911,			0.14,			0.059
131,	1,	95.0,	86.668,			2.503,			0.238,			0.053
132,	2,	240.0,	86.927,			12.368,			1.103,			0.185
133,	1,	559.0,	87.502,			1.313,			0.21,			0.056
134,	1,	103.0,	87.805,			2.037,			0.162,			0.057
135,	1,	30.0,	87.895,			1.587,			0.17,			0.054
136,	1,	30.0,	87.908,			1.45,			0.121,			0.057
137,	1,	120.0,	88.288,			1.414,			0.255,			0.058
138,	1,	6.0,	90.482,			2.625,			0.206,			0.06
139,	1,	16.0,	90.555,			2.342,			0.127,			0.054
140,	1,	146.0,	90.573,			2.318,			0.225,			0.057
141,	1,	447.0,	90.763,			2.834,			0.108,			0.058
142,	1,	169.0,	90.821,			1.467,			0.109,			0.053
143,	1,	28.0,	90.96,			2.43,			0.225,			0.052
144,	2,	130.0,	91.305,			13.106,			1.382,			0.104
145,	1,	44.0,	91.669,			2.379,			0.165,			0.051
146,	2,	103.0,	91.681,			12.987,			1.453,			0.175
147,	1,	30.0,	91.745,			1.111,			0.165,			0.059
148,	2,	211.0,	91.757,			10.651,			1.07,			0.199
149,	2,	138.0,	92.639,			14.376,			1.058,			0.116
150,	1,	95.0,	92.767,			2.956,			0.183,			0.057
151,	1,	214.0,	92.968,			1.719,			0.299,			0.059
152,	1,	44.0,	93.395,			1.843,			0.164,			0.056
153,	1,	169.0,	93.653,			1.883,			0.192,			0.05
154,	2,	61.0,	93.733,			14.704,			1.407,			0.184
155,	1,	7.0,	93.824,			2.098,			0.292,			0.056
156,	1,	10.0,	94.006,			1.716,			0.221,			0.053
157,	1,	559.0,	94.085,			2.866,			0.103,			0.056
158,	1,	214.0,	94.992,			2.283,			0.114,			0.052
159,	1,	28.0,	95.108,			1.482,			0.189,			0.053
160,	2,	171.0,	95.432,			10.565,			1.321,			0.134
161,	1,	6.0,	95.974,			2.298,			0.16,			0.053
162,	1,	6.0,	96.943,			2.43,			0.128,			0.052
163,	1,	13.0,	96.993,			1.981,			0.231,			0.054
164,	1,	28.0,	97.321,			1.515,			0.195,			0.055
165,	2,	226.0,	97.551,			10.627,			1.477,			0.147
166,	1,	387.0,	97.712,			1.331,			0.232,			0.057
167,	2,	50.0,	97.835,			14.836,			1.131,			0.106
168,	1,	214.0,	97.956,			1.915,			0.28,			0.059
169,	1,	120.0,	98.03,			1.45,			0.215,			0.057
170,	2,	147.0,	98.154,			14.863,			1.285,			0.177
171,	1,	7.0,	98.564,			1.044,			0.252,			0.057
172,	1,	120.0,	98.644,			1.158,			0.124,			0.05
173,	2,	217.0,	98.699,			13.186,			1.273,			0.102
174,	2,	107.0,	98.89,			12.503,			1.202,			0.104
175,	1,	13.0,	99.426,			1.828,			0.214,			0.05
176,	1,	103.0,	99.445,			1.783,			0.121,			0.059
177,	1,	6.0,	99.573,			1.731,			0.114,			0.056
178,	1,	44.0,	100.275,			2.148,			0.142,			0.06
179,	2,	155.0,	100.291,			10.702,			1.341,			0.191
180,	1,	214.0,	100.378,			1.756,			0.212,			0.051
181,	2,	112.0,	100.63,			11.125,			1.49,			0.155
182,	1,	7.0,	100.742,			2.653,			0.119,			0.057
183,	1,	10.0,	100.786,			2.757,			0.29,			0.059
184,	2,	287.0,	100.898,			12.406,			1.197,			0.142
185,	1,	512.0,	101.225,			1.005,			0.29,			0.054
186,	1,	6.0,	101.304,			1.822,			0.189,			0.058
187,	2,	228.0,	101.415,			11.387,			1.063,			0.102
188,	1,	379.0,	101.715,			2.454,			0.275,			0.055
189,	1,	10.0,	101.743,			2.26,			0.147,			0.06
190,	1,	13.0,	102.313,			2.256,			0.299,			0.051
191,	1,	157.0,	102.856,			2.842,			0.221,			0.05
192,	1,	95.0,	102.862,			1.011,			0.15,			0.057
193,	1,	6.0,	103.446,			2.037,			0.177,			0.058
194,	1,	7.0,	103.551,			2.441,			0.164,			0.057
195,	1,	30.0,	103.692,			1.833,			0.28,			0.053
196,	2,	115.0,	103.8,			14.931,			1.075,			0.156
197,	1,	44.0,	104.292,			2.244,			0.251,			0.059
198,	1,	7.0,	104.558,			1.458,			0.234,			0.053
199,	2,	195.0,	104.79,			10.176,			1.112,			0.142
200,	1,	120.0,	104.923,			2.167,			0.202,			0.051
201,	2,	95.0,	105.495,			12.815,			1.104,			0.118
202,	1,	13.0,	105.773,			2.116,			0.268,			0.052
203,	1,	13.0,	105.999,			1.423,			0.25,			0.06
204,	1,	103.0,	106.279,			1.366,			0.159,			0.056
205,	1,	7.0,	106.4,			2.636,			0.14,			0.051
206,	1,	7.0,	106.463,			2.346,			0.172,			0.054
207,	1,	7.0,	106.551,			2.827,			0.103,			0.059
208,	1,	7.0,	106.725,			1.883,			0.114,			0.053
209,	1,	120.0,	106.755,			1.631,			0.299,			0.05
210,	1,	447.0,	106.924,			2.316,			0.224,			0.057
211,	1,	59.0,	106.978,			1.861,			0.211,			0.055
212,	1,	498.0,	106.993,			2.834,			0.232,			0.057
213,	1,	28.0,	107.127,			2.36,			0.238,			0.06
214,	1,	7.0,	107.218,			2.288,			0.124,			0.058
215,	1,	379.0,	107.282,			2.016,			0.121,			0.054
216,	1,	379.0,	107.404,			2.167,			0.193,			0.058
217,	1,	120.0,	107.956,			1.187,			0.136,			0.057
218,	1,	447.0,	108.036,			2.686,			0.15,			0.059
219,	1,	6.0,	108.201,			1.478,			0.114,			0.052
220,	1,	146.0,	108.285,			1.701,			0.202,			0.053
221,	1,	13.0,	109.224,			1.307,			0.18,			0.053
222,	1,	16.0,	109.362,			1.595,			0.209,			0.055
223,	1,	90.0,	109.486,			2.076,			0.293,			0.053
224,	1,	214.0,	109.826,			2.36,			0.252,			0.054
225,	1,	498.0,	109.98,			1.4,			0.167,			0.055
226,	2,	124.0,	110.196,			13.254,			1.171,			0.185
227,	1,	512.0,	110.546,			2.753,			0.224,			0.051
228,	1,	7.0,	110.592,			1.004,			0.189,			0.053
229,	1,	49.0,	110.692,			1.868,			0.149,			0.055
230,	1,	379.0,	110.772,			2.273,			0.275,			0.058
231,	1,	214.0,	110.953,			2.487,			0.159,			0.05
232,	1,	44.0,	111.033,			2.986,			0.117,			0.056
233,	2,	87.0,	111.06,			10.717,			1.207,			0.199
234,	1,	498.0,	111.1,			1.969,			0.208,			0.052
235,	1,	13.0,	111.278,			1.07,			0.134,			0.057
236,	1,	7.0,	111.382,			2.237,			0.217,			0.055
237,	1,	379.0,	111.434,			2.324,			0.275,			0.057
238,	1,	30.0,	111.479,			2.627,			0.298,			0.053
239,	1,	44.0,	111.488,			1.708,			0.216,			0.053
240,	1,	95.0,	111.853,			1.707,			0.15,			0.059
241,	2,	103.0,	112.231,			10.36,			1.384,			0.194
242,	1,	90.0,	112.451,			1.701,			0.111,			0.056
243,	2,	230.0,	112.921,			12.02,			1.205,			0.177
244,	1,	28.0,	113.218,			2.852,			0.124,			0.058
245,	1,	387.0,	113.293,			2.557,			0.184,			0.058
246,	1,	498.0,	113.819,			2.153,			0.147,			0.054
247,	1,	13.0,	113.993,			1.719,			0.224,			0.051
248,	1,	157.0,	114.162,			2.298,			0.221,			0.06
249,	1,	16.0,	114.187,			1.701,			0.194,			0.051
250,	1,	13.0,	114.714,			2.232,			0.101,			0.059
251,	1,	95.0,	114.81,			2.647,			0.284,			0.058
252,	1,	44.0,	114.876,			1.083,			0.22,			0.059
253,	1,	559.0,	115.355,			2.686,			0.131,			0.052
254,	1,	103.0,	115.378,			1.172,			0.101,			0.053
255,	1,	157.0,	115.384,			1.173,			0.161,			0.059
256,	1,	59.0,	115.696,			2.322,			0.156,			0.054
257,	2,	91.0,	115.739,			12.527,			1.103,			0.139
258,	1,	30.0,	116.412,			2.249,			0.139,			0.058
259,	1,	7.0,	116.467,			2.425,			0.182,			0.056
260,	1,	447.0,	116.484,			1.784,			0.277,			0.052
261,	1,	16.0,	116.553,			2.425,			0.214,			0.059
262,	1,	146.0,	116.636,			1.692,			0.293,			0.052
263,	1,	126.0,	116.851,			2.838,			0.235,			0.059
264,	1,	59.0,	117.001,			2.489,			0.237,			0.05
265,	1,	379.0,	117.377,			1.59,			0.172,			0.054
266,	1,	6.0,	117.432,			2.727,			0.149,			0.051
267,	1,	379.0,	117.435,			2.103,			0.158,			0.056
268,	1,	6.0,	118.008,			1.426,			0.267,			0.057
269,	1,	512.0,	118.172,			2.984,			0.245,			0.059
270,	1,	157.0,	118.902,			2.085,			0.292,			0.057
271,	1,	214.0,	119.237,			2.454,			0.215,			0.056
272,	2,	58.0,	119.381,			11.193,			1.0,			0.137
273,	2,	174.0,	119.426,			12.4,			1.407,			0.187
274,	1,	13.0,	119.496,			1.913,			0.252,			0.053
275,	1,	387.0,	119.587,			2.621,			0.176,			0.051
276,	1,	7.0,	119.723,			1.01,			0.122,			0.055
277,	1,	7.0,	119.803,			2.832,			0.172,			0.053
278,	1,	44.0,	119.951,			2.772,			0.185,			0.059
279,	2,	177.0,	120.02,			13.303,			1.483,			0.176
280,	1,	95.0,	120.52,			2.131,			0.171,			0.058
281,	2,	149.0,	120.523,			13.59,			1.338,			0.143
282,	1,	126.0,	120.553,			1.703,			0.243,			0.059
283,	1,	44.0,	120.633,			1.283,			0.258,			0.06
284,	1,	28.0,	120.796,			2.256,			0.116,			0.056
285,	1,	59.0,	120.818,			1.316,			0.277,			0.052
286,	1,	214.0,	121.047,			2.148,			0.299,			0.058
287,	1,	379.0,	121.157,			2.893,			0.161,			0.056
288,	1,	6.0,	121.165,			2.279,			0.29,			0.052
289,	1,	512.0,	121.555,			2.544,			0.15,			0.054
290,	1,	447.0,	121.624,			2.813,			0.166,			0.059
291,	1,	120.0,	121.666,			1.448,			0.129,			0.05
292,	1,	16.0,	121.673,			1.14,			0.293,			0.053
293,	1,	447.0,	121.724,			1.998,			0.231,			0.058
294,	1,	7.0,	121.821,			2.199,			0.248,			0.051
295,	1,	103.0,	121.922,			1.963,			0.289,			0.058
296,	1,	30.0,	122.017,			1.532,			0.288,			0.054
297,	1,	13.0,	122.651,			2.943,			0.19,			0.057
298,	1,	387.0,	122.669,			2.787,			0.212,			0.056
299,	1,	169.0,	122.732,			1.844,			0.208,			0.051
300,	1,	6.0,	122.983,			2.283,			0.263,			0.052
301,	1,	214.0,	122.993,			1.516,			0.289,			0.058
302,	1,	44.0,	123.051,			1.907,			0.129,			0.054
303,	1,	16.0,	123.36,			2.879,			0.215,			0.054
304,	1,	126.0,	123.37,			2.78,			0.234,			0.05
305,	1,	28.0,	123.591,			1.007,			0.288,			0.055
306,	1,	95.0,	123.99,			1.146,			0.179,			0.053
307,	1,	169.0,	124.102,			1.523,			0.184,			0.059
308,	1,	95.0,	124.297,			2.525,			0.297,			0.054
309,	1,	44.0,	124.34,			2.542,			0.116,			0.055
310,	1,	120.0,	124.558,			1.478,			0.206,			0.058
311,	1,	7.0,	124.735,			1.719,			0.159,			0.052
312,	1,	49.0,	124.805,			1.879,			0.236,			0.052
313,	1,	559.0,	124.896,			2.727,			0.242,			0.06
314,	1,	103.0,	125.026,			1.386,			0.237,			0.058
315,	1,	559.0,	125.111,			1.148,			0.152,			0.05
316,	1,	44.0,	125.24,			1.027,			0.178,			0.055
317,	1,	44.0,	125.268,			2.155,			0.229,			0.052
318,	2,	168.0,	125.27,			10.442,			1.222,			0.194
319,	1,	6.0,	125.676,			2.2,			0.214,			0.06
320,	1,	379.0,	125.888,			1.019,			0.277,			0.055
321,	1,	146.0,	125.916,			2.759,			0.257,			0.052
322,	1,	214.0,	126.01,			2.393,			0.2,			0.059
323,	1,	559.0,	126.059,			1.861,			0.254,			0.057
324,	1,	30.0,	126.076,			2.143,			0.297,			0.057
325,	1,	30.0,	126.132,			2.457,			0.217,			0.056
326,	1,	44.0,	126.167,			2.301,			0.235,			0.054
327,	1,	30.0,	126.172,			1.515,			0.196,			0.056
328,	1,	7.0,	126.509,			2.838,			0.193,			0.053
329,	1,	44.0,	126.706,			2.378,			0.159,			0.06
330,	1,	7.0,	126.777,			2.606,			0.161,			0.056
331,	1,	13.0,	127.168,			1.688,			0.101,			0.059
332,	1,	44.0,	127.228,			2.11,			0.131,			0.06
333,	1,	120.0,	127.414,			2.486,			0.195,			0.057
334,	1,	59.0,	127.489,			1.581,			0.273,			0.053
335,	1,	214.0,	127.625,			1.716,			0.152,			0.05
336,	1,	126.0,	127.65,			2.92,			0.165,			0.059
337,	1,	7.0,	127.77,			2.807,			0.103,			0.055
338,	1,	157.0,	128.102,			2.148,			0.164,			0.059
339,	1,	169.0,	128.229,			1.557,			0.298,			0.051
340,	1,	103.0,	128.521,			2.438,			0.128,			0.051
341,	1,	95.0,	128.617,			1.051,			0.215,			0.053
342,	1,	6.0,	128.622,			2.157,			0.241,			0.057
343,	1,	103.0,	128.733,			1.979,			0.224,			0.055
344,	1,	28.0,	128.746,			2.9,			0.218,			0.057
345,	1,	447.0,	128.769,			2.173,			0.21,			0.055
346,	1,	7.0,	128.785,			1.024,			0.183,			0.059
347,	1,	10.0,	128.845,			2.976,			0.21,			0.056
348,	1,	7.0,	129.183,			2.377,			0.135,			0.053
349,	2,	244.0,	129.26,			13.289,			1.091,			0.119
350,	1,	498.0,	129.454,			1.141,			0.116,			0.057
351,	1,	146.0,	129.593,			2.914,			0.288,			0.051
352,	1,	157.0,	129.871,			2.984,			0.222,			0.057
353,	1,	59.0,	129.994,			1.61,			0.231,			0.054
354,	1,	7.0,	130.148,			1.009,			0.118,			0.053
355,	1,	95.0,	130.306,			2.163,			0.124,			0.055
356,	2,	169.0,	130.316,			11.059,			1.239,			0.169
357,	1,	120.0,	130.356,			2.509,			0.212,			0.058
358,	1,	28.0,	130.498,			2.553,			0.133,			0.059
359,	1,	49.0,	130.622,			2.153,			0.243,			0.056
360,	1,	120.0,	131.147,			1.409,			0.175,			0.055
361,	1,	7.0,	131.352,			1.302,			0.183,			0.059
362,	1,	7.0,	131.505,			2.132,			0.132,			0.056
363,	1,	498.0,	131.58,			2.955,			0.251,			0.054
364,	1,	44.0,	132.034,			1.158,			0.195,			0.051
365,	1,	157.0,	132.131,			1.153,			0.108,			0.052
366,	1,	16.0,	132.206,			1.327,			0.255,			0.058
367,	1,	44.0,	132.356,			1.442,			0.228,			0.055
368,	1,	44.0,	132.423,			2.498,			0.176,			0.05
369,	1,	379.0,	132.462,			1.432,			0.291,			0.053
370,	1,	90.0,	132.463,			1.719,			0.279,			0.055
371,	1,	387.0,	132.596,			2.957,			0.161,			0.059
372,	1,	157.0,	132.665,			2.378,			0.147,			0.057
373,	1,	7.0,	132.832,			1.484,			0.109,			0.055
374,	1,	157.0,	132.846,			2.8,			0.192,			0.057
375,	1,	49.0,	132.88,			1.659,			0.148,			0.056
376,	1,	559.0,	133.019,			2.249,			0.109,			0.052
377,	2,	89.0,	133.112,			10.778,			1.053,			0.197
378,	1,	90.0,	133.398,			2.027,			0.189,			0.052
379,	1,	498.0,	133.825,			2.598,			0.259,			0.051
380,	2,	79.0,	133.841,			14.969,			1.391,			0.15
381,	1,	146.0,	133.918,			1.941,			0.177,			0.06
382,	1,	214.0,	134.02,			2.896,			0.249,			0.052
383,	2,	141.0,	134.17,			13.303,			1.266,			0.189
384,	1,	16.0,	134.266,			2.625,			0.229,			0.052
385,	1,	146.0,	134.537,			1.517,			0.13,			0.054
386,	1,	28.0,	134.837,			1.761,			0.151,			0.054
387,	1,	59.0,	134.853,			2.298,			0.137,			0.059
388,	1,	157.0,	134.912,			2.407,			0.134,			0.052
389,	1,	126.0,	135.198,			1.204,			0.149,			0.057
390,	2,	64.0,	135.304,			12.291,			1.393,			0.122
391,	1,	16.0,	135.338,			2.618,			0.12,			0.056
392,	1,	95.0,	135.454,			2.509,			0.217,			0.052
393,	1,	169.0,	135.46,			2.01,			0.174,			0.057
394,	1,	49.0,	135.472,			1.731,			0.125,			0.055
395,	1,	146.0,	135.71,			1.962,			0.166,			0.053
396,	1,	59.0,	135.722,			1.009,			0.103,			0.059
397,	1,	16.0,	135.986,			2.78,			0.126,			0.055
398,	1,	6.0,	136.032,			2.268,			0.266,			0.057
399,	1,	7.0,	136.542,			2.819,			0.252,			0.06
400,	1,	7.0,	136.717,			1.667,			0.249,			0.052
401,	1,	44.0,	137.506,			2.303,			0.157,			0.058
402,	1,	10.0,	137.856,			1.761,			0.103,			0.053
403,	1,	379.0,	137.895,			2.269,			0.267,			0.054
404,	2,	125.0,	137.953,			14.099,			1.072,			0.176
405,	1,	6.0,	137.978,			2.149,			0.162,			0.058
406,	1,	16.0,	138.012,			1.67,			0.116,			0.058
407,	1,	157.0,	138.043,			2.424,			0.183,			0.058
408,	1,	512.0,	138.252,			1.862,			0.105,			0.053
409,	1,	498.0,	138.496,			1.03,			0.222,			0.059
410,	2,	95.0,	138.548,			10.51,			1.324,			0.174
411,	2,	314.0,	138.682,			14.722,			1.251,			0.183
412,	1,	447.0,	138.788,			2.167,			0.111,			0.055
413,	2,	136.0,	138.814,			10.374,			1.381,			0.188
414,	1,	16.0,	138.833,			1.651,			0.142,			0.055
415,	1,	169.0,	138.847,			1.769,			0.206,			0.053
416,	1,	214.0,	139.266,			2.181,			0.212,			0.051
417,	1,	6.0,	139.322,			2.726,			0.29,			0.06
418,	1,	16.0,	139.682,			1.79,			0.166,			0.059
419,	1,	30.0,	140.091,			1.821,			0.163,			0.057
420,	1,	120.0,	140.095,			2.813,			0.208,			0.054
421,	1,	146.0,	140.256,			2.772,			0.214,			0.052
422,	1,	16.0,	140.384,			2.407,			0.238,			0.06
423,	1,	126.0,	140.423,			2.298,			0.23,			0.058
424,	1,	146.0,	140.573,			1.031,			0.238,			0.059
425,	1,	28.0,	140.803,			2.385,			0.216,			0.054
426,	1,	44.0,	140.877,			1.878,			0.109,			0.057
427,	1,	6.0,	140.947,			1.909,			0.249,			0.051
428,	1,	157.0,	141.216,			2.087,			0.272,			0.059
429,	1,	146.0,	141.256,			1.595,			0.266,			0.056
430,	1,	498.0,	141.347,			1.366,			0.248,			0.054
431,	1,	49.0,	141.422,			1.566,			0.135,			0.057
432,	1,	95.0,	141.426,			2.91,			0.296,			0.055
433,	1,	95.0,	141.439,			2.22,			0.164,			0.053
434,	1,	44.0,	141.505,			1.929,			0.229,			0.052
435,	1,	7.0,	141.59,			1.428,			0.254,			0.057
436,	1,	157.0,	141.624,			1.639,			0.146,			0.052
437,	1,	6.0,	141.654,			2.525,			0.113,			0.054
438,	1,	7.0,	141.692,			1.491,			0.233,			0.051
439,	1,	103.0,	141.89,			2.92,			0.139,			0.052
440,	1,	103.0,	141.911,			1.869,			0.192,			0.051
441,	1,	498.0,	141.926,			2.102,			0.291,			0.053
442,	1,	95.0,	141.927,			2.18,			0.269,			0.055
443,	1,	59.0,	142.539,			1.733,			0.236,			0.053
444,	1,	103.0,	142.57,			1.968,			0.282,			0.054
445,	1,	7.0,	143.001,			2.645,			0.249,			0.059
446,	1,	6.0,	143.109,			1.296,			0.162,			0.058
447,	1,	7.0,	143.134,			1.612,			0.109,			0.059
448,	1,	498.0,	143.195,			2.222,			0.245,			0.055
449,	1,	169.0,	143.283,			1.08,			0.265,			0.054
450,	1,	559.0,	143.385,			1.134,			0.174,			0.059
451,	1,	90.0,	143.513,			1.915,			0.297,			0.051
452,	1,	6.0,	143.586,			2.301,			0.178,			0.056
453,	1,	387.0,	143.611,			2.179,			0.298,			0.058
454,	2,	121.0,	143.673,			13.074,			1.306,			0.16
455,	1,	44.0,	143.682,			2.976,			0.192,			0.056
456,	1,	6.0,	143.826,			2.534,			0.253,			0.06
457,	1,	95.0,	143.888,			1.962,			0.176,			0.053
458,	1,	126.0,	143.89,			2.346,			0.295,			0.051
459,	1,	6.0,	143.907,			2.388,			0.253,			0.054
460,	1,	90.0,	144.02,			1.01,			0.268,			0.057
461,	1,	6.0,	144.298,			2.549,			0.139,			0.056
462,	1,	498.0,	144.387,			2.238,			0.186,			0.051
463,	1,	28.0,	144.425,			1.007,			0.254,			0.051
464,	1,	103.0,	144.477,			1.287,			0.296,			0.057
465,	1,	146.0,	144.509,			1.969,			0.254,			0.059
466,	1,	10.0,	144.522,			1.715,			0.106,			0.05
467,	1,	90.0,	144.695,			1.663,			0.279,			0.053
468,	1,	512.0,	144.979,			1.659,			0.254,			0.055
469,	1,	7.0,	145.093,			1.919,			0.2,			0.053
470,	1,	90.0,	145.436,			1.406,			0.227,			0.053
471,	1,	6.0,	145.788,			1.737,			0.238,			0.059
472,	1,	559.0,	145.882,			2.763,			0.131,			0.055
473,	1,	59.0,	146.103,			2.369,			0.161,			0.05
474,	1,	44.0,	146.332,			1.587,			0.1,			0.053
475,	1,	7.0,	146.373,			2.661,			0.142,			0.051
476,	1,	7.0,	146.429,			1.756,			0.281,			0.054
477,	1,	59.0,	146.457,			2.976,			0.293,			0.052
478,	1,	146.0,	146.574,			1.317,			0.299,			0.052
479,	2,	201.0,	146.583,			11.001,			1.413,			0.142
480,	1,	559.0,	146.666,			2.78,			0.268,			0.055
481,	1,	387.0,	146.776,			1.631,			0.142,			0.059
482,	1,	512.0,	146.799,			1.471,			0.108,			0.056
483,	1,	387.0,	146.99,			2.579,			0.275,			0.056
484,	1,	120.0,	147.101,			2.861,			0.121,			0.056
485,	1,	146.0,	147.265,			2.991,			0.27,			0.058
486,	1,	169.0,	147.435,			2.776,			0.125,			0.054
487,	1,	44.0,	147.445,			2.143,			0.174,			0.053
488,	1,	30.0,	147.59,			1.116,			0.287,			0.058
489,	1,	90.0,	147.682,			1.833,			0.268,			0.057
490,	1,	498.0,	147.861,			2.034,			0.228,			0.056
491,	1,	120.0,	148.039,			1.539,			0.259,			0.059
492,	1,	30.0,	148.15,			1.709,			0.234,			0.056
493,	1,	59.0,	148.266,			1.651,			0.215,			0.051
494,	1,	7.0,	148.476,			2.006,			0.139,			0.059
495,	1,	214.0,	148.515,			1.826,			0.255,			0.053
496,	1,	447.0,	148.673,			1.035,			0.118,			0.059
497,	2,	171.0,	148.822,			13.415,			1.198,			0.115
498,	2,	219.0,	149.404,			12.26,			1.187,			0.199
499,	1,	7.0,	149.799,			1.715,			0.285,			0.051
500,	1,	559.0,	149.853,			2.772,			0.125,			0.056
501,	1,	512.0,	149.953,			1.501,			0.179,			0.054
502,	1,	120.0,	150.011,			2.176,			0.149,			0.055
503,	1,	103.0,	150.141,			1.409,			0.262,			0.056
504,	1,	44.0,	150.143,			1.706,			0.291,			0.058
505,	1,	120.0,	150.173,			1.651,			0.107,			0.056
506,	1,	559.0,	150.324,			2.684,			0.203,			0.053
507,	1,	214.0,	150.397,			1.876,			0.227,			0.052
508,	1,	30.0,	150.438,			2.534,			0.171,			0.056
509,	1,	120.0,	150.546,			2.562,			0.173,			0.057
510,	1,	44.0,	150.959,			2.638,			0.21,			0.052
511,	1,	28.0,	151.055,			2.632,			0.215,			0.055
512,	1,	157.0,	151.287,			1.07,			0.143,			0.052
513,	1,	7.0,	151.622,			1.128,			0.129,			0.054
514,	1,	146.0,	151.69,			1.914,			0.161,			0.059
515,	1,	447.0,	151.836,			2.901,			0.275,			0.057
516,	2,	265.0,	151.863,			12.315,			1.229,			0.189
517,	1,	559.0,	152.012,			2.034,			0.109,			0.056
518,	2,	162.0,	152.141,			11.302,			1.453,			0.17
519,	1,	7.0,	152.331,			1.853,			0.206,			0.057
520,	1,	169.0,	152.618,			2.131,			0.197,			0.059
521,	1,	28.0,	152.807,			1.719,			0.193,			0.056
522,	1,	169.0,	153.062,			1.879,			0.215,			0.055
523,	1,	379.0,	153.069,			1.061,			0.137,			0.06
524,	1,	559.0,	153.142,			1.225,			0.176,			0.058
525,	1,	126.0,	153.338,			1.655,			0.129,			0.053
526,	1,	59.0,	153.5,			1.325,			0.283,			0.054
527,	1,	169.0,	153.515,			2.346,			0.258,			0.059
528,	1,	44.0,	154.114,			1.047,			0.154,			0.053
529,	1,	7.0,	154.218,			1.245,			0.258,			0.059
530,	1,	44.0,	154.278,			1.857,			0.249,			0.057
531,	1,	49.0,	154.537,			2.153,			0.212,			0.052
532,	1,	126.0,	154.617,			2.249,			0.202,			0.056
533,	1,	146.0,	154.704,			1.653,			0.13,			0.058
534,	1,	7.0,	155.222,			1.607,			0.16,			0.058
535,	2,	72.0,	155.304,			13.958,			1.148,			0.129
536,	1,	103.0,	155.438,			2.366,			0.216,			0.055
537,	1,	10.0,	155.473,			2.384,			0.205,			0.054
538,	1,	30.0,	155.477,			1.857,			0.293,			0.059
539,	1,	16.0,	155.49,			2.9,			0.135,			0.055
540,	1,	28.0,	155.509,			2.939,			0.244,			0.05
541,	1,	7.0,	155.597,			1.755,			0.235,			0.051
542,	1,	120.0,	155.718,			2.88,			0.237,			0.055
543,	1,	59.0,	155.798,			1.968,			0.226,			0.058
544,	1,	6.0,	155.898,			2.548,			0.246,			0.051
545,	1,	120.0,	156.021,			1.191,			0.199,			0.051
546,	1,	44.0,	156.082,			2.369,			0.131,			0.051
547,	1,	126.0,	156.083,			2.322,			0.192,			0.057
548,	1,	90.0,	156.101,			2.864,			0.253,			0.054
549,	2,	197.0,	156.365,			10.782,			1.401,			0.119
550,	1,	7.0,	156.424,			2.911,			0.256,			0.056
551,	1,	169.0,	156.43,			2.695,			0.191,			0.052
552,	1,	44.0,	156.617,			2.098,			0.285,			0.052
553,	1,	44.0,	157.185,			1.107,			0.256,			0.051
554,	1,	498.0,	157.207,			2.874,			0.139,			0.057
555,	1,	146.0,	157.263,			1.05,			0.254,			0.06
556,	1,	7.0,	157.654,			1.204,			0.182,			0.06
557,	1,	59.0,	157.656,			2.947,			0.256,			0.055
558,	1,	6.0,	157.704,			2.78,			0.15,			0.053
559,	1,	214.0,	157.732,			2.685,			0.158,			0.056
560,	1,	103.0,	157.971,			1.827,			0.29,			0.051
561,	1,	95.0,	158.0,			2.087,			0.195,			0.06
562,	1,	512.0,	158.043,			1.211,			0.133,			0.052
563,	1,	7.0,	158.237,			1.05,			0.195,			0.059
564,	1,	49.0,	158.261,			1.807,			0.299,			0.057
565,	1,	59.0,	158.479,			2.18,			0.175,			0.052
566,	1,	13.0,	158.544,			2.302,			0.144,			0.054
567,	1,	10.0,	158.546,			1.913,			0.259,			0.06
568,	1,	44.0,	158.559,			1.134,			0.139,			0.056
569,	1,	214.0,	158.565,			2.386,			0.164,			0.051
570,	1,	126.0,	158.616,			2.663,			0.239,			0.051
571,	1,	10.0,	159.0,			1.991,			0.216,			0.057
572,	2,	267.0,	159.038,			10.524,			1.169,			0.2
573,	1,	214.0,	159.475,			1.402,			0.28,			0.054
574,	1,	7.0,	159.513,			1.919,			0.184,			0.056
575,	1,	28.0,	159.514,			1.391,			0.133,			0.054
576,	1,	7.0,	159.66,			2.799,			0.279,			0.058
577,	1,	512.0,	159.726,			1.698,			0.217,			0.05
578,	1,	120.0,	159.812,			2.057,			0.163,			0.055
579,	1,	146.0,	159.922,			1.535,			0.184,			0.052
580,	1,	146.0,	160.03,			2.901,			0.157,			0.051
581,	1,	44.0,	160.066,			1.052,			0.162,			0.059
582,	1,	13.0,	160.412,			2.874,			0.272,			0.057
583,	2,	143.0,	160.582,			14.692,			1.311,			0.129
584,	1,	13.0,	160.717,			2.638,			0.22,			0.055
585,	1,	16.0,	161.027,			1.605,			0.135,			0.056
586,	1,	59.0,	161.324,			2.879,			0.161,			0.058
587,	1,	169.0,	161.476,			1.998,			0.224,			0.058
588,	1,	157.0,	162.026,			2.241,			0.139,			0.052
589,	1,	447.0,	162.136,			2.013,			0.212,			0.055
590,	1,	169.0,	162.311,			1.753,			0.226,			0.051
591,	1,	126.0,	162.424,			2.102,			0.254,			0.054
592,	1,	30.0,	162.591,			2.757,			0.244,			0.06
593,	1,	49.0,	162.674,			2.866,			0.178,			0.059
594,	1,	90.0,	162.969,			2.711,			0.159,			0.051
595,	1,	7.0,	162.999,			1.932,			0.282,			0.05
596,	1,	126.0,	163.05,			1.883,			0.276,			0.053
597,	1,	30.0,	163.358,			2.318,			0.221,			0.054
598,	1,	44.0,	163.423,			1.672,			0.254,			0.057
599,	2,	126.0,	163.491,			10.886,			1.264,			0.12
600,	1,	387.0,	163.992,			2.076,			0.29,			0.053
601,	1,	28.0,	164.452,			2.302,			0.213,			0.055
602,	1,	7.0,	164.485,			1.688,			0.151,			0.055
603,	1,	6.0,	164.62,			1.919,			0.162,			0.059
604,	1,	126.0,	164.625,			2.223,			0.109,			0.055
605,	1,	59.0,	164.718,			1.353,			0.27,			0.059
606,	1,	512.0,	164.827,			2.26,			0.21,			0.054
607,	1,	387.0,	164.908,			2.695,			0.248,			0.052
608,	1,	10.0,	164.971,			1.173,			0.16,			0.059
609,	2,	139.0,	165.022,			10.6,			1.037,			0.176
610,	1,	13.0,	165.167,			1.203,			0.123,			0.058
611,	1,	157.0,	165.249,			2.449,			0.174,			0.056
612,	1,	7.0,	165.473,			2.318,			0.288,			0.058
613,	1,	6.0,	165.644,			1.12,			0.274,			0.058
614,	1,	498.0,	165.945,			1.843,			0.289,			0.059
615,	2,	166.0,	165.99,			11.819,			1.494,			0.135
616,	1,	103.0,	166.218,			1.844,			0.19,			0.055
617,	1,	169.0,	166.335,			2.874,			0.206,			0.051
618,	1,	498.0,	166.538,			1.192,			0.254,			0.054
619,	1,	157.0,	166.677,			1.009,			0.16,			0.058
620,	1,	447.0,	167.226,			1.42,			0.222,			0.054
621,	1,	16.0,	167.228,			1.692,			0.189,			0.056
622,	1,	16.0,	167.66,			2.225,			0.12,			0.055
623,	1,	44.0,	168.16,			1.445,			0.116,			0.056
624,	1,	44.0,	168.302,			2.235,			0.192,			0.056
625,	1,	559.0,	168.614,			2.26,			0.124,			0.059
626,	1,	44.0,	168.651,			1.211,			0.12,			0.051
627,	1,	559.0,	168.742,			2.598,			0.279,			0.057
628,	1,	7.0,	168.776,			2.427,			0.208,			0.051
629,	1,	512.0,	168.846,			2.013,			0.102,			0.057
630,	1,	447.0,	169.299,			1.283,			0.27,			0.052
631,	1,	16.0,	169.306,			2.625,			0.28,			0.059
632,	1,	512.0,	169.556,			2.973,			0.299,			0.058
633,	1,	6.0,	169.576,			2.879,			0.195,			0.054
634,	1,	214.0,	169.629,			1.61,			0.155,			0.059
635,	1,	95.0,	169.664,			2.158,			0.221,			0.059
636,	1,	7.0,	169.675,			1.485,			0.167,			0.059
637,	1,	90.0,	169.833,			2.678,			0.234,			0.054
638,	2,	116.0,	169.948,			12.162,			1.32,			0.18
639,	1,	13.0,	170.077,			2.385,			0.251,			0.05
640,	1,	90.0,	170.249,			2.088,			0.164,			0.059
641,	1,	6.0,	170.648,			2.048,			0.292,			0.056
642,	1,	16.0,	170.705,			1.956,			0.275,			0.054
643,	1,	90.0,	170.899,			1.211,			0.275,			0.053
644,	1,	512.0,	171.232,			1.044,			0.296,			0.059
645,	1,	90.0,	171.393,			1.307,			0.242,			0.052
646,	2,	125.0,	172.203,			14.067,			1.022,			0.2
647,	1,	146.0,	172.607,			1.424,			0.132,			0.056
648,	1,	559.0,	172.683,			1.473,			0.264,			0.055
649,	1,	169.0,	172.862,			1.965,			0.221,			0.051
650,	1,	512.0,	173.085,			2.256,			0.257,			0.058
651,	1,	387.0,	173.53,			1.505,			0.169,			0.058
652,	1,	157.0,	173.62,			2.95,			0.247,			0.057
653,	1,	120.0,	173.642,			1.146,			0.251,			0.054
654,	1,	387.0,	173.885,			1.252,			0.292,			0.051
655,	2,	130.0,	174.141,			13.557,			1.193,			0.159
656,	1,	6.0,	174.218,			2.678,			0.268,			0.054
657,	1,	120.0,	174.527,			2.379,			0.284,			0.058
658,	1,	30.0,	174.596,			2.712,			0.113,			0.057
659,	1,	6.0,	174.722,			1.575,			0.244,			0.054
660,	1,	59.0,	174.739,			1.416,			0.15,			0.058
661,	1,	126.0,	174.925,			1.791,			0.141,			0.056
662,	1,	44.0,	174.988,			2.78,			0.185,			0.053
663,	1,	7.0,	175.441,			1.028,			0.215,			0.053
664,	1,	214.0,	175.557,			2.302,			0.139,			0.06
665,	1,	7.0,	175.626,			1.639,			0.133,			0.05
666,	1,	214.0,	176.077,			1.435,			0.169,			0.055
667,	1,	103.0,	176.561,			1.009,			0.228,			0.055
668,	1,	16.0,	176.831,			2.549,			0.124,			0.056
669,	1,	95.0,	176.881,			1.481,			0.206,			0.057
670,	1,	16.0,	176.889,			1.683,			0.262,			0.053
671,	1,	13.0,	176.995,			2.623,			0.274,			0.057
672,	1,	379.0,	177.399,			1.825,			0.17,			0.059
673,	1,	6.0,	177.431,			1.128,			0.2,			0.05
674,	1,	447.0,	177.685,			2.318,			0.234,			0.057
675,	2,	178.0,	177.732,			11.588,			1.368,			0.121
676,	1,	95.0,	177.979,			2.567,			0.291,			0.052
677,	1,	498.0,	178.141,			2.302,			0.158,			0.059
678,	1,	13.0,	178.19,			1.511,			0.185,			0.054
679,	1,	59.0,	178.41,			2.643,			0.195,			0.057
680,	1,	559.0,	178.568,			2.777,			0.228,			0.053
681,	1,	7.0,	178.623,			2.556,			0.238,			0.058
682,	1,	157.0,	178.662,			1.128,			0.124,			0.052
683,	1,	447.0,	178.756,			1.513,			0.249,			0.055
684,	1,	59.0,	178.852,			2.581,			0.235,			0.056
685,	1,	103.0,	179.005,			2.843,			0.161,			0.057
686,	2,	210.0,	179.163,			11.93,			1.211,			0.147
687,	1,	7.0,	179.178,			1.731,			0.217,			0.051
688,	2,	222.0,	179.376,			10.962,			1.369,			0.152
689,	1,	157.0,	179.631,			1.047,			0.238,			0.05
690,	2,	154.0,	179.743,			14.743,			1.065,			0.142
691,	1,	7.0,	180.084,			1.811,			0.259,			0.058
692,	1,	6.0,	180.099,			1.448,			0.216,			0.052
693,	1,	95.0,	180.137,			1.303,			0.293,			0.05
694,	1,	7.0,	180.197,			1.019,			0.267,			0.057
695,	1,	44.0,	180.729,			2.614,			0.108,			0.057
696,	1,	10.0,	180.823,			2.714,			0.209,			0.059
697,	1,	498.0,	180.984,			2.09,			0.109,			0.051
698,	1,	512.0,	181.159,			2.599,			0.169,			0.05
699,	2,	97.0,	181.478,			10.463,			1.463,			0.185
700,	1,	7.0,	181.495,			2.701,			0.169,			0.059
701,	1,	103.0,	181.944,			1.16,			0.162,			0.055
702,	1,	7.0,	182.032,			2.03,			0.288,			0.054
703,	1,	498.0,	182.254,			2.412,			0.275,			0.054
704,	2,	176.0,	182.263,			11.228,			1.326,			0.187
705,	1,	6.0,	182.361,			2.487,			0.263,			0.057
706,	1,	447.0,	182.414,			1.878,			0.205,			0.059
707,	1,	157.0,	182.769,			2.415,			0.255,			0.059
708,	1,	59.0,	182.934,			1.994,			0.249,			0.053
709,	1,	103.0,	182.939,			1.841,			0.254,			0.057
710,	2,	38.0,	183.442,			14.921,			1.066,			0.2
711,	1,	95.0,	183.608,			2.885,			0.183,			0.052
712,	1,	214.0,	183.699,			1.731,			0.136,			0.055
713,	1,	95.0,	183.717,			2.084,			0.245,			0.054
714,	1,	44.0,	184.111,			1.192,			0.101,			0.057
715,	1,	498.0,	184.336,			2.349,			0.29,			0.055
716,	1,	214.0,	184.408,			2.984,			0.109,			0.051
717,	1,	559.0,	184.506,			2.565,			0.116,			0.051
718,	1,	387.0,	184.591,			1.915,			0.265,			0.051
719,	1,	10.0,	184.68,			2.991,			0.229,			0.056
720,	1,	7.0,	184.828,			2.284,			0.252,			0.058
721,	1,	95.0,	185.828,			1.313,			0.229,			0.055
722,	1,	7.0,	185.901,			1.67,			0.14,			0.059
723,	1,	214.0,	186.503,			2.852,			0.215,			0.051
724,	1,	95.0,	186.793,			1.398,			0.241,			0.055
725,	1,	30.0,	187.179,			1.595,			0.291,			0.059
726,	1,	28.0,	187.297,			2.36,			0.154,			0.056
727,	1,	16.0,	187.333,			1.561,			0.198,			0.058
728,	1,	10.0,	187.803,			2.865,			0.219,			0.056
729,	1,	49.0,	187.921,			1.63,			0.114,			0.059
730,	1,	103.0,	188.05,			2.013,			0.104,			0.053
731,	1,	28.0,	188.38,			2.832,			0.188,			0.051
732,	1,	10.0,	188.385,			2.947,			0.133,			0.055
733,	1,	559.0,	188.74,			1.742,			0.111,			0.057
734,	1,	498.0,	188.742,			1.509,			0.29,			0.055
735,	1,	6.0,	188.812,			1.828,			0.287,			0.055
736,	1,	90.0,	188.819,			2.78,			0.254,			0.056
737,	1,	120.0,	189.142,			2.123,			0.267,			0.057
738,	1,	7.0,	189.341,			2.711,			0.103,			0.05
739,	1,	16.0,	189.412,			1.541,			0.281,			0.054
740,	1,	103.0,	189.421,			2.498,			0.279,			0.051
741,	1,	30.0,	189.46,			2.638,			0.282,			0.052
742,	1,	103.0,	189.461,			1.659,			0.107,			0.051
743,	1,	214.0,	189.469,			2.834,			0.214,			0.059
744,	1,	10.0,	189.476,			1.458,			0.147,			0.058
745,	1,	10.0,	189.787,			1.432,			0.136,			0.058
746,	1,	7.0,	189.793,			2.753,			0.124,			0.05
747,	1,	7.0,	190.057,			1.417,			0.298,			0.06
748,	1,	44.0,	190.083,			2.983,			0.244,			0.055
749,	1,	379.0,	190.366,			1.679,			0.249,			0.054
750,	1,	10.0,	190.368,			2.618,			0.132,			0.055
751,	1,	44.0,	190.444,			1.814,			0.161,			0.053
752,	1,	44.0,	190.564,			2.088,			0.287,			0.056
753,	1,	13.0,	190.695,			1.071,			0.182,			0.051
754,	1,	44.0,	190.807,			1.029,			0.268,			0.06
755,	2,	115.0,	190.911,			13.288,			1.494,			0.14
756,	1,	379.0,	190.976,			1.168,			0.124,			0.051
757,	1,	90.0,	191.063,			2.88,			0.234,			0.053
758,	1,	126.0,	191.176,			1.431,			0.236,			0.053
759,	1,	90.0,	191.281,			1.309,			0.256,			0.057
760,	1,	6.0,	191.6,			1.715,			0.238,			0.053
761,	1,	447.0,	191.824,			1.774,			0.218,			0.055
762,	1,	559.0,	192.011,			1.912,			0.287,			0.058
763,	1,	559.0,	192.196,			1.104,			0.111,			0.058
764,	1,	6.0,	192.962,			2.524,			0.125,			0.056
765,	1,	379.0,	193.113,			1.46,			0.142,			0.054
766,	1,	146.0,	193.685,			2.404,			0.176,			0.053
767,	2,	172.0,	193.685,			11.508,			1.086,			0.106
768,	1,	6.0,	193.828,			1.601,			0.162,			0.059
769,	1,	498.0,	194.081,			1.717,			0.2,			0.05
770,	2,	160.0,	194.093,			12.424,			1.096,			0.126
771,	1,	387.0,	194.258,			1.383,			0.219,			0.059
772,	1,	7.0,	194.391,			1.191,			0.21,			0.059
773,	1,	379.0,	194.538,			2.454,			0.133,			0.052
774,	1,	10.0,	194.611,			2.554,			0.203,			0.052
775,	1,	16.0,	194.899,			1.245,			0.244,			0.053
776,	1,	13.0,	194.916,			2.681,			0.26,			0.058
777,	2,	63.0,	195.145,			12.315,			1.146,			0.142
778,	1,	28.0,	195.424,			2.123,			0.229,			0.054
779,	1,	7.0,	195.44,			1.494,			0.244,			0.058
780,	1,	49.0,	195.744,			2.625,			0.246,			0.052
781,	2,	131.0,	196.216,			12.761,			1.457,			0.17
782,	1,	447.0,	196.552,			2.96,			0.292,			0.057
783,	1,	28.0,	196.642,			1.639,			0.189,			0.055
784,	2,	135.0,	196.886,			12.286,			1.349,			0.138
785,	1,	10.0,	197.192,			1.095,			0.22,			0.052
786,	1,	559.0,	197.263,			1.907,			0.164,			0.056
787,	1,	146.0,	197.287,			1.372,			0.254,			0.055
788,	1,	7.0,	197.497,			1.913,			0.288,			0.057
789,	1,	559.0,	197.55,			2.907,			0.116,			0.052
790,	1,	44.0,	197.707,			1.495,			0.107,			0.059
791,	2,	138.0,	197.755,			12.463,			1.146,			0.158
792,	2,	128.0,	197.955,			14.351,			1.104,			0.179
793,	1,	10.0,	198.062,			2.151,			0.287,			0.055
794,	1,	16.0,	198.486,			2.525,			0.267,			0.057
795,	2,	200.0,	198.499,			13.79,			1.264,			0.186
796,	2,	175.0,	198.774,			14.135,			1.438,			0.137
797,	1,	387.0,	198.814,			1.956,			0.139,			0.054
798,	1,	447.0,	198.969,			1.86,			0.209,			0.05
799,	1,	559.0,	199.004,			2.735,			0.152,			0.058
800,	1,	103.0,	199.096,			1.908,			0.203,			0.058
801,	1,	44.0,	199.385,			1.633,			0.155,			0.055
802,	2,	263.0,	199.542,			12.192,			1.341,			0.139
803,	2,	201.0,	199.81,			12.48,			1.175,			0.194
804,	1,	7.0,	200.131,			2.2,			0.248,			0.058
805,	1,	498.0,	200.18,			1.688,			0.125,			0.054
806,	1,	7.0,	200.285,			1.587,			0.27,			0.053
807,	1,	214.0,	200.658,			2.874,			0.139,			0.052
808,	1,	6.0,	200.749,			1.915,			0.122,			0.056
809,	1,	7.0,	200.917,			2.852,			0.112,			0.05
810,	1,	28.0,	202.063,			1.626,			0.221,			0.055
811,	1,	387.0,	202.256,			2.449,			0.129,			0.052
812,	1,	59.0,	202.36,			1.525,			0.155,			0.052
813,	1,	512.0,	202.42,			1.009,			0.211,			0.059
814,	1,	214.0,	202.931,			2.554,			0.143,			0.059
815,	1,	7.0,	202.987,			1.051,			0.117,			0.052
816,	1,	512.0,	202.999,			2.163,			0.117,			0.057
817,	1,	7.0,	203.036,			1.162,			0.238,			0.053
818,	1,	126.0,	203.082,			1.232,			0.206,			0.054
819,	1,	90.0,	203.086,			2.278,			0.19,			0.056
820,	1,	7.0,	203.144,			1.981,			0.192,			0.056
821,	1,	146.0,	203.387,			2.879,			0.191,			0.051
822,	1,	559.0,	203.684,			2.149,			0.225,			0.058
823,	1,	16.0,	203.762,			1.262,			0.249,			0.059
824,	1,	7.0,	204.14,			2.914,			0.116,			0.059
825,	2,	117.0,	204.186,			13.137,			1.285,			0.164
826,	1,	157.0,	204.398,			1.97,			0.244,			0.05
827,	1,	7.0,	204.482,			2.757,			0.276,			0.056
828,	1,	7.0,	204.485,			2.407,			0.268,			0.057
829,	2,	69.0,	204.627,			11.438,			1.131,			0.191
830,	1,	157.0,	204.854,			1.769,			0.169,			0.054
831,	1,	6.0,	204.934,			1.639,			0.189,			0.054
832,	1,	214.0,	205.089,			1.433,			0.242,			0.056
833,	1,	379.0,	205.235,			1.403,			0.254,			0.05
834,	1,	49.0,	205.537,			1.394,			0.248,			0.055
835,	1,	169.0,	206.836,			1.095,			0.251,			0.054
836,	1,	103.0,	206.857,			1.719,			0.111,			0.057
837,	1,	95.0,	207.698,			1.071,			0.249,			0.055
838,	1,	10.0,	207.755,			1.962,			0.282,			0.053
839,	1,	16.0,	207.856,			1.737,			0.217,			0.056
840,	2,	176.0,	207.898,			13.437,			1.343,			0.133
841,	2,	83.0,	208.006,			11.69,			1.353,			0.128
842,	1,	10.0,	208.052,			1.027,			0.29,			0.051
843,	1,	498.0,	208.64,			1.104,			0.252,			0.05
844,	1,	7.0,	208.844,			2.322,			0.208,			0.059
845,	2,	109.0,	209.659,			14.921,			1.086,			0.102
846,	1,	44.0,	209.684,			2.776,			0.247,			0.059
847,	1,	10.0,	209.782,			1.965,			0.284,			0.056
848,	1,	126.0,	210.06,			2.098,			0.136,			0.051
849,	1,	49.0,	210.181,			1.157,			0.137,			0.052
850,	2,	195.0,	210.331,			11.866,			1.219,			0.155
851,	1,	120.0,	210.363,			1.988,			0.132,			0.05
852,	2,	100.0,	210.592,			12.741,			1.405,			0.152
853,	2,	141.0,	210.692,			10.432,			1.491,			0.106
854,	1,	49.0,	210.824,			1.304,			0.142,			0.057
855,	1,	44.0,	211.265,			1.915,			0.144,			0.051
856,	1,	7.0,	211.949,			2.074,			0.215,			0.057
857,	1,	146.0,	212.635,			1.478,			0.167,			0.058
858,	1,	512.0,	212.655,			2.479,			0.274,			0.055
859,	2,	155.0,	212.683,			10.984,			1.124,			0.149
860,	1,	44.0,	212.869,			2.369,			0.108,			0.057
861,	1,	447.0,	212.951,			2.559,			0.162,			0.051
862,	1,	49.0,	213.211,			2.034,			0.229,			0.052
863,	2,	174.0,	213.659,			11.193,			1.396,			0.123
864,	1,	13.0,	213.696,			1.62,			0.275,			0.053
865,	1,	13.0,	213.707,			1.443,			0.237,			0.059
866,	1,	559.0,	214.04,			2.326,			0.148,			0.055
867,	1,	7.0,	214.114,			2.379,			0.289,			0.053
868,	1,	7.0,	214.373,			2.31,			0.106,			0.052
869,	1,	6.0,	214.625,			1.417,			0.267,			0.055
870,	2,	242.0,	214.854,			10.547,			1.299,			0.111
871,	1,	44.0,	215.789,			1.561,			0.158,			0.052
872,	1,	6.0,	215.913,			1.643,			0.203,			0.054
873,	1,	49.0,	216.106,			2.799,			0.221,			0.052
874,	1,	387.0,	216.89,			1.557,			0.165,			0.059
875,	1,	28.0,	217.139,			1.581,			0.197,			0.053
876,	1,	379.0,	217.817,			1.031,			0.15,			0.055
877,	2,	198.0,	217.853,			14.836,			1.268,			0.196
878,	1,	559.0,	218.093,			2.838,			0.238,			0.055
879,	1,	7.0,	218.551,			1.683,			0.103,			0.058
880,	1,	169.0,	219.315,			1.753,			0.191,			0.058
881,	1,	28.0,	219.523,			1.988,			0.148,			0.057
882,	2,	195.0,	219.937,			14.424,			1.466,			0.171
883,	1,	7.0,	220.007,			2.318,			0.111,			0.051
884,	1,	6.0,	220.464,			2.76,			0.221,			0.057
885,	1,	447.0,	220.502,			2.144,			0.191,			0.052
886,	1,	7.0,	221.321,			1.784,			0.123,			0.051
887,	2,	150.0,	221.419,			14.464,			1.275,			0.199
888,	1,	7.0,	221.503,			2.628,			0.148,			0.06
889,	1,	512.0,	221.849,			2.614,			0.199,			0.057
890,	1,	10.0,	221.981,			2.955,			0.283,			0.054
891,	1,	28.0,	222.578,			2.78,			0.135,			0.055
892,	1,	387.0,	222.683,			1.217,			0.248,			0.057
893,	1,	387.0,	222.771,			1.464,			0.145,			0.056
894,	1,	28.0,	223.429,			1.592,			0.167,			0.055
895,	1,	6.0,	223.574,			1.247,			0.221,			0.052
896,	1,	120.0,	223.812,			1.756,			0.221,			0.06
897,	1,	49.0,	223.896,			2.398,			0.136,			0.051
898,	1,	126.0,	223.937,			2.819,			0.152,			0.058
899,	1,	44.0,	223.964,			2.819,			0.299,			0.05
900,	1,	387.0,	224.034,			1.731,			0.18,			0.055
901,	1,	7.0,	224.037,			1.509,			0.111,			0.06
902,	1,	157.0,	225.965,			1.282,			0.25,			0.057
903,	2,	183.0,	226.126,			13.908,			1.008,			0.178
904,	1,	157.0,	226.715,			1.97,			0.214,			0.053
905,	1,	7.0,	227.846,			2.28,			0.293,			0.059
906,	1,	44.0,	228.233,			1.232,			0.15,			0.058
907,	1,	95.0,	228.529,			2.328,			0.118,			0.056
908,	1,	146.0,	229.274,			1.111,			0.176,			0.052
909,	2,	202.0,	229.618,			11.423,			1.362,			0.105
910,	1,	10.0,	230.053,			2.386,			0.147,			0.06
911,	1,	7.0,	230.087,			2.52,			0.193,			0.058
912,	1,	498.0,	230.513,			1.651,			0.249,			0.057
913,	1,	559.0,	230.737,			2.055,			0.125,			0.053
914,	1,	16.0,	230.975,			1.145,			0.27,			0.054
915,	2,	210.0,	231.372,			12.174,			1.184,			0.134
916,	1,	157.0,	231.747,			2.03,			0.287,			0.058
917,	1,	7.0,	231.98,			1.729,			0.218,			0.053
918,	1,	6.0,	232.065,			2.691,			0.231,			0.059
919,	1,	559.0,	232.271,			1.915,			0.125,			0.051
920,	1,	7.0,	232.436,			1.932,			0.138,			0.056
921,	1,	512.0,	235.239,			2.58,			0.232,			0.056
922,	1,	16.0,	238.142,			1.962,			0.169,			0.057
923,	1,	6.0,	238.452,			2.893,			0.256,			0.06
924,	2,	152.0,	239.148,			11.842,			1.035,			0.143
925,	1,	13.0,	239.176,			1.667,			0.257,			0.053
926,	2,	142.0,	240.159,			11.228,			1.082,			0.131
927,	1,	44.0,	241.999,			2.36,			0.192,			0.057
928,	1,	379.0,	242.144,			2.76,			0.206,			0.059
929,	1,	49.0,	242.491,			1.091,			0.128,			0.054
930,	1,	30.0,	243.495,			2.398,			0.252,			0.053
931,	2,	105.0,	243.639,			13.396,			1.198,			0.155
932,	2,	110.0,	245.442,			13.737,			1.223,			0.198
933,	1,	126.0,	246.143,			1.078,			0.287,			0.053
934,	1,	387.0,	246.429,			1.59,			0.209,			0.059
935,	1,	28.0,	246.868,			2.369,			0.257,			0.054
936,	2,	75.0,	247.559,			10.96,			1.208,			0.123
937,	2,	126.0,	249.055,			12.112,			1.465,			0.179
938,	2,	208.0,	249.072,			12.691,			1.136,			0.115
939,	1,	512.0,	249.359,			1.988,			0.242,			0.057
940,	1,	7.0,	249.961,			2.187,			0.183,			0.056
941,	1,	95.0,	249.965,			1.591,			0.166,			0.051
942,	2,	127.0,	250.847,			14.067,			1.246,			0.197
943,	1,	120.0,	251.084,			1.886,			0.174,			0.059
944,	2,	317.0,	251.282,			12.088,			1.009,			0.107
945,	1,	379.0,	251.759,			2.412,			0.154,			0.053
946,	1,	559.0,	252.135,			1.464,			0.131,			0.056
947,	2,	255.0,	253.133,			11.229,			1.282,			0.198
948,	2,	146.0,	253.759,			14.948,			1.292,			0.142
949,	1,	169.0,	253.937,			1.296,			0.102,			0.054
950,	1,	169.0,	254.423,			2.358,			0.295,			0.053
951,	1,	28.0,	254.992,			1.027,			0.246,			0.057
952,	1,	49.0,	255.842,			1.337,			0.21,			0.054
953,	2,	294.0,	257.9,			11.124,			1.199,			0.147
954,	2,	166.0,	258.312,			10.728,			1.136,			0.15
955,	1,	95.0,	258.601,			2.031,			0.162,			0.058
956,	2,	170.0,	259.995,			13.871,			1.229,			0.155
957,	1,	7.0,	260.136,			1.277,			0.187,			0.052
958,	2,	121.0,	261.447,			13.892,			1.117,			0.173
959,	2,	93.0,	262.014,			13.249,			1.07,			0.109
960,	1,	157.0,	263.024,			2.345,			0.293,			0.053
961,	2,	263.0,	263.562,			14.064,			1.335,			0.15
962,	2,	108.0,	264.248,			10.63,			1.295,			0.142
963,	2,	151.0,	265.63,			10.269,			1.266,			0.125
964,	2,	103.0,	265.677,			12.165,			1.029,			0.127
965,	2,	246.0,	265.959,			13.168,			1.212,			0.155
966,	2,	179.0,	266.333,			11.423,			1.369,			0.114
967,	2,	71.0,	266.82,			13.088,			1.291,			0.176
968,	1,	6.0,	267.328,			1.786,			0.217,			0.05
969,	2,	179.0,	268.13,			14.836,			1.189,			0.118
970,	2,	201.0,	269.044,			11.134,			1.183,			0.181
971,	2,	191.0,	270.097,			12.999,			1.191,			0.161
972,	1,	559.0,	270.571,			1.174,			0.236,			0.059
973,	2,	107.0,	270.86,			12.955,			1.07,			0.193
974,	2,	113.0,	270.898,			12.955,			1.333,			0.111
975,	2,	157.0,	271.808,			10.758,			1.345,			0.189
976,	2,	199.0,	271.865,			13.086,			1.064,			0.176
977,	1,	95.0,	272.567,			2.316,			0.22,			0.059
978,	2,	97.0,	272.725,			13.264,			1.009,			0.145
979,	2,	110.0,	273.319,			10.198,			1.166,			0.173
980,	2,	97.0,	273.533,			12.79,			1.479,			0.174
981,	2,	100.0,	274.249,			13.892,			1.416,			0.137
982,	2,	149.0,	274.579,			13.499,			1.144,			0.135
983,	2,	197.0,	275.682,			10.77,			1.453,			0.111
984,	1,	28.0,	275.708,			2.757,			0.207,			0.053
985,	1,	7.0,	277.848,			2.328,			0.155,			0.059
986,	2,	100.0,	278.72,			14.686,			1.264,			0.103
987,	1,	7.0,	278.993,			1.807,			0.147,			0.058
988,	2,	268.0,	279.341,			11.578,			1.322,			0.174
989,	2,	101.0,	282.237,			13.703,			1.159,			0.186
990,	2,	204.0,	282.298,			10.895,			1.343,			0.108
991,	2,	178.0,	282.564,			10.686,			1.334,			0.163
992,	2,	228.0,	282.85,			11.334,			1.455,			0.192
993,	2,	136.0,	284.418,			11.781,			1.099,			0.121
994,	2,	322.0,	290.366,			12.401,			1.369,			0.122
995,	2,	162.0,	291.017,			14.366,			1.017,			0.14
996,	1,	559.0,	293.429,			2.284,			0.198,			0.058
997,	2,	145.0,	294.153,			14.646,			1.467,			0.136
998,	2,	175.0,	295.186,			13.828,			1.117,			0.177
999,	2,	198.0,	299.142,			10.39,			1.264,			0.123
1000,	2,	121.0,	299.223,			11.449,			1.32,			0.161
