#, task_type_id, size, arrival_time,	execution_time_cpu,	execution_time_gpu,	execution_time_CLOUD
1,	2,	45.0,	1.337,			11.082,			1.185,			0.157
2,	2,	201.0,	1.873,			10.895,			1.029,			0.185
3,	2,	167.0,	1.981,			13.038,			1.175,			0.138
4,	2,	139.0,	3.849,			14.936,			1.268,			0.159
5,	1,	44.0,	6.77,			1.631,			0.281,			0.051
6,	2,	133.0,	7.181,			11.578,			1.205,			0.11
7,	2,	116.0,	7.451,			11.643,			1.04,			0.105
8,	2,	203.0,	9.604,			12.909,			1.185,			0.114
9,	2,	73.0,	9.626,			14.132,			1.108,			0.121
10,	1,	90.0,	9.837,			1.878,			0.229,			0.057
11,	2,	213.0,	10.323,			14.314,			1.029,			0.114
12,	2,	153.0,	10.467,			11.557,			1.498,			0.129
13,	2,	293.0,	11.311,			13.05,			1.409,			0.18
14,	2,	210.0,	13.472,			10.461,			1.05,			0.133
15,	2,	148.0,	15.21,			12.662,			1.135,			0.15
16,	2,	178.0,	16.554,			14.464,			1.092,			0.143
17,	2,	106.0,	18.764,			13.854,			1.489,			0.116
18,	1,	379.0,	20.049,			1.486,			0.112,			0.057
19,	2,	66.0,	20.851,			10.877,			1.208,			0.155
20,	2,	293.0,	21.972,			12.33,			1.494,			0.125
21,	2,	172.0,	23.0,			10.269,			1.45,			0.2
22,	1,	559.0,	25.318,			1.407,			0.148,			0.06
23,	2,	148.0,	25.504,			11.247,			1.144,			0.189
24,	2,	365.0,	25.936,			13.79,			1.031,			0.167
25,	2,	210.0,	27.14,			13.06,			1.246,			0.15
26,	2,	156.0,	27.176,			14.646,			1.008,			0.172
27,	2,	129.0,	28.021,			13.05,			1.437,			0.179
28,	2,	158.0,	30.925,			14.842,			1.123,			0.125
29,	1,	7.0,	32.55,			2.014,			0.207,			0.058
30,	2,	247.0,	32.983,			12.105,			1.398,			0.164
31,	2,	235.0,	35.592,			12.393,			1.12,			0.106
32,	1,	6.0,	35.979,			2.056,			0.255,			0.056
33,	1,	7.0,	37.504,			2.727,			0.125,			0.054
34,	2,	168.0,	37.592,			11.138,			1.282,			0.125
35,	2,	137.0,	37.747,			11.578,			1.323,			0.121
36,	2,	110.0,	38.342,			13.268,			1.261,			0.155
37,	1,	44.0,	38.934,			1.217,			0.144,			0.055
38,	2,	129.0,	38.964,			13.874,			1.426,			0.139
39,	2,	110.0,	40.383,			14.425,			1.121,			0.142
40,	2,	366.0,	40.696,			12.815,			1.194,			0.139
41,	2,	143.0,	40.753,			12.815,			1.353,			0.152
42,	2,	226.0,	41.305,			11.34,			1.194,			0.197
43,	1,	13.0,	42.496,			1.445,			0.171,			0.057
44,	1,	28.0,	42.732,			2.318,			0.116,			0.051
45,	1,	7.0,	43.749,			2.874,			0.121,			0.057
46,	2,	158.0,	45.314,			13.346,			1.481,			0.2
47,	1,	498.0,	45.726,			2.858,			0.272,			0.056
48,	1,	512.0,	46.643,			2.43,			0.194,			0.052
49,	2,	90.0,	47.071,			11.966,			1.409,			0.195
50,	1,	7.0,	47.675,			2.346,			0.187,			0.057
51,	2,	65.0,	49.204,			11.091,			1.396,			0.168
52,	2,	103.0,	49.298,			11.968,			1.47,			0.136
53,	1,	126.0,	49.933,			1.962,			0.294,			0.058
54,	2,	122.0,	50.753,			10.205,			1.119,			0.106
55,	2,	177.0,	50.805,			13.476,			1.143,			0.114
56,	1,	90.0,	51.039,			2.757,			0.15,			0.056
57,	2,	126.0,	51.512,			10.16,			1.201,			0.108
58,	1,	157.0,	52.439,			2.318,			0.277,			0.052
59,	1,	6.0,	53.446,			2.795,			0.105,			0.059
60,	2,	147.0,	55.183,			10.56,			1.075,			0.137
61,	1,	447.0,	56.182,			2.695,			0.242,			0.057
62,	1,	559.0,	56.558,			1.416,			0.135,			0.051
63,	1,	512.0,	57.616,			1.841,			0.217,			0.057
64,	2,	210.0,	58.263,			14.704,			1.295,			0.155
65,	2,	103.0,	58.59,			11.442,			1.219,			0.183
66,	2,	154.0,	58.731,			14.908,			1.425,			0.19
67,	2,	142.0,	59.736,			11.722,			1.389,			0.164
68,	1,	90.0,	60.036,			1.226,			0.157,			0.059
69,	1,	90.0,	61.947,			2.556,			0.157,			0.055
70,	2,	295.0,	62.071,			14.863,			1.198,			0.182
71,	1,	44.0,	62.322,			1.186,			0.172,			0.056
72,	1,	7.0,	62.586,			1.941,			0.151,			0.053
73,	2,	226.0,	63.799,			10.16,			1.108,			0.147
74,	1,	498.0,	64.234,			1.024,			0.158,			0.059
75,	1,	49.0,	65.0,			2.047,			0.235,			0.06
76,	2,	214.0,	65.774,			12.447,			1.484,			0.136
77,	1,	49.0,	66.108,			1.969,			0.265,			0.05
78,	1,	95.0,	66.8,			2.697,			0.165,			0.055
79,	2,	123.0,	67.259,			11.92,			1.285,			0.165
80,	1,	559.0,	68.197,			1.086,			0.205,			0.059
81,	1,	59.0,	68.889,			2.984,			0.177,			0.06
82,	2,	153.0,	69.245,			13.889,			1.085,			0.106
83,	1,	103.0,	69.262,			1.112,			0.186,			0.053
84,	1,	120.0,	69.303,			1.708,			0.108,			0.05
85,	1,	13.0,	69.415,			1.516,			0.217,			0.054
86,	1,	126.0,	70.291,			1.921,			0.281,			0.055
87,	1,	126.0,	70.538,			1.69,			0.297,			0.053
88,	1,	95.0,	70.757,			2.659,			0.289,			0.059
89,	1,	7.0,	70.979,			2.288,			0.277,			0.06
90,	1,	6.0,	71.379,			2.316,			0.231,			0.059
91,	1,	90.0,	71.984,			1.106,			0.16,			0.059
92,	1,	7.0,	72.075,			2.69,			0.209,			0.052
93,	1,	44.0,	72.343,			2.895,			0.21,			0.058
94,	1,	7.0,	72.496,			1.742,			0.147,			0.053
95,	1,	120.0,	72.648,			2.013,			0.173,			0.054
96,	2,	156.0,	73.479,			14.931,			1.245,			0.193
97,	1,	90.0,	74.023,			1.293,			0.222,			0.055
98,	1,	103.0,	74.474,			1.105,			0.249,			0.055
99,	2,	156.0,	75.315,			14.842,			1.469,			0.167
100,	2,	130.0,	75.568,			11.639,			1.278,			0.135
101,	1,	126.0,	76.615,			2.948,			0.234,			0.057
102,	1,	90.0,	76.757,			2.797,			0.27,			0.051
103,	1,	559.0,	76.861,			2.675,			0.229,			0.06
104,	1,	30.0,	76.949,			2.596,			0.173,			0.055
105,	1,	44.0,	77.207,			1.657,			0.167,			0.051
106,	1,	120.0,	77.476,			2.9,			0.231,			0.057
107,	1,	30.0,	77.91,			1.22,			0.233,			0.053
108,	1,	103.0,	78.422,			2.984,			0.231,			0.059
109,	1,	90.0,	78.862,			1.76,			0.177,			0.05
110,	1,	49.0,	79.211,			1.382,			0.118,			0.054
111,	1,	157.0,	79.586,			1.158,			0.29,			0.05
112,	1,	103.0,	79.591,			2.735,			0.234,			0.05
113,	2,	134.0,	79.599,			12.627,			1.109,			0.125
114,	2,	130.0,	79.651,			11.411,			1.356,			0.119
115,	2,	347.0,	79.955,			11.247,			1.31,			0.108
116,	2,	127.0,	80.003,			13.016,			1.481,			0.19
117,	1,	447.0,	80.577,			2.381,			0.164,			0.051
118,	1,	7.0,	80.731,			2.76,			0.206,			0.055
119,	1,	157.0,	80.777,			2.901,			0.165,			0.055
120,	1,	59.0,	80.783,			2.678,			0.17,			0.053
121,	1,	126.0,	81.022,			2.52,			0.131,			0.059
122,	1,	28.0,	81.15,			1.752,			0.176,			0.059
123,	2,	366.0,	81.348,			10.162,			1.317,			0.197
124,	2,	211.0,	81.712,			12.165,			1.366,			0.139
125,	2,	159.0,	82.139,			11.878,			1.33,			0.169
126,	1,	559.0,	82.58,			2.8,			0.288,			0.056
127,	1,	6.0,	82.925,			1.571,			0.229,			0.051
128,	2,	103.0,	83.182,			10.035,			1.139,			0.154
129,	1,	30.0,	83.508,			1.97,			0.163,			0.056
130,	1,	44.0,	83.977,			1.769,			0.249,			0.05
131,	1,	120.0,	84.21,			2.557,			0.241,			0.058
132,	1,	59.0,	85.053,			1.229,			0.291,			0.054
133,	1,	6.0,	85.57,			2.378,			0.228,			0.051
134,	2,	131.0,	86.476,			14.424,			1.207,			0.132
135,	1,	379.0,	86.606,			1.756,			0.109,			0.05
136,	1,	59.0,	86.711,			1.963,			0.101,			0.053
137,	1,	30.0,	86.807,			2.122,			0.221,			0.056
138,	1,	7.0,	87.668,			1.683,			0.116,			0.053
139,	1,	120.0,	87.746,			2.548,			0.14,			0.052
140,	1,	6.0,	88.526,			2.684,			0.12,			0.055
141,	2,	192.0,	88.927,			13.346,			1.029,			0.156
142,	1,	7.0,	89.347,			1.822,			0.214,			0.057
143,	1,	28.0,	89.376,			2.991,			0.215,			0.051
144,	1,	169.0,	89.586,			1.289,			0.168,			0.06
145,	1,	10.0,	89.72,			1.23,			0.231,			0.057
146,	1,	95.0,	89.819,			2.509,			0.193,			0.056
147,	1,	95.0,	89.846,			1.883,			0.278,			0.058
148,	1,	30.0,	90.06,			1.035,			0.207,			0.06
149,	1,	559.0,	90.367,			1.702,			0.2,			0.055
150,	2,	277.0,	90.368,			13.963,			1.471,			0.197
151,	1,	6.0,	90.758,			2.123,			0.203,			0.057
152,	2,	126.0,	90.904,			14.705,			1.493,			0.194
153,	1,	214.0,	91.09,			2.02,			0.275,			0.052
154,	1,	512.0,	91.238,			1.985,			0.29,			0.052
155,	1,	512.0,	91.426,			1.128,			0.192,			0.06
156,	1,	28.0,	91.676,			1.091,			0.189,			0.06
157,	1,	13.0,	92.558,			2.874,			0.236,			0.055
158,	1,	16.0,	92.702,			1.575,			0.251,			0.057
159,	1,	28.0,	92.766,			1.942,			0.222,			0.053
160,	1,	6.0,	92.792,			1.426,			0.118,			0.058
161,	1,	103.0,	92.85,			2.278,			0.211,			0.05
162,	1,	59.0,	92.883,			1.504,			0.157,			0.054
163,	2,	109.0,	93.003,			13.961,			1.206,			0.145
164,	1,	498.0,	93.327,			2.366,			0.26,			0.051
165,	1,	126.0,	93.375,			1.688,			0.151,			0.051
166,	1,	498.0,	93.688,			1.633,			0.248,			0.057
167,	1,	379.0,	94.198,			1.737,			0.183,			0.051
168,	1,	44.0,	94.303,			1.841,			0.125,			0.052
169,	2,	128.0,	94.41,			12.835,			1.117,			0.127
170,	1,	59.0,	94.519,			1.03,			0.119,			0.056
171,	1,	7.0,	94.715,			2.632,			0.192,			0.052
172,	1,	120.0,	94.812,			2.03,			0.18,			0.05
173,	1,	28.0,	95.61,			2.858,			0.191,			0.058
174,	1,	49.0,	95.639,			1.414,			0.154,			0.055
175,	1,	10.0,	95.65,			2.623,			0.107,			0.056
176,	1,	157.0,	95.868,			2.037,			0.274,			0.057
177,	2,	69.0,	96.097,			13.899,			1.466,			0.172
178,	1,	103.0,	96.207,			1.078,			0.191,			0.057
179,	1,	28.0,	96.565,			2.76,			0.153,			0.055
180,	1,	387.0,	96.571,			2.983,			0.275,			0.059
181,	1,	44.0,	97.213,			2.642,			0.224,			0.052
182,	1,	44.0,	97.449,			1.128,			0.179,			0.06
183,	2,	104.0,	97.619,			14.658,			1.143,			0.154
184,	1,	447.0,	97.662,			1.701,			0.139,			0.052
185,	1,	6.0,	97.852,			2.127,			0.205,			0.059
186,	1,	6.0,	98.201,			2.096,			0.131,			0.052
187,	1,	90.0,	98.253,			2.265,			0.248,			0.051
188,	1,	157.0,	98.475,			2.169,			0.279,			0.054
189,	1,	559.0,	98.591,			1.13,			0.167,			0.057
190,	1,	10.0,	98.825,			2.487,			0.167,			0.054
191,	1,	126.0,	99.025,			2.714,			0.259,			0.058
192,	2,	88.0,	99.132,			10.957,			1.424,			0.162
193,	1,	13.0,	99.314,			2.296,			0.17,			0.054
194,	1,	146.0,	99.531,			1.838,			0.156,			0.056
195,	1,	13.0,	100.557,			1.551,			0.106,			0.054
196,	1,	95.0,	100.897,			1.409,			0.252,			0.054
197,	2,	331.0,	100.935,			10.819,			1.194,			0.103
198,	1,	59.0,	101.335,			1.472,			0.101,			0.058
199,	1,	498.0,	101.711,			1.411,			0.242,			0.056
200,	1,	44.0,	102.507,			1.304,			0.19,			0.055
201,	1,	10.0,	103.364,			1.283,			0.241,			0.057
202,	2,	266.0,	103.416,			10.686,			1.308,			0.106
203,	1,	30.0,	103.446,			1.86,			0.101,			0.058
204,	1,	387.0,	103.736,			1.672,			0.116,			0.056
205,	1,	13.0,	103.782,			1.008,			0.225,			0.056
206,	1,	90.0,	103.9,			2.1,			0.273,			0.057
207,	2,	106.0,	104.199,			12.643,			1.129,			0.127
208,	1,	447.0,	104.567,			2.025,			0.135,			0.057
209,	1,	512.0,	104.61,			2.151,			0.133,			0.055
210,	1,	6.0,	104.692,			2.714,			0.15,			0.051
211,	1,	7.0,	104.767,			2.702,			0.214,			0.056
212,	1,	44.0,	104.807,			2.073,			0.11,			0.057
213,	2,	179.0,	104.833,			14.149,			1.285,			0.167
214,	1,	95.0,	105.081,			1.972,			0.253,			0.056
215,	1,	447.0,	105.216,			1.282,			0.221,			0.05
216,	1,	28.0,	105.264,			2.103,			0.236,			0.054
217,	1,	6.0,	105.419,			1.669,			0.124,			0.054
218,	1,	28.0,	105.823,			2.104,			0.158,			0.06
219,	1,	13.0,	105.917,			1.607,			0.13,			0.055
220,	1,	387.0,	106.131,			1.146,			0.111,			0.055
221,	1,	447.0,	106.313,			2.037,			0.133,			0.052
222,	1,	512.0,	106.991,			1.006,			0.159,			0.051
223,	1,	447.0,	106.999,			1.028,			0.219,			0.056
224,	1,	49.0,	107.141,			1.148,			0.142,			0.053
225,	1,	59.0,	107.355,			1.191,			0.134,			0.058
226,	1,	146.0,	107.424,			1.707,			0.23,			0.051
227,	1,	10.0,	107.459,			1.42,			0.206,			0.059
228,	1,	7.0,	107.6,			2.627,			0.189,			0.053
229,	1,	49.0,	107.681,			1.722,			0.223,			0.051
230,	1,	30.0,	107.749,			2.939,			0.233,			0.059
231,	1,	498.0,	108.02,			2.939,			0.233,			0.06
232,	1,	6.0,	108.053,			1.701,			0.132,			0.053
233,	1,	512.0,	108.446,			1.364,			0.21,			0.06
234,	1,	169.0,	108.678,			1.174,			0.216,			0.053
235,	1,	146.0,	108.772,			2.926,			0.276,			0.051
236,	2,	113.0,	108.93,			10.758,			1.487,			0.126
237,	1,	7.0,	109.038,			1.654,			0.231,			0.052
238,	1,	44.0,	109.069,			1.756,			0.104,			0.053
239,	1,	120.0,	109.173,			1.116,			0.227,			0.055
240,	1,	7.0,	109.181,			1.756,			0.206,			0.054
241,	1,	13.0,	109.204,			2.866,			0.292,			0.06
242,	2,	178.0,	109.882,			13.622,			1.222,			0.195
243,	1,	6.0,	109.897,			2.651,			0.222,			0.06
244,	1,	512.0,	109.929,			2.02,			0.267,			0.054
245,	1,	7.0,	110.132,			2.911,			0.203,			0.058
246,	1,	13.0,	110.149,			1.977,			0.146,			0.053
247,	1,	44.0,	110.338,			2.31,			0.182,			0.055
248,	1,	13.0,	110.894,			1.985,			0.191,			0.057
249,	1,	6.0,	111.006,			1.516,			0.17,			0.051
250,	1,	512.0,	111.033,			1.366,			0.19,			0.057
251,	1,	7.0,	111.111,			2.843,			0.142,			0.052
252,	2,	126.0,	111.13,			14.686,			1.321,			0.104
253,	1,	16.0,	111.351,			1.004,			0.137,			0.056
254,	1,	7.0,	111.403,			2.424,			0.118,			0.051
255,	1,	214.0,	111.557,			1.639,			0.2,			0.055
256,	2,	113.0,	111.6,			10.778,			1.141,			0.14
257,	1,	146.0,	111.892,			1.482,			0.234,			0.055
258,	1,	120.0,	112.434,			1.464,			0.271,			0.055
259,	1,	120.0,	112.541,			1.097,			0.187,			0.052
260,	1,	44.0,	112.588,			1.853,			0.213,			0.056
261,	1,	16.0,	112.706,			1.485,			0.226,			0.055
262,	1,	10.0,	112.771,			1.162,			0.197,			0.053
263,	1,	447.0,	112.906,			2.544,			0.147,			0.06
264,	1,	103.0,	113.032,			1.038,			0.185,			0.054
265,	2,	178.0,	113.1,			14.076,			1.477,			0.149
266,	1,	95.0,	113.153,			2.222,			0.289,			0.055
267,	1,	512.0,	113.351,			1.431,			0.29,			0.054
268,	1,	157.0,	113.383,			2.675,			0.227,			0.058
269,	1,	126.0,	113.4,			1.701,			0.205,			0.052
270,	1,	28.0,	113.488,			1.722,			0.194,			0.058
271,	1,	169.0,	113.628,			1.981,			0.121,			0.054
272,	1,	44.0,	113.682,			2.301,			0.277,			0.055
273,	1,	59.0,	113.761,			2.714,			0.23,			0.053
274,	1,	512.0,	113.844,			2.438,			0.26,			0.054
275,	1,	126.0,	114.063,			2.691,			0.169,			0.052
276,	1,	512.0,	114.068,			1.035,			0.128,			0.053
277,	1,	13.0,	114.251,			1.76,			0.2,			0.05
278,	1,	379.0,	114.64,			1.581,			0.287,			0.054
279,	1,	13.0,	114.692,			2.138,			0.293,			0.057
280,	2,	130.0,	115.283,			13.933,			1.401,			0.183
281,	1,	498.0,	115.323,			1.575,			0.116,			0.056
282,	1,	59.0,	115.482,			2.571,			0.294,			0.051
283,	1,	120.0,	115.594,			1.511,			0.218,			0.058
284,	1,	512.0,	115.754,			1.941,			0.173,			0.051
285,	1,	512.0,	115.811,			1.204,			0.216,			0.051
286,	1,	559.0,	116.243,			2.636,			0.16,			0.054
287,	1,	512.0,	116.264,			1.482,			0.281,			0.051
288,	1,	49.0,	116.403,			2.795,			0.227,			0.055
289,	1,	103.0,	116.463,			1.168,			0.258,			0.057
290,	1,	169.0,	116.597,			1.672,			0.221,			0.057
291,	1,	7.0,	116.841,			2.986,			0.149,			0.052
292,	1,	6.0,	117.279,			1.835,			0.277,			0.057
293,	1,	512.0,	117.475,			1.403,			0.195,			0.059
294,	1,	387.0,	117.945,			2.681,			0.211,			0.058
295,	1,	120.0,	117.951,			1.947,			0.128,			0.058
296,	1,	379.0,	118.031,			2.562,			0.215,			0.051
297,	2,	228.0,	119.306,			12.608,			1.457,			0.175
298,	1,	120.0,	119.82,			2.669,			0.225,			0.059
299,	1,	512.0,	119.889,			1.605,			0.257,			0.057
300,	1,	95.0,	120.048,			2.562,			0.124,			0.058
301,	1,	13.0,	120.208,			1.485,			0.244,			0.055
302,	1,	512.0,	120.261,			1.096,			0.214,			0.056
303,	1,	126.0,	120.357,			1.211,			0.229,			0.052
304,	1,	512.0,	120.442,			1.331,			0.207,			0.054
305,	1,	126.0,	120.472,			2.634,			0.135,			0.056
306,	1,	10.0,	120.672,			2.438,			0.216,			0.055
307,	1,	103.0,	120.851,			1.038,			0.131,			0.057
308,	1,	146.0,	120.987,			2.175,			0.193,			0.06
309,	1,	16.0,	121.566,			2.268,			0.101,			0.054
310,	2,	124.0,	121.74,			13.76,			1.442,			0.196
311,	2,	146.0,	121.762,			12.421,			1.295,			0.131
312,	1,	498.0,	121.788,			2.127,			0.288,			0.056
313,	1,	214.0,	121.847,			2.232,			0.215,			0.054
314,	2,	95.0,	122.108,			11.834,			1.22,			0.133
315,	1,	95.0,	122.145,			2.847,			0.216,			0.052
316,	1,	28.0,	122.229,			2.714,			0.182,			0.058
317,	1,	126.0,	122.387,			1.467,			0.251,			0.051
318,	1,	214.0,	122.476,			1.523,			0.27,			0.057
319,	1,	126.0,	122.596,			1.416,			0.225,			0.056
320,	1,	13.0,	122.62,			1.269,			0.107,			0.059
321,	1,	120.0,	122.701,			1.908,			0.206,			0.057
322,	1,	447.0,	122.926,			1.79,			0.283,			0.058
323,	1,	126.0,	123.116,			1.642,			0.197,			0.052
324,	1,	512.0,	123.252,			1.03,			0.139,			0.054
325,	1,	44.0,	123.681,			2.914,			0.292,			0.054
326,	1,	447.0,	123.791,			2.625,			0.11,			0.057
327,	1,	7.0,	123.851,			1.357,			0.249,			0.051
328,	1,	7.0,	123.933,			1.086,			0.118,			0.051
329,	1,	103.0,	124.015,			1.913,			0.238,			0.056
330,	1,	44.0,	124.05,			1.443,			0.228,			0.051
331,	1,	387.0,	124.517,			2.346,			0.132,			0.056
332,	1,	95.0,	124.551,			1.096,			0.186,			0.05
333,	1,	44.0,	124.62,			1.761,			0.233,			0.055
334,	1,	512.0,	125.269,			1.056,			0.21,			0.054
335,	1,	157.0,	125.27,			1.162,			0.16,			0.055
336,	1,	7.0,	125.347,			2.846,			0.191,			0.053
337,	1,	10.0,	125.538,			2.581,			0.114,			0.052
338,	1,	379.0,	125.746,			1.478,			0.146,			0.05
339,	1,	7.0,	125.924,			2.939,			0.198,			0.058
340,	1,	512.0,	126.027,			2.616,			0.173,			0.057
341,	1,	13.0,	126.173,			1.811,			0.23,			0.05
342,	1,	387.0,	126.248,			1.192,			0.259,			0.057
343,	1,	447.0,	126.662,			2.047,			0.229,			0.054
344,	1,	6.0,	127.029,			1.681,			0.248,			0.059
345,	1,	6.0,	127.277,			1.913,			0.151,			0.053
346,	1,	10.0,	127.443,			1.651,			0.166,			0.053
347,	1,	30.0,	127.462,			1.119,			0.122,			0.05
348,	1,	7.0,	127.929,			1.416,			0.16,			0.057
349,	1,	6.0,	128.074,			2.796,			0.26,			0.052
350,	1,	387.0,	128.146,			1.075,			0.256,			0.057
351,	2,	127.0,	128.168,			12.789,			1.398,			0.148
352,	1,	10.0,	128.323,			1.157,			0.173,			0.05
353,	1,	146.0,	128.39,			2.8,			0.169,			0.05
354,	1,	559.0,	128.426,			1.283,			0.11,			0.056
355,	1,	30.0,	128.764,			2.414,			0.277,			0.054
356,	1,	7.0,	128.933,			2.143,			0.216,			0.057
357,	1,	157.0,	128.963,			1.408,			0.238,			0.054
358,	1,	13.0,	129.102,			2.486,			0.109,			0.056
359,	1,	28.0,	129.142,			2.293,			0.243,			0.059
360,	1,	559.0,	129.195,			2.655,			0.109,			0.059
361,	1,	559.0,	129.201,			2.936,			0.27,			0.054
362,	1,	49.0,	129.323,			1.531,			0.141,			0.055
363,	1,	7.0,	129.636,			1.994,			0.162,			0.056
364,	1,	10.0,	129.789,			1.64,			0.101,			0.051
365,	1,	49.0,	130.147,			1.119,			0.146,			0.058
366,	1,	103.0,	130.329,			1.587,			0.287,			0.053
367,	1,	30.0,	130.336,			1.121,			0.248,			0.056
368,	1,	16.0,	130.422,			1.653,			0.188,			0.055
369,	1,	10.0,	130.478,			2.222,			0.172,			0.054
370,	1,	214.0,	130.613,			1.395,			0.106,			0.057
371,	1,	6.0,	130.889,			1.589,			0.194,			0.057
372,	1,	30.0,	130.895,			2.503,			0.184,			0.051
373,	1,	44.0,	130.903,			1.728,			0.193,			0.058
374,	1,	169.0,	130.968,			1.709,			0.159,			0.058
375,	1,	387.0,	131.04,			2.532,			0.207,			0.052
376,	1,	95.0,	131.238,			2.634,			0.111,			0.06
377,	1,	90.0,	131.309,			1.524,			0.288,			0.053
378,	1,	10.0,	131.472,			1.63,			0.229,			0.057
379,	1,	44.0,	131.792,			1.14,			0.2,			0.059
380,	1,	7.0,	132.018,			2.759,			0.195,			0.053
381,	1,	95.0,	132.031,			1.698,			0.253,			0.056
382,	1,	7.0,	132.17,			2.638,			0.233,			0.051
383,	1,	49.0,	132.235,			1.243,			0.244,			0.055
384,	1,	146.0,	132.581,			1.515,			0.247,			0.06
385,	1,	7.0,	132.684,			1.302,			0.159,			0.056
386,	1,	10.0,	132.706,			2.18,			0.14,			0.056
387,	1,	7.0,	132.73,			2.197,			0.14,			0.053
388,	1,	44.0,	133.138,			1.204,			0.297,			0.058
389,	1,	16.0,	133.155,			2.398,			0.162,			0.05
390,	1,	447.0,	133.423,			2.446,			0.145,			0.052
391,	1,	498.0,	133.437,			2.158,			0.221,			0.054
392,	1,	126.0,	133.462,			1.827,			0.229,			0.054
393,	2,	116.0,	133.47,			11.677,			1.039,			0.164
394,	1,	498.0,	133.663,			2.321,			0.226,			0.051
395,	1,	6.0,	133.985,			1.45,			0.156,			0.055
396,	1,	387.0,	134.01,			1.245,			0.244,			0.053
397,	1,	10.0,	134.046,			1.86,			0.203,			0.057
398,	1,	379.0,	134.18,			1.011,			0.272,			0.054
399,	1,	512.0,	134.248,			1.659,			0.279,			0.059
400,	1,	512.0,	134.272,			1.309,			0.184,			0.055
401,	1,	498.0,	134.418,			1.038,			0.297,			0.059
402,	1,	126.0,	134.498,			2.33,			0.116,			0.057
403,	1,	512.0,	134.579,			2.328,			0.118,			0.054
404,	1,	6.0,	134.583,			1.162,			0.254,			0.052
405,	1,	6.0,	134.653,			2.795,			0.249,			0.054
406,	2,	205.0,	134.819,			11.245,			1.137,			0.14
407,	1,	379.0,	134.898,			1.942,			0.267,			0.056
408,	2,	108.0,	134.949,			10.255,			1.347,			0.125
409,	1,	6.0,	135.11,			1.477,			0.203,			0.055
410,	1,	95.0,	135.226,			2.509,			0.251,			0.053
411,	1,	169.0,	135.505,			1.857,			0.142,			0.055
412,	1,	512.0,	135.559,			2.612,			0.122,			0.057
413,	1,	157.0,	135.801,			1.437,			0.101,			0.054
414,	1,	6.0,	135.801,			1.431,			0.17,			0.054
415,	1,	120.0,	136.208,			1.402,			0.276,			0.058
416,	1,	30.0,	136.321,			2.288,			0.202,			0.053
417,	2,	96.0,	136.404,			12.526,			1.008,			0.119
418,	1,	28.0,	136.428,			1.168,			0.185,			0.06
419,	1,	103.0,	136.472,			1.048,			0.147,			0.057
420,	1,	146.0,	136.503,			1.683,			0.272,			0.057
421,	1,	30.0,	136.547,			2.794,			0.221,			0.052
422,	1,	95.0,	136.66,			1.663,			0.216,			0.05
423,	1,	7.0,	136.673,			1.128,			0.2,			0.053
424,	1,	59.0,	137.182,			1.681,			0.242,			0.059
425,	1,	7.0,	137.275,			2.779,			0.252,			0.056
426,	1,	447.0,	137.423,			2.576,			0.192,			0.057
427,	1,	7.0,	137.866,			1.394,			0.197,			0.052
428,	2,	294.0,	138.046,			10.707,			1.268,			0.112
429,	1,	214.0,	138.094,			1.755,			0.297,			0.052
430,	2,	165.0,	138.186,			14.154,			1.121,			0.173
431,	2,	115.0,	138.248,			10.784,			1.067,			0.102
432,	1,	146.0,	138.268,			2.014,			0.255,			0.054
433,	1,	103.0,	138.504,			2.842,			0.174,			0.055
434,	1,	447.0,	138.56,			2.398,			0.244,			0.06
435,	1,	95.0,	138.631,			1.879,			0.288,			0.052
436,	1,	13.0,	138.953,			2.26,			0.263,			0.06
437,	2,	124.0,	139.011,			10.175,			1.186,			0.162
438,	1,	379.0,	139.138,			1.496,			0.146,			0.059
439,	1,	387.0,	139.176,			2.092,			0.242,			0.056
440,	1,	28.0,	139.297,			2.034,			0.152,			0.05
441,	1,	28.0,	139.415,			1.406,			0.267,			0.06
442,	1,	90.0,	139.44,			1.112,			0.282,			0.052
443,	1,	28.0,	139.498,			2.084,			0.289,			0.051
444,	1,	44.0,	139.505,			1.941,			0.252,			0.058
445,	1,	7.0,	139.56,			2.073,			0.247,			0.057
446,	1,	16.0,	139.896,			2.487,			0.197,			0.058
447,	1,	387.0,	140.264,			1.97,			0.195,			0.051
448,	1,	7.0,	140.39,			1.932,			0.127,			0.052
449,	1,	559.0,	140.461,			1.115,			0.187,			0.058
450,	1,	90.0,	140.871,			1.543,			0.107,			0.058
451,	1,	7.0,	140.923,			1.372,			0.129,			0.052
452,	1,	126.0,	140.936,			2.068,			0.278,			0.06
453,	1,	59.0,	141.028,			2.415,			0.172,			0.05
454,	1,	7.0,	141.029,			1.886,			0.173,			0.052
455,	1,	59.0,	141.074,			2.31,			0.165,			0.052
456,	1,	10.0,	141.391,			2.636,			0.27,			0.056
457,	1,	95.0,	141.476,			2.398,			0.199,			0.057
458,	1,	498.0,	141.526,			1.532,			0.199,			0.052
459,	1,	157.0,	141.829,			2.5,			0.241,			0.05
460,	2,	93.0,	141.839,			10.076,			1.231,			0.171
461,	1,	559.0,	141.888,			2.404,			0.219,			0.06
462,	2,	35.0,	142.138,			11.598,			1.417,			0.199
463,	1,	169.0,	142.2,			2.631,			0.244,			0.054
464,	1,	49.0,	142.216,			1.442,			0.16,			0.051
465,	1,	7.0,	142.597,			2.544,			0.106,			0.053
466,	1,	6.0,	142.983,			1.009,			0.118,			0.053
467,	1,	146.0,	143.132,			1.421,			0.126,			0.06
468,	1,	379.0,	143.578,			1.722,			0.112,			0.055
469,	2,	136.0,	143.679,			14.215,			1.286,			0.142
470,	1,	169.0,	143.738,			1.168,			0.173,			0.06
471,	1,	498.0,	143.958,			1.435,			0.133,			0.054
472,	1,	7.0,	144.007,			1.245,			0.195,			0.059
473,	1,	7.0,	144.092,			1.769,			0.114,			0.052
474,	2,	123.0,	144.185,			13.596,			1.219,			0.168
475,	2,	198.0,	144.622,			13.651,			1.286,			0.128
476,	1,	157.0,	144.78,			2.751,			0.223,			0.059
477,	2,	127.0,	144.896,			11.478,			1.198,			0.191
478,	1,	120.0,	145.008,			1.883,			0.287,			0.057
479,	1,	7.0,	145.028,			1.998,			0.172,			0.051
480,	1,	59.0,	145.044,			1.158,			0.256,			0.058
481,	1,	120.0,	145.053,			1.431,			0.231,			0.053
482,	1,	6.0,	145.084,			2.757,			0.244,			0.059
483,	1,	214.0,	145.126,			2.879,			0.26,			0.056
484,	1,	120.0,	145.211,			1.05,			0.235,			0.06
485,	1,	7.0,	145.773,			1.106,			0.251,			0.055
486,	1,	146.0,	145.921,			1.048,			0.28,			0.056
487,	1,	7.0,	145.96,			2.467,			0.179,			0.051
488,	1,	7.0,	145.964,			1.753,			0.244,			0.053
489,	2,	208.0,	146.057,			10.16,			1.07,			0.142
490,	1,	512.0,	146.116,			2.369,			0.278,			0.06
491,	2,	73.0,	146.515,			11.059,			1.153,			0.103
492,	1,	44.0,	146.624,			1.766,			0.136,			0.057
493,	1,	90.0,	146.646,			1.753,			0.184,			0.05
494,	1,	28.0,	146.74,			1.168,			0.159,			0.053
495,	1,	7.0,	147.098,			1.402,			0.196,			0.051
496,	1,	379.0,	147.842,			2.298,			0.209,			0.057
497,	1,	44.0,	147.925,			2.378,			0.122,			0.054
498,	1,	447.0,	148.027,			2.968,			0.188,			0.059
499,	1,	157.0,	148.099,			2.52,			0.241,			0.055
500,	1,	16.0,	148.216,			2.91,			0.136,			0.051
501,	1,	559.0,	148.783,			1.694,			0.212,			0.051
502,	1,	6.0,	148.848,			2.388,			0.201,			0.054
503,	1,	6.0,	149.021,			2.598,			0.29,			0.055
504,	1,	44.0,	149.192,			2.131,			0.16,			0.053
505,	1,	95.0,	149.454,			2.974,			0.135,			0.055
506,	1,	7.0,	149.634,			2.703,			0.277,			0.053
507,	1,	103.0,	149.784,			2.198,			0.171,			0.06
508,	1,	7.0,	149.875,			1.027,			0.251,			0.055
509,	1,	44.0,	149.894,			2.945,			0.251,			0.058
510,	1,	447.0,	150.274,			1.408,			0.263,			0.055
511,	1,	13.0,	150.488,			2.346,			0.194,			0.053
512,	1,	379.0,	150.622,			2.524,			0.232,			0.06
513,	1,	559.0,	150.969,			1.13,			0.113,			0.056
514,	1,	157.0,	151.053,			1.822,			0.265,			0.058
515,	1,	120.0,	151.054,			1.833,			0.239,			0.057
516,	1,	28.0,	151.492,			1.525,			0.133,			0.057
517,	1,	90.0,	151.63,			1.153,			0.193,			0.054
518,	1,	16.0,	151.853,			1.663,			0.17,			0.052
519,	1,	498.0,	151.853,			2.492,			0.151,			0.053
520,	1,	126.0,	151.992,			1.395,			0.123,			0.059
521,	1,	7.0,	152.096,			1.875,			0.242,			0.053
522,	1,	103.0,	153.116,			1.681,			0.114,			0.051
523,	1,	30.0,	153.166,			1.59,			0.222,			0.055
524,	1,	7.0,	153.306,			2.342,			0.101,			0.054
525,	2,	155.0,	153.347,			14.908,			1.265,			0.16
526,	1,	214.0,	153.463,			1.25,			0.218,			0.055
527,	1,	157.0,	153.479,			1.45,			0.258,			0.06
528,	1,	169.0,	153.598,			2.154,			0.165,			0.06
529,	1,	44.0,	153.625,			1.217,			0.266,			0.051
530,	1,	157.0,	153.963,			1.488,			0.288,			0.054
531,	1,	7.0,	154.039,			2.1,			0.299,			0.054
532,	1,	7.0,	154.28,			1.996,			0.187,			0.059
533,	1,	30.0,	154.58,			2.379,			0.22,			0.059
534,	1,	120.0,	154.842,			2.525,			0.271,			0.054
535,	1,	49.0,	155.342,			1.97,			0.152,			0.056
536,	1,	7.0,	155.36,			1.083,			0.229,			0.052
537,	1,	16.0,	155.367,			1.269,			0.116,			0.057
538,	1,	169.0,	155.473,			2.553,			0.242,			0.053
539,	1,	28.0,	155.868,			1.531,			0.159,			0.06
540,	1,	169.0,	155.911,			1.104,			0.202,			0.051
541,	1,	126.0,	156.174,			1.211,			0.239,			0.054
542,	2,	191.0,	156.293,			11.866,			1.463,			0.102
543,	1,	95.0,	156.586,			1.307,			0.272,			0.052
544,	1,	16.0,	156.744,			2.973,			0.111,			0.058
545,	1,	387.0,	156.81,			1.25,			0.158,			0.052
546,	1,	7.0,	156.845,			2.36,			0.108,			0.056
547,	2,	105.0,	157.527,			14.183,			1.176,			0.11
548,	1,	13.0,	157.907,			2.675,			0.27,			0.059
549,	1,	169.0,	157.954,			2.378,			0.122,			0.058
550,	2,	213.0,	158.126,			13.288,			1.296,			0.151
551,	1,	28.0,	158.696,			1.394,			0.162,			0.059
552,	2,	63.0,	158.797,			13.166,			1.182,			0.119
553,	1,	7.0,	158.837,			1.188,			0.183,			0.056
554,	1,	7.0,	158.918,			2.0,			0.135,			0.052
555,	1,	28.0,	159.109,			2.222,			0.223,			0.06
556,	1,	30.0,	159.125,			1.128,			0.294,			0.058
557,	1,	7.0,	159.15,			2.429,			0.263,			0.054
558,	1,	387.0,	159.241,			2.068,			0.258,			0.06
559,	1,	7.0,	159.363,			2.861,			0.3,			0.05
560,	1,	498.0,	159.422,			1.625,			0.265,			0.054
561,	1,	498.0,	159.555,			2.889,			0.111,			0.053
562,	1,	7.0,	159.679,			1.581,			0.134,			0.055
563,	1,	49.0,	160.092,			1.426,			0.103,			0.051
564,	1,	379.0,	160.341,			2.627,			0.205,			0.054
565,	1,	7.0,	160.443,			1.448,			0.283,			0.056
566,	1,	169.0,	160.651,			2.709,			0.167,			0.054
567,	2,	120.0,	160.707,			12.435,			1.35,			0.188
568,	1,	49.0,	160.73,			1.467,			0.177,			0.059
569,	1,	498.0,	160.777,			1.006,			0.256,			0.051
570,	1,	16.0,	160.915,			2.916,			0.162,			0.056
571,	1,	126.0,	161.033,			1.688,			0.256,			0.051
572,	1,	44.0,	161.107,			1.287,			0.253,			0.059
573,	1,	498.0,	161.265,			2.084,			0.205,			0.054
574,	1,	379.0,	161.468,			1.169,			0.237,			0.051
575,	1,	512.0,	161.505,			2.273,			0.156,			0.056
576,	1,	7.0,	161.691,			2.827,			0.105,			0.058
577,	1,	512.0,	161.696,			1.597,			0.26,			0.053
578,	1,	169.0,	161.801,			2.838,			0.255,			0.057
579,	1,	7.0,	161.827,			2.78,			0.105,			0.059
580,	2,	225.0,	162.047,			14.323,			1.111,			0.139
581,	1,	95.0,	162.326,			1.105,			0.144,			0.051
582,	1,	146.0,	162.396,			1.756,			0.106,			0.058
583,	1,	157.0,	162.834,			2.796,			0.134,			0.057
584,	1,	28.0,	162.912,			1.105,			0.215,			0.051
585,	2,	168.0,	163.051,			10.279,			1.227,			0.112
586,	1,	214.0,	163.109,			2.114,			0.255,			0.054
587,	1,	44.0,	163.2,			1.933,			0.279,			0.059
588,	1,	6.0,	163.472,			1.477,			0.237,			0.055
589,	1,	387.0,	163.568,			2.893,			0.129,			0.059
590,	1,	10.0,	163.58,			1.799,			0.145,			0.053
591,	1,	512.0,	163.622,			1.868,			0.109,			0.054
592,	1,	7.0,	163.911,			2.943,			0.17,			0.058
593,	1,	95.0,	163.999,			2.222,			0.297,			0.052
594,	1,	126.0,	164.335,			1.799,			0.241,			0.057
595,	2,	47.0,	164.549,			13.021,			1.489,			0.108
596,	1,	49.0,	164.673,			2.661,			0.275,			0.056
597,	2,	225.0,	164.729,			11.666,			1.165,			0.131
598,	1,	30.0,	164.747,			2.489,			0.139,			0.054
599,	2,	166.0,	164.757,			14.958,			1.337,			0.16
600,	1,	157.0,	164.955,			2.562,			0.114,			0.054
601,	1,	59.0,	165.132,			1.708,			0.288,			0.055
602,	1,	7.0,	165.419,			1.367,			0.227,			0.053
603,	1,	169.0,	165.591,			1.22,			0.161,			0.058
604,	1,	28.0,	165.714,			1.947,			0.192,			0.052
605,	1,	498.0,	165.754,			2.088,			0.257,			0.058
606,	2,	93.0,	165.965,			14.582,			1.031,			0.118
607,	1,	13.0,	166.217,			2.852,			0.212,			0.05
608,	1,	103.0,	166.237,			1.985,			0.16,			0.051
609,	2,	58.0,	166.241,			10.977,			1.185,			0.111
610,	1,	44.0,	166.392,			2.847,			0.108,			0.051
611,	1,	7.0,	166.393,			1.657,			0.201,			0.057
612,	1,	30.0,	166.585,			1.543,			0.166,			0.055
613,	1,	6.0,	166.735,			1.962,			0.288,			0.06
614,	1,	95.0,	166.898,			2.888,			0.222,			0.056
615,	1,	146.0,	166.918,			2.305,			0.146,			0.059
616,	1,	387.0,	167.029,			1.395,			0.201,			0.052
617,	1,	447.0,	167.372,			1.774,			0.288,			0.057
618,	1,	498.0,	167.752,			1.458,			0.116,			0.054
619,	1,	95.0,	167.852,			1.909,			0.124,			0.059
620,	1,	214.0,	167.857,			1.756,			0.101,			0.059
621,	1,	157.0,	167.908,			2.163,			0.186,			0.059
622,	1,	49.0,	168.412,			2.576,			0.247,			0.059
623,	1,	157.0,	168.412,			2.834,			0.131,			0.05
624,	1,	447.0,	168.677,			2.681,			0.185,			0.055
625,	1,	7.0,	168.919,			2.984,			0.253,			0.054
626,	1,	169.0,	168.938,			2.813,			0.117,			0.057
627,	1,	512.0,	169.338,			2.874,			0.158,			0.053
628,	1,	7.0,	169.351,			2.22,			0.189,			0.057
629,	1,	28.0,	169.585,			1.653,			0.245,			0.057
630,	1,	379.0,	169.605,			2.88,			0.206,			0.056
631,	1,	447.0,	169.922,			1.075,			0.207,			0.054
632,	2,	128.0,	170.211,			11.92,			1.413,			0.14
633,	1,	559.0,	170.251,			2.976,			0.293,			0.051
634,	1,	59.0,	170.257,			1.425,			0.177,			0.059
635,	1,	6.0,	170.395,			2.598,			0.2,			0.052
636,	2,	182.0,	170.427,			14.05,			1.389,			0.113
637,	1,	498.0,	170.555,			2.358,			0.133,			0.052
638,	1,	7.0,	170.58,			2.948,			0.196,			0.051
639,	1,	90.0,	170.633,			2.288,			0.259,			0.051
640,	1,	95.0,	170.863,			2.991,			0.287,			0.058
641,	1,	90.0,	171.22,			2.655,			0.124,			0.052
642,	1,	214.0,	171.49,			1.589,			0.26,			0.052
643,	1,	6.0,	171.673,			1.981,			0.19,			0.052
644,	1,	13.0,	172.16,			2.317,			0.162,			0.056
645,	1,	379.0,	172.478,			2.167,			0.288,			0.056
646,	1,	59.0,	172.966,			1.654,			0.293,			0.054
647,	1,	59.0,	173.197,			1.091,			0.108,			0.058
648,	1,	10.0,	173.239,			2.316,			0.129,			0.055
649,	1,	169.0,	173.3,			2.084,			0.161,			0.054
650,	1,	90.0,	173.356,			2.305,			0.153,			0.053
651,	1,	512.0,	173.401,			1.669,			0.257,			0.052
652,	1,	28.0,	173.776,			1.283,			0.112,			0.06
653,	1,	7.0,	174.089,			2.103,			0.132,			0.052
654,	1,	120.0,	174.279,			2.779,			0.133,			0.052
655,	1,	120.0,	174.413,			2.9,			0.13,			0.056
656,	1,	44.0,	174.44,			1.111,			0.232,			0.053
657,	1,	146.0,	174.844,			1.162,			0.151,			0.051
658,	1,	126.0,	175.178,			2.532,			0.241,			0.057
659,	1,	90.0,	175.204,			1.838,			0.133,			0.053
660,	1,	146.0,	175.457,			2.424,			0.164,			0.057
661,	1,	157.0,	175.479,			2.148,			0.16,			0.059
662,	1,	90.0,	175.577,			2.647,			0.129,			0.054
663,	2,	178.0,	175.645,			10.177,			1.229,			0.126
664,	1,	157.0,	175.689,			1.031,			0.174,			0.056
665,	1,	7.0,	176.458,			1.662,			0.125,			0.057
666,	1,	16.0,	176.611,			2.968,			0.269,			0.056
667,	1,	559.0,	176.638,			1.27,			0.236,			0.057
668,	1,	44.0,	176.646,			2.369,			0.253,			0.057
669,	1,	7.0,	176.685,			2.149,			0.12,			0.054
670,	1,	498.0,	176.741,			2.844,			0.179,			0.056
671,	2,	114.0,	176.822,			10.518,			1.385,			0.157
672,	2,	161.0,	177.038,			11.744,			1.021,			0.137
673,	1,	59.0,	177.244,			2.525,			0.12,			0.053
674,	1,	169.0,	177.335,			1.483,			0.288,			0.06
675,	2,	240.0,	177.383,			13.386,			1.447,			0.197
676,	2,	256.0,	177.457,			11.717,			1.467,			0.102
677,	1,	28.0,	177.772,			1.141,			0.242,			0.052
678,	2,	73.0,	177.949,			12.301,			1.166,			0.144
679,	1,	103.0,	178.16,			1.875,			0.159,			0.055
680,	1,	7.0,	178.237,			2.381,			0.195,			0.051
681,	1,	6.0,	178.473,			1.391,			0.162,			0.053
682,	1,	498.0,	178.508,			1.814,			0.267,			0.051
683,	1,	59.0,	179.145,			2.412,			0.18,			0.055
684,	1,	6.0,	179.454,			2.571,			0.203,			0.055
685,	1,	6.0,	179.599,			2.618,			0.29,			0.055
686,	1,	379.0,	179.622,			1.252,			0.165,			0.057
687,	1,	7.0,	179.997,			1.425,			0.207,			0.053
688,	1,	447.0,	180.092,			1.038,			0.155,			0.053
689,	1,	16.0,	180.383,			2.765,			0.133,			0.05
690,	1,	28.0,	180.672,			1.481,			0.227,			0.052
691,	1,	7.0,	180.757,			1.061,			0.289,			0.059
692,	1,	126.0,	180.88,			1.431,			0.154,			0.053
693,	2,	119.0,	181.257,			11.92,			1.193,			0.166
694,	2,	67.0,	181.519,			11.581,			1.227,			0.102
695,	1,	387.0,	181.562,			2.252,			0.135,			0.059
696,	1,	6.0,	181.615,			2.415,			0.235,			0.055
697,	1,	169.0,	181.734,			2.425,			0.105,			0.057
698,	1,	10.0,	181.826,			1.737,			0.117,			0.057
699,	1,	512.0,	182.03,			1.291,			0.177,			0.055
700,	1,	512.0,	182.252,			1.816,			0.263,			0.052
701,	1,	28.0,	182.342,			1.095,			0.113,			0.051
702,	1,	7.0,	182.558,			1.009,			0.107,			0.057
703,	1,	126.0,	182.609,			1.211,			0.103,			0.051
704,	1,	157.0,	182.83,			1.098,			0.237,			0.052
705,	1,	120.0,	182.841,			2.598,			0.258,			0.058
706,	1,	44.0,	182.94,			2.366,			0.124,			0.054
707,	1,	103.0,	183.006,			1.801,			0.222,			0.058
708,	1,	120.0,	183.311,			1.715,			0.186,			0.059
709,	1,	387.0,	183.426,			1.458,			0.111,			0.058
710,	1,	387.0,	183.539,			2.974,			0.283,			0.06
711,	1,	498.0,	183.891,			1.76,			0.283,			0.055
712,	1,	28.0,	184.257,			2.598,			0.177,			0.052
713,	1,	214.0,	184.322,			1.114,			0.188,			0.051
714,	1,	90.0,	184.512,			2.969,			0.185,			0.056
715,	1,	16.0,	184.603,			2.976,			0.123,			0.053
716,	1,	120.0,	184.604,			1.814,			0.231,			0.057
717,	1,	28.0,	184.681,			1.589,			0.195,			0.054
718,	1,	214.0,	184.741,			1.768,			0.128,			0.059
719,	1,	16.0,	184.762,			1.119,			0.108,			0.054
720,	1,	214.0,	185.055,			1.731,			0.182,			0.059
721,	1,	7.0,	185.403,			1.979,			0.292,			0.06
722,	1,	169.0,	185.524,			1.921,			0.122,			0.058
723,	1,	95.0,	185.768,			2.487,			0.175,			0.055
724,	1,	95.0,	185.865,			2.098,			0.15,			0.058
725,	1,	7.0,	185.94,			1.928,			0.151,			0.051
726,	1,	7.0,	185.973,			2.11,			0.284,			0.054
727,	1,	379.0,	186.022,			2.614,			0.245,			0.058
728,	1,	169.0,	186.042,			2.772,			0.165,			0.054
729,	1,	16.0,	186.241,			1.816,			0.172,			0.052
730,	1,	44.0,	186.81,			1.935,			0.134,			0.053
731,	1,	49.0,	186.997,			2.415,			0.245,			0.052
732,	2,	229.0,	187.19,			11.677,			1.373,			0.104
733,	1,	59.0,	187.359,			2.599,			0.283,			0.054
734,	1,	214.0,	188.103,			1.731,			0.282,			0.058
735,	1,	59.0,	188.122,			2.11,			0.203,			0.055
736,	1,	379.0,	188.142,			2.047,			0.192,			0.058
737,	2,	167.0,	188.606,			12.701,			1.275,			0.164
738,	1,	379.0,	188.76,			1.245,			0.187,			0.053
739,	1,	59.0,	188.982,			1.571,			0.109,			0.058
740,	1,	90.0,	189.01,			2.509,			0.296,			0.051
741,	1,	28.0,	189.376,			1.805,			0.114,			0.052
742,	1,	28.0,	189.38,			2.991,			0.285,			0.056
743,	1,	28.0,	189.628,			2.03,			0.192,			0.06
744,	2,	334.0,	189.714,			14.76,			1.086,			0.125
745,	2,	235.0,	189.824,			14.741,			1.139,			0.167
746,	1,	120.0,	189.955,			2.446,			0.275,			0.056
747,	1,	7.0,	190.016,			1.428,			0.116,			0.059
748,	1,	120.0,	190.21,			1.707,			0.135,			0.052
749,	1,	498.0,	190.746,			2.571,			0.105,			0.053
750,	1,	559.0,	190.843,			1.173,			0.151,			0.06
751,	1,	447.0,	191.19,			1.962,			0.179,			0.051
752,	1,	16.0,	191.2,			2.796,			0.285,			0.051
753,	1,	7.0,	191.344,			1.279,			0.26,			0.055
754,	1,	90.0,	191.625,			1.162,			0.242,			0.058
755,	1,	13.0,	191.724,			1.151,			0.134,			0.05
756,	1,	10.0,	191.752,			2.554,			0.291,			0.056
757,	1,	10.0,	191.903,			1.539,			0.16,			0.05
758,	1,	146.0,	192.194,			1.517,			0.258,			0.057
759,	1,	7.0,	192.217,			1.561,			0.189,			0.058
760,	1,	169.0,	192.425,			2.08,			0.125,			0.051
761,	2,	174.0,	192.436,			10.298,			1.109,			0.155
762,	1,	7.0,	192.738,			1.435,			0.293,			0.06
763,	1,	126.0,	193.032,			1.031,			0.17,			0.058
764,	1,	512.0,	193.086,			1.878,			0.142,			0.057
765,	1,	498.0,	193.145,			1.541,			0.241,			0.052
766,	1,	44.0,	193.146,			2.596,			0.249,			0.055
767,	1,	512.0,	193.277,			1.571,			0.193,			0.057
768,	1,	126.0,	193.421,			1.988,			0.27,			0.058
769,	1,	126.0,	193.763,			2.9,			0.295,			0.054
770,	1,	120.0,	193.772,			2.955,			0.169,			0.051
771,	2,	160.0,	193.975,			11.46,			1.452,			0.161
772,	1,	169.0,	194.075,			1.543,			0.147,			0.052
773,	1,	214.0,	194.183,			1.994,			0.223,			0.057
774,	2,	168.0,	194.237,			11.28,			1.014,			0.196
775,	1,	7.0,	194.31,			1.269,			0.249,			0.054
776,	1,	6.0,	194.445,			1.582,			0.137,			0.057
777,	1,	512.0,	194.714,			1.45,			0.284,			0.057
778,	1,	6.0,	194.922,			1.654,			0.102,			0.055
779,	1,	49.0,	194.937,			1.078,			0.153,			0.055
780,	1,	30.0,	195.696,			2.273,			0.103,			0.052
781,	1,	16.0,	195.724,			2.58,			0.299,			0.054
782,	1,	120.0,	196.063,			1.009,			0.108,			0.055
783,	1,	6.0,	196.205,			1.421,			0.245,			0.051
784,	1,	6.0,	196.302,			2.928,			0.123,			0.055
785,	1,	7.0,	196.345,			1.928,			0.135,			0.054
786,	1,	10.0,	196.575,			2.76,			0.214,			0.059
787,	1,	559.0,	196.66,			1.283,			0.151,			0.056
788,	1,	6.0,	196.769,			1.523,			0.202,			0.055
789,	1,	146.0,	196.863,			2.282,			0.234,			0.055
790,	1,	10.0,	197.071,			1.304,			0.184,			0.059
791,	1,	559.0,	197.359,			1.537,			0.172,			0.054
792,	1,	157.0,	197.689,			1.707,			0.217,			0.06
793,	2,	84.0,	197.712,			11.885,			1.065,			0.153
794,	1,	7.0,	197.84,			2.304,			0.22,			0.051
795,	1,	498.0,	197.916,			1.095,			0.131,			0.058
796,	2,	203.0,	197.949,			14.436,			1.47,			0.168
797,	1,	30.0,	198.13,			1.35,			0.273,			0.054
798,	1,	7.0,	198.451,			2.95,			0.169,			0.057
799,	1,	559.0,	198.862,			1.038,			0.209,			0.055
800,	1,	6.0,	198.957,			1.019,			0.293,			0.054
801,	1,	559.0,	198.998,			2.096,			0.185,			0.06
802,	1,	126.0,	199.105,			2.293,			0.279,			0.053
803,	2,	193.0,	199.24,			13.071,			1.219,			0.13
804,	2,	270.0,	199.365,			14.914,			1.073,			0.198
805,	2,	125.0,	199.391,			14.439,			1.461,			0.123
806,	1,	126.0,	199.583,			1.116,			0.107,			0.053
807,	1,	103.0,	199.642,			2.225,			0.192,			0.056
808,	1,	90.0,	199.669,			2.278,			0.298,			0.051
809,	1,	7.0,	199.706,			1.768,			0.131,			0.051
810,	1,	95.0,	199.937,			2.645,			0.145,			0.053
811,	1,	103.0,	200.11,			1.303,			0.186,			0.054
812,	1,	44.0,	200.199,			2.861,			0.259,			0.056
813,	1,	157.0,	200.829,			2.636,			0.185,			0.051
814,	1,	214.0,	201.236,			2.612,			0.202,			0.06
815,	1,	95.0,	201.308,			2.534,			0.159,			0.053
816,	1,	559.0,	201.394,			1.024,			0.247,			0.052
817,	1,	90.0,	201.404,			1.164,			0.104,			0.057
818,	1,	44.0,	202.557,			1.663,			0.189,			0.059
819,	1,	95.0,	203.185,			1.408,			0.202,			0.059
820,	1,	6.0,	203.325,			1.009,			0.235,			0.052
821,	1,	512.0,	203.539,			1.663,			0.237,			0.055
822,	2,	188.0,	203.599,			11.19,			1.361,			0.128
823,	1,	169.0,	203.722,			1.613,			0.279,			0.055
824,	1,	7.0,	204.495,			2.634,			0.131,			0.055
825,	1,	16.0,	204.74,			2.116,			0.18,			0.054
826,	1,	512.0,	204.868,			2.544,			0.25,			0.051
827,	1,	44.0,	205.091,			2.487,			0.27,			0.056
828,	1,	13.0,	205.656,			2.866,			0.254,			0.052
829,	1,	387.0,	206.182,			1.554,			0.183,			0.057
830,	1,	44.0,	206.19,			2.943,			0.238,			0.06
831,	2,	70.0,	206.383,			13.735,			1.333,			0.184
832,	1,	6.0,	206.88,			2.532,			0.294,			0.06
833,	2,	163.0,	207.142,			10.076,			1.129,			0.132
834,	1,	6.0,	207.326,			2.614,			0.164,			0.054
835,	1,	6.0,	207.705,			1.509,			0.144,			0.058
836,	1,	44.0,	207.746,			2.751,			0.293,			0.051
837,	1,	59.0,	207.968,			1.706,			0.138,			0.059
838,	1,	214.0,	208.008,			1.112,			0.146,			0.053
839,	1,	10.0,	208.241,			1.386,			0.17,			0.059
840,	1,	387.0,	208.269,			2.796,			0.19,			0.06
841,	1,	16.0,	208.35,			2.686,			0.272,			0.051
842,	1,	16.0,	208.566,			1.269,			0.262,			0.05
843,	1,	157.0,	208.571,			2.862,			0.172,			0.055
844,	2,	197.0,	208.635,			12.069,			1.483,			0.188
845,	1,	30.0,	208.786,			2.623,			0.183,			0.056
846,	1,	49.0,	208.857,			2.14,			0.271,			0.053
847,	1,	59.0,	208.948,			2.874,			0.221,			0.053
848,	1,	7.0,	209.0,			1.811,			0.166,			0.055
849,	1,	59.0,	209.091,			2.298,			0.241,			0.058
850,	1,	44.0,	209.313,			1.279,			0.254,			0.057
851,	2,	227.0,	209.354,			12.815,			1.128,			0.145
852,	1,	169.0,	210.403,			2.765,			0.234,			0.056
853,	2,	73.0,	210.463,			12.661,			1.229,			0.128
854,	1,	379.0,	210.55,			1.728,			0.273,			0.058
855,	1,	30.0,	210.792,			1.044,			0.247,			0.055
856,	1,	146.0,	211.05,			1.071,			0.165,			0.055
857,	2,	236.0,	211.098,			12.275,			1.181,			0.144
858,	1,	7.0,	211.132,			1.631,			0.273,			0.056
859,	1,	44.0,	211.333,			1.151,			0.228,			0.052
860,	1,	447.0,	211.482,			2.454,			0.227,			0.055
861,	1,	7.0,	211.615,			2.796,			0.119,			0.056
862,	2,	242.0,	211.637,			11.248,			1.05,			0.197
863,	2,	69.0,	212.16,			13.933,			1.452,			0.101
864,	1,	447.0,	212.435,			1.857,			0.288,			0.051
865,	1,	49.0,	213.68,			2.222,			0.181,			0.058
866,	1,	447.0,	214.236,			2.655,			0.195,			0.057
867,	2,	40.0,	214.3,			11.19,			1.086,			0.143
868,	1,	90.0,	214.825,			1.757,			0.285,			0.051
869,	1,	44.0,	215.213,			1.302,			0.19,			0.06
870,	1,	7.0,	215.551,			2.509,			0.277,			0.054
871,	1,	7.0,	216.49,			1.115,			0.112,			0.05
872,	1,	7.0,	216.635,			2.645,			0.149,			0.05
873,	1,	10.0,	216.659,			2.358,			0.162,			0.06
874,	1,	498.0,	216.872,			1.609,			0.14,			0.056
875,	1,	512.0,	217.748,			2.122,			0.228,			0.057
876,	1,	44.0,	217.898,			1.542,			0.267,			0.053
877,	1,	10.0,	218.493,			1.575,			0.109,			0.053
878,	2,	162.0,	218.686,			10.718,			1.012,			0.176
879,	1,	6.0,	219.025,			2.408,			0.219,			0.053
880,	2,	142.0,	219.079,			10.432,			1.233,			0.137
881,	1,	30.0,	219.603,			2.296,			0.112,			0.052
882,	1,	6.0,	219.732,			2.533,			0.292,			0.055
883,	1,	146.0,	219.873,			2.379,			0.215,			0.057
884,	2,	51.0,	219.928,			11.99,			1.452,			0.157
885,	1,	120.0,	220.572,			1.024,			0.247,			0.06
886,	1,	59.0,	220.775,			1.631,			0.263,			0.051
887,	2,	173.0,	220.882,			10.702,			1.223,			0.142
888,	2,	256.0,	221.307,			14.323,			1.266,			0.174
889,	1,	157.0,	221.522,			2.796,			0.244,			0.053
890,	1,	49.0,	222.119,			2.133,			0.158,			0.058
891,	2,	111.0,	222.289,			14.49,			1.495,			0.103
892,	1,	16.0,	222.406,			2.579,			0.124,			0.051
893,	1,	387.0,	222.426,			2.364,			0.174,			0.058
894,	2,	269.0,	222.516,			10.659,			1.278,			0.143
895,	1,	7.0,	222.762,			2.576,			0.251,			0.054
896,	1,	120.0,	223.107,			1.979,			0.189,			0.06
897,	1,	7.0,	223.529,			2.084,			0.193,			0.06
898,	2,	281.0,	223.554,			13.266,			1.426,			0.148
899,	1,	28.0,	223.66,			2.238,			0.256,			0.06
900,	1,	103.0,	223.831,			1.174,			0.109,			0.053
901,	2,	227.0,	224.254,			10.778,			1.426,			0.199
902,	1,	10.0,	224.469,			2.407,			0.286,			0.059
903,	1,	559.0,	224.498,			2.316,			0.217,			0.051
904,	1,	7.0,	224.685,			1.031,			0.131,			0.053
905,	1,	387.0,	224.774,			1.031,			0.185,			0.052
906,	2,	125.0,	225.17,			11.658,			1.376,			0.185
907,	1,	103.0,	226.062,			1.052,			0.222,			0.055
908,	1,	7.0,	226.085,			1.009,			0.219,			0.06
909,	1,	7.0,	226.227,			1.694,			0.239,			0.054
910,	1,	6.0,	227.069,			1.362,			0.189,			0.052
911,	1,	512.0,	227.138,			1.651,			0.284,			0.056
912,	1,	103.0,	227.457,			1.27,			0.251,			0.052
913,	1,	6.0,	227.853,			2.598,			0.238,			0.05
914,	1,	44.0,	228.132,			1.908,			0.176,			0.059
915,	1,	95.0,	229.283,			1.969,			0.297,			0.056
916,	2,	255.0,	229.337,			12.287,			1.193,			0.155
917,	2,	98.0,	230.41,			11.043,			1.369,			0.197
918,	1,	28.0,	230.773,			1.027,			0.298,			0.059
919,	2,	103.0,	231.423,			10.226,			1.186,			0.177
920,	2,	45.0,	232.27,			14.45,			1.012,			0.122
921,	1,	6.0,	233.574,			1.963,			0.257,			0.054
922,	1,	103.0,	233.886,			1.61,			0.251,			0.053
923,	1,	214.0,	234.004,			2.048,			0.281,			0.06
924,	1,	49.0,	234.055,			1.266,			0.137,			0.057
925,	2,	365.0,	234.265,			12.236,			1.453,			0.2
926,	1,	169.0,	234.552,			1.581,			0.159,			0.053
927,	1,	49.0,	234.68,			1.776,			0.27,			0.056
928,	1,	146.0,	235.636,			2.596,			0.287,			0.056
929,	2,	238.0,	235.663,			11.385,			1.141,			0.147
930,	1,	103.0,	235.815,			1.748,			0.187,			0.051
931,	1,	6.0,	236.317,			1.406,			0.149,			0.053
932,	1,	16.0,	236.814,			1.561,			0.258,			0.058
933,	1,	16.0,	236.828,			1.155,			0.113,			0.058
934,	1,	49.0,	239.008,			2.862,			0.152,			0.05
935,	1,	103.0,	239.53,			2.571,			0.263,			0.057
936,	1,	169.0,	240.226,			2.832,			0.139,			0.059
937,	1,	59.0,	240.552,			1.018,			0.161,			0.053
938,	2,	120.0,	240.863,			11.488,			1.401,			0.185
939,	1,	16.0,	240.89,			1.473,			0.244,			0.054
940,	1,	387.0,	241.225,			2.057,			0.209,			0.057
941,	2,	151.0,	241.989,			13.195,			1.143,			0.14
942,	1,	16.0,	242.576,			2.09,			0.161,			0.059
943,	1,	28.0,	243.116,			1.277,			0.299,			0.054
944,	1,	7.0,	243.322,			2.838,			0.187,			0.056
945,	1,	28.0,	243.449,			1.442,			0.299,			0.059
946,	1,	6.0,	245.033,			1.23,			0.104,			0.05
947,	2,	150.0,	246.346,			12.178,			1.046,			0.158
948,	1,	103.0,	246.592,			2.461,			0.279,			0.057
949,	2,	199.0,	247.454,			10.886,			1.065,			0.149
950,	1,	146.0,	247.899,			2.702,			0.138,			0.053
951,	1,	49.0,	247.979,			1.406,			0.245,			0.051
952,	2,	125.0,	248.981,			11.402,			1.49,			0.163
953,	1,	16.0,	249.13,			2.972,			0.189,			0.052
954,	1,	7.0,	250.001,			1.043,			0.189,			0.057
955,	1,	7.0,	250.339,			1.557,			0.273,			0.058
956,	1,	7.0,	250.994,			1.962,			0.232,			0.056
957,	2,	314.0,	251.466,			11.864,			1.335,			0.125
958,	2,	136.0,	252.527,			10.475,			1.246,			0.148
959,	1,	387.0,	253.374,			2.2,			0.122,			0.055
960,	1,	559.0,	255.796,			1.467,			0.217,			0.054
961,	2,	100.0,	256.048,			12.385,			1.051,			0.149
962,	1,	44.0,	256.645,			2.0,			0.267,			0.055
963,	2,	130.0,	257.034,			10.909,			1.219,			0.123
964,	1,	120.0,	258.815,			1.631,			0.15,			0.059
965,	2,	133.0,	259.813,			12.676,			1.304,			0.112
966,	2,	128.0,	261.185,			11.441,			1.356,			0.122
967,	1,	16.0,	263.16,			2.795,			0.281,			0.055
968,	2,	181.0,	264.391,			10.63,			1.359,			0.119
969,	2,	68.0,	264.504,			12.421,			1.324,			0.198
970,	1,	559.0,	265.214,			1.364,			0.21,			0.052
971,	2,	178.0,	265.658,			12.664,			1.411,			0.111
972,	2,	210.0,	265.739,			11.677,			1.467,			0.189
973,	2,	230.0,	266.397,			13.111,			1.132,			0.14
974,	2,	180.0,	266.743,			10.103,			1.128,			0.183
975,	1,	387.0,	267.697,			2.014,			0.203,			0.06
976,	2,	116.0,	268.096,			13.277,			1.481,			0.132
977,	2,	138.0,	268.2,			10.595,			1.135,			0.125
978,	1,	559.0,	269.039,			1.434,			0.12,			0.058
979,	2,	139.0,	269.128,			14.958,			1.056,			0.195
980,	2,	61.0,	270.355,			13.816,			1.491,			0.173
981,	1,	512.0,	271.545,			1.869,			0.206,			0.053
982,	2,	178.0,	275.051,			13.899,			1.33,			0.136
983,	2,	59.0,	275.573,			13.074,			1.029,			0.105
984,	2,	129.0,	276.979,			10.661,			1.34,			0.185
985,	2,	181.0,	278.143,			11.54,			1.161,			0.199
986,	2,	132.0,	278.221,			10.215,			1.139,			0.155
987,	2,	147.0,	278.452,			11.265,			1.115,			0.191
988,	2,	118.0,	280.034,			14.127,			1.347,			0.108
989,	2,	162.0,	280.266,			10.392,			1.362,			0.196
990,	2,	207.0,	282.859,			11.92,			1.492,			0.121
991,	2,	211.0,	284.161,			11.028,			1.396,			0.148
992,	2,	89.0,	284.83,			12.393,			1.135,			0.134
993,	2,	270.0,	285.131,			13.792,			1.455,			0.198
994,	2,	113.0,	289.199,			13.795,			1.128,			0.134
995,	2,	241.0,	291.369,			12.179,			1.306,			0.134
996,	2,	206.0,	292.638,			13.016,			1.268,			0.194
997,	1,	169.0,	293.992,			1.59,			0.238,			0.059
998,	2,	163.0,	295.379,			14.083,			1.464,			0.166
999,	1,	169.0,	300.0,			1.178,			0.28,			0.052
1000,	1,	30.0,	300.0,			1.366,			0.272,			0.056
