#, task_type_id, size, arrival_time,	execution_time_cpu,	execution_time_gpu,	execution_time_CLOUD
1,	1,	7.0,	0.0,			1.458,			0.956,			0.956,			1.463,			0.969,			0.501
2,	2,	143.0,	0.174,			2.3,			0.093,			0.093,			2.292,			0.101,			0.05
3,	1,	126.0,	1.222,			1.446,			0.972,			0.972,			1.449,			0.983,			0.498
4,	2,	143.0,	2.09,			2.296,			0.11,			0.11,			2.3,			0.097,			0.051
5,	2,	108.0,	4.8,			2.284,			0.093,			0.093,			2.289,			0.098,			0.051
6,	2,	238.0,	5.01,			2.306,			0.1,			0.1,			2.289,			0.101,			0.051
7,	2,	154.0,	5.698,			2.293,			0.101,			0.101,			2.304,			0.089,			0.051
8,	1,	7.0,	7.579,			1.464,			0.971,			0.971,			1.47,			0.979,			0.5
9,	2,	66.0,	8.578,			2.292,			0.098,			0.098,			2.314,			0.107,			0.05
10,	3,	72.0,	10.236,			5.5,			1.51,			1.51,			5.502,			1.49,			0.895
11,	2,	117.0,	10.279,			2.325,			0.092,			0.092,			2.296,			0.1,			0.05
12,	3,	141.6,	10.445,			5.507,			1.496,			1.496,			5.494,			1.507,			0.904
13,	2,	252.0,	10.744,			2.286,			0.105,			0.105,			2.29,			0.102,			0.05
14,	3,	122.4,	11.641,			5.52,			1.493,			1.493,			5.497,			1.5,			0.898
15,	2,	134.0,	11.67,			2.294,			0.096,			0.096,			2.304,			0.098,			0.049
16,	2,	242.0,	14.372,			2.295,			0.098,			0.098,			2.303,			0.096,			0.051
17,	2,	58.0,	15.615,			2.305,			0.1,			0.1,			2.307,			0.099,			0.051
18,	2,	111.0,	16.383,			2.304,			0.105,			0.105,			2.304,			0.101,			0.049
19,	2,	183.0,	17.432,			2.288,			0.102,			0.102,			2.304,			0.098,			0.05
20,	1,	559.0,	17.737,			1.454,			0.979,			0.979,			1.456,			0.971,			0.499
21,	2,	59.0,	18.642,			2.302,			0.107,			0.107,			2.307,			0.104,			0.05
22,	2,	181.0,	19.822,			2.302,			0.104,			0.104,			2.299,			0.088,			0.05
23,	2,	171.0,	21.871,			2.306,			0.103,			0.103,			2.296,			0.107,			0.051
24,	2,	140.0,	23.478,			2.296,			0.096,			0.096,			2.295,			0.096,			0.051
25,	2,	169.0,	24.091,			2.321,			0.097,			0.097,			2.296,			0.101,			0.05
26,	2,	94.0,	25.502,			2.325,			0.101,			0.101,			2.308,			0.101,			0.049
27,	2,	133.0,	25.549,			2.302,			0.098,			0.098,			2.298,			0.102,			0.05
28,	2,	139.0,	27.932,			2.295,			0.104,			0.104,			2.296,			0.104,			0.049
29,	2,	178.0,	28.205,			2.291,			0.096,			0.096,			2.298,			0.105,			0.05
30,	2,	168.0,	28.408,			2.293,			0.1,			0.1,			2.296,			0.093,			0.049
31,	2,	190.0,	28.933,			2.321,			0.099,			0.099,			2.311,			0.098,			0.051
32,	3,	280.5,	33.564,			5.499,			1.506,			1.506,			5.518,			1.494,			0.913
33,	2,	303.0,	33.733,			2.305,			0.106,			0.106,			2.301,			0.095,			0.049
34,	3,	101.3,	33.838,			5.509,			1.496,			1.496,			5.51,			1.504,			0.898
35,	3,	152.1,	33.878,			5.503,			1.51,			1.51,			5.491,			1.513,			0.909
36,	3,	467.1,	33.929,			5.504,			1.522,			1.522,			5.487,			1.481,			0.902
37,	3,	401.2,	34.027,			5.489,			1.496,			1.496,			5.492,			1.492,			0.904
38,	3,	266.0,	34.081,			5.513,			1.521,			1.521,			5.513,			1.493,			0.902
39,	3,	395.7,	34.083,			5.513,			1.496,			1.496,			5.51,			1.498,			0.894
40,	3,	146.0,	34.214,			5.518,			1.5,			1.5,			5.494,			1.494,			0.894
41,	3,	82.3,	34.345,			5.497,			1.503,			1.503,			5.496,			1.494,			0.904
42,	3,	375.9,	34.352,			5.511,			1.512,			1.512,			5.503,			1.513,			0.898
43,	3,	100.1,	34.356,			5.501,			1.501,			1.501,			5.523,			1.488,			0.904
44,	3,	218.7,	34.362,			5.502,			1.494,			1.494,			5.5,			1.492,			0.909
45,	3,	284.1,	34.562,			5.487,			1.498,			1.498,			5.499,			1.519,			0.906
46,	3,	300.2,	34.69,			5.499,			1.502,			1.502,			5.506,			1.493,			0.906
47,	3,	470.4,	34.702,			5.496,			1.496,			1.496,			5.508,			1.512,			0.896
48,	3,	198.2,	34.706,			5.506,			1.482,			1.482,			5.507,			1.476,			0.899
49,	3,	204.0,	34.708,			5.5,			1.489,			1.489,			5.505,			1.518,			0.898
50,	3,	523.0,	34.984,			5.501,			1.494,			1.494,			5.52,			1.5,			0.905
51,	3,	231.3,	34.985,			5.516,			1.492,			1.492,			5.502,			1.499,			0.906
52,	3,	236.3,	34.997,			5.489,			1.494,			1.494,			5.504,			1.492,			0.897
53,	3,	105.7,	35.025,			5.499,			1.513,			1.513,			5.512,			1.501,			0.904
54,	3,	118.2,	35.061,			5.49,			1.502,			1.502,			5.509,			1.502,			0.905
55,	3,	158.8,	35.083,			5.493,			1.518,			1.518,			5.488,			1.497,			0.91
56,	3,	812.1,	35.151,			5.495,			1.483,			1.483,			5.487,			1.48,			0.899
57,	3,	122.4,	35.172,			5.496,			1.5,			1.5,			5.521,			1.506,			0.901
58,	3,	626.0,	35.363,			5.506,			1.497,			1.497,			5.496,			1.5,			0.905
59,	3,	503.8,	35.384,			5.512,			1.498,			1.498,			5.516,			1.502,			0.899
60,	3,	893.0,	35.419,			5.504,			1.511,			1.511,			5.497,			1.5,			0.898
61,	3,	99.9,	35.61,			5.492,			1.478,			1.478,			5.497,			1.511,			0.905
62,	3,	346.5,	35.613,			5.505,			1.504,			1.504,			5.49,			1.486,			0.903
63,	3,	115.7,	35.823,			5.513,			1.493,			1.493,			5.513,			1.507,			0.895
64,	2,	201.0,	35.861,			2.302,			0.098,			0.098,			2.305,			0.098,			0.051
65,	1,	7.0,	35.902,			1.44,			0.976,			0.976,			1.461,			0.967,			0.5
66,	3,	239.1,	35.984,			5.51,			1.505,			1.505,			5.512,			1.502,			0.9
67,	3,	74.3,	35.991,			5.479,			1.493,			1.493,			5.498,			1.501,			0.895
68,	3,	550.2,	36.014,			5.481,			1.5,			1.5,			5.498,			1.499,			0.902
69,	3,	734.6,	36.148,			5.52,			1.493,			1.493,			5.489,			1.492,			0.899
70,	3,	62.6,	36.221,			5.512,			1.509,			1.509,			5.498,			1.498,			0.898
71,	3,	79.9,	36.319,			5.518,			1.497,			1.497,			5.5,			1.502,			0.9
72,	3,	44.5,	36.397,			5.505,			1.493,			1.493,			5.52,			1.492,			0.898
73,	3,	702.9,	36.436,			5.51,			1.507,			1.507,			5.488,			1.499,			0.897
74,	3,	461.2,	36.55,			5.5,			1.495,			1.495,			5.51,			1.495,			0.91
75,	3,	274.6,	36.646,			5.513,			1.499,			1.499,			5.489,			1.497,			0.892
76,	3,	328.7,	36.786,			5.5,			1.495,			1.495,			5.485,			1.488,			0.898
77,	3,	102.0,	36.799,			5.499,			1.493,			1.493,			5.499,			1.498,			0.895
78,	3,	218.4,	36.817,			5.497,			1.501,			1.501,			5.499,			1.488,			0.896
79,	3,	244.0,	36.868,			5.499,			1.501,			1.501,			5.491,			1.483,			0.909
80,	3,	338.0,	36.877,			5.516,			1.489,			1.489,			5.515,			1.476,			0.906
81,	3,	77.6,	37.064,			5.515,			1.474,			1.474,			5.497,			1.493,			0.915
82,	3,	431.0,	37.152,			5.496,			1.494,			1.494,			5.494,			1.504,			0.902
83,	3,	107.0,	37.269,			5.515,			1.506,			1.506,			5.496,			1.499,			0.901
84,	1,	30.0,	37.278,			1.461,			0.977,			0.977,			1.48,			0.976,			0.499
85,	3,	299.3,	37.358,			5.511,			1.509,			1.509,			5.504,			1.505,			0.908
86,	3,	171.5,	37.451,			5.502,			1.499,			1.499,			5.502,			1.479,			0.889
87,	2,	137.0,	37.526,			2.279,			0.094,			0.094,			2.302,			0.1,			0.052
88,	3,	342.9,	37.57,			5.483,			1.509,			1.509,			5.495,			1.496,			0.895
89,	3,	119.1,	37.63,			5.505,			1.51,			1.51,			5.504,			1.489,			0.903
90,	3,	196.5,	37.785,			5.488,			1.502,			1.502,			5.502,			1.493,			0.896
91,	3,	94.8,	37.815,			5.506,			1.489,			1.489,			5.518,			1.503,			0.902
92,	3,	322.4,	37.849,			5.493,			1.513,			1.513,			5.502,			1.511,			0.895
93,	3,	187.1,	38.055,			5.503,			1.489,			1.489,			5.493,			1.499,			0.908
94,	3,	198.2,	38.213,			5.499,			1.504,			1.504,			5.513,			1.509,			0.901
95,	3,	170.2,	38.48,			5.507,			1.504,			1.504,			5.501,			1.492,			0.903
96,	2,	126.0,	40.613,			2.305,			0.096,			0.096,			2.286,			0.103,			0.05
97,	2,	130.0,	40.98,			2.289,			0.105,			0.105,			2.29,			0.101,			0.051
98,	1,	120.0,	41.646,			1.446,			0.973,			0.973,			1.435,			0.995,			0.501
99,	2,	223.0,	42.292,			2.313,			0.1,			0.1,			2.302,			0.094,			0.05
100,	2,	127.0,	44.797,			2.294,			0.109,			0.109,			2.299,			0.089,			0.05
101,	1,	447.0,	45.161,			1.438,			0.969,			0.969,			1.472,			0.98,			0.498
102,	2,	178.0,	48.215,			2.318,			0.097,			0.097,			2.303,			0.1,			0.051
103,	2,	75.0,	49.035,			2.289,			0.106,			0.106,			2.308,			0.101,			0.049
104,	2,	167.0,	53.427,			2.31,			0.099,			0.099,			2.31,			0.1,			0.051
105,	2,	235.0,	54.941,			2.305,			0.099,			0.099,			2.303,			0.105,			0.051
106,	2,	35.0,	55.33,			2.288,			0.105,			0.105,			2.288,			0.1,			0.049
107,	2,	98.0,	56.003,			2.301,			0.102,			0.102,			2.309,			0.097,			0.051
108,	2,	123.0,	62.13,			2.298,			0.103,			0.103,			2.284,			0.101,			0.05
109,	2,	124.0,	62.382,			2.322,			0.098,			0.098,			2.29,			0.106,			0.051
110,	2,	215.0,	64.753,			2.297,			0.101,			0.101,			2.301,			0.106,			0.049
111,	2,	182.0,	65.387,			2.307,			0.094,			0.094,			2.322,			0.104,			0.05
112,	1,	7.0,	68.441,			1.443,			0.978,			0.978,			1.464,			0.969,			0.501
113,	2,	135.0,	68.608,			2.305,			0.107,			0.107,			2.299,			0.093,			0.051
114,	2,	108.0,	68.659,			2.305,			0.108,			0.108,			2.289,			0.103,			0.049
115,	2,	137.0,	69.644,			2.297,			0.092,			0.092,			2.311,			0.107,			0.049
116,	2,	126.0,	69.683,			2.293,			0.096,			0.096,			2.32,			0.095,			0.049
117,	2,	242.0,	70.388,			2.312,			0.106,			0.106,			2.3,			0.102,			0.049
118,	2,	204.0,	70.713,			2.301,			0.103,			0.103,			2.298,			0.106,			0.05
119,	2,	220.0,	72.33,			2.287,			0.098,			0.098,			2.311,			0.098,			0.051
120,	2,	267.0,	72.519,			2.294,			0.092,			0.092,			2.286,			0.093,			0.049
121,	2,	40.0,	74.086,			2.295,			0.099,			0.099,			2.279,			0.1,			0.049
122,	2,	193.0,	74.45,			2.306,			0.106,			0.106,			2.31,			0.099,			0.048
123,	1,	103.0,	75.255,			1.477,			0.978,			0.978,			1.457,			0.971,			0.498
124,	2,	176.0,	76.378,			2.285,			0.1,			0.1,			2.312,			0.103,			0.05
125,	2,	137.0,	76.815,			2.312,			0.097,			0.097,			2.313,			0.092,			0.05
126,	1,	120.0,	80.063,			1.469,			0.964,			0.964,			1.446,			0.954,			0.5
127,	2,	228.0,	80.216,			2.297,			0.104,			0.104,			2.298,			0.102,			0.051
128,	1,	7.0,	81.682,			1.459,			0.972,			0.972,			1.445,			0.97,			0.499
129,	2,	172.0,	83.026,			2.303,			0.1,			0.1,			2.293,			0.096,			0.05
130,	1,	44.0,	83.454,			1.455,			0.985,			0.985,			1.48,			0.968,			0.499
131,	2,	107.0,	84.817,			2.297,			0.095,			0.095,			2.291,			0.104,			0.05
132,	1,	447.0,	86.145,			1.458,			0.981,			0.981,			1.448,			0.967,			0.5
133,	2,	97.0,	87.478,			2.293,			0.096,			0.096,			2.304,			0.097,			0.049
134,	2,	190.0,	91.959,			2.313,			0.104,			0.104,			2.323,			0.093,			0.049
135,	1,	387.0,	92.088,			1.466,			0.965,			0.965,			1.482,			0.968,			0.501
136,	1,	498.0,	92.44,			1.473,			0.971,			0.971,			1.457,			0.975,			0.501
137,	2,	96.0,	92.921,			2.31,			0.095,			0.095,			2.277,			0.1,			0.051
138,	1,	498.0,	93.941,			1.473,			0.963,			0.963,			1.451,			0.961,			0.5
139,	2,	168.0,	96.202,			2.294,			0.104,			0.104,			2.287,			0.092,			0.05
140,	2,	109.0,	96.328,			2.295,			0.097,			0.097,			2.302,			0.094,			0.05
141,	1,	13.0,	96.415,			1.464,			0.973,			0.973,			1.474,			0.969,			0.498
142,	1,	146.0,	97.326,			1.456,			0.963,			0.963,			1.451,			0.969,			0.501
143,	1,	95.0,	99.285,			1.45,			0.956,			0.956,			1.457,			0.962,			0.499
144,	2,	123.0,	104.81,			2.287,			0.098,			0.098,			2.285,			0.107,			0.05
145,	1,	120.0,	105.002,			1.452,			0.969,			0.969,			1.448,			0.968,			0.499
146,	1,	379.0,	105.147,			1.472,			0.969,			0.969,			1.465,			0.966,			0.499
147,	1,	10.0,	105.515,			1.468,			0.975,			0.975,			1.454,			0.958,			0.501
148,	2,	67.0,	106.483,			2.305,			0.096,			0.096,			2.287,			0.103,			0.05
149,	1,	59.0,	108.294,			1.449,			0.995,			0.995,			1.445,			0.958,			0.501
150,	2,	127.0,	108.894,			2.29,			0.118,			0.118,			2.3,			0.098,			0.05
151,	2,	134.0,	109.731,			2.293,			0.097,			0.097,			2.304,			0.1,			0.05
152,	2,	126.0,	109.791,			2.291,			0.09,			0.09,			2.3,			0.098,			0.049
153,	2,	192.0,	110.487,			2.32,			0.098,			0.098,			2.308,			0.106,			0.048
154,	1,	59.0,	111.376,			1.458,			0.978,			0.978,			1.447,			0.966,			0.502
155,	1,	7.0,	112.209,			1.472,			0.968,			0.968,			1.441,			0.952,			0.5
156,	1,	157.0,	112.499,			1.463,			0.97,			0.97,			1.47,			0.965,			0.503
157,	1,	7.0,	112.726,			1.464,			0.971,			0.971,			1.454,			0.978,			0.501
158,	2,	70.0,	115.036,			2.297,			0.096,			0.096,			2.303,			0.098,			0.05
159,	1,	447.0,	115.209,			1.466,			0.976,			0.976,			1.468,			0.97,			0.5
160,	2,	108.0,	115.376,			2.309,			0.095,			0.095,			2.291,			0.097,			0.05
161,	1,	49.0,	115.605,			1.462,			0.975,			0.975,			1.451,			0.968,			0.499
162,	1,	379.0,	119.285,			1.449,			0.979,			0.979,			1.453,			0.968,			0.502
163,	1,	7.0,	120.827,			1.451,			0.969,			0.969,			1.456,			0.979,			0.5
164,	2,	138.0,	120.965,			2.301,			0.107,			0.107,			2.321,			0.092,			0.05
165,	2,	111.0,	121.551,			2.289,			0.094,			0.094,			2.309,			0.105,			0.05
166,	1,	7.0,	121.588,			1.448,			0.984,			0.984,			1.46,			0.963,			0.499
167,	2,	120.0,	123.828,			2.303,			0.101,			0.101,			2.286,			0.1,			0.051
168,	1,	379.0,	123.854,			1.44,			0.955,			0.955,			1.483,			0.967,			0.501
169,	1,	44.0,	124.774,			1.459,			0.959,			0.959,			1.453,			0.965,			0.5
170,	1,	157.0,	125.122,			1.464,			0.976,			0.976,			1.457,			0.97,			0.5
171,	2,	128.0,	125.296,			2.29,			0.101,			0.101,			2.306,			0.108,			0.049
172,	1,	59.0,	125.745,			1.46,			0.966,			0.966,			1.452,			0.969,			0.5
173,	2,	192.0,	126.236,			2.282,			0.097,			0.097,			2.301,			0.11,			0.051
174,	1,	44.0,	126.287,			1.459,			0.956,			0.956,			1.457,			0.964,			0.499
175,	2,	223.0,	127.318,			2.306,			0.1,			0.1,			2.303,			0.105,			0.051
176,	1,	44.0,	128.343,			1.463,			0.969,			0.969,			1.458,			0.958,			0.502
177,	2,	155.0,	128.37,			2.307,			0.113,			0.113,			2.298,			0.093,			0.051
178,	2,	69.0,	128.427,			2.301,			0.107,			0.107,			2.308,			0.095,			0.05
179,	2,	204.0,	130.894,			2.302,			0.095,			0.095,			2.305,			0.095,			0.051
180,	1,	7.0,	131.615,			1.453,			0.973,			0.973,			1.461,			0.962,			0.5
181,	1,	498.0,	131.822,			1.467,			0.959,			0.959,			1.46,			0.963,			0.499
182,	1,	146.0,	131.886,			1.454,			0.968,			0.968,			1.462,			0.96,			0.501
183,	2,	189.0,	131.893,			2.305,			0.103,			0.103,			2.302,			0.104,			0.049
184,	1,	7.0,	132.187,			1.461,			0.962,			0.962,			1.478,			0.972,			0.5
185,	1,	49.0,	133.941,			1.449,			0.969,			0.969,			1.48,			0.983,			0.5
186,	2,	109.0,	134.933,			2.32,			0.089,			0.089,			2.311,			0.095,			0.049
187,	2,	242.0,	135.174,			2.288,			0.111,			0.111,			2.31,			0.099,			0.048
188,	1,	44.0,	135.227,			1.446,			0.983,			0.983,			1.458,			0.984,			0.5
189,	2,	132.0,	135.857,			2.301,			0.098,			0.098,			2.307,			0.096,			0.049
190,	1,	16.0,	137.494,			1.477,			0.964,			0.964,			1.461,			0.971,			0.502
191,	1,	44.0,	137.9,			1.468,			0.963,			0.963,			1.448,			0.938,			0.5
192,	2,	230.0,	138.552,			2.311,			0.092,			0.092,			2.296,			0.095,			0.05
193,	2,	97.0,	138.918,			2.312,			0.113,			0.113,			2.296,			0.096,			0.05
194,	1,	16.0,	139.495,			1.441,			0.981,			0.981,			1.443,			0.961,			0.498
195,	1,	146.0,	139.675,			1.456,			0.969,			0.969,			1.458,			0.98,			0.501
196,	2,	226.0,	140.504,			2.299,			0.099,			0.099,			2.305,			0.105,			0.05
197,	1,	157.0,	140.94,			1.461,			0.977,			0.977,			1.46,			0.975,			0.5
198,	1,	559.0,	141.046,			1.449,			0.961,			0.961,			1.448,			0.958,			0.501
199,	1,	512.0,	141.433,			1.467,			0.967,			0.967,			1.457,			0.958,			0.5
200,	1,	6.0,	142.077,			1.454,			0.978,			0.978,			1.45,			0.958,			0.499
201,	1,	44.0,	142.763,			1.452,			0.969,			0.969,			1.449,			0.973,			0.5
202,	2,	155.0,	143.059,			2.294,			0.106,			0.106,			2.276,			0.095,			0.05
203,	1,	169.0,	144.271,			1.451,			0.97,			0.97,			1.476,			0.976,			0.499
204,	1,	28.0,	145.81,			1.475,			0.964,			0.964,			1.459,			0.98,			0.502
205,	1,	7.0,	145.88,			1.445,			0.976,			0.976,			1.461,			0.979,			0.5
206,	1,	10.0,	148.754,			1.472,			0.969,			0.969,			1.463,			0.966,			0.501
207,	1,	387.0,	148.861,			1.451,			0.973,			0.973,			1.444,			0.959,			0.5
208,	2,	140.0,	149.178,			2.324,			0.11,			0.11,			2.306,			0.097,			0.048
209,	1,	7.0,	149.695,			1.462,			0.991,			0.991,			1.466,			0.97,			0.5
210,	1,	44.0,	150.186,			1.472,			0.962,			0.962,			1.459,			0.983,			0.499
211,	1,	126.0,	151.257,			1.462,			0.972,			0.972,			1.445,			0.988,			0.501
212,	1,	559.0,	152.293,			1.455,			0.968,			0.968,			1.444,			0.978,			0.5
213,	1,	44.0,	152.37,			1.47,			0.973,			0.973,			1.459,			0.983,			0.501
214,	1,	214.0,	153.037,			1.458,			0.973,			0.973,			1.45,			0.958,			0.502
215,	1,	447.0,	153.276,			1.456,			0.961,			0.961,			1.471,			0.965,			0.5
216,	2,	98.0,	153.313,			2.304,			0.093,			0.093,			2.304,			0.092,			0.05
217,	1,	10.0,	153.61,			1.447,			0.976,			0.976,			1.477,			0.964,			0.501
218,	1,	90.0,	154.893,			1.456,			0.984,			0.984,			1.452,			0.953,			0.499
219,	2,	258.0,	155.958,			2.305,			0.102,			0.102,			2.307,			0.102,			0.049
220,	1,	7.0,	156.02,			1.456,			0.965,			0.965,			1.474,			0.972,			0.5
221,	1,	30.0,	156.204,			1.476,			0.971,			0.971,			1.462,			0.974,			0.5
222,	2,	143.0,	157.069,			2.322,			0.093,			0.093,			2.299,			0.097,			0.049
223,	1,	49.0,	157.337,			1.454,			0.977,			0.977,			1.473,			0.977,			0.499
224,	1,	44.0,	157.584,			1.479,			0.953,			0.953,			1.479,			0.98,			0.499
225,	2,	144.0,	158.499,			2.308,			0.101,			0.101,			2.31,			0.103,			0.049
226,	1,	7.0,	158.531,			1.453,			0.995,			0.995,			1.457,			0.963,			0.503
227,	1,	169.0,	158.563,			1.455,			0.965,			0.965,			1.457,			0.965,			0.5
228,	1,	44.0,	158.971,			1.468,			0.958,			0.958,			1.439,			0.978,			0.499
229,	1,	6.0,	159.011,			1.463,			0.972,			0.972,			1.475,			0.947,			0.499
230,	1,	169.0,	159.114,			1.467,			0.985,			0.985,			1.471,			0.961,			0.501
231,	2,	128.0,	160.062,			2.294,			0.106,			0.106,			2.312,			0.1,			0.051
232,	2,	145.0,	161.138,			2.302,			0.098,			0.098,			2.315,			0.105,			0.05
233,	1,	49.0,	161.75,			1.467,			0.972,			0.972,			1.457,			0.976,			0.499
234,	2,	151.0,	162.45,			2.314,			0.1,			0.1,			2.289,			0.094,			0.051
235,	1,	498.0,	163.329,			1.466,			0.977,			0.977,			1.462,			0.978,			0.5
236,	1,	447.0,	163.389,			1.461,			0.968,			0.968,			1.44,			0.974,			0.5
237,	1,	6.0,	164.558,			1.46,			0.975,			0.975,			1.456,			0.96,			0.499
238,	2,	140.0,	165.22,			2.284,			0.11,			0.11,			2.29,			0.109,			0.05
239,	1,	146.0,	165.363,			1.463,			0.965,			0.965,			1.469,			0.983,			0.5
240,	1,	44.0,	166.487,			1.457,			0.987,			0.987,			1.468,			0.993,			0.499
241,	2,	91.0,	166.691,			2.297,			0.099,			0.099,			2.317,			0.111,			0.05
242,	1,	90.0,	168.801,			1.45,			0.959,			0.959,			1.454,			0.961,			0.499
243,	2,	76.0,	168.971,			2.305,			0.1,			0.1,			2.302,			0.095,			0.051
244,	1,	28.0,	169.248,			1.456,			0.961,			0.961,			1.468,			0.975,			0.5
245,	2,	139.0,	170.681,			2.299,			0.103,			0.103,			2.277,			0.104,			0.049
246,	1,	16.0,	170.825,			1.448,			0.964,			0.964,			1.452,			0.968,			0.499
247,	2,	148.0,	170.901,			2.304,			0.106,			0.106,			2.303,			0.101,			0.052
248,	1,	28.0,	171.475,			1.474,			0.976,			0.976,			1.463,			0.972,			0.502
249,	1,	146.0,	171.548,			1.46,			0.976,			0.976,			1.455,			0.976,			0.5
250,	1,	59.0,	172.399,			1.474,			0.965,			0.965,			1.457,			0.967,			0.499
251,	2,	92.0,	172.638,			2.298,			0.105,			0.105,			2.3,			0.096,			0.049
252,	1,	59.0,	172.648,			1.463,			0.968,			0.968,			1.451,			0.96,			0.501
253,	1,	120.0,	172.854,			1.455,			0.966,			0.966,			1.468,			0.973,			0.499
254,	1,	49.0,	173.328,			1.454,			0.961,			0.961,			1.474,			0.98,			0.499
255,	1,	214.0,	173.451,			1.463,			0.951,			0.951,			1.471,			0.958,			0.5
256,	1,	30.0,	174.137,			1.472,			0.957,			0.957,			1.458,			0.968,			0.498
257,	1,	498.0,	174.459,			1.452,			0.957,			0.957,			1.462,			0.988,			0.499
258,	1,	7.0,	175.037,			1.446,			0.951,			0.951,			1.462,			0.984,			0.501
259,	1,	44.0,	175.747,			1.464,			0.975,			0.975,			1.456,			0.966,			0.502
260,	2,	119.0,	175.872,			2.302,			0.096,			0.096,			2.304,			0.101,			0.052
261,	1,	7.0,	175.914,			1.461,			0.983,			0.983,			1.47,			0.955,			0.5
262,	1,	95.0,	176.094,			1.479,			0.965,			0.965,			1.467,			0.987,			0.5
263,	1,	7.0,	176.447,			1.47,			0.973,			0.973,			1.494,			0.981,			0.498
264,	1,	387.0,	176.615,			1.471,			0.97,			0.97,			1.444,			0.953,			0.5
265,	2,	372.0,	176.812,			2.299,			0.098,			0.098,			2.292,			0.097,			0.049
266,	2,	92.0,	176.88,			2.307,			0.103,			0.103,			2.29,			0.1,			0.049
267,	2,	169.0,	177.014,			2.286,			0.093,			0.093,			2.292,			0.104,			0.05
268,	1,	13.0,	177.54,			1.455,			0.956,			0.956,			1.459,			0.974,			0.5
269,	1,	379.0,	177.628,			1.455,			0.966,			0.966,			1.471,			0.975,			0.501
270,	1,	7.0,	177.654,			1.458,			0.969,			0.969,			1.468,			0.957,			0.499
271,	2,	273.0,	178.504,			2.302,			0.09,			0.09,			2.317,			0.094,			0.05
272,	2,	114.0,	178.672,			2.276,			0.099,			0.099,			2.304,			0.1,			0.05
273,	1,	90.0,	178.691,			1.468,			0.967,			0.967,			1.473,			0.971,			0.5
274,	2,	106.0,	178.776,			2.309,			0.107,			0.107,			2.293,			0.097,			0.049
275,	1,	30.0,	179.124,			1.455,			0.942,			0.942,			1.464,			0.969,			0.501
276,	2,	190.0,	179.307,			2.281,			0.099,			0.099,			2.298,			0.095,			0.05
277,	1,	16.0,	179.842,			1.438,			0.965,			0.965,			1.487,			0.972,			0.5
278,	2,	175.0,	180.48,			2.304,			0.102,			0.102,			2.312,			0.094,			0.049
279,	1,	28.0,	180.833,			1.459,			0.959,			0.959,			1.465,			0.96,			0.498
280,	1,	7.0,	181.06,			1.449,			0.967,			0.967,			1.468,			0.961,			0.5
281,	1,	157.0,	181.215,			1.45,			0.982,			0.982,			1.451,			0.983,			0.5
282,	1,	7.0,	181.372,			1.449,			0.948,			0.948,			1.458,			0.956,			0.5
283,	1,	95.0,	181.955,			1.456,			0.974,			0.974,			1.47,			0.977,			0.5
284,	1,	559.0,	184.592,			1.444,			0.976,			0.976,			1.447,			0.974,			0.5
285,	1,	6.0,	185.131,			1.475,			0.979,			0.979,			1.465,			0.975,			0.499
286,	1,	10.0,	185.501,			1.429,			0.979,			0.979,			1.457,			0.971,			0.502
287,	1,	7.0,	186.284,			1.461,			0.975,			0.975,			1.464,			0.973,			0.499
288,	2,	168.0,	186.684,			2.289,			0.092,			0.092,			2.302,			0.1,			0.052
289,	2,	151.0,	186.732,			2.301,			0.103,			0.103,			2.294,			0.11,			0.049
290,	1,	95.0,	187.171,			1.459,			0.958,			0.958,			1.478,			0.967,			0.499
291,	1,	59.0,	187.246,			1.47,			0.971,			0.971,			1.452,			0.969,			0.501
292,	1,	13.0,	188.039,			1.465,			0.961,			0.961,			1.455,			0.968,			0.501
293,	1,	90.0,	188.096,			1.466,			0.978,			0.978,			1.463,			0.958,			0.498
294,	1,	44.0,	188.91,			1.456,			0.969,			0.969,			1.453,			0.975,			0.499
295,	1,	103.0,	189.386,			1.448,			0.963,			0.963,			1.454,			0.959,			0.501
296,	1,	44.0,	189.398,			1.47,			0.961,			0.961,			1.453,			0.963,			0.501
297,	1,	10.0,	189.62,			1.455,			0.968,			0.968,			1.46,			0.956,			0.5
298,	2,	134.0,	189.819,			2.322,			0.108,			0.108,			2.303,			0.098,			0.049
299,	2,	275.0,	190.326,			2.286,			0.101,			0.101,			2.291,			0.105,			0.049
300,	1,	28.0,	191.778,			1.453,			0.961,			0.961,			1.455,			0.98,			0.5
301,	2,	196.0,	192.141,			2.315,			0.097,			0.097,			2.316,			0.104,			0.05
302,	1,	559.0,	192.259,			1.441,			0.964,			0.964,			1.452,			0.974,			0.5
303,	1,	44.0,	193.154,			1.444,			0.979,			0.979,			1.464,			0.954,			0.501
304,	2,	226.0,	194.106,			2.293,			0.096,			0.096,			2.312,			0.099,			0.05
305,	1,	44.0,	195.993,			1.458,			0.948,			0.948,			1.46,			0.974,			0.501
306,	1,	30.0,	196.376,			1.476,			0.979,			0.979,			1.453,			0.969,			0.499
307,	2,	134.0,	196.603,			2.289,			0.1,			0.1,			2.312,			0.101,			0.05
308,	2,	193.0,	196.625,			2.298,			0.099,			0.099,			2.305,			0.104,			0.05
309,	1,	49.0,	196.734,			1.458,			0.968,			0.968,			1.483,			0.974,			0.5
310,	2,	184.0,	196.741,			2.308,			0.098,			0.098,			2.3,			0.101,			0.05
311,	1,	44.0,	197.032,			1.455,			0.982,			0.982,			1.441,			0.979,			0.501
312,	1,	90.0,	197.057,			1.453,			0.948,			0.948,			1.487,			0.966,			0.499
313,	2,	131.0,	198.721,			2.294,			0.098,			0.098,			2.307,			0.097,			0.05
314,	1,	16.0,	198.769,			1.466,			0.963,			0.963,			1.486,			0.967,			0.499
315,	2,	109.0,	199.192,			2.286,			0.094,			0.094,			2.306,			0.099,			0.048
316,	1,	157.0,	199.197,			1.462,			0.978,			0.978,			1.462,			0.979,			0.5
317,	1,	512.0,	199.462,			1.463,			0.964,			0.964,			1.476,			0.975,			0.5
318,	1,	214.0,	199.871,			1.453,			0.971,			0.971,			1.469,			0.961,			0.5
319,	2,	156.0,	200.174,			2.311,			0.103,			0.103,			2.295,			0.103,			0.05
320,	1,	44.0,	202.069,			1.451,			0.96,			0.96,			1.471,			0.961,			0.501
321,	2,	191.0,	202.738,			2.303,			0.1,			0.1,			2.285,			0.097,			0.048
322,	1,	103.0,	203.765,			1.451,			0.961,			0.961,			1.452,			0.963,			0.5
323,	1,	13.0,	203.944,			1.458,			0.962,			0.962,			1.461,			0.969,			0.499
324,	1,	103.0,	204.239,			1.459,			0.968,			0.968,			1.461,			0.971,			0.502
325,	1,	28.0,	204.439,			1.445,			0.983,			0.983,			1.457,			0.963,			0.5
326,	1,	120.0,	204.503,			1.455,			0.976,			0.976,			1.449,			0.963,			0.501
327,	1,	95.0,	204.629,			1.441,			0.983,			0.983,			1.459,			0.964,			0.501
328,	1,	44.0,	204.79,			1.467,			0.956,			0.956,			1.468,			0.955,			0.502
329,	1,	447.0,	204.874,			1.446,			0.997,			0.997,			1.45,			0.969,			0.499
330,	1,	90.0,	205.184,			1.45,			0.966,			0.966,			1.462,			0.983,			0.499
331,	1,	379.0,	205.282,			1.471,			0.977,			0.977,			1.485,			0.965,			0.5
332,	1,	103.0,	205.338,			1.464,			0.98,			0.98,			1.459,			0.98,			0.5
333,	1,	95.0,	205.442,			1.449,			0.98,			0.98,			1.452,			0.979,			0.501
334,	1,	447.0,	206.23,			1.458,			0.962,			0.962,			1.468,			0.956,			0.5
335,	1,	387.0,	206.569,			1.458,			0.958,			0.958,			1.462,			0.981,			0.499
336,	1,	157.0,	206.863,			1.445,			0.959,			0.959,			1.473,			0.96,			0.502
337,	1,	7.0,	206.917,			1.45,			0.969,			0.969,			1.459,			0.967,			0.501
338,	2,	61.0,	207.095,			2.291,			0.097,			0.097,			2.282,			0.105,			0.052
339,	2,	167.0,	207.451,			2.317,			0.097,			0.097,			2.299,			0.105,			0.051
340,	1,	379.0,	207.557,			1.463,			0.972,			0.972,			1.463,			0.949,			0.501
341,	1,	44.0,	207.823,			1.462,			0.968,			0.968,			1.442,			0.964,			0.5
342,	1,	379.0,	208.358,			1.46,			0.97,			0.97,			1.451,			0.98,			0.5
343,	1,	44.0,	209.412,			1.457,			0.961,			0.961,			1.464,			0.948,			0.498
344,	1,	49.0,	210.462,			1.449,			0.984,			0.984,			1.457,			0.985,			0.502
345,	2,	225.0,	210.777,			2.303,			0.099,			0.099,			2.283,			0.093,			0.05
346,	1,	498.0,	211.107,			1.467,			0.959,			0.959,			1.454,			0.979,			0.5
347,	1,	169.0,	211.28,			1.464,			0.973,			0.973,			1.469,			0.975,			0.5
348,	1,	44.0,	211.521,			1.468,			0.975,			0.975,			1.454,			0.976,			0.5
349,	1,	498.0,	212.223,			1.46,			0.975,			0.975,			1.459,			0.953,			0.501
350,	1,	387.0,	212.603,			1.451,			0.971,			0.971,			1.457,			0.975,			0.5
351,	1,	447.0,	212.694,			1.459,			0.975,			0.975,			1.457,			0.969,			0.5
352,	2,	188.0,	213.873,			2.31,			0.102,			0.102,			2.304,			0.094,			0.052
353,	2,	77.0,	215.162,			2.294,			0.106,			0.106,			2.299,			0.102,			0.05
354,	1,	7.0,	215.208,			1.456,			0.969,			0.969,			1.454,			0.979,			0.5
355,	2,	95.0,	215.342,			2.311,			0.095,			0.095,			2.292,			0.099,			0.05
356,	1,	28.0,	215.834,			1.453,			0.971,			0.971,			1.457,			0.965,			0.502
357,	1,	512.0,	215.919,			1.461,			0.971,			0.971,			1.451,			0.98,			0.5
358,	1,	44.0,	215.954,			1.471,			0.971,			0.971,			1.467,			0.968,			0.5
359,	1,	16.0,	216.258,			1.457,			0.984,			0.984,			1.46,			0.964,			0.499
360,	1,	49.0,	216.502,			1.441,			0.967,			0.967,			1.45,			0.956,			0.499
361,	1,	59.0,	216.652,			1.471,			0.967,			0.967,			1.465,			0.988,			0.5
362,	1,	157.0,	217.662,			1.45,			0.963,			0.963,			1.469,			0.999,			0.499
363,	1,	49.0,	218.127,			1.458,			0.98,			0.98,			1.455,			0.979,			0.5
364,	1,	379.0,	218.733,			1.463,			0.961,			0.961,			1.453,			0.965,			0.501
365,	1,	44.0,	219.3,			1.449,			0.966,			0.966,			1.494,			0.971,			0.501
366,	1,	387.0,	219.503,			1.457,			0.971,			0.971,			1.454,			0.98,			0.499
367,	1,	30.0,	219.997,			1.467,			0.966,			0.966,			1.469,			0.963,			0.499
368,	1,	7.0,	220.402,			1.457,			0.969,			0.969,			1.456,			0.965,			0.499
369,	1,	447.0,	220.974,			1.472,			0.966,			0.966,			1.464,			0.961,			0.501
370,	1,	44.0,	221.083,			1.468,			0.972,			0.972,			1.454,			0.957,			0.501
371,	2,	315.0,	221.132,			2.307,			0.097,			0.097,			2.306,			0.094,			0.05
372,	1,	30.0,	221.177,			1.472,			0.984,			0.984,			1.44,			0.961,			0.5
373,	1,	13.0,	221.375,			1.455,			0.963,			0.963,			1.447,			0.978,			0.502
374,	1,	49.0,	221.742,			1.458,			0.975,			0.975,			1.465,			0.98,			0.501
375,	2,	79.0,	221.842,			2.307,			0.098,			0.098,			2.315,			0.098,			0.05
376,	2,	126.0,	222.044,			2.318,			0.102,			0.102,			2.303,			0.103,			0.051
377,	1,	7.0,	222.366,			1.462,			0.977,			0.977,			1.455,			0.964,			0.501
378,	1,	126.0,	222.457,			1.463,			0.975,			0.975,			1.453,			0.966,			0.5
379,	1,	447.0,	222.844,			1.44,			0.967,			0.967,			1.452,			0.951,			0.5
380,	1,	44.0,	222.919,			1.463,			0.974,			0.974,			1.465,			0.964,			0.501
381,	1,	126.0,	223.335,			1.443,			0.979,			0.979,			1.446,			0.966,			0.502
382,	1,	126.0,	223.681,			1.453,			0.971,			0.971,			1.463,			0.965,			0.501
383,	1,	559.0,	224.171,			1.464,			0.968,			0.968,			1.452,			0.977,			0.502
384,	1,	7.0,	224.54,			1.463,			0.989,			0.989,			1.455,			0.969,			0.501
385,	2,	175.0,	225.096,			2.284,			0.095,			0.095,			2.308,			0.098,			0.048
386,	1,	44.0,	225.368,			1.463,			0.974,			0.974,			1.451,			0.953,			0.499
387,	1,	7.0,	225.788,			1.472,			0.961,			0.961,			1.471,			0.966,			0.5
388,	1,	49.0,	226.129,			1.456,			0.983,			0.983,			1.459,			0.957,			0.501
389,	1,	146.0,	226.145,			1.456,			0.963,			0.963,			1.474,			0.958,			0.5
390,	1,	103.0,	226.871,			1.453,			0.969,			0.969,			1.459,			0.97,			0.501
391,	1,	126.0,	227.099,			1.459,			0.945,			0.945,			1.449,			0.978,			0.5
392,	1,	146.0,	227.223,			1.447,			0.977,			0.977,			1.457,			0.967,			0.502
393,	1,	10.0,	227.296,			1.462,			0.97,			0.97,			1.465,			0.961,			0.5
394,	1,	6.0,	227.304,			1.461,			0.974,			0.974,			1.457,			0.976,			0.5
395,	1,	44.0,	227.565,			1.464,			0.971,			0.971,			1.443,			0.963,			0.501
396,	1,	169.0,	227.778,			1.46,			0.982,			0.982,			1.457,			0.983,			0.5
397,	1,	7.0,	227.802,			1.467,			0.967,			0.967,			1.467,			0.963,			0.499
398,	1,	44.0,	228.138,			1.475,			0.964,			0.964,			1.454,			0.963,			0.499
399,	1,	512.0,	228.719,			1.465,			0.959,			0.959,			1.463,			0.978,			0.501
400,	2,	142.0,	228.774,			2.318,			0.092,			0.092,			2.307,			0.1,			0.049
401,	2,	103.0,	229.81,			2.305,			0.105,			0.105,			2.303,			0.092,			0.05
402,	1,	387.0,	230.238,			1.472,			0.963,			0.963,			1.458,			0.967,			0.499
403,	2,	117.0,	230.291,			2.298,			0.09,			0.09,			2.305,			0.097,			0.051
404,	2,	158.0,	230.378,			2.306,			0.104,			0.104,			2.285,			0.102,			0.051
405,	1,	6.0,	230.727,			1.466,			0.992,			0.992,			1.462,			0.966,			0.502
406,	1,	447.0,	230.889,			1.457,			0.95,			0.95,			1.467,			0.975,			0.499
407,	1,	6.0,	231.806,			1.459,			0.971,			0.971,			1.473,			0.949,			0.498
408,	2,	94.0,	231.862,			2.298,			0.093,			0.093,			2.294,			0.094,			0.05
409,	2,	130.0,	232.092,			2.314,			0.104,			0.104,			2.301,			0.099,			0.051
410,	1,	120.0,	232.099,			1.463,			0.973,			0.973,			1.458,			0.978,			0.501
411,	1,	13.0,	233.385,			1.461,			0.959,			0.959,			1.462,			0.962,			0.501
412,	1,	13.0,	233.445,			1.456,			0.979,			0.979,			1.474,			0.966,			0.499
413,	2,	30.0,	234.339,			2.301,			0.099,			0.099,			2.29,			0.098,			0.05
414,	1,	44.0,	234.361,			1.455,			0.97,			0.97,			1.46,			0.968,			0.5
415,	1,	126.0,	234.389,			1.463,			0.983,			0.983,			1.464,			0.965,			0.5
416,	2,	101.0,	234.445,			2.303,			0.098,			0.098,			2.307,			0.104,			0.052
417,	1,	379.0,	234.945,			1.468,			0.957,			0.957,			1.469,			0.974,			0.499
418,	1,	379.0,	236.342,			1.48,			0.969,			0.969,			1.472,			0.962,			0.502
419,	2,	182.0,	236.417,			2.304,			0.096,			0.096,			2.308,			0.091,			0.05
420,	2,	112.0,	236.888,			2.308,			0.1,			0.1,			2.311,			0.099,			0.049
421,	1,	6.0,	237.287,			1.475,			0.955,			0.955,			1.453,			0.961,			0.5
422,	1,	387.0,	237.415,			1.441,			0.968,			0.968,			1.456,			0.956,			0.499
423,	1,	10.0,	237.716,			1.446,			0.961,			0.961,			1.468,			0.978,			0.502
424,	1,	7.0,	237.724,			1.465,			0.964,			0.964,			1.463,			0.976,			0.501
425,	1,	498.0,	238.175,			1.462,			0.983,			0.983,			1.444,			0.976,			0.501
426,	1,	30.0,	239.142,			1.457,			0.978,			0.978,			1.457,			0.976,			0.501
427,	1,	16.0,	239.349,			1.475,			0.959,			0.959,			1.457,			0.97,			0.501
428,	1,	16.0,	239.635,			1.44,			0.974,			0.974,			1.449,			0.966,			0.501
429,	1,	44.0,	240.014,			1.459,			0.956,			0.956,			1.458,			0.959,			0.501
430,	1,	120.0,	240.761,			1.469,			0.97,			0.97,			1.454,			0.953,			0.5
431,	2,	191.0,	240.929,			2.305,			0.1,			0.1,			2.29,			0.103,			0.05
432,	1,	95.0,	241.266,			1.461,			0.966,			0.966,			1.444,			0.966,			0.5
433,	1,	28.0,	241.269,			1.448,			0.957,			0.957,			1.455,			0.973,			0.5
434,	1,	214.0,	241.541,			1.457,			0.983,			0.983,			1.464,			0.987,			0.5
435,	2,	257.0,	241.731,			2.291,			0.104,			0.104,			2.279,			0.107,			0.049
436,	1,	16.0,	241.89,			1.447,			0.968,			0.968,			1.451,			0.954,			0.5
437,	1,	10.0,	241.963,			1.465,			0.971,			0.971,			1.481,			0.964,			0.5
438,	1,	387.0,	241.978,			1.429,			0.976,			0.976,			1.473,			0.973,			0.498
439,	2,	28.0,	242.097,			2.308,			0.1,			0.1,			2.309,			0.105,			0.049
440,	1,	447.0,	242.492,			1.463,			0.96,			0.96,			1.465,			0.987,			0.501
441,	1,	49.0,	242.823,			1.464,			0.976,			0.976,			1.473,			0.955,			0.502
442,	2,	166.0,	243.554,			2.302,			0.094,			0.094,			2.29,			0.098,			0.049
443,	1,	169.0,	243.587,			1.452,			0.963,			0.963,			1.449,			0.969,			0.498
444,	2,	110.0,	243.912,			2.3,			0.096,			0.096,			2.306,			0.095,			0.051
445,	1,	157.0,	244.112,			1.457,			0.953,			0.953,			1.449,			0.961,			0.5
446,	2,	110.0,	244.165,			2.311,			0.104,			0.104,			2.294,			0.103,			0.05
447,	1,	126.0,	244.194,			1.469,			0.947,			0.947,			1.467,			0.975,			0.502
448,	1,	7.0,	244.396,			1.448,			0.99,			0.99,			1.474,			0.956,			0.501
449,	1,	13.0,	244.58,			1.453,			0.978,			0.978,			1.463,			0.961,			0.498
450,	1,	379.0,	245.045,			1.451,			0.969,			0.969,			1.466,			0.963,			0.5
451,	1,	559.0,	245.201,			1.474,			1.005,			1.005,			1.459,			0.971,			0.499
452,	1,	7.0,	245.351,			1.445,			0.992,			0.992,			1.456,			0.995,			0.5
453,	1,	44.0,	245.583,			1.474,			0.989,			0.989,			1.457,			0.961,			0.5
454,	1,	44.0,	245.596,			1.451,			0.97,			0.97,			1.456,			0.975,			0.5
455,	1,	169.0,	246.201,			1.467,			0.976,			0.976,			1.474,			0.969,			0.5
456,	1,	169.0,	246.227,			1.459,			0.982,			0.982,			1.447,			0.968,			0.502
457,	1,	10.0,	246.421,			1.459,			0.981,			0.981,			1.465,			0.974,			0.502
458,	1,	7.0,	246.683,			1.425,			0.97,			0.97,			1.447,			0.968,			0.5
459,	1,	387.0,	246.699,			1.457,			0.981,			0.981,			1.457,			0.949,			0.5
460,	1,	28.0,	247.429,			1.462,			0.975,			0.975,			1.467,			0.949,			0.5
461,	2,	71.0,	248.46,			2.302,			0.102,			0.102,			2.297,			0.092,			0.051
462,	1,	7.0,	249.057,			1.445,			0.963,			0.963,			1.451,			0.972,			0.498
463,	2,	180.0,	249.371,			2.298,			0.101,			0.101,			2.308,			0.104,			0.051
464,	2,	187.0,	249.701,			2.279,			0.108,			0.108,			2.291,			0.102,			0.051
465,	1,	214.0,	249.893,			1.464,			0.971,			0.971,			1.45,			0.947,			0.5
466,	2,	225.0,	250.879,			2.306,			0.103,			0.103,			2.285,			0.115,			0.05
467,	1,	95.0,	251.069,			1.456,			0.963,			0.963,			1.463,			0.986,			0.5
468,	2,	122.0,	251.083,			2.305,			0.094,			0.094,			2.308,			0.099,			0.05
469,	1,	10.0,	252.474,			1.469,			0.97,			0.97,			1.451,			0.981,			0.501
470,	1,	16.0,	252.76,			1.453,			0.978,			0.978,			1.447,			0.969,			0.501
471,	2,	83.0,	254.133,			2.29,			0.108,			0.108,			2.301,			0.097,			0.051
472,	2,	122.0,	254.159,			2.291,			0.092,			0.092,			2.326,			0.105,			0.049
473,	1,	59.0,	254.182,			1.452,			0.971,			0.971,			1.429,			0.953,			0.499
474,	1,	49.0,	254.256,			1.458,			0.981,			0.981,			1.468,			0.982,			0.501
475,	1,	498.0,	254.431,			1.44,			0.974,			0.974,			1.461,			0.952,			0.502
476,	1,	13.0,	254.954,			1.474,			0.962,			0.962,			1.459,			0.981,			0.5
477,	1,	7.0,	254.961,			1.462,			0.98,			0.98,			1.458,			0.975,			0.499
478,	2,	212.0,	254.979,			2.303,			0.094,			0.094,			2.304,			0.105,			0.049
479,	1,	90.0,	255.774,			1.459,			0.983,			0.983,			1.453,			0.967,			0.5
480,	1,	7.0,	255.895,			1.463,			0.976,			0.976,			1.462,			0.971,			0.498
481,	1,	90.0,	256.417,			1.454,			0.97,			0.97,			1.459,			0.971,			0.5
482,	1,	13.0,	256.519,			1.467,			0.978,			0.978,			1.44,			0.984,			0.501
483,	1,	7.0,	256.823,			1.465,			0.97,			0.97,			1.464,			0.987,			0.5
484,	1,	49.0,	257.871,			1.445,			0.973,			0.973,			1.436,			0.953,			0.501
485,	2,	114.0,	257.973,			2.312,			0.102,			0.102,			2.316,			0.097,			0.05
486,	1,	7.0,	258.797,			1.455,			0.964,			0.964,			1.442,			0.972,			0.502
487,	1,	169.0,	259.334,			1.444,			0.975,			0.975,			1.458,			0.966,			0.501
488,	1,	103.0,	259.391,			1.458,			0.965,			0.965,			1.47,			0.956,			0.498
489,	1,	126.0,	259.873,			1.457,			0.986,			0.986,			1.456,			0.986,			0.5
490,	1,	126.0,	260.486,			1.457,			0.983,			0.983,			1.454,			0.966,			0.501
491,	1,	7.0,	260.84,			1.446,			0.962,			0.962,			1.452,			0.989,			0.5
492,	1,	559.0,	260.856,			1.478,			0.98,			0.98,			1.461,			0.966,			0.499
493,	1,	120.0,	260.913,			1.464,			0.968,			0.968,			1.457,			0.964,			0.5
494,	2,	164.0,	261.002,			2.301,			0.102,			0.102,			2.315,			0.098,			0.05
495,	1,	512.0,	261.797,			1.475,			0.954,			0.954,			1.485,			0.971,			0.499
496,	2,	202.0,	261.823,			2.318,			0.103,			0.103,			2.304,			0.1,			0.051
497,	1,	95.0,	262.239,			1.452,			0.972,			0.972,			1.46,			0.968,			0.5
498,	1,	6.0,	262.781,			1.471,			0.978,			0.978,			1.451,			0.962,			0.499
499,	1,	59.0,	262.814,			1.45,			0.978,			0.978,			1.46,			0.969,			0.501
500,	1,	379.0,	262.855,			1.446,			0.972,			0.972,			1.451,			0.961,			0.502
501,	1,	120.0,	263.422,			1.464,			0.984,			0.984,			1.482,			0.989,			0.499
502,	1,	59.0,	263.854,			1.463,			0.984,			0.984,			1.464,			0.969,			0.5
503,	1,	6.0,	263.898,			1.46,			0.97,			0.97,			1.489,			0.962,			0.498
504,	1,	16.0,	264.031,			1.457,			0.982,			0.982,			1.473,			0.956,			0.5
505,	1,	95.0,	265.101,			1.468,			0.978,			0.978,			1.448,			0.965,			0.5
506,	2,	119.0,	265.457,			2.311,			0.107,			0.107,			2.303,			0.1,			0.049
507,	1,	379.0,	266.17,			1.457,			0.965,			0.965,			1.454,			0.976,			0.5
508,	1,	447.0,	266.559,			1.455,			0.995,			0.995,			1.475,			0.981,			0.501
509,	1,	512.0,	266.572,			1.465,			0.959,			0.959,			1.452,			0.984,			0.5
510,	2,	257.0,	266.619,			2.287,			0.109,			0.109,			2.309,			0.099,			0.05
511,	1,	49.0,	266.63,			1.448,			0.947,			0.947,			1.453,			0.954,			0.5
512,	1,	7.0,	266.679,			1.482,			0.987,			0.987,			1.45,			0.976,			0.499
513,	1,	49.0,	266.9,			1.462,			0.966,			0.966,			1.451,			0.973,			0.499
514,	1,	10.0,	266.905,			1.424,			0.958,			0.958,			1.452,			0.969,			0.499
515,	1,	169.0,	266.979,			1.462,			0.98,			0.98,			1.449,			0.949,			0.499
516,	2,	150.0,	267.273,			2.299,			0.108,			0.108,			2.282,			0.098,			0.049
517,	1,	7.0,	268.183,			1.466,			0.961,			0.961,			1.452,			0.966,			0.5
518,	1,	95.0,	268.682,			1.457,			0.959,			0.959,			1.457,			0.956,			0.5
519,	1,	126.0,	268.724,			1.47,			0.967,			0.967,			1.461,			0.981,			0.5
520,	1,	169.0,	268.877,			1.457,			0.962,			0.962,			1.457,			0.959,			0.499
521,	2,	180.0,	268.892,			2.319,			0.1,			0.1,			2.307,			0.094,			0.049
522,	1,	498.0,	269.171,			1.462,			0.992,			0.992,			1.447,			0.983,			0.499
523,	1,	30.0,	269.655,			1.452,			0.965,			0.965,			1.452,			0.953,			0.5
524,	1,	103.0,	269.694,			1.477,			0.97,			0.97,			1.452,			0.97,			0.5
525,	2,	90.0,	269.793,			2.302,			0.097,			0.097,			2.303,			0.097,			0.05
526,	2,	83.0,	270.305,			2.3,			0.1,			0.1,			2.291,			0.107,			0.05
527,	2,	98.0,	271.224,			2.303,			0.09,			0.09,			2.29,			0.092,			0.05
528,	1,	6.0,	271.538,			1.475,			0.972,			0.972,			1.465,			0.97,			0.501
529,	1,	44.0,	272.657,			1.461,			0.981,			0.981,			1.465,			0.969,			0.501
530,	1,	126.0,	272.936,			1.459,			0.971,			0.971,			1.474,			0.956,			0.5
531,	1,	103.0,	273.147,			1.463,			0.955,			0.955,			1.467,			0.963,			0.5
532,	2,	282.0,	273.568,			2.303,			0.105,			0.105,			2.307,			0.095,			0.05
533,	1,	6.0,	273.976,			1.464,			0.972,			0.972,			1.457,			0.971,			0.499
534,	1,	498.0,	275.563,			1.468,			0.976,			0.976,			1.448,			0.949,			0.5
535,	1,	10.0,	276.547,			1.454,			0.975,			0.975,			1.455,			0.977,			0.498
536,	1,	90.0,	276.62,			1.469,			0.965,			0.965,			1.454,			0.98,			0.5
537,	1,	447.0,	276.838,			1.462,			0.972,			0.972,			1.436,			0.968,			0.502
538,	1,	44.0,	276.935,			1.462,			0.995,			0.995,			1.455,			0.972,			0.5
539,	2,	199.0,	276.977,			2.297,			0.112,			0.112,			2.315,			0.092,			0.049
540,	1,	379.0,	277.191,			1.454,			0.98,			0.98,			1.458,			0.964,			0.501
541,	1,	7.0,	277.311,			1.469,			0.965,			0.965,			1.453,			0.972,			0.5
542,	1,	44.0,	277.336,			1.456,			0.973,			0.973,			1.437,			0.994,			0.499
543,	1,	387.0,	277.413,			1.456,			0.98,			0.98,			1.459,			0.983,			0.501
544,	1,	28.0,	278.293,			1.47,			0.981,			0.981,			1.454,			0.984,			0.499
545,	1,	95.0,	278.297,			1.453,			0.973,			0.973,			1.458,			0.96,			0.498
546,	1,	6.0,	278.329,			1.438,			0.993,			0.993,			1.452,			0.962,			0.501
547,	1,	6.0,	278.422,			1.477,			0.978,			0.978,			1.457,			0.978,			0.499
548,	1,	28.0,	278.643,			1.467,			0.973,			0.973,			1.443,			0.958,			0.5
549,	1,	6.0,	278.862,			1.441,			0.95,			0.95,			1.453,			0.955,			0.502
550,	1,	7.0,	279.379,			1.462,			0.973,			0.973,			1.457,			0.984,			0.499
551,	2,	233.0,	279.431,			2.287,			0.094,			0.094,			2.298,			0.103,			0.05
552,	1,	103.0,	279.935,			1.46,			0.965,			0.965,			1.463,			0.954,			0.503
553,	1,	6.0,	280.339,			1.448,			0.975,			0.975,			1.472,			0.961,			0.501
554,	1,	169.0,	280.422,			1.447,			0.972,			0.972,			1.466,			0.96,			0.502
555,	1,	49.0,	281.049,			1.462,			0.966,			0.966,			1.453,			0.98,			0.5
556,	1,	44.0,	281.954,			1.436,			0.982,			0.982,			1.468,			0.96,			0.501
557,	1,	157.0,	282.043,			1.463,			0.981,			0.981,			1.469,			0.989,			0.499
558,	2,	162.0,	282.677,			2.304,			0.1,			0.1,			2.314,			0.104,			0.05
559,	2,	139.0,	282.715,			2.315,			0.113,			0.113,			2.307,			0.101,			0.05
560,	2,	112.0,	282.717,			2.303,			0.094,			0.094,			2.321,			0.1,			0.049
561,	1,	13.0,	283.696,			1.454,			0.965,			0.965,			1.449,			0.967,			0.5
562,	2,	227.0,	284.183,			2.31,			0.112,			0.112,			2.306,			0.099,			0.051
563,	2,	198.0,	284.271,			2.302,			0.097,			0.097,			2.297,			0.103,			0.051
564,	1,	49.0,	284.669,			1.455,			0.968,			0.968,			1.466,			0.968,			0.5
565,	1,	559.0,	284.81,			1.45,			0.969,			0.969,			1.457,			0.971,			0.501
566,	1,	379.0,	284.843,			1.448,			0.973,			0.973,			1.458,			0.973,			0.5
567,	1,	512.0,	285.146,			1.46,			0.975,			0.975,			1.459,			0.983,			0.499
568,	1,	379.0,	285.277,			1.458,			0.974,			0.974,			1.458,			0.983,			0.5
569,	1,	169.0,	286.094,			1.451,			0.969,			0.969,			1.456,			0.969,			0.501
570,	1,	169.0,	286.453,			1.458,			0.963,			0.963,			1.458,			0.97,			0.502
571,	1,	146.0,	286.752,			1.463,			0.963,			0.963,			1.469,			0.969,			0.5
572,	1,	214.0,	287.385,			1.466,			0.956,			0.956,			1.457,			0.965,			0.502
573,	1,	16.0,	289.585,			1.479,			0.966,			0.966,			1.456,			0.974,			0.501
574,	1,	7.0,	290.811,			1.447,			0.953,			0.953,			1.451,			0.974,			0.501
575,	1,	7.0,	290.833,			1.473,			0.976,			0.976,			1.457,			0.972,			0.501
576,	2,	156.0,	290.879,			2.298,			0.098,			0.098,			2.291,			0.105,			0.05
577,	2,	174.0,	291.079,			2.309,			0.1,			0.1,			2.306,			0.103,			0.051
578,	1,	157.0,	291.123,			1.468,			0.978,			0.978,			1.481,			0.983,			0.5
579,	1,	7.0,	291.175,			1.447,			0.957,			0.957,			1.472,			0.963,			0.499
580,	2,	250.0,	291.345,			2.294,			0.101,			0.101,			2.296,			0.097,			0.05
581,	1,	512.0,	291.356,			1.449,			0.983,			0.983,			1.462,			0.979,			0.5
582,	1,	214.0,	291.357,			1.469,			0.972,			0.972,			1.451,			0.96,			0.5
583,	2,	133.0,	291.411,			2.297,			0.1,			0.1,			2.322,			0.104,			0.05
584,	2,	83.0,	291.52,			2.276,			0.095,			0.095,			2.301,			0.092,			0.05
585,	1,	6.0,	291.603,			1.449,			0.974,			0.974,			1.458,			0.981,			0.499
586,	1,	498.0,	291.634,			1.462,			0.982,			0.982,			1.441,			0.958,			0.499
587,	2,	110.0,	291.81,			2.307,			0.1,			0.1,			2.309,			0.097,			0.05
588,	1,	103.0,	291.895,			1.466,			0.963,			0.963,			1.449,			0.97,			0.5
589,	1,	103.0,	292.057,			1.459,			0.97,			0.97,			1.446,			0.954,			0.501
590,	1,	120.0,	292.872,			1.468,			0.982,			0.982,			1.452,			0.986,			0.5
591,	2,	133.0,	293.051,			2.328,			0.105,			0.105,			2.296,			0.1,			0.051
592,	1,	157.0,	293.377,			1.454,			0.963,			0.963,			1.462,			0.965,			0.498
593,	2,	144.0,	293.681,			2.284,			0.098,			0.098,			2.29,			0.104,			0.049
594,	1,	95.0,	293.875,			1.455,			0.977,			0.977,			1.458,			0.981,			0.499
595,	2,	138.0,	293.965,			2.291,			0.103,			0.103,			2.302,			0.108,			0.051
596,	1,	387.0,	294.284,			1.465,			0.982,			0.982,			1.463,			0.978,			0.501
597,	2,	323.0,	294.509,			2.314,			0.098,			0.098,			2.306,			0.097,			0.05
598,	1,	44.0,	295.563,			1.466,			0.958,			0.958,			1.448,			0.975,			0.502
599,	1,	44.0,	295.588,			1.465,			0.971,			0.971,			1.467,			0.962,			0.499
600,	1,	7.0,	295.615,			1.453,			0.966,			0.966,			1.459,			0.981,			0.501
601,	1,	6.0,	295.65,			1.477,			0.956,			0.956,			1.471,			0.969,			0.5
602,	1,	7.0,	295.83,			1.46,			0.959,			0.959,			1.452,			0.967,			0.5
603,	1,	157.0,	296.138,			1.44,			0.973,			0.973,			1.451,			0.957,			0.5
604,	1,	169.0,	296.323,			1.446,			0.97,			0.97,			1.464,			0.979,			0.5
605,	1,	7.0,	297.01,			1.471,			0.966,			0.966,			1.474,			0.971,			0.5
606,	1,	10.0,	297.45,			1.454,			0.938,			0.938,			1.454,			0.968,			0.498
607,	1,	30.0,	298.273,			1.468,			0.985,			0.985,			1.455,			0.999,			0.5
608,	1,	10.0,	298.577,			1.465,			0.969,			0.969,			1.462,			0.968,			0.501
609,	2,	35.0,	298.711,			2.291,			0.105,			0.105,			2.276,			0.104,			0.05
610,	1,	157.0,	298.723,			1.472,			0.97,			0.97,			1.466,			0.982,			0.501
611,	2,	184.0,	299.146,			2.296,			0.099,			0.099,			2.293,			0.099,			0.049
612,	2,	114.0,	299.604,			2.297,			0.105,			0.105,			2.322,			0.1,			0.051
613,	1,	157.0,	299.731,			1.463,			0.971,			0.971,			1.455,			0.971,			0.5
614,	1,	146.0,	299.906,			1.458,			0.967,			0.967,			1.455,			0.956,			0.499
615,	1,	6.0,	299.944,			1.458,			0.972,			0.972,			1.466,			0.973,			0.501
616,	1,	120.0,	299.997,			1.466,			0.973,			0.973,			1.454,			0.959,			0.499
617,	1,	512.0,	300.481,			1.444,			0.982,			0.982,			1.464,			0.978,			0.498
618,	2,	147.0,	300.66,			2.281,			0.098,			0.098,			2.306,			0.097,			0.049
619,	1,	447.0,	300.949,			1.46,			0.972,			0.972,			1.451,			0.968,			0.502
620,	1,	498.0,	301.261,			1.451,			0.978,			0.978,			1.471,			0.969,			0.499
621,	1,	6.0,	301.335,			1.453,			0.961,			0.961,			1.45,			0.976,			0.5
622,	1,	95.0,	301.51,			1.476,			0.98,			0.98,			1.449,			1.005,			0.499
623,	1,	498.0,	301.831,			1.464,			0.974,			0.974,			1.462,			0.976,			0.5
624,	1,	6.0,	301.87,			1.474,			0.967,			0.967,			1.463,			0.976,			0.5
625,	1,	95.0,	301.89,			1.46,			0.973,			0.973,			1.465,			0.966,			0.501
626,	1,	44.0,	301.988,			1.47,			0.97,			0.97,			1.464,			0.96,			0.501
627,	2,	183.0,	302.713,			2.306,			0.1,			0.1,			2.308,			0.09,			0.049
628,	2,	100.0,	303.608,			2.307,			0.096,			0.096,			2.296,			0.096,			0.049
629,	1,	44.0,	303.747,			1.474,			0.994,			0.994,			1.463,			0.974,			0.5
630,	2,	262.0,	303.802,			2.29,			0.101,			0.101,			2.305,			0.105,			0.05
631,	1,	90.0,	303.862,			1.461,			0.972,			0.972,			1.453,			0.978,			0.5
632,	1,	90.0,	304.493,			1.484,			0.981,			0.981,			1.458,			0.969,			0.499
633,	1,	44.0,	304.792,			1.437,			0.954,			0.954,			1.457,			0.974,			0.501
634,	1,	95.0,	304.798,			1.45,			0.954,			0.954,			1.444,			0.972,			0.5
635,	1,	512.0,	304.942,			1.453,			0.956,			0.956,			1.468,			0.982,			0.498
636,	1,	214.0,	305.062,			1.47,			0.973,			0.973,			1.45,			0.982,			0.497
637,	1,	512.0,	305.571,			1.465,			0.976,			0.976,			1.462,			0.969,			0.5
638,	1,	387.0,	305.598,			1.451,			0.97,			0.97,			1.455,			0.97,			0.502
639,	1,	95.0,	305.7,			1.458,			0.983,			0.983,			1.456,			0.961,			0.5
640,	1,	387.0,	306.702,			1.478,			0.961,			0.961,			1.464,			0.972,			0.5
641,	1,	95.0,	307.542,			1.469,			0.995,			0.995,			1.465,			0.974,			0.5
642,	2,	68.0,	308.016,			2.289,			0.092,			0.092,			2.295,			0.1,			0.05
643,	1,	157.0,	308.397,			1.451,			0.954,			0.954,			1.463,			0.959,			0.498
644,	1,	90.0,	308.592,			1.475,			0.971,			0.971,			1.474,			0.958,			0.501
645,	1,	30.0,	309.481,			1.454,			0.963,			0.963,			1.44,			0.972,			0.5
646,	1,	6.0,	310.298,			1.445,			0.971,			0.971,			1.455,			0.982,			0.499
647,	1,	59.0,	310.695,			1.469,			0.954,			0.954,			1.481,			0.984,			0.502
648,	1,	387.0,	310.804,			1.465,			0.957,			0.957,			1.468,			0.972,			0.501
649,	1,	6.0,	311.584,			1.474,			0.967,			0.967,			1.459,			0.971,			0.498
650,	2,	108.0,	311.586,			2.312,			0.102,			0.102,			2.306,			0.099,			0.049
651,	2,	75.0,	311.706,			2.312,			0.092,			0.092,			2.291,			0.094,			0.05
652,	1,	512.0,	311.797,			1.464,			0.97,			0.97,			1.462,			0.968,			0.503
653,	2,	84.0,	311.825,			2.302,			0.093,			0.093,			2.297,			0.095,			0.049
654,	1,	90.0,	311.852,			1.459,			0.999,			0.999,			1.454,			0.977,			0.5
655,	1,	44.0,	312.506,			1.454,			0.963,			0.963,			1.451,			0.966,			0.501
656,	1,	447.0,	313.153,			1.464,			0.969,			0.969,			1.446,			0.973,			0.499
657,	1,	103.0,	313.777,			1.456,			0.958,			0.958,			1.447,			0.964,			0.5
658,	1,	157.0,	313.901,			1.459,			0.975,			0.975,			1.466,			0.966,			0.5
659,	1,	126.0,	313.938,			1.459,			0.982,			0.982,			1.469,			0.974,			0.502
660,	2,	159.0,	314.67,			2.291,			0.105,			0.105,			2.304,			0.098,			0.049
661,	1,	6.0,	314.776,			1.468,			0.967,			0.967,			1.474,			0.978,			0.499
662,	1,	512.0,	314.892,			1.458,			0.974,			0.974,			1.468,			0.969,			0.5
663,	2,	160.0,	315.858,			2.297,			0.093,			0.093,			2.287,			0.094,			0.051
664,	2,	185.0,	315.907,			2.292,			0.105,			0.105,			2.279,			0.096,			0.051
665,	2,	174.0,	316.004,			2.317,			0.1,			0.1,			2.298,			0.101,			0.05
666,	2,	265.0,	316.042,			2.289,			0.091,			0.091,			2.306,			0.093,			0.052
667,	1,	214.0,	316.135,			1.485,			0.986,			0.986,			1.451,			0.979,			0.501
668,	1,	559.0,	316.163,			1.469,			0.974,			0.974,			1.466,			0.987,			0.501
669,	1,	30.0,	316.387,			1.453,			0.969,			0.969,			1.472,			0.958,			0.5
670,	2,	214.0,	316.765,			2.289,			0.101,			0.101,			2.297,			0.108,			0.05
671,	1,	120.0,	317.16,			1.454,			0.962,			0.962,			1.452,			0.966,			0.501
672,	1,	169.0,	317.457,			1.46,			0.978,			0.978,			1.465,			0.958,			0.501
673,	2,	69.0,	318.092,			2.282,			0.118,			0.118,			2.31,			0.103,			0.05
674,	1,	103.0,	319.306,			1.466,			0.974,			0.974,			1.458,			0.973,			0.498
675,	1,	30.0,	320.017,			1.468,			0.981,			0.981,			1.465,			0.971,			0.5
676,	1,	44.0,	321.37,			1.471,			0.965,			0.965,			1.473,			0.96,			0.5
677,	1,	126.0,	321.879,			1.47,			0.966,			0.966,			1.469,			0.972,			0.5
678,	1,	7.0,	322.411,			1.46,			0.956,			0.956,			1.467,			0.974,			0.5
679,	1,	169.0,	323.314,			1.465,			0.965,			0.965,			1.467,			0.963,			0.499
680,	1,	7.0,	323.408,			1.454,			0.967,			0.967,			1.466,			0.97,			0.499
681,	1,	95.0,	323.456,			1.465,			0.969,			0.969,			1.453,			0.98,			0.499
682,	1,	126.0,	323.703,			1.452,			0.968,			0.968,			1.451,			0.982,			0.5
683,	1,	387.0,	326.365,			1.458,			0.956,			0.956,			1.457,			0.988,			0.501
684,	1,	10.0,	327.021,			1.459,			0.959,			0.959,			1.463,			0.969,			0.5
685,	2,	47.0,	327.081,			2.296,			0.097,			0.097,			2.3,			0.099,			0.049
686,	1,	7.0,	327.13,			1.457,			0.955,			0.955,			1.468,			0.98,			0.501
687,	1,	28.0,	327.606,			1.459,			0.975,			0.975,			1.46,			0.961,			0.497
688,	1,	169.0,	328.15,			1.446,			0.976,			0.976,			1.445,			0.974,			0.502
689,	1,	7.0,	328.653,			1.463,			0.964,			0.964,			1.457,			0.968,			0.501
690,	1,	559.0,	329.154,			1.455,			0.981,			0.981,			1.451,			0.956,			0.5
691,	2,	151.0,	330.082,			2.306,			0.103,			0.103,			2.284,			0.096,			0.051
692,	1,	7.0,	330.12,			1.464,			0.988,			0.988,			1.451,			0.972,			0.499
693,	3,	64.6,	330.423,			5.512,			1.488,			1.488,			5.51,			1.503,			0.899
694,	3,	122.4,	330.624,			5.508,			1.501,			1.501,			5.504,			1.496,			0.905
695,	1,	10.0,	330.884,			1.46,			0.98,			0.98,			1.465,			0.986,			0.5
696,	3,	148.7,	331.018,			5.518,			1.492,			1.492,			5.507,			1.479,			0.898
697,	3,	216.2,	331.141,			5.485,			1.505,			1.505,			5.499,			1.504,			0.902
698,	3,	61.2,	331.16,			5.49,			1.502,			1.502,			5.506,			1.512,			0.908
699,	3,	216.2,	331.176,			5.498,			1.489,			1.489,			5.499,			1.495,			0.897
700,	2,	119.0,	331.291,			2.306,			0.098,			0.098,			2.302,			0.101,			0.05
701,	3,	156.3,	331.716,			5.502,			1.499,			1.499,			5.502,			1.512,			0.912
702,	3,	217.7,	331.83,			5.487,			1.503,			1.503,			5.499,			1.527,			0.905
703,	3,	193.2,	332.01,			5.495,			1.497,			1.497,			5.504,			1.509,			0.894
704,	1,	379.0,	332.04,			1.465,			0.972,			0.972,			1.457,			0.967,			0.501
705,	3,	58.5,	332.068,			5.492,			1.523,			1.523,			5.497,			1.509,			0.909
706,	3,	474.8,	332.201,			5.487,			1.521,			1.521,			5.523,			1.509,			0.902
707,	3,	134.0,	332.311,			5.495,			1.522,			1.522,			5.507,			1.492,			0.904
708,	3,	431.3,	332.339,			5.502,			1.508,			1.508,			5.513,			1.499,			0.899
709,	3,	284.1,	332.515,			5.492,			1.51,			1.51,			5.508,			1.502,			0.903
710,	2,	176.0,	332.556,			2.324,			0.103,			0.103,			2.313,			0.097,			0.048
711,	3,	176.0,	332.624,			5.492,			1.497,			1.497,			5.511,			1.509,			0.91
712,	3,	171.0,	332.67,			5.51,			1.501,			1.501,			5.506,			1.497,			0.898
713,	3,	167.3,	332.818,			5.504,			1.497,			1.497,			5.515,			1.489,			0.902
714,	3,	406.2,	332.923,			5.496,			1.49,			1.49,			5.506,			1.501,			0.902
715,	2,	176.0,	332.939,			2.301,			0.09,			0.09,			2.298,			0.1,			0.049
716,	3,	149.0,	332.943,			5.497,			1.48,			1.48,			5.498,			1.492,			0.899
717,	3,	54.5,	333.142,			5.504,			1.514,			1.514,			5.497,			1.526,			0.899
718,	3,	342.9,	333.157,			5.507,			1.518,			1.518,			5.5,			1.505,			0.897
719,	3,	173.7,	333.272,			5.521,			1.516,			1.516,			5.501,			1.495,			0.898
720,	3,	144.5,	333.324,			5.5,			1.501,			1.501,			5.504,			1.511,			0.895
721,	3,	173.2,	333.432,			5.509,			1.507,			1.507,			5.495,			1.501,			0.908
722,	3,	273.4,	333.803,			5.499,			1.5,			1.5,			5.498,			1.501,			0.902
723,	1,	30.0,	333.893,			1.452,			0.971,			0.971,			1.466,			0.975,			0.499
724,	3,	173.2,	334.039,			5.51,			1.51,			1.51,			5.491,			1.499,			0.896
725,	3,	475.4,	334.152,			5.489,			1.5,			1.5,			5.51,			1.495,			0.902
726,	3,	163.8,	334.17,			5.482,			1.488,			1.488,			5.5,			1.505,			0.894
727,	3,	148.8,	334.28,			5.487,			1.5,			1.5,			5.516,			1.495,			0.898
728,	1,	30.0,	334.443,			1.451,			0.969,			0.969,			1.462,			0.961,			0.499
729,	3,	53.0,	334.448,			5.504,			1.494,			1.494,			5.504,			1.501,			0.896
730,	3,	360.5,	334.662,			5.506,			1.5,			1.5,			5.507,			1.515,			0.903
731,	3,	104.6,	334.753,			5.503,			1.507,			1.507,			5.491,			1.508,			0.899
732,	3,	152.1,	334.803,			5.481,			1.527,			1.527,			5.497,			1.5,			0.895
733,	1,	387.0,	334.83,			1.448,			0.988,			0.988,			1.464,			0.951,			0.499
734,	3,	131.8,	334.856,			5.51,			1.497,			1.497,			5.497,			1.494,			0.906
735,	3,	183.8,	335.025,			5.492,			1.505,			1.505,			5.515,			1.499,			0.902
736,	3,	152.1,	335.312,			5.48,			1.497,			1.497,			5.505,			1.498,			0.901
737,	3,	481.8,	335.327,			5.501,			1.488,			1.488,			5.5,			1.49,			0.893
738,	1,	6.0,	335.392,			1.451,			0.974,			0.974,			1.452,			0.979,			0.5
739,	2,	74.0,	335.95,			2.293,			0.108,			0.108,			2.317,			0.098,			0.051
740,	3,	175.5,	336.611,			5.488,			1.501,			1.501,			5.508,			1.497,			0.903
741,	1,	169.0,	336.768,			1.452,			0.97,			0.97,			1.454,			0.968,			0.501
742,	2,	59.0,	337.03,			2.312,			0.102,			0.102,			2.302,			0.101,			0.05
743,	3,	212.1,	337.115,			5.482,			1.501,			1.501,			5.489,			1.497,			0.904
744,	2,	200.0,	338.046,			2.29,			0.1,			0.1,			2.3,			0.095,			0.05
745,	2,	210.0,	338.1,			2.294,			0.109,			0.109,			2.315,			0.106,			0.051
746,	3,	217.7,	338.347,			5.518,			1.515,			1.515,			5.5,			1.516,			0.904
747,	3,	229.3,	338.356,			5.503,			1.49,			1.49,			5.497,			1.496,			0.904
748,	2,	109.0,	338.52,			2.317,			0.111,			0.111,			2.305,			0.102,			0.05
749,	3,	431.3,	338.524,			5.515,			1.483,			1.483,			5.496,			1.501,			0.898
750,	1,	146.0,	338.533,			1.473,			0.968,			0.968,			1.479,			0.983,			0.501
751,	1,	49.0,	338.808,			1.473,			0.952,			0.952,			1.458,			0.971,			0.5
752,	1,	6.0,	338.905,			1.478,			0.968,			0.968,			1.448,			0.971,			0.5
753,	2,	69.0,	338.915,			2.303,			0.111,			0.111,			2.289,			0.1,			0.049
754,	3,	198.8,	339.158,			5.494,			1.479,			1.479,			5.48,			1.5,			0.897
755,	2,	87.0,	339.175,			2.301,			0.095,			0.095,			2.292,			0.11,			0.05
756,	2,	331.0,	339.217,			2.265,			0.099,			0.099,			2.303,			0.1,			0.051
757,	3,	283.7,	339.295,			5.487,			1.5,			1.5,			5.498,			1.498,			0.894
758,	1,	10.0,	339.436,			1.467,			0.981,			0.981,			1.458,			0.981,			0.501
759,	3,	193.2,	340.29,			5.508,			1.507,			1.507,			5.493,			1.5,			0.899
760,	3,	417.0,	340.432,			5.496,			1.497,			1.497,			5.495,			1.504,			0.899
761,	1,	13.0,	340.763,			1.461,			0.964,			0.964,			1.445,			0.976,			0.5
762,	1,	7.0,	340.808,			1.456,			0.971,			0.971,			1.46,			0.97,			0.501
763,	1,	6.0,	340.902,			1.436,			0.984,			0.984,			1.46,			0.965,			0.498
764,	1,	379.0,	341.666,			1.471,			0.958,			0.958,			1.466,			0.957,			0.499
765,	2,	140.0,	341.706,			2.31,			0.105,			0.105,			2.299,			0.099,			0.05
766,	2,	89.0,	342.378,			2.299,			0.097,			0.097,			2.294,			0.1,			0.051
767,	1,	146.0,	343.184,			1.459,			0.964,			0.964,			1.489,			0.98,			0.5
768,	1,	447.0,	343.311,			1.451,			0.983,			0.983,			1.471,			0.944,			0.501
769,	1,	13.0,	343.333,			1.473,			0.972,			0.972,			1.455,			0.965,			0.5
770,	1,	447.0,	343.987,			1.453,			0.981,			0.981,			1.459,			0.979,			0.499
771,	1,	10.0,	344.498,			1.477,			0.963,			0.963,			1.462,			0.963,			0.502
772,	1,	7.0,	344.603,			1.467,			0.968,			0.968,			1.457,			0.98,			0.498
773,	2,	125.0,	345.072,			2.292,			0.111,			0.111,			2.309,			0.105,			0.048
774,	2,	242.0,	345.247,			2.288,			0.098,			0.098,			2.311,			0.102,			0.05
775,	2,	167.0,	345.486,			2.292,			0.099,			0.099,			2.287,			0.11,			0.05
776,	1,	512.0,	346.569,			1.454,			0.974,			0.974,			1.466,			0.952,			0.5
777,	2,	282.0,	346.842,			2.283,			0.101,			0.101,			2.311,			0.1,			0.049
778,	1,	6.0,	347.031,			1.444,			0.988,			0.988,			1.458,			0.974,			0.501
779,	1,	44.0,	348.454,			1.464,			0.967,			0.967,			1.461,			0.975,			0.5
780,	2,	140.0,	350.669,			2.286,			0.103,			0.103,			2.296,			0.103,			0.05
781,	2,	99.0,	352.07,			2.293,			0.102,			0.102,			2.303,			0.092,			0.052
782,	1,	44.0,	352.131,			1.454,			0.944,			0.944,			1.456,			0.953,			0.499
783,	1,	90.0,	352.132,			1.463,			0.969,			0.969,			1.474,			0.976,			0.5
784,	1,	447.0,	352.296,			1.451,			0.984,			0.984,			1.48,			0.968,			0.5
785,	1,	16.0,	352.624,			1.459,			0.984,			0.984,			1.458,			0.979,			0.5
786,	1,	59.0,	352.975,			1.466,			0.963,			0.963,			1.443,			0.976,			0.501
787,	1,	28.0,	353.081,			1.467,			0.965,			0.965,			1.429,			0.977,			0.499
788,	1,	7.0,	353.579,			1.457,			0.972,			0.972,			1.449,			0.975,			0.499
789,	2,	68.0,	354.585,			2.29,			0.094,			0.094,			2.293,			0.094,			0.048
790,	1,	49.0,	354.978,			1.459,			0.969,			0.969,			1.451,			0.958,			0.499
791,	2,	182.0,	356.014,			2.293,			0.1,			0.1,			2.311,			0.099,			0.05
792,	1,	13.0,	356.28,			1.453,			0.966,			0.966,			1.457,			0.99,			0.5
793,	1,	126.0,	356.307,			1.457,			0.966,			0.966,			1.45,			0.967,			0.5
794,	1,	7.0,	356.864,			1.462,			0.987,			0.987,			1.445,			0.964,			0.502
795,	1,	512.0,	357.162,			1.449,			0.968,			0.968,			1.459,			0.979,			0.499
796,	2,	144.0,	357.585,			2.302,			0.102,			0.102,			2.295,			0.093,			0.051
797,	2,	270.0,	358.004,			2.293,			0.095,			0.095,			2.315,			0.094,			0.051
798,	2,	144.0,	358.626,			2.31,			0.117,			0.117,			2.297,			0.098,			0.051
799,	1,	44.0,	359.087,			1.477,			0.954,			0.954,			1.459,			0.978,			0.499
800,	2,	237.0,	359.369,			2.281,			0.091,			0.091,			2.294,			0.107,			0.051
801,	1,	103.0,	359.715,			1.482,			0.966,			0.966,			1.468,			0.967,			0.501
802,	2,	221.0,	360.864,			2.287,			0.092,			0.092,			2.312,			0.103,			0.051
803,	1,	90.0,	361.576,			1.455,			0.952,			0.952,			1.48,			0.965,			0.499
804,	1,	512.0,	361.627,			1.458,			0.975,			0.975,			1.454,			0.978,			0.5
805,	2,	224.0,	362.204,			2.277,			0.099,			0.099,			2.301,			0.099,			0.05
806,	1,	90.0,	362.475,			1.463,			0.957,			0.957,			1.461,			0.955,			0.499
807,	1,	379.0,	363.203,			1.466,			0.981,			0.981,			1.459,			0.97,			0.499
808,	2,	126.0,	365.05,			2.314,			0.105,			0.105,			2.302,			0.093,			0.05
809,	1,	95.0,	365.43,			1.452,			0.989,			0.989,			1.451,			0.952,			0.499
810,	2,	247.0,	365.501,			2.311,			0.096,			0.096,			2.313,			0.109,			0.05
811,	2,	75.0,	366.526,			2.307,			0.096,			0.096,			2.315,			0.105,			0.051
812,	2,	257.0,	366.974,			2.291,			0.109,			0.109,			2.307,			0.098,			0.049
813,	2,	197.0,	366.986,			2.309,			0.091,			0.091,			2.303,			0.1,			0.049
814,	2,	81.0,	367.65,			2.308,			0.104,			0.104,			2.286,			0.091,			0.05
815,	1,	10.0,	368.152,			1.468,			0.966,			0.966,			1.469,			0.964,			0.499
816,	2,	214.0,	368.26,			2.297,			0.098,			0.098,			2.311,			0.091,			0.05
817,	1,	126.0,	369.326,			1.464,			0.968,			0.968,			1.484,			0.968,			0.499
818,	2,	106.0,	371.015,			2.298,			0.093,			0.093,			2.302,			0.097,			0.051
819,	1,	7.0,	371.212,			1.464,			0.951,			0.951,			1.46,			0.965,			0.501
820,	2,	100.0,	373.015,			2.306,			0.101,			0.101,			2.294,			0.096,			0.049
821,	2,	101.0,	373.792,			2.293,			0.105,			0.105,			2.293,			0.099,			0.051
822,	1,	387.0,	376.692,			1.464,			0.97,			0.97,			1.447,			0.963,			0.501
823,	1,	447.0,	376.832,			1.471,			0.965,			0.965,			1.464,			0.964,			0.499
824,	1,	49.0,	377.093,			1.466,			0.964,			0.964,			1.473,			0.981,			0.501
825,	1,	6.0,	377.248,			1.471,			0.984,			0.984,			1.458,			0.944,			0.5
826,	1,	157.0,	377.98,			1.452,			0.965,			0.965,			1.465,			0.953,			0.5
827,	1,	44.0,	378.511,			1.452,			0.988,			0.988,			1.454,			0.953,			0.498
828,	1,	126.0,	383.068,			1.459,			0.977,			0.977,			1.466,			0.973,			0.5
829,	2,	141.0,	383.383,			2.309,			0.09,			0.09,			2.291,			0.101,			0.05
830,	1,	59.0,	385.584,			1.446,			0.949,			0.949,			1.452,			0.959,			0.501
831,	2,	233.0,	386.571,			2.29,			0.098,			0.098,			2.291,			0.104,			0.05
832,	1,	13.0,	389.336,			1.474,			0.976,			0.976,			1.458,			0.967,			0.5
833,	1,	7.0,	389.892,			1.436,			0.975,			0.975,			1.456,			0.974,			0.501
834,	1,	10.0,	390.698,			1.463,			0.98,			0.98,			1.459,			0.973,			0.5
835,	1,	10.0,	391.165,			1.451,			0.97,			0.97,			1.451,			0.981,			0.5
836,	1,	49.0,	391.74,			1.458,			0.956,			0.956,			1.446,			0.97,			0.501
837,	1,	59.0,	393.389,			1.458,			0.971,			0.971,			1.472,			0.965,			0.499
838,	2,	151.0,	393.444,			2.303,			0.102,			0.102,			2.298,			0.088,			0.048
839,	2,	95.0,	395.889,			2.295,			0.097,			0.097,			2.284,			0.086,			0.05
840,	2,	35.0,	396.588,			2.291,			0.097,			0.097,			2.286,			0.098,			0.049
841,	2,	253.0,	399.131,			2.31,			0.095,			0.095,			2.304,			0.086,			0.052
842,	1,	146.0,	400.29,			1.447,			0.975,			0.975,			1.446,			0.978,			0.5
843,	1,	7.0,	403.367,			1.471,			0.948,			0.948,			1.454,			0.963,			0.498
844,	2,	160.0,	404.325,			2.294,			0.099,			0.099,			2.32,			0.1,			0.05
845,	2,	128.0,	407.217,			2.285,			0.092,			0.092,			2.303,			0.104,			0.049
846,	2,	116.0,	409.542,			2.297,			0.1,			0.1,			2.286,			0.098,			0.05
847,	1,	120.0,	410.638,			1.478,			0.958,			0.958,			1.461,			0.952,			0.499
848,	1,	6.0,	411.441,			1.451,			0.98,			0.98,			1.455,			0.965,			0.501
849,	1,	7.0,	413.555,			1.472,			0.982,			0.982,			1.462,			0.989,			0.501
850,	2,	261.0,	414.27,			2.308,			0.1,			0.1,			2.297,			0.1,			0.052
851,	3,	212.1,	414.662,			5.493,			1.485,			1.485,			5.486,			1.5,			0.903
852,	2,	124.0,	414.833,			2.292,			0.097,			0.097,			2.302,			0.093,			0.05
853,	1,	103.0,	415.046,			1.458,			0.979,			0.979,			1.475,			0.979,			0.5
854,	2,	69.0,	417.387,			2.295,			0.105,			0.105,			2.286,			0.108,			0.05
855,	2,	164.0,	419.94,			2.321,			0.087,			0.087,			2.307,			0.1,			0.05
856,	2,	40.0,	421.502,			2.29,			0.108,			0.108,			2.298,			0.088,			0.051
857,	1,	379.0,	421.507,			1.462,			0.974,			0.974,			1.471,			0.966,			0.5
858,	2,	162.0,	422.867,			2.303,			0.104,			0.104,			2.306,			0.096,			0.05
859,	2,	146.0,	424.632,			2.298,			0.106,			0.106,			2.312,			0.097,			0.05
860,	2,	88.0,	426.167,			2.294,			0.114,			0.114,			2.298,			0.107,			0.05
861,	2,	254.0,	426.178,			2.316,			0.093,			0.093,			2.324,			0.101,			0.05
862,	1,	498.0,	426.335,			1.451,			0.968,			0.968,			1.463,			0.96,			0.499
863,	2,	138.0,	427.756,			2.312,			0.095,			0.095,			2.292,			0.101,			0.051
864,	2,	135.0,	428.769,			2.292,			0.098,			0.098,			2.3,			0.104,			0.05
865,	2,	206.0,	429.078,			2.303,			0.095,			0.095,			2.307,			0.105,			0.051
866,	2,	68.0,	429.219,			2.321,			0.105,			0.105,			2.319,			0.1,			0.049
867,	1,	44.0,	431.145,			1.458,			0.952,			0.952,			1.467,			0.968,			0.5
868,	1,	7.0,	431.904,			1.45,			0.958,			0.958,			1.485,			0.977,			0.499
869,	2,	266.0,	432.751,			2.299,			0.1,			0.1,			2.303,			0.098,			0.05
870,	2,	88.0,	434.549,			2.301,			0.09,			0.09,			2.29,			0.111,			0.051
871,	2,	141.0,	435.116,			2.298,			0.1,			0.1,			2.303,			0.11,			0.05
872,	2,	85.0,	440.007,			2.279,			0.094,			0.094,			2.29,			0.106,			0.049
873,	1,	6.0,	440.633,			1.48,			0.982,			0.982,			1.45,			0.949,			0.502
874,	2,	204.0,	440.656,			2.29,			0.108,			0.108,			2.316,			0.106,			0.05
875,	2,	166.0,	441.31,			2.309,			0.096,			0.096,			2.293,			0.107,			0.051
876,	1,	169.0,	441.595,			1.462,			0.971,			0.971,			1.448,			0.96,			0.5
877,	2,	248.0,	441.636,			2.289,			0.103,			0.103,			2.298,			0.096,			0.049
878,	2,	209.0,	442.751,			2.297,			0.096,			0.096,			2.297,			0.097,			0.051
879,	2,	237.0,	444.333,			2.31,			0.109,			0.109,			2.291,			0.096,			0.047
880,	2,	218.0,	445.16,			2.299,			0.096,			0.096,			2.309,			0.101,			0.052
881,	2,	211.0,	451.78,			2.298,			0.103,			0.103,			2.314,			0.092,			0.052
882,	2,	164.0,	453.551,			2.297,			0.11,			0.11,			2.292,			0.105,			0.05
883,	2,	258.0,	455.592,			2.291,			0.095,			0.095,			2.304,			0.106,			0.048
884,	2,	322.0,	455.761,			2.305,			0.101,			0.101,			2.302,			0.103,			0.049
885,	2,	147.0,	456.209,			2.292,			0.101,			0.101,			2.292,			0.1,			0.049
886,	2,	307.0,	456.221,			2.305,			0.09,			0.09,			2.292,			0.092,			0.05
887,	2,	76.0,	458.221,			2.301,			0.101,			0.101,			2.311,			0.096,			0.05
888,	2,	171.0,	459.194,			2.311,			0.092,			0.092,			2.302,			0.091,			0.05
889,	2,	200.0,	459.61,			2.299,			0.099,			0.099,			2.298,			0.098,			0.05
890,	2,	76.0,	461.269,			2.311,			0.109,			0.109,			2.303,			0.108,			0.05
891,	2,	168.0,	462.952,			2.29,			0.105,			0.105,			2.295,			0.102,			0.051
892,	2,	84.0,	463.42,			2.312,			0.095,			0.095,			2.288,			0.096,			0.049
893,	2,	147.0,	464.529,			2.316,			0.094,			0.094,			2.305,			0.111,			0.049
894,	2,	36.0,	466.621,			2.325,			0.086,			0.086,			2.304,			0.099,			0.051
895,	2,	70.0,	469.932,			2.296,			0.101,			0.101,			2.307,			0.11,			0.049
896,	2,	128.0,	471.377,			2.297,			0.096,			0.096,			2.307,			0.105,			0.049
897,	2,	109.0,	472.469,			2.301,			0.108,			0.108,			2.299,			0.098,			0.049
898,	2,	74.0,	473.437,			2.305,			0.092,			0.092,			2.316,			0.096,			0.05
899,	2,	126.0,	474.697,			2.308,			0.1,			0.1,			2.302,			0.109,			0.05
900,	2,	185.0,	480.043,			2.302,			0.096,			0.096,			2.303,			0.099,			0.049
901,	2,	183.0,	483.831,			2.281,			0.093,			0.093,			2.285,			0.101,			0.051
902,	1,	16.0,	484.215,			1.468,			0.965,			0.965,			1.466,			0.973,			0.5
903,	2,	131.0,	487.648,			2.305,			0.092,			0.092,			2.31,			0.098,			0.049
904,	3,	170.2,	488.53,			5.499,			1.499,			1.499,			5.499,			1.517,			0.908
905,	3,	150.2,	488.54,			5.505,			1.498,			1.498,			5.503,			1.495,			0.895
906,	3,	284.6,	488.595,			5.49,			1.491,			1.491,			5.492,			1.503,			0.902
907,	3,	236.3,	488.644,			5.51,			1.506,			1.506,			5.525,			1.488,			0.893
908,	3,	257.3,	488.679,			5.499,			1.48,			1.48,			5.487,			1.494,			0.893
909,	3,	197.4,	488.781,			5.504,			1.49,			1.49,			5.5,			1.497,			0.895
910,	3,	267.0,	488.993,			5.494,			1.498,			1.498,			5.49,			1.508,			0.904
911,	3,	540.2,	489.042,			5.495,			1.505,			1.505,			5.487,			1.5,			0.893
912,	3,	567.1,	489.082,			5.506,			1.492,			1.492,			5.497,			1.497,			0.906
913,	3,	165.4,	489.114,			5.507,			1.498,			1.498,			5.505,			1.512,			0.902
914,	3,	130.5,	489.122,			5.499,			1.493,			1.493,			5.512,			1.53,			0.895
915,	3,	140.4,	489.213,			5.501,			1.498,			1.498,			5.508,			1.493,			0.904
916,	3,	373.7,	489.225,			5.484,			1.492,			1.492,			5.516,			1.499,			0.888
917,	3,	205.1,	489.244,			5.51,			1.503,			1.503,			5.506,			1.483,			0.903
918,	3,	236.2,	489.293,			5.517,			1.493,			1.493,			5.508,			1.502,			0.905
919,	3,	115.7,	489.365,			5.499,			1.5,			1.5,			5.495,			1.486,			0.905
920,	3,	636.2,	489.395,			5.501,			1.497,			1.497,			5.499,			1.48,			0.903
921,	3,	230.7,	489.439,			5.505,			1.496,			1.496,			5.494,			1.495,			0.898
922,	3,	143.5,	489.477,			5.49,			1.497,			1.497,			5.504,			1.504,			0.905
923,	3,	98.4,	489.538,			5.494,			1.492,			1.492,			5.483,			1.489,			0.891
924,	3,	221.5,	489.57,			5.509,			1.501,			1.501,			5.513,			1.496,			0.898
925,	3,	467.1,	489.584,			5.482,			1.51,			1.51,			5.502,			1.498,			0.904
926,	2,	109.0,	489.585,			2.31,			0.104,			0.104,			2.302,			0.107,			0.051
927,	3,	92.3,	489.588,			5.514,			1.517,			1.517,			5.499,			1.492,			0.904
928,	3,	579.6,	489.634,			5.497,			1.473,			1.473,			5.491,			1.494,			0.902
929,	3,	124.9,	489.678,			5.509,			1.488,			1.488,			5.502,			1.511,			0.901
930,	3,	258.2,	489.753,			5.496,			1.509,			1.509,			5.495,			1.514,			0.908
931,	3,	150.2,	489.792,			5.503,			1.514,			1.514,			5.488,			1.516,			0.908
932,	3,	447.3,	489.87,			5.5,			1.496,			1.496,			5.519,			1.523,			0.909
933,	3,	273.4,	489.949,			5.522,			1.496,			1.496,			5.5,			1.502,			0.913
934,	2,	220.0,	489.966,			2.3,			0.093,			0.093,			2.284,			0.103,			0.049
935,	3,	211.8,	490.114,			5.49,			1.51,			1.51,			5.512,			1.489,			0.903
936,	3,	87.3,	490.12,			5.476,			1.501,			1.501,			5.509,			1.507,			0.9
937,	3,	59.9,	490.166,			5.485,			1.509,			1.509,			5.503,			1.513,			0.902
938,	3,	392.0,	490.204,			5.496,			1.511,			1.511,			5.509,			1.494,			0.901
939,	3,	266.0,	490.248,			5.499,			1.486,			1.486,			5.511,			1.491,			0.899
940,	3,	246.2,	490.257,			5.5,			1.495,			1.495,			5.482,			1.502,			0.9
941,	3,	143.5,	490.515,			5.51,			1.486,			1.486,			5.506,			1.498,			0.888
942,	3,	156.8,	490.56,			5.504,			1.494,			1.494,			5.491,			1.488,			0.907
943,	3,	141.6,	490.58,			5.508,			1.499,			1.499,			5.509,			1.503,			0.902
944,	3,	171.5,	490.618,			5.49,			1.516,			1.516,			5.492,			1.513,			0.902
945,	3,	233.8,	490.628,			5.505,			1.501,			1.501,			5.504,			1.513,			0.9
946,	3,	72.0,	490.632,			5.5,			1.48,			1.48,			5.506,			1.481,			0.911
947,	3,	102.4,	490.646,			5.491,			1.495,			1.495,			5.501,			1.513,			0.899
948,	3,	86.2,	490.664,			5.512,			1.499,			1.499,			5.479,			1.5,			0.896
949,	3,	449.9,	490.675,			5.503,			1.483,			1.483,			5.488,			1.504,			0.908
950,	3,	312.7,	490.74,			5.514,			1.492,			1.492,			5.484,			1.531,			0.897
951,	3,	98.7,	490.801,			5.484,			1.486,			1.486,			5.501,			1.503,			0.901
952,	3,	395.7,	490.807,			5.507,			1.5,			1.5,			5.507,			1.495,			0.902
953,	3,	206.3,	490.828,			5.497,			1.5,			1.5,			5.497,			1.51,			0.902
954,	3,	102.0,	490.838,			5.511,			1.502,			1.502,			5.506,			1.509,			0.891
955,	3,	224.1,	490.846,			5.521,			1.496,			1.496,			5.496,			1.504,			0.903
956,	3,	449.9,	490.891,			5.505,			1.496,			1.496,			5.496,			1.497,			0.893
957,	3,	97.3,	490.908,			5.501,			1.5,			1.5,			5.509,			1.485,			0.899
958,	3,	98.8,	490.979,			5.504,			1.489,			1.489,			5.5,			1.501,			0.89
959,	3,	103.0,	491.083,			5.494,			1.499,			1.499,			5.502,			1.507,			0.9
960,	3,	207.1,	491.153,			5.489,			1.496,			1.496,			5.494,			1.515,			0.904
961,	3,	219.3,	491.169,			5.491,			1.521,			1.521,			5.487,			1.5,			0.902
962,	3,	287.7,	491.217,			5.496,			1.512,			1.512,			5.498,			1.5,			0.906
963,	3,	481.8,	491.253,			5.51,			1.494,			1.494,			5.504,			1.499,			0.892
964,	3,	128.2,	491.403,			5.521,			1.507,			1.507,			5.503,			1.497,			0.892
965,	3,	315.2,	491.526,			5.506,			1.5,			1.5,			5.506,			1.491,			0.906
966,	3,	152.1,	491.534,			5.488,			1.479,			1.479,			5.504,			1.499,			0.897
967,	3,	117.0,	491.534,			5.499,			1.505,			1.505,			5.492,			1.489,			0.898
968,	3,	287.9,	491.595,			5.504,			1.516,			1.516,			5.486,			1.506,			0.898
969,	3,	66.8,	491.629,			5.495,			1.512,			1.512,			5.494,			1.497,			0.907
970,	3,	98.4,	491.634,			5.507,			1.494,			1.494,			5.488,			1.497,			0.897
971,	3,	229.5,	491.66,			5.509,			1.498,			1.498,			5.492,			1.505,			0.903
972,	3,	375.9,	491.76,			5.509,			1.512,			1.512,			5.503,			1.515,			0.906
973,	3,	478.5,	491.778,			5.483,			1.512,			1.512,			5.499,			1.501,			0.89
974,	3,	230.7,	491.809,			5.497,			1.498,			1.498,			5.498,			1.493,			0.902
975,	3,	110.1,	492.121,			5.515,			1.503,			1.503,			5.483,			1.492,			0.912
976,	3,	241.2,	492.235,			5.508,			1.497,			1.497,			5.527,			1.506,			0.911
977,	3,	181.3,	492.299,			5.499,			1.496,			1.496,			5.521,			1.52,			0.888
978,	3,	91.8,	492.343,			5.487,			1.513,			1.513,			5.504,			1.5,			0.91
979,	3,	653.4,	492.388,			5.502,			1.498,			1.498,			5.498,			1.489,			0.902
980,	3,	139.6,	492.522,			5.497,			1.495,			1.495,			5.499,			1.498,			0.906
981,	3,	139.8,	492.526,			5.507,			1.479,			1.479,			5.5,			1.5,			0.9
982,	3,	105.5,	492.556,			5.494,			1.491,			1.491,			5.489,			1.511,			0.905
983,	3,	523.0,	492.697,			5.519,			1.503,			1.503,			5.502,			1.492,			0.903
984,	3,	236.3,	492.813,			5.506,			1.504,			1.504,			5.49,			1.494,			0.9
985,	3,	433.5,	492.847,			5.512,			1.5,			1.5,			5.502,			1.504,			0.896
986,	3,	258.2,	492.885,			5.502,			1.504,			1.504,			5.489,			1.497,			0.891
987,	3,	764.8,	492.896,			5.503,			1.492,			1.492,			5.513,			1.508,			0.904
988,	3,	342.9,	492.933,			5.5,			1.483,			1.483,			5.498,			1.499,			0.901
989,	3,	118.2,	493.001,			5.492,			1.516,			1.516,			5.516,			1.49,			0.9
990,	3,	375.9,	493.04,			5.498,			1.495,			1.495,			5.511,			1.507,			0.894
991,	3,	229.3,	493.189,			5.504,			1.504,			1.504,			5.518,			1.499,			0.903
992,	3,	211.0,	493.225,			5.512,			1.526,			1.526,			5.511,			1.504,			0.897
993,	3,	216.2,	493.226,			5.515,			1.515,			1.515,			5.486,			1.498,			0.902
994,	3,	342.6,	493.35,			5.501,			1.489,			1.489,			5.503,			1.483,			0.898
995,	3,	95.7,	493.405,			5.485,			1.487,			1.487,			5.511,			1.513,			0.896
996,	2,	220.0,	493.433,			2.303,			0.104,			0.104,			2.318,			0.095,			0.05
997,	3,	105.7,	493.433,			5.523,			1.486,			1.486,			5.511,			1.514,			0.906
998,	2,	197.0,	495.553,			2.314,			0.092,			0.092,			2.291,			0.094,			0.051
999,	2,	88.0,	497.956,			2.311,			0.093,			0.093,			2.324,			0.107,			0.05
1000,	1,	7.0,	500.0,			1.462,			0.974,			0.974,			1.448,			0.979,			0.499
