#, task_type_id, size, arrival_time,	execution_time_cpu,	execution_time_gpu,	execution_time_CLOUD
1,	2,	126.0,	0.058,			10.187,			1.142,			0.133
2,	2,	179.0,	0.277,			13.059,			1.135,			0.166
3,	1,	28.0,	1.173,			1.22,			0.251,			0.05
4,	2,	178.0,	4.183,			13.101,			1.097,			0.182
5,	2,	275.0,	4.48,			12.576,			1.022,			0.185
6,	2,	72.0,	7.74,			13.135,			1.074,			0.169
7,	2,	162.0,	8.892,			11.81,			1.048,			0.147
8,	2,	107.0,	10.568,			12.368,			1.424,			0.13
9,	2,	104.0,	11.559,			13.596,			1.039,			0.104
10,	2,	245.0,	13.212,			13.784,			1.325,			0.147
11,	2,	145.0,	13.284,			11.982,			1.239,			0.111
12,	2,	174.0,	13.321,			10.099,			1.175,			0.2
13,	2,	221.0,	14.436,			11.423,			1.42,			0.148
14,	1,	559.0,	14.584,			1.9,			0.284,			0.055
15,	2,	230.0,	14.914,			10.681,			1.193,			0.195
16,	2,	107.0,	15.221,			13.061,			1.211,			0.152
17,	2,	208.0,	15.7,			13.953,			1.28,			0.108
18,	2,	95.0,	17.95,			12.015,			1.461,			0.114
19,	2,	219.0,	18.539,			10.054,			1.321,			0.122
20,	2,	274.0,	18.978,			13.348,			1.022,			0.134
21,	2,	232.0,	19.038,			13.195,			1.456,			0.125
22,	2,	101.0,	20.957,			13.148,			1.015,			0.121
23,	1,	7.0,	23.891,			1.407,			0.173,			0.051
24,	2,	161.0,	24.04,			13.499,			1.46,			0.119
25,	2,	70.0,	25.262,			14.023,			1.322,			0.134
26,	2,	179.0,	26.521,			14.871,			1.204,			0.105
27,	1,	90.0,	31.066,			1.423,			0.195,			0.057
28,	2,	222.0,	33.472,			13.953,			1.481,			0.164
29,	1,	512.0,	33.495,			1.422,			0.237,			0.059
30,	1,	90.0,	33.719,			2.388,			0.193,			0.053
31,	1,	103.0,	33.901,			1.571,			0.187,			0.05
32,	2,	245.0,	34.214,			14.32,			1.431,			0.159
33,	1,	7.0,	34.284,			1.914,			0.194,			0.06
34,	2,	259.0,	34.801,			10.064,			1.409,			0.125
35,	2,	127.0,	36.156,			11.334,			1.333,			0.168
36,	1,	6.0,	36.412,			1.028,			0.228,			0.059
37,	1,	379.0,	36.984,			2.802,			0.161,			0.057
38,	2,	90.0,	37.164,			13.828,			1.326,			0.117
39,	2,	69.0,	38.195,			12.393,			1.389,			0.182
40,	2,	155.0,	39.555,			14.89,			1.477,			0.102
41,	2,	145.0,	39.919,			14.646,			1.32,			0.169
42,	2,	269.0,	41.296,			10.902,			1.308,			0.177
43,	1,	7.0,	41.553,			1.395,			0.198,			0.058
44,	2,	121.0,	41.983,			10.524,			1.351,			0.12
45,	1,	126.0,	42.279,			1.178,			0.275,			0.055
46,	2,	103.0,	44.167,			10.895,			1.07,			0.117
47,	1,	13.0,	44.22,			2.625,			0.253,			0.051
48,	2,	68.0,	45.497,			14.646,			1.075,			0.118
49,	1,	126.0,	46.597,			1.756,			0.266,			0.051
50,	1,	95.0,	46.801,			1.581,			0.236,			0.05
51,	2,	110.0,	46.941,			11.001,			1.064,			0.197
52,	1,	512.0,	47.294,			1.595,			0.131,			0.058
53,	1,	7.0,	47.453,			1.325,			0.255,			0.05
54,	1,	7.0,	47.808,			2.852,			0.146,			0.06
55,	1,	7.0,	48.035,			2.393,			0.157,			0.06
56,	1,	16.0,	48.602,			2.842,			0.201,			0.055
57,	1,	13.0,	50.529,			2.489,			0.126,			0.05
58,	2,	116.0,	51.53,			11.091,			1.401,			0.14
59,	1,	379.0,	51.675,			2.776,			0.109,			0.057
60,	1,	559.0,	52.759,			2.068,			0.17,			0.058
61,	1,	559.0,	52.86,			2.11,			0.12,			0.057
62,	2,	103.0,	53.058,			11.876,			1.493,			0.186
63,	1,	7.0,	54.034,			1.07,			0.284,			0.057
64,	1,	7.0,	55.493,			2.813,			0.179,			0.055
65,	1,	120.0,	56.408,			2.976,			0.249,			0.051
66,	1,	498.0,	57.903,			2.88,			0.286,			0.055
67,	2,	122.0,	58.396,			13.778,			1.011,			0.134
68,	1,	44.0,	58.717,			2.763,			0.29,			0.053
69,	1,	146.0,	61.379,			2.184,			0.235,			0.055
70,	1,	387.0,	61.448,			1.421,			0.176,			0.059
71,	2,	118.0,	61.557,			14.906,			1.416,			0.152
72,	1,	387.0,	61.681,			2.323,			0.183,			0.06
73,	2,	93.0,	61.793,			13.499,			1.413,			0.101
74,	1,	379.0,	62.662,			2.673,			0.28,			0.059
75,	1,	7.0,	62.697,			2.379,			0.172,			0.059
76,	2,	96.0,	62.722,			13.346,			1.166,			0.185
77,	1,	90.0,	62.824,			2.957,			0.103,			0.055
78,	2,	137.0,	63.252,			13.572,			1.117,			0.152
79,	1,	498.0,	65.567,			1.128,			0.135,			0.051
80,	1,	28.0,	66.09,			2.685,			0.259,			0.058
81,	2,	167.0,	67.08,			14.14,			1.015,			0.157
82,	1,	44.0,	67.676,			2.047,			0.107,			0.059
83,	1,	44.0,	68.026,			2.31,			0.25,			0.056
84,	1,	169.0,	68.147,			2.948,			0.195,			0.057
85,	1,	7.0,	68.243,			2.522,			0.22,			0.057
86,	2,	235.0,	68.854,			14.272,			1.284,			0.174
87,	2,	182.0,	68.945,			11.643,			1.44,			0.165
88,	1,	559.0,	69.389,			2.03,			0.237,			0.053
89,	1,	447.0,	70.358,			2.879,			0.106,			0.052
90,	1,	169.0,	70.698,			2.016,			0.287,			0.053
91,	1,	49.0,	71.121,			2.843,			0.158,			0.053
92,	1,	103.0,	71.181,			2.366,			0.17,			0.054
93,	2,	59.0,	71.39,			13.06,			1.379,			0.107
94,	1,	103.0,	71.644,			1.827,			0.255,			0.057
95,	2,	200.0,	71.707,			14.682,			1.084,			0.154
96,	1,	6.0,	72.341,			1.581,			0.246,			0.055
97,	1,	95.0,	72.388,			1.262,			0.231,			0.059
98,	1,	7.0,	72.421,			2.895,			0.176,			0.058
99,	2,	98.0,	72.845,			12.286,			1.47,			0.195
100,	1,	169.0,	72.907,			1.921,			0.209,			0.051
101,	1,	7.0,	73.103,			2.879,			0.176,			0.052
102,	1,	30.0,	73.314,			1.225,			0.231,			0.059
103,	1,	90.0,	73.45,			2.701,			0.151,			0.05
104,	1,	6.0,	74.011,			2.034,			0.203,			0.058
105,	1,	7.0,	74.219,			1.982,			0.138,			0.056
106,	2,	230.0,	74.599,			12.635,			1.016,			0.136
107,	1,	28.0,	74.83,			2.429,			0.17,			0.057
108,	1,	169.0,	74.955,			1.12,			0.191,			0.059
109,	1,	30.0,	74.983,			2.706,			0.251,			0.051
110,	1,	7.0,	76.492,			2.533,			0.27,			0.057
111,	1,	126.0,	76.524,			1.006,			0.173,			0.06
112,	1,	157.0,	76.756,			1.42,			0.137,			0.052
113,	1,	120.0,	77.031,			1.968,			0.14,			0.052
114,	1,	498.0,	77.226,			2.048,			0.22,			0.055
115,	1,	512.0,	77.53,			1.876,			0.231,			0.055
116,	1,	379.0,	77.549,			1.211,			0.208,			0.06
117,	1,	59.0,	78.1,			2.643,			0.223,			0.051
118,	1,	126.0,	78.242,			2.358,			0.143,			0.057
119,	1,	103.0,	78.252,			2.031,			0.163,			0.05
120,	1,	49.0,	78.275,			2.653,			0.228,			0.057
121,	1,	7.0,	79.023,			2.759,			0.161,			0.059
122,	1,	447.0,	79.257,			1.582,			0.107,			0.058
123,	1,	169.0,	79.521,			1.25,			0.265,			0.053
124,	1,	120.0,	79.534,			2.862,			0.237,			0.055
125,	1,	44.0,	79.871,			2.379,			0.147,			0.057
126,	1,	49.0,	79.894,			2.983,			0.293,			0.052
127,	1,	30.0,	79.933,			1.098,			0.111,			0.06
128,	1,	512.0,	80.03,			1.403,			0.139,			0.057
129,	1,	157.0,	81.173,			2.498,			0.137,			0.053
130,	1,	103.0,	82.206,			2.711,			0.283,			0.053
131,	1,	44.0,	82.217,			2.293,			0.108,			0.052
132,	1,	44.0,	82.319,			2.697,			0.288,			0.055
133,	1,	95.0,	82.666,			2.588,			0.134,			0.051
134,	1,	120.0,	82.833,			2.407,			0.103,			0.056
135,	1,	120.0,	83.463,			1.473,			0.215,			0.053
136,	1,	7.0,	83.816,			2.943,			0.157,			0.058
137,	1,	59.0,	84.312,			2.598,			0.106,			0.055
138,	1,	498.0,	84.405,			2.872,			0.244,			0.06
139,	1,	126.0,	84.418,			1.841,			0.29,			0.053
140,	1,	44.0,	84.661,			1.148,			0.287,			0.057
141,	1,	28.0,	84.718,			2.303,			0.215,			0.056
142,	1,	13.0,	84.799,			2.226,			0.212,			0.055
143,	2,	106.0,	85.289,			12.351,			1.238,			0.166
144,	1,	44.0,	85.307,			1.111,			0.109,			0.057
145,	1,	447.0,	85.412,			1.643,			0.125,			0.057
146,	2,	214.0,	85.688,			11.437,			1.376,			0.198
147,	1,	120.0,	86.159,			1.485,			0.295,			0.057
148,	1,	13.0,	86.583,			1.631,			0.296,			0.057
149,	1,	13.0,	86.636,			2.013,			0.212,			0.055
150,	2,	56.0,	86.905,			11.696,			1.321,			0.176
151,	2,	209.0,	87.746,			13.615,			1.45,			0.123
152,	1,	126.0,	87.842,			2.866,			0.183,			0.052
153,	1,	157.0,	87.874,			1.821,			0.244,			0.057
154,	1,	95.0,	88.276,			1.489,			0.151,			0.052
155,	1,	379.0,	88.407,			1.733,			0.254,			0.06
156,	1,	387.0,	88.548,			1.283,			0.298,			0.052
157,	1,	44.0,	89.397,			2.78,			0.102,			0.056
158,	1,	7.0,	89.409,			2.928,			0.162,			0.054
159,	1,	10.0,	89.623,			2.279,			0.216,			0.055
160,	1,	387.0,	89.751,			2.43,			0.21,			0.051
161,	1,	512.0,	89.753,			2.638,			0.162,			0.051
162,	1,	16.0,	90.006,			1.024,			0.293,			0.058
163,	1,	157.0,	90.245,			2.625,			0.198,			0.051
164,	1,	30.0,	90.428,			1.728,			0.1,			0.051
165,	1,	447.0,	90.434,			1.009,			0.18,			0.054
166,	2,	214.0,	90.806,			13.894,			1.25,			0.195
167,	1,	559.0,	90.951,			2.984,			0.231,			0.06
168,	1,	95.0,	91.275,			1.985,			0.193,			0.06
169,	1,	126.0,	91.348,			2.288,			0.159,			0.056
170,	1,	16.0,	91.559,			2.014,			0.221,			0.052
171,	1,	120.0,	91.669,			1.505,			0.134,			0.054
172,	2,	119.0,	92.244,			12.741,			1.027,			0.157
173,	1,	7.0,	92.609,			1.968,			0.154,			0.06
174,	1,	559.0,	92.669,			1.625,			0.2,			0.053
175,	1,	498.0,	92.772,			1.56,			0.233,			0.055
176,	1,	90.0,	93.278,			2.498,			0.136,			0.058
177,	1,	16.0,	93.356,			2.317,			0.184,			0.059
178,	1,	498.0,	93.491,			2.705,			0.215,			0.058
179,	1,	120.0,	93.917,			1.146,			0.236,			0.051
180,	2,	131.0,	94.129,			12.789,			1.477,			0.144
181,	1,	95.0,	94.151,			2.299,			0.158,			0.057
182,	1,	7.0,	94.268,			1.158,			0.17,			0.055
183,	1,	44.0,	94.323,			1.432,			0.195,			0.051
184,	2,	182.0,	94.759,			13.894,			1.34,			0.119
185,	1,	28.0,	94.917,			2.366,			0.175,			0.058
186,	1,	49.0,	94.931,			1.59,			0.206,			0.059
187,	1,	169.0,	95.014,			1.732,			0.106,			0.059
188,	1,	10.0,	95.92,			1.386,			0.297,			0.057
189,	1,	447.0,	95.975,			1.019,			0.294,			0.052
190,	1,	16.0,	95.999,			1.05,			0.19,			0.055
191,	2,	135.0,	96.093,			14.023,			1.437,			0.176
192,	2,	107.0,	96.096,			12.54,			1.268,			0.18
193,	1,	90.0,	96.784,			1.431,			0.15,			0.054
194,	1,	214.0,	97.107,			1.494,			0.129,			0.056
195,	1,	126.0,	97.222,			2.999,			0.164,			0.054
196,	1,	7.0,	97.489,			2.549,			0.162,			0.053
197,	1,	146.0,	97.529,			1.853,			0.283,			0.053
198,	1,	13.0,	97.766,			1.698,			0.114,			0.053
199,	1,	49.0,	97.84,			1.537,			0.182,			0.052
200,	1,	16.0,	98.557,			1.471,			0.255,			0.054
201,	1,	387.0,	98.656,			1.582,			0.171,			0.054
202,	1,	387.0,	98.781,			2.429,			0.257,			0.056
203,	1,	49.0,	99.03,			2.52,			0.147,			0.055
204,	1,	379.0,	99.135,			2.398,			0.194,			0.058
205,	1,	214.0,	99.157,			1.382,			0.256,			0.054
206,	1,	7.0,	99.227,			2.457,			0.133,			0.052
207,	1,	7.0,	99.329,			1.495,			0.111,			0.051
208,	1,	512.0,	99.444,			2.438,			0.272,			0.055
209,	1,	49.0,	99.653,			1.982,			0.253,			0.053
210,	1,	10.0,	99.937,			2.487,			0.238,			0.055
211,	1,	30.0,	100.355,			1.097,			0.146,			0.056
212,	1,	379.0,	100.479,			2.956,			0.286,			0.054
213,	1,	44.0,	100.734,			1.566,			0.161,			0.051
214,	1,	49.0,	100.983,			1.27,			0.107,			0.054
215,	1,	126.0,	101.213,			2.576,			0.226,			0.05
216,	2,	169.0,	102.616,			12.064,			1.003,			0.125
217,	1,	28.0,	102.67,			1.655,			0.186,			0.055
218,	1,	28.0,	102.806,			2.366,			0.108,			0.057
219,	1,	512.0,	103.141,			2.553,			0.244,			0.055
220,	1,	7.0,	103.308,			1.313,			0.222,			0.057
221,	1,	44.0,	103.72,			2.872,			0.158,			0.053
222,	1,	512.0,	104.098,			2.252,			0.151,			0.057
223,	2,	104.0,	104.223,			13.92,			1.492,			0.174
224,	1,	49.0,	104.62,			2.5,			0.216,			0.057
225,	1,	146.0,	104.838,			2.864,			0.168,			0.054
226,	2,	176.0,	104.994,			14.283,			1.27,			0.14
227,	1,	44.0,	105.091,			1.966,			0.23,			0.06
228,	1,	59.0,	105.322,			1.086,			0.149,			0.056
229,	2,	140.0,	105.498,			14.204,			1.261,			0.157
230,	1,	512.0,	105.518,			2.885,			0.124,			0.051
231,	1,	49.0,	105.655,			1.645,			0.156,			0.052
232,	2,	122.0,	105.674,			14.393,			1.021,			0.131
233,	1,	103.0,	105.78,			2.36,			0.293,			0.059
234,	1,	10.0,	106.167,			2.489,			0.184,			0.056
235,	1,	44.0,	106.291,			1.985,			0.214,			0.053
236,	1,	95.0,	106.354,			2.991,			0.195,			0.051
237,	2,	178.0,	106.566,			14.135,			1.34,			0.101
238,	1,	120.0,	106.634,			2.588,			0.275,			0.057
239,	1,	169.0,	107.068,			1.861,			0.182,			0.056
240,	1,	28.0,	107.228,			2.127,			0.133,			0.052
241,	1,	512.0,	107.324,			1.263,			0.133,			0.058
242,	1,	214.0,	107.422,			1.442,			0.255,			0.054
243,	1,	6.0,	107.634,			1.707,			0.277,			0.055
244,	1,	28.0,	107.792,			1.483,			0.25,			0.05
245,	1,	6.0,	107.825,			2.346,			0.289,			0.055
246,	2,	90.0,	107.964,			12.463,			1.429,			0.154
247,	1,	146.0,	108.04,			1.591,			0.224,			0.058
248,	1,	512.0,	108.229,			1.107,			0.174,			0.052
249,	2,	355.0,	108.435,			11.557,			1.362,			0.134
250,	1,	169.0,	108.564,			2.342,			0.266,			0.056
251,	1,	10.0,	109.028,			2.144,			0.141,			0.058
252,	1,	214.0,	109.145,			2.187,			0.174,			0.057
253,	1,	10.0,	109.342,			2.296,			0.2,			0.051
254,	2,	238.0,	109.47,			13.086,			1.058,			0.105
255,	1,	28.0,	109.649,			1.657,			0.223,			0.05
256,	1,	28.0,	109.726,			1.494,			0.147,			0.058
257,	1,	379.0,	109.972,			1.437,			0.281,			0.055
258,	1,	44.0,	110.415,			2.9,			0.282,			0.06
259,	1,	379.0,	110.422,			1.848,			0.299,			0.058
260,	1,	146.0,	110.482,			1.868,			0.114,			0.056
261,	2,	172.0,	110.562,			12.821,			1.222,			0.176
262,	1,	169.0,	110.761,			2.622,			0.236,			0.054
263,	1,	13.0,	110.848,			1.128,			0.267,			0.053
264,	1,	6.0,	111.226,			2.366,			0.233,			0.059
265,	1,	512.0,	111.488,			2.26,			0.125,			0.055
266,	2,	244.0,	111.589,			11.263,			1.375,			0.171
267,	1,	59.0,	111.602,			2.282,			0.277,			0.058
268,	2,	122.0,	112.31,			13.372,			1.191,			0.127
269,	1,	387.0,	112.415,			2.199,			0.243,			0.055
270,	1,	387.0,	112.747,			1.164,			0.211,			0.053
271,	1,	157.0,	113.042,			1.833,			0.239,			0.055
272,	2,	119.0,	113.044,			10.42,			1.44,			0.131
273,	1,	49.0,	113.192,			2.973,			0.228,			0.054
274,	1,	7.0,	113.429,			1.719,			0.135,			0.055
275,	1,	28.0,	113.575,			1.322,			0.149,			0.059
276,	1,	59.0,	113.709,			2.827,			0.277,			0.06
277,	1,	7.0,	113.763,			2.932,			0.275,			0.059
278,	1,	13.0,	114.077,			1.211,			0.152,			0.056
279,	1,	44.0,	114.093,			2.852,			0.156,			0.059
280,	1,	512.0,	114.13,			1.756,			0.212,			0.051
281,	1,	379.0,	114.276,			1.076,			0.254,			0.051
282,	1,	7.0,	114.414,			2.149,			0.235,			0.056
283,	1,	387.0,	114.594,			2.986,			0.217,			0.051
284,	1,	169.0,	114.6,			1.486,			0.212,			0.06
285,	1,	447.0,	114.626,			1.157,			0.124,			0.056
286,	1,	10.0,	114.846,			1.078,			0.106,			0.052
287,	1,	7.0,	114.898,			1.909,			0.19,			0.056
288,	1,	559.0,	115.41,			2.834,			0.238,			0.05
289,	1,	214.0,	115.603,			1.75,			0.275,			0.057
290,	2,	89.0,	115.694,			11.864,			1.361,			0.186
291,	1,	559.0,	115.715,			1.009,			0.221,			0.053
292,	1,	95.0,	115.73,			1.841,			0.173,			0.053
293,	1,	126.0,	116.028,			2.088,			0.266,			0.059
294,	1,	7.0,	116.361,			2.318,			0.25,			0.051
295,	1,	387.0,	116.453,			1.382,			0.205,			0.05
296,	1,	6.0,	116.627,			1.624,			0.292,			0.058
297,	1,	126.0,	116.723,			1.277,			0.28,			0.06
298,	1,	103.0,	116.747,			1.515,			0.267,			0.05
299,	1,	120.0,	116.997,			1.443,			0.182,			0.057
300,	1,	512.0,	117.252,			2.703,			0.135,			0.059
301,	2,	203.0,	117.279,			11.872,			1.012,			0.141
302,	1,	126.0,	117.378,			1.425,			0.284,			0.058
303,	1,	379.0,	117.524,			1.86,			0.27,			0.053
304,	1,	16.0,	117.613,			1.698,			0.217,			0.059
305,	1,	7.0,	117.851,			1.969,			0.16,			0.06
306,	1,	379.0,	117.911,			1.702,			0.28,			0.051
307,	1,	512.0,	117.951,			1.911,			0.289,			0.06
308,	1,	146.0,	118.246,			1.643,			0.172,			0.058
309,	1,	28.0,	118.291,			1.835,			0.103,			0.053
310,	1,	59.0,	118.358,			2.819,			0.222,			0.051
311,	1,	44.0,	118.487,			1.009,			0.182,			0.055
312,	1,	10.0,	118.814,			1.784,			0.267,			0.056
313,	1,	498.0,	118.888,			2.323,			0.133,			0.057
314,	1,	379.0,	119.309,			1.663,			0.119,			0.053
315,	1,	447.0,	119.347,			1.445,			0.255,			0.06
316,	1,	447.0,	119.413,			2.661,			0.277,			0.06
317,	1,	379.0,	119.457,			2.326,			0.209,			0.054
318,	1,	447.0,	119.605,			2.18,			0.249,			0.055
319,	1,	7.0,	119.842,			1.715,			0.2,			0.057
320,	1,	157.0,	120.128,			2.637,			0.161,			0.059
321,	2,	197.0,	120.163,			11.685,			1.046,			0.131
322,	1,	7.0,	120.209,			1.927,			0.251,			0.055
323,	1,	7.0,	120.39,			2.424,			0.252,			0.059
324,	1,	59.0,	120.459,			1.014,			0.162,			0.052
325,	1,	90.0,	120.63,			1.121,			0.19,			0.05
326,	1,	214.0,	120.754,			1.683,			0.103,			0.059
327,	1,	49.0,	120.796,			1.566,			0.21,			0.052
328,	1,	49.0,	120.825,			1.548,			0.177,			0.053
329,	1,	7.0,	121.002,			1.553,			0.152,			0.056
330,	1,	447.0,	121.191,			1.768,			0.298,			0.052
331,	1,	13.0,	121.292,			1.776,			0.199,			0.057
332,	2,	88.0,	121.494,			12.154,			1.064,			0.167
333,	1,	44.0,	121.537,			2.167,			0.151,			0.057
334,	1,	13.0,	121.981,			2.947,			0.263,			0.051
335,	1,	146.0,	122.188,			2.465,			0.185,			0.054
336,	2,	258.0,	122.478,			12.973,			1.203,			0.173
337,	1,	103.0,	122.521,			1.578,			0.241,			0.057
338,	1,	13.0,	122.842,			2.425,			0.222,			0.054
339,	1,	95.0,	123.04,			1.716,			0.161,			0.059
340,	2,	131.0,	123.057,			12.127,			1.012,			0.12
341,	2,	115.0,	123.257,			11.591,			1.161,			0.133
342,	2,	306.0,	123.498,			10.177,			1.463,			0.171
343,	1,	59.0,	123.646,			1.756,			0.14,			0.058
344,	1,	146.0,	123.955,			1.757,			0.244,			0.052
345,	1,	7.0,	123.986,			1.406,			0.169,			0.051
346,	1,	6.0,	124.185,			2.349,			0.284,			0.059
347,	1,	7.0,	124.211,			2.888,			0.171,			0.06
348,	1,	126.0,	124.471,			1.112,			0.23,			0.057
349,	1,	59.0,	124.681,			1.62,			0.17,			0.06
350,	1,	103.0,	125.213,			1.61,			0.259,			0.056
351,	1,	44.0,	125.639,			1.523,			0.19,			0.058
352,	1,	169.0,	126.173,			1.605,			0.197,			0.058
353,	1,	49.0,	126.259,			1.317,			0.187,			0.055
354,	1,	95.0,	126.584,			2.947,			0.221,			0.058
355,	1,	387.0,	127.108,			1.112,			0.211,			0.058
356,	2,	127.0,	127.178,			13.854,			1.282,			0.142
357,	1,	44.0,	127.504,			1.607,			0.212,			0.057
358,	1,	126.0,	127.611,			2.78,			0.248,			0.052
359,	1,	90.0,	127.651,			2.91,			0.151,			0.054
360,	1,	95.0,	127.7,			1.23,			0.131,			0.05
361,	1,	379.0,	127.935,			1.968,			0.238,			0.06
362,	1,	447.0,	128.016,			2.857,			0.204,			0.051
363,	1,	214.0,	128.021,			2.985,			0.233,			0.051
364,	2,	203.0,	128.199,			10.782,			1.4,			0.101
365,	1,	146.0,	128.62,			2.559,			0.194,			0.052
366,	1,	30.0,	128.823,			1.575,			0.228,			0.052
367,	1,	95.0,	129.03,			1.537,			0.245,			0.059
368,	1,	44.0,	129.206,			2.055,			0.251,			0.052
369,	1,	447.0,	129.235,			2.33,			0.173,			0.059
370,	1,	59.0,	129.39,			2.751,			0.187,			0.059
371,	1,	59.0,	129.497,			1.985,			0.16,			0.05
372,	1,	512.0,	129.534,			1.252,			0.212,			0.053
373,	1,	59.0,	129.552,			1.651,			0.268,			0.052
374,	1,	498.0,	129.587,			1.911,			0.135,			0.057
375,	1,	30.0,	129.836,			2.621,			0.187,			0.057
376,	1,	146.0,	129.877,			2.418,			0.12,			0.053
377,	1,	10.0,	129.902,			1.148,			0.239,			0.053
378,	1,	7.0,	130.041,			2.522,			0.116,			0.052
379,	1,	6.0,	130.051,			1.654,			0.172,			0.051
380,	1,	16.0,	130.115,			1.605,			0.26,			0.059
381,	2,	178.0,	130.121,			11.186,			1.211,			0.173
382,	1,	387.0,	130.499,			2.847,			0.257,			0.057
383,	1,	169.0,	130.676,			2.991,			0.102,			0.054
384,	1,	7.0,	130.905,			2.148,			0.113,			0.052
385,	2,	130.0,	131.038,			11.3,			1.499,			0.127
386,	1,	512.0,	131.248,			2.323,			0.186,			0.053
387,	1,	49.0,	131.577,			2.176,			0.175,			0.058
388,	1,	559.0,	131.584,			1.682,			0.147,			0.055
389,	1,	379.0,	131.64,			2.555,			0.206,			0.052
390,	1,	146.0,	131.745,			2.487,			0.101,			0.051
391,	1,	387.0,	131.826,			1.217,			0.212,			0.06
392,	1,	379.0,	131.937,			1.774,			0.177,			0.051
393,	1,	447.0,	132.047,			1.22,			0.157,			0.052
394,	1,	44.0,	132.274,			1.998,			0.214,			0.057
395,	1,	6.0,	132.324,			2.673,			0.292,			0.053
396,	1,	146.0,	132.599,			2.0,			0.281,			0.058
397,	1,	498.0,	132.622,			1.838,			0.208,			0.057
398,	1,	95.0,	132.635,			1.914,			0.278,			0.06
399,	1,	387.0,	132.685,			1.455,			0.226,			0.051
400,	1,	90.0,	132.767,			1.769,			0.124,			0.055
401,	1,	90.0,	132.796,			1.876,			0.188,			0.051
402,	1,	103.0,	132.836,			1.524,			0.284,			0.051
403,	1,	146.0,	132.943,			1.484,			0.176,			0.056
404,	1,	90.0,	133.186,			1.448,			0.259,			0.06
405,	1,	16.0,	133.392,			1.587,			0.214,			0.055
406,	1,	103.0,	133.503,			2.618,			0.124,			0.05
407,	1,	16.0,	133.7,			1.928,			0.231,			0.054
408,	1,	7.0,	133.886,			2.794,			0.234,			0.059
409,	1,	6.0,	134.157,			1.483,			0.13,			0.059
410,	1,	95.0,	134.271,			1.491,			0.247,			0.051
411,	1,	7.0,	134.568,			2.772,			0.29,			0.06
412,	1,	28.0,	134.708,			2.265,			0.189,			0.056
413,	1,	44.0,	135.026,			2.903,			0.201,			0.055
414,	1,	214.0,	135.164,			2.532,			0.19,			0.051
415,	1,	95.0,	135.391,			2.489,			0.194,			0.056
416,	1,	103.0,	135.514,			2.31,			0.284,			0.052
417,	1,	10.0,	135.73,			2.844,			0.209,			0.058
418,	1,	7.0,	135.831,			1.581,			0.14,			0.059
419,	1,	7.0,	135.968,			1.601,			0.192,			0.058
420,	1,	30.0,	135.973,			2.031,			0.145,			0.053
421,	1,	90.0,	136.137,			2.652,			0.15,			0.052
422,	1,	103.0,	136.157,			1.116,			0.244,			0.058
423,	1,	169.0,	136.449,			2.461,			0.211,			0.057
424,	1,	146.0,	136.51,			1.609,			0.195,			0.058
425,	1,	387.0,	136.627,			1.982,			0.28,			0.055
426,	1,	120.0,	136.654,			2.799,			0.227,			0.058
427,	2,	164.0,	136.7,			10.627,			1.359,			0.145
428,	1,	7.0,	137.147,			2.645,			0.162,			0.058
429,	1,	379.0,	137.274,			2.446,			0.197,			0.053
430,	1,	6.0,	137.302,			1.639,			0.175,			0.055
431,	1,	512.0,	137.533,			2.787,			0.29,			0.056
432,	1,	512.0,	138.046,			2.055,			0.162,			0.06
433,	1,	7.0,	138.059,			2.173,			0.155,			0.055
434,	1,	103.0,	138.165,			1.019,			0.22,			0.053
435,	1,	90.0,	138.219,			2.819,			0.228,			0.05
436,	1,	512.0,	138.477,			2.8,			0.133,			0.051
437,	1,	90.0,	138.557,			1.531,			0.146,			0.05
438,	1,	214.0,	138.74,			2.865,			0.28,			0.053
439,	1,	169.0,	138.947,			1.985,			0.16,			0.055
440,	1,	559.0,	139.096,			2.799,			0.168,			0.053
441,	2,	153.0,	139.197,			12.576,			1.168,			0.165
442,	1,	7.0,	139.198,			2.429,			0.298,			0.06
443,	1,	126.0,	139.321,			2.776,			0.187,			0.058
444,	1,	28.0,	139.398,			1.701,			0.215,			0.052
445,	1,	10.0,	139.498,			1.028,			0.254,			0.054
446,	1,	157.0,	139.85,			2.984,			0.156,			0.06
447,	1,	214.0,	139.875,			2.284,			0.179,			0.052
448,	1,	10.0,	139.898,			1.848,			0.228,			0.058
449,	1,	103.0,	140.121,			1.145,			0.136,			0.055
450,	1,	6.0,	140.145,			2.084,			0.195,			0.056
451,	1,	379.0,	140.314,			1.988,			0.221,			0.058
452,	1,	10.0,	140.502,			1.402,			0.212,			0.056
453,	1,	7.0,	140.787,			2.974,			0.249,			0.058
454,	1,	44.0,	140.873,			2.932,			0.192,			0.052
455,	1,	7.0,	140.88,			2.852,			0.159,			0.053
456,	1,	214.0,	141.084,			2.969,			0.103,			0.059
457,	1,	157.0,	141.125,			2.555,			0.15,			0.06
458,	1,	7.0,	141.422,			1.366,			0.182,			0.059
459,	2,	120.0,	141.425,			14.277,			1.081,			0.169
460,	1,	559.0,	141.486,			1.382,			0.134,			0.055
461,	1,	447.0,	141.519,			2.776,			0.258,			0.06
462,	1,	10.0,	141.62,			1.008,			0.249,			0.057
463,	1,	559.0,	141.847,			1.659,			0.133,			0.053
464,	1,	498.0,	141.905,			1.46,			0.214,			0.053
465,	1,	16.0,	142.202,			1.249,			0.12,			0.058
466,	1,	7.0,	142.352,			2.695,			0.165,			0.056
467,	1,	126.0,	142.365,			2.176,			0.263,			0.05
468,	1,	103.0,	142.616,			1.025,			0.219,			0.057
469,	1,	214.0,	142.712,			2.702,			0.276,			0.051
470,	1,	379.0,	142.917,			1.448,			0.206,			0.057
471,	1,	387.0,	143.036,			1.612,			0.167,			0.057
472,	1,	120.0,	143.169,			1.394,			0.295,			0.057
473,	1,	7.0,	143.187,			2.879,			0.185,			0.059
474,	1,	16.0,	143.204,			1.715,			0.225,			0.059
475,	2,	158.0,	143.205,			14.889,			1.365,			0.105
476,	1,	59.0,	143.236,			1.589,			0.195,			0.056
477,	1,	120.0,	143.3,			2.104,			0.29,			0.057
478,	1,	7.0,	143.317,			1.204,			0.222,			0.06
479,	1,	90.0,	143.408,			2.695,			0.2,			0.052
480,	1,	7.0,	143.571,			1.509,			0.17,			0.053
481,	1,	13.0,	143.847,			2.596,			0.15,			0.056
482,	1,	49.0,	143.957,			2.795,			0.134,			0.054
483,	1,	13.0,	144.227,			2.9,			0.153,			0.054
484,	1,	13.0,	144.354,			1.532,			0.254,			0.05
485,	1,	103.0,	144.537,			2.379,			0.283,			0.054
486,	1,	7.0,	144.957,			1.293,			0.151,			0.06
487,	1,	90.0,	145.441,			1.692,			0.164,			0.057
488,	1,	387.0,	145.457,			2.36,			0.284,			0.056
489,	1,	146.0,	145.461,			2.114,			0.174,			0.052
490,	2,	166.0,	145.641,			10.742,			1.187,			0.2
491,	1,	103.0,	146.117,			1.283,			0.198,			0.06
492,	1,	90.0,	146.662,			1.766,			0.1,			0.054
493,	1,	44.0,	146.765,			2.56,			0.293,			0.058
494,	1,	103.0,	146.922,			2.219,			0.221,			0.058
495,	1,	7.0,	147.182,			2.446,			0.121,			0.053
496,	1,	157.0,	147.24,			1.848,			0.256,			0.056
497,	1,	6.0,	147.559,			1.728,			0.147,			0.059
498,	2,	103.0,	147.622,			12.411,			1.422,			0.177
499,	1,	146.0,	147.657,			2.571,			0.173,			0.055
500,	1,	120.0,	148.026,			1.748,			0.202,			0.056
501,	1,	59.0,	148.105,			2.407,			0.288,			0.059
502,	1,	447.0,	148.482,			1.522,			0.209,			0.055
503,	1,	13.0,	148.599,			2.09,			0.215,			0.06
504,	1,	103.0,	148.78,			2.675,			0.275,			0.054
505,	2,	166.0,	149.043,			13.816,			1.149,			0.182
506,	1,	387.0,	149.088,			1.383,			0.154,			0.055
507,	1,	498.0,	149.263,			2.711,			0.108,			0.057
508,	1,	6.0,	149.337,			2.424,			0.177,			0.058
509,	1,	59.0,	149.374,			1.756,			0.297,			0.056
510,	1,	30.0,	149.684,			2.681,			0.275,			0.057
511,	1,	49.0,	149.773,			1.047,			0.139,			0.057
512,	1,	44.0,	149.975,			1.59,			0.231,			0.056
513,	1,	169.0,	150.202,			2.678,			0.106,			0.054
514,	1,	379.0,	150.271,			2.446,			0.176,			0.056
515,	1,	214.0,	150.827,			2.759,			0.161,			0.058
516,	1,	16.0,	151.127,			1.044,			0.112,			0.055
517,	1,	90.0,	151.164,			1.071,			0.135,			0.057
518,	1,	169.0,	151.38,			1.581,			0.186,			0.051
519,	1,	387.0,	151.433,			2.425,			0.139,			0.057
520,	1,	103.0,	151.459,			1.553,			0.235,			0.054
521,	1,	90.0,	151.595,			2.832,			0.168,			0.057
522,	1,	379.0,	151.682,			2.038,			0.206,			0.055
523,	1,	7.0,	151.713,			2.222,			0.167,			0.06
524,	1,	379.0,	151.722,			2.322,			0.271,			0.054
525,	1,	387.0,	151.725,			1.158,			0.212,			0.054
526,	2,	182.0,	151.876,			12.445,			1.059,			0.122
527,	1,	6.0,	151.958,			2.096,			0.226,			0.059
528,	1,	95.0,	152.163,			1.489,			0.283,			0.051
529,	1,	7.0,	152.46,			2.673,			0.2,			0.06
530,	2,	201.0,	152.659,			11.994,			1.3,			0.101
531,	1,	95.0,	153.095,			2.154,			0.116,			0.051
532,	1,	146.0,	153.108,			1.098,			0.183,			0.059
533,	1,	7.0,	153.604,			1.757,			0.178,			0.059
534,	1,	95.0,	153.928,			2.282,			0.19,			0.053
535,	1,	447.0,	154.082,			2.798,			0.162,			0.057
536,	1,	10.0,	154.334,			1.353,			0.103,			0.059
537,	1,	7.0,	154.357,			1.981,			0.2,			0.057
538,	1,	28.0,	154.662,			1.838,			0.222,			0.06
539,	1,	559.0,	154.834,			1.561,			0.26,			0.052
540,	1,	7.0,	155.766,			2.974,			0.161,			0.05
541,	1,	13.0,	155.816,			1.134,			0.147,			0.056
542,	1,	59.0,	155.964,			1.225,			0.184,			0.059
543,	1,	120.0,	156.356,			1.158,			0.136,			0.06
544,	1,	7.0,	156.385,			1.367,			0.297,			0.055
545,	1,	30.0,	156.501,			2.686,			0.199,			0.057
546,	1,	59.0,	156.507,			1.886,			0.142,			0.057
547,	1,	59.0,	156.585,			2.852,			0.164,			0.059
548,	1,	30.0,	156.686,			2.939,			0.259,			0.055
549,	1,	379.0,	156.852,			2.148,			0.134,			0.05
550,	1,	44.0,	156.952,			2.765,			0.106,			0.054
551,	1,	7.0,	156.984,			2.384,			0.146,			0.055
552,	1,	169.0,	157.224,			1.927,			0.134,			0.059
553,	1,	120.0,	157.355,			1.861,			0.116,			0.053
554,	1,	59.0,	157.356,			2.571,			0.222,			0.05
555,	1,	157.0,	157.465,			2.034,			0.255,			0.058
556,	1,	120.0,	157.615,			1.679,			0.147,			0.057
557,	1,	6.0,	158.082,			2.226,			0.233,			0.057
558,	1,	157.0,	158.275,			1.681,			0.229,			0.057
559,	1,	6.0,	158.284,			1.116,			0.277,			0.054
560,	1,	559.0,	158.332,			1.624,			0.127,			0.054
561,	2,	141.0,	158.366,			13.101,			1.01,			0.12
562,	1,	214.0,	158.56,			1.719,			0.292,			0.06
563,	1,	169.0,	159.043,			1.188,			0.276,			0.051
564,	2,	160.0,	159.091,			10.717,			1.301,			0.116
565,	1,	6.0,	159.173,			1.921,			0.107,			0.055
566,	1,	6.0,	159.221,			1.828,			0.118,			0.055
567,	1,	120.0,	159.258,			2.153,			0.217,			0.059
568,	1,	59.0,	159.659,			2.424,			0.294,			0.059
569,	1,	447.0,	159.726,			1.962,			0.277,			0.059
570,	1,	7.0,	159.803,			1.302,			0.197,			0.056
571,	1,	379.0,	159.877,			1.756,			0.225,			0.055
572,	1,	44.0,	160.116,			2.685,			0.182,			0.056
573,	1,	30.0,	160.196,			1.523,			0.182,			0.057
574,	1,	6.0,	160.288,			1.434,			0.291,			0.06
575,	1,	7.0,	160.341,			1.23,			0.154,			0.056
576,	1,	214.0,	160.869,			1.756,			0.23,			0.052
577,	1,	146.0,	161.004,			1.766,			0.177,			0.058
578,	1,	447.0,	161.267,			1.679,			0.202,			0.059
579,	1,	13.0,	161.309,			2.542,			0.194,			0.051
580,	2,	94.0,	161.53,			13.228,			1.054,			0.104
581,	1,	103.0,	161.562,			1.477,			0.215,			0.055
582,	1,	7.0,	161.73,			1.483,			0.214,			0.052
583,	1,	28.0,	161.887,			2.28,			0.299,			0.06
584,	1,	7.0,	162.421,			1.485,			0.167,			0.056
585,	1,	559.0,	162.422,			1.434,			0.159,			0.055
586,	1,	6.0,	162.531,			1.99,			0.189,			0.056
587,	1,	169.0,	163.161,			2.936,			0.278,			0.051
588,	1,	44.0,	163.224,			1.843,			0.151,			0.051
589,	1,	30.0,	163.233,			2.757,			0.251,			0.051
590,	1,	512.0,	163.314,			2.279,			0.275,			0.054
591,	1,	49.0,	163.493,			2.681,			0.228,			0.052
592,	1,	7.0,	163.582,			2.795,			0.205,			0.06
593,	2,	137.0,	163.856,			14.604,			1.278,			0.161
594,	1,	7.0,	163.991,			2.288,			0.28,			0.056
595,	1,	559.0,	164.049,			1.249,			0.178,			0.056
596,	1,	387.0,	164.051,			1.719,			0.224,			0.053
597,	1,	157.0,	164.098,			1.799,			0.254,			0.051
598,	1,	6.0,	164.212,			1.211,			0.175,			0.057
599,	1,	28.0,	164.264,			2.598,			0.21,			0.058
600,	1,	126.0,	164.359,			2.756,			0.166,			0.05
601,	2,	244.0,	164.462,			11.239,			1.278,			0.147
602,	1,	379.0,	164.493,			1.491,			0.224,			0.055
603,	1,	10.0,	164.583,			2.298,			0.292,			0.055
604,	1,	169.0,	164.682,			1.717,			0.1,			0.056
605,	1,	498.0,	164.697,			1.478,			0.245,			0.057
606,	1,	59.0,	164.765,			1.657,			0.112,			0.052
607,	1,	49.0,	164.93,			1.111,			0.253,			0.057
608,	1,	13.0,	164.967,			1.869,			0.259,			0.053
609,	1,	44.0,	165.179,			2.181,			0.268,			0.052
610,	1,	28.0,	165.199,			2.08,			0.177,			0.058
611,	1,	498.0,	165.379,			2.533,			0.169,			0.057
612,	1,	95.0,	165.835,			2.702,			0.29,			0.053
613,	1,	214.0,	165.859,			1.557,			0.215,			0.06
614,	1,	126.0,	166.021,			2.056,			0.133,			0.05
615,	1,	387.0,	166.209,			1.358,			0.104,			0.053
616,	2,	146.0,	166.367,			10.56,			1.202,			0.112
617,	1,	169.0,	166.496,			1.166,			0.13,			0.053
618,	1,	447.0,	166.544,			1.277,			0.2,			0.053
619,	1,	387.0,	166.576,			2.144,			0.238,			0.053
620,	1,	90.0,	167.034,			1.706,			0.216,			0.05
621,	1,	90.0,	167.058,			2.874,			0.124,			0.054
622,	1,	10.0,	167.379,			1.247,			0.173,			0.053
623,	1,	28.0,	167.603,			1.799,			0.195,			0.05
624,	1,	512.0,	167.673,			2.479,			0.217,			0.053
625,	1,	7.0,	168.519,			1.287,			0.139,			0.06
626,	1,	44.0,	168.58,			2.991,			0.212,			0.057
627,	1,	90.0,	168.772,			1.076,			0.146,			0.056
628,	1,	157.0,	168.811,			2.084,			0.198,			0.054
629,	1,	44.0,	168.885,			1.007,			0.161,			0.053
630,	1,	49.0,	168.918,			2.695,			0.174,			0.055
631,	1,	498.0,	169.084,			1.104,			0.236,			0.056
632,	2,	271.0,	169.147,			13.828,			1.0,			0.109
633,	1,	28.0,	169.256,			2.652,			0.193,			0.056
634,	1,	13.0,	169.311,			2.386,			0.19,			0.057
635,	2,	149.0,	169.677,			13.288,			1.288,			0.102
636,	1,	214.0,	169.692,			1.531,			0.277,			0.056
637,	1,	6.0,	169.778,			1.289,			0.218,			0.057
638,	1,	16.0,	169.809,			1.609,			0.156,			0.052
639,	1,	49.0,	170.044,			2.795,			0.108,			0.059
640,	2,	180.0,	170.118,			11.756,			1.104,			0.105
641,	1,	379.0,	170.228,			2.91,			0.165,			0.054
642,	1,	512.0,	170.611,			1.591,			0.293,			0.056
643,	1,	7.0,	170.986,			1.358,			0.158,			0.051
644,	1,	44.0,	171.032,			2.554,			0.206,			0.051
645,	1,	95.0,	171.122,			1.031,			0.174,			0.056
646,	1,	30.0,	171.375,			1.843,			0.214,			0.055
647,	1,	126.0,	171.492,			1.145,			0.145,			0.054
648,	1,	214.0,	171.866,			1.35,			0.21,			0.052
649,	1,	10.0,	171.974,			1.613,			0.16,			0.055
650,	1,	387.0,	172.177,			2.703,			0.281,			0.057
651,	2,	319.0,	172.284,			10.659,			1.473,			0.107
652,	2,	149.0,	172.286,			13.034,			1.062,			0.122
653,	1,	49.0,	172.303,			2.661,			0.149,			0.052
654,	1,	447.0,	172.382,			1.296,			0.177,			0.056
655,	1,	447.0,	172.839,			2.323,			0.165,			0.055
656,	1,	157.0,	172.964,			1.605,			0.29,			0.054
657,	1,	28.0,	173.361,			1.969,			0.225,			0.054
658,	1,	7.0,	173.474,			2.948,			0.241,			0.054
659,	1,	559.0,	173.704,			1.928,			0.239,			0.057
660,	1,	120.0,	173.777,			1.651,			0.153,			0.055
661,	1,	7.0,	173.785,			1.164,			0.231,			0.059
662,	1,	120.0,	173.995,			1.105,			0.151,			0.051
663,	2,	103.0,	174.056,			11.639,			1.401,			0.16
664,	1,	387.0,	174.065,			1.81,			0.165,			0.057
665,	2,	155.0,	174.105,			10.016,			1.011,			0.114
666,	1,	512.0,	174.208,			2.448,			0.195,			0.054
667,	1,	512.0,	174.406,			2.768,			0.209,			0.06
668,	2,	173.0,	174.634,			12.902,			1.188,			0.108
669,	1,	90.0,	174.71,			1.807,			0.121,			0.058
670,	1,	30.0,	174.714,			1.322,			0.134,			0.055
671,	1,	447.0,	174.862,			1.509,			0.185,			0.053
672,	1,	120.0,	174.979,			1.499,			0.245,			0.05
673,	1,	512.0,	175.024,			1.316,			0.167,			0.05
674,	1,	7.0,	175.297,			1.03,			0.228,			0.06
675,	1,	498.0,	175.305,			2.681,			0.266,			0.06
676,	1,	13.0,	175.527,			2.143,			0.187,			0.058
677,	1,	387.0,	175.573,			2.914,			0.231,			0.059
678,	1,	120.0,	175.672,			1.211,			0.209,			0.051
679,	2,	138.0,	175.712,			11.202,			1.467,			0.197
680,	1,	44.0,	176.273,			2.424,			0.259,			0.055
681,	1,	16.0,	176.728,			2.947,			0.151,			0.051
682,	1,	157.0,	176.886,			1.204,			0.143,			0.056
683,	1,	126.0,	177.181,			1.909,			0.259,			0.053
684,	1,	59.0,	177.215,			2.602,			0.176,			0.056
685,	1,	7.0,	177.471,			1.226,			0.208,			0.051
686,	2,	150.0,	177.484,			10.778,			1.483,			0.14
687,	1,	447.0,	177.884,			1.505,			0.107,			0.054
688,	1,	157.0,	178.302,			1.334,			0.151,			0.057
689,	1,	157.0,	178.334,			1.962,			0.299,			0.058
690,	1,	498.0,	178.494,			2.02,			0.24,			0.054
691,	1,	7.0,	178.876,			1.886,			0.172,			0.05
692,	1,	44.0,	179.318,			2.889,			0.252,			0.058
693,	1,	28.0,	179.377,			2.678,			0.135,			0.055
694,	1,	157.0,	179.863,			2.562,			0.282,			0.056
695,	1,	13.0,	180.043,			2.322,			0.259,			0.059
696,	2,	125.0,	180.411,			13.587,			1.456,			0.197
697,	1,	120.0,	180.461,			1.411,			0.209,			0.058
698,	1,	7.0,	180.543,			2.596,			0.283,			0.052
699,	1,	44.0,	180.565,			1.985,			0.163,			0.06
700,	1,	157.0,	180.601,			1.489,			0.263,			0.053
701,	1,	90.0,	180.705,			2.427,			0.277,			0.057
702,	1,	6.0,	180.729,			1.742,			0.155,			0.054
703,	1,	44.0,	181.289,			1.433,			0.231,			0.058
704,	1,	16.0,	181.753,			2.131,			0.279,			0.053
705,	1,	30.0,	181.916,			1.431,			0.215,			0.053
706,	1,	10.0,	182.01,			1.103,			0.12,			0.058
707,	1,	7.0,	182.027,			1.651,			0.279,			0.054
708,	1,	13.0,	182.058,			1.386,			0.275,			0.055
709,	1,	49.0,	182.431,			2.461,			0.226,			0.052
710,	1,	7.0,	182.476,			2.436,			0.299,			0.05
711,	1,	512.0,	182.49,			2.58,			0.237,			0.059
712,	1,	103.0,	182.771,			1.187,			0.289,			0.056
713,	1,	13.0,	183.063,			2.685,			0.207,			0.058
714,	1,	103.0,	183.111,			1.103,			0.29,			0.052
715,	1,	7.0,	183.142,			1.128,			0.228,			0.051
716,	1,	44.0,	183.3,			2.326,			0.174,			0.06
717,	2,	86.0,	183.377,			13.288,			1.044,			0.162
718,	1,	13.0,	183.728,			1.504,			0.298,			0.056
719,	1,	559.0,	184.082,			2.819,			0.279,			0.06
720,	1,	16.0,	184.196,			1.111,			0.205,			0.052
721,	1,	44.0,	184.309,			1.663,			0.233,			0.05
722,	1,	512.0,	184.33,			2.377,			0.15,			0.059
723,	1,	44.0,	184.394,			2.659,			0.137,			0.054
724,	1,	7.0,	184.431,			1.868,			0.122,			0.056
725,	1,	126.0,	184.482,			1.592,			0.189,			0.057
726,	1,	169.0,	184.543,			2.418,			0.277,			0.051
727,	1,	30.0,	184.551,			1.952,			0.151,			0.05
728,	1,	169.0,	185.01,			2.777,			0.202,			0.059
729,	1,	95.0,	185.015,			1.733,			0.173,			0.052
730,	1,	387.0,	185.086,			1.287,			0.244,			0.056
731,	1,	126.0,	185.495,			2.866,			0.26,			0.056
732,	2,	192.0,	185.687,			14.057,			1.063,			0.136
733,	1,	16.0,	185.729,			1.164,			0.288,			0.056
734,	1,	6.0,	185.977,			2.614,			0.108,			0.058
735,	1,	13.0,	186.641,			1.682,			0.283,			0.054
736,	1,	13.0,	187.001,			2.454,			0.28,			0.058
737,	1,	13.0,	187.006,			1.805,			0.252,			0.057
738,	1,	49.0,	187.34,			1.403,			0.114,			0.053
739,	1,	7.0,	187.477,			1.095,			0.13,			0.05
740,	1,	6.0,	187.52,			1.921,			0.21,			0.056
741,	1,	6.0,	187.813,			2.779,			0.219,			0.059
742,	1,	59.0,	187.91,			1.107,			0.165,			0.056
743,	2,	110.0,	187.974,			14.863,			1.253,			0.113
744,	1,	103.0,	188.192,			2.532,			0.149,			0.055
745,	1,	7.0,	188.209,			1.575,			0.115,			0.055
746,	1,	387.0,	188.26,			1.701,			0.237,			0.052
747,	1,	512.0,	188.642,			1.595,			0.121,			0.059
748,	2,	238.0,	189.237,			14.936,			1.429,			0.132
749,	1,	512.0,	189.769,			2.18,			0.224,			0.053
750,	1,	146.0,	190.004,			2.427,			0.135,			0.051
751,	1,	7.0,	190.157,			1.952,			0.254,			0.051
752,	1,	447.0,	190.701,			1.005,			0.156,			0.059
753,	1,	498.0,	190.901,			1.155,			0.133,			0.051
754,	1,	447.0,	190.976,			1.309,			0.142,			0.059
755,	2,	193.0,	190.986,			13.217,			1.148,			0.135
756,	1,	126.0,	191.227,			1.733,			0.16,			0.057
757,	1,	214.0,	191.768,			1.683,			0.238,			0.054
758,	1,	7.0,	192.063,			1.45,			0.212,			0.056
759,	1,	6.0,	192.173,			1.044,			0.24,			0.059
760,	1,	126.0,	192.307,			2.318,			0.255,			0.059
761,	1,	559.0,	192.723,			2.765,			0.192,			0.054
762,	1,	28.0,	192.774,			1.581,			0.289,			0.055
763,	1,	103.0,	192.909,			1.731,			0.27,			0.054
764,	2,	97.0,	193.102,			14.646,			1.231,			0.105
765,	1,	559.0,	193.252,			2.697,			0.189,			0.06
766,	1,	498.0,	193.307,			2.888,			0.269,			0.054
767,	1,	28.0,	193.442,			2.305,			0.195,			0.055
768,	1,	498.0,	193.701,			1.433,			0.242,			0.054
769,	1,	10.0,	193.724,			2.366,			0.175,			0.056
770,	1,	16.0,	193.826,			2.947,			0.209,			0.058
771,	2,	126.0,	193.909,			13.622,			1.07,			0.111
772,	2,	58.0,	194.312,			14.649,			1.487,			0.103
773,	1,	387.0,	194.547,			2.969,			0.257,			0.056
774,	1,	512.0,	194.684,			2.702,			0.289,			0.06
775,	1,	103.0,	194.712,			1.314,			0.222,			0.05
776,	1,	169.0,	194.914,			2.28,			0.282,			0.055
777,	1,	16.0,	194.957,			2.366,			0.142,			0.052
778,	1,	103.0,	195.076,			1.582,			0.162,			0.058
779,	1,	7.0,	195.444,			2.973,			0.183,			0.053
780,	2,	169.0,	195.554,			11.488,			1.046,			0.179
781,	1,	13.0,	195.746,			1.484,			0.209,			0.06
782,	1,	49.0,	195.761,			2.935,			0.233,			0.056
783,	2,	269.0,	195.783,			10.886,			1.41,			0.133
784,	1,	512.0,	196.006,			1.505,			0.197,			0.058
785,	1,	6.0,	196.036,			2.669,			0.293,			0.052
786,	1,	13.0,	196.062,			1.81,			0.129,			0.058
787,	2,	41.0,	196.114,			14.743,			1.47,			0.197
788,	1,	16.0,	196.235,			2.976,			0.283,			0.058
789,	1,	30.0,	196.431,			1.988,			0.219,			0.059
790,	2,	121.0,	196.638,			10.837,			1.491,			0.125
791,	1,	157.0,	196.661,			2.945,			0.195,			0.055
792,	1,	559.0,	196.733,			2.545,			0.189,			0.057
793,	1,	7.0,	196.757,			2.459,			0.14,			0.056
794,	1,	447.0,	196.834,			1.581,			0.159,			0.057
795,	1,	28.0,	197.008,			2.068,			0.128,			0.051
796,	2,	177.0,	197.049,			14.372,			1.091,			0.161
797,	1,	7.0,	197.413,			1.027,			0.169,			0.059
798,	2,	121.0,	197.506,			10.789,			1.157,			0.182
799,	1,	214.0,	197.526,			2.222,			0.255,			0.06
800,	1,	44.0,	197.602,			1.36,			0.247,			0.05
801,	2,	225.0,	197.646,			13.021,			1.093,			0.196
802,	1,	6.0,	197.936,			1.912,			0.106,			0.057
803,	1,	387.0,	198.131,			1.869,			0.186,			0.052
804,	1,	16.0,	198.38,			1.883,			0.17,			0.054
805,	1,	157.0,	198.492,			1.343,			0.195,			0.052
806,	1,	512.0,	198.827,			1.814,			0.202,			0.05
807,	1,	90.0,	199.807,			2.415,			0.108,			0.054
808,	1,	447.0,	199.927,			1.532,			0.216,			0.055
809,	1,	7.0,	199.935,			1.631,			0.21,			0.058
810,	1,	49.0,	200.043,			1.316,			0.222,			0.054
811,	2,	138.0,	200.482,			14.743,			1.359,			0.184
812,	2,	204.0,	200.689,			13.778,			1.427,			0.185
813,	1,	44.0,	200.703,			1.821,			0.272,			0.054
814,	1,	49.0,	200.761,			1.009,			0.237,			0.059
815,	1,	30.0,	201.019,			2.35,			0.215,			0.056
816,	1,	10.0,	201.928,			2.706,			0.222,			0.052
817,	1,	28.0,	201.99,			2.133,			0.253,			0.056
818,	1,	44.0,	202.163,			1.424,			0.209,			0.056
819,	1,	7.0,	202.292,			1.719,			0.263,			0.055
820,	1,	447.0,	202.395,			2.999,			0.15,			0.058
821,	1,	49.0,	202.693,			1.091,			0.285,			0.054
822,	1,	95.0,	202.764,			1.541,			0.208,			0.054
823,	2,	112.0,	202.764,			10.523,			1.202,			0.177
824,	1,	90.0,	203.223,			1.701,			0.28,			0.053
825,	1,	169.0,	203.247,			2.415,			0.152,			0.053
826,	1,	10.0,	203.544,			1.477,			0.218,			0.053
827,	1,	7.0,	203.603,			1.477,			0.136,			0.058
828,	1,	379.0,	203.865,			2.772,			0.195,			0.052
829,	1,	146.0,	204.33,			1.708,			0.298,			0.059
830,	1,	28.0,	204.418,			1.915,			0.154,			0.059
831,	1,	49.0,	204.786,			2.11,			0.206,			0.055
832,	1,	387.0,	204.854,			1.337,			0.2,			0.052
833,	1,	90.0,	205.392,			1.654,			0.151,			0.053
834,	2,	149.0,	205.496,			13.137,			1.261,			0.148
835,	1,	7.0,	205.766,			2.545,			0.108,			0.056
836,	1,	13.0,	206.339,			1.103,			0.195,			0.054
837,	1,	13.0,	206.497,			2.244,			0.279,			0.057
838,	2,	186.0,	206.774,			14.215,			1.403,			0.125
839,	1,	7.0,	207.003,			1.61,			0.286,			0.056
840,	2,	45.0,	207.12,			14.028,			1.016,			0.197
841,	1,	7.0,	207.148,			1.158,			0.151,			0.051
842,	1,	10.0,	207.304,			1.398,			0.245,			0.056
843,	2,	320.0,	207.604,			12.317,			1.255,			0.119
844,	1,	44.0,	207.813,			2.973,			0.2,			0.051
845,	1,	126.0,	207.981,			2.398,			0.186,			0.052
846,	1,	49.0,	208.149,			1.435,			0.234,			0.058
847,	1,	157.0,	208.372,			1.681,			0.228,			0.058
848,	1,	126.0,	208.425,			1.968,			0.256,			0.06
849,	1,	146.0,	208.541,			1.044,			0.111,			0.059
850,	1,	447.0,	209.14,			1.814,			0.29,			0.059
851,	1,	214.0,	209.315,			1.327,			0.108,			0.057
852,	2,	151.0,	209.42,			14.117,			1.326,			0.152
853,	1,	59.0,	209.988,			2.598,			0.183,			0.053
854,	2,	188.0,	210.591,			13.718,			1.216,			0.113
855,	1,	214.0,	211.505,			2.08,			0.278,			0.056
856,	1,	6.0,	211.583,			2.866,			0.136,			0.055
857,	1,	30.0,	211.671,			2.678,			0.133,			0.056
858,	1,	7.0,	211.977,			1.095,			0.272,			0.057
859,	1,	387.0,	212.078,			1.719,			0.295,			0.054
860,	1,	214.0,	212.173,			2.5,			0.279,			0.059
861,	1,	512.0,	212.572,			1.309,			0.257,			0.059
862,	2,	252.0,	212.821,			10.63,			1.277,			0.12
863,	1,	512.0,	212.913,			2.973,			0.2,			0.051
864,	1,	6.0,	212.961,			1.605,			0.132,			0.054
865,	2,	121.0,	213.038,			12.588,			1.1,			0.137
866,	1,	498.0,	213.269,			1.371,			0.172,			0.06
867,	1,	6.0,	213.282,			1.626,			0.275,			0.052
868,	1,	559.0,	213.873,			1.981,			0.273,			0.051
869,	1,	498.0,	214.048,			2.973,			0.246,			0.054
870,	1,	214.0,	214.062,			1.639,			0.146,			0.057
871,	1,	6.0,	214.351,			2.298,			0.221,			0.057
872,	1,	103.0,	214.578,			1.316,			0.258,			0.051
873,	2,	233.0,	215.232,			10.721,			1.416,			0.122
874,	1,	214.0,	215.384,			1.998,			0.199,			0.057
875,	1,	498.0,	215.384,			2.879,			0.141,			0.058
876,	1,	169.0,	215.656,			1.043,			0.281,			0.05
877,	1,	28.0,	215.924,			2.947,			0.162,			0.059
878,	1,	44.0,	215.964,			1.505,			0.101,			0.051
879,	1,	13.0,	216.154,			1.908,			0.24,			0.059
880,	1,	512.0,	216.219,			1.609,			0.279,			0.058
881,	1,	387.0,	217.56,			1.367,			0.273,			0.051
882,	2,	176.0,	217.773,			12.79,			1.491,			0.103
883,	1,	498.0,	219.103,			2.219,			0.209,			0.056
884,	2,	125.0,	219.105,			10.902,			1.471,			0.101
885,	2,	168.0,	219.333,			14.372,			1.438,			0.153
886,	1,	214.0,	219.44,			1.322,			0.267,			0.05
887,	1,	44.0,	219.985,			2.491,			0.23,			0.052
888,	1,	120.0,	220.011,			2.098,			0.209,			0.056
889,	1,	90.0,	220.03,			1.915,			0.257,			0.057
890,	2,	185.0,	220.777,			11.263,			1.39,			0.109
891,	1,	120.0,	221.165,			1.663,			0.129,			0.058
892,	2,	127.0,	221.553,			12.733,			1.306,			0.163
893,	1,	44.0,	221.777,			2.681,			0.256,			0.06
894,	2,	56.0,	223.052,			10.46,			1.319,			0.11
895,	1,	7.0,	223.974,			2.565,			0.211,			0.055
896,	1,	44.0,	224.215,			1.422,			0.293,			0.054
897,	1,	7.0,	224.475,			2.807,			0.242,			0.057
898,	2,	70.0,	224.753,			10.198,			1.278,			0.174
899,	2,	189.0,	224.835,			10.751,			1.044,			0.175
900,	2,	150.0,	225.256,			10.882,			1.275,			0.107
901,	1,	103.0,	225.805,			2.038,			0.27,			0.057
902,	1,	44.0,	226.129,			1.62,			0.212,			0.052
903,	1,	447.0,	226.319,			1.211,			0.249,			0.056
904,	1,	7.0,	226.503,			1.009,			0.23,			0.057
905,	2,	197.0,	226.773,			10.654,			1.442,			0.16
906,	1,	59.0,	226.792,			2.659,			0.209,			0.057
907,	2,	296.0,	226.951,			14.99,			1.087,			0.12
908,	1,	126.0,	227.122,			2.709,			0.142,			0.054
909,	1,	120.0,	227.341,			2.735,			0.139,			0.06
910,	1,	10.0,	227.678,			1.962,			0.186,			0.052
911,	2,	103.0,	227.97,			14.235,			1.322,			0.174
912,	2,	137.0,	228.658,			10.886,			1.049,			0.152
913,	1,	28.0,	229.196,			1.044,			0.252,			0.05
914,	1,	146.0,	229.635,			2.651,			0.158,			0.06
915,	2,	69.0,	230.059,			11.886,			1.457,			0.173
916,	1,	512.0,	230.592,			1.314,			0.299,			0.054
917,	1,	126.0,	230.671,			1.994,			0.104,			0.05
918,	1,	498.0,	231.463,			1.625,			0.172,			0.057
919,	1,	13.0,	231.48,			1.204,			0.203,			0.059
920,	1,	103.0,	231.73,			1.092,			0.2,			0.052
921,	1,	157.0,	232.079,			1.391,			0.263,			0.053
922,	1,	157.0,	232.136,			2.598,			0.119,			0.052
923,	1,	447.0,	232.332,			1.709,			0.113,			0.058
924,	2,	131.0,	233.115,			12.999,			1.128,			0.193
925,	1,	7.0,	233.586,			2.157,			0.214,			0.05
926,	1,	7.0,	234.528,			2.198,			0.234,			0.057
927,	2,	185.0,	235.05,			12.411,			1.466,			0.138
928,	1,	447.0,	235.4,			1.071,			0.285,			0.058
929,	2,	78.0,	235.802,			11.09,			1.404,			0.104
930,	2,	194.0,	236.511,			11.717,			1.467,			0.107
931,	1,	7.0,	236.745,			1.581,			0.119,			0.052
932,	1,	90.0,	237.058,			2.063,			0.13,			0.052
933,	1,	6.0,	237.927,			2.102,			0.229,			0.058
934,	1,	379.0,	238.276,			1.756,			0.245,			0.057
935,	2,	178.0,	238.669,			13.676,			1.313,			0.159
936,	2,	210.0,	239.149,			10.527,			1.011,			0.108
937,	1,	7.0,	240.166,			1.927,			0.291,			0.058
938,	2,	57.0,	240.311,			12.447,			1.121,			0.144
939,	1,	30.0,	240.349,			1.876,			0.129,			0.05
940,	2,	98.0,	241.391,			13.557,			1.438,			0.189
941,	2,	127.0,	241.794,			10.523,			1.053,			0.169
942,	2,	212.0,	243.43,			11.228,			1.326,			0.125
943,	1,	7.0,	244.058,			1.028,			0.217,			0.058
944,	1,	28.0,	244.321,			2.706,			0.124,			0.053
945,	1,	7.0,	244.352,			1.144,			0.195,			0.055
946,	2,	114.0,	244.427,			10.279,			1.481,			0.182
947,	1,	126.0,	246.727,			2.181,			0.113,			0.05
948,	1,	498.0,	246.748,			2.379,			0.116,			0.054
949,	2,	225.0,	247.074,			12.546,			1.27,			0.186
950,	2,	103.0,	247.108,			13.747,			1.236,			0.2
951,	2,	270.0,	247.425,			10.103,			1.418,			0.117
952,	1,	6.0,	248.494,			1.76,			0.194,			0.052
953,	1,	10.0,	248.826,			1.095,			0.279,			0.057
954,	2,	100.0,	249.29,			10.173,			1.186,			0.112
955,	2,	123.0,	249.646,			12.691,			1.466,			0.132
956,	2,	57.0,	250.377,			13.277,			1.049,			0.104
957,	1,	6.0,	251.092,			2.404,			0.236,			0.05
958,	1,	379.0,	251.194,			2.541,			0.206,			0.052
959,	2,	113.0,	252.573,			10.9,			1.006,			0.156
960,	1,	7.0,	253.112,			2.459,			0.108,			0.052
961,	1,	447.0,	253.316,			2.303,			0.217,			0.06
962,	1,	6.0,	255.895,			1.883,			0.205,			0.05
963,	2,	117.0,	257.58,			10.298,			1.254,			0.135
964,	2,	34.0,	258.319,			10.669,			1.326,			0.156
965,	2,	210.0,	259.42,			12.101,			1.438,			0.157
966,	1,	13.0,	259.636,			1.038,			0.222,			0.058
967,	2,	193.0,	261.272,			11.677,			1.009,			0.138
968,	2,	158.0,	261.616,			12.676,			1.207,			0.126
969,	2,	105.0,	264.849,			12.179,			1.494,			0.106
970,	2,	191.0,	265.347,			11.09,			1.357,			0.172
971,	2,	261.0,	265.455,			12.4,			1.401,			0.155
972,	2,	149.0,	265.893,			14.334,			1.207,			0.166
973,	2,	91.0,	266.295,			11.317,			1.086,			0.185
974,	1,	13.0,	266.943,			2.459,			0.247,			0.053
975,	2,	75.0,	267.111,			14.646,			1.382,			0.104
976,	1,	59.0,	268.214,			1.092,			0.148,			0.06
977,	1,	379.0,	268.547,			1.799,			0.17,			0.058
978,	1,	512.0,	268.597,			2.786,			0.292,			0.051
979,	1,	559.0,	269.186,			1.186,			0.267,			0.056
980,	2,	332.0,	270.211,			11.591,			1.191,			0.184
981,	2,	97.0,	272.151,			10.554,			1.399,			0.105
982,	1,	16.0,	272.841,			2.776,			0.211,			0.055
983,	2,	87.0,	276.658,			11.968,			1.341,			0.152
984,	2,	149.0,	280.003,			10.404,			1.171,			0.168
985,	1,	6.0,	280.914,			2.293,			0.179,			0.051
986,	2,	129.0,	281.503,			12.301,			1.369,			0.1
987,	2,	168.0,	282.336,			14.984,			1.356,			0.199
988,	2,	203.0,	283.01,			14.649,			1.147,			0.172
989,	2,	168.0,	286.524,			10.46,			1.495,			0.167
990,	2,	143.0,	287.654,			12.088,			1.461,			0.155
991,	2,	100.0,	288.395,			10.269,			1.382,			0.194
992,	2,	187.0,	288.91,			13.798,			1.477,			0.182
993,	2,	103.0,	289.729,			11.69,			1.176,			0.188
994,	2,	182.0,	290.382,			13.086,			1.477,			0.143
995,	2,	88.0,	290.401,			10.594,			1.316,			0.148
996,	2,	174.0,	291.571,			11.531,			1.244,			0.106
997,	2,	139.0,	295.338,			13.684,			1.454,			0.143
998,	2,	148.0,	296.617,			11.966,			1.403,			0.198
999,	2,	164.0,	298.713,			13.794,			1.323,			0.133
1000,	2,	267.0,	299.842,			10.178,			1.189,			0.198
