#, task_type_id, size, arrival_time,	execution_time_cpu,	execution_time_gpu,	execution_time_CLOUD
1,	1,	6.0,	0.0,			1.458,			0.95,			0.95,			1.463,			0.98,			0.5
2,	2,	166.0,	0.902,			2.307,			0.112,			0.112,			2.279,			0.1,			0.051
3,	2,	44.0,	2.333,			2.297,			0.099,			0.099,			2.305,			0.106,			0.05
4,	2,	185.0,	2.682,			2.295,			0.099,			0.099,			2.289,			0.099,			0.049
5,	1,	157.0,	3.518,			1.459,			0.972,			0.972,			1.446,			0.971,			0.5
6,	2,	174.0,	6.099,			2.311,			0.105,			0.105,			2.304,			0.099,			0.049
7,	2,	305.0,	6.265,			2.3,			0.1,			0.1,			2.293,			0.091,			0.05
8,	2,	100.0,	10.237,			2.308,			0.103,			0.103,			2.297,			0.098,			0.051
9,	2,	100.0,	10.27,			2.284,			0.118,			0.118,			2.287,			0.097,			0.049
10,	2,	143.0,	11.625,			2.307,			0.093,			0.093,			2.294,			0.103,			0.05
11,	2,	171.0,	17.202,			2.316,			0.103,			0.103,			2.291,			0.094,			0.049
12,	2,	201.0,	17.478,			2.313,			0.105,			0.105,			2.301,			0.107,			0.052
13,	2,	156.0,	17.87,			2.291,			0.096,			0.096,			2.291,			0.1,			0.049
14,	2,	182.0,	23.285,			2.285,			0.096,			0.096,			2.304,			0.093,			0.049
15,	2,	155.0,	25.04,			2.292,			0.103,			0.103,			2.306,			0.103,			0.05
16,	2,	91.0,	26.37,			2.312,			0.095,			0.095,			2.306,			0.103,			0.049
17,	2,	160.0,	28.881,			2.303,			0.104,			0.104,			2.319,			0.105,			0.05
18,	2,	179.0,	29.86,			2.298,			0.105,			0.105,			2.3,			0.106,			0.05
19,	2,	111.0,	33.856,			2.309,			0.105,			0.105,			2.299,			0.097,			0.05
20,	2,	143.0,	35.865,			2.313,			0.102,			0.102,			2.297,			0.096,			0.051
21,	2,	221.0,	38.368,			2.297,			0.086,			0.086,			2.308,			0.103,			0.05
22,	2,	220.0,	39.498,			2.293,			0.097,			0.097,			2.306,			0.098,			0.05
23,	2,	119.0,	42.435,			2.307,			0.1,			0.1,			2.323,			0.094,			0.052
24,	2,	185.0,	43.069,			2.325,			0.105,			0.105,			2.299,			0.096,			0.049
25,	2,	127.0,	43.624,			2.282,			0.096,			0.096,			2.297,			0.104,			0.051
26,	1,	157.0,	44.311,			1.455,			0.964,			0.964,			1.462,			0.981,			0.499
27,	1,	120.0,	46.657,			1.461,			0.967,			0.967,			1.459,			0.959,			0.5
28,	2,	181.0,	48.572,			2.305,			0.097,			0.097,			2.286,			0.1,			0.051
29,	2,	128.0,	49.083,			2.299,			0.096,			0.096,			2.328,			0.098,			0.049
30,	2,	74.0,	49.522,			2.293,			0.103,			0.103,			2.309,			0.102,			0.052
31,	2,	134.0,	50.511,			2.302,			0.097,			0.097,			2.302,			0.1,			0.051
32,	1,	95.0,	50.58,			1.449,			0.978,			0.978,			1.46,			0.96,			0.501
33,	2,	202.0,	53.521,			2.312,			0.11,			0.11,			2.288,			0.1,			0.051
34,	2,	365.0,	54.382,			2.299,			0.105,			0.105,			2.296,			0.105,			0.051
35,	2,	185.0,	55.4,			2.291,			0.094,			0.094,			2.314,			0.106,			0.049
36,	1,	387.0,	55.428,			1.451,			0.982,			0.982,			1.491,			0.965,			0.5
37,	1,	103.0,	56.307,			1.468,			0.976,			0.976,			1.459,			0.961,			0.5
38,	2,	84.0,	56.357,			2.299,			0.093,			0.093,			2.295,			0.103,			0.05
39,	2,	148.0,	58.188,			2.298,			0.108,			0.108,			2.302,			0.1,			0.05
40,	2,	59.0,	59.512,			2.286,			0.1,			0.1,			2.3,			0.102,			0.051
41,	2,	192.0,	59.812,			2.303,			0.093,			0.093,			2.302,			0.096,			0.051
42,	2,	101.0,	59.993,			2.307,			0.096,			0.096,			2.33,			0.099,			0.05
43,	2,	152.0,	61.32,			2.3,			0.104,			0.104,			2.308,			0.096,			0.05
44,	2,	209.0,	62.169,			2.301,			0.095,			0.095,			2.302,			0.095,			0.05
45,	1,	6.0,	63.148,			1.467,			0.98,			0.98,			1.45,			0.97,			0.502
46,	2,	128.0,	63.539,			2.326,			0.098,			0.098,			2.291,			0.094,			0.05
47,	2,	108.0,	63.594,			2.3,			0.107,			0.107,			2.299,			0.105,			0.05
48,	2,	134.0,	63.684,			2.296,			0.101,			0.101,			2.296,			0.104,			0.05
49,	2,	90.0,	64.725,			2.302,			0.093,			0.093,			2.307,			0.098,			0.05
50,	1,	379.0,	67.655,			1.451,			0.966,			0.966,			1.459,			0.966,			0.502
51,	2,	270.0,	70.049,			2.297,			0.09,			0.09,			2.291,			0.108,			0.049
52,	1,	6.0,	70.371,			1.466,			0.967,			0.967,			1.453,			0.969,			0.502
53,	1,	7.0,	71.023,			1.459,			0.961,			0.961,			1.452,			0.975,			0.499
54,	2,	236.0,	71.62,			2.304,			0.102,			0.102,			2.304,			0.095,			0.05
55,	2,	127.0,	72.823,			2.305,			0.1,			0.1,			2.306,			0.098,			0.05
56,	2,	119.0,	73.147,			2.29,			0.095,			0.095,			2.297,			0.098,			0.049
57,	2,	126.0,	73.361,			2.31,			0.101,			0.101,			2.312,			0.11,			0.048
58,	2,	83.0,	74.347,			2.3,			0.106,			0.106,			2.305,			0.107,			0.05
59,	2,	207.0,	74.776,			2.313,			0.098,			0.098,			2.302,			0.103,			0.051
60,	2,	226.0,	75.254,			2.299,			0.094,			0.094,			2.314,			0.1,			0.05
61,	2,	234.0,	75.495,			2.307,			0.1,			0.1,			2.307,			0.105,			0.051
62,	2,	126.0,	78.505,			2.302,			0.108,			0.108,			2.31,			0.101,			0.051
63,	2,	162.0,	79.128,			2.306,			0.102,			0.102,			2.307,			0.106,			0.049
64,	2,	129.0,	79.836,			2.302,			0.101,			0.101,			2.307,			0.108,			0.049
65,	2,	210.0,	80.903,			2.314,			0.093,			0.093,			2.296,			0.091,			0.051
66,	2,	153.0,	82.516,			2.303,			0.1,			0.1,			2.302,			0.098,			0.051
67,	2,	152.0,	84.504,			2.291,			0.108,			0.108,			2.305,			0.091,			0.049
68,	1,	512.0,	84.688,			1.44,			0.976,			0.976,			1.465,			0.967,			0.499
69,	1,	447.0,	86.937,			1.451,			0.975,			0.975,			1.457,			0.981,			0.5
70,	1,	559.0,	87.956,			1.451,			0.975,			0.975,			1.457,			0.978,			0.499
71,	1,	6.0,	88.571,			1.477,			0.979,			0.979,			1.456,			0.958,			0.5
72,	1,	28.0,	90.412,			1.456,			0.976,			0.976,			1.452,			0.976,			0.5
73,	2,	191.0,	90.497,			2.299,			0.105,			0.105,			2.31,			0.098,			0.049
74,	2,	98.0,	90.511,			2.289,			0.099,			0.099,			2.29,			0.101,			0.05
75,	1,	169.0,	91.708,			1.447,			0.96,			0.96,			1.445,			0.968,			0.498
76,	2,	106.0,	92.064,			2.317,			0.095,			0.095,			2.289,			0.112,			0.051
77,	1,	95.0,	92.772,			1.451,			0.966,			0.966,			1.451,			0.966,			0.501
78,	1,	49.0,	93.669,			1.463,			0.964,			0.964,			1.471,			0.966,			0.5
79,	1,	157.0,	94.056,			1.44,			0.975,			0.975,			1.466,			0.965,			0.501
80,	2,	230.0,	95.271,			2.303,			0.096,			0.096,			2.302,			0.1,			0.051
81,	1,	44.0,	95.891,			1.464,			0.952,			0.952,			1.467,			0.969,			0.499
82,	2,	97.0,	95.957,			2.315,			0.115,			0.115,			2.301,			0.105,			0.049
83,	1,	7.0,	96.51,			1.449,			0.976,			0.976,			1.468,			0.992,			0.498
84,	2,	87.0,	98.508,			2.317,			0.099,			0.099,			2.281,			0.108,			0.05
85,	2,	190.0,	98.806,			2.298,			0.102,			0.102,			2.308,			0.1,			0.051
86,	2,	176.0,	100.119,			2.325,			0.1,			0.1,			2.309,			0.105,			0.051
87,	1,	6.0,	101.198,			1.459,			0.97,			0.97,			1.463,			0.978,			0.5
88,	1,	157.0,	101.632,			1.457,			0.968,			0.968,			1.469,			0.97,			0.501
89,	2,	99.0,	103.003,			2.304,			0.095,			0.095,			2.29,			0.101,			0.049
90,	1,	387.0,	103.838,			1.46,			0.983,			0.983,			1.457,			0.974,			0.499
91,	1,	447.0,	104.286,			1.472,			0.978,			0.978,			1.464,			0.986,			0.501
92,	1,	30.0,	105.274,			1.477,			0.96,			0.96,			1.46,			0.975,			0.502
93,	2,	148.0,	105.734,			2.289,			0.106,			0.106,			2.302,			0.106,			0.049
94,	2,	67.0,	105.903,			2.309,			0.089,			0.089,			2.309,			0.098,			0.051
95,	2,	144.0,	108.627,			2.309,			0.096,			0.096,			2.302,			0.092,			0.049
96,	1,	126.0,	108.828,			1.47,			0.983,			0.983,			1.465,			0.969,			0.5
97,	2,	186.0,	109.079,			2.306,			0.1,			0.1,			2.299,			0.115,			0.05
98,	2,	239.0,	110.076,			2.292,			0.103,			0.103,			2.279,			0.103,			0.051
99,	2,	128.0,	110.669,			2.295,			0.093,			0.093,			2.317,			0.098,			0.05
100,	1,	30.0,	111.571,			1.456,			0.995,			0.995,			1.474,			0.979,			0.5
101,	1,	6.0,	112.471,			1.472,			0.975,			0.975,			1.437,			0.992,			0.498
102,	1,	157.0,	113.265,			1.45,			0.982,			0.982,			1.463,			0.98,			0.501
103,	2,	269.0,	114.641,			2.325,			0.101,			0.101,			2.313,			0.108,			0.05
104,	2,	182.0,	115.169,			2.316,			0.098,			0.098,			2.306,			0.105,			0.049
105,	1,	90.0,	117.728,			1.455,			0.977,			0.977,			1.456,			0.983,			0.501
106,	1,	6.0,	119.435,			1.457,			0.966,			0.966,			1.448,			0.957,			0.5
107,	2,	111.0,	119.468,			2.293,			0.112,			0.112,			2.296,			0.104,			0.051
108,	1,	6.0,	120.797,			1.475,			0.975,			0.975,			1.464,			0.97,			0.5
109,	1,	16.0,	122.262,			1.446,			0.961,			0.961,			1.462,			0.958,			0.5
110,	1,	44.0,	124.624,			1.479,			0.975,			0.975,			1.454,			0.964,			0.501
111,	1,	90.0,	124.929,			1.471,			0.971,			0.971,			1.458,			0.977,			0.499
112,	1,	7.0,	124.948,			1.468,			0.962,			0.962,			1.456,			0.956,			0.5
113,	1,	49.0,	125.284,			1.454,			0.967,			0.967,			1.453,			0.968,			0.499
114,	1,	6.0,	126.019,			1.475,			0.982,			0.982,			1.472,			0.972,			0.499
115,	1,	120.0,	126.183,			1.48,			0.968,			0.968,			1.465,			0.971,			0.498
116,	1,	512.0,	126.373,			1.456,			0.951,			0.951,			1.461,			0.949,			0.5
117,	2,	206.0,	126.822,			2.308,			0.108,			0.108,			2.308,			0.095,			0.049
118,	1,	169.0,	127.711,			1.446,			0.98,			0.98,			1.462,			0.974,			0.5
119,	2,	123.0,	128.006,			2.314,			0.095,			0.095,			2.304,			0.098,			0.05
120,	1,	13.0,	128.287,			1.458,			0.978,			0.978,			1.469,			0.968,			0.499
121,	1,	13.0,	129.3,			1.485,			0.965,			0.965,			1.479,			0.981,			0.499
122,	2,	131.0,	129.42,			2.288,			0.096,			0.096,			2.3,			0.105,			0.052
123,	1,	7.0,	131.245,			1.461,			0.98,			0.98,			1.48,			0.948,			0.5
124,	1,	90.0,	132.218,			1.458,			0.959,			0.959,			1.46,			0.972,			0.5
125,	1,	447.0,	132.308,			1.463,			0.963,			0.963,			1.467,			0.974,			0.499
126,	1,	7.0,	133.317,			1.465,			0.984,			0.984,			1.45,			0.965,			0.499
127,	1,	103.0,	135.338,			1.459,			0.971,			0.971,			1.451,			0.987,			0.5
128,	1,	7.0,	135.52,			1.445,			0.961,			0.961,			1.471,			0.972,			0.501
129,	2,	219.0,	135.672,			2.278,			0.093,			0.093,			2.308,			0.118,			0.051
130,	1,	44.0,	136.133,			1.453,			0.981,			0.981,			1.459,			0.972,			0.502
131,	1,	44.0,	136.568,			1.454,			0.949,			0.949,			1.458,			0.979,			0.5
132,	2,	124.0,	136.918,			2.309,			0.102,			0.102,			2.293,			0.098,			0.05
133,	2,	159.0,	137.635,			2.31,			0.101,			0.101,			2.305,			0.101,			0.052
134,	1,	6.0,	137.857,			1.46,			0.974,			0.974,			1.486,			0.984,			0.5
135,	2,	213.0,	138.155,			2.297,			0.094,			0.094,			2.309,			0.107,			0.05
136,	2,	258.0,	138.347,			2.307,			0.095,			0.095,			2.306,			0.11,			0.049
137,	1,	6.0,	138.362,			1.461,			0.984,			0.984,			1.458,			0.966,			0.499
138,	2,	145.0,	138.437,			2.292,			0.09,			0.09,			2.288,			0.103,			0.051
139,	2,	243.0,	139.548,			2.296,			0.107,			0.107,			2.302,			0.101,			0.05
140,	1,	44.0,	141.414,			1.469,			0.975,			0.975,			1.441,			0.958,			0.501
141,	1,	512.0,	141.857,			1.452,			0.986,			0.986,			1.451,			0.966,			0.5
142,	1,	95.0,	142.901,			1.461,			0.957,			0.957,			1.454,			0.979,			0.499
143,	2,	125.0,	142.952,			2.307,			0.097,			0.097,			2.304,			0.092,			0.052
144,	1,	146.0,	143.961,			1.461,			0.975,			0.975,			1.457,			0.961,			0.5
145,	1,	447.0,	145.338,			1.46,			0.959,			0.959,			1.463,			0.976,			0.502
146,	1,	7.0,	145.54,			1.458,			0.984,			0.984,			1.462,			0.958,			0.501
147,	2,	184.0,	146.964,			2.3,			0.097,			0.097,			2.297,			0.091,			0.05
148,	1,	157.0,	147.261,			1.464,			0.953,			0.953,			1.467,			0.961,			0.501
149,	1,	169.0,	147.634,			1.452,			0.974,			0.974,			1.466,			0.99,			0.499
150,	2,	142.0,	148.221,			2.279,			0.108,			0.108,			2.316,			0.103,			0.049
151,	1,	49.0,	150.338,			1.454,			0.975,			0.975,			1.441,			0.973,			0.5
152,	1,	7.0,	151.203,			1.457,			0.957,			0.957,			1.457,			0.979,			0.502
153,	1,	157.0,	152.172,			1.465,			0.951,			0.951,			1.47,			0.967,			0.5
154,	2,	154.0,	152.332,			2.294,			0.102,			0.102,			2.326,			0.101,			0.05
155,	1,	512.0,	152.347,			1.472,			0.975,			0.975,			1.469,			0.976,			0.501
156,	2,	195.0,	152.575,			2.294,			0.106,			0.106,			2.313,			0.104,			0.049
157,	1,	126.0,	153.276,			1.447,			0.965,			0.965,			1.456,			0.983,			0.501
158,	2,	140.0,	155.157,			2.311,			0.101,			0.101,			2.306,			0.103,			0.05
159,	1,	28.0,	156.416,			1.44,			0.948,			0.948,			1.468,			0.959,			0.5
160,	1,	30.0,	157.355,			1.47,			0.966,			0.966,			1.449,			0.97,			0.501
161,	1,	95.0,	157.473,			1.457,			0.977,			0.977,			1.477,			0.962,			0.5
162,	1,	126.0,	157.541,			1.462,			0.973,			0.973,			1.455,			0.981,			0.499
163,	2,	156.0,	157.82,			2.309,			0.093,			0.093,			2.305,			0.104,			0.052
164,	2,	75.0,	159.26,			2.3,			0.1,			0.1,			2.289,			0.098,			0.049
165,	1,	30.0,	159.52,			1.458,			0.95,			0.95,			1.456,			0.966,			0.5
166,	1,	103.0,	160.172,			1.477,			0.956,			0.956,			1.462,			0.972,			0.499
167,	2,	206.0,	160.22,			2.288,			0.108,			0.108,			2.31,			0.102,			0.051
168,	2,	50.0,	160.357,			2.313,			0.098,			0.098,			2.297,			0.1,			0.05
169,	1,	59.0,	160.364,			1.443,			0.972,			0.972,			1.48,			0.969,			0.501
170,	1,	49.0,	160.501,			1.462,			0.965,			0.965,			1.448,			0.963,			0.501
171,	1,	120.0,	161.176,			1.473,			0.972,			0.972,			1.443,			0.982,			0.499
172,	2,	168.0,	162.121,			2.309,			0.09,			0.09,			2.314,			0.101,			0.051
173,	1,	44.0,	162.325,			1.453,			0.961,			0.961,			1.458,			0.963,			0.5
174,	1,	120.0,	162.693,			1.441,			0.968,			0.968,			1.467,			0.958,			0.5
175,	1,	214.0,	163.071,			1.437,			0.971,			0.971,			1.45,			0.981,			0.499
176,	1,	44.0,	163.677,			1.474,			0.995,			0.995,			1.458,			0.963,			0.499
177,	1,	379.0,	163.767,			1.443,			0.969,			0.969,			1.463,			0.973,			0.502
178,	2,	131.0,	164.073,			2.306,			0.093,			0.093,			2.302,			0.107,			0.051
179,	1,	28.0,	165.357,			1.455,			0.994,			0.994,			1.468,			0.965,			0.5
180,	2,	162.0,	165.452,			2.282,			0.105,			0.105,			2.309,			0.11,			0.049
181,	1,	49.0,	165.523,			1.466,			0.958,			0.958,			1.457,			0.964,			0.5
182,	1,	44.0,	166.103,			1.45,			0.995,			0.995,			1.46,			0.949,			0.5
183,	1,	120.0,	166.674,			1.485,			0.953,			0.953,			1.465,			0.974,			0.5
184,	2,	188.0,	167.471,			2.289,			0.104,			0.104,			2.303,			0.094,			0.05
185,	2,	125.0,	168.013,			2.312,			0.102,			0.102,			2.305,			0.106,			0.05
186,	1,	126.0,	168.102,			1.456,			0.981,			0.981,			1.473,			0.979,			0.498
187,	1,	7.0,	169.038,			1.457,			0.959,			0.959,			1.466,			0.948,			0.5
188,	1,	6.0,	169.287,			1.473,			0.962,			0.962,			1.45,			0.979,			0.501
189,	1,	7.0,	169.33,			1.458,			0.948,			0.948,			1.464,			0.978,			0.501
190,	1,	59.0,	170.155,			1.462,			0.971,			0.971,			1.465,			0.958,			0.501
191,	1,	10.0,	170.746,			1.449,			0.949,			0.949,			1.478,			0.961,			0.5
192,	2,	107.0,	170.997,			2.309,			0.098,			0.098,			2.307,			0.098,			0.052
193,	1,	7.0,	172.608,			1.451,			0.968,			0.968,			1.47,			0.945,			0.502
194,	2,	184.0,	172.741,			2.301,			0.098,			0.098,			2.295,			0.093,			0.05
195,	1,	7.0,	173.106,			1.441,			0.954,			0.954,			1.458,			0.969,			0.501
196,	1,	6.0,	173.16,			1.462,			0.968,			0.968,			1.46,			0.968,			0.5
197,	2,	126.0,	173.227,			2.312,			0.096,			0.096,			2.301,			0.098,			0.051
198,	1,	7.0,	173.422,			1.463,			0.96,			0.96,			1.467,			0.949,			0.5
199,	2,	100.0,	173.573,			2.322,			0.103,			0.103,			2.293,			0.093,			0.049
200,	2,	186.0,	173.774,			2.293,			0.104,			0.104,			2.311,			0.095,			0.05
201,	2,	203.0,	174.039,			2.265,			0.111,			0.111,			2.3,			0.108,			0.051
202,	2,	149.0,	174.058,			2.298,			0.1,			0.1,			2.297,			0.095,			0.05
203,	2,	197.0,	174.111,			2.31,			0.096,			0.096,			2.295,			0.095,			0.049
204,	2,	183.0,	174.304,			2.298,			0.101,			0.101,			2.322,			0.103,			0.05
205,	1,	146.0,	174.422,			1.451,			0.979,			0.979,			1.466,			0.975,			0.501
206,	1,	13.0,	175.108,			1.451,			0.962,			0.962,			1.46,			0.97,			0.501
207,	2,	143.0,	175.596,			2.305,			0.1,			0.1,			2.31,			0.1,			0.052
208,	1,	120.0,	176.834,			1.463,			0.969,			0.969,			1.457,			0.974,			0.498
209,	2,	101.0,	177.432,			2.293,			0.097,			0.097,			2.289,			0.106,			0.049
210,	1,	44.0,	177.486,			1.469,			0.98,			0.98,			1.473,			0.97,			0.5
211,	1,	103.0,	177.623,			1.458,			0.978,			0.978,			1.461,			0.967,			0.501
212,	2,	244.0,	177.846,			2.288,			0.103,			0.103,			2.31,			0.106,			0.05
213,	1,	7.0,	178.257,			1.461,			0.975,			0.975,			1.459,			0.964,			0.498
214,	1,	59.0,	178.728,			1.464,			0.956,			0.956,			1.455,			0.965,			0.499
215,	1,	447.0,	178.878,			1.455,			0.964,			0.964,			1.448,			0.969,			0.5
216,	2,	82.0,	179.514,			2.314,			0.098,			0.098,			2.316,			0.091,			0.05
217,	1,	169.0,	180.013,			1.448,			0.975,			0.975,			1.45,			0.957,			0.501
218,	1,	120.0,	180.13,			1.467,			0.976,			0.976,			1.447,			0.948,			0.499
219,	1,	498.0,	180.235,			1.465,			0.981,			0.981,			1.454,			0.98,			0.501
220,	1,	387.0,	180.264,			1.437,			0.983,			0.983,			1.464,			0.983,			0.502
221,	2,	236.0,	180.458,			2.286,			0.097,			0.097,			2.304,			0.1,			0.049
222,	1,	447.0,	180.664,			1.453,			0.983,			0.983,			1.462,			0.968,			0.501
223,	1,	10.0,	181.077,			1.469,			0.974,			0.974,			1.464,			0.983,			0.5
224,	1,	146.0,	181.448,			1.46,			0.965,			0.965,			1.458,			0.989,			0.5
225,	2,	195.0,	181.813,			2.291,			0.113,			0.113,			2.29,			0.094,			0.051
226,	1,	44.0,	182.24,			1.463,			0.967,			0.967,			1.449,			0.975,			0.499
227,	2,	253.0,	182.432,			2.293,			0.092,			0.092,			2.276,			0.105,			0.051
228,	2,	296.0,	182.903,			2.313,			0.096,			0.096,			2.312,			0.103,			0.05
229,	2,	74.0,	182.972,			2.297,			0.093,			0.093,			2.31,			0.103,			0.049
230,	1,	7.0,	184.864,			1.45,			0.966,			0.966,			1.468,			0.976,			0.5
231,	1,	498.0,	185.899,			1.482,			0.971,			0.971,			1.462,			0.949,			0.501
232,	1,	169.0,	186.125,			1.46,			0.967,			0.967,			1.444,			0.967,			0.5
233,	1,	103.0,	186.233,			1.448,			0.98,			0.98,			1.472,			0.955,			0.501
234,	1,	10.0,	186.927,			1.462,			0.972,			0.972,			1.448,			0.972,			0.5
235,	1,	6.0,	188.008,			1.452,			0.964,			0.964,			1.458,			0.971,			0.501
236,	1,	7.0,	188.168,			1.462,			0.974,			0.974,			1.451,			0.983,			0.498
237,	1,	7.0,	189.098,			1.475,			0.958,			0.958,			1.454,			0.962,			0.501
238,	1,	169.0,	189.262,			1.472,			0.961,			0.961,			1.451,			0.982,			0.5
239,	1,	49.0,	189.736,			1.451,			0.967,			0.967,			1.466,			0.968,			0.499
240,	1,	28.0,	190.436,			1.465,			0.948,			0.948,			1.456,			0.983,			0.501
241,	1,	7.0,	191.098,			1.47,			0.982,			0.982,			1.462,			0.989,			0.501
242,	1,	44.0,	191.78,			1.465,			0.966,			0.966,			1.461,			0.978,			0.5
243,	1,	387.0,	192.089,			1.47,			0.97,			0.97,			1.449,			0.993,			0.5
244,	2,	105.0,	192.335,			2.316,			0.094,			0.094,			2.277,			0.093,			0.05
245,	1,	10.0,	192.37,			1.457,			0.983,			0.983,			1.472,			0.962,			0.5
246,	1,	169.0,	193.223,			1.435,			0.98,			0.98,			1.464,			0.966,			0.501
247,	2,	66.0,	193.805,			2.29,			0.099,			0.099,			2.306,			0.105,			0.049
248,	1,	146.0,	194.143,			1.456,			0.974,			0.974,			1.452,			0.949,			0.5
249,	1,	30.0,	194.149,			1.469,			0.968,			0.968,			1.443,			0.968,			0.499
250,	1,	6.0,	194.197,			1.466,			0.969,			0.969,			1.448,			0.966,			0.499
251,	1,	6.0,	195.675,			1.454,			0.983,			0.983,			1.452,			0.979,			0.5
252,	1,	214.0,	196.084,			1.453,			0.982,			0.982,			1.466,			0.962,			0.498
253,	1,	7.0,	196.713,			1.463,			0.967,			0.967,			1.449,			0.964,			0.5
254,	2,	109.0,	196.878,			2.291,			0.106,			0.106,			2.292,			0.101,			0.051
255,	1,	120.0,	197.425,			1.468,			0.959,			0.959,			1.456,			0.979,			0.501
256,	1,	7.0,	198.051,			1.462,			0.982,			0.982,			1.461,			0.972,			0.499
257,	1,	13.0,	198.1,			1.467,			0.97,			0.97,			1.462,			0.973,			0.499
258,	1,	146.0,	198.558,			1.458,			0.975,			0.975,			1.448,			0.978,			0.5
259,	1,	16.0,	199.596,			1.46,			0.983,			0.983,			1.454,			0.98,			0.501
260,	2,	144.0,	199.667,			2.314,			0.1,			0.1,			2.296,			0.092,			0.05
261,	1,	7.0,	199.874,			1.462,			0.982,			0.982,			1.445,			0.977,			0.499
262,	1,	10.0,	199.978,			1.444,			0.975,			0.975,			1.48,			0.963,			0.501
263,	1,	157.0,	200.258,			1.438,			0.991,			0.991,			1.463,			0.981,			0.499
264,	1,	214.0,	200.534,			1.458,			0.967,			0.967,			1.449,			0.965,			0.5
265,	1,	44.0,	200.541,			1.443,			0.964,			0.964,			1.459,			0.962,			0.499
266,	2,	153.0,	200.855,			2.296,			0.097,			0.097,			2.293,			0.097,			0.048
267,	1,	59.0,	201.034,			1.458,			0.979,			0.979,			1.471,			0.963,			0.501
268,	2,	105.0,	201.209,			2.297,			0.105,			0.105,			2.287,			0.098,			0.051
269,	1,	30.0,	201.56,			1.464,			0.964,			0.964,			1.465,			0.989,			0.5
270,	1,	90.0,	202.005,			1.453,			0.972,			0.972,			1.455,			0.949,			0.499
271,	2,	63.0,	202.103,			2.311,			0.115,			0.115,			2.312,			0.098,			0.051
272,	1,	6.0,	202.463,			1.457,			0.961,			0.961,			1.468,			0.944,			0.499
273,	1,	512.0,	202.473,			1.477,			0.982,			0.982,			1.454,			0.991,			0.499
274,	1,	16.0,	203.0,			1.456,			0.98,			0.98,			1.471,			0.963,			0.501
275,	1,	7.0,	203.093,			1.453,			0.949,			0.949,			1.477,			0.96,			0.501
276,	1,	7.0,	203.618,			1.472,			0.987,			0.987,			1.478,			0.968,			0.5
277,	1,	120.0,	204.103,			1.456,			0.974,			0.974,			1.458,			0.97,			0.498
278,	2,	207.0,	204.616,			2.286,			0.099,			0.099,			2.32,			0.1,			0.048
279,	1,	214.0,	204.968,			1.459,			0.971,			0.971,			1.455,			0.966,			0.501
280,	1,	387.0,	205.944,			1.475,			0.971,			0.971,			1.456,			0.965,			0.5
281,	1,	512.0,	206.155,			1.461,			0.973,			0.973,			1.46,			0.99,			0.501
282,	1,	512.0,	206.276,			1.477,			0.98,			0.98,			1.468,			0.983,			0.498
283,	1,	6.0,	206.515,			1.449,			0.944,			0.944,			1.457,			0.971,			0.499
284,	1,	95.0,	206.709,			1.465,			0.949,			0.949,			1.448,			0.971,			0.499
285,	1,	95.0,	207.299,			1.464,			0.957,			0.957,			1.474,			0.955,			0.5
286,	1,	126.0,	207.805,			1.453,			0.953,			0.953,			1.44,			0.964,			0.5
287,	2,	120.0,	207.858,			2.286,			0.1,			0.1,			2.31,			0.098,			0.05
288,	1,	7.0,	208.167,			1.467,			0.963,			0.963,			1.446,			0.983,			0.5
289,	2,	160.0,	208.19,			2.292,			0.104,			0.104,			2.278,			0.101,			0.049
290,	1,	49.0,	208.41,			1.444,			0.961,			0.961,			1.463,			0.982,			0.501
291,	1,	379.0,	208.448,			1.465,			0.98,			0.98,			1.482,			0.966,			0.5
292,	1,	169.0,	209.501,			1.449,			0.986,			0.986,			1.453,			0.978,			0.5
293,	2,	106.0,	209.88,			2.298,			0.106,			0.106,			2.308,			0.098,			0.048
294,	2,	124.0,	210.288,			2.312,			0.101,			0.101,			2.307,			0.096,			0.05
295,	1,	387.0,	210.916,			1.458,			0.966,			0.966,			1.467,			0.965,			0.5
296,	1,	16.0,	211.005,			1.459,			0.979,			0.979,			1.46,			0.97,			0.502
297,	1,	6.0,	211.66,			1.469,			0.965,			0.965,			1.456,			0.956,			0.501
298,	1,	95.0,	212.594,			1.467,			0.98,			0.98,			1.465,			0.98,			0.5
299,	1,	13.0,	213.023,			1.464,			0.958,			0.958,			1.461,			0.975,			0.499
300,	1,	120.0,	213.16,			1.457,			0.968,			0.968,			1.45,			0.96,			0.499
301,	1,	6.0,	213.339,			1.465,			0.972,			0.972,			1.458,			0.953,			0.5
302,	1,	7.0,	213.409,			1.468,			0.969,			0.969,			1.46,			0.965,			0.499
303,	1,	146.0,	213.442,			1.456,			0.968,			0.968,			1.441,			0.974,			0.499
304,	2,	206.0,	214.459,			2.283,			0.106,			0.106,			2.31,			0.092,			0.049
305,	1,	95.0,	214.468,			1.448,			0.968,			0.968,			1.456,			0.97,			0.5
306,	1,	44.0,	214.551,			1.472,			0.971,			0.971,			1.47,			0.977,			0.501
307,	2,	129.0,	214.589,			2.3,			0.095,			0.095,			2.295,			0.09,			0.052
308,	1,	498.0,	215.106,			1.464,			0.965,			0.965,			1.456,			0.979,			0.5
309,	3,	216.2,	215.61,			5.5,			1.499,			1.499,			5.489,			1.519,			0.897
310,	2,	222.0,	215.693,			2.295,			0.103,			0.103,			2.299,			0.11,			0.05
311,	1,	214.0,	215.816,			1.456,			0.975,			0.975,			1.463,			0.965,			0.5
312,	1,	10.0,	215.819,			1.458,			0.95,			0.95,			1.456,			0.963,			0.5
313,	3,	508.5,	215.99,			5.511,			1.493,			1.493,			5.497,			1.492,			0.904
314,	1,	214.0,	216.274,			1.468,			0.965,			0.965,			1.462,			0.972,			0.5
315,	3,	194.8,	216.297,			5.507,			1.501,			1.501,			5.499,			1.515,			0.89
316,	3,	74.6,	216.585,			5.504,			1.502,			1.502,			5.492,			1.507,			0.911
317,	3,	348.8,	216.657,			5.495,			1.49,			1.49,			5.499,			1.512,			0.889
318,	1,	49.0,	216.729,			1.451,			0.953,			0.953,			1.468,			0.982,			0.5
319,	3,	149.0,	216.758,			5.49,			1.489,			1.489,			5.502,			1.502,			0.896
320,	1,	30.0,	216.858,			1.472,			0.973,			0.973,			1.447,			0.976,			0.5
321,	1,	512.0,	217.058,			1.494,			0.96,			0.96,			1.451,			0.976,			0.499
322,	1,	30.0,	217.122,			1.474,			0.951,			0.951,			1.471,			0.963,			0.5
323,	3,	145.1,	217.133,			5.517,			1.494,			1.494,			5.507,			1.497,			0.898
324,	3,	281.2,	217.178,			5.48,			1.494,			1.494,			5.498,			1.503,			0.903
325,	3,	671.3,	217.239,			5.492,			1.479,			1.479,			5.494,			1.505,			0.903
326,	1,	30.0,	217.795,			1.452,			0.979,			0.979,			1.457,			0.974,			0.502
327,	1,	44.0,	218.378,			1.451,			0.965,			0.965,			1.468,			0.968,			0.5
328,	2,	129.0,	218.856,			2.289,			0.103,			0.103,			2.305,			0.101,			0.05
329,	1,	512.0,	219.006,			1.459,			0.96,			0.96,			1.455,			0.982,			0.501
330,	3,	204.0,	219.067,			5.479,			1.513,			1.513,			5.484,			1.497,			0.9
331,	3,	130.7,	219.105,			5.487,			1.505,			1.505,			5.501,			1.505,			0.89
332,	2,	186.0,	219.241,			2.272,			0.096,			0.096,			2.305,			0.095,			0.049
333,	3,	720.7,	219.481,			5.515,			1.499,			1.499,			5.516,			1.489,			0.902
334,	1,	387.0,	219.555,			1.452,			0.97,			0.97,			1.471,			0.98,			0.501
335,	3,	94.8,	219.677,			5.488,			1.494,			1.494,			5.494,			1.515,			0.897
336,	3,	235.7,	220.015,			5.515,			1.513,			1.513,			5.488,			1.482,			0.901
337,	3,	567.1,	220.032,			5.532,			1.496,			1.496,			5.482,			1.495,			0.907
338,	3,	113.2,	220.232,			5.515,			1.5,			1.5,			5.519,			1.507,			0.898
339,	1,	387.0,	221.225,			1.465,			0.963,			0.963,			1.467,			0.99,			0.501
340,	2,	147.0,	222.21,			2.31,			0.096,			0.096,			2.316,			0.098,			0.05
341,	2,	84.0,	222.792,			2.296,			0.101,			0.101,			2.289,			0.095,			0.053
342,	1,	214.0,	223.048,			1.473,			0.985,			0.985,			1.452,			0.962,			0.499
343,	1,	13.0,	223.38,			1.45,			0.965,			0.965,			1.44,			0.969,			0.498
344,	1,	10.0,	223.806,			1.474,			0.967,			0.967,			1.458,			0.953,			0.499
345,	1,	169.0,	224.871,			1.446,			0.949,			0.949,			1.465,			0.966,			0.5
346,	1,	498.0,	224.933,			1.445,			0.968,			0.968,			1.453,			0.983,			0.498
347,	1,	6.0,	225.108,			1.469,			0.97,			0.97,			1.486,			0.956,			0.5
348,	1,	120.0,	225.43,			1.457,			0.975,			0.975,			1.462,			0.952,			0.502
349,	1,	59.0,	225.47,			1.453,			0.967,			0.967,			1.443,			0.994,			0.5
350,	1,	6.0,	225.472,			1.448,			0.964,			0.964,			1.469,			0.977,			0.499
351,	1,	379.0,	225.549,			1.436,			0.978,			0.978,			1.468,			0.961,			0.499
352,	1,	7.0,	225.703,			1.448,			0.983,			0.983,			1.457,			0.969,			0.5
353,	1,	7.0,	225.984,			1.462,			0.964,			0.964,			1.465,			0.979,			0.5
354,	1,	49.0,	226.491,			1.452,			0.964,			0.964,			1.47,			0.975,			0.498
355,	1,	7.0,	226.602,			1.444,			0.979,			0.979,			1.458,			0.967,			0.499
356,	1,	16.0,	226.992,			1.474,			0.973,			0.973,			1.456,			0.969,			0.502
357,	1,	7.0,	227.454,			1.462,			0.968,			0.968,			1.473,			0.965,			0.501
358,	1,	6.0,	227.547,			1.474,			0.977,			0.977,			1.465,			0.972,			0.501
359,	2,	62.0,	227.792,			2.3,			0.099,			0.099,			2.314,			0.102,			0.05
360,	1,	447.0,	228.818,			1.45,			0.976,			0.976,			1.494,			0.976,			0.5
361,	1,	44.0,	229.132,			1.468,			0.973,			0.973,			1.45,			0.966,			0.5
362,	1,	387.0,	229.286,			1.468,			0.96,			0.96,			1.468,			0.967,			0.5
363,	1,	95.0,	229.361,			1.463,			0.957,			0.957,			1.463,			0.973,			0.5
364,	1,	7.0,	230.403,			1.468,			0.959,			0.959,			1.477,			0.956,			0.499
365,	1,	6.0,	230.57,			1.457,			0.966,			0.966,			1.47,			0.955,			0.5
366,	2,	195.0,	230.885,			2.301,			0.103,			0.103,			2.29,			0.102,			0.051
367,	1,	59.0,	231.463,			1.471,			0.981,			0.981,			1.466,			0.975,			0.499
368,	1,	10.0,	231.756,			1.477,			0.982,			0.982,			1.449,			0.951,			0.499
369,	1,	6.0,	231.949,			1.456,			0.958,			0.958,			1.474,			0.98,			0.499
370,	2,	80.0,	231.995,			2.288,			0.099,			0.099,			2.289,			0.096,			0.05
371,	1,	559.0,	232.717,			1.453,			0.963,			0.963,			1.472,			0.976,			0.501
372,	2,	176.0,	232.879,			2.31,			0.092,			0.092,			2.302,			0.098,			0.048
373,	1,	49.0,	232.957,			1.458,			0.971,			0.971,			1.487,			0.963,			0.501
374,	1,	157.0,	233.614,			1.441,			0.96,			0.96,			1.46,			0.969,			0.501
375,	2,	150.0,	234.1,			2.296,			0.106,			0.106,			2.312,			0.098,			0.05
376,	2,	36.0,	234.368,			2.306,			0.103,			0.103,			2.305,			0.094,			0.051
377,	1,	49.0,	234.682,			1.468,			0.985,			0.985,			1.472,			0.982,			0.501
378,	1,	7.0,	234.688,			1.467,			0.963,			0.963,			1.453,			0.969,			0.499
379,	2,	114.0,	234.994,			2.315,			0.085,			0.085,			2.308,			0.104,			0.051
380,	1,	13.0,	235.219,			1.466,			0.961,			0.961,			1.46,			0.963,			0.499
381,	1,	7.0,	235.583,			1.458,			0.962,			0.962,			1.449,			0.964,			0.501
382,	1,	103.0,	236.08,			1.468,			0.975,			0.975,			1.454,			0.969,			0.499
383,	1,	95.0,	236.333,			1.453,			0.983,			0.983,			1.461,			0.969,			0.502
384,	1,	157.0,	236.392,			1.458,			0.951,			0.951,			1.46,			0.965,			0.501
385,	1,	146.0,	236.933,			1.464,			0.957,			0.957,			1.441,			0.968,			0.501
386,	1,	44.0,	236.942,			1.466,			0.975,			0.975,			1.469,			0.969,			0.499
387,	1,	447.0,	236.966,			1.464,			0.958,			0.958,			1.456,			0.966,			0.502
388,	1,	214.0,	237.053,			1.45,			0.986,			0.986,			1.471,			0.969,			0.501
389,	1,	30.0,	237.063,			1.463,			0.966,			0.966,			1.456,			0.988,			0.5
390,	1,	44.0,	237.528,			1.459,			0.965,			0.965,			1.467,			0.97,			0.5
391,	1,	214.0,	238.12,			1.458,			0.984,			0.984,			1.453,			0.971,			0.5
392,	1,	44.0,	238.585,			1.45,			0.958,			0.958,			1.466,			0.96,			0.5
393,	1,	59.0,	238.778,			1.469,			0.97,			0.97,			1.465,			0.985,			0.5
394,	2,	172.0,	238.987,			2.296,			0.096,			0.096,			2.306,			0.095,			0.049
395,	1,	59.0,	239.086,			1.468,			0.978,			0.978,			1.471,			0.969,			0.501
396,	1,	379.0,	239.197,			1.47,			0.966,			0.966,			1.464,			0.947,			0.498
397,	1,	10.0,	239.559,			1.464,			0.985,			0.985,			1.452,			0.977,			0.501
398,	1,	49.0,	239.574,			1.471,			0.984,			0.984,			1.45,			0.972,			0.498
399,	2,	135.0,	240.17,			2.311,			0.105,			0.105,			2.296,			0.101,			0.05
400,	1,	169.0,	240.706,			1.46,			0.971,			0.971,			1.457,			0.959,			0.502
401,	2,	211.0,	240.952,			2.279,			0.102,			0.102,			2.309,			0.093,			0.05
402,	1,	6.0,	241.161,			1.448,			0.966,			0.966,			1.46,			0.967,			0.501
403,	1,	146.0,	241.164,			1.452,			0.966,			0.966,			1.449,			0.975,			0.499
404,	1,	10.0,	241.178,			1.456,			0.966,			0.966,			1.456,			0.969,			0.502
405,	2,	136.0,	241.591,			2.31,			0.1,			0.1,			2.289,			0.102,			0.049
406,	1,	498.0,	241.781,			1.459,			0.976,			0.976,			1.455,			0.977,			0.501
407,	1,	30.0,	241.868,			1.462,			0.969,			0.969,			1.453,			0.968,			0.501
408,	1,	7.0,	242.14,			1.45,			0.962,			0.962,			1.457,			0.986,			0.499
409,	1,	214.0,	243.167,			1.449,			0.973,			0.973,			1.462,			0.969,			0.5
410,	2,	187.0,	243.198,			2.303,			0.097,			0.097,			2.301,			0.094,			0.051
411,	1,	6.0,	243.737,			1.47,			0.984,			0.984,			1.469,			0.987,			0.501
412,	1,	7.0,	244.949,			1.455,			0.981,			0.981,			1.447,			0.978,			0.497
413,	2,	160.0,	244.963,			2.303,			0.101,			0.101,			2.291,			0.098,			0.052
414,	1,	44.0,	245.313,			1.467,			0.969,			0.969,			1.451,			0.978,			0.5
415,	1,	447.0,	245.6,			1.45,			0.961,			0.961,			1.45,			0.962,			0.5
416,	1,	90.0,	245.72,			1.466,			0.966,			0.966,			1.462,			0.964,			0.501
417,	1,	28.0,	246.119,			1.458,			0.965,			0.965,			1.468,			0.976,			0.5
418,	1,	44.0,	246.246,			1.459,			0.976,			0.976,			1.451,			0.976,			0.5
419,	2,	95.0,	246.369,			2.298,			0.093,			0.093,			2.305,			0.095,			0.05
420,	1,	13.0,	246.8,			1.447,			0.982,			0.982,			1.457,			0.982,			0.501
421,	1,	95.0,	247.17,			1.462,			0.976,			0.976,			1.455,			0.987,			0.499
422,	1,	120.0,	247.499,			1.456,			0.974,			0.974,			1.473,			0.963,			0.501
423,	1,	157.0,	247.859,			1.472,			0.969,			0.969,			1.447,			0.964,			0.499
424,	2,	192.0,	247.982,			2.304,			0.106,			0.106,			2.294,			0.103,			0.05
425,	1,	126.0,	248.054,			1.467,			0.986,			0.986,			1.443,			0.968,			0.5
426,	1,	120.0,	248.192,			1.445,			0.979,			0.979,			1.457,			0.97,			0.499
427,	1,	214.0,	248.258,			1.429,			0.965,			0.965,			1.482,			0.989,			0.501
428,	1,	120.0,	248.264,			1.456,			0.967,			0.967,			1.451,			0.976,			0.501
429,	1,	59.0,	248.517,			1.463,			0.968,			0.968,			1.478,			0.96,			0.501
430,	1,	126.0,	249.885,			1.452,			0.978,			0.978,			1.456,			0.98,			0.501
431,	2,	127.0,	250.899,			2.303,			0.1,			0.1,			2.3,			0.095,			0.052
432,	1,	447.0,	251.41,			1.456,			0.974,			0.974,			1.477,			0.969,			0.501
433,	1,	6.0,	251.542,			1.453,			0.973,			0.973,			1.445,			0.964,			0.499
434,	1,	59.0,	251.953,			1.447,			0.972,			0.972,			1.45,			0.972,			0.5
435,	3,	475.4,	252.044,			5.5,			1.499,			1.499,			5.506,			1.498,			0.894
436,	3,	433.5,	252.142,			5.502,			1.5,			1.5,			5.501,			1.496,			0.898
437,	2,	154.0,	252.317,			2.299,			0.098,			0.098,			2.302,			0.097,			0.049
438,	1,	7.0,	252.399,			1.444,			0.974,			0.974,			1.463,			0.978,			0.5
439,	3,	124.8,	252.883,			5.495,			1.485,			1.485,			5.498,			1.497,			0.904
440,	3,	698.8,	252.983,			5.51,			1.515,			1.515,			5.496,			1.505,			0.902
441,	1,	379.0,	253.146,			1.459,			0.969,			0.969,			1.46,			0.981,			0.5
442,	3,	74.1,	253.188,			5.504,			1.499,			1.499,			5.495,			1.479,			0.903
443,	3,	720.7,	253.192,			5.497,			1.515,			1.515,			5.501,			1.488,			0.892
444,	1,	95.0,	253.193,			1.457,			0.966,			0.966,			1.454,			0.98,			0.501
445,	3,	82.6,	253.246,			5.506,			1.517,			1.517,			5.509,			1.492,			0.899
446,	3,	184.3,	253.333,			5.508,			1.498,			1.498,			5.511,			1.507,			0.902
447,	3,	278.4,	253.401,			5.5,			1.489,			1.489,			5.504,			1.502,			0.898
448,	1,	169.0,	253.514,			1.445,			0.987,			0.987,			1.444,			0.966,			0.5
449,	3,	469.8,	253.521,			5.505,			1.495,			1.495,			5.497,			1.503,			0.9
450,	3,	109.3,	253.57,			5.491,			1.498,			1.498,			5.491,			1.495,			0.901
451,	3,	94.8,	253.801,			5.491,			1.497,			1.497,			5.491,			1.502,			0.903
452,	2,	226.0,	253.835,			2.311,			0.101,			0.101,			2.293,			0.102,			0.05
453,	3,	888.2,	254.15,			5.484,			1.51,			1.51,			5.505,			1.495,			0.892
454,	3,	169.0,	254.202,			5.51,			1.51,			1.51,			5.498,			1.514,			0.904
455,	1,	49.0,	254.288,			1.453,			0.982,			0.982,			1.478,			0.961,			0.501
456,	3,	383.0,	254.302,			5.505,			1.491,			1.491,			5.522,			1.502,			0.902
457,	3,	84.5,	254.436,			5.516,			1.508,			1.508,			5.503,			1.499,			0.897
458,	3,	53.0,	254.533,			5.528,			1.491,			1.491,			5.496,			1.495,			0.896
459,	3,	88.8,	254.707,			5.493,			1.483,			1.483,			5.492,			1.502,			0.893
460,	3,	273.4,	254.73,			5.487,			1.479,			1.479,			5.507,			1.52,			0.897
461,	3,	579.6,	254.867,			5.488,			1.509,			1.509,			5.484,			1.505,			0.903
462,	3,	224.5,	254.882,			5.507,			1.496,			1.496,			5.496,			1.502,			0.888
463,	3,	117.9,	254.946,			5.488,			1.512,			1.512,			5.497,			1.51,			0.906
464,	1,	44.0,	255.097,			1.443,			0.953,			0.953,			1.475,			0.953,			0.499
465,	3,	472.3,	255.179,			5.504,			1.505,			1.505,			5.501,			1.483,			0.905
466,	3,	106.5,	255.547,			5.498,			1.512,			1.512,			5.504,			1.503,			0.904
467,	3,	212.6,	255.609,			5.518,			1.491,			1.491,			5.521,			1.486,			0.902
468,	3,	96.3,	255.624,			5.509,			1.508,			1.508,			5.501,			1.492,			0.903
469,	2,	230.0,	255.633,			2.292,			0.105,			0.105,			2.315,			0.098,			0.05
470,	3,	95.7,	255.995,			5.499,			1.499,			1.499,			5.513,			1.504,			0.897
471,	1,	16.0,	256.001,			1.451,			0.938,			0.938,			1.458,			0.977,			0.499
472,	2,	238.0,	256.427,			2.294,			0.098,			0.098,			2.314,			0.101,			0.051
473,	3,	115.9,	256.523,			5.489,			1.507,			1.507,			5.493,			1.496,			0.902
474,	3,	244.9,	256.539,			5.495,			1.494,			1.494,			5.489,			1.509,			0.908
475,	3,	74.1,	256.564,			5.506,			1.482,			1.482,			5.508,			1.497,			0.899
476,	3,	107.0,	256.609,			5.505,			1.477,			1.477,			5.503,			1.504,			0.9
477,	3,	146.0,	256.735,			5.502,			1.508,			1.508,			5.489,			1.505,			0.9
478,	1,	10.0,	256.751,			1.451,			0.968,			0.968,			1.458,			0.973,			0.5
479,	2,	275.0,	256.94,			2.295,			0.102,			0.102,			2.296,			0.098,			0.051
480,	2,	85.0,	257.363,			2.298,			0.097,			0.097,			2.302,			0.093,			0.049
481,	1,	214.0,	257.428,			1.467,			0.969,			0.969,			1.47,			0.972,			0.501
482,	2,	299.0,	257.705,			2.31,			0.11,			0.11,			2.292,			0.096,			0.049
483,	1,	28.0,	258.526,			1.442,			0.979,			0.979,			1.464,			0.977,			0.5
484,	1,	387.0,	258.527,			1.445,			0.96,			0.96,			1.462,			0.992,			0.5
485,	2,	128.0,	259.119,			2.308,			0.102,			0.102,			2.286,			0.098,			0.051
486,	1,	103.0,	259.308,			1.454,			0.957,			0.957,			1.453,			0.959,			0.498
487,	1,	512.0,	259.381,			1.469,			0.96,			0.96,			1.454,			0.956,			0.499
488,	1,	146.0,	259.728,			1.454,			1.005,			1.005,			1.462,			0.977,			0.5
489,	1,	512.0,	259.741,			1.436,			0.978,			0.978,			1.46,			0.959,			0.5
490,	1,	379.0,	259.857,			1.452,			0.971,			0.971,			1.468,			0.973,			0.5
491,	1,	90.0,	260.258,			1.467,			0.98,			0.98,			1.46,			0.985,			0.499
492,	1,	7.0,	260.589,			1.451,			0.982,			0.982,			1.468,			0.96,			0.501
493,	1,	146.0,	261.015,			1.456,			0.956,			0.956,			1.46,			0.96,			0.502
494,	2,	135.0,	261.462,			2.303,			0.095,			0.095,			2.295,			0.101,			0.049
495,	1,	146.0,	261.479,			1.46,			0.977,			0.977,			1.481,			0.974,			0.5
496,	1,	6.0,	261.485,			1.471,			0.982,			0.982,			1.472,			0.968,			0.502
497,	2,	94.0,	262.378,			2.298,			0.099,			0.099,			2.324,			0.109,			0.048
498,	2,	190.0,	262.585,			2.287,			0.104,			0.104,			2.31,			0.108,			0.052
499,	1,	387.0,	262.921,			1.452,			0.968,			0.968,			1.451,			0.977,			0.5
500,	1,	157.0,	263.058,			1.464,			0.956,			0.956,			1.424,			0.985,			0.499
501,	1,	6.0,	263.227,			1.455,			0.953,			0.953,			1.468,			0.962,			0.5
502,	1,	90.0,	263.506,			1.453,			0.982,			0.982,			1.439,			0.979,			0.501
503,	1,	447.0,	263.592,			1.469,			0.981,			0.981,			1.459,			0.98,			0.502
504,	2,	179.0,	263.683,			2.297,			0.097,			0.097,			2.294,			0.103,			0.05
505,	1,	387.0,	264.443,			1.461,			0.983,			0.983,			1.473,			0.963,			0.499
506,	1,	44.0,	264.702,			1.472,			0.963,			0.963,			1.452,			0.974,			0.5
507,	1,	498.0,	264.853,			1.475,			0.966,			0.966,			1.452,			0.983,			0.502
508,	2,	210.0,	265.005,			2.298,			0.092,			0.092,			2.307,			0.097,			0.052
509,	1,	7.0,	265.875,			1.458,			0.966,			0.966,			1.466,			0.967,			0.502
510,	1,	146.0,	266.417,			1.441,			0.971,			0.971,			1.458,			0.987,			0.501
511,	2,	99.0,	266.736,			2.297,			0.103,			0.103,			2.304,			0.095,			0.051
512,	1,	44.0,	266.867,			1.462,			0.975,			0.975,			1.445,			0.971,			0.501
513,	1,	120.0,	267.208,			1.479,			0.975,			0.975,			1.459,			0.983,			0.499
514,	1,	44.0,	267.276,			1.448,			0.976,			0.976,			1.464,			0.959,			0.499
515,	1,	49.0,	267.581,			1.468,			0.978,			0.978,			1.456,			0.969,			0.5
516,	1,	157.0,	267.598,			1.46,			0.977,			0.977,			1.452,			0.985,			0.5
517,	1,	169.0,	267.746,			1.45,			0.958,			0.958,			1.457,			0.965,			0.501
518,	1,	120.0,	268.202,			1.466,			0.976,			0.976,			1.45,			0.977,			0.501
519,	1,	59.0,	268.266,			1.454,			0.97,			0.97,			1.439,			0.969,			0.499
520,	1,	7.0,	268.903,			1.448,			0.949,			0.949,			1.462,			0.965,			0.5
521,	2,	220.0,	269.282,			2.302,			0.1,			0.1,			2.309,			0.099,			0.051
522,	1,	157.0,	270.228,			1.458,			0.98,			0.98,			1.452,			0.977,			0.5
523,	2,	171.0,	270.251,			2.295,			0.095,			0.095,			2.292,			0.096,			0.05
524,	1,	157.0,	270.336,			1.447,			0.952,			0.952,			1.457,			0.957,			0.501
525,	1,	6.0,	270.43,			1.47,			0.971,			0.971,			1.467,			0.969,			0.5
526,	2,	97.0,	270.646,			2.303,			0.103,			0.103,			2.301,			0.098,			0.049
527,	1,	7.0,	270.874,			1.468,			0.965,			0.965,			1.454,			0.991,			0.501
528,	1,	7.0,	271.129,			1.468,			0.975,			0.975,			1.456,			0.973,			0.499
529,	1,	10.0,	271.261,			1.452,			0.96,			0.96,			1.449,			0.969,			0.5
530,	2,	181.0,	272.017,			2.317,			0.098,			0.098,			2.298,			0.107,			0.049
531,	1,	7.0,	273.072,			1.461,			0.986,			0.986,			1.461,			0.964,			0.499
532,	2,	83.0,	273.538,			2.294,			0.098,			0.098,			2.294,			0.104,			0.049
533,	1,	512.0,	274.366,			1.459,			0.969,			0.969,			1.464,			0.964,			0.498
534,	1,	6.0,	275.147,			1.477,			0.961,			0.961,			1.455,			0.976,			0.501
535,	1,	214.0,	275.316,			1.461,			0.969,			0.969,			1.467,			0.972,			0.501
536,	2,	220.0,	275.749,			2.315,			0.092,			0.092,			2.282,			0.105,			0.051
537,	1,	169.0,	275.801,			1.464,			0.97,			0.97,			1.475,			0.97,			0.501
538,	1,	7.0,	275.84,			1.455,			0.982,			0.982,			1.459,			0.968,			0.5
539,	1,	95.0,	276.146,			1.47,			0.952,			0.952,			1.456,			0.967,			0.5
540,	1,	103.0,	276.301,			1.46,			0.969,			0.969,			1.449,			0.978,			0.499
541,	1,	169.0,	276.475,			1.457,			0.976,			0.976,			1.451,			0.958,			0.502
542,	1,	44.0,	277.177,			1.444,			0.976,			0.976,			1.469,			0.967,			0.501
543,	1,	214.0,	277.969,			1.463,			0.983,			0.983,			1.449,			0.958,			0.501
544,	1,	157.0,	279.136,			1.494,			0.961,			0.961,			1.451,			0.959,			0.5
545,	1,	6.0,	279.838,			1.448,			0.966,			0.966,			1.487,			0.976,			0.499
546,	1,	49.0,	279.854,			1.458,			0.98,			0.98,			1.459,			0.976,			0.5
547,	1,	90.0,	279.984,			1.466,			0.968,			0.968,			1.461,			0.965,			0.5
548,	1,	16.0,	280.37,			1.466,			0.981,			0.981,			1.451,			0.98,			0.501
549,	1,	16.0,	280.782,			1.459,			0.981,			0.981,			1.465,			0.962,			0.5
550,	1,	90.0,	281.087,			1.472,			0.975,			0.975,			1.451,			0.982,			0.501
551,	1,	95.0,	281.839,			1.473,			0.95,			0.95,			1.452,			0.962,			0.501
552,	1,	214.0,	282.01,			1.48,			0.981,			0.981,			1.451,			0.983,			0.501
553,	1,	157.0,	282.245,			1.447,			0.979,			0.979,			1.462,			0.956,			0.5
554,	1,	214.0,	283.113,			1.455,			0.968,			0.968,			1.457,			0.972,			0.5
555,	2,	24.0,	283.878,			2.313,			0.098,			0.098,			2.29,			0.097,			0.05
556,	1,	559.0,	284.202,			1.482,			0.963,			0.963,			1.451,			0.99,			0.498
557,	1,	90.0,	284.593,			1.477,			0.957,			0.957,			1.457,			0.964,			0.499
558,	1,	13.0,	285.341,			1.473,			0.97,			0.97,			1.473,			0.964,			0.501
559,	1,	7.0,	285.673,			1.455,			0.974,			0.974,			1.44,			0.968,			0.5
560,	1,	6.0,	286.112,			1.451,			0.98,			0.98,			1.489,			0.979,			0.5
561,	1,	6.0,	286.64,			1.46,			0.966,			0.966,			1.454,			0.98,			0.501
562,	1,	44.0,	286.64,			1.46,			0.966,			0.966,			1.443,			0.968,			0.5
563,	1,	95.0,	286.648,			1.446,			0.981,			0.981,			1.482,			0.966,			0.502
564,	2,	217.0,	286.829,			2.277,			0.104,			0.104,			2.3,			0.095,			0.049
565,	1,	7.0,	287.539,			1.458,			0.983,			0.983,			1.448,			0.959,			0.501
566,	1,	30.0,	287.565,			1.45,			0.973,			0.973,			1.468,			0.975,			0.499
567,	2,	109.0,	287.629,			2.282,			0.097,			0.097,			2.29,			0.097,			0.05
568,	1,	7.0,	287.651,			1.443,			0.963,			0.963,			1.439,			0.963,			0.5
569,	1,	379.0,	287.781,			1.473,			0.963,			0.963,			1.46,			0.987,			0.501
570,	1,	120.0,	288.602,			1.456,			0.968,			0.968,			1.464,			0.963,			0.5
571,	2,	91.0,	288.68,			2.306,			0.092,			0.092,			2.286,			0.105,			0.049
572,	1,	95.0,	289.142,			1.461,			0.965,			0.965,			1.482,			0.962,			0.501
573,	2,	170.0,	289.769,			2.307,			0.098,			0.098,			2.304,			0.095,			0.05
574,	1,	169.0,	290.033,			1.467,			0.97,			0.97,			1.469,			0.969,			0.499
575,	2,	365.0,	290.218,			2.295,			0.098,			0.098,			2.305,			0.098,			0.051
576,	1,	59.0,	290.528,			1.461,			0.984,			0.984,			1.478,			0.979,			0.5
577,	1,	44.0,	291.073,			1.451,			0.958,			0.958,			1.476,			0.989,			0.5
578,	1,	16.0,	291.549,			1.469,			0.971,			0.971,			1.44,			0.985,			0.5
579,	1,	126.0,	291.552,			1.466,			0.956,			0.956,			1.474,			0.961,			0.499
580,	2,	190.0,	292.036,			2.302,			0.097,			0.097,			2.305,			0.096,			0.051
581,	1,	103.0,	292.219,			1.463,			0.978,			0.978,			1.464,			0.968,			0.499
582,	1,	7.0,	292.751,			1.457,			0.963,			0.963,			1.457,			0.968,			0.501
583,	1,	146.0,	293.196,			1.46,			0.968,			0.968,			1.448,			0.981,			0.499
584,	1,	387.0,	293.269,			1.462,			0.983,			0.983,			1.459,			0.979,			0.498
585,	1,	387.0,	293.452,			1.445,			0.97,			0.97,			1.462,			0.978,			0.499
586,	1,	7.0,	293.932,			1.445,			0.977,			0.977,			1.438,			0.983,			0.501
587,	2,	154.0,	294.114,			2.286,			0.102,			0.102,			2.317,			0.098,			0.05
588,	1,	95.0,	294.134,			1.451,			0.963,			0.963,			1.461,			0.983,			0.501
589,	1,	379.0,	294.393,			1.457,			0.976,			0.976,			1.456,			0.969,			0.499
590,	1,	387.0,	294.491,			1.464,			0.974,			0.974,			1.46,			0.956,			0.501
591,	1,	59.0,	294.922,			1.458,			0.971,			0.971,			1.467,			0.975,			0.499
592,	2,	159.0,	295.151,			2.306,			0.108,			0.108,			2.312,			0.1,			0.05
593,	1,	13.0,	295.918,			1.463,			0.983,			0.983,			1.463,			0.959,			0.5
594,	1,	59.0,	296.376,			1.466,			0.977,			0.977,			1.478,			0.961,			0.5
595,	1,	7.0,	297.804,			1.479,			0.973,			0.973,			1.458,			0.977,			0.499
596,	1,	120.0,	297.86,			1.487,			0.969,			0.969,			1.462,			0.969,			0.501
597,	1,	447.0,	298.046,			1.456,			0.976,			0.976,			1.45,			0.977,			0.498
598,	1,	447.0,	298.267,			1.464,			0.968,			0.968,			1.445,			0.95,			0.498
599,	1,	103.0,	298.652,			1.461,			0.972,			0.972,			1.477,			0.962,			0.5
600,	2,	81.0,	298.82,			2.316,			0.098,			0.098,			2.3,			0.102,			0.05
601,	1,	146.0,	298.862,			1.45,			0.964,			0.964,			1.45,			0.987,			0.501
602,	1,	379.0,	298.985,			1.446,			0.973,			0.973,			1.454,			0.974,			0.5
603,	2,	131.0,	300.075,			2.315,			0.094,			0.094,			2.302,			0.099,			0.051
604,	1,	49.0,	300.893,			1.451,			0.962,			0.962,			1.457,			0.983,			0.501
605,	1,	146.0,	300.976,			1.456,			0.957,			0.957,			1.447,			0.968,			0.499
606,	1,	512.0,	301.251,			1.455,			0.991,			0.991,			1.455,			0.962,			0.5
607,	1,	30.0,	301.253,			1.463,			0.949,			0.949,			1.457,			0.963,			0.498
608,	2,	162.0,	301.432,			2.291,			0.102,			0.102,			2.289,			0.105,			0.049
609,	2,	167.0,	302.196,			2.29,			0.096,			0.096,			2.277,			0.091,			0.051
610,	1,	120.0,	302.572,			1.457,			0.977,			0.977,			1.453,			0.969,			0.501
611,	1,	498.0,	302.855,			1.458,			0.983,			0.983,			1.481,			0.965,			0.499
612,	1,	30.0,	304.255,			1.445,			0.988,			0.988,			1.452,			0.954,			0.498
613,	1,	7.0,	304.48,			1.458,			0.983,			0.983,			1.458,			0.981,			0.5
614,	2,	185.0,	304.84,			2.294,			0.101,			0.101,			2.285,			0.1,			0.05
615,	1,	7.0,	305.227,			1.465,			0.983,			0.983,			1.455,			0.98,			0.501
616,	2,	105.0,	305.321,			2.301,			0.1,			0.1,			2.294,			0.096,			0.05
617,	1,	7.0,	305.723,			1.468,			0.964,			0.964,			1.425,			0.967,			0.499
618,	2,	146.0,	306.66,			2.305,			0.092,			0.092,			2.299,			0.107,			0.051
619,	1,	44.0,	307.094,			1.468,			0.985,			0.985,			1.459,			0.956,			0.502
620,	1,	498.0,	307.169,			1.466,			0.959,			0.959,			1.453,			0.979,			0.5
621,	1,	146.0,	307.46,			1.463,			0.977,			0.977,			1.457,			0.971,			0.5
622,	1,	49.0,	307.649,			1.441,			0.964,			0.964,			1.448,			0.97,			0.502
623,	2,	94.0,	308.675,			2.298,			0.098,			0.098,			2.309,			0.103,			0.05
624,	1,	10.0,	308.693,			1.47,			0.965,			0.965,			1.453,			0.977,			0.499
625,	1,	447.0,	309.143,			1.479,			0.972,			0.972,			1.45,			0.976,			0.502
626,	2,	317.0,	309.615,			2.304,			0.099,			0.099,			2.307,			0.1,			0.051
627,	1,	146.0,	309.857,			1.46,			0.953,			0.953,			1.458,			0.957,			0.499
628,	1,	447.0,	309.951,			1.472,			0.967,			0.967,			1.451,			0.976,			0.5
629,	1,	59.0,	311.194,			1.477,			0.975,			0.975,			1.457,			0.995,			0.5
630,	1,	44.0,	311.364,			1.444,			0.969,			0.969,			1.454,			0.962,			0.5
631,	1,	10.0,	311.391,			1.458,			0.963,			0.963,			1.464,			0.977,			0.499
632,	1,	44.0,	311.524,			1.473,			0.97,			0.97,			1.452,			0.965,			0.501
633,	1,	447.0,	312.187,			1.465,			0.958,			0.958,			1.439,			0.975,			0.499
634,	1,	44.0,	312.721,			1.457,			0.976,			0.976,			1.462,			0.956,			0.5
635,	1,	28.0,	312.795,			1.449,			0.974,			0.974,			1.462,			0.983,			0.5
636,	1,	512.0,	313.347,			1.47,			0.971,			0.971,			1.467,			0.954,			0.499
637,	1,	379.0,	313.885,			1.438,			0.979,			0.979,			1.456,			0.962,			0.5
638,	1,	7.0,	314.838,			1.46,			0.973,			0.973,			1.48,			0.973,			0.499
639,	2,	150.0,	316.167,			2.303,			0.096,			0.096,			2.324,			0.098,			0.049
640,	1,	169.0,	316.88,			1.458,			0.963,			0.963,			1.453,			0.963,			0.5
641,	1,	447.0,	316.935,			1.47,			0.964,			0.964,			1.454,			0.974,			0.499
642,	2,	116.0,	318.228,			2.307,			0.103,			0.103,			2.314,			0.106,			0.05
643,	1,	169.0,	319.124,			1.45,			0.973,			0.973,			1.466,			0.982,			0.502
644,	2,	134.0,	319.396,			2.292,			0.098,			0.098,			2.307,			0.097,			0.05
645,	1,	498.0,	319.869,			1.475,			0.979,			0.979,			1.463,			0.975,			0.501
646,	2,	98.0,	320.684,			2.298,			0.098,			0.098,			2.291,			0.091,			0.047
647,	1,	49.0,	321.671,			1.445,			0.975,			0.975,			1.464,			0.969,			0.498
648,	1,	95.0,	321.985,			1.476,			0.956,			0.956,			1.465,			0.952,			0.501
649,	1,	379.0,	322.623,			1.46,			0.963,			0.963,			1.467,			0.965,			0.5
650,	1,	214.0,	322.937,			1.457,			0.983,			0.983,			1.472,			0.977,			0.499
651,	1,	7.0,	323.095,			1.452,			0.969,			0.969,			1.447,			0.96,			0.501
652,	2,	177.0,	324.175,			2.315,			0.096,			0.096,			2.303,			0.101,			0.05
653,	2,	145.0,	324.545,			2.301,			0.102,			0.102,			2.305,			0.103,			0.05
654,	1,	16.0,	324.93,			1.446,			0.967,			0.967,			1.452,			0.973,			0.502
655,	2,	127.0,	325.09,			2.308,			0.095,			0.095,			2.301,			0.104,			0.051
656,	2,	26.0,	326.617,			2.288,			0.102,			0.102,			2.306,			0.096,			0.05
657,	2,	225.0,	327.586,			2.286,			0.091,			0.091,			2.294,			0.099,			0.049
658,	1,	120.0,	327.62,			1.477,			0.957,			0.957,			1.457,			0.974,			0.499
659,	1,	49.0,	327.884,			1.457,			0.959,			0.959,			1.456,			0.976,			0.499
660,	1,	7.0,	328.186,			1.456,			0.969,			0.969,			1.448,			0.948,			0.499
661,	2,	144.0,	328.306,			2.308,			0.105,			0.105,			2.301,			0.095,			0.049
662,	1,	512.0,	328.453,			1.463,			0.969,			0.969,			1.463,			0.968,			0.499
663,	1,	7.0,	328.537,			1.451,			0.965,			0.965,			1.474,			0.959,			0.502
664,	1,	7.0,	329.008,			1.438,			0.987,			0.987,			1.46,			0.957,			0.502
665,	2,	192.0,	329.441,			2.298,			0.096,			0.096,			2.303,			0.098,			0.049
666,	1,	7.0,	330.648,			1.462,			0.971,			0.971,			1.458,			0.964,			0.5
667,	1,	49.0,	330.711,			1.446,			0.96,			0.96,			1.475,			0.964,			0.501
668,	2,	113.0,	331.465,			2.29,			0.089,			0.089,			2.3,			0.103,			0.05
669,	1,	103.0,	332.806,			1.474,			0.983,			0.983,			1.481,			0.963,			0.502
670,	1,	169.0,	333.044,			1.452,			0.976,			0.976,			1.457,			0.952,			0.5
671,	1,	379.0,	333.093,			1.461,			0.989,			0.989,			1.458,			0.974,			0.498
672,	2,	178.0,	333.227,			2.296,			0.104,			0.104,			2.303,			0.104,			0.05
673,	1,	512.0,	333.605,			1.449,			0.952,			0.952,			1.45,			0.965,			0.5
674,	2,	126.0,	334.466,			2.304,			0.11,			0.11,			2.297,			0.099,			0.05
675,	1,	146.0,	334.698,			1.461,			0.965,			0.965,			1.465,			0.981,			0.5
676,	1,	512.0,	334.993,			1.471,			0.991,			0.991,			1.46,			0.983,			0.499
677,	1,	95.0,	335.569,			1.456,			0.972,			0.972,			1.482,			0.971,			0.501
678,	2,	99.0,	335.686,			2.286,			0.099,			0.099,			2.309,			0.092,			0.049
679,	1,	103.0,	336.147,			1.454,			0.98,			0.98,			1.465,			0.977,			0.5
680,	1,	59.0,	336.354,			1.452,			0.968,			0.968,			1.459,			0.964,			0.498
681,	2,	116.0,	336.5,			2.304,			0.099,			0.099,			2.312,			0.1,			0.05
682,	1,	13.0,	336.937,			1.458,			0.959,			0.959,			1.467,			0.966,			0.498
683,	1,	120.0,	337.343,			1.459,			0.983,			0.983,			1.464,			0.963,			0.5
684,	1,	7.0,	337.537,			1.44,			0.964,			0.964,			1.467,			0.98,			0.5
685,	1,	44.0,	337.638,			1.462,			0.959,			0.959,			1.455,			0.978,			0.5
686,	1,	95.0,	339.007,			1.449,			0.961,			0.961,			1.468,			0.984,			0.5
687,	1,	379.0,	339.343,			1.461,			0.977,			0.977,			1.455,			0.974,			0.5
688,	2,	217.0,	339.389,			2.295,			0.096,			0.096,			2.298,			0.099,			0.052
689,	2,	157.0,	339.493,			2.306,			0.1,			0.1,			2.272,			0.1,			0.05
690,	1,	169.0,	339.556,			1.458,			0.976,			0.976,			1.468,			0.976,			0.501
691,	1,	387.0,	341.581,			1.463,			0.954,			0.954,			1.456,			0.967,			0.5
692,	1,	7.0,	342.353,			1.455,			0.968,			0.968,			1.462,			0.952,			0.502
693,	1,	28.0,	342.941,			1.457,			0.967,			0.967,			1.459,			0.972,			0.502
694,	2,	176.0,	343.527,			2.3,			0.1,			0.1,			2.302,			0.095,			0.05
695,	1,	103.0,	343.553,			1.443,			0.965,			0.965,			1.448,			0.966,			0.498
696,	1,	157.0,	343.728,			1.449,			0.963,			0.963,			1.451,			0.972,			0.499
697,	1,	44.0,	344.28,			1.462,			0.975,			0.975,			1.484,			0.97,			0.5
698,	1,	7.0,	345.232,			1.471,			0.977,			0.977,			1.454,			0.963,			0.499
699,	1,	7.0,	346.689,			1.465,			0.97,			0.97,			1.473,			0.968,			0.5
700,	1,	13.0,	346.875,			1.453,			0.974,			0.974,			1.452,			0.981,			0.499
701,	1,	447.0,	347.107,			1.46,			0.97,			0.97,			1.45,			0.964,			0.501
702,	2,	106.0,	348.095,			2.303,			0.096,			0.096,			2.287,			0.095,			0.05
703,	2,	186.0,	348.261,			2.305,			0.101,			0.101,			2.287,			0.108,			0.049
704,	1,	120.0,	349.037,			1.471,			0.987,			0.987,			1.468,			0.974,			0.499
705,	2,	205.0,	349.422,			2.303,			0.102,			0.102,			2.304,			0.111,			0.051
706,	2,	157.0,	350.135,			2.301,			0.099,			0.099,			2.311,			0.096,			0.051
707,	1,	512.0,	350.164,			1.441,			0.971,			0.971,			1.458,			0.972,			0.499
708,	1,	7.0,	350.241,			1.455,			0.973,			0.973,			1.451,			0.969,			0.501
709,	1,	44.0,	350.856,			1.462,			0.966,			0.966,			1.452,			0.982,			0.501
710,	1,	120.0,	351.067,			1.463,			0.967,			0.967,			1.457,			0.949,			0.499
711,	1,	49.0,	351.109,			1.468,			0.962,			0.962,			1.458,			0.955,			0.501
712,	1,	7.0,	351.252,			1.462,			0.971,			0.971,			1.47,			0.973,			0.5
713,	1,	59.0,	352.979,			1.453,			0.983,			0.983,			1.471,			0.963,			0.5
714,	2,	210.0,	353.396,			2.312,			0.105,			0.105,			2.287,			0.109,			0.05
715,	2,	72.0,	354.234,			2.304,			0.105,			0.105,			2.317,			0.103,			0.052
716,	2,	142.0,	355.722,			2.302,			0.096,			0.096,			2.316,			0.097,			0.05
717,	2,	270.0,	356.293,			2.307,			0.098,			0.098,			2.301,			0.096,			0.05
718,	1,	16.0,	356.606,			1.457,			0.972,			0.972,			1.452,			0.981,			0.5
719,	2,	176.0,	356.683,			2.304,			0.105,			0.105,			2.282,			0.104,			0.05
720,	1,	95.0,	356.797,			1.45,			0.976,			0.976,			1.47,			0.955,			0.501
721,	2,	110.0,	357.543,			2.304,			0.104,			0.104,			2.29,			0.101,			0.049
722,	1,	126.0,	360.01,			1.44,			0.971,			0.971,			1.462,			0.978,			0.5
723,	2,	111.0,	360.309,			2.306,			0.102,			0.102,			2.31,			0.107,			0.051
724,	1,	498.0,	361.07,			1.47,			0.958,			0.958,			1.46,			0.984,			0.502
725,	1,	44.0,	361.657,			1.467,			0.959,			0.959,			1.457,			0.985,			0.5
726,	1,	169.0,	362.039,			1.475,			0.978,			0.978,			1.451,			0.983,			0.499
727,	1,	512.0,	362.872,			1.444,			0.971,			0.971,			1.467,			0.982,			0.5
728,	1,	28.0,	363.037,			1.449,			0.973,			0.973,			1.462,			0.966,			0.501
729,	1,	447.0,	363.053,			1.445,			0.987,			0.987,			1.463,			0.973,			0.5
730,	1,	49.0,	363.969,			1.473,			0.972,			0.972,			1.45,			0.975,			0.498
731,	2,	57.0,	364.147,			2.309,			0.099,			0.099,			2.324,			0.104,			0.05
732,	1,	44.0,	364.218,			1.452,			0.967,			0.967,			1.473,			0.973,			0.501
733,	1,	7.0,	364.574,			1.483,			0.976,			0.976,			1.445,			0.958,			0.498
734,	1,	6.0,	364.6,			1.456,			0.976,			0.976,			1.453,			0.97,			0.501
735,	2,	127.0,	364.974,			2.309,			0.097,			0.097,			2.312,			0.101,			0.049
736,	2,	185.0,	365.129,			2.306,			0.102,			0.102,			2.295,			0.099,			0.052
737,	2,	103.0,	365.282,			2.312,			0.099,			0.099,			2.304,			0.106,			0.048
738,	2,	236.0,	365.565,			2.292,			0.104,			0.104,			2.305,			0.1,			0.051
739,	1,	49.0,	365.841,			1.478,			0.971,			0.971,			1.488,			0.945,			0.5
740,	2,	157.0,	365.906,			2.298,			0.099,			0.099,			2.302,			0.098,			0.049
741,	1,	95.0,	367.254,			1.468,			0.97,			0.97,			1.462,			0.964,			0.5
742,	1,	559.0,	368.697,			1.454,			0.975,			0.975,			1.468,			0.965,			0.502
743,	1,	214.0,	370.258,			1.459,			0.959,			0.959,			1.466,			0.967,			0.5
744,	1,	30.0,	372.265,			1.444,			0.968,			0.968,			1.467,			0.97,			0.5
745,	2,	281.0,	372.736,			2.302,			0.104,			0.104,			2.289,			0.098,			0.05
746,	1,	44.0,	373.585,			1.458,			0.968,			0.968,			1.472,			0.978,			0.501
747,	1,	7.0,	375.08,			1.453,			0.974,			0.974,			1.485,			0.975,			0.499
748,	1,	28.0,	375.251,			1.461,			0.992,			0.992,			1.456,			0.969,			0.499
749,	2,	95.0,	375.28,			2.3,			0.103,			0.103,			2.3,			0.096,			0.05
750,	2,	132.0,	375.502,			2.306,			0.098,			0.098,			2.315,			0.108,			0.049
751,	1,	95.0,	375.952,			1.479,			0.975,			0.975,			1.459,			0.96,			0.499
752,	1,	126.0,	376.137,			1.462,			0.972,			0.972,			1.442,			0.977,			0.5
753,	2,	111.0,	377.075,			2.298,			0.094,			0.094,			2.309,			0.103,			0.052
754,	2,	176.0,	377.216,			2.286,			0.095,			0.095,			2.301,			0.095,			0.05
755,	1,	44.0,	379.447,			1.469,			0.977,			0.977,			1.48,			0.991,			0.501
756,	2,	223.0,	379.518,			2.296,			0.105,			0.105,			2.298,			0.089,			0.05
757,	2,	106.0,	380.616,			2.3,			0.101,			0.101,			2.283,			0.105,			0.049
758,	2,	222.0,	380.699,			2.305,			0.101,			0.101,			2.289,			0.101,			0.051
759,	1,	7.0,	380.741,			1.464,			0.973,			0.973,			1.462,			0.983,			0.501
760,	2,	109.0,	381.332,			2.303,			0.099,			0.099,			2.316,			0.112,			0.051
761,	1,	7.0,	384.046,			1.451,			0.953,			0.953,			1.464,			0.969,			0.499
762,	2,	201.0,	384.407,			2.306,			0.104,			0.104,			2.292,			0.107,			0.05
763,	2,	87.0,	384.444,			2.323,			0.104,			0.104,			2.314,			0.097,			0.05
764,	1,	146.0,	387.239,			1.456,			0.984,			0.984,			1.457,			0.977,			0.5
765,	1,	120.0,	389.603,			1.464,			0.964,			0.964,			1.45,			0.971,			0.499
766,	1,	7.0,	389.881,			1.462,			0.964,			0.964,			1.449,			0.979,			0.5
767,	2,	98.0,	390.583,			2.306,			0.098,			0.098,			2.299,			0.1,			0.051
768,	2,	142.0,	390.611,			2.312,			0.096,			0.096,			2.293,			0.098,			0.049
769,	1,	103.0,	391.068,			1.456,			0.948,			0.948,			1.464,			0.975,			0.501
770,	1,	44.0,	391.541,			1.459,			0.98,			0.98,			1.452,			0.974,			0.499
771,	2,	96.0,	392.586,			2.313,			0.094,			0.094,			2.304,			0.098,			0.05
772,	1,	7.0,	392.627,			1.48,			0.982,			0.982,			1.455,			0.982,			0.5
773,	2,	160.0,	394.917,			2.297,			0.099,			0.099,			2.305,			0.102,			0.05
774,	2,	262.0,	396.103,			2.295,			0.103,			0.103,			2.307,			0.099,			0.05
775,	2,	95.0,	397.677,			2.32,			0.102,			0.102,			2.294,			0.096,			0.051
776,	2,	147.0,	402.036,			2.306,			0.093,			0.093,			2.298,			0.103,			0.051
777,	2,	168.0,	404.147,			2.305,			0.098,			0.098,			2.296,			0.105,			0.05
778,	2,	122.0,	405.86,			2.265,			0.097,			0.097,			2.292,			0.096,			0.049
779,	2,	134.0,	406.302,			2.288,			0.097,			0.097,			2.311,			0.104,			0.05
780,	2,	143.0,	408.0,			2.291,			0.105,			0.105,			2.309,			0.095,			0.049
781,	1,	120.0,	408.519,			1.449,			0.971,			0.971,			1.46,			0.974,			0.5
782,	1,	120.0,	408.965,			1.48,			0.965,			0.965,			1.464,			0.952,			0.501
783,	3,	187.0,	410.632,			5.5,			1.513,			1.513,			5.508,			1.497,			0.895
784,	3,	167.3,	410.643,			5.502,			1.531,			1.531,			5.498,			1.504,			0.908
785,	3,	142.3,	410.678,			5.497,			1.495,			1.495,			5.501,			1.507,			0.896
786,	3,	188.4,	410.689,			5.499,			1.496,			1.496,			5.496,			1.512,			0.894
787,	3,	195.9,	410.702,			5.489,			1.49,			1.49,			5.488,			1.488,			0.902
788,	3,	303.8,	410.758,			5.501,			1.5,			1.5,			5.501,			1.512,			0.902
789,	3,	463.2,	410.763,			5.489,			1.514,			1.514,			5.508,			1.497,			0.906
790,	3,	219.1,	410.777,			5.501,			1.508,			1.508,			5.48,			1.515,			0.896
791,	3,	149.0,	410.833,			5.517,			1.522,			1.522,			5.494,			1.508,			0.902
792,	3,	75.5,	410.836,			5.511,			1.504,			1.504,			5.523,			1.51,			0.902
793,	3,	224.5,	410.848,			5.497,			1.518,			1.518,			5.5,			1.514,			0.895
794,	3,	256.3,	410.849,			5.495,			1.497,			1.497,			5.499,			1.506,			0.904
795,	3,	287.1,	410.926,			5.496,			1.487,			1.487,			5.498,			1.492,			0.896
796,	3,	128.8,	410.931,			5.498,			1.513,			1.513,			5.503,			1.526,			0.897
797,	3,	474.8,	410.938,			5.528,			1.489,			1.489,			5.494,			1.495,			0.893
798,	3,	340.7,	410.968,			5.501,			1.497,			1.497,			5.504,			1.493,			0.898
799,	3,	220.5,	411.021,			5.513,			1.498,			1.498,			5.494,			1.51,			0.892
800,	3,	703.2,	411.084,			5.496,			1.508,			1.508,			5.519,			1.487,			0.891
801,	3,	373.7,	411.102,			5.503,			1.493,			1.493,			5.497,			1.492,			0.906
802,	3,	235.7,	411.111,			5.509,			1.506,			1.506,			5.5,			1.527,			0.892
803,	3,	413.0,	411.157,			5.49,			1.491,			1.491,			5.494,			1.492,			0.903
804,	3,	306.8,	411.208,			5.504,			1.508,			1.508,			5.497,			1.504,			0.904
805,	3,	165.4,	411.225,			5.504,			1.506,			1.506,			5.5,			1.496,			0.897
806,	3,	218.5,	411.256,			5.494,			1.501,			1.501,			5.494,			1.501,			0.897
807,	3,	290.7,	411.372,			5.493,			1.5,			1.5,			5.493,			1.507,			0.897
808,	3,	136.2,	411.38,			5.508,			1.479,			1.479,			5.508,			1.502,			0.885
809,	3,	66.8,	411.439,			5.486,			1.501,			1.501,			5.504,			1.492,			0.894
810,	3,	458.7,	411.512,			5.521,			1.499,			1.499,			5.505,			1.512,			0.906
811,	3,	68.2,	411.661,			5.515,			1.488,			1.488,			5.508,			1.511,			0.903
812,	3,	59.9,	411.734,			5.522,			1.527,			1.527,			5.494,			1.49,			0.898
813,	3,	160.5,	411.741,			5.495,			1.52,			1.52,			5.512,			1.517,			0.903
814,	3,	331.3,	411.751,			5.5,			1.504,			1.504,			5.496,			1.503,			0.892
815,	3,	110.1,	411.793,			5.481,			1.506,			1.506,			5.5,			1.498,			0.896
816,	3,	630.9,	411.871,			5.487,			1.492,			1.492,			5.492,			1.504,			0.897
817,	3,	103.7,	411.889,			5.503,			1.494,			1.494,			5.507,			1.512,			0.9
818,	3,	442.9,	411.893,			5.492,			1.497,			1.497,			5.504,			1.498,			0.894
819,	3,	146.6,	411.909,			5.497,			1.51,			1.51,			5.488,			1.485,			0.896
820,	3,	170.5,	411.941,			5.516,			1.489,			1.489,			5.494,			1.5,			0.905
821,	3,	102.0,	411.969,			5.5,			1.511,			1.511,			5.512,			1.496,			0.91
822,	3,	153.0,	411.979,			5.511,			1.49,			1.49,			5.501,			1.497,			0.912
823,	3,	218.4,	411.989,			5.512,			1.486,			1.486,			5.489,			1.503,			0.904
824,	3,	86.8,	412.131,			5.497,			1.505,			1.505,			5.496,			1.495,			0.908
825,	2,	191.0,	412.137,			2.302,			0.099,			0.099,			2.306,			0.105,			0.05
826,	3,	191.5,	412.149,			5.509,			1.516,			1.516,			5.504,			1.503,			0.909
827,	3,	218.5,	412.163,			5.482,			1.515,			1.515,			5.491,			1.504,			0.904
828,	3,	200.2,	412.192,			5.499,			1.51,			1.51,			5.502,			1.493,			0.9
829,	2,	128.0,	412.269,			2.294,			0.092,			0.092,			2.323,			0.099,			0.05
830,	3,	247.4,	412.277,			5.502,			1.496,			1.496,			5.503,			1.518,			0.903
831,	3,	467.1,	412.34,			5.484,			1.495,			1.495,			5.511,			1.484,			0.896
832,	3,	395.7,	412.343,			5.528,			1.499,			1.499,			5.492,			1.5,			0.897
833,	3,	77.6,	412.402,			5.515,			1.517,			1.517,			5.489,			1.497,			0.908
834,	2,	69.0,	412.422,			2.291,			0.1,			0.1,			2.303,			0.098,			0.049
835,	3,	265.7,	412.461,			5.505,			1.513,			1.513,			5.509,			1.502,			0.905
836,	3,	893.0,	412.525,			5.482,			1.51,			1.51,			5.5,			1.511,			0.907
837,	3,	102.0,	412.537,			5.508,			1.514,			1.514,			5.503,			1.499,			0.901
838,	3,	381.6,	412.579,			5.502,			1.505,			1.505,			5.484,			1.5,			0.912
839,	3,	67.4,	412.613,			5.493,			1.488,			1.488,			5.497,			1.504,			0.889
840,	3,	274.6,	412.734,			5.506,			1.495,			1.495,			5.489,			1.499,			0.903
841,	3,	150.5,	412.736,			5.503,			1.486,			1.486,			5.502,			1.477,			0.899
842,	3,	163.4,	412.742,			5.506,			1.515,			1.515,			5.501,			1.496,			0.898
843,	3,	433.5,	412.757,			5.513,			1.508,			1.508,			5.499,			1.511,			0.904
844,	3,	360.5,	412.785,			5.501,			1.489,			1.489,			5.503,			1.507,			0.89
845,	3,	247.9,	412.796,			5.495,			1.504,			1.504,			5.481,			1.502,			0.898
846,	3,	461.2,	412.831,			5.505,			1.495,			1.495,			5.508,			1.484,			0.898
847,	3,	435.4,	412.832,			5.501,			1.492,			1.492,			5.49,			1.5,			0.902
848,	3,	93.4,	412.858,			5.5,			1.502,			1.502,			5.501,			1.502,			0.897
849,	3,	306.8,	412.876,			5.485,			1.501,			1.501,			5.495,			1.503,			0.9
850,	3,	501.3,	412.894,			5.489,			1.509,			1.509,			5.501,			1.504,			0.897
851,	3,	82.1,	412.901,			5.503,			1.501,			1.501,			5.487,			1.5,			0.898
852,	3,	286.2,	412.947,			5.499,			1.511,			1.511,			5.502,			1.5,			0.894
853,	3,	56.5,	412.973,			5.497,			1.517,			1.517,			5.493,			1.502,			0.893
854,	3,	177.1,	412.996,			5.491,			1.502,			1.502,			5.497,			1.503,			0.914
855,	3,	472.3,	413.016,			5.509,			1.491,			1.491,			5.503,			1.486,			0.901
856,	3,	275.1,	413.026,			5.502,			1.493,			1.493,			5.512,			1.494,			0.893
857,	3,	93.4,	413.028,			5.505,			1.494,			1.494,			5.51,			1.527,			0.897
858,	3,	90.2,	413.032,			5.501,			1.489,			1.489,			5.509,			1.5,			0.902
859,	3,	201.6,	413.047,			5.512,			1.483,			1.483,			5.515,			1.486,			0.897
860,	3,	412.4,	413.058,			5.493,			1.502,			1.502,			5.492,			1.496,			0.892
861,	3,	235.7,	413.119,			5.494,			1.493,			1.493,			5.503,			1.494,			0.902
862,	3,	83.2,	413.136,			5.518,			1.512,			1.512,			5.49,			1.509,			0.9
863,	3,	319.8,	413.154,			5.499,			1.515,			1.515,			5.503,			1.491,			0.898
864,	3,	126.5,	413.161,			5.494,			1.505,			1.505,			5.496,			1.507,			0.895
865,	3,	222.6,	413.21,			5.511,			1.509,			1.509,			5.493,			1.483,			0.9
866,	3,	87.0,	413.218,			5.52,			1.505,			1.505,			5.499,			1.518,			0.902
867,	3,	315.2,	413.258,			5.5,			1.489,			1.489,			5.485,			1.486,			0.897
868,	3,	224.5,	413.323,			5.491,			1.505,			1.505,			5.497,			1.493,			0.902
869,	3,	734.6,	413.378,			5.479,			1.508,			1.508,			5.498,			1.489,			0.893
870,	3,	470.4,	413.486,			5.485,			1.513,			1.513,			5.491,			1.497,			0.9
871,	3,	266.0,	413.501,			5.511,			1.498,			1.498,			5.51,			1.522,			0.894
872,	3,	58.5,	413.53,			5.501,			1.52,			1.52,			5.503,			1.5,			0.896
873,	3,	182.1,	413.536,			5.484,			1.505,			1.505,			5.487,			1.512,			0.892
874,	3,	492.6,	413.569,			5.487,			1.506,			1.506,			5.494,			1.503,			0.907
875,	3,	395.7,	413.598,			5.5,			1.486,			1.486,			5.502,			1.49,			0.906
876,	3,	218.7,	413.63,			5.508,			1.494,			1.494,			5.516,			1.498,			0.903
877,	3,	184.1,	413.687,			5.508,			1.498,			1.498,			5.494,			1.49,			0.903
878,	3,	282.7,	413.706,			5.502,			1.499,			1.499,			5.492,			1.499,			0.892
879,	3,	425.7,	413.729,			5.502,			1.497,			1.497,			5.513,			1.509,			0.901
880,	3,	304.1,	413.743,			5.494,			1.504,			1.504,			5.493,			1.487,			0.905
881,	3,	630.9,	413.769,			5.507,			1.502,			1.502,			5.482,			1.495,			0.901
882,	3,	287.1,	413.779,			5.501,			1.494,			1.494,			5.498,			1.504,			0.892
883,	3,	152.7,	413.828,			5.497,			1.493,			1.493,			5.482,			1.498,			0.898
884,	3,	74.6,	413.837,			5.482,			1.509,			1.509,			5.515,			1.509,			0.893
885,	3,	175.1,	413.856,			5.487,			1.494,			1.494,			5.491,			1.498,			0.902
886,	3,	458.5,	413.859,			5.498,			1.499,			1.499,			5.494,			1.507,			0.895
887,	3,	180.5,	413.865,			5.502,			1.486,			1.486,			5.504,			1.507,			0.902
888,	3,	98.7,	413.884,			5.492,			1.496,			1.496,			5.485,			1.501,			0.894
889,	3,	158.8,	413.915,			5.519,			1.512,			1.512,			5.502,			1.507,			0.896
890,	3,	227.0,	413.938,			5.496,			1.521,			1.521,			5.498,			1.492,			0.901
891,	3,	303.8,	413.942,			5.501,			1.494,			1.494,			5.503,			1.482,			0.903
892,	3,	97.3,	413.98,			5.484,			1.512,			1.512,			5.49,			1.498,			0.909
893,	3,	124.5,	413.997,			5.492,			1.492,			1.492,			5.503,			1.498,			0.9
894,	3,	150.7,	413.999,			5.497,			1.499,			1.499,			5.503,			1.487,			0.903
895,	3,	147.4,	414.003,			5.51,			1.501,			1.501,			5.502,			1.497,			0.904
896,	3,	265.7,	414.012,			5.506,			1.497,			1.497,			5.509,			1.496,			0.906
897,	3,	458.7,	414.075,			5.49,			1.501,			1.501,			5.496,			1.488,			0.901
898,	3,	230.1,	414.138,			5.497,			1.495,			1.495,			5.509,			1.499,			0.906
899,	3,	170.4,	414.202,			5.5,			1.508,			1.508,			5.507,			1.486,			0.893
900,	3,	551.3,	414.206,			5.496,			1.495,			1.495,			5.507,			1.495,			0.899
901,	3,	300.2,	414.206,			5.499,			1.484,			1.484,			5.474,			1.489,			0.896
902,	3,	290.7,	414.228,			5.502,			1.499,			1.499,			5.507,			1.504,			0.9
903,	3,	84.9,	414.345,			5.512,			1.502,			1.502,			5.492,			1.501,			0.897
904,	1,	7.0,	414.374,			1.474,			0.961,			0.961,			1.449,			0.976,			0.5
905,	3,	105.5,	414.398,			5.493,			1.516,			1.516,			5.484,			1.491,			0.895
906,	3,	458.5,	414.432,			5.497,			1.505,			1.505,			5.504,			1.501,			0.895
907,	3,	160.5,	414.448,			5.496,			1.507,			1.507,			5.496,			1.504,			0.909
908,	3,	74.1,	414.483,			5.479,			1.491,			1.491,			5.518,			1.482,			0.899
909,	3,	439.5,	414.55,			5.495,			1.509,			1.509,			5.516,			1.504,			0.902
910,	3,	550.2,	414.624,			5.502,			1.519,			1.519,			5.527,			1.493,			0.901
911,	3,	328.7,	414.643,			5.505,			1.5,			1.5,			5.495,			1.496,			0.903
912,	3,	100.1,	414.678,			5.515,			1.485,			1.485,			5.495,			1.518,			0.893
913,	3,	104.8,	414.694,			5.508,			1.503,			1.503,			5.496,			1.507,			0.902
914,	3,	401.2,	414.731,			5.516,			1.489,			1.489,			5.506,			1.515,			0.897
915,	3,	567.1,	414.739,			5.504,			1.488,			1.488,			5.493,			1.513,			0.904
916,	3,	58.5,	414.742,			5.499,			1.507,			1.507,			5.495,			1.502,			0.915
917,	3,	97.7,	414.783,			5.502,			1.51,			1.51,			5.474,			1.514,			0.902
918,	3,	158.7,	414.823,			5.488,			1.511,			1.511,			5.505,			1.488,			0.903
919,	3,	145.1,	414.848,			5.499,			1.503,			1.503,			5.489,			1.512,			0.896
920,	3,	122.9,	414.887,			5.501,			1.527,			1.527,			5.508,			1.484,			0.897
921,	3,	196.3,	414.901,			5.516,			1.502,			1.502,			5.493,			1.501,			0.895
922,	3,	156.0,	414.904,			5.504,			1.496,			1.496,			5.502,			1.497,			0.901
923,	3,	110.2,	414.982,			5.499,			1.508,			1.508,			5.513,			1.5,			0.899
924,	3,	147.6,	415.0,			5.496,			1.51,			1.51,			5.489,			1.505,			0.896
925,	3,	67.4,	415.082,			5.504,			1.479,			1.479,			5.487,			1.499,			0.904
926,	3,	92.3,	415.086,			5.492,			1.496,			1.496,			5.531,			1.483,			0.912
927,	3,	59.6,	415.152,			5.503,			1.507,			1.507,			5.496,			1.488,			0.902
928,	3,	140.9,	415.153,			5.49,			1.506,			1.506,			5.506,			1.499,			0.9
929,	3,	121.3,	415.18,			5.512,			1.496,			1.496,			5.489,			1.507,			0.898
930,	3,	148.8,	415.203,			5.511,			1.52,			1.52,			5.505,			1.497,			0.907
931,	3,	415.1,	415.25,			5.501,			1.516,			1.516,			5.503,			1.508,			0.901
932,	3,	492.6,	415.275,			5.511,			1.495,			1.495,			5.506,			1.489,			0.897
933,	3,	218.4,	415.281,			5.498,			1.489,			1.489,			5.497,			1.511,			0.897
934,	3,	391.0,	415.372,			5.501,			1.51,			1.51,			5.504,			1.503,			0.911
935,	3,	645.4,	415.389,			5.514,			1.513,			1.513,			5.492,			1.495,			0.903
936,	3,	230.2,	415.393,			5.501,			1.489,			1.489,			5.503,			1.507,			0.903
937,	3,	354.1,	415.414,			5.494,			1.502,			1.502,			5.483,			1.505,			0.909
938,	3,	170.4,	415.446,			5.495,			1.5,			1.5,			5.511,			1.496,			0.894
939,	2,	87.0,	416.557,			2.308,			0.103,			0.103,			2.302,			0.109,			0.051
940,	2,	106.0,	421.054,			2.315,			0.099,			0.099,			2.293,			0.097,			0.049
941,	2,	219.0,	421.112,			2.3,			0.095,			0.095,			2.31,			0.095,			0.05
942,	1,	214.0,	421.357,			1.459,			0.97,			0.97,			1.448,			0.969,			0.5
943,	1,	214.0,	421.406,			1.463,			0.953,			0.953,			1.447,			0.968,			0.501
944,	2,	212.0,	422.244,			2.296,			0.094,			0.094,			2.289,			0.102,			0.052
945,	1,	146.0,	424.865,			1.441,			0.97,			0.97,			1.454,			0.965,			0.5
946,	1,	90.0,	426.987,			1.462,			0.969,			0.969,			1.464,			0.96,			0.501
947,	2,	127.0,	427.661,			2.307,			0.099,			0.099,			2.285,			0.095,			0.051
948,	2,	202.0,	428.18,			2.297,			0.104,			0.104,			2.279,			0.095,			0.051
949,	2,	93.0,	428.404,			2.31,			0.107,			0.107,			2.293,			0.101,			0.048
950,	1,	7.0,	432.761,			1.444,			0.983,			0.983,			1.454,			0.975,			0.5
951,	2,	112.0,	434.165,			2.315,			0.099,			0.099,			2.301,			0.103,			0.05
952,	1,	103.0,	434.187,			1.447,			0.949,			0.949,			1.468,			0.974,			0.5
953,	1,	447.0,	436.221,			1.464,			0.968,			0.968,			1.447,			0.984,			0.501
954,	2,	256.0,	437.117,			2.315,			0.098,			0.098,			2.317,			0.096,			0.051
955,	2,	188.0,	438.415,			2.297,			0.103,			0.103,			2.312,			0.095,			0.05
956,	2,	183.0,	442.72,			2.315,			0.099,			0.099,			2.303,			0.101,			0.051
957,	2,	88.0,	442.786,			2.302,			0.098,			0.098,			2.294,			0.105,			0.05
958,	2,	226.0,	443.235,			2.309,			0.097,			0.097,			2.298,			0.098,			0.049
959,	1,	90.0,	443.495,			1.457,			0.979,			0.979,			1.48,			0.971,			0.501
960,	2,	261.0,	443.976,			2.296,			0.096,			0.096,			2.312,			0.098,			0.049
961,	2,	169.0,	444.422,			2.305,			0.097,			0.097,			2.309,			0.092,			0.051
962,	2,	223.0,	444.764,			2.284,			0.099,			0.099,			2.299,			0.102,			0.051
963,	2,	87.0,	446.794,			2.304,			0.11,			0.11,			2.287,			0.098,			0.05
964,	2,	281.0,	455.444,			2.299,			0.092,			0.092,			2.303,			0.114,			0.05
965,	2,	195.0,	456.247,			2.302,			0.097,			0.097,			2.305,			0.096,			0.049
966,	2,	159.0,	457.248,			2.301,			0.104,			0.104,			2.288,			0.096,			0.051
967,	2,	185.0,	459.028,			2.308,			0.098,			0.098,			2.296,			0.101,			0.051
968,	2,	85.0,	460.238,			2.307,			0.098,			0.098,			2.307,			0.11,			0.053
969,	2,	133.0,	460.599,			2.284,			0.099,			0.099,			2.289,			0.092,			0.05
970,	1,	44.0,	461.038,			1.458,			0.973,			0.973,			1.464,			0.966,			0.501
971,	2,	171.0,	461.133,			2.303,			0.098,			0.098,			2.323,			0.106,			0.048
972,	2,	369.0,	464.44,			2.295,			0.102,			0.102,			2.297,			0.092,			0.05
973,	2,	233.0,	464.757,			2.304,			0.105,			0.105,			2.302,			0.096,			0.048
974,	2,	254.0,	466.642,			2.284,			0.091,			0.091,			2.3,			0.096,			0.05
975,	2,	115.0,	467.514,			2.303,			0.097,			0.097,			2.288,			0.102,			0.05
976,	2,	141.0,	468.359,			2.277,			0.103,			0.103,			2.291,			0.105,			0.049
977,	2,	146.0,	469.013,			2.294,			0.101,			0.101,			2.286,			0.096,			0.05
978,	2,	89.0,	470.065,			2.289,			0.099,			0.099,			2.293,			0.104,			0.049
979,	2,	143.0,	470.544,			2.308,			0.097,			0.097,			2.292,			0.1,			0.05
980,	2,	76.0,	471.775,			2.278,			0.101,			0.101,			2.288,			0.104,			0.049
981,	2,	58.0,	471.789,			2.317,			0.098,			0.098,			2.305,			0.107,			0.049
982,	1,	49.0,	472.677,			1.453,			0.971,			0.971,			1.473,			0.974,			0.501
983,	2,	185.0,	474.924,			2.305,			0.108,			0.108,			2.284,			0.099,			0.05
984,	1,	126.0,	476.532,			1.471,			0.971,			0.971,			1.455,			0.956,			0.5
985,	2,	268.0,	477.353,			2.293,			0.11,			0.11,			2.286,			0.099,			0.049
986,	2,	198.0,	478.335,			2.308,			0.106,			0.106,			2.307,			0.097,			0.051
987,	2,	50.0,	482.543,			2.283,			0.103,			0.103,			2.296,			0.101,			0.051
988,	2,	333.0,	483.013,			2.304,			0.098,			0.098,			2.31,			0.102,			0.052
989,	1,	559.0,	483.983,			1.468,			0.957,			0.957,			1.465,			0.966,			0.499
990,	2,	157.0,	485.383,			2.301,			0.101,			0.101,			2.291,			0.104,			0.051
991,	2,	252.0,	485.861,			2.33,			0.101,			0.101,			2.31,			0.094,			0.048
992,	2,	134.0,	486.712,			2.299,			0.105,			0.105,			2.305,			0.098,			0.05
993,	2,	228.0,	488.957,			2.299,			0.1,			0.1,			2.308,			0.103,			0.051
994,	2,	160.0,	489.412,			2.302,			0.097,			0.097,			2.322,			0.093,			0.049
995,	2,	214.0,	490.601,			2.293,			0.098,			0.098,			2.31,			0.098,			0.052
996,	2,	188.0,	492.091,			2.302,			0.101,			0.101,			2.303,			0.09,			0.051
997,	2,	55.0,	493.165,			2.315,			0.104,			0.104,			2.296,			0.1,			0.051
998,	1,	7.0,	494.688,			1.445,			0.982,			0.982,			1.463,			0.976,			0.498
999,	2,	120.0,	495.783,			2.311,			0.1,			0.1,			2.31,			0.107,			0.052
1000,	2,	128.0,	496.461,			2.296,			0.106,			0.106,			2.29,			0.102,			0.051
