#, task_type_id, size, arrival_time,	execution_time_cpu,	execution_time_gpu,	execution_time_CLOUD
1,	1,	379.0,	0.0,			1.283,			0.279,			0.057
2,	2,	231.0,	2.976,			14.853,			1.441,			0.169
3,	2,	220.0,	5.36,			12.764,			1.084,			0.195
4,	2,	214.0,	6.866,			13.437,			1.133,			0.105
5,	2,	148.0,	7.245,			14.737,			1.367,			0.167
6,	2,	218.0,	8.815,			13.273,			1.461,			0.182
7,	1,	387.0,	12.543,			2.612,			0.185,			0.05
8,	2,	204.0,	13.415,			12.93,			1.343,			0.105
9,	2,	103.0,	13.936,			13.038,			1.332,			0.197
10,	2,	97.0,	14.546,			13.61,			1.495,			0.167
11,	2,	136.0,	14.592,			12.676,			1.389,			0.168
12,	2,	112.0,	14.792,			14.646,			1.201,			0.175
13,	2,	126.0,	18.242,			11.178,			1.175,			0.145
14,	2,	220.0,	18.243,			13.86,			1.334,			0.109
15,	2,	135.0,	18.578,			13.439,			1.285,			0.151
16,	1,	7.0,	19.327,			1.651,			0.133,			0.051
17,	2,	201.0,	19.555,			10.322,			1.219,			0.155
18,	2,	103.0,	20.288,			14.53,			1.128,			0.184
19,	1,	44.0,	21.408,			1.433,			0.143,			0.056
20,	2,	73.0,	22.767,			14.501,			1.185,			0.101
21,	1,	146.0,	23.224,			1.006,			0.244,			0.06
22,	2,	112.0,	23.86,			12.26,			1.365,			0.133
23,	2,	218.0,	25.908,			10.742,			1.053,			0.185
24,	1,	95.0,	26.692,			2.87,			0.288,			0.06
25,	2,	129.0,	29.382,			11.537,			1.178,			0.121
26,	2,	238.0,	30.653,			13.747,			1.139,			0.16
27,	2,	166.0,	31.215,			12.93,			1.253,			0.137
28,	1,	7.0,	32.236,			1.372,			0.287,			0.055
29,	1,	6.0,	33.708,			2.565,			0.128,			0.051
30,	2,	185.0,	36.884,			10.721,			1.12,			0.151
31,	1,	512.0,	36.943,			2.819,			0.265,			0.056
32,	1,	126.0,	37.135,			1.134,			0.111,			0.06
33,	1,	7.0,	37.908,			2.194,			0.191,			0.054
34,	1,	7.0,	38.135,			2.798,			0.112,			0.06
35,	2,	128.0,	39.027,			12.027,			1.374,			0.14
36,	1,	6.0,	40.848,			1.651,			0.185,			0.056
37,	1,	146.0,	40.935,			1.337,			0.291,			0.056
38,	1,	44.0,	41.255,			1.791,			0.173,			0.057
39,	1,	214.0,	41.619,			1.988,			0.238,			0.058
40,	2,	290.0,	42.571,			12.145,			1.31,			0.171
41,	1,	146.0,	42.698,			1.173,			0.279,			0.051
42,	2,	177.0,	43.251,			10.717,			1.467,			0.117
43,	1,	387.0,	45.129,			1.645,			0.255,			0.05
44,	1,	49.0,	45.413,			2.22,			0.215,			0.058
45,	2,	131.0,	45.882,			12.767,			1.303,			0.122
46,	2,	366.0,	47.312,			13.442,			1.45,			0.167
47,	1,	379.0,	48.079,			1.952,			0.231,			0.059
48,	1,	6.0,	48.42,			2.865,			0.233,			0.056
49,	1,	7.0,	49.247,			2.534,			0.114,			0.053
50,	2,	144.0,	49.455,			10.204,			1.0,			0.199
51,	2,	210.0,	49.999,			10.809,			1.317,			0.197
52,	1,	16.0,	51.159,			1.692,			0.297,			0.054
53,	2,	86.0,	51.649,			14.439,			1.468,			0.109
54,	1,	387.0,	52.632,			2.238,			0.129,			0.057
55,	1,	6.0,	53.455,			1.035,			0.176,			0.053
56,	1,	28.0,	53.946,			1.362,			0.125,			0.056
57,	2,	190.0,	54.62,			12.406,			1.492,			0.176
58,	1,	30.0,	55.476,			2.092,			0.281,			0.05
59,	1,	6.0,	55.504,			1.844,			0.279,			0.057
60,	1,	103.0,	56.171,			2.9,			0.276,			0.053
61,	2,	210.0,	56.817,			10.103,			1.39,			0.143
62,	2,	125.0,	58.535,			12.383,			1.423,			0.12
63,	1,	90.0,	58.699,			1.942,			0.297,			0.05
64,	2,	135.0,	59.072,			12.088,			1.409,			0.158
65,	2,	237.0,	59.574,			12.486,			1.255,			0.152
66,	1,	6.0,	60.805,			2.621,			0.141,			0.053
67,	2,	126.0,	61.25,			10.751,			1.461,			0.144
68,	1,	120.0,	61.514,			1.019,			0.122,			0.05
69,	2,	150.0,	62.206,			10.936,			1.467,			0.173
70,	1,	559.0,	63.306,			2.048,			0.142,			0.055
71,	1,	44.0,	63.845,			2.844,			0.131,			0.059
72,	1,	146.0,	64.991,			1.522,			0.29,			0.057
73,	1,	16.0,	65.288,			2.149,			0.107,			0.055
74,	1,	7.0,	66.136,			2.844,			0.268,			0.05
75,	1,	7.0,	66.324,			1.266,			0.103,			0.054
76,	1,	512.0,	66.416,			2.896,			0.108,			0.05
77,	1,	10.0,	66.509,			1.155,			0.263,			0.058
78,	1,	120.0,	66.754,			1.489,			0.159,			0.059
79,	2,	35.0,	66.776,			13.89,			1.067,			0.17
80,	1,	146.0,	66.842,			2.31,			0.287,			0.056
81,	2,	229.0,	68.205,			13.168,			1.29,			0.149
82,	1,	169.0,	68.269,			2.879,			0.2,			0.051
83,	1,	7.0,	68.314,			1.822,			0.134,			0.055
84,	1,	7.0,	69.032,			1.965,			0.131,			0.055
85,	2,	128.0,	69.353,			14.337,			1.27,			0.122
86,	1,	512.0,	69.363,			2.807,			0.17,			0.05
87,	1,	49.0,	69.525,			1.395,			0.113,			0.054
88,	1,	59.0,	69.83,			2.104,			0.257,			0.059
89,	2,	147.0,	71.26,			14.076,			1.043,			0.198
90,	1,	157.0,	71.584,			2.852,			0.113,			0.06
91,	1,	7.0,	71.64,			1.162,			0.166,			0.051
92,	2,	134.0,	72.189,			11.864,			1.498,			0.116
93,	2,	144.0,	72.231,			10.114,			1.456,			0.168
94,	1,	7.0,	72.502,			1.947,			0.133,			0.053
95,	1,	447.0,	72.587,			2.226,			0.133,			0.058
96,	1,	126.0,	72.793,			1.681,			0.198,			0.056
97,	1,	10.0,	72.884,			1.531,			0.207,			0.055
98,	1,	10.0,	73.122,			1.575,			0.137,			0.054
99,	1,	7.0,	73.304,			1.561,			0.175,			0.05
100,	1,	90.0,	73.717,			1.853,			0.211,			0.057
101,	1,	7.0,	74.135,			1.991,			0.284,			0.055
102,	1,	157.0,	74.879,			1.011,			0.219,			0.059
103,	1,	126.0,	76.148,			2.568,			0.109,			0.059
104,	1,	387.0,	76.541,			1.006,			0.289,			0.051
105,	1,	7.0,	76.813,			2.366,			0.136,			0.054
106,	1,	498.0,	78.772,			1.009,			0.204,			0.06
107,	1,	90.0,	79.501,			1.864,			0.186,			0.059
108,	1,	6.0,	79.697,			2.582,			0.298,			0.052
109,	2,	244.0,	80.174,			11.504,			1.333,			0.113
110,	1,	387.0,	80.997,			2.298,			0.248,			0.056
111,	2,	117.0,	81.255,			14.099,			1.489,			0.198
112,	1,	512.0,	81.656,			2.486,			0.247,			0.054
113,	2,	134.0,	82.09,			12.107,			1.413,			0.137
114,	2,	75.0,	82.78,			14.219,			1.385,			0.159
115,	1,	559.0,	82.849,			2.322,			0.148,			0.059
116,	2,	154.0,	83.432,			11.393,			1.315,			0.147
117,	1,	30.0,	83.684,			2.623,			0.112,			0.057
118,	1,	146.0,	83.864,			2.09,			0.19,			0.054
119,	1,	6.0,	84.099,			2.425,			0.283,			0.055
120,	1,	13.0,	84.371,			1.443,			0.267,			0.06
121,	2,	80.0,	84.759,			13.305,			1.374,			0.131
122,	1,	13.0,	85.513,			2.866,			0.184,			0.06
123,	1,	10.0,	85.56,			2.084,			0.21,			0.05
124,	2,	149.0,	85.721,			12.421,			1.424,			0.136
125,	2,	87.0,	85.908,			10.524,			1.015,			0.179
126,	2,	109.0,	86.465,			14.534,			1.301,			0.161
127,	2,	189.0,	86.624,			11.459,			1.211,			0.162
128,	1,	13.0,	87.207,			2.33,			0.257,			0.053
129,	1,	6.0,	87.3,			2.832,			0.158,			0.057
130,	1,	30.0,	87.919,			1.483,			0.171,			0.059
131,	1,	379.0,	88.165,			2.916,			0.284,			0.05
132,	1,	13.0,	88.265,			2.541,			0.137,			0.052
133,	2,	198.0,	88.267,			12.134,			1.49,			0.15
134,	1,	49.0,	88.356,			1.709,			0.167,			0.058
135,	1,	7.0,	88.553,			2.18,			0.243,			0.055
136,	1,	7.0,	88.58,			2.244,			0.202,			0.057
137,	1,	44.0,	88.583,			2.103,			0.228,			0.06
138,	1,	6.0,	88.913,			1.968,			0.167,			0.053
139,	1,	30.0,	88.917,			1.996,			0.275,			0.055
140,	1,	10.0,	89.255,			2.03,			0.163,			0.056
141,	1,	447.0,	89.343,			2.712,			0.198,			0.056
142,	2,	147.0,	89.36,			14.323,			1.304,			0.131
143,	1,	120.0,	89.934,			1.364,			0.164,			0.06
144,	1,	13.0,	90.602,			2.317,			0.221,			0.056
145,	1,	49.0,	90.737,			1.192,			0.294,			0.056
146,	1,	447.0,	90.779,			1.489,			0.131,			0.057
147,	1,	7.0,	91.473,			2.114,			0.266,			0.054
148,	1,	146.0,	91.606,			1.672,			0.18,			0.058
149,	1,	90.0,	92.142,			1.709,			0.133,			0.051
150,	1,	7.0,	92.2,			2.911,			0.229,			0.053
151,	1,	146.0,	92.288,			2.149,			0.222,			0.052
152,	1,	7.0,	92.466,			1.651,			0.162,			0.056
153,	1,	16.0,	92.634,			1.783,			0.235,			0.053
154,	1,	95.0,	92.776,			2.157,			0.2,			0.057
155,	1,	28.0,	92.792,			2.907,			0.122,			0.057
156,	1,	169.0,	93.368,			2.2,			0.129,			0.059
157,	1,	44.0,	93.385,			1.844,			0.279,			0.054
158,	1,	13.0,	94.368,			1.232,			0.184,			0.058
159,	1,	95.0,	94.42,			2.047,			0.13,			0.05
160,	1,	379.0,	95.687,			2.947,			0.226,			0.052
161,	1,	7.0,	95.751,			2.096,			0.212,			0.057
162,	1,	90.0,	95.861,			1.437,			0.21,			0.058
163,	1,	30.0,	96.624,			2.705,			0.129,			0.052
164,	1,	103.0,	96.884,			2.301,			0.208,			0.052
165,	2,	112.0,	97.175,			10.92,			1.203,			0.128
166,	1,	120.0,	97.532,			2.569,			0.21,			0.057
167,	1,	44.0,	97.723,			2.901,			0.25,			0.052
168,	1,	387.0,	98.138,			1.279,			0.162,			0.058
169,	1,	498.0,	98.212,			2.073,			0.114,			0.056
170,	2,	127.0,	98.215,			13.346,			1.205,			0.132
171,	1,	13.0,	98.221,			1.266,			0.268,			0.057
172,	1,	120.0,	98.764,			1.044,			0.196,			0.053
173,	1,	30.0,	98.823,			1.14,			0.135,			0.052
174,	1,	103.0,	98.967,			2.916,			0.211,			0.056
175,	1,	120.0,	99.391,			2.063,			0.214,			0.059
176,	1,	95.0,	99.759,			1.42,			0.161,			0.052
177,	1,	120.0,	100.308,			1.651,			0.214,			0.055
178,	2,	186.0,	100.478,			14.149,			1.194,			0.16
179,	1,	126.0,	101.34,			2.636,			0.199,			0.055
180,	1,	6.0,	101.418,			1.515,			0.139,			0.05
181,	2,	269.0,	101.562,			14.317,			1.46,			0.117
182,	1,	387.0,	101.735,			2.084,			0.133,			0.056
183,	1,	7.0,	101.785,			2.318,			0.166,			0.05
184,	1,	49.0,	101.832,			1.596,			0.258,			0.057
185,	1,	44.0,	101.864,			2.238,			0.209,			0.059
186,	1,	44.0,	102.118,			1.672,			0.174,			0.051
187,	1,	59.0,	102.407,			1.663,			0.17,			0.054
188,	2,	175.0,	102.408,			14.633,			1.429,			0.155
189,	1,	169.0,	102.409,			2.298,			0.288,			0.059
190,	1,	7.0,	102.534,			2.8,			0.173,			0.054
191,	1,	379.0,	102.558,			1.982,			0.134,			0.059
192,	1,	13.0,	102.743,			1.706,			0.145,			0.054
193,	1,	7.0,	103.244,			1.578,			0.276,			0.052
194,	1,	447.0,	103.296,			2.901,			0.276,			0.054
195,	1,	59.0,	103.523,			1.289,			0.18,			0.053
196,	1,	6.0,	103.599,			2.288,			0.113,			0.06
197,	1,	126.0,	104.287,			1.982,			0.208,			0.058
198,	1,	559.0,	104.544,			2.533,			0.214,			0.054
199,	1,	49.0,	104.626,			1.592,			0.231,			0.053
200,	1,	13.0,	104.906,			2.057,			0.142,			0.053
201,	1,	559.0,	105.108,			1.822,			0.203,			0.053
202,	1,	13.0,	105.13,			2.701,			0.289,			0.057
203,	1,	16.0,	105.563,			2.441,			0.254,			0.052
204,	1,	146.0,	105.909,			1.558,			0.276,			0.052
205,	1,	7.0,	105.947,			1.13,			0.15,			0.058
206,	1,	120.0,	106.051,			1.486,			0.193,			0.056
207,	2,	76.0,	106.161,			11.043,			1.096,			0.173
208,	1,	146.0,	106.245,			1.423,			0.284,			0.05
209,	1,	146.0,	106.46,			2.414,			0.176,			0.056
210,	1,	146.0,	106.56,			2.522,			0.122,			0.058
211,	1,	120.0,	106.566,			2.87,			0.15,			0.06
212,	1,	447.0,	106.727,			2.429,			0.284,			0.052
213,	1,	214.0,	106.943,			1.869,			0.171,			0.054
214,	1,	498.0,	106.995,			1.991,			0.241,			0.056
215,	1,	44.0,	107.119,			1.657,			0.185,			0.054
216,	1,	7.0,	107.253,			1.998,			0.245,			0.054
217,	1,	7.0,	107.346,			1.455,			0.263,			0.058
218,	1,	44.0,	107.361,			2.41,			0.161,			0.055
219,	1,	498.0,	107.419,			2.398,			0.206,			0.052
220,	1,	214.0,	107.488,			2.418,			0.209,			0.057
221,	1,	6.0,	107.802,			1.561,			0.163,			0.05
222,	1,	146.0,	108.425,			2.016,			0.217,			0.059
223,	2,	62.0,	108.539,			12.627,			1.289,			0.126
224,	1,	559.0,	108.633,			2.903,			0.269,			0.053
225,	1,	498.0,	108.648,			1.994,			0.148,			0.056
226,	2,	116.0,	108.966,			10.521,			1.308,			0.122
227,	1,	387.0,	108.974,			1.494,			0.211,			0.06
228,	1,	7.0,	109.314,			1.681,			0.233,			0.053
229,	1,	28.0,	109.651,			2.038,			0.293,			0.054
230,	1,	157.0,	109.908,			1.362,			0.298,			0.059
231,	1,	447.0,	110.038,			2.673,			0.14,			0.051
232,	1,	13.0,	110.336,			2.154,			0.101,			0.051
233,	1,	7.0,	110.84,			2.655,			0.158,			0.055
234,	1,	95.0,	110.961,			2.545,			0.209,			0.056
235,	1,	379.0,	110.984,			1.484,			0.122,			0.051
236,	1,	120.0,	111.136,			2.596,			0.165,			0.056
237,	1,	169.0,	111.62,			1.407,			0.17,			0.059
238,	1,	95.0,	111.823,			2.635,			0.2,			0.052
239,	1,	447.0,	111.952,			2.154,			0.152,			0.057
240,	1,	59.0,	111.997,			2.133,			0.185,			0.054
241,	1,	6.0,	112.573,			2.557,			0.2,			0.056
242,	2,	78.0,	112.576,			12.909,			1.239,			0.118
243,	1,	6.0,	112.78,			1.651,			0.166,			0.054
244,	1,	28.0,	112.979,			1.126,			0.129,			0.052
245,	1,	7.0,	113.059,			2.438,			0.244,			0.054
246,	1,	387.0,	113.167,			1.857,			0.282,			0.058
247,	1,	90.0,	113.219,			2.123,			0.238,			0.052
248,	1,	7.0,	113.611,			1.612,			0.157,			0.055
249,	1,	559.0,	113.658,			1.525,			0.198,			0.054
250,	1,	7.0,	113.707,			1.043,			0.145,			0.051
251,	1,	103.0,	113.867,			1.488,			0.195,			0.06
252,	1,	126.0,	113.886,			2.381,			0.142,			0.052
253,	1,	214.0,	114.196,			2.852,			0.279,			0.051
254,	1,	103.0,	114.38,			2.151,			0.225,			0.059
255,	2,	112.0,	114.439,			14.722,			1.484,			0.15
256,	2,	42.0,	114.561,			14.206,			1.409,			0.117
257,	1,	28.0,	114.595,			2.569,			0.15,			0.05
258,	1,	447.0,	114.768,			2.252,			0.17,			0.05
259,	1,	49.0,	114.823,			1.719,			0.109,			0.053
260,	1,	7.0,	114.875,			2.36,			0.253,			0.056
261,	1,	30.0,	114.92,			2.143,			0.138,			0.052
262,	1,	10.0,	115.118,			1.337,			0.15,			0.06
263,	1,	559.0,	115.216,			1.969,			0.266,			0.056
264,	1,	512.0,	115.337,			2.588,			0.27,			0.056
265,	1,	49.0,	115.541,			1.998,			0.157,			0.054
266,	1,	498.0,	116.009,			1.445,			0.101,			0.057
267,	2,	171.0,	116.051,			11.484,			1.009,			0.198
268,	1,	95.0,	116.199,			1.494,			0.211,			0.058
269,	2,	147.0,	116.452,			13.456,			1.325,			0.196
270,	1,	30.0,	116.516,			2.298,			0.142,			0.058
271,	1,	379.0,	116.65,			1.911,			0.261,			0.053
272,	2,	143.0,	116.712,			12.588,			1.262,			0.171
273,	1,	6.0,	116.761,			1.096,			0.15,			0.05
274,	1,	13.0,	116.926,			1.67,			0.151,			0.058
275,	1,	498.0,	117.122,			1.921,			0.162,			0.059
276,	1,	447.0,	117.147,			1.416,			0.249,			0.058
277,	1,	447.0,	117.156,			2.223,			0.237,			0.054
278,	1,	447.0,	117.177,			1.455,			0.252,			0.053
279,	1,	387.0,	117.471,			1.909,			0.17,			0.052
280,	1,	95.0,	117.532,			1.434,			0.286,			0.051
281,	1,	49.0,	117.542,			1.869,			0.165,			0.057
282,	1,	379.0,	117.857,			1.719,			0.174,			0.058
283,	1,	7.0,	118.071,			2.893,			0.193,			0.06
284,	1,	7.0,	118.317,			1.654,			0.109,			0.053
285,	1,	126.0,	118.336,			2.415,			0.177,			0.057
286,	1,	7.0,	118.426,			2.047,			0.142,			0.055
287,	1,	512.0,	118.554,			2.252,			0.188,			0.055
288,	1,	7.0,	118.577,			1.841,			0.215,			0.055
289,	1,	10.0,	118.583,			2.388,			0.134,			0.056
290,	1,	7.0,	118.852,			2.846,			0.19,			0.057
291,	1,	214.0,	118.992,			2.398,			0.29,			0.052
292,	1,	49.0,	119.02,			1.425,			0.266,			0.059
293,	1,	7.0,	119.176,			1.357,			0.198,			0.054
294,	1,	146.0,	119.23,			2.244,			0.13,			0.056
295,	1,	6.0,	119.322,			2.92,			0.279,			0.058
296,	1,	6.0,	119.347,			2.9,			0.288,			0.054
297,	1,	379.0,	119.537,			2.525,			0.16,			0.054
298,	1,	7.0,	119.57,			2.288,			0.251,			0.055
299,	2,	160.0,	119.612,			11.331,			1.1,			0.179
300,	1,	6.0,	119.805,			1.841,			0.29,			0.055
301,	1,	169.0,	119.807,			2.685,			0.238,			0.059
302,	2,	330.0,	120.175,			10.651,			1.417,			0.107
303,	1,	44.0,	120.243,			2.991,			0.175,			0.055
304,	1,	49.0,	120.269,			2.703,			0.217,			0.05
305,	1,	59.0,	120.291,			2.695,			0.202,			0.053
306,	1,	512.0,	120.468,			2.616,			0.167,			0.057
307,	1,	16.0,	120.669,			1.912,			0.228,			0.055
308,	1,	6.0,	120.718,			2.559,			0.158,			0.058
309,	1,	512.0,	120.761,			1.044,			0.158,			0.055
310,	1,	157.0,	120.876,			1.383,			0.197,			0.055
311,	2,	111.0,	121.085,			10.463,			1.143,			0.167
312,	1,	13.0,	121.118,			2.143,			0.197,			0.055
313,	1,	28.0,	122.029,			1.482,			0.112,			0.058
314,	1,	90.0,	122.097,			1.733,			0.299,			0.054
315,	1,	157.0,	122.223,			2.006,			0.285,			0.054
316,	1,	447.0,	122.351,			1.4,			0.276,			0.054
317,	1,	120.0,	122.355,			2.8,			0.206,			0.052
318,	1,	44.0,	122.473,			1.437,			0.144,			0.051
319,	1,	10.0,	122.478,			1.963,			0.232,			0.056
320,	1,	6.0,	122.521,			2.318,			0.139,			0.053
321,	2,	127.0,	122.674,			11.238,			1.333,			0.121
322,	1,	6.0,	122.73,			2.415,			0.284,			0.055
323,	1,	498.0,	122.997,			1.869,			0.277,			0.055
324,	1,	49.0,	123.683,			1.99,			0.245,			0.052
325,	1,	120.0,	123.726,			2.102,			0.128,			0.053
326,	1,	90.0,	123.752,			1.048,			0.272,			0.054
327,	1,	90.0,	123.832,			2.634,			0.272,			0.057
328,	1,	169.0,	123.895,			2.388,			0.174,			0.056
329,	2,	157.0,	123.941,			13.973,			1.438,			0.121
330,	1,	498.0,	124.075,			1.293,			0.102,			0.051
331,	1,	7.0,	124.079,			2.158,			0.217,			0.055
332,	1,	214.0,	124.093,			2.025,			0.279,			0.056
333,	1,	559.0,	124.101,			1.213,			0.124,			0.056
334,	2,	65.0,	124.712,			11.328,			1.099,			0.163
335,	1,	169.0,	124.98,			1.08,			0.24,			0.056
336,	1,	95.0,	125.006,			1.141,			0.215,			0.053
337,	1,	28.0,	125.02,			2.954,			0.121,			0.052
338,	1,	512.0,	125.15,			2.795,			0.171,			0.055
339,	1,	103.0,	125.152,			2.0,			0.153,			0.05
340,	1,	7.0,	125.21,			1.733,			0.289,			0.057
341,	1,	95.0,	125.229,			2.104,			0.194,			0.051
342,	1,	120.0,	125.339,			1.733,			0.249,			0.052
343,	1,	498.0,	125.589,			2.114,			0.256,			0.055
344,	1,	126.0,	125.717,			1.031,			0.185,			0.057
345,	1,	90.0,	126.257,			1.592,			0.17,			0.052
346,	1,	44.0,	126.387,			1.728,			0.134,			0.053
347,	1,	146.0,	126.605,			1.096,			0.137,			0.056
348,	1,	7.0,	126.618,			1.853,			0.254,			0.058
349,	1,	30.0,	127.797,			2.675,			0.159,			0.055
350,	1,	59.0,	127.894,			2.864,			0.296,			0.056
351,	1,	7.0,	128.093,			1.927,			0.176,			0.058
352,	1,	7.0,	128.117,			2.366,			0.298,			0.051
353,	1,	214.0,	128.14,			1.642,			0.153,			0.058
354,	1,	10.0,	128.357,			2.991,			0.129,			0.055
355,	1,	498.0,	128.471,			1.681,			0.217,			0.056
356,	1,	95.0,	128.996,			1.59,			0.252,			0.058
357,	1,	95.0,	129.022,			1.928,			0.214,			0.055
358,	1,	10.0,	129.07,			1.313,			0.185,			0.055
359,	2,	69.0,	129.111,			14.351,			1.2,			0.129
360,	1,	7.0,	129.301,			1.025,			0.127,			0.057
361,	1,	30.0,	129.318,			1.01,			0.21,			0.054
362,	1,	7.0,	129.75,			2.557,			0.222,			0.057
363,	2,	246.0,	129.767,			13.337,			1.07,			0.139
364,	1,	49.0,	129.868,			1.028,			0.131,			0.06
365,	1,	7.0,	130.229,			1.826,			0.289,			0.054
366,	1,	95.0,	130.299,			1.302,			0.271,			0.054
367,	1,	7.0,	130.346,			1.596,			0.135,			0.052
368,	1,	10.0,	130.752,			2.157,			0.107,			0.053
369,	1,	512.0,	130.757,			2.9,			0.173,			0.052
370,	1,	44.0,	130.859,			1.08,			0.151,			0.05
371,	1,	59.0,	130.899,			1.028,			0.118,			0.052
372,	1,	28.0,	131.05,			2.148,			0.13,			0.052
373,	1,	16.0,	131.116,			1.582,			0.295,			0.058
374,	1,	28.0,	131.239,			2.179,			0.19,			0.057
375,	2,	157.0,	131.419,			14.48,			1.482,			0.104
376,	1,	379.0,	131.455,			2.562,			0.165,			0.05
377,	1,	512.0,	131.57,			2.895,			0.119,			0.058
378,	1,	559.0,	131.63,			2.027,			0.158,			0.056
379,	1,	30.0,	131.861,			1.672,			0.27,			0.055
380,	1,	6.0,	131.987,			1.907,			0.124,			0.051
381,	1,	16.0,	132.092,			2.787,			0.238,			0.052
382,	1,	7.0,	132.211,			2.797,			0.284,			0.055
383,	1,	157.0,	132.279,			1.325,			0.149,			0.058
384,	1,	90.0,	132.422,			1.932,			0.23,			0.054
385,	1,	6.0,	132.457,			1.464,			0.16,			0.052
386,	1,	379.0,	132.457,			1.76,			0.255,			0.052
387,	1,	498.0,	132.473,			2.685,			0.151,			0.058
388,	1,	6.0,	132.665,			2.896,			0.134,			0.06
389,	1,	7.0,	132.776,			2.22,			0.101,			0.056
390,	2,	184.0,	132.875,			11.28,			1.493,			0.133
391,	1,	30.0,	132.932,			1.557,			0.21,			0.056
392,	1,	95.0,	132.959,			1.103,			0.137,			0.053
393,	1,	44.0,	133.187,			1.256,			0.174,			0.054
394,	1,	214.0,	133.413,			2.479,			0.199,			0.059
395,	1,	169.0,	133.571,			1.883,			0.104,			0.058
396,	1,	7.0,	133.6,			2.293,			0.156,			0.054
397,	1,	6.0,	133.881,			2.377,			0.3,			0.05
398,	1,	379.0,	134.13,			1.731,			0.278,			0.051
399,	1,	90.0,	134.334,			1.121,			0.106,			0.057
400,	1,	13.0,	134.646,			1.784,			0.258,			0.057
401,	1,	28.0,	134.707,			2.063,			0.251,			0.051
402,	1,	13.0,	135.195,			1.682,			0.182,			0.054
403,	1,	90.0,	135.266,			2.358,			0.246,			0.053
404,	1,	49.0,	135.636,			1.406,			0.138,			0.053
405,	1,	16.0,	135.795,			1.86,			0.251,			0.055
406,	1,	10.0,	135.929,			1.561,			0.21,			0.058
407,	2,	171.0,	135.967,			11.966,			1.271,			0.168
408,	2,	101.0,	136.131,			14.064,			1.258,			0.126
409,	1,	44.0,	136.354,			1.505,			0.168,			0.057
410,	1,	146.0,	137.019,			2.735,			0.242,			0.051
411,	1,	44.0,	137.067,			2.249,			0.248,			0.06
412,	1,	169.0,	137.11,			1.103,			0.134,			0.059
413,	1,	214.0,	137.226,			2.599,			0.258,			0.059
414,	1,	126.0,	137.258,			1.911,			0.21,			0.057
415,	1,	13.0,	137.357,			2.317,			0.206,			0.058
416,	1,	379.0,	137.787,			1.305,			0.149,			0.054
417,	1,	49.0,	137.909,			2.695,			0.296,			0.052
418,	1,	59.0,	137.95,			1.509,			0.27,			0.059
419,	1,	387.0,	138.29,			1.756,			0.133,			0.05
420,	1,	6.0,	138.296,			1.956,			0.215,			0.055
421,	1,	6.0,	138.378,			1.921,			0.118,			0.053
422,	1,	498.0,	138.489,			1.23,			0.163,			0.056
423,	1,	10.0,	138.574,			1.784,			0.284,			0.053
424,	1,	214.0,	138.584,			1.428,			0.165,			0.056
425,	1,	44.0,	138.703,			1.103,			0.272,			0.058
426,	1,	44.0,	138.812,			1.631,			0.165,			0.059
427,	1,	447.0,	139.168,			2.885,			0.226,			0.05
428,	1,	447.0,	139.238,			1.701,			0.183,			0.057
429,	1,	44.0,	139.341,			1.044,			0.229,			0.055
430,	1,	146.0,	139.717,			2.379,			0.206,			0.059
431,	1,	49.0,	139.767,			2.084,			0.284,			0.057
432,	1,	16.0,	140.085,			1.343,			0.263,			0.05
433,	1,	126.0,	140.327,			2.249,			0.101,			0.058
434,	2,	201.0,	140.598,			10.63,			1.282,			0.184
435,	1,	90.0,	140.649,			2.776,			0.151,			0.052
436,	1,	379.0,	140.742,			1.245,			0.214,			0.052
437,	1,	59.0,	141.506,			1.613,			0.23,			0.059
438,	1,	6.0,	141.721,			1.12,			0.173,			0.056
439,	1,	59.0,	141.801,			1.245,			0.25,			0.056
440,	1,	7.0,	142.214,			1.566,			0.195,			0.053
441,	2,	147.0,	142.297,			14.368,			1.313,			0.111
442,	1,	146.0,	142.615,			2.52,			0.298,			0.054
443,	1,	214.0,	142.976,			2.26,			0.162,			0.056
444,	1,	103.0,	143.093,			2.163,			0.17,			0.055
445,	1,	6.0,	143.11,			1.282,			0.172,			0.058
446,	1,	13.0,	143.124,			2.706,			0.241,			0.06
447,	1,	95.0,	143.27,			2.509,			0.187,			0.055
448,	1,	126.0,	143.45,			1.485,			0.187,			0.056
449,	2,	116.0,	143.862,			11.442,			1.191,			0.188
450,	1,	387.0,	144.161,			1.805,			0.165,			0.06
451,	1,	559.0,	144.251,			1.642,			0.166,			0.06
452,	1,	6.0,	144.785,			2.18,			0.2,			0.057
453,	1,	169.0,	145.107,			2.895,			0.17,			0.052
454,	1,	7.0,	145.28,			1.05,			0.195,			0.058
455,	2,	110.0,	145.334,			13.345,			1.205,			0.108
456,	1,	6.0,	145.337,			2.874,			0.279,			0.054
457,	2,	150.0,	145.457,			13.349,			1.053,			0.135
458,	1,	6.0,	145.502,			2.807,			0.212,			0.055
459,	1,	90.0,	145.51,			2.777,			0.215,			0.059
460,	2,	56.0,	145.772,			13.476,			1.423,			0.141
461,	1,	447.0,	145.787,			1.3,			0.237,			0.054
462,	1,	6.0,	146.013,			2.757,			0.254,			0.057
463,	1,	59.0,	146.096,			1.631,			0.253,			0.053
464,	1,	169.0,	146.116,			2.025,			0.252,			0.059
465,	1,	103.0,	146.148,			1.914,			0.101,			0.05
466,	1,	44.0,	146.223,			1.609,			0.292,			0.058
467,	1,	387.0,	146.247,			2.491,			0.119,			0.053
468,	1,	6.0,	146.644,			1.525,			0.241,			0.053
469,	1,	126.0,	146.831,			1.22,			0.166,			0.054
470,	1,	120.0,	146.862,			2.655,			0.248,			0.054
471,	1,	95.0,	147.028,			2.703,			0.161,			0.055
472,	1,	6.0,	147.149,			1.435,			0.21,			0.059
473,	1,	103.0,	147.222,			2.627,			0.183,			0.054
474,	1,	103.0,	147.272,			2.757,			0.215,			0.054
475,	1,	90.0,	147.344,			2.345,			0.267,			0.06
476,	1,	387.0,	147.458,			1.391,			0.231,			0.058
477,	1,	10.0,	147.589,			1.148,			0.231,			0.059
478,	1,	214.0,	147.626,			1.36,			0.186,			0.058
479,	1,	30.0,	148.0,			2.932,			0.187,			0.05
480,	1,	512.0,	148.353,			1.932,			0.107,			0.051
481,	1,	6.0,	148.405,			2.226,			0.192,			0.054
482,	2,	480.0,	148.445,			13.583,			1.324,			0.19
483,	1,	559.0,	148.507,			1.266,			0.175,			0.059
484,	2,	125.0,	148.873,			12.909,			1.086,			0.126
485,	2,	134.0,	149.088,			13.79,			1.0,			0.113
486,	2,	161.0,	149.094,			12.155,			1.407,			0.148
487,	1,	7.0,	149.198,			1.637,			0.186,			0.06
488,	1,	379.0,	149.384,			1.716,			0.214,			0.056
489,	1,	13.0,	149.419,			1.091,			0.187,			0.057
490,	1,	44.0,	149.896,			1.121,			0.197,			0.055
491,	1,	10.0,	149.959,			1.071,			0.247,			0.059
492,	1,	7.0,	150.109,			1.968,			0.212,			0.056
493,	1,	126.0,	150.231,			2.776,			0.295,			0.054
494,	1,	44.0,	150.266,			2.446,			0.231,			0.054
495,	1,	512.0,	150.271,			2.56,			0.189,			0.052
496,	2,	170.0,	150.447,			11.002,			1.13,			0.131
497,	1,	6.0,	150.458,			2.727,			0.152,			0.06
498,	1,	95.0,	150.473,			1.458,			0.259,			0.058
499,	1,	90.0,	150.682,			2.943,			0.193,			0.057
500,	1,	7.0,	150.696,			2.759,			0.179,			0.053
501,	1,	157.0,	150.793,			2.702,			0.162,			0.051
502,	1,	10.0,	150.83,			2.076,			0.102,			0.053
503,	1,	447.0,	150.907,			1.188,			0.22,			0.059
504,	1,	13.0,	151.011,			1.309,			0.233,			0.058
505,	1,	44.0,	151.446,			1.911,			0.159,			0.051
506,	1,	6.0,	151.477,			1.097,			0.135,			0.06
507,	1,	95.0,	151.557,			1.952,			0.185,			0.057
508,	1,	59.0,	151.668,			2.346,			0.203,			0.055
509,	1,	379.0,	151.759,			2.557,			0.205,			0.06
510,	1,	44.0,	152.037,			1.269,			0.185,			0.05
511,	1,	44.0,	152.132,			2.074,			0.122,			0.058
512,	1,	120.0,	152.185,			2.911,			0.106,			0.057
513,	1,	103.0,	152.433,			1.79,			0.299,			0.056
514,	1,	49.0,	152.49,			2.685,			0.166,			0.05
515,	1,	10.0,	152.51,			1.098,			0.103,			0.056
516,	1,	10.0,	152.634,			2.914,			0.154,			0.058
517,	1,	44.0,	152.826,			2.055,			0.258,			0.054
518,	1,	387.0,	152.891,			2.779,			0.293,			0.054
519,	1,	10.0,	153.127,			2.541,			0.239,			0.052
520,	1,	146.0,	153.146,			2.936,			0.169,			0.051
521,	1,	30.0,	153.381,			1.485,			0.131,			0.055
522,	1,	44.0,	153.711,			2.956,			0.213,			0.052
523,	1,	95.0,	153.759,			1.56,			0.171,			0.056
524,	1,	13.0,	153.803,			1.495,			0.162,			0.059
525,	1,	7.0,	153.934,			2.436,			0.276,			0.056
526,	1,	387.0,	154.045,			1.031,			0.288,			0.052
527,	1,	379.0,	154.087,			1.613,			0.153,			0.059
528,	1,	447.0,	154.147,			1.919,			0.241,			0.054
529,	1,	169.0,	154.343,			2.2,			0.173,			0.055
530,	1,	28.0,	154.672,			1.791,			0.101,			0.051
531,	1,	59.0,	154.721,			1.748,			0.299,			0.052
532,	1,	387.0,	155.041,			2.22,			0.16,			0.059
533,	1,	146.0,	155.071,			2.025,			0.176,			0.055
534,	1,	559.0,	155.179,			1.247,			0.139,			0.054
535,	1,	447.0,	155.315,			2.772,			0.263,			0.06
536,	1,	379.0,	155.406,			1.105,			0.286,			0.05
537,	1,	90.0,	155.606,			2.606,			0.215,			0.056
538,	1,	49.0,	155.613,			2.449,			0.2,			0.052
539,	1,	7.0,	155.767,			1.662,			0.171,			0.057
540,	1,	169.0,	155.957,			2.686,			0.251,			0.057
541,	1,	13.0,	156.062,			1.548,			0.253,			0.052
542,	1,	214.0,	156.083,			2.761,			0.263,			0.054
543,	1,	44.0,	156.098,			1.408,			0.277,			0.056
544,	1,	120.0,	156.163,			2.914,			0.103,			0.051
545,	1,	157.0,	156.278,			1.515,			0.127,			0.059
546,	1,	512.0,	156.424,			2.819,			0.187,			0.06
547,	2,	90.0,	156.539,			14.511,			1.021,			0.131
548,	1,	6.0,	156.608,			2.717,			0.161,			0.053
549,	1,	7.0,	156.629,			1.106,			0.195,			0.05
550,	1,	146.0,	156.958,			1.482,			0.217,			0.057
551,	2,	225.0,	157.237,			12.934,			1.06,			0.187
552,	1,	90.0,	157.315,			1.303,			0.107,			0.052
553,	1,	559.0,	157.427,			2.524,			0.165,			0.057
554,	1,	498.0,	157.548,			2.286,			0.119,			0.056
555,	1,	7.0,	157.75,			2.796,			0.184,			0.052
556,	2,	232.0,	157.803,			11.135,			1.165,			0.199
557,	1,	6.0,	157.872,			2.95,			0.133,			0.051
558,	1,	90.0,	157.928,			2.301,			0.279,			0.053
559,	1,	95.0,	158.07,			1.996,			0.246,			0.053
560,	1,	214.0,	158.241,			1.486,			0.216,			0.055
561,	2,	231.0,	158.468,			13.998,			1.367,			0.122
562,	1,	120.0,	158.662,			2.645,			0.17,			0.055
563,	1,	7.0,	158.709,			2.606,			0.101,			0.058
564,	1,	103.0,	158.763,			1.692,			0.215,			0.059
565,	2,	73.0,	159.307,			10.6,			1.109,			0.149
566,	2,	84.0,	159.328,			13.148,			1.046,			0.169
567,	1,	214.0,	159.385,			1.028,			0.236,			0.057
568,	1,	447.0,	159.51,			2.163,			0.205,			0.05
569,	1,	498.0,	159.574,			1.985,			0.133,			0.059
570,	1,	146.0,	159.723,			2.193,			0.154,			0.051
571,	1,	13.0,	159.938,			2.133,			0.195,			0.05
572,	1,	157.0,	159.982,			1.111,			0.107,			0.05
573,	2,	47.0,	160.163,			13.3,			1.24,			0.16
574,	1,	6.0,	160.347,			1.581,			0.284,			0.054
575,	1,	13.0,	160.686,			1.025,			0.215,			0.054
576,	1,	7.0,	160.908,			1.166,			0.252,			0.056
577,	1,	146.0,	160.912,			1.809,			0.207,			0.058
578,	1,	16.0,	160.995,			2.813,			0.133,			0.051
579,	1,	120.0,	161.011,			1.657,			0.298,			0.05
580,	1,	95.0,	161.169,			2.807,			0.261,			0.052
581,	1,	44.0,	161.207,			2.703,			0.222,			0.057
582,	1,	16.0,	161.338,			2.525,			0.278,			0.054
583,	1,	59.0,	161.498,			1.111,			0.202,			0.06
584,	1,	7.0,	161.634,			1.589,			0.165,			0.06
585,	1,	7.0,	161.742,			1.783,			0.17,			0.052
586,	1,	30.0,	161.761,			1.64,			0.236,			0.057
587,	1,	214.0,	161.828,			1.043,			0.166,			0.059
588,	1,	126.0,	162.012,			2.487,			0.159,			0.056
589,	1,	13.0,	162.202,			2.852,			0.182,			0.057
590,	1,	7.0,	162.272,			1.119,			0.228,			0.059
591,	1,	90.0,	162.804,			2.985,			0.103,			0.057
592,	1,	512.0,	162.923,			2.22,			0.169,			0.051
593,	1,	214.0,	162.968,			2.149,			0.131,			0.054
594,	1,	16.0,	162.976,			2.1,			0.247,			0.057
595,	1,	103.0,	163.061,			2.187,			0.29,			0.055
596,	1,	10.0,	163.099,			1.331,			0.185,			0.05
597,	1,	387.0,	163.196,			1.126,			0.292,			0.052
598,	1,	49.0,	163.451,			1.031,			0.212,			0.053
599,	1,	146.0,	163.503,			2.532,			0.27,			0.052
600,	1,	146.0,	163.552,			2.438,			0.16,			0.055
601,	1,	559.0,	163.712,			2.911,			0.294,			0.055
602,	1,	6.0,	163.957,			2.085,			0.114,			0.057
603,	1,	10.0,	164.207,			1.651,			0.21,			0.05
604,	1,	10.0,	164.391,			1.933,			0.216,			0.057
605,	1,	379.0,	164.424,			1.531,			0.133,			0.056
606,	2,	87.0,	164.763,			10.067,			1.302,			0.169
607,	1,	387.0,	165.074,			2.381,			0.156,			0.054
608,	1,	90.0,	165.082,			2.88,			0.177,			0.051
609,	1,	498.0,	165.211,			1.394,			0.277,			0.057
610,	1,	28.0,	165.222,			1.432,			0.215,			0.053
611,	1,	103.0,	165.355,			1.716,			0.121,			0.054
612,	1,	6.0,	165.456,			2.879,			0.121,			0.054
613,	1,	498.0,	165.463,			2.861,			0.127,			0.058
614,	1,	59.0,	165.533,			1.481,			0.238,			0.054
615,	1,	59.0,	165.725,			2.703,			0.195,			0.054
616,	1,	49.0,	165.734,			2.628,			0.252,			0.057
617,	1,	30.0,	165.796,			1.322,			0.113,			0.051
618,	2,	157.0,	165.805,			12.141,			1.484,			0.173
619,	1,	7.0,	165.998,			2.33,			0.148,			0.053
620,	1,	498.0,	166.348,			2.273,			0.2,			0.059
621,	1,	559.0,	166.412,			1.044,			0.241,			0.06
622,	1,	6.0,	166.509,			1.148,			0.208,			0.06
623,	1,	44.0,	166.511,			2.278,			0.214,			0.05
624,	1,	387.0,	166.673,			2.866,			0.258,			0.057
625,	1,	379.0,	166.84,			1.692,			0.16,			0.055
626,	2,	240.0,	167.103,			14.481,			1.453,			0.114
627,	1,	16.0,	167.246,			1.104,			0.138,			0.056
628,	1,	157.0,	167.681,			1.249,			0.276,			0.053
629,	1,	10.0,	167.739,			1.096,			0.227,			0.053
630,	1,	28.0,	168.227,			1.912,			0.187,			0.056
631,	1,	512.0,	168.364,			1.204,			0.227,			0.059
632,	1,	7.0,	168.515,			2.695,			0.139,			0.05
633,	1,	13.0,	168.531,			2.013,			0.216,			0.054
634,	1,	59.0,	168.578,			1.424,			0.136,			0.057
635,	1,	44.0,	168.591,			2.895,			0.124,			0.054
636,	1,	103.0,	168.858,			1.581,			0.214,			0.053
637,	1,	6.0,	169.107,			2.076,			0.281,			0.05
638,	2,	141.0,	169.162,			14.946,			1.098,			0.161
639,	1,	498.0,	169.215,			2.78,			0.245,			0.051
640,	1,	7.0,	169.272,			2.498,			0.289,			0.055
641,	1,	95.0,	169.458,			1.985,			0.193,			0.052
642,	1,	120.0,	169.499,			1.14,			0.28,			0.053
643,	1,	16.0,	169.616,			2.612,			0.292,			0.054
644,	1,	169.0,	169.794,			2.663,			0.249,			0.054
645,	1,	559.0,	169.954,			2.984,			0.207,			0.055
646,	1,	379.0,	170.021,			1.908,			0.159,			0.057
647,	1,	146.0,	170.231,			2.386,			0.12,			0.05
648,	1,	7.0,	170.38,			2.616,			0.176,			0.054
649,	1,	28.0,	170.518,			2.735,			0.191,			0.059
650,	1,	90.0,	170.826,			1.801,			0.201,			0.055
651,	1,	103.0,	170.878,			1.853,			0.138,			0.054
652,	1,	59.0,	171.042,			2.388,			0.182,			0.058
653,	1,	498.0,	171.144,			1.62,			0.224,			0.054
654,	1,	59.0,	171.49,			1.941,			0.158,			0.05
655,	1,	49.0,	171.923,			1.394,			0.275,			0.052
656,	1,	7.0,	172.135,			2.318,			0.29,			0.058
657,	2,	143.0,	172.328,			11.202,			1.389,			0.125
658,	1,	95.0,	172.592,			1.814,			0.29,			0.053
659,	1,	16.0,	172.931,			1.841,			0.218,			0.056
660,	1,	157.0,	172.937,			1.692,			0.297,			0.053
661,	1,	16.0,	173.031,			1.596,			0.194,			0.054
662,	1,	379.0,	173.152,			2.103,			0.147,			0.059
663,	2,	130.0,	173.391,			14.82,			1.154,			0.119
664,	1,	126.0,	173.558,			2.9,			0.182,			0.056
665,	1,	169.0,	173.663,			1.204,			0.222,			0.059
666,	1,	126.0,	173.899,			1.595,			0.187,			0.054
667,	1,	126.0,	174.029,			2.579,			0.104,			0.051
668,	1,	44.0,	174.121,			2.366,			0.253,			0.055
669,	1,	512.0,	174.314,			2.622,			0.289,			0.058
670,	1,	6.0,	174.361,			1.927,			0.229,			0.054
671,	1,	387.0,	174.489,			2.143,			0.154,			0.057
672,	1,	498.0,	174.58,			2.414,			0.211,			0.057
673,	1,	214.0,	174.671,			1.956,			0.293,			0.057
674,	1,	59.0,	174.707,			1.26,			0.27,			0.056
675,	1,	7.0,	174.792,			2.492,			0.15,			0.05
676,	1,	59.0,	174.836,			1.869,			0.109,			0.06
677,	1,	16.0,	175.102,			2.922,			0.112,			0.055
678,	1,	30.0,	175.103,			1.911,			0.227,			0.054
679,	1,	7.0,	175.309,			2.702,			0.258,			0.058
680,	1,	59.0,	175.395,			2.645,			0.17,			0.056
681,	1,	126.0,	175.649,			2.579,			0.189,			0.052
682,	1,	379.0,	175.832,			2.702,			0.28,			0.058
683,	1,	512.0,	175.986,			1.79,			0.101,			0.057
684,	2,	162.0,	176.142,			14.682,			1.075,			0.179
685,	1,	49.0,	176.175,			2.063,			0.161,			0.059
686,	1,	447.0,	176.684,			2.366,			0.21,			0.06
687,	1,	7.0,	176.778,			1.737,			0.122,			0.053
688,	1,	59.0,	177.02,			2.369,			0.12,			0.057
689,	1,	44.0,	177.148,			1.417,			0.192,			0.056
690,	1,	59.0,	177.298,			2.92,			0.192,			0.057
691,	1,	169.0,	177.485,			1.145,			0.218,			0.051
692,	1,	512.0,	177.851,			1.554,			0.136,			0.056
693,	1,	103.0,	177.881,			1.827,			0.242,			0.051
694,	1,	379.0,	177.891,			2.757,			0.106,			0.06
695,	1,	10.0,	178.141,			1.482,			0.124,			0.058
696,	1,	59.0,	178.293,			1.64,			0.187,			0.057
697,	1,	214.0,	178.366,			2.844,			0.114,			0.056
698,	1,	169.0,	178.378,			2.768,			0.215,			0.059
699,	1,	498.0,	178.633,			2.827,			0.256,			0.057
700,	1,	146.0,	178.764,			1.505,			0.253,			0.057
701,	1,	90.0,	178.986,			2.681,			0.216,			0.053
702,	1,	90.0,	179.165,			1.669,			0.284,			0.058
703,	1,	44.0,	179.297,			1.769,			0.249,			0.051
704,	1,	120.0,	179.527,			2.852,			0.264,			0.05
705,	1,	512.0,	180.05,			1.416,			0.206,			0.057
706,	1,	103.0,	180.109,			1.801,			0.14,			0.056
707,	1,	95.0,	180.255,			1.981,			0.23,			0.052
708,	1,	512.0,	180.436,			2.249,			0.226,			0.05
709,	1,	6.0,	180.52,			2.786,			0.285,			0.058
710,	1,	157.0,	180.652,			2.874,			0.267,			0.056
711,	1,	146.0,	180.713,			2.947,			0.202,			0.06
712,	2,	243.0,	180.872,			12.299,			1.484,			0.143
713,	1,	7.0,	180.993,			1.929,			0.217,			0.054
714,	1,	16.0,	181.138,			1.119,			0.244,			0.052
715,	1,	103.0,	181.186,			1.215,			0.236,			0.059
716,	1,	44.0,	181.27,			1.327,			0.207,			0.052
717,	1,	16.0,	181.287,			1.907,			0.135,			0.051
718,	1,	7.0,	181.415,			1.681,			0.133,			0.055
719,	1,	7.0,	181.575,			1.805,			0.209,			0.055
720,	1,	120.0,	181.926,			1.828,			0.225,			0.056
721,	1,	447.0,	181.944,			1.61,			0.133,			0.051
722,	1,	59.0,	182.26,			1.809,			0.106,			0.052
723,	1,	7.0,	182.268,			2.222,			0.144,			0.051
724,	1,	559.0,	182.919,			2.678,			0.208,			0.058
725,	1,	10.0,	183.609,			1.107,			0.29,			0.053
726,	1,	498.0,	183.777,			1.921,			0.257,			0.056
727,	1,	559.0,	183.848,			1.432,			0.116,			0.055
728,	1,	7.0,	183.941,			1.05,			0.176,			0.051
729,	1,	379.0,	184.171,			1.12,			0.238,			0.052
730,	1,	59.0,	184.504,			1.302,			0.175,			0.057
731,	1,	146.0,	184.631,			2.148,			0.261,			0.058
732,	1,	387.0,	184.741,			2.914,			0.12,			0.056
733,	1,	7.0,	185.125,			2.922,			0.288,			0.057
734,	1,	157.0,	185.624,			1.728,			0.204,			0.056
735,	1,	214.0,	185.741,			1.911,			0.161,			0.056
736,	1,	13.0,	185.886,			2.895,			0.101,			0.056
737,	1,	30.0,	186.026,			1.103,			0.22,			0.051
738,	2,	137.0,	186.403,			12.421,			1.375,			0.161
739,	1,	30.0,	186.534,			2.9,			0.289,			0.054
740,	1,	7.0,	186.579,			2.525,			0.133,			0.055
741,	1,	95.0,	186.932,			2.175,			0.276,			0.056
742,	1,	379.0,	186.933,			2.843,			0.255,			0.059
743,	2,	169.0,	187.309,			11.442,			1.1,			0.149
744,	1,	44.0,	187.487,			2.857,			0.235,			0.053
745,	1,	214.0,	188.029,			1.126,			0.134,			0.057
746,	1,	49.0,	188.102,			2.031,			0.212,			0.06
747,	1,	512.0,	188.233,			1.531,			0.238,			0.058
748,	1,	7.0,	188.332,			2.903,			0.186,			0.057
749,	1,	169.0,	188.412,			2.717,			0.162,			0.058
750,	1,	13.0,	188.741,			1.698,			0.108,			0.051
751,	2,	372.0,	189.041,			10.36,			1.44,			0.101
752,	1,	103.0,	189.049,			2.628,			0.185,			0.054
753,	1,	559.0,	189.283,			2.772,			0.115,			0.054
754,	1,	379.0,	189.324,			1.878,			0.277,			0.055
755,	1,	6.0,	189.401,			1.672,			0.137,			0.05
756,	1,	387.0,	190.674,			1.467,			0.149,			0.051
757,	1,	44.0,	190.923,			2.025,			0.17,			0.057
758,	2,	96.0,	190.998,			13.162,			1.364,			0.13
759,	1,	387.0,	191.223,			2.556,			0.236,			0.058
760,	1,	498.0,	191.666,			2.144,			0.113,			0.053
761,	2,	190.0,	191.758,			10.475,			1.276,			0.184
762,	1,	16.0,	191.837,			2.467,			0.209,			0.06
763,	1,	126.0,	191.916,			2.122,			0.249,			0.058
764,	1,	7.0,	192.111,			1.489,			0.22,			0.055
765,	1,	59.0,	192.434,			1.516,			0.245,			0.051
766,	1,	28.0,	193.045,			2.454,			0.231,			0.053
767,	1,	7.0,	193.093,			2.709,			0.198,			0.058
768,	1,	387.0,	193.513,			1.633,			0.206,			0.059
769,	1,	512.0,	193.632,			2.618,			0.166,			0.058
770,	1,	126.0,	193.802,			1.407,			0.202,			0.056
771,	1,	120.0,	194.255,			2.031,			0.279,			0.054
772,	1,	559.0,	194.291,			2.661,			0.265,			0.052
773,	1,	120.0,	194.335,			1.277,			0.168,			0.058
774,	2,	200.0,	194.365,			10.014,			1.136,			0.109
775,	1,	16.0,	194.392,			1.551,			0.267,			0.058
776,	2,	139.0,	194.569,			14.152,			1.322,			0.185
777,	1,	16.0,	194.634,			2.844,			0.151,			0.059
778,	2,	81.0,	194.654,			11.248,			1.033,			0.197
779,	1,	512.0,	194.86,			1.398,			0.131,			0.058
780,	1,	16.0,	195.095,			2.457,			0.23,			0.051
781,	2,	144.0,	195.166,			10.548,			1.259,			0.149
782,	1,	120.0,	195.333,			1.513,			0.124,			0.053
783,	1,	157.0,	196.611,			2.548,			0.254,			0.056
784,	1,	28.0,	197.016,			1.358,			0.294,			0.059
785,	1,	28.0,	197.327,			1.827,			0.205,			0.058
786,	1,	126.0,	197.745,			2.69,			0.16,			0.058
787,	2,	219.0,	197.844,			13.069,			1.111,			0.115
788,	1,	379.0,	198.259,			1.637,			0.294,			0.052
789,	2,	307.0,	198.325,			13.535,			1.147,			0.187
790,	1,	16.0,	198.523,			2.414,			0.286,			0.05
791,	1,	169.0,	198.699,			1.394,			0.131,			0.051
792,	1,	498.0,	198.791,			2.541,			0.152,			0.05
793,	1,	169.0,	198.897,			2.467,			0.165,			0.059
794,	1,	387.0,	199.39,			2.232,			0.172,			0.054
795,	1,	559.0,	199.485,			2.879,			0.249,			0.05
796,	1,	447.0,	199.902,			2.198,			0.18,			0.057
797,	2,	82.0,	200.198,			10.909,			1.473,			0.191
798,	1,	16.0,	200.318,			1.561,			0.176,			0.051
799,	1,	7.0,	200.668,			2.8,			0.107,			0.052
800,	1,	120.0,	200.838,			1.145,			0.292,			0.058
801,	2,	228.0,	201.002,			12.787,			1.282,			0.106
802,	1,	7.0,	201.26,			2.973,			0.251,			0.058
803,	1,	16.0,	201.305,			2.622,			0.17,			0.054
804,	1,	559.0,	201.366,			2.777,			0.189,			0.056
805,	1,	30.0,	201.418,			1.414,			0.227,			0.053
806,	2,	174.0,	201.453,			10.573,			1.252,			0.177
807,	1,	7.0,	201.795,			1.814,			0.206,			0.057
808,	1,	59.0,	202.672,			1.213,			0.228,			0.058
809,	1,	103.0,	203.193,			1.096,			0.256,			0.052
810,	1,	447.0,	205.032,			1.626,			0.184,			0.059
811,	2,	263.0,	205.551,			12.987,			1.007,			0.183
812,	1,	16.0,	205.569,			1.769,			0.299,			0.05
813,	1,	169.0,	205.755,			1.994,			0.131,			0.06
814,	1,	7.0,	205.758,			2.269,			0.218,			0.056
815,	2,	143.0,	206.293,			11.429,			1.49,			0.104
816,	1,	447.0,	206.359,			2.398,			0.248,			0.055
817,	1,	59.0,	206.597,			2.576,			0.15,			0.06
818,	2,	130.0,	206.691,			11.598,			1.171,			0.154
819,	1,	95.0,	206.864,			2.888,			0.214,			0.053
820,	1,	103.0,	207.024,			2.318,			0.233,			0.054
821,	1,	13.0,	207.151,			1.748,			0.234,			0.051
822,	2,	228.0,	207.224,			10.432,			1.484,			0.13
823,	1,	10.0,	207.319,			1.561,			0.131,			0.052
824,	1,	103.0,	207.365,			1.188,			0.29,			0.051
825,	1,	559.0,	207.406,			1.382,			0.151,			0.059
826,	1,	28.0,	208.219,			2.03,			0.164,			0.053
827,	2,	218.0,	208.285,			11.289,			1.452,			0.116
828,	1,	512.0,	208.956,			1.413,			0.237,			0.052
829,	1,	379.0,	209.54,			2.232,			0.134,			0.052
830,	1,	512.0,	209.564,			2.454,			0.279,			0.054
831,	1,	90.0,	209.673,			1.331,			0.133,			0.054
832,	1,	512.0,	209.99,			1.681,			0.174,			0.06
833,	1,	44.0,	210.858,			2.169,			0.105,			0.053
834,	1,	16.0,	211.015,			1.822,			0.202,			0.055
835,	1,	126.0,	211.094,			2.92,			0.284,			0.051
836,	1,	498.0,	211.459,			1.061,			0.239,			0.058
837,	2,	124.0,	211.692,			10.16,			1.263,			0.161
838,	1,	90.0,	211.967,			1.044,			0.132,			0.054
839,	1,	169.0,	212.04,			1.59,			0.286,			0.052
840,	2,	186.0,	212.175,			11.994,			1.114,			0.119
841,	1,	13.0,	212.49,			2.09,			0.101,			0.058
842,	1,	126.0,	212.663,			1.086,			0.185,			0.058
843,	2,	305.0,	212.698,			12.191,			1.238,			0.121
844,	1,	169.0,	212.88,			2.842,			0.221,			0.058
845,	2,	147.0,	212.987,			14.076,			1.34,			0.133
846,	1,	28.0,	213.374,			1.509,			0.206,			0.057
847,	2,	106.0,	213.575,			13.161,			1.385,			0.164
848,	1,	126.0,	213.686,			2.457,			0.299,			0.056
849,	1,	7.0,	213.965,			2.065,			0.113,			0.056
850,	1,	387.0,	214.185,			2.661,			0.195,			0.059
851,	1,	169.0,	214.562,			2.568,			0.212,			0.055
852,	1,	59.0,	214.688,			2.844,			0.146,			0.057
853,	1,	447.0,	214.689,			2.623,			0.146,			0.052
854,	1,	6.0,	215.538,			2.298,			0.102,			0.05
855,	1,	6.0,	215.954,			1.672,			0.123,			0.051
856,	1,	6.0,	216.213,			2.727,			0.219,			0.054
857,	1,	49.0,	216.706,			1.535,			0.251,			0.054
858,	2,	133.0,	216.933,			13.669,			1.211,			0.138
859,	1,	44.0,	216.992,			2.832,			0.217,			0.056
860,	1,	214.0,	217.305,			2.756,			0.124,			0.06
861,	1,	7.0,	217.366,			2.386,			0.259,			0.055
862,	1,	30.0,	217.547,			1.303,			0.137,			0.051
863,	1,	146.0,	217.74,			1.445,			0.233,			0.059
864,	2,	94.0,	218.017,			14.186,			1.062,			0.129
865,	1,	512.0,	218.056,			1.304,			0.113,			0.053
866,	1,	379.0,	218.396,			1.334,			0.247,			0.056
867,	1,	30.0,	219.671,			2.95,			0.121,			0.055
868,	1,	7.0,	219.832,			1.814,			0.104,			0.05
869,	1,	30.0,	220.116,			2.763,			0.21,			0.058
870,	1,	214.0,	220.633,			1.203,			0.212,			0.058
871,	1,	7.0,	220.744,			2.681,			0.101,			0.059
872,	1,	157.0,	220.747,			1.317,			0.29,			0.052
873,	2,	232.0,	221.469,			13.15,			1.238,			0.161
874,	1,	146.0,	221.895,			1.513,			0.253,			0.052
875,	1,	16.0,	222.209,			1.588,			0.203,			0.06
876,	1,	169.0,	222.838,			2.176,			0.3,			0.051
877,	1,	379.0,	223.382,			2.33,			0.183,			0.051
878,	2,	158.0,	223.494,			11.727,			1.403,			0.128
879,	1,	379.0,	223.649,			1.489,			0.269,			0.053
880,	2,	135.0,	224.322,			10.162,			1.261,			0.147
881,	1,	59.0,	224.744,			1.302,			0.12,			0.058
882,	2,	96.0,	225.757,			10.728,			1.293,			0.156
883,	1,	6.0,	226.289,			1.403,			0.216,			0.058
884,	1,	559.0,	226.313,			2.943,			0.134,			0.055
885,	2,	138.0,	226.734,			12.841,			1.051,			0.151
886,	1,	7.0,	226.79,			2.034,			0.272,			0.056
887,	2,	156.0,	227.123,			13.583,			1.471,			0.102
888,	1,	120.0,	227.246,			1.504,			0.27,			0.057
889,	1,	10.0,	227.438,			2.08,			0.29,			0.051
890,	2,	187.0,	228.538,			11.93,			1.48,			0.137
891,	2,	128.0,	228.554,			13.174,			1.021,			0.176
892,	1,	6.0,	229.159,			2.283,			0.11,			0.06
893,	2,	134.0,	229.498,			12.934,			1.172,			0.151
894,	1,	7.0,	229.578,			2.181,			0.114,			0.054
895,	1,	379.0,	230.406,			2.727,			0.233,			0.052
896,	2,	121.0,	230.72,			11.078,			1.206,			0.17
897,	1,	559.0,	231.47,			1.024,			0.177,			0.058
898,	2,	166.0,	233.977,			10.518,			1.374,			0.101
899,	1,	16.0,	235.02,			1.083,			0.268,			0.059
900,	1,	49.0,	235.153,			1.907,			0.244,			0.057
901,	1,	387.0,	236.187,			2.627,			0.186,			0.06
902,	1,	6.0,	236.276,			1.243,			0.224,			0.051
903,	1,	387.0,	236.987,			1.749,			0.186,			0.051
904,	2,	138.0,	237.127,			10.286,			1.098,			0.164
905,	2,	84.0,	237.182,			10.524,			1.222,			0.175
906,	2,	148.0,	237.462,			10.146,			1.0,			0.111
907,	1,	13.0,	237.559,			2.379,			0.107,			0.059
908,	1,	30.0,	237.922,			2.092,			0.133,			0.058
909,	1,	7.0,	237.982,			2.232,			0.238,			0.051
910,	1,	498.0,	238.323,			2.947,			0.165,			0.053
911,	1,	44.0,	239.51,			2.866,			0.249,			0.052
912,	1,	512.0,	239.557,			2.322,			0.243,			0.052
913,	1,	6.0,	239.829,			1.972,			0.151,			0.058
914,	1,	7.0,	240.111,			1.932,			0.272,			0.051
915,	2,	143.0,	240.407,			11.719,			1.285,			0.107
916,	1,	214.0,	241.166,			1.226,			0.157,			0.053
917,	1,	6.0,	241.623,			1.963,			0.221,			0.051
918,	1,	214.0,	241.897,			2.19,			0.29,			0.058
919,	2,	114.0,	243.449,			12.661,			1.053,			0.141
920,	2,	70.0,	244.003,			14.187,			1.109,			0.101
921,	2,	150.0,	244.068,			14.676,			1.241,			0.156
922,	2,	102.0,	244.358,			12.02,			1.289,			0.132
923,	1,	6.0,	244.978,			1.97,			0.113,			0.052
924,	1,	10.0,	245.199,			2.03,			0.256,			0.06
925,	2,	230.0,	245.274,			14.535,			1.348,			0.155
926,	1,	10.0,	246.321,			2.31,			0.192,			0.059
927,	1,	49.0,	247.133,			1.753,			0.279,			0.06
928,	1,	169.0,	247.306,			2.751,			0.239,			0.056
929,	1,	126.0,	247.34,			2.95,			0.161,			0.051
930,	2,	100.0,	247.46,			11.237,			1.238,			0.142
931,	2,	230.0,	249.855,			13.596,			1.293,			0.187
932,	1,	559.0,	249.939,			2.199,			0.206,			0.057
933,	1,	120.0,	250.722,			2.2,			0.124,			0.055
934,	1,	10.0,	251.052,			2.842,			0.201,			0.052
935,	1,	28.0,	251.07,			2.879,			0.193,			0.05
936,	1,	95.0,	251.253,			2.581,			0.134,			0.054
937,	1,	28.0,	251.471,			1.86,			0.265,			0.06
938,	1,	95.0,	251.729,			2.283,			0.103,			0.052
939,	2,	156.0,	252.238,			14.432,			1.089,			0.141
940,	1,	30.0,	253.215,			2.947,			0.116,			0.058
941,	2,	145.0,	253.581,			14.89,			1.201,			0.178
942,	2,	186.0,	254.313,			10.882,			1.353,			0.197
943,	2,	80.0,	254.798,			11.34,			1.139,			0.104
944,	2,	118.0,	255.458,			11.85,			1.05,			0.107
945,	2,	291.0,	255.686,			12.144,			1.43,			0.103
946,	1,	379.0,	255.798,			2.345,			0.174,			0.056
947,	2,	152.0,	256.138,			14.918,			1.086,			0.118
948,	2,	125.0,	256.269,			13.737,			1.246,			0.12
949,	2,	116.0,	257.369,			11.772,			1.193,			0.194
950,	1,	44.0,	258.184,			2.11,			0.217,			0.057
951,	2,	192.0,	258.318,			10.702,			1.166,			0.199
952,	1,	120.0,	261.769,			2.544,			0.268,			0.053
953,	1,	7.0,	262.938,			2.776,			0.241,			0.057
954,	2,	214.0,	263.143,			13.973,			1.45,			0.151
955,	2,	169.0,	263.821,			13.3,			1.073,			0.12
956,	2,	182.0,	263.92,			10.724,			1.258,			0.142
957,	2,	166.0,	264.484,			12.242,			1.291,			0.102
958,	2,	217.0,	264.575,			13.195,			1.207,			0.149
959,	1,	559.0,	265.05,			1.114,			0.177,			0.052
960,	2,	201.0,	265.659,			11.764,			1.398,			0.132
961,	1,	7.0,	265.741,			1.25,			0.238,			0.06
962,	1,	559.0,	267.76,			2.225,			0.222,			0.058
963,	2,	108.0,	269.71,			12.89,			1.468,			0.198
964,	2,	145.0,	271.481,			10.654,			1.053,			0.171
965,	1,	7.0,	271.491,			2.532,			0.138,			0.056
966,	2,	207.0,	271.804,			14.244,			1.362,			0.134
967,	1,	28.0,	273.433,			1.442,			0.147,			0.054
968,	1,	28.0,	273.472,			2.984,			0.158,			0.054
969,	1,	28.0,	273.673,			2.52,			0.288,			0.054
970,	1,	447.0,	274.474,			1.495,			0.112,			0.051
971,	2,	274.0,	274.922,			14.32,			1.449,			0.173
972,	2,	66.0,	275.969,			14.76,			1.487,			0.196
973,	2,	160.0,	277.973,			13.106,			1.137,			0.176
974,	2,	103.0,	278.766,			11.028,			1.467,			0.145
975,	2,	253.0,	280.917,			11.993,			1.037,			0.13
976,	2,	105.0,	281.29,			12.438,			1.251,			0.149
977,	2,	137.0,	282.969,			13.135,			1.491,			0.149
978,	2,	149.0,	283.744,			11.138,			1.321,			0.11
979,	2,	169.0,	284.208,			13.899,			1.031,			0.173
980,	2,	162.0,	284.479,			13.977,			1.102,			0.111
981,	2,	38.0,	284.749,			10.146,			1.191,			0.148
982,	2,	126.0,	285.388,			11.371,			1.049,			0.101
983,	2,	138.0,	286.218,			14.946,			1.015,			0.2
984,	2,	257.0,	286.477,			14.351,			1.308,			0.165
985,	2,	178.0,	287.045,			12.503,			1.444,			0.16
986,	2,	136.0,	289.898,			14.917,			1.013,			0.19
987,	1,	59.0,	294.399,			1.376,			0.276,			0.054
988,	2,	138.0,	294.794,			11.331,			1.143,			0.189
989,	1,	447.0,	295.375,			1.071,			0.166,			0.056
990,	2,	136.0,	296.638,			11.027,			1.246,			0.197
991,	2,	98.0,	297.23,			11.017,			1.025,			0.108
992,	2,	218.0,	297.431,			13.17,			1.353,			0.125
993,	2,	215.0,	297.496,			10.506,			1.248,			0.1
994,	2,	121.0,	298.172,			13.129,			1.058,			0.193
995,	2,	263.0,	298.392,			11.334,			1.27,			0.183
996,	2,	143.0,	298.605,			10.286,			1.03,			0.125
997,	2,	145.0,	299.625,			12.527,			1.094,			0.145
998,	2,	208.0,	299.692,			14.12,			1.353,			0.146
999,	1,	169.0,	300.0,			2.486,			0.146,			0.053
1000,	1,	44.0,	300.0,			2.576,			0.156,			0.051
