#, task_type_id, size, arrival_time,	execution_time_cpu,	execution_time_gpu,	execution_time_CLOUD
1,	2,	182.0,	0.3,			10.882,			1.218,			0.138
2,	2,	126.0,	3.618,			10.506,			1.103,			0.181
3,	2,	137.0,	4.069,			10.298,			1.295,			0.111
4,	2,	162.0,	4.427,			12.946,			1.117,			0.188
5,	2,	99.0,	4.849,			11.793,			1.282,			0.114
6,	2,	134.0,	4.935,			10.523,			1.452,			0.146
7,	2,	234.0,	6.618,			13.676,			1.018,			0.172
8,	2,	109.0,	7.55,			12.304,			1.473,			0.139
9,	1,	447.0,	8.16,			1.683,			0.241,			0.06
10,	2,	177.0,	10.354,			14.002,			1.411,			0.162
11,	2,	141.0,	13.477,			14.253,			1.411,			0.155
12,	2,	133.0,	13.849,			10.792,			1.194,			0.163
13,	2,	92.0,	14.413,			11.058,			1.409,			0.104
14,	2,	177.0,	14.683,			10.621,			1.261,			0.147
15,	1,	7.0,	15.55,			1.083,			0.247,			0.052
16,	1,	169.0,	16.808,			2.78,			0.223,			0.055
17,	2,	155.0,	17.175,			11.078,			1.244,			0.111
18,	2,	59.0,	17.286,			14.918,			1.2,			0.131
19,	2,	61.0,	17.395,			10.809,			1.333,			0.124
20,	1,	512.0,	18.057,			1.56,			0.237,			0.06
21,	2,	64.0,	18.416,			14.513,			1.452,			0.199
22,	1,	7.0,	18.95,			2.976,			0.168,			0.058
23,	2,	122.0,	19.0,			14.96,			1.369,			0.141
24,	2,	166.0,	20.073,			11.639,			1.351,			0.197
25,	2,	129.0,	21.094,			14.965,			1.143,			0.173
26,	1,	16.0,	21.444,			2.407,			0.262,			0.057
27,	1,	10.0,	22.959,			2.22,			0.21,			0.056
28,	2,	175.0,	24.266,			14.871,			1.413,			0.196
29,	2,	224.0,	24.679,			10.475,			1.187,			0.182
30,	2,	47.0,	25.055,			10.718,			1.229,			0.188
31,	2,	158.0,	28.664,			14.686,			1.456,			0.186
32,	2,	157.0,	29.811,			10.476,			1.481,			0.136
33,	2,	136.0,	32.102,			10.758,			1.285,			0.163
34,	2,	147.0,	32.984,			14.958,			1.425,			0.134
35,	1,	498.0,	33.058,			2.947,			0.262,			0.052
36,	1,	44.0,	35.69,			2.11,			0.296,			0.05
37,	1,	146.0,	36.321,			2.006,			0.219,			0.057
38,	1,	95.0,	36.943,			1.05,			0.257,			0.06
39,	1,	559.0,	39.907,			1.425,			0.168,			0.057
40,	2,	232.0,	40.193,			13.878,			1.112,			0.137
41,	2,	125.0,	40.504,			14.934,			1.306,			0.115
42,	1,	498.0,	41.356,			1.111,			0.272,			0.059
43,	2,	166.0,	42.156,			10.432,			1.096,			0.114
44,	1,	16.0,	42.45,			1.496,			0.253,			0.057
45,	1,	146.0,	43.404,			1.279,			0.234,			0.054
46,	2,	246.0,	43.406,			10.114,			1.351,			0.173
47,	1,	10.0,	43.8,			1.875,			0.235,			0.051
48,	1,	169.0,	44.131,			1.283,			0.249,			0.053
49,	2,	110.0,	45.288,			10.78,			1.279,			0.119
50,	2,	98.0,	45.481,			11.819,			1.222,			0.132
51,	1,	7.0,	46.15,			2.498,			0.262,			0.055
52,	2,	104.0,	47.184,			12.127,			1.108,			0.125
53,	1,	157.0,	47.578,			1.334,			0.162,			0.059
54,	2,	152.0,	47.819,			12.786,			1.2,			0.125
55,	1,	214.0,	49.904,			1.431,			0.265,			0.056
56,	1,	169.0,	51.706,			2.132,			0.17,			0.05
57,	2,	131.0,	51.78,			11.237,			1.385,			0.2
58,	2,	202.0,	52.469,			10.332,			1.142,			0.108
59,	1,	214.0,	52.77,			1.631,			0.139,			0.058
60,	2,	182.0,	53.005,			11.81,			1.417,			0.108
61,	1,	169.0,	53.059,			2.425,			0.189,			0.059
62,	1,	90.0,	53.192,			2.976,			0.176,			0.055
63,	2,	349.0,	53.314,			12.125,			1.31,			0.193
64,	1,	59.0,	54.074,			1.302,			0.14,			0.054
65,	1,	169.0,	54.491,			1.728,			0.287,			0.055
66,	1,	7.0,	56.231,			2.95,			0.203,			0.058
67,	2,	175.0,	56.326,			11.662,			1.366,			0.155
68,	1,	120.0,	56.497,			2.686,			0.248,			0.06
69,	1,	95.0,	56.507,			1.513,			0.199,			0.053
70,	2,	125.0,	57.078,			12.987,			1.354,			0.16
71,	1,	10.0,	57.597,			1.26,			0.276,			0.059
72,	1,	447.0,	57.723,			2.235,			0.272,			0.059
73,	2,	69.0,	57.768,			14.906,			1.469,			0.162
74,	1,	7.0,	58.064,			1.683,			0.131,			0.06
75,	1,	44.0,	58.909,			2.03,			0.166,			0.06
76,	1,	214.0,	60.522,			2.588,			0.263,			0.053
77,	1,	214.0,	60.94,			1.844,			0.241,			0.05
78,	1,	7.0,	61.327,			2.661,			0.252,			0.059
79,	2,	138.0,	62.463,			12.014,			1.175,			0.156
80,	1,	6.0,	62.774,			2.158,			0.299,			0.059
81,	1,	59.0,	62.929,			1.511,			0.289,			0.059
82,	1,	10.0,	64.639,			2.321,			0.16,			0.056
83,	1,	7.0,	64.695,			1.105,			0.214,			0.052
84,	1,	387.0,	64.863,			2.479,			0.174,			0.051
85,	1,	498.0,	65.189,			2.659,			0.217,			0.056
86,	1,	90.0,	65.609,			1.807,			0.137,			0.06
87,	1,	498.0,	66.6,			2.08,			0.217,			0.055
88,	1,	157.0,	66.704,			2.947,			0.134,			0.054
89,	1,	120.0,	67.362,			1.416,			0.19,			0.053
90,	2,	75.0,	67.599,			12.286,			1.099,			0.134
91,	1,	95.0,	68.635,			1.494,			0.299,			0.056
92,	1,	7.0,	69.27,			2.318,			0.199,			0.058
93,	2,	243.0,	69.426,			14.863,			1.493,			0.158
94,	2,	138.0,	69.445,			11.28,			1.437,			0.138
95,	2,	129.0,	69.497,			14.716,			1.264,			0.102
96,	1,	16.0,	69.81,			1.541,			0.28,			0.056
97,	1,	379.0,	69.891,			2.606,			0.115,			0.057
98,	1,	157.0,	70.964,			1.515,			0.153,			0.053
99,	1,	379.0,	71.006,			1.078,			0.165,			0.06
100,	1,	379.0,	71.718,			1.314,			0.152,			0.052
101,	1,	95.0,	72.833,			1.141,			0.113,			0.057
102,	1,	16.0,	72.854,			2.956,			0.289,			0.057
103,	1,	44.0,	73.708,			1.009,			0.284,			0.058
104,	2,	241.0,	74.325,			13.346,			1.053,			0.152
105,	1,	387.0,	74.331,			2.293,			0.184,			0.057
106,	1,	447.0,	75.607,			1.731,			0.187,			0.051
107,	1,	7.0,	76.12,			1.178,			0.19,			0.058
108,	1,	559.0,	76.821,			2.084,			0.238,			0.055
109,	2,	126.0,	76.961,			12.024,			1.186,			0.14
110,	2,	74.0,	77.026,			14.008,			1.128,			0.18
111,	1,	146.0,	77.293,			1.115,			0.249,			0.053
112,	1,	30.0,	77.574,			1.314,			0.102,			0.057
113,	1,	512.0,	77.685,			2.797,			0.238,			0.052
114,	1,	95.0,	77.708,			1.688,			0.281,			0.053
115,	1,	169.0,	77.813,			1.13,			0.262,			0.057
116,	1,	95.0,	78.028,			1.431,			0.259,			0.051
117,	1,	59.0,	78.279,			1.672,			0.146,			0.059
118,	1,	59.0,	78.29,			1.486,			0.235,			0.059
119,	1,	28.0,	78.794,			1.098,			0.228,			0.058
120,	1,	379.0,	79.481,			2.491,			0.216,			0.054
121,	1,	44.0,	79.54,			1.437,			0.166,			0.055
122,	1,	6.0,	79.633,			2.598,			0.293,			0.057
123,	1,	44.0,	80.61,			2.525,			0.184,			0.052
124,	1,	16.0,	81.176,			1.991,			0.206,			0.057
125,	2,	106.0,	81.177,			12.02,			1.255,			0.187
126,	2,	74.0,	81.406,			14.219,			1.211,			0.193
127,	1,	126.0,	81.813,			2.316,			0.158,			0.06
128,	2,	87.0,	81.846,			12.627,			1.477,			0.198
129,	1,	214.0,	83.373,			1.965,			0.161,			0.054
130,	2,	106.0,	83.529,			13.148,			1.321,			0.171
131,	1,	126.0,	83.591,			2.302,			0.226,			0.052
132,	1,	44.0,	83.665,			2.827,			0.291,			0.057
133,	1,	7.0,	84.025,			2.922,			0.255,			0.054
134,	2,	133.0,	84.662,			10.204,			1.073,			0.179
135,	1,	498.0,	84.98,			1.431,			0.221,			0.056
136,	2,	160.0,	84.989,			12.101,			1.453,			0.198
137,	2,	68.0,	85.411,			10.461,			1.097,			0.19
138,	1,	512.0,	85.465,			1.302,			0.176,			0.05
139,	1,	7.0,	85.467,			1.304,			0.288,			0.058
140,	2,	165.0,	85.498,			12.178,			1.409,			0.11
141,	1,	44.0,	86.118,			2.366,			0.177,			0.055
142,	1,	214.0,	87.211,			1.672,			0.255,			0.051
143,	1,	103.0,	87.264,			1.256,			0.174,			0.054
144,	1,	7.0,	87.673,			1.262,			0.27,			0.058
145,	1,	103.0,	88.046,			2.2,			0.111,			0.059
146,	1,	49.0,	88.05,			1.431,			0.239,			0.056
147,	1,	146.0,	88.283,			1.362,			0.262,			0.057
148,	2,	134.0,	88.42,			10.924,			1.374,			0.145
149,	1,	126.0,	88.575,			2.219,			0.241,			0.059
150,	1,	103.0,	88.586,			1.684,			0.119,			0.059
151,	1,	6.0,	88.662,			1.753,			0.272,			0.055
152,	2,	208.0,	88.716,			14.853,			1.124,			0.194
153,	1,	6.0,	88.881,			1.79,			0.163,			0.052
154,	1,	6.0,	89.067,			2.874,			0.278,			0.05
155,	1,	6.0,	89.083,			1.217,			0.206,			0.057
156,	1,	6.0,	89.537,			1.683,			0.222,			0.052
157,	1,	16.0,	89.599,			1.322,			0.276,			0.058
158,	1,	10.0,	89.633,			2.027,			0.122,			0.058
159,	1,	447.0,	89.779,			1.489,			0.249,			0.056
160,	1,	7.0,	89.929,			2.914,			0.125,			0.053
161,	1,	49.0,	90.088,			1.471,			0.283,			0.051
162,	1,	559.0,	90.163,			2.26,			0.121,			0.058
163,	1,	16.0,	90.204,			2.256,			0.292,			0.053
164,	1,	44.0,	90.333,			2.41,			0.154,			0.06
165,	1,	7.0,	90.377,			2.991,			0.206,			0.056
166,	2,	236.0,	90.623,			13.377,			1.121,			0.2
167,	1,	120.0,	90.809,			2.244,			0.244,			0.059
168,	1,	90.0,	91.027,			1.962,			0.133,			0.055
169,	1,	379.0,	91.25,			2.888,			0.269,			0.055
170,	1,	498.0,	91.326,			1.247,			0.171,			0.058
171,	2,	72.0,	91.72,			13.129,			1.46,			0.152
172,	1,	7.0,	91.875,			1.107,			0.148,			0.058
173,	2,	170.0,	92.245,			10.819,			1.218,			0.132
174,	1,	13.0,	92.34,			1.029,			0.109,			0.055
175,	1,	157.0,	92.4,			2.276,			0.214,			0.05
176,	1,	447.0,	92.68,			1.302,			0.259,			0.053
177,	1,	387.0,	92.779,			2.857,			0.272,			0.058
178,	1,	6.0,	92.917,			1.919,			0.158,			0.059
179,	1,	90.0,	92.995,			2.569,			0.194,			0.051
180,	2,	172.0,	93.233,			10.332,			1.012,			0.171
181,	1,	169.0,	93.297,			1.174,			0.156,			0.058
182,	2,	168.0,	93.386,			12.569,			1.206,			0.166
183,	1,	7.0,	93.431,			2.914,			0.208,			0.053
184,	1,	90.0,	93.432,			2.986,			0.147,			0.057
185,	2,	212.0,	93.624,			13.899,			1.029,			0.113
186,	2,	93.0,	93.873,			13.181,			1.131,			0.114
187,	1,	126.0,	93.997,			1.838,			0.205,			0.056
188,	1,	7.0,	94.123,			1.683,			0.203,			0.052
189,	1,	157.0,	94.401,			2.756,			0.195,			0.059
190,	1,	512.0,	95.354,			2.223,			0.279,			0.059
191,	1,	157.0,	95.389,			1.972,			0.268,			0.055
192,	1,	30.0,	95.533,			2.751,			0.166,			0.059
193,	1,	120.0,	95.673,			2.321,			0.179,			0.057
194,	1,	146.0,	95.821,			1.921,			0.122,			0.058
195,	1,	7.0,	95.839,			2.542,			0.149,			0.056
196,	2,	72.0,	95.891,			14.244,			1.417,			0.18
197,	1,	126.0,	96.134,			2.631,			0.248,			0.059
198,	2,	159.0,	96.17,			12.15,			1.409,			0.144
199,	1,	10.0,	96.409,			1.684,			0.104,			0.052
200,	1,	59.0,	96.676,			1.07,			0.254,			0.055
201,	1,	49.0,	96.69,			2.663,			0.142,			0.052
202,	1,	120.0,	96.692,			1.541,			0.268,			0.058
203,	1,	512.0,	96.706,			2.28,			0.256,			0.052
204,	1,	6.0,	96.752,			1.841,			0.217,			0.053
205,	1,	214.0,	96.955,			2.776,			0.103,			0.056
206,	1,	103.0,	96.974,			1.509,			0.245,			0.059
207,	1,	387.0,	97.302,			2.756,			0.175,			0.051
208,	1,	498.0,	97.476,			1.554,			0.242,			0.057
209,	1,	379.0,	97.777,			1.178,			0.162,			0.056
210,	1,	103.0,	97.841,			1.485,			0.165,			0.057
211,	1,	28.0,	97.951,			2.446,			0.18,			0.058
212,	1,	169.0,	98.209,			1.523,			0.238,			0.05
213,	1,	7.0,	98.362,			1.263,			0.172,			0.058
214,	1,	7.0,	98.655,			1.605,			0.149,			0.053
215,	1,	10.0,	98.699,			2.0,			0.256,			0.052
216,	2,	138.0,	99.188,			10.63,			1.264,			0.155
217,	2,	143.0,	99.259,			11.171,			1.206,			0.16
218,	1,	498.0,	99.577,			2.199,			0.267,			0.058
219,	1,	13.0,	99.594,			2.324,			0.131,			0.057
220,	1,	59.0,	100.388,			1.056,			0.189,			0.057
221,	2,	172.0,	100.559,			10.114,			1.296,			0.114
222,	1,	7.0,	100.622,			2.36,			0.107,			0.056
223,	1,	30.0,	100.906,			1.933,			0.21,			0.057
224,	1,	7.0,	101.066,			2.31,			0.186,			0.054
225,	1,	7.0,	101.339,			1.575,			0.122,			0.055
226,	1,	498.0,	101.367,			2.976,			0.111,			0.053
227,	2,	203.0,	101.606,			12.192,			1.139,			0.122
228,	1,	7.0,	101.936,			1.203,			0.117,			0.059
229,	2,	137.0,	102.05,			10.592,			1.259,			0.131
230,	1,	387.0,	102.066,			1.441,			0.152,			0.057
231,	1,	103.0,	102.215,			1.962,			0.103,			0.057
232,	2,	201.0,	102.249,			10.312,			1.349,			0.179
233,	2,	293.0,	102.431,			12.654,			1.235,			0.113
234,	1,	498.0,	102.882,			2.986,			0.202,			0.056
235,	1,	387.0,	102.958,			2.789,			0.288,			0.053
236,	1,	16.0,	104.04,			2.768,			0.173,			0.052
237,	1,	49.0,	104.305,			1.587,			0.151,			0.052
238,	1,	95.0,	104.573,			1.108,			0.215,			0.051
239,	1,	44.0,	105.053,			1.915,			0.219,			0.052
240,	1,	7.0,	105.469,			1.488,			0.225,			0.056
241,	1,	447.0,	105.805,			1.701,			0.161,			0.059
242,	1,	379.0,	105.817,			1.425,			0.135,			0.052
243,	1,	126.0,	105.932,			2.819,			0.159,			0.059
244,	1,	49.0,	105.937,			1.426,			0.273,			0.052
245,	1,	95.0,	106.277,			2.047,			0.257,			0.052
246,	1,	95.0,	106.843,			2.407,			0.15,			0.057
247,	1,	379.0,	107.063,			2.893,			0.282,			0.055
248,	1,	44.0,	107.186,			1.204,			0.251,			0.054
249,	1,	103.0,	107.194,			2.678,			0.294,			0.054
250,	1,	7.0,	107.469,			2.852,			0.167,			0.051
251,	1,	28.0,	107.537,			1.006,			0.217,			0.05
252,	2,	138.0,	107.964,			10.978,			1.083,			0.137
253,	1,	44.0,	107.985,			1.513,			0.158,			0.05
254,	1,	6.0,	108.267,			2.779,			0.212,			0.059
255,	1,	7.0,	108.293,			1.581,			0.271,			0.056
256,	1,	28.0,	108.372,			2.9,			0.14,			0.059
257,	1,	7.0,	108.539,			1.443,			0.279,			0.058
258,	1,	44.0,	108.574,			2.567,			0.249,			0.058
259,	1,	126.0,	108.768,			1.13,			0.109,			0.055
260,	1,	498.0,	108.787,			2.709,			0.157,			0.053
261,	1,	447.0,	109.177,			1.702,			0.122,			0.056
262,	1,	379.0,	109.19,			1.928,			0.158,			0.055
263,	1,	6.0,	109.296,			2.96,			0.208,			0.052
264,	1,	7.0,	109.568,			2.43,			0.216,			0.06
265,	1,	447.0,	110.144,			2.269,			0.119,			0.058
266,	1,	7.0,	110.703,			2.379,			0.116,			0.051
267,	1,	59.0,	110.729,			1.435,			0.19,			0.051
268,	1,	44.0,	110.76,			1.878,			0.124,			0.057
269,	1,	6.0,	110.77,			1.956,			0.208,			0.05
270,	1,	169.0,	111.06,			2.703,			0.228,			0.057
271,	1,	49.0,	111.219,			2.625,			0.288,			0.055
272,	2,	180.0,	111.244,			12.703,			1.187,			0.183
273,	1,	44.0,	111.283,			2.492,			0.186,			0.057
274,	1,	28.0,	111.31,			2.681,			0.276,			0.055
275,	1,	6.0,	111.682,			1.432,			0.106,			0.055
276,	1,	59.0,	111.851,			1.204,			0.141,			0.06
277,	1,	103.0,	111.858,			2.063,			0.164,			0.052
278,	1,	44.0,	112.314,			1.886,			0.26,			0.051
279,	1,	90.0,	112.399,			1.985,			0.158,			0.055
280,	1,	447.0,	112.823,			2.415,			0.272,			0.053
281,	1,	379.0,	112.968,			2.553,			0.279,			0.053
282,	1,	214.0,	113.295,			2.048,			0.144,			0.053
283,	1,	447.0,	113.736,			1.879,			0.252,			0.06
284,	1,	16.0,	113.83,			2.8,			0.101,			0.054
285,	1,	169.0,	114.129,			1.84,			0.159,			0.052
286,	1,	498.0,	114.189,			2.779,			0.147,			0.051
287,	1,	30.0,	114.891,			2.691,			0.208,			0.057
288,	1,	126.0,	115.046,			2.542,			0.188,			0.05
289,	2,	136.0,	115.073,			13.228,			1.133,			0.197
290,	1,	90.0,	115.389,			2.832,			0.125,			0.059
291,	1,	498.0,	115.645,			2.559,			0.224,			0.055
292,	1,	126.0,	115.665,			1.433,			0.161,			0.05
293,	1,	10.0,	115.88,			1.639,			0.225,			0.052
294,	2,	192.0,	116.118,			13.228,			1.098,			0.127
295,	1,	90.0,	116.138,			1.107,			0.267,			0.06
296,	1,	10.0,	116.213,			1.561,			0.15,			0.059
297,	1,	7.0,	116.219,			1.504,			0.202,			0.056
298,	1,	214.0,	116.252,			1.309,			0.221,			0.057
299,	1,	120.0,	116.278,			2.22,			0.224,			0.052
300,	1,	90.0,	116.57,			1.979,			0.274,			0.058
301,	1,	120.0,	116.985,			2.973,			0.126,			0.051
302,	1,	559.0,	117.013,			2.533,			0.277,			0.054
303,	1,	30.0,	117.147,			1.103,			0.217,			0.06
304,	1,	7.0,	117.211,			1.64,			0.239,			0.054
305,	1,	7.0,	117.475,			2.726,			0.166,			0.052
306,	1,	59.0,	117.62,			2.991,			0.142,			0.06
307,	1,	59.0,	117.75,			1.052,			0.103,			0.052
308,	1,	30.0,	117.806,			2.414,			0.152,			0.053
309,	1,	7.0,	117.845,			1.282,			0.138,			0.06
310,	1,	6.0,	118.013,			2.524,			0.174,			0.057
311,	1,	7.0,	118.127,			2.509,			0.205,			0.055
312,	1,	387.0,	118.214,			2.279,			0.208,			0.051
313,	1,	387.0,	118.575,			1.733,			0.217,			0.057
314,	1,	103.0,	118.821,			1.716,			0.228,			0.058
315,	1,	6.0,	118.841,			2.148,			0.282,			0.057
316,	1,	10.0,	118.919,			1.681,			0.128,			0.051
317,	1,	120.0,	119.119,			1.821,			0.145,			0.052
318,	2,	154.0,	119.194,			10.977,			1.456,			0.119
319,	2,	166.0,	119.328,			12.661,			1.311,			0.162
320,	1,	146.0,	119.448,			1.981,			0.124,			0.056
321,	1,	379.0,	119.566,			2.637,			0.175,			0.06
322,	1,	214.0,	119.59,			1.651,			0.28,			0.056
323,	1,	44.0,	119.68,			1.667,			0.208,			0.055
324,	1,	157.0,	119.864,			2.973,			0.207,			0.058
325,	1,	126.0,	120.068,			2.143,			0.168,			0.059
326,	1,	387.0,	120.205,			1.757,			0.242,			0.056
327,	2,	177.0,	120.237,			10.599,			1.022,			0.142
328,	1,	6.0,	120.332,			1.128,			0.16,			0.053
329,	1,	126.0,	120.549,			1.886,			0.217,			0.058
330,	1,	157.0,	120.621,			1.732,			0.155,			0.053
331,	1,	214.0,	120.753,			1.702,			0.119,			0.057
332,	1,	44.0,	121.092,			2.244,			0.238,			0.055
333,	1,	30.0,	121.113,			2.132,			0.172,			0.053
334,	1,	6.0,	121.476,			2.634,			0.116,			0.054
335,	2,	137.0,	121.636,			10.16,			1.407,			0.162
336,	2,	254.0,	121.638,			12.445,			1.12,			0.129
337,	1,	10.0,	122.12,			1.46,			0.131,			0.057
338,	1,	30.0,	122.148,			1.437,			0.175,			0.055
339,	1,	7.0,	122.335,			1.13,			0.275,			0.052
340,	2,	223.0,	122.656,			10.413,			1.469,			0.105
341,	1,	44.0,	122.67,			1.05,			0.271,			0.056
342,	1,	169.0,	122.734,			1.525,			0.249,			0.051
343,	1,	44.0,	123.121,			2.323,			0.194,			0.052
344,	1,	16.0,	123.246,			2.467,			0.152,			0.054
345,	1,	387.0,	123.744,			2.02,			0.185,			0.051
346,	1,	7.0,	123.856,			2.559,			0.238,			0.056
347,	1,	157.0,	123.894,			1.095,			0.216,			0.054
348,	1,	512.0,	124.035,			2.235,			0.282,			0.054
349,	2,	160.0,	124.145,			10.742,			1.077,			0.147
350,	1,	16.0,	124.172,			2.131,			0.288,			0.058
351,	2,	235.0,	124.28,			10.84,			1.488,			0.141
352,	1,	157.0,	124.407,			1.394,			0.259,			0.051
353,	2,	124.0,	124.414,			12.15,			1.05,			0.158
354,	1,	7.0,	124.674,			1.421,			0.186,			0.058
355,	1,	10.0,	125.777,			2.932,			0.158,			0.055
356,	1,	498.0,	126.101,			1.589,			0.27,			0.057
357,	1,	498.0,	126.515,			1.515,			0.202,			0.058
358,	1,	90.0,	126.578,			1.031,			0.256,			0.052
359,	1,	49.0,	126.579,			1.509,			0.139,			0.054
360,	1,	7.0,	126.659,			1.362,			0.197,			0.057
361,	1,	95.0,	126.894,			1.425,			0.283,			0.05
362,	1,	447.0,	126.932,			1.383,			0.177,			0.056
363,	1,	387.0,	126.96,			1.596,			0.148,			0.055
364,	1,	44.0,	126.997,			2.181,			0.128,			0.053
365,	1,	7.0,	127.059,			2.9,			0.185,			0.053
366,	1,	6.0,	127.147,			1.008,			0.183,			0.053
367,	1,	214.0,	127.216,			2.69,			0.223,			0.052
368,	1,	16.0,	127.281,			2.013,			0.225,			0.055
369,	1,	387.0,	127.533,			1.144,			0.136,			0.056
370,	1,	44.0,	128.134,			1.279,			0.206,			0.054
371,	1,	7.0,	128.2,			2.858,			0.182,			0.052
372,	1,	44.0,	128.262,			2.03,			0.189,			0.055
373,	1,	7.0,	128.473,			2.013,			0.147,			0.051
374,	1,	512.0,	128.492,			1.659,			0.248,			0.055
375,	1,	16.0,	128.538,			2.282,			0.295,			0.058
376,	1,	6.0,	128.864,			2.901,			0.124,			0.055
377,	1,	169.0,	128.911,			2.634,			0.241,			0.055
378,	1,	44.0,	128.933,			1.633,			0.129,			0.057
379,	1,	6.0,	129.324,			1.155,			0.211,			0.059
380,	1,	146.0,	129.483,			2.163,			0.103,			0.051
381,	1,	214.0,	129.586,			1.537,			0.161,			0.051
382,	1,	28.0,	129.596,			1.172,			0.27,			0.052
383,	1,	120.0,	129.664,			2.19,			0.16,			0.055
384,	1,	512.0,	129.702,			1.915,			0.214,			0.055
385,	1,	6.0,	130.065,			2.759,			0.212,			0.052
386,	1,	6.0,	130.128,			1.018,			0.297,			0.06
387,	1,	10.0,	130.354,			2.26,			0.134,			0.053
388,	1,	512.0,	130.429,			2.756,			0.142,			0.053
389,	1,	95.0,	130.459,			2.819,			0.161,			0.054
390,	1,	49.0,	130.485,			2.369,			0.159,			0.055
391,	1,	7.0,	130.546,			1.458,			0.128,			0.055
392,	1,	6.0,	130.659,			2.169,			0.12,			0.056
393,	1,	44.0,	130.696,			2.56,			0.193,			0.057
394,	1,	44.0,	130.775,			2.298,			0.27,			0.06
395,	1,	146.0,	130.804,			2.985,			0.247,			0.06
396,	1,	95.0,	131.031,			1.988,			0.248,			0.052
397,	1,	90.0,	131.1,			1.639,			0.156,			0.056
398,	1,	387.0,	131.13,			2.314,			0.28,			0.056
399,	1,	7.0,	131.158,			1.504,			0.199,			0.058
400,	1,	512.0,	131.165,			1.371,			0.201,			0.058
401,	1,	7.0,	131.218,			2.398,			0.174,			0.052
402,	1,	30.0,	131.337,			2.073,			0.293,			0.051
403,	2,	88.0,	131.433,			14.083,			1.116,			0.169
404,	1,	16.0,	131.796,			1.525,			0.125,			0.056
405,	1,	146.0,	132.805,			1.357,			0.114,			0.051
406,	1,	387.0,	132.97,			1.878,			0.281,			0.058
407,	1,	13.0,	133.151,			1.417,			0.107,			0.053
408,	1,	146.0,	133.16,			2.269,			0.173,			0.055
409,	2,	156.0,	133.222,			10.177,			1.07,			0.157
410,	1,	44.0,	133.42,			1.031,			0.292,			0.052
411,	1,	498.0,	133.785,			1.876,			0.128,			0.057
412,	1,	90.0,	133.854,			2.36,			0.207,			0.056
413,	1,	7.0,	134.15,			1.609,			0.265,			0.052
414,	1,	512.0,	134.401,			1.038,			0.117,			0.051
415,	1,	498.0,	134.596,			1.076,			0.101,			0.053
416,	1,	512.0,	135.054,			1.014,			0.159,			0.051
417,	1,	7.0,	135.325,			1.639,			0.156,			0.057
418,	1,	157.0,	135.465,			1.411,			0.159,			0.053
419,	1,	6.0,	136.018,			1.098,			0.185,			0.054
420,	1,	6.0,	136.107,			1.445,			0.277,			0.052
421,	1,	169.0,	136.224,			2.779,			0.236,			0.058
422,	1,	30.0,	136.259,			2.222,			0.236,			0.055
423,	1,	214.0,	136.276,			1.768,			0.284,			0.054
424,	1,	498.0,	136.493,			1.868,			0.26,			0.056
425,	1,	120.0,	136.684,			2.18,			0.299,			0.052
426,	1,	49.0,	136.702,			1.417,			0.267,			0.059
427,	1,	103.0,	136.9,			2.651,			0.207,			0.06
428,	1,	169.0,	136.942,			1.81,			0.291,			0.059
429,	1,	387.0,	137.127,			1.833,			0.21,			0.051
430,	1,	157.0,	137.179,			2.857,			0.2,			0.054
431,	1,	59.0,	137.27,			1.869,			0.258,			0.057
432,	1,	7.0,	137.295,			2.581,			0.146,			0.058
433,	1,	28.0,	137.296,			1.128,			0.135,			0.057
434,	2,	138.0,	137.723,			11.69,			1.253,			0.19
435,	1,	157.0,	137.821,			1.756,			0.251,			0.051
436,	2,	134.0,	138.131,			12.54,			1.498,			0.198
437,	2,	164.0,	138.162,			10.92,			1.117,			0.154
438,	1,	103.0,	138.167,			1.941,			0.245,			0.058
439,	1,	7.0,	138.168,			2.407,			0.166,			0.057
440,	1,	16.0,	138.201,			2.169,			0.129,			0.056
441,	1,	6.0,	138.303,			1.115,			0.142,			0.056
442,	2,	159.0,	138.455,			13.574,			1.389,			0.172
443,	1,	157.0,	138.471,			1.821,			0.217,			0.054
444,	1,	512.0,	138.487,			2.288,			0.166,			0.056
445,	1,	10.0,	138.562,			2.454,			0.259,			0.051
446,	1,	120.0,	138.767,			1.164,			0.106,			0.059
447,	1,	7.0,	138.816,			1.009,			0.169,			0.055
448,	1,	13.0,	138.89,			2.36,			0.168,			0.05
449,	1,	95.0,	138.921,			1.979,			0.272,			0.056
450,	1,	6.0,	138.98,			2.907,			0.111,			0.054
451,	1,	6.0,	139.052,			1.67,			0.177,			0.059
452,	1,	157.0,	139.096,			2.637,			0.112,			0.056
453,	1,	498.0,	139.109,			2.844,			0.244,			0.057
454,	1,	7.0,	139.128,			2.305,			0.168,			0.05
455,	2,	171.0,	139.426,			14.853,			1.407,			0.108
456,	2,	201.0,	139.505,			14.376,			1.03,			0.114
457,	1,	126.0,	140.209,			1.407,			0.189,			0.059
458,	1,	13.0,	140.388,			1.841,			0.126,			0.057
459,	1,	146.0,	140.392,			1.406,			0.119,			0.05
460,	1,	95.0,	140.833,			1.639,			0.12,			0.052
461,	1,	16.0,	140.935,			1.035,			0.27,			0.052
462,	1,	44.0,	141.17,			1.42,			0.283,			0.053
463,	1,	6.0,	141.25,			1.909,			0.119,			0.054
464,	2,	192.0,	141.284,			13.703,			1.47,			0.108
465,	1,	120.0,	141.434,			1.105,			0.208,			0.054
466,	1,	49.0,	141.718,			1.838,			0.197,			0.053
467,	1,	7.0,	141.729,			1.786,			0.268,			0.052
468,	1,	44.0,	141.741,			2.198,			0.242,			0.056
469,	1,	103.0,	141.755,			1.008,			0.234,			0.054
470,	1,	59.0,	141.818,			2.169,			0.202,			0.056
471,	1,	157.0,	141.83,			2.709,			0.198,			0.053
472,	1,	512.0,	141.868,			1.981,			0.277,			0.06
473,	1,	28.0,	142.076,			1.128,			0.221,			0.056
474,	1,	512.0,	142.168,			1.188,			0.17,			0.054
475,	1,	6.0,	142.361,			2.954,			0.287,			0.056
476,	1,	44.0,	142.361,			2.148,			0.205,			0.05
477,	1,	498.0,	142.61,			2.69,			0.176,			0.058
478,	1,	120.0,	143.087,			1.302,			0.185,			0.06
479,	2,	175.0,	143.224,			11.316,			1.386,			0.114
480,	1,	7.0,	143.314,			1.425,			0.124,			0.052
481,	1,	103.0,	143.524,			1.078,			0.29,			0.051
482,	1,	7.0,	143.565,			1.211,			0.109,			0.06
483,	1,	7.0,	143.749,			2.922,			0.275,			0.06
484,	1,	90.0,	143.757,			2.947,			0.161,			0.058
485,	1,	387.0,	143.852,			1.515,			0.195,			0.051
486,	1,	447.0,	143.949,			2.465,			0.251,			0.054
487,	1,	49.0,	143.954,			2.832,			0.277,			0.057
488,	1,	214.0,	143.958,			1.188,			0.208,			0.056
489,	1,	6.0,	144.046,			1.166,			0.151,			0.055
490,	1,	387.0,	144.267,			2.479,			0.272,			0.056
491,	1,	146.0,	144.274,			1.116,			0.243,			0.052
492,	1,	103.0,	144.479,			1.052,			0.202,			0.051
493,	1,	120.0,	144.594,			2.857,			0.241,			0.054
494,	1,	28.0,	144.705,			1.025,			0.297,			0.053
495,	1,	7.0,	144.816,			1.737,			0.286,			0.06
496,	2,	160.0,	145.532,			13.42,			1.044,			0.149
497,	1,	387.0,	145.777,			2.265,			0.257,			0.051
498,	1,	28.0,	145.787,			2.776,			0.218,			0.054
499,	1,	126.0,	145.897,			2.555,			0.142,			0.056
500,	1,	169.0,	146.234,			1.028,			0.211,			0.055
501,	1,	120.0,	146.24,			2.813,			0.203,			0.055
502,	1,	30.0,	146.259,			1.249,			0.3,			0.059
503,	1,	49.0,	146.326,			2.681,			0.177,			0.054
504,	1,	7.0,	146.505,			2.187,			0.299,			0.05
505,	1,	59.0,	146.547,			2.582,			0.293,			0.051
506,	1,	7.0,	146.58,			2.524,			0.23,			0.054
507,	1,	59.0,	146.686,			1.009,			0.199,			0.056
508,	1,	387.0,	146.744,			1.269,			0.191,			0.051
509,	2,	252.0,	146.926,			13.792,			1.194,			0.176
510,	2,	93.0,	146.998,			10.826,			1.335,			0.123
511,	1,	379.0,	147.024,			1.657,			0.216,			0.055
512,	1,	6.0,	147.139,			2.369,			0.117,			0.054
513,	1,	95.0,	147.14,			1.277,			0.239,			0.059
514,	1,	7.0,	147.167,			1.395,			0.221,			0.056
515,	1,	126.0,	147.398,			2.379,			0.26,			0.056
516,	1,	44.0,	147.427,			1.128,			0.108,			0.055
517,	1,	7.0,	147.442,			2.645,			0.135,			0.052
518,	1,	10.0,	147.472,			2.03,			0.174,			0.057
519,	1,	146.0,	147.987,			1.114,			0.154,			0.055
520,	1,	44.0,	148.061,			2.695,			0.242,			0.058
521,	1,	7.0,	148.101,			1.42,			0.151,			0.052
522,	1,	13.0,	148.125,			2.226,			0.102,			0.054
523,	1,	7.0,	148.148,			1.595,			0.143,			0.056
524,	1,	146.0,	148.336,			1.811,			0.235,			0.055
525,	1,	169.0,	148.427,			1.578,			0.16,			0.052
526,	2,	257.0,	148.649,			13.943,			1.07,			0.121
527,	1,	103.0,	148.73,			1.483,			0.145,			0.053
528,	1,	498.0,	148.965,			1.104,			0.207,			0.055
529,	1,	44.0,	148.982,			2.999,			0.112,			0.052
530,	1,	7.0,	149.365,			2.865,			0.254,			0.053
531,	1,	16.0,	149.444,			1.736,			0.195,			0.053
532,	1,	387.0,	149.661,			1.709,			0.171,			0.058
533,	1,	146.0,	149.782,			2.36,			0.111,			0.051
534,	1,	103.0,	149.804,			1.327,			0.182,			0.054
535,	1,	169.0,	149.842,			2.187,			0.16,			0.056
536,	1,	49.0,	149.925,			2.03,			0.112,			0.056
537,	1,	44.0,	149.94,			1.009,			0.176,			0.055
538,	1,	379.0,	150.017,			1.753,			0.163,			0.052
539,	1,	6.0,	150.179,			1.784,			0.184,			0.057
540,	1,	44.0,	150.942,			2.256,			0.162,			0.059
541,	2,	154.0,	151.391,			14.276,			1.373,			0.14
542,	1,	146.0,	151.418,			1.919,			0.131,			0.058
543,	1,	16.0,	151.737,			2.936,			0.101,			0.055
544,	1,	7.0,	151.836,			2.846,			0.3,			0.056
545,	1,	30.0,	151.845,			1.434,			0.222,			0.052
546,	1,	126.0,	151.92,			2.857,			0.14,			0.057
547,	1,	49.0,	151.967,			1.164,			0.28,			0.054
548,	1,	126.0,	152.25,			1.044,			0.228,			0.059
549,	1,	512.0,	152.258,			2.879,			0.124,			0.056
550,	1,	13.0,	152.525,			2.282,			0.262,			0.054
551,	1,	28.0,	152.676,			2.985,			0.293,			0.055
552,	2,	35.0,	152.688,			11.13,			1.024,			0.157
553,	1,	146.0,	152.699,			1.663,			0.238,			0.056
554,	1,	447.0,	152.919,			2.554,			0.131,			0.055
555,	1,	49.0,	152.94,			1.799,			0.239,			0.057
556,	1,	498.0,	152.955,			1.869,			0.109,			0.052
557,	1,	28.0,	152.979,			2.838,			0.144,			0.057
558,	1,	512.0,	153.067,			2.304,			0.158,			0.055
559,	1,	498.0,	153.136,			2.449,			0.215,			0.051
560,	2,	197.0,	153.147,			11.478,			1.361,			0.112
561,	1,	7.0,	153.256,			2.025,			0.134,			0.058
562,	1,	13.0,	153.503,			1.774,			0.284,			0.057
563,	1,	7.0,	153.619,			1.625,			0.171,			0.059
564,	1,	379.0,	153.719,			2.956,			0.288,			0.057
565,	1,	44.0,	153.883,			1.679,			0.19,			0.06
566,	1,	126.0,	154.034,			1.609,			0.112,			0.058
567,	1,	126.0,	154.284,			2.388,			0.228,			0.053
568,	1,	214.0,	154.336,			2.381,			0.215,			0.057
569,	1,	7.0,	154.353,			1.188,			0.189,			0.057
570,	2,	140.0,	154.55,			13.337,			1.141,			0.132
571,	1,	44.0,	154.77,			1.805,			0.207,			0.052
572,	1,	214.0,	154.979,			1.731,			0.112,			0.052
573,	1,	379.0,	155.073,			1.126,			0.207,			0.053
574,	1,	498.0,	155.145,			1.358,			0.177,			0.053
575,	2,	142.0,	155.304,			10.4,			1.07,			0.185
576,	1,	120.0,	155.409,			2.598,			0.216,			0.057
577,	1,	7.0,	155.536,			2.874,			0.211,			0.057
578,	1,	387.0,	155.934,			1.613,			0.289,			0.056
579,	1,	44.0,	155.946,			1.104,			0.276,			0.05
580,	2,	64.0,	156.315,			10.36,			1.492,			0.157
581,	1,	6.0,	156.407,			2.232,			0.256,			0.052
582,	1,	447.0,	156.777,			1.883,			0.214,			0.057
583,	1,	103.0,	157.041,			2.497,			0.297,			0.051
584,	1,	447.0,	157.158,			1.985,			0.177,			0.059
585,	1,	49.0,	157.339,			2.226,			0.225,			0.056
586,	1,	157.0,	157.703,			2.756,			0.246,			0.058
587,	1,	59.0,	158.024,			2.314,			0.256,			0.057
588,	2,	114.0,	158.455,			14.524,			1.285,			0.158
589,	1,	512.0,	158.479,			1.455,			0.208,			0.058
590,	1,	559.0,	158.562,			2.866,			0.292,			0.058
591,	2,	147.0,	158.802,			12.184,			1.493,			0.167
592,	1,	7.0,	158.953,			2.911,			0.162,			0.055
593,	1,	28.0,	159.226,			1.119,			0.258,			0.051
594,	1,	49.0,	159.5,			2.932,			0.2,			0.055
595,	1,	157.0,	159.506,			1.019,			0.23,			0.06
596,	1,	559.0,	159.732,			1.188,			0.22,			0.053
597,	1,	44.0,	160.146,			1.561,			0.277,			0.057
598,	1,	7.0,	160.324,			1.524,			0.27,			0.05
599,	1,	6.0,	160.357,			2.651,			0.284,			0.051
600,	1,	157.0,	160.43,			1.575,			0.241,			0.059
601,	1,	7.0,	160.571,			2.847,			0.121,			0.056
602,	1,	44.0,	160.604,			2.945,			0.161,			0.052
603,	1,	6.0,	160.683,			1.825,			0.228,			0.059
604,	1,	498.0,	160.706,			2.102,			0.226,			0.056
605,	1,	169.0,	160.874,			2.885,			0.179,			0.051
606,	1,	103.0,	160.876,			2.866,			0.244,			0.057
607,	1,	7.0,	161.207,			1.141,			0.295,			0.052
608,	1,	146.0,	161.229,			2.642,			0.245,			0.06
609,	1,	90.0,	161.306,			1.114,			0.275,			0.051
610,	1,	387.0,	161.561,			2.8,			0.272,			0.06
611,	1,	95.0,	161.87,			1.853,			0.174,			0.051
612,	1,	169.0,	162.025,			2.709,			0.22,			0.053
613,	2,	96.0,	162.278,			13.961,			1.499,			0.134
614,	1,	7.0,	162.347,			2.18,			0.173,			0.057
615,	1,	59.0,	162.563,			1.981,			0.22,			0.057
616,	1,	447.0,	162.613,			1.25,			0.223,			0.051
617,	1,	7.0,	162.82,			1.914,			0.184,			0.055
618,	1,	214.0,	162.824,			1.168,			0.138,			0.051
619,	1,	44.0,	162.825,			1.531,			0.198,			0.057
620,	1,	44.0,	162.98,			2.249,			0.176,			0.051
621,	1,	559.0,	163.017,			1.039,			0.2,			0.06
622,	1,	214.0,	163.041,			2.534,			0.101,			0.06
623,	1,	103.0,	163.248,			1.25,			0.134,			0.056
624,	1,	559.0,	163.317,			1.784,			0.131,			0.053
625,	2,	221.0,	163.327,			14.624,			1.06,			0.12
626,	1,	49.0,	163.339,			1.07,			0.244,			0.056
627,	1,	44.0,	163.349,			1.985,			0.177,			0.055
628,	1,	120.0,	163.475,			2.725,			0.198,			0.058
629,	1,	157.0,	163.585,			1.915,			0.203,			0.057
630,	1,	7.0,	163.657,			1.279,			0.2,			0.052
631,	1,	7.0,	163.876,			1.81,			0.288,			0.055
632,	1,	59.0,	164.084,			1.523,			0.221,			0.057
633,	1,	30.0,	164.142,			2.366,			0.279,			0.057
634,	1,	90.0,	164.186,			2.562,			0.185,			0.054
635,	1,	120.0,	164.286,			2.533,			0.298,			0.055
636,	1,	95.0,	164.355,			1.81,			0.244,			0.051
637,	1,	387.0,	164.394,			1.752,			0.244,			0.054
638,	1,	16.0,	164.398,			2.562,			0.175,			0.052
639,	1,	28.0,	164.619,			1.309,			0.208,			0.055
640,	1,	7.0,	164.637,			1.293,			0.299,			0.055
641,	1,	447.0,	165.408,			2.467,			0.275,			0.053
642,	1,	126.0,	165.501,			2.366,			0.199,			0.055
643,	1,	559.0,	165.62,			2.712,			0.236,			0.057
644,	1,	103.0,	165.814,			1.807,			0.156,			0.055
645,	1,	120.0,	165.92,			2.914,			0.236,			0.055
646,	1,	10.0,	165.95,			1.483,			0.251,			0.059
647,	1,	559.0,	166.317,			1.226,			0.195,			0.057
648,	1,	169.0,	166.348,			2.26,			0.252,			0.052
649,	1,	146.0,	166.648,			1.044,			0.197,			0.056
650,	1,	6.0,	166.713,			2.169,			0.152,			0.051
651,	1,	120.0,	166.734,			2.986,			0.162,			0.055
652,	1,	6.0,	167.005,			1.663,			0.227,			0.054
653,	1,	44.0,	167.209,			2.541,			0.174,			0.058
654,	1,	169.0,	167.769,			2.169,			0.289,			0.054
655,	1,	7.0,	168.006,			1.402,			0.287,			0.051
656,	1,	13.0,	168.084,			2.618,			0.222,			0.054
657,	1,	214.0,	168.696,			1.031,			0.144,			0.056
658,	1,	387.0,	168.753,			2.179,			0.208,			0.055
659,	1,	28.0,	168.882,			2.098,			0.249,			0.057
660,	2,	170.0,	169.289,			11.85,			1.31,			0.198
661,	1,	120.0,	169.388,			1.998,			0.135,			0.052
662,	1,	387.0,	169.493,			2.318,			0.129,			0.052
663,	1,	120.0,	169.6,			1.932,			0.28,			0.052
664,	1,	146.0,	169.612,			1.731,			0.253,			0.054
665,	1,	379.0,	169.701,			1.669,			0.258,			0.053
666,	1,	13.0,	169.721,			1.402,			0.212,			0.054
667,	1,	120.0,	169.787,			2.404,			0.292,			0.059
668,	1,	49.0,	170.031,			2.364,			0.164,			0.057
669,	1,	59.0,	170.765,			1.612,			0.177,			0.057
670,	1,	498.0,	171.062,			1.433,			0.161,			0.06
671,	1,	120.0,	171.508,			2.103,			0.103,			0.054
672,	1,	6.0,	171.85,			2.623,			0.238,			0.053
673,	1,	13.0,	171.911,			2.795,			0.147,			0.059
674,	1,	120.0,	172.2,			1.108,			0.249,			0.059
675,	1,	7.0,	172.22,			2.881,			0.281,			0.05
676,	2,	260.0,	172.273,			12.594,			1.159,			0.134
677,	1,	214.0,	172.326,			2.787,			0.139,			0.051
678,	1,	44.0,	172.424,			2.524,			0.104,			0.053
679,	1,	6.0,	172.642,			1.008,			0.177,			0.055
680,	1,	103.0,	172.865,			1.051,			0.113,			0.056
681,	1,	559.0,	173.296,			2.11,			0.125,			0.057
682,	1,	28.0,	173.387,			2.232,			0.177,			0.055
683,	2,	280.0,	173.4,			14.729,			1.07,			0.145
684,	1,	103.0,	173.471,			2.548,			0.297,			0.056
685,	2,	235.0,	173.513,			13.837,			1.324,			0.145
686,	1,	6.0,	174.582,			1.157,			0.238,			0.059
687,	1,	59.0,	174.615,			1.835,			0.125,			0.054
688,	1,	28.0,	174.708,			2.926,			0.131,			0.055
689,	1,	44.0,	174.902,			1.844,			0.205,			0.057
690,	1,	6.0,	175.183,			1.226,			0.157,			0.052
691,	1,	512.0,	175.999,			1.128,			0.215,			0.054
692,	1,	103.0,	176.57,			1.582,			0.166,			0.052
693,	1,	59.0,	176.622,			2.701,			0.287,			0.054
694,	1,	126.0,	176.7,			1.869,			0.159,			0.055
695,	1,	103.0,	176.711,			2.249,			0.228,			0.053
696,	1,	6.0,	176.88,			1.532,			0.222,			0.054
697,	2,	244.0,	176.887,			11.26,			1.091,			0.104
698,	1,	103.0,	177.07,			1.756,			0.207,			0.058
699,	1,	16.0,	177.218,			1.639,			0.161,			0.051
700,	1,	387.0,	177.328,			1.45,			0.171,			0.056
701,	1,	447.0,	177.328,			2.498,			0.275,			0.051
702,	1,	214.0,	177.477,			2.628,			0.166,			0.056
703,	1,	90.0,	177.701,			1.791,			0.19,			0.051
704,	1,	6.0,	177.812,			1.682,			0.172,			0.057
705,	1,	103.0,	178.234,			1.698,			0.152,			0.059
706,	1,	7.0,	178.423,			1.471,			0.135,			0.053
707,	1,	120.0,	178.55,			1.166,			0.246,			0.054
708,	1,	126.0,	178.606,			2.063,			0.242,			0.056
709,	1,	44.0,	178.627,			1.748,			0.238,			0.05
710,	1,	103.0,	178.715,			2.293,			0.242,			0.058
711,	1,	44.0,	178.94,			2.599,			0.245,			0.058
712,	1,	7.0,	179.366,			2.222,			0.217,			0.054
713,	1,	120.0,	179.702,			1.75,			0.2,			0.053
714,	1,	7.0,	180.006,			2.559,			0.187,			0.059
715,	1,	169.0,	180.082,			1.709,			0.227,			0.058
716,	1,	512.0,	180.285,			2.637,			0.133,			0.057
717,	1,	7.0,	180.306,			1.211,			0.129,			0.053
718,	1,	7.0,	180.392,			2.14,			0.156,			0.055
719,	1,	90.0,	180.509,			2.14,			0.26,			0.053
720,	1,	7.0,	180.641,			1.372,			0.147,			0.053
721,	1,	13.0,	180.719,			1.164,			0.161,			0.057
722,	1,	126.0,	180.751,			1.501,			0.19,			0.056
723,	1,	120.0,	180.955,			2.618,			0.124,			0.058
724,	1,	498.0,	180.97,			2.555,			0.237,			0.051
725,	1,	559.0,	181.319,			1.097,			0.233,			0.051
726,	1,	379.0,	181.792,			1.756,			0.183,			0.056
727,	1,	7.0,	181.954,			1.525,			0.261,			0.054
728,	1,	7.0,	181.987,			2.398,			0.253,			0.057
729,	2,	83.0,	181.996,			13.743,			1.071,			0.142
730,	1,	214.0,	182.352,			1.592,			0.1,			0.058
731,	1,	95.0,	182.511,			2.03,			0.28,			0.051
732,	1,	214.0,	182.562,			1.291,			0.233,			0.051
733,	2,	198.0,	183.234,			14.36,			1.246,			0.155
734,	1,	7.0,	183.507,			1.009,			0.289,			0.051
735,	1,	512.0,	183.783,			1.561,			0.274,			0.051
736,	1,	126.0,	183.891,			2.346,			0.153,			0.057
737,	1,	7.0,	183.934,			1.16,			0.206,			0.055
738,	1,	90.0,	183.96,			1.096,			0.161,			0.054
739,	1,	44.0,	184.004,			1.625,			0.249,			0.052
740,	1,	6.0,	184.662,			1.256,			0.165,			0.058
741,	1,	30.0,	184.72,			2.895,			0.16,			0.058
742,	1,	559.0,	184.77,			2.31,			0.281,			0.054
743,	1,	59.0,	184.991,			1.031,			0.139,			0.054
744,	1,	7.0,	185.197,			1.416,			0.165,			0.06
745,	1,	30.0,	185.279,			2.427,			0.28,			0.054
746,	1,	44.0,	185.338,			2.427,			0.297,			0.055
747,	1,	379.0,	185.377,			2.454,			0.134,			0.059
748,	1,	512.0,	185.617,			2.314,			0.142,			0.058
749,	1,	59.0,	185.631,			2.524,			0.2,			0.051
750,	1,	120.0,	185.643,			2.155,			0.15,			0.054
751,	1,	214.0,	185.741,			2.492,			0.232,			0.058
752,	1,	90.0,	185.927,			1.303,			0.299,			0.055
753,	1,	447.0,	185.972,			1.843,			0.131,			0.058
754,	1,	90.0,	186.052,			1.861,			0.237,			0.053
755,	1,	95.0,	186.053,			1.988,			0.101,			0.051
756,	1,	447.0,	186.182,			1.933,			0.193,			0.051
757,	2,	189.0,	186.358,			12.463,			1.126,			0.196
758,	1,	7.0,	186.69,			1.731,			0.136,			0.058
759,	1,	7.0,	186.995,			2.893,			0.108,			0.052
760,	1,	13.0,	187.008,			1.164,			0.231,			0.053
761,	1,	59.0,	187.413,			1.601,			0.22,			0.053
762,	1,	49.0,	187.589,			1.776,			0.177,			0.054
763,	1,	498.0,	187.756,			1.76,			0.192,			0.058
764,	1,	49.0,	187.862,			1.431,			0.109,			0.053
765,	1,	559.0,	187.924,			2.838,			0.114,			0.051
766,	1,	6.0,	187.969,			2.956,			0.213,			0.052
767,	2,	135.0,	188.203,			12.649,			1.408,			0.158
768,	1,	7.0,	188.387,			1.816,			0.252,			0.052
769,	1,	6.0,	188.513,			1.921,			0.174,			0.059
770,	1,	126.0,	188.656,			2.398,			0.184,			0.056
771,	1,	7.0,	189.047,			2.087,			0.263,			0.054
772,	1,	379.0,	189.121,			1.501,			0.236,			0.052
773,	1,	95.0,	189.307,			2.249,			0.214,			0.056
774,	1,	6.0,	189.437,			2.712,			0.118,			0.054
775,	1,	6.0,	189.549,			1.173,			0.179,			0.056
776,	1,	90.0,	190.222,			2.761,			0.216,			0.052
777,	1,	387.0,	190.727,			1.128,			0.108,			0.054
778,	1,	30.0,	190.826,			1.031,			0.139,			0.057
779,	1,	379.0,	190.882,			2.449,			0.274,			0.058
780,	1,	95.0,	191.055,			2.388,			0.142,			0.051
781,	1,	59.0,	191.106,			1.786,			0.112,			0.057
782,	1,	16.0,	192.803,			1.05,			0.187,			0.053
783,	1,	169.0,	192.84,			2.579,			0.124,			0.059
784,	2,	198.0,	192.954,			11.573,			1.021,			0.111
785,	2,	236.0,	193.189,			12.594,			1.175,			0.113
786,	1,	6.0,	193.52,			1.043,			0.166,			0.055
787,	1,	512.0,	193.84,			2.027,			0.284,			0.057
788,	1,	120.0,	194.108,			1.394,			0.164,			0.05
789,	1,	49.0,	194.222,			1.631,			0.236,			0.057
790,	2,	127.0,	194.224,			12.786,			1.07,			0.163
791,	1,	7.0,	195.089,			1.64,			0.121,			0.058
792,	1,	7.0,	195.239,			1.035,			0.213,			0.055
793,	1,	379.0,	195.315,			1.733,			0.206,			0.052
794,	1,	59.0,	195.337,			2.149,			0.154,			0.052
795,	1,	13.0,	195.469,			1.548,			0.206,			0.06
796,	1,	7.0,	195.608,			2.999,			0.185,			0.056
797,	1,	7.0,	195.662,			2.318,			0.139,			0.053
798,	1,	7.0,	195.701,			1.433,			0.175,			0.057
799,	2,	134.0,	196.108,			10.51,			1.41,			0.198
800,	1,	7.0,	196.145,			2.576,			0.295,			0.052
801,	1,	44.0,	196.18,			1.908,			0.152,			0.052
802,	1,	7.0,	196.203,			2.057,			0.17,			0.054
803,	2,	117.0,	196.252,			11.496,			1.377,			0.181
804,	1,	120.0,	196.303,			2.901,			0.202,			0.054
805,	1,	498.0,	196.303,			1.42,			0.3,			0.054
806,	1,	7.0,	196.554,			2.249,			0.124,			0.055
807,	1,	157.0,	196.585,			1.651,			0.237,			0.054
808,	1,	214.0,	196.654,			1.524,			0.156,			0.056
809,	1,	120.0,	196.916,			1.807,			0.277,			0.058
810,	1,	10.0,	197.422,			2.509,			0.125,			0.06
811,	1,	387.0,	197.666,			1.283,			0.152,			0.056
812,	1,	28.0,	197.754,			1.595,			0.167,			0.06
813,	1,	447.0,	197.781,			1.282,			0.247,			0.053
814,	1,	95.0,	197.842,			1.05,			0.259,			0.057
815,	1,	28.0,	197.93,			1.62,			0.109,			0.054
816,	1,	169.0,	198.413,			1.028,			0.2,			0.055
817,	1,	7.0,	198.528,			2.772,			0.252,			0.054
818,	2,	123.0,	198.863,			14.576,			1.308,			0.182
819,	1,	146.0,	199.355,			2.985,			0.292,			0.057
820,	1,	146.0,	199.411,			2.885,			0.133,			0.051
821,	1,	157.0,	199.512,			1.009,			0.297,			0.058
822,	1,	146.0,	200.166,			2.149,			0.255,			0.055
823,	1,	13.0,	200.314,			1.801,			0.18,			0.051
824,	1,	103.0,	200.51,			2.625,			0.124,			0.058
825,	1,	95.0,	200.768,			2.377,			0.185,			0.059
826,	1,	379.0,	200.786,			1.654,			0.114,			0.056
827,	1,	214.0,	200.917,			1.996,			0.178,			0.059
828,	1,	49.0,	201.24,			2.509,			0.248,			0.055
829,	2,	261.0,	201.331,			11.405,			1.012,			0.122
830,	1,	214.0,	201.616,			1.435,			0.103,			0.051
831,	1,	6.0,	201.624,			2.302,			0.219,			0.053
832,	1,	146.0,	201.783,			1.398,			0.153,			0.057
833,	1,	44.0,	201.942,			2.772,			0.17,			0.055
834,	1,	6.0,	202.057,			1.277,			0.154,			0.051
835,	1,	95.0,	202.256,			1.481,			0.289,			0.052
836,	1,	387.0,	202.315,			2.316,			0.146,			0.059
837,	1,	498.0,	202.387,			2.795,			0.293,			0.057
838,	2,	76.0,	202.395,			13.572,			1.325,			0.102
839,	1,	146.0,	203.34,			2.084,			0.14,			0.057
840,	2,	33.0,	203.431,			12.789,			1.268,			0.171
841,	1,	16.0,	203.74,			2.885,			0.122,			0.059
842,	1,	6.0,	204.056,			2.866,			0.23,			0.056
843,	1,	44.0,	204.08,			2.838,			0.18,			0.053
844,	1,	7.0,	204.661,			1.485,			0.147,			0.056
845,	1,	498.0,	204.714,			1.72,			0.175,			0.056
846,	1,	7.0,	204.77,			2.144,			0.184,			0.053
847,	1,	10.0,	204.864,			1.42,			0.289,			0.058
848,	1,	447.0,	204.981,			1.868,			0.17,			0.055
849,	1,	447.0,	206.718,			1.883,			0.274,			0.057
850,	1,	7.0,	206.723,			1.061,			0.222,			0.06
851,	1,	59.0,	206.906,			2.759,			0.17,			0.055
852,	1,	214.0,	207.643,			1.317,			0.228,			0.057
853,	1,	44.0,	208.194,			2.056,			0.215,			0.059
854,	2,	148.0,	208.313,			14.372,			1.409,			0.103
855,	1,	512.0,	208.497,			1.857,			0.181,			0.054
856,	1,	6.0,	208.736,			1.425,			0.223,			0.055
857,	1,	16.0,	208.788,			1.044,			0.193,			0.053
858,	2,	149.0,	208.831,			14.871,			1.425,			0.181
859,	1,	90.0,	209.814,			2.796,			0.234,			0.055
860,	2,	156.0,	210.184,			14.067,			1.303,			0.107
861,	1,	379.0,	211.014,			1.464,			0.287,			0.058
862,	2,	141.0,	211.658,			12.33,			1.447,			0.173
863,	2,	133.0,	211.772,			12.005,			1.349,			0.173
864,	1,	28.0,	211.877,			2.321,			0.107,			0.059
865,	1,	13.0,	212.474,			1.876,			0.222,			0.055
866,	1,	559.0,	212.588,			1.3,			0.142,			0.056
867,	1,	146.0,	212.618,			1.509,			0.236,			0.054
868,	1,	498.0,	212.878,			2.226,			0.249,			0.055
869,	2,	188.0,	213.187,			12.275,			1.202,			0.121
870,	2,	159.0,	213.2,			12.313,			1.32,			0.102
871,	1,	120.0,	213.309,			1.731,			0.231,			0.055
872,	1,	120.0,	213.323,			2.525,			0.298,			0.055
873,	1,	157.0,	213.6,			1.548,			0.124,			0.052
874,	1,	146.0,	213.914,			1.966,			0.299,			0.054
875,	1,	30.0,	214.018,			2.449,			0.29,			0.056
876,	1,	214.0,	214.319,			2.222,			0.297,			0.051
877,	1,	28.0,	215.015,			2.304,			0.16,			0.051
878,	1,	447.0,	215.263,			1.625,			0.106,			0.051
879,	1,	169.0,	215.675,			1.128,			0.279,			0.054
880,	1,	169.0,	215.698,			1.095,			0.157,			0.06
881,	1,	379.0,	215.733,			2.369,			0.103,			0.059
882,	1,	7.0,	215.959,			2.879,			0.195,			0.056
883,	2,	208.0,	216.488,			14.53,			1.124,			0.126
884,	2,	124.0,	216.603,			14.82,			1.473,			0.166
885,	2,	211.0,	216.622,			14.216,			1.245,			0.151
886,	1,	120.0,	216.845,			2.968,			0.116,			0.059
887,	2,	252.0,	216.948,			11.722,			1.093,			0.126
888,	1,	6.0,	217.129,			2.725,			0.126,			0.055
889,	1,	28.0,	217.281,			1.112,			0.267,			0.057
890,	2,	75.0,	217.336,			11.591,			1.484,			0.156
891,	1,	103.0,	218.352,			1.455,			0.228,			0.052
892,	1,	6.0,	219.061,			2.414,			0.138,			0.052
893,	2,	198.0,	219.424,			10.936,			1.326,			0.198
894,	1,	7.0,	220.389,			2.298,			0.244,			0.051
895,	1,	7.0,	221.109,			1.114,			0.288,			0.059
896,	2,	114.0,	221.188,			12.594,			1.437,			0.118
897,	1,	7.0,	221.805,			2.895,			0.281,			0.05
898,	1,	126.0,	222.779,			1.748,			0.155,			0.054
899,	1,	7.0,	223.575,			2.299,			0.21,			0.055
900,	2,	167.0,	223.587,			12.703,			1.324,			0.197
901,	1,	28.0,	224.769,			1.826,			0.294,			0.051
902,	1,	7.0,	225.488,			2.861,			0.161,			0.051
903,	1,	126.0,	227.1,			2.625,			0.222,			0.052
904,	1,	10.0,	228.412,			1.513,			0.132,			0.051
905,	1,	126.0,	228.782,			1.35,			0.103,			0.052
906,	1,	214.0,	229.012,			2.087,			0.263,			0.055
907,	1,	512.0,	229.479,			2.047,			0.236,			0.058
908,	1,	28.0,	229.532,			1.106,			0.238,			0.06
909,	1,	120.0,	230.395,			2.976,			0.166,			0.055
910,	2,	133.0,	230.52,			11.876,			1.148,			0.152
911,	1,	7.0,	232.439,			1.485,			0.225,			0.059
912,	2,	161.0,	232.497,			13.792,			1.118,			0.148
913,	1,	126.0,	232.6,			2.865,			0.14,			0.054
914,	1,	120.0,	233.703,			1.566,			0.198,			0.055
915,	2,	171.0,	235.699,			11.982,			1.172,			0.126
916,	1,	16.0,	236.284,			1.988,			0.111,			0.056
917,	2,	167.0,	236.515,			10.198,			1.058,			0.181
918,	1,	10.0,	237.069,			1.643,			0.215,			0.059
919,	2,	138.0,	237.111,			13.75,			1.062,			0.194
920,	1,	28.0,	237.322,			1.423,			0.211,			0.055
921,	1,	95.0,	237.467,			2.436,			0.173,			0.054
922,	2,	130.0,	237.645,			11.171,			1.461,			0.13
923,	1,	44.0,	238.731,			2.618,			0.225,			0.053
924,	2,	218.0,	239.163,			13.061,			1.109,			0.14
925,	2,	208.0,	241.165,			12.33,			1.389,			0.199
926,	2,	192.0,	241.517,			11.88,			1.025,			0.194
927,	1,	6.0,	241.755,			1.642,			0.108,			0.052
928,	2,	219.0,	241.887,			10.721,			1.354,			0.138
929,	1,	169.0,	242.434,			2.866,			0.266,			0.056
930,	2,	83.0,	242.435,			12.242,			1.288,			0.139
931,	2,	177.0,	242.586,			13.778,			1.189,			0.103
932,	2,	109.0,	242.596,			11.93,			1.468,			0.199
933,	1,	146.0,	242.77,			2.802,			0.299,			0.057
934,	2,	132.0,	243.803,			12.15,			1.252,			0.148
935,	2,	198.0,	244.08,			10.587,			1.467,			0.117
936,	2,	67.0,	244.808,			12.144,			1.084,			0.141
937,	1,	126.0,	245.895,			2.025,			0.203,			0.051
938,	2,	185.0,	246.04,			13.442,			1.441,			0.134
939,	1,	126.0,	247.113,			1.907,			0.275,			0.057
940,	1,	157.0,	247.937,			1.639,			0.194,			0.059
941,	2,	172.0,	248.049,			13.439,			1.453,			0.16
942,	1,	120.0,	248.089,			2.02,			0.194,			0.053
943,	1,	30.0,	248.152,			2.346,			0.116,			0.05
944,	2,	209.0,	248.211,			14.786,			1.308,			0.19
945,	2,	178.0,	248.823,			10.176,			1.365,			0.109
946,	2,	126.0,	249.143,			10.484,			1.258,			0.15
947,	2,	110.0,	249.633,			13.977,			1.461,			0.167
948,	2,	73.0,	250.242,			10.067,			1.431,			0.134
949,	1,	6.0,	250.92,			1.722,			0.228,			0.054
950,	1,	126.0,	251.537,			2.232,			0.126,			0.051
951,	2,	204.0,	252.886,			11.536,			1.266,			0.137
952,	1,	10.0,	253.289,			1.494,			0.251,			0.052
953,	1,	44.0,	253.499,			1.833,			0.298,			0.059
954,	1,	157.0,	253.657,			2.686,			0.214,			0.06
955,	1,	120.0,	253.745,			1.688,			0.145,			0.055
956,	1,	16.0,	255.722,			2.104,			0.135,			0.057
957,	2,	166.0,	256.178,			11.866,			1.494,			0.161
958,	1,	7.0,	256.622,			2.446,			0.289,			0.059
959,	2,	206.0,	257.141,			12.024,			1.326,			0.136
960,	1,	10.0,	258.192,			1.682,			0.207,			0.058
961,	2,	185.0,	258.545,			13.602,			1.108,			0.124
962,	2,	83.0,	258.599,			13.277,			1.488,			0.137
963,	2,	77.0,	258.649,			11.027,			1.359,			0.17
964,	2,	83.0,	259.617,			13.449,			1.108,			0.106
965,	1,	498.0,	260.992,			1.027,			0.129,			0.056
966,	1,	512.0,	262.158,			2.52,			0.106,			0.055
967,	2,	54.0,	262.479,			12.914,			1.365,			0.173
968,	2,	135.0,	264.835,			10.756,			1.493,			0.118
969,	1,	30.0,	265.037,			2.636,			0.241,			0.054
970,	2,	44.0,	265.494,			12.703,			1.442,			0.126
971,	1,	146.0,	266.758,			1.428,			0.239,			0.059
972,	1,	7.0,	266.776,			1.038,			0.121,			0.051
973,	1,	59.0,	266.964,			2.377,			0.245,			0.059
974,	1,	13.0,	267.142,			1.857,			0.103,			0.057
975,	2,	172.0,	268.406,			14.49,			1.374,			0.151
976,	2,	162.0,	268.527,			11.753,			1.453,			0.182
977,	2,	72.0,	269.001,			10.592,			1.385,			0.113
978,	1,	90.0,	270.877,			2.653,			0.152,			0.057
979,	2,	191.0,	273.177,			13.785,			1.429,			0.179
980,	2,	105.0,	274.112,			10.912,			1.06,			0.194
981,	2,	109.0,	275.961,			10.599,			1.47,			0.137
982,	2,	70.0,	276.399,			11.263,			1.175,			0.106
983,	2,	135.0,	276.452,			14.425,			1.252,			0.132
984,	2,	119.0,	278.597,			14.323,			1.46,			0.191
985,	2,	210.0,	286.774,			14.162,			1.314,			0.198
986,	1,	157.0,	290.055,			1.825,			0.277,			0.058
987,	2,	242.0,	291.12,			14.114,			1.409,			0.148
988,	1,	44.0,	291.169,			1.103,			0.263,			0.056
989,	1,	6.0,	293.319,			1.531,			0.235,			0.055
990,	2,	126.0,	293.451,			11.63,			1.465,			0.111
991,	2,	197.0,	294.116,			12.152,			1.005,			0.162
992,	2,	155.0,	294.201,			13.074,			1.229,			0.138
993,	2,	127.0,	294.389,			13.3,			1.107,			0.136
994,	2,	119.0,	294.745,			14.083,			1.055,			0.106
995,	2,	139.0,	294.751,			11.478,			1.401,			0.169
996,	2,	179.0,	295.165,			10.553,			1.024,			0.12
997,	2,	117.0,	296.036,			14.183,			1.418,			0.118
998,	2,	221.0,	297.246,			11.091,			1.099,			0.104
999,	2,	168.0,	298.249,			11.043,			1.216,			0.143
1000,	1,	6.0,	300.0,			1.009,			0.208,			0.054
