#, task_type_id, size, arrival_time,	execution_time_cpu,	execution_time_gpu,	execution_time_CLOUD
1,	2,	117.0,	0.572,			13.148,			1.481,			0.198
2,	2,	213.0,	1.706,			10.298,			1.166,			0.121
3,	1,	498.0,	2.344,			1.293,			0.17,			0.051
4,	2,	82.0,	2.901,			12.162,			1.229,			0.178
5,	2,	116.0,	3.395,			11.276,			1.348,			0.118
6,	2,	106.0,	3.419,			12.064,			1.205,			0.149
7,	2,	258.0,	6.319,			11.09,			1.198,			0.197
8,	2,	39.0,	7.218,			12.115,			1.044,			0.118
9,	2,	81.0,	10.737,			11.628,			1.07,			0.128
10,	2,	171.0,	11.208,			11.478,			1.047,			0.114
11,	1,	44.0,	12.813,			1.535,			0.228,			0.055
12,	1,	512.0,	12.898,			1.853,			0.192,			0.053
13,	1,	169.0,	15.104,			2.969,			0.291,			0.054
14,	1,	16.0,	16.939,			2.901,			0.277,			0.053
15,	2,	82.0,	17.355,			14.942,			1.103,			0.135
16,	2,	142.0,	18.56,			14.646,			1.47,			0.134
17,	2,	84.0,	19.291,			12.964,			1.073,			0.147
18,	1,	13.0,	20.183,			1.483,			0.146,			0.058
19,	1,	59.0,	20.243,			1.833,			0.276,			0.055
20,	2,	131.0,	20.957,			10.587,			1.266,			0.126
21,	2,	86.0,	22.056,			10.979,			1.457,			0.173
22,	2,	106.0,	22.235,			12.849,			1.241,			0.147
23,	2,	98.0,	23.243,			14.715,			1.166,			0.101
24,	1,	7.0,	27.019,			1.314,			0.287,			0.055
25,	2,	74.0,	27.442,			13.185,			1.471,			0.184
26,	2,	261.0,	27.676,			12.89,			1.262,			0.172
27,	2,	186.0,	28.821,			14.735,			1.3,			0.12
28,	2,	120.0,	30.051,			11.403,			1.278,			0.127
29,	2,	167.0,	30.227,			10.076,			1.362,			0.111
30,	1,	103.0,	30.446,			2.522,			0.229,			0.051
31,	2,	223.0,	30.76,			11.591,			1.186,			0.141
32,	2,	109.0,	31.971,			10.979,			1.343,			0.132
33,	2,	150.0,	32.917,			12.386,			1.245,			0.165
34,	2,	126.0,	34.977,			11.09,			1.376,			0.144
35,	2,	122.0,	38.006,			10.146,			1.374,			0.169
36,	2,	191.0,	39.238,			12.767,			1.285,			0.109
37,	1,	6.0,	39.92,			1.408,			0.224,			0.055
38,	2,	111.0,	40.328,			12.057,			1.12,			0.125
39,	1,	90.0,	41.284,			1.716,			0.299,			0.05
40,	1,	6.0,	41.732,			2.051,			0.206,			0.054
41,	2,	160.0,	42.27,			13.837,			1.29,			0.13
42,	1,	49.0,	42.471,			2.415,			0.278,			0.058
43,	1,	90.0,	43.109,			2.412,			0.248,			0.058
44,	1,	16.0,	43.218,			1.086,			0.239,			0.06
45,	1,	146.0,	43.774,			2.533,			0.257,			0.052
46,	2,	35.0,	44.626,			10.907,			1.261,			0.177
47,	1,	146.0,	44.835,			1.104,			0.149,			0.058
48,	2,	140.0,	45.294,			11.643,			1.49,			0.116
49,	1,	169.0,	47.107,			2.358,			0.129,			0.054
50,	1,	379.0,	47.994,			1.078,			0.14,			0.054
51,	1,	49.0,	48.821,			2.358,			0.107,			0.051
52,	1,	157.0,	49.608,			2.063,			0.2,			0.055
53,	2,	90.0,	51.105,			13.953,			1.172,			0.139
54,	2,	123.0,	51.213,			12.826,			1.313,			0.168
55,	1,	7.0,	51.259,			2.219,			0.227,			0.053
56,	1,	6.0,	52.018,			2.939,			0.215,			0.053
57,	1,	120.0,	52.178,			1.473,			0.157,			0.051
58,	1,	44.0,	53.103,			2.223,			0.172,			0.054
59,	1,	7.0,	53.184,			2.2,			0.279,			0.058
60,	2,	94.0,	53.459,			10.319,			1.316,			0.172
61,	2,	137.0,	53.468,			11.661,			1.347,			0.122
62,	2,	163.0,	54.229,			12.668,			1.326,			0.157
63,	2,	203.0,	54.39,			11.622,			1.481,			0.107
64,	2,	64.0,	57.306,			12.299,			1.273,			0.164
65,	2,	224.0,	58.116,			14.067,			1.159,			0.184
66,	2,	205.0,	59.019,			10.298,			1.027,			0.105
67,	2,	133.0,	59.836,			11.994,			1.108,			0.183
68,	1,	120.0,	60.108,			2.645,			0.221,			0.056
69,	2,	162.0,	60.744,			13.193,			1.25,			0.109
70,	2,	190.0,	60.876,			14.967,			1.039,			0.12
71,	1,	6.0,	61.502,			2.843,			0.113,			0.059
72,	1,	120.0,	62.115,			1.443,			0.128,			0.059
73,	2,	117.0,	62.843,			14.139,			1.051,			0.152
74,	1,	7.0,	63.656,			1.774,			0.152,			0.059
75,	1,	447.0,	63.723,			2.541,			0.163,			0.057
76,	2,	158.0,	64.818,			11.578,			1.024,			0.181
77,	1,	7.0,	65.347,			2.706,			0.255,			0.057
78,	1,	447.0,	65.487,			1.158,			0.24,			0.053
79,	1,	6.0,	65.771,			1.566,			0.173,			0.059
80,	1,	95.0,	66.027,			1.592,			0.256,			0.058
81,	2,	113.0,	66.173,			12.902,			1.311,			0.188
82,	1,	126.0,	66.264,			1.096,			0.102,			0.059
83,	2,	176.0,	66.44,			13.305,			1.219,			0.197
84,	1,	7.0,	66.607,			1.499,			0.297,			0.051
85,	1,	16.0,	66.885,			1.116,			0.288,			0.052
86,	1,	59.0,	67.111,			2.569,			0.251,			0.051
87,	1,	7.0,	68.179,			1.869,			0.258,			0.058
88,	1,	16.0,	68.807,			2.569,			0.27,			0.054
89,	1,	7.0,	69.496,			1.62,			0.296,			0.056
90,	1,	59.0,	70.241,			1.018,			0.241,			0.054
91,	1,	7.0,	70.56,			2.588,			0.142,			0.051
92,	1,	44.0,	70.801,			1.431,			0.214,			0.051
93,	2,	110.0,	72.651,			14.741,			1.133,			0.137
94,	1,	44.0,	72.774,			2.759,			0.267,			0.053
95,	1,	120.0,	73.35,			2.088,			0.14,			0.059
96,	1,	498.0,	73.386,			2.945,			0.186,			0.057
97,	1,	44.0,	74.346,			1.483,			0.166,			0.055
98,	1,	13.0,	74.414,			1.096,			0.174,			0.053
99,	1,	7.0,	74.42,			2.256,			0.173,			0.053
100,	1,	379.0,	74.441,			1.935,			0.277,			0.052
101,	2,	239.0,	75.163,			13.42,			1.263,			0.114
102,	2,	153.0,	75.498,			12.521,			1.479,			0.152
103,	1,	7.0,	75.927,			2.735,			0.14,			0.06
104,	1,	44.0,	76.097,			1.097,			0.227,			0.06
105,	1,	28.0,	76.633,			1.801,			0.244,			0.059
106,	1,	16.0,	76.831,			2.316,			0.268,			0.058
107,	1,	169.0,	77.375,			2.628,			0.174,			0.051
108,	1,	16.0,	77.605,			2.947,			0.299,			0.054
109,	1,	44.0,	78.933,			1.566,			0.209,			0.059
110,	1,	44.0,	79.944,			1.592,			0.166,			0.05
111,	1,	169.0,	80.316,			1.291,			0.253,			0.054
112,	1,	44.0,	80.809,			1.554,			0.177,			0.054
113,	1,	379.0,	80.84,			2.193,			0.114,			0.051
114,	2,	226.0,	81.27,			11.829,			1.244,			0.185
115,	1,	214.0,	81.359,			1.104,			0.139,			0.059
116,	1,	379.0,	82.054,			1.302,			0.2,			0.054
117,	1,	169.0,	82.487,			2.888,			0.134,			0.051
118,	1,	13.0,	83.319,			1.148,			0.193,			0.054
119,	1,	559.0,	83.384,			1.911,			0.257,			0.051
120,	2,	83.0,	83.41,			14.963,			1.295,			0.191
121,	1,	512.0,	83.883,			2.634,			0.289,			0.057
122,	1,	7.0,	84.073,			1.153,			0.175,			0.054
123,	2,	230.0,	84.165,			13.399,			1.431,			0.174
124,	1,	10.0,	84.475,			2.819,			0.236,			0.059
125,	1,	157.0,	84.62,			1.501,			0.161,			0.052
126,	2,	119.0,	84.665,			10.553,			1.276,			0.104
127,	1,	169.0,	84.853,			1.166,			0.16,			0.051
128,	1,	6.0,	85.176,			1.078,			0.231,			0.056
129,	1,	146.0,	85.213,			1.071,			0.138,			0.059
130,	1,	6.0,	85.41,			1.843,			0.206,			0.053
131,	1,	146.0,	85.453,			1.343,			0.101,			0.052
132,	1,	103.0,	85.535,			2.454,			0.235,			0.055
133,	1,	6.0,	85.676,			2.712,			0.108,			0.058
134,	1,	6.0,	85.756,			1.841,			0.144,			0.052
135,	1,	10.0,	85.899,			1.05,			0.2,			0.052
136,	1,	7.0,	86.521,			2.03,			0.171,			0.055
137,	1,	13.0,	86.912,			1.044,			0.136,			0.059
138,	1,	379.0,	87.032,			2.779,			0.275,			0.055
139,	1,	103.0,	87.397,			2.635,			0.206,			0.058
140,	1,	28.0,	87.58,			1.03,			0.184,			0.054
141,	1,	7.0,	87.874,			2.226,			0.185,			0.058
142,	1,	44.0,	88.701,			2.489,			0.292,			0.055
143,	1,	90.0,	88.885,			1.575,			0.233,			0.052
144,	2,	146.0,	89.401,			12.924,			1.457,			0.164
145,	1,	7.0,	89.88,			1.031,			0.113,			0.054
146,	2,	112.0,	90.272,			10.819,			1.261,			0.138
147,	1,	498.0,	90.545,			2.346,			0.284,			0.052
148,	1,	146.0,	90.766,			1.613,			0.109,			0.051
149,	1,	559.0,	90.826,			2.834,			0.216,			0.057
150,	1,	169.0,	90.922,			2.398,			0.208,			0.055
151,	2,	237.0,	90.945,			10.204,			1.229,			0.195
152,	1,	10.0,	91.373,			1.331,			0.174,			0.051
153,	1,	146.0,	91.603,			2.673,			0.263,			0.058
154,	1,	6.0,	91.974,			2.273,			0.22,			0.057
155,	1,	44.0,	92.082,			2.379,			0.215,			0.059
156,	1,	7.0,	92.249,			2.31,			0.159,			0.056
157,	1,	44.0,	92.509,			1.07,			0.113,			0.056
158,	1,	28.0,	92.681,			1.962,			0.149,			0.058
159,	1,	214.0,	92.758,			1.843,			0.28,			0.05
160,	2,	141.0,	92.987,			14.005,			1.481,			0.147
161,	1,	16.0,	93.023,			1.104,			0.14,			0.05
162,	2,	184.0,	93.054,			12.286,			1.023,			0.166
163,	1,	126.0,	93.373,			1.35,			0.205,			0.06
164,	2,	113.0,	93.6,			10.666,			1.425,			0.139
165,	1,	6.0,	93.754,			1.719,			0.21,			0.057
166,	2,	124.0,	93.799,			13.111,			1.239,			0.118
167,	1,	16.0,	93.907,			2.103,			0.191,			0.053
168,	1,	44.0,	94.173,			1.116,			0.215,			0.054
169,	1,	30.0,	94.292,			1.431,			0.125,			0.054
170,	1,	44.0,	95.063,			2.415,			0.237,			0.052
171,	1,	157.0,	95.106,			2.283,			0.27,			0.059
172,	1,	559.0,	95.171,			2.318,			0.267,			0.059
173,	2,	200.0,	95.436,			13.06,			1.394,			0.179
174,	1,	498.0,	95.447,			1.731,			0.281,			0.054
175,	2,	103.0,	95.491,			14.686,			1.385,			0.133
176,	1,	90.0,	95.5,			1.561,			0.238,			0.059
177,	1,	379.0,	95.646,			2.284,			0.298,			0.059
178,	1,	7.0,	96.303,			1.038,			0.215,			0.053
179,	1,	387.0,	96.332,			1.173,			0.129,			0.053
180,	1,	387.0,	96.883,			2.385,			0.281,			0.059
181,	1,	498.0,	97.4,			1.769,			0.252,			0.052
182,	1,	49.0,	97.552,			1.291,			0.103,			0.054
183,	1,	95.0,	97.891,			1.211,			0.167,			0.057
184,	1,	120.0,	98.024,			1.398,			0.289,			0.057
185,	1,	120.0,	98.441,			2.388,			0.209,			0.057
186,	1,	120.0,	98.451,			1.706,			0.259,			0.055
187,	1,	379.0,	98.489,			1.103,			0.26,			0.057
188,	2,	96.0,	98.722,			14.245,			1.374,			0.12
189,	1,	7.0,	98.787,			1.731,			0.146,			0.054
190,	1,	6.0,	99.045,			2.454,			0.223,			0.054
191,	1,	7.0,	99.15,			1.841,			0.182,			0.057
192,	2,	162.0,	99.157,			14.809,			1.194,			0.102
193,	1,	6.0,	99.159,			2.588,			0.262,			0.058
194,	1,	379.0,	99.281,			1.394,			0.258,			0.051
195,	1,	44.0,	99.31,			1.158,			0.234,			0.051
196,	1,	157.0,	99.417,			2.652,			0.137,			0.057
197,	2,	235.0,	99.56,			13.288,			1.333,			0.16
198,	1,	146.0,	99.635,			2.957,			0.215,			0.059
199,	1,	7.0,	99.645,			2.834,			0.182,			0.05
200,	1,	126.0,	99.976,			2.09,			0.249,			0.059
201,	1,	6.0,	100.097,			2.324,			0.144,			0.055
202,	1,	120.0,	100.262,			1.915,			0.14,			0.051
203,	1,	7.0,	100.689,			2.358,			0.15,			0.054
204,	1,	95.0,	101.332,			1.092,			0.209,			0.059
205,	1,	7.0,	101.36,			1.092,			0.199,			0.06
206,	1,	90.0,	101.374,			2.487,			0.193,			0.06
207,	1,	6.0,	101.397,			2.014,			0.154,			0.054
208,	1,	16.0,	102.144,			1.025,			0.15,			0.055
209,	2,	238.0,	102.608,			11.027,			1.031,			0.148
210,	1,	49.0,	102.956,			1.358,			0.106,			0.056
211,	1,	7.0,	102.967,			2.369,			0.247,			0.058
212,	1,	447.0,	102.968,			1.956,			0.259,			0.058
213,	1,	95.0,	103.002,			1.609,			0.117,			0.054
214,	1,	13.0,	103.015,			2.827,			0.189,			0.06
215,	1,	44.0,	103.092,			1.737,			0.262,			0.055
216,	1,	7.0,	103.154,			1.173,			0.139,			0.051
217,	1,	214.0,	103.49,			1.539,			0.108,			0.052
218,	2,	95.0,	103.733,			13.908,			1.389,			0.138
219,	2,	53.0,	104.142,			13.129,			1.006,			0.178
220,	1,	103.0,	104.642,			1.557,			0.236,			0.051
221,	1,	157.0,	104.712,			1.394,			0.124,			0.057
222,	1,	90.0,	104.774,			1.541,			0.128,			0.057
223,	1,	512.0,	104.802,			2.298,			0.215,			0.053
224,	1,	16.0,	104.851,			2.222,			0.263,			0.052
225,	1,	498.0,	104.975,			2.132,			0.135,			0.054
226,	1,	120.0,	105.251,			2.2,			0.109,			0.054
227,	1,	6.0,	105.334,			2.323,			0.289,			0.05
228,	1,	126.0,	105.528,			1.048,			0.198,			0.052
229,	1,	6.0,	105.656,			2.857,			0.173,			0.05
230,	1,	498.0,	105.848,			2.795,			0.285,			0.057
231,	1,	44.0,	106.185,			1.145,			0.129,			0.053
232,	1,	169.0,	106.289,			2.088,			0.188,			0.057
233,	1,	447.0,	106.349,			1.551,			0.119,			0.056
234,	1,	16.0,	106.429,			2.761,			0.247,			0.059
235,	1,	126.0,	106.526,			2.635,			0.287,			0.054
236,	2,	63.0,	106.853,			10.56,			1.466,			0.194
237,	1,	157.0,	106.884,			1.969,			0.248,			0.06
238,	1,	157.0,	106.959,			1.413,			0.254,			0.053
239,	1,	126.0,	107.152,			1.263,			0.13,			0.059
240,	1,	16.0,	107.248,			2.684,			0.1,			0.06
241,	1,	59.0,	107.436,			1.215,			0.248,			0.054
242,	1,	10.0,	107.781,			2.748,			0.285,			0.056
243,	1,	103.0,	107.908,			1.357,			0.114,			0.059
244,	2,	203.0,	108.414,			13.854,			1.443,			0.138
245,	1,	7.0,	108.522,			1.698,			0.191,			0.06
246,	1,	120.0,	108.658,			1.859,			0.135,			0.057
247,	1,	59.0,	108.719,			1.708,			0.106,			0.051
248,	1,	90.0,	109.441,			1.411,			0.253,			0.052
249,	1,	169.0,	109.459,			1.703,			0.194,			0.054
250,	1,	16.0,	109.555,			1.799,			0.214,			0.051
251,	2,	199.0,	109.717,			11.276,			1.111,			0.177
252,	1,	7.0,	109.864,			2.777,			0.211,			0.052
253,	1,	13.0,	109.894,			2.685,			0.15,			0.056
254,	1,	512.0,	110.173,			1.009,			0.146,			0.05
255,	1,	387.0,	110.276,			2.857,			0.27,			0.053
256,	1,	7.0,	110.49,			2.157,			0.142,			0.053
257,	1,	103.0,	110.532,			2.991,			0.108,			0.051
258,	1,	16.0,	110.598,			1.27,			0.256,			0.059
259,	1,	126.0,	110.944,			1.014,			0.172,			0.054
260,	1,	90.0,	110.98,			2.226,			0.197,			0.054
261,	2,	85.0,	111.029,			10.4,			1.199,			0.189
262,	1,	13.0,	111.09,			1.17,			0.258,			0.051
263,	1,	498.0,	111.327,			2.366,			0.235,			0.05
264,	1,	6.0,	111.385,			1.357,			0.124,			0.06
265,	1,	498.0,	111.41,			2.533,			0.292,			0.054
266,	1,	44.0,	111.48,			1.732,			0.161,			0.055
267,	1,	7.0,	111.496,			2.398,			0.29,			0.056
268,	2,	215.0,	111.728,			14.99,			1.048,			0.105
269,	1,	44.0,	111.91,			2.544,			0.102,			0.058
270,	1,	49.0,	112.016,			2.424,			0.164,			0.054
271,	1,	512.0,	112.286,			2.968,			0.299,			0.054
272,	1,	379.0,	112.329,			1.59,			0.206,			0.06
273,	1,	387.0,	112.597,			2.88,			0.222,			0.053
274,	1,	6.0,	112.617,			2.525,			0.223,			0.053
275,	1,	30.0,	112.68,			1.213,			0.131,			0.052
276,	1,	157.0,	112.696,			1.204,			0.231,			0.052
277,	1,	7.0,	112.727,			2.157,			0.148,			0.055
278,	1,	146.0,	112.741,			2.144,			0.111,			0.059
279,	1,	146.0,	112.747,			2.393,			0.225,			0.058
280,	2,	72.0,	112.755,			14.929,			1.073,			0.111
281,	1,	146.0,	112.852,			1.981,			0.133,			0.055
282,	1,	10.0,	112.999,			1.915,			0.242,			0.056
283,	1,	169.0,	113.042,			1.071,			0.13,			0.053
284,	1,	387.0,	113.071,			2.954,			0.268,			0.056
285,	1,	49.0,	113.073,			1.543,			0.12,			0.058
286,	1,	44.0,	113.204,			2.509,			0.112,			0.057
287,	1,	95.0,	113.509,			2.799,			0.293,			0.058
288,	1,	387.0,	113.564,			1.692,			0.207,			0.053
289,	1,	126.0,	113.591,			1.114,			0.258,			0.051
290,	1,	7.0,	113.593,			1.651,			0.253,			0.051
291,	1,	214.0,	113.715,			1.414,			0.216,			0.057
292,	1,	146.0,	113.81,			2.661,			0.129,			0.059
293,	1,	95.0,	113.848,			2.545,			0.178,			0.053
294,	1,	10.0,	113.961,			1.269,			0.156,			0.058
295,	1,	146.0,	114.367,			1.998,			0.281,			0.051
296,	1,	30.0,	114.714,			1.733,			0.209,			0.051
297,	1,	30.0,	114.742,			2.709,			0.229,			0.06
298,	1,	7.0,	114.877,			1.437,			0.169,			0.056
299,	1,	214.0,	114.893,			1.698,			0.22,			0.059
300,	1,	214.0,	115.122,			1.097,			0.185,			0.059
301,	1,	498.0,	115.3,			2.661,			0.281,			0.057
302,	1,	30.0,	115.37,			1.982,			0.259,			0.06
303,	1,	28.0,	115.659,			2.01,			0.137,			0.056
304,	1,	90.0,	115.678,			1.006,			0.184,			0.052
305,	2,	190.0,	115.812,			12.821,			1.233,			0.103
306,	1,	44.0,	116.025,			1.624,			0.124,			0.06
307,	1,	49.0,	116.385,			1.188,			0.173,			0.056
308,	1,	103.0,	116.436,			1.669,			0.194,			0.059
309,	1,	379.0,	116.617,			2.879,			0.131,			0.059
310,	1,	49.0,	116.887,			1.558,			0.242,			0.055
311,	2,	112.0,	117.199,			11.429,			1.249,			0.154
312,	1,	512.0,	117.266,			2.703,			0.295,			0.051
313,	1,	7.0,	117.48,			1.672,			0.294,			0.057
314,	1,	7.0,	117.576,			2.787,			0.248,			0.053
315,	1,	559.0,	118.176,			1.104,			0.179,			0.052
316,	1,	447.0,	118.287,			2.893,			0.208,			0.057
317,	2,	330.0,	118.567,			14.809,			1.108,			0.151
318,	1,	49.0,	118.588,			1.188,			0.252,			0.053
319,	1,	387.0,	118.863,			1.972,			0.177,			0.056
320,	1,	559.0,	119.007,			2.711,			0.218,			0.054
321,	1,	214.0,	119.069,			1.551,			0.12,			0.052
322,	2,	207.0,	119.109,			11.583,			1.015,			0.11
323,	1,	49.0,	119.177,			2.659,			0.198,			0.051
324,	1,	6.0,	119.537,			1.756,			0.231,			0.054
325,	1,	95.0,	119.718,			2.328,			0.212,			0.055
326,	1,	169.0,	119.861,			1.933,			0.141,			0.057
327,	1,	379.0,	119.864,			1.969,			0.113,			0.055
328,	1,	447.0,	119.882,			1.25,			0.121,			0.056
329,	2,	198.0,	119.943,			14.871,			1.064,			0.137
330,	1,	10.0,	120.023,			2.714,			0.198,			0.059
331,	1,	559.0,	120.051,			1.981,			0.116,			0.052
332,	1,	387.0,	120.146,			1.445,			0.154,			0.056
333,	1,	214.0,	120.849,			1.071,			0.266,			0.06
334,	1,	146.0,	121.374,			1.968,			0.161,			0.053
335,	1,	379.0,	121.759,			2.22,			0.147,			0.051
336,	1,	90.0,	121.763,			1.232,			0.123,			0.05
337,	1,	498.0,	121.823,			2.199,			0.206,			0.053
338,	1,	126.0,	121.878,			1.838,			0.278,			0.054
339,	1,	6.0,	121.89,			2.893,			0.192,			0.051
340,	1,	126.0,	122.247,			2.78,			0.288,			0.052
341,	1,	49.0,	122.296,			2.223,			0.12,			0.052
342,	2,	229.0,	122.484,			10.225,			1.191,			0.128
343,	2,	70.0,	122.494,			10.9,			1.477,			0.165
344,	1,	512.0,	122.805,			1.515,			0.268,			0.058
345,	1,	90.0,	122.952,			1.485,			0.187,			0.053
346,	1,	90.0,	123.295,			2.636,			0.281,			0.055
347,	1,	6.0,	123.432,			1.609,			0.158,			0.056
348,	1,	146.0,	123.526,			2.379,			0.237,			0.057
349,	1,	10.0,	123.701,			2.43,			0.234,			0.057
350,	1,	28.0,	123.921,			2.525,			0.298,			0.053
351,	1,	103.0,	123.942,			2.651,			0.118,			0.054
352,	1,	169.0,	124.085,			1.654,			0.222,			0.052
353,	1,	59.0,	124.281,			2.991,			0.107,			0.051
354,	1,	59.0,	124.485,			2.52,			0.186,			0.055
355,	1,	157.0,	124.986,			2.947,			0.241,			0.055
356,	1,	498.0,	125.017,			2.651,			0.192,			0.055
357,	1,	379.0,	125.179,			2.157,			0.236,			0.056
358,	2,	193.0,	125.271,			14.963,			1.108,			0.147
359,	1,	59.0,	125.548,			2.487,			0.139,			0.052
360,	1,	90.0,	125.817,			2.889,			0.292,			0.051
361,	1,	157.0,	126.203,			1.914,			0.29,			0.056
362,	1,	59.0,	126.486,			1.799,			0.221,			0.055
363,	1,	214.0,	126.694,			1.296,			0.146,			0.058
364,	1,	13.0,	126.705,			2.932,			0.233,			0.053
365,	1,	95.0,	126.986,			2.385,			0.203,			0.06
366,	1,	59.0,	127.019,			1.86,			0.292,			0.057
367,	1,	6.0,	127.233,			2.454,			0.277,			0.056
368,	1,	379.0,	127.382,			2.305,			0.258,			0.056
369,	1,	387.0,	127.565,			1.168,			0.215,			0.051
370,	1,	7.0,	127.765,			2.556,			0.234,			0.055
371,	1,	103.0,	127.959,			2.298,			0.149,			0.051
372,	2,	169.0,	128.092,			13.639,			1.089,			0.125
373,	1,	6.0,	128.207,			1.317,			0.164,			0.054
374,	1,	44.0,	128.335,			2.133,			0.134,			0.055
375,	1,	7.0,	128.443,			1.445,			0.112,			0.058
376,	1,	44.0,	128.507,			2.636,			0.225,			0.054
377,	1,	6.0,	128.676,			2.288,			0.217,			0.051
378,	1,	214.0,	128.683,			2.004,			0.257,			0.053
379,	2,	79.0,	128.709,			14.903,			1.039,			0.133
380,	1,	7.0,	128.757,			2.199,			0.168,			0.052
381,	2,	125.0,	128.977,			13.958,			1.349,			0.195
382,	1,	30.0,	129.05,			2.33,			0.106,			0.052
383,	1,	559.0,	129.605,			1.039,			0.158,			0.051
384,	2,	161.0,	129.701,			14.424,			1.346,			0.131
385,	1,	49.0,	129.97,			1.031,			0.249,			0.059
386,	1,	7.0,	130.084,			1.988,			0.133,			0.058
387,	1,	559.0,	130.26,			1.679,			0.239,			0.05
388,	1,	13.0,	130.388,			1.364,			0.262,			0.051
389,	1,	120.0,	130.513,			1.164,			0.222,			0.059
390,	1,	90.0,	130.521,			1.731,			0.168,			0.058
391,	1,	379.0,	130.72,			1.406,			0.284,			0.054
392,	1,	559.0,	130.961,			1.703,			0.187,			0.06
393,	1,	30.0,	131.103,			2.388,			0.135,			0.055
394,	2,	102.0,	131.304,			13.381,			1.011,			0.121
395,	1,	7.0,	131.409,			2.596,			0.289,			0.053
396,	1,	6.0,	131.412,			2.386,			0.15,			0.057
397,	1,	512.0,	131.603,			2.866,			0.15,			0.058
398,	1,	7.0,	131.631,			1.27,			0.152,			0.056
399,	2,	206.0,	131.757,			10.225,			1.211,			0.113
400,	1,	169.0,	131.777,			2.08,			0.266,			0.051
401,	1,	512.0,	131.968,			2.103,			0.155,			0.053
402,	1,	379.0,	132.024,			2.709,			0.122,			0.053
403,	1,	447.0,	132.201,			2.903,			0.151,			0.057
404,	1,	6.0,	132.267,			2.581,			0.145,			0.056
405,	1,	387.0,	132.528,			2.305,			0.23,			0.058
406,	1,	120.0,	132.621,			2.28,			0.263,			0.057
407,	1,	379.0,	132.827,			1.151,			0.172,			0.057
408,	1,	512.0,	132.943,			2.265,			0.117,			0.051
409,	1,	13.0,	133.058,			1.748,			0.284,			0.054
410,	1,	512.0,	133.105,			1.398,			0.298,			0.058
411,	1,	498.0,	133.393,			2.219,			0.242,			0.058
412,	1,	559.0,	133.415,			2.027,			0.174,			0.056
413,	1,	6.0,	133.648,			2.562,			0.248,			0.051
414,	2,	192.0,	134.326,			13.016,			1.488,			0.144
415,	1,	7.0,	134.387,			1.755,			0.274,			0.054
416,	1,	120.0,	134.424,			2.461,			0.133,			0.052
417,	1,	13.0,	134.467,			2.454,			0.289,			0.053
418,	1,	59.0,	134.866,			1.103,			0.135,			0.059
419,	1,	59.0,	134.985,			1.633,			0.292,			0.06
420,	1,	90.0,	135.055,			1.985,			0.299,			0.057
421,	1,	95.0,	135.09,			2.429,			0.123,			0.051
422,	1,	13.0,	135.583,			1.448,			0.106,			0.059
423,	1,	7.0,	136.019,			2.438,			0.222,			0.059
424,	1,	7.0,	136.042,			2.038,			0.198,			0.051
425,	1,	59.0,	136.247,			1.291,			0.138,			0.06
426,	1,	13.0,	136.345,			1.211,			0.212,			0.053
427,	1,	146.0,	136.867,			2.612,			0.161,			0.058
428,	2,	134.0,	136.93,			10.92,			1.137,			0.151
429,	2,	156.0,	137.142,			11.316,			1.053,			0.177
430,	2,	187.0,	137.342,			12.976,			1.065,			0.127
431,	1,	49.0,	137.426,			1.933,			0.188,			0.051
432,	1,	28.0,	137.458,			2.265,			0.135,			0.055
433,	1,	30.0,	137.489,			1.249,			0.108,			0.057
434,	1,	559.0,	137.663,			2.972,			0.192,			0.053
435,	1,	120.0,	137.943,			1.303,			0.292,			0.057
436,	1,	387.0,	138.209,			1.684,			0.17,			0.058
437,	1,	6.0,	138.334,			1.266,			0.254,			0.052
438,	2,	126.0,	138.421,			11.135,			1.231,			0.166
439,	1,	13.0,	138.439,			2.223,			0.232,			0.056
440,	1,	387.0,	138.773,			1.322,			0.263,			0.06
441,	1,	6.0,	139.016,			2.678,			0.164,			0.053
442,	1,	146.0,	139.071,			1.494,			0.174,			0.058
443,	1,	10.0,	139.479,			1.071,			0.119,			0.06
444,	1,	103.0,	139.509,			1.08,			0.209,			0.059
445,	1,	157.0,	139.51,			1.408,			0.282,			0.052
446,	1,	7.0,	139.58,			2.813,			0.11,			0.052
447,	1,	30.0,	139.686,			2.299,			0.252,			0.057
448,	1,	157.0,	139.836,			1.642,			0.298,			0.055
449,	1,	120.0,	139.907,			1.859,			0.234,			0.051
450,	1,	379.0,	139.997,			2.541,			0.211,			0.055
451,	1,	214.0,	140.163,			1.861,			0.182,			0.06
452,	1,	157.0,	140.213,			1.009,			0.27,			0.053
453,	1,	13.0,	140.314,			2.948,			0.13,			0.052
454,	1,	7.0,	140.376,			2.497,			0.118,			0.051
455,	1,	59.0,	140.438,			1.681,			0.169,			0.055
456,	1,	6.0,	140.749,			1.857,			0.17,			0.058
457,	1,	7.0,	140.786,			2.9,			0.122,			0.053
458,	1,	157.0,	141.059,			2.252,			0.218,			0.052
459,	1,	126.0,	141.291,			2.948,			0.122,			0.056
460,	1,	169.0,	141.314,			1.748,			0.222,			0.052
461,	2,	334.0,	141.381,			11.85,			1.244,			0.181
462,	1,	7.0,	141.806,			1.302,			0.212,			0.059
463,	1,	7.0,	141.917,			1.151,			0.222,			0.058
464,	1,	16.0,	142.053,			2.219,			0.179,			0.052
465,	1,	30.0,	142.683,			2.288,			0.145,			0.059
466,	2,	72.0,	142.709,			11.488,			1.484,			0.153
467,	1,	103.0,	142.815,			2.846,			0.157,			0.053
468,	1,	169.0,	143.184,			2.149,			0.252,			0.055
469,	1,	13.0,	143.417,			2.636,			0.277,			0.053
470,	1,	447.0,	143.535,			2.194,			0.172,			0.054
471,	1,	6.0,	143.611,			1.525,			0.233,			0.051
472,	1,	512.0,	143.711,			1.211,			0.119,			0.05
473,	1,	126.0,	144.019,			1.07,			0.187,			0.052
474,	1,	214.0,	144.208,			1.61,			0.123,			0.052
475,	1,	447.0,	144.604,			2.299,			0.267,			0.052
476,	1,	13.0,	144.626,			1.289,			0.133,			0.059
477,	1,	7.0,	144.664,			2.226,			0.173,			0.054
478,	1,	28.0,	144.968,			1.105,			0.121,			0.054
479,	2,	102.0,	145.21,			13.676,			1.273,			0.141
480,	1,	146.0,	145.407,			2.645,			0.272,			0.058
481,	1,	7.0,	145.533,			2.56,			0.284,			0.054
482,	1,	7.0,	145.543,			1.386,			0.207,			0.054
483,	1,	10.0,	145.569,			2.36,			0.185,			0.053
484,	1,	90.0,	145.942,			2.926,			0.192,			0.05
485,	1,	10.0,	146.003,			2.31,			0.162,			0.053
486,	1,	214.0,	146.03,			2.889,			0.288,			0.056
487,	1,	44.0,	146.354,			1.682,			0.279,			0.055
488,	1,	95.0,	146.779,			1.27,			0.242,			0.055
489,	1,	512.0,	147.086,			1.23,			0.114,			0.053
490,	1,	59.0,	147.178,			2.914,			0.253,			0.053
491,	2,	198.0,	147.244,			14.139,			1.072,			0.169
492,	1,	10.0,	147.281,			2.364,			0.15,			0.054
493,	1,	559.0,	147.89,			2.198,			0.124,			0.058
494,	1,	28.0,	147.919,			1.376,			0.101,			0.057
495,	1,	49.0,	148.131,			1.841,			0.147,			0.058
496,	1,	447.0,	148.197,			2.675,			0.207,			0.06
497,	1,	59.0,	148.86,			2.58,			0.221,			0.052
498,	1,	49.0,	148.931,			2.895,			0.117,			0.058
499,	1,	387.0,	149.048,			1.523,			0.267,			0.052
500,	1,	6.0,	149.204,			1.232,			0.152,			0.06
501,	1,	169.0,	149.276,			1.473,			0.175,			0.054
502,	1,	157.0,	149.349,			2.759,			0.241,			0.052
503,	1,	7.0,	149.356,			1.592,			0.298,			0.059
504,	1,	126.0,	149.538,			2.759,			0.277,			0.053
505,	1,	498.0,	149.546,			1.553,			0.152,			0.06
506,	1,	44.0,	149.586,			2.323,			0.215,			0.054
507,	1,	7.0,	149.627,			1.302,			0.289,			0.051
508,	2,	367.0,	149.81,			10.565,			1.45,			0.131
509,	2,	115.0,	149.901,			13.977,			1.246,			0.108
510,	1,	7.0,	149.933,			2.197,			0.12,			0.056
511,	1,	44.0,	150.144,			1.296,			0.299,			0.052
512,	1,	44.0,	150.489,			2.241,			0.185,			0.051
513,	1,	379.0,	150.498,			1.313,			0.2,			0.059
514,	1,	387.0,	150.534,			1.009,			0.158,			0.06
515,	2,	302.0,	150.591,			14.958,			1.477,			0.152
516,	1,	498.0,	150.67,			1.981,			0.184,			0.059
517,	1,	512.0,	150.724,			2.104,			0.177,			0.058
518,	1,	126.0,	150.77,			2.249,			0.281,			0.054
519,	1,	6.0,	150.814,			2.751,			0.27,			0.06
520,	1,	95.0,	150.941,			2.18,			0.178,			0.053
521,	1,	379.0,	150.99,			2.838,			0.177,			0.053
522,	2,	171.0,	151.007,			13.185,			1.453,			0.128
523,	1,	387.0,	151.1,			1.876,			0.282,			0.054
524,	2,	204.0,	151.532,			11.531,			1.346,			0.171
525,	1,	498.0,	151.654,			1.551,			0.268,			0.058
526,	1,	6.0,	151.695,			1.539,			0.253,			0.052
527,	1,	559.0,	151.717,			1.581,			0.195,			0.058
528,	1,	512.0,	151.746,			1.164,			0.247,			0.051
529,	1,	13.0,	152.151,			2.562,			0.17,			0.051
530,	1,	214.0,	152.524,			2.559,			0.216,			0.051
531,	1,	379.0,	152.587,			2.122,			0.228,			0.051
532,	1,	214.0,	152.607,			2.398,			0.242,			0.053
533,	1,	559.0,	152.905,			1.471,			0.282,			0.06
534,	1,	6.0,	152.92,			1.553,			0.277,			0.052
535,	1,	6.0,	152.921,			2.157,			0.27,			0.057
536,	1,	157.0,	153.555,			1.121,			0.206,			0.058
537,	2,	96.0,	153.6,			14.011,			1.175,			0.173
538,	1,	13.0,	153.707,			2.36,			0.169,			0.059
539,	2,	133.0,	153.774,			12.528,			1.206,			0.103
540,	1,	6.0,	153.823,			1.663,			0.189,			0.056
541,	1,	16.0,	153.932,			1.756,			0.254,			0.051
542,	1,	28.0,	154.054,			1.014,			0.109,			0.052
543,	2,	129.0,	154.077,			11.248,			1.248,			0.182
544,	1,	28.0,	154.374,			1.283,			0.201,			0.053
545,	1,	126.0,	154.39,			2.714,			0.118,			0.057
546,	1,	169.0,	154.632,			1.024,			0.138,			0.055
547,	1,	6.0,	154.717,			1.541,			0.156,			0.053
548,	1,	7.0,	154.877,			1.078,			0.214,			0.06
549,	2,	114.0,	154.954,			14.863,			1.474,			0.158
550,	1,	447.0,	155.182,			2.684,			0.179,			0.057
551,	1,	6.0,	155.342,			1.443,			0.141,			0.053
552,	1,	387.0,	155.831,			1.289,			0.237,			0.054
553,	1,	7.0,	156.037,			1.302,			0.295,			0.058
554,	1,	214.0,	156.501,			1.56,			0.223,			0.053
555,	1,	13.0,	156.612,			1.173,			0.284,			0.051
556,	1,	7.0,	156.842,			1.541,			0.259,			0.051
557,	1,	387.0,	157.002,			2.048,			0.242,			0.058
558,	1,	95.0,	157.134,			2.659,			0.299,			0.057
559,	1,	6.0,	157.165,			2.2,			0.258,			0.052
560,	1,	447.0,	157.363,			2.301,			0.152,			0.052
561,	1,	95.0,	157.433,			1.481,			0.192,			0.057
562,	1,	30.0,	157.487,			1.103,			0.139,			0.05
563,	1,	49.0,	157.651,			1.952,			0.27,			0.055
564,	1,	6.0,	157.772,			2.318,			0.27,			0.052
565,	1,	6.0,	157.907,			1.706,			0.103,			0.05
566,	1,	498.0,	157.978,			2.701,			0.29,			0.055
567,	2,	81.0,	158.019,			11.438,			1.409,			0.157
568,	1,	387.0,	158.044,			1.731,			0.253,			0.052
569,	1,	7.0,	158.206,			1.027,			0.133,			0.057
570,	1,	44.0,	158.212,			1.667,			0.131,			0.053
571,	1,	387.0,	158.492,			1.919,			0.139,			0.052
572,	1,	44.0,	158.509,			1.84,			0.103,			0.058
573,	1,	126.0,	158.529,			2.364,			0.239,			0.053
574,	1,	90.0,	158.615,			1.998,			0.119,			0.056
575,	1,	6.0,	158.76,			1.557,			0.225,			0.054
576,	1,	6.0,	158.766,			2.238,			0.164,			0.052
577,	1,	30.0,	158.897,			2.26,			0.126,			0.059
578,	1,	44.0,	159.012,			2.098,			0.169,			0.056
579,	1,	379.0,	159.22,			1.879,			0.155,			0.055
580,	1,	512.0,	160.625,			2.772,			0.148,			0.052
581,	1,	28.0,	160.771,			1.609,			0.161,			0.056
582,	1,	95.0,	160.905,			1.126,			0.161,			0.057
583,	2,	159.0,	160.959,			14.682,			1.086,			0.167
584,	1,	90.0,	160.966,			2.948,			0.2,			0.052
585,	1,	379.0,	160.982,			1.086,			0.214,			0.057
586,	1,	103.0,	161.419,			1.186,			0.123,			0.055
587,	1,	103.0,	161.426,			2.533,			0.289,			0.05
588,	1,	49.0,	161.522,			2.947,			0.2,			0.051
589,	1,	44.0,	161.58,			1.215,			0.215,			0.055
590,	1,	44.0,	161.603,			1.525,			0.209,			0.056
591,	1,	90.0,	161.787,			1.204,			0.28,			0.057
592,	1,	6.0,	161.787,			1.801,			0.182,			0.055
593,	1,	512.0,	162.013,			1.282,			0.153,			0.058
594,	1,	10.0,	162.463,			1.078,			0.228,			0.053
595,	1,	120.0,	162.649,			2.903,			0.177,			0.059
596,	1,	387.0,	162.871,			1.486,			0.133,			0.06
597,	1,	28.0,	162.903,			1.748,			0.149,			0.059
598,	1,	387.0,	162.946,			1.525,			0.266,			0.055
599,	1,	559.0,	163.138,			1.006,			0.247,			0.053
600,	1,	379.0,	163.242,			2.155,			0.219,			0.055
601,	1,	146.0,	163.434,			2.675,			0.162,			0.052
602,	1,	6.0,	163.438,			2.559,			0.235,			0.06
603,	1,	146.0,	163.592,			1.985,			0.192,			0.055
604,	1,	120.0,	163.67,			1.683,			0.282,			0.05
605,	1,	7.0,	163.696,			1.626,			0.241,			0.056
606,	1,	59.0,	164.243,			1.786,			0.116,			0.056
607,	1,	59.0,	164.365,			2.943,			0.174,			0.056
608,	1,	447.0,	164.401,			2.819,			0.119,			0.056
609,	1,	10.0,	164.578,			1.483,			0.149,			0.055
610,	1,	7.0,	164.844,			2.796,			0.267,			0.056
611,	1,	169.0,	165.14,			1.226,			0.175,			0.05
612,	1,	16.0,	165.381,			2.544,			0.219,			0.052
613,	1,	120.0,	165.462,			1.052,			0.266,			0.053
614,	1,	126.0,	165.503,			2.991,			0.21,			0.053
615,	1,	7.0,	165.713,			1.909,			0.255,			0.052
616,	1,	7.0,	165.741,			1.372,			0.21,			0.055
617,	1,	95.0,	165.877,			2.418,			0.153,			0.056
618,	2,	130.0,	165.922,			14.566,			1.141,			0.163
619,	1,	7.0,	166.069,			2.351,			0.168,			0.057
620,	1,	7.0,	166.226,			2.643,			0.101,			0.054
621,	1,	387.0,	166.362,			2.525,			0.262,			0.05
622,	2,	237.0,	166.426,			14.002,			1.477,			0.136
623,	1,	146.0,	166.55,			2.298,			0.155,			0.058
624,	1,	559.0,	166.568,			1.104,			0.12,			0.059
625,	1,	7.0,	166.573,			1.46,			0.138,			0.052
626,	1,	157.0,	166.69,			1.79,			0.132,			0.051
627,	2,	147.0,	166.859,			13.061,			1.081,			0.126
628,	1,	10.0,	166.882,			1.963,			0.168,			0.056
629,	1,	44.0,	167.064,			2.548,			0.18,			0.056
630,	2,	174.0,	167.195,			12.145,			1.026,			0.123
631,	1,	49.0,	167.212,			1.145,			0.235,			0.055
632,	1,	447.0,	167.336,			2.652,			0.218,			0.053
633,	1,	157.0,	167.397,			2.532,			0.141,			0.057
634,	1,	28.0,	167.41,			1.927,			0.275,			0.051
635,	1,	6.0,	167.677,			1.428,			0.165,			0.05
636,	1,	6.0,	167.686,			1.662,			0.152,			0.056
637,	1,	7.0,	167.776,			2.955,			0.235,			0.055
638,	1,	7.0,	168.119,			1.566,			0.113,			0.051
639,	1,	10.0,	168.254,			2.52,			0.298,			0.057
640,	1,	59.0,	168.754,			1.078,			0.167,			0.052
641,	2,	154.0,	168.89,			14.289,			1.093,			0.121
642,	1,	10.0,	169.088,			1.46,			0.142,			0.054
643,	1,	214.0,	169.113,			1.432,			0.106,			0.053
644,	1,	512.0,	169.155,			1.411,			0.11,			0.059
645,	1,	10.0,	169.41,			2.034,			0.282,			0.055
646,	2,	104.0,	169.552,			10.16,			1.326,			0.102
647,	1,	59.0,	169.756,			2.681,			0.248,			0.058
648,	1,	169.0,	169.802,			1.732,			0.195,			0.053
649,	1,	157.0,	169.938,			2.424,			0.247,			0.057
650,	1,	120.0,	170.072,			1.07,			0.221,			0.059
651,	1,	498.0,	170.437,			1.653,			0.289,			0.057
652,	2,	184.0,	170.694,			11.661,			1.236,			0.124
653,	1,	44.0,	171.115,			2.555,			0.239,			0.059
654,	1,	7.0,	171.17,			2.149,			0.117,			0.054
655,	1,	6.0,	171.334,			2.52,			0.248,			0.056
656,	1,	10.0,	171.373,			2.947,			0.244,			0.052
657,	1,	214.0,	171.407,			1.988,			0.272,			0.051
658,	1,	44.0,	171.421,			2.098,			0.256,			0.058
659,	2,	155.0,	171.57,			14.117,			1.161,			0.133
660,	1,	6.0,	171.714,			2.541,			0.15,			0.056
661,	1,	126.0,	171.725,			2.016,			0.228,			0.05
662,	1,	512.0,	172.024,			2.606,			0.256,			0.054
663,	1,	498.0,	172.309,			1.325,			0.109,			0.054
664,	1,	90.0,	172.433,			2.636,			0.15,			0.055
665,	1,	16.0,	172.468,			2.148,			0.263,			0.059
666,	1,	44.0,	172.475,			1.809,			0.268,			0.055
667,	1,	379.0,	172.483,			2.701,			0.223,			0.056
668,	1,	49.0,	172.499,			2.834,			0.129,			0.055
669,	1,	7.0,	172.524,			1.004,			0.177,			0.054
670,	1,	126.0,	172.739,			1.437,			0.19,			0.051
671,	1,	59.0,	173.064,			1.911,			0.169,			0.058
672,	1,	95.0,	173.22,			1.486,			0.241,			0.051
673,	1,	447.0,	173.247,			1.862,			0.247,			0.054
674,	1,	13.0,	173.666,			2.048,			0.247,			0.051
675,	1,	16.0,	173.889,			1.843,			0.173,			0.055
676,	1,	6.0,	173.93,			2.479,			0.14,			0.06
677,	1,	120.0,	173.943,			1.443,			0.268,			0.058
678,	1,	49.0,	174.104,			2.11,			0.166,			0.056
679,	2,	188.0,	174.37,			13.148,			1.236,			0.101
680,	1,	90.0,	174.589,			1.928,			0.207,			0.051
681,	1,	120.0,	174.847,			1.523,			0.207,			0.051
682,	1,	214.0,	175.129,			1.458,			0.184,			0.052
683,	1,	6.0,	175.401,			1.968,			0.265,			0.055
684,	1,	6.0,	175.422,			1.495,			0.277,			0.053
685,	1,	28.0,	175.478,			2.179,			0.137,			0.059
686,	1,	10.0,	175.811,			2.553,			0.176,			0.06
687,	1,	6.0,	175.891,			1.211,			0.186,			0.06
688,	1,	447.0,	176.045,			1.024,			0.27,			0.054
689,	1,	6.0,	176.068,			2.599,			0.129,			0.057
690,	1,	7.0,	176.093,			2.916,			0.109,			0.059
691,	1,	6.0,	176.197,			1.601,			0.228,			0.052
692,	2,	189.0,	176.299,			13.449,			1.401,			0.197
693,	1,	90.0,	176.33,			1.169,			0.159,			0.057
694,	1,	30.0,	176.53,			2.084,			0.279,			0.052
695,	1,	379.0,	176.739,			2.487,			0.263,			0.059
696,	2,	42.0,	177.323,			12.406,			1.349,			0.106
697,	1,	120.0,	177.651,			1.455,			0.286,			0.057
698,	1,	7.0,	177.866,			1.327,			0.159,			0.056
699,	1,	16.0,	178.496,			2.153,			0.138,			0.055
700,	1,	10.0,	178.544,			2.541,			0.139,			0.059
701,	1,	6.0,	178.587,			2.969,			0.113,			0.058
702,	1,	59.0,	178.597,			2.02,			0.112,			0.053
703,	1,	6.0,	178.849,			1.981,			0.148,			0.052
704,	1,	498.0,	178.891,			1.731,			0.214,			0.054
705,	1,	6.0,	179.078,			1.525,			0.27,			0.058
706,	1,	44.0,	179.123,			1.717,			0.221,			0.05
707,	2,	110.0,	179.254,			12.569,			1.402,			0.135
708,	1,	30.0,	179.261,			2.176,			0.151,			0.056
709,	1,	10.0,	179.583,			1.425,			0.152,			0.051
710,	1,	126.0,	179.912,			2.643,			0.187,			0.059
711,	1,	6.0,	179.993,			2.579,			0.238,			0.055
712,	1,	7.0,	180.078,			1.56,			0.113,			0.059
713,	1,	44.0,	180.182,			2.852,			0.186,			0.055
714,	1,	30.0,	180.359,			1.287,			0.287,			0.052
715,	1,	30.0,	180.451,			1.63,			0.164,			0.057
716,	1,	6.0,	180.693,			2.084,			0.103,			0.051
717,	1,	7.0,	180.738,			2.903,			0.289,			0.056
718,	1,	126.0,	180.857,			1.919,			0.182,			0.055
719,	1,	10.0,	180.907,			2.865,			0.239,			0.055
720,	1,	214.0,	180.925,			2.324,			0.122,			0.05
721,	2,	74.0,	180.938,			13.266,			1.409,			0.195
722,	1,	95.0,	180.977,			2.461,			0.297,			0.051
723,	1,	49.0,	181.249,			2.545,			0.119,			0.05
724,	1,	512.0,	181.397,			1.822,			0.249,			0.055
725,	1,	214.0,	181.747,			1.188,			0.164,			0.05
726,	1,	157.0,	181.78,			1.157,			0.215,			0.051
727,	1,	214.0,	181.797,			1.477,			0.169,			0.055
728,	1,	7.0,	181.938,			2.232,			0.283,			0.052
729,	1,	120.0,	181.957,			2.068,			0.186,			0.052
730,	1,	59.0,	181.996,			1.203,			0.221,			0.057
731,	1,	387.0,	182.024,			1.25,			0.258,			0.054
732,	2,	275.0,	182.322,			14.136,			1.417,			0.107
733,	1,	379.0,	182.407,			1.226,			0.169,			0.052
734,	1,	59.0,	182.449,			1.761,			0.103,			0.059
735,	2,	230.0,	182.501,			11.709,			1.017,			0.134
736,	1,	44.0,	183.074,			2.901,			0.256,			0.053
737,	1,	559.0,	183.084,			2.772,			0.239,			0.054
738,	1,	7.0,	183.282,			2.911,			0.249,			0.059
739,	1,	447.0,	183.331,			2.273,			0.217,			0.058
740,	1,	6.0,	183.829,			1.755,			0.298,			0.058
741,	1,	7.0,	183.91,			2.155,			0.221,			0.054
742,	1,	44.0,	183.942,			2.454,			0.165,			0.059
743,	1,	512.0,	183.987,			2.625,			0.184,			0.054
744,	1,	30.0,	184.044,			1.126,			0.154,			0.054
745,	1,	169.0,	184.123,			2.763,			0.144,			0.051
746,	2,	133.0,	184.819,			12.301,			1.381,			0.159
747,	1,	498.0,	184.953,			1.869,			0.117,			0.051
748,	2,	143.0,	185.015,			10.553,			1.349,			0.118
749,	1,	6.0,	185.45,			1.305,			0.27,			0.058
750,	1,	44.0,	186.189,			1.334,			0.269,			0.05
751,	1,	7.0,	186.428,			1.566,			0.249,			0.052
752,	1,	498.0,	186.512,			1.078,			0.145,			0.058
753,	1,	13.0,	186.77,			2.553,			0.104,			0.054
754,	2,	130.0,	186.907,			14.249,			1.447,			0.121
755,	1,	7.0,	186.983,			1.988,			0.121,			0.053
756,	1,	7.0,	187.144,			1.737,			0.146,			0.051
757,	1,	7.0,	187.283,			1.303,			0.105,			0.056
758,	1,	6.0,	187.573,			1.414,			0.22,			0.052
759,	1,	146.0,	187.858,			1.537,			0.234,			0.056
760,	1,	30.0,	188.012,			2.638,			0.165,			0.051
761,	1,	214.0,	188.125,			2.623,			0.208,			0.059
762,	1,	214.0,	188.378,			1.106,			0.123,			0.059
763,	1,	7.0,	188.467,			2.763,			0.151,			0.052
764,	2,	240.0,	188.593,			11.649,			1.343,			0.105
765,	1,	387.0,	188.677,			2.031,			0.29,			0.051
766,	1,	16.0,	188.785,			1.478,			0.248,			0.051
767,	1,	90.0,	188.919,			1.625,			0.15,			0.057
768,	2,	216.0,	189.744,			10.526,			1.351,			0.166
769,	1,	30.0,	189.92,			1.126,			0.151,			0.059
770,	2,	111.0,	190.663,			10.9,			1.484,			0.136
771,	1,	10.0,	190.925,			1.398,			0.131,			0.057
772,	1,	7.0,	191.154,			1.862,			0.174,			0.053
773,	1,	387.0,	191.211,			1.035,			0.277,			0.054
774,	1,	146.0,	191.284,			2.084,			0.235,			0.06
775,	1,	447.0,	191.566,			2.768,			0.15,			0.056
776,	1,	387.0,	191.724,			1.486,			0.103,			0.051
777,	2,	232.0,	191.777,			12.024,			1.166,			0.127
778,	1,	379.0,	192.325,			1.853,			0.248,			0.058
779,	1,	512.0,	192.337,			1.366,			0.14,			0.058
780,	1,	49.0,	192.343,			1.441,			0.161,			0.058
781,	1,	7.0,	192.58,			1.715,			0.285,			0.051
782,	1,	44.0,	192.676,			2.522,			0.132,			0.059
783,	1,	7.0,	192.754,			1.968,			0.228,			0.053
784,	1,	498.0,	192.782,			2.006,			0.209,			0.051
785,	1,	7.0,	192.956,			1.968,			0.28,			0.059
786,	1,	95.0,	192.978,			2.862,			0.223,			0.054
787,	1,	120.0,	193.25,			2.956,			0.109,			0.054
788,	1,	59.0,	193.319,			1.263,			0.168,			0.057
789,	1,	120.0,	193.38,			1.642,			0.212,			0.06
790,	1,	6.0,	193.503,			2.076,			0.273,			0.052
791,	1,	7.0,	193.883,			2.252,			0.119,			0.056
792,	1,	379.0,	194.558,			2.525,			0.268,			0.057
793,	2,	55.0,	195.034,			12.649,			1.207,			0.2
794,	2,	131.0,	195.037,			13.346,			1.363,			0.103
795,	1,	120.0,	195.303,			2.278,			0.101,			0.056
796,	1,	16.0,	195.785,			2.454,			0.234,			0.055
797,	1,	103.0,	195.886,			2.555,			0.13,			0.053
798,	1,	559.0,	196.956,			2.599,			0.195,			0.051
799,	1,	157.0,	196.981,			2.252,			0.268,			0.058
800,	1,	157.0,	197.211,			2.973,			0.101,			0.058
801,	1,	59.0,	197.575,			1.61,			0.174,			0.057
802,	1,	126.0,	197.685,			1.422,			0.274,			0.059
803,	1,	7.0,	197.692,			2.122,			0.107,			0.052
804,	1,	7.0,	197.753,			2.727,			0.289,			0.056
805,	1,	103.0,	197.898,			2.366,			0.233,			0.057
806,	1,	120.0,	198.008,			1.283,			0.236,			0.056
807,	1,	44.0,	198.208,			2.954,			0.222,			0.051
808,	1,	28.0,	198.39,			2.503,			0.27,			0.052
809,	1,	44.0,	198.703,			1.571,			0.192,			0.059
810,	1,	498.0,	198.877,			1.317,			0.242,			0.053
811,	1,	7.0,	199.006,			1.826,			0.16,			0.054
812,	1,	49.0,	199.19,			2.293,			0.215,			0.056
813,	1,	6.0,	199.203,			2.675,			0.291,			0.056
814,	1,	214.0,	199.297,			2.862,			0.255,			0.057
815,	1,	95.0,	199.366,			2.454,			0.186,			0.053
816,	1,	28.0,	199.49,			1.262,			0.144,			0.059
817,	1,	146.0,	199.602,			2.016,			0.254,			0.05
818,	1,	214.0,	199.757,			1.442,			0.266,			0.058
819,	2,	90.0,	200.48,			12.391,			1.25,			0.158
820,	2,	157.0,	200.696,			13.148,			1.379,			0.119
821,	1,	7.0,	200.989,			1.968,			0.12,			0.059
822,	1,	157.0,	201.025,			2.91,			0.162,			0.059
823,	1,	13.0,	201.186,			2.153,			0.146,			0.05
824,	1,	498.0,	201.262,			1.108,			0.222,			0.052
825,	1,	387.0,	201.308,			2.843,			0.27,			0.052
826,	1,	7.0,	201.327,			2.316,			0.206,			0.05
827,	1,	146.0,	201.354,			1.4,			0.221,			0.056
828,	2,	109.0,	201.512,			13.277,			1.5,			0.115
829,	1,	49.0,	202.194,			2.184,			0.12,			0.051
830,	1,	28.0,	202.583,			1.962,			0.215,			0.054
831,	1,	169.0,	202.848,			1.941,			0.263,			0.052
832,	1,	512.0,	202.917,			1.513,			0.242,			0.055
833,	1,	103.0,	202.992,			1.01,			0.194,			0.054
834,	1,	10.0,	204.259,			2.296,			0.298,			0.054
835,	1,	95.0,	204.26,			2.985,			0.133,			0.051
836,	1,	28.0,	204.307,			2.429,			0.118,			0.057
837,	1,	120.0,	204.932,			1.609,			0.256,			0.051
838,	1,	126.0,	205.123,			2.491,			0.219,			0.055
839,	2,	132.0,	205.238,			11.433,			1.422,			0.166
840,	1,	49.0,	205.456,			2.753,			0.278,			0.054
841,	2,	157.0,	205.768,			12.691,			1.193,			0.16
842,	2,	173.0,	206.105,			13.129,			1.369,			0.155
843,	1,	126.0,	206.765,			1.414,			0.214,			0.056
844,	1,	512.0,	206.8,			2.772,			0.226,			0.053
845,	1,	95.0,	206.912,			1.86,			0.299,			0.057
846,	1,	512.0,	207.406,			1.994,			0.201,			0.055
847,	1,	13.0,	207.786,			1.391,			0.187,			0.052
848,	1,	120.0,	207.962,			2.154,			0.238,			0.053
849,	2,	165.0,	208.247,			11.238,			1.463,			0.101
850,	1,	49.0,	209.315,			1.505,			0.201,			0.059
851,	2,	155.0,	209.332,			12.57,			1.327,			0.121
852,	1,	49.0,	209.386,			1.402,			0.139,			0.053
853,	1,	447.0,	209.702,			1.477,			0.214,			0.056
854,	1,	169.0,	209.866,			2.318,			0.25,			0.051
855,	2,	141.0,	210.198,			11.537,			1.159,			0.1
856,	1,	559.0,	210.249,			2.184,			0.124,			0.06
857,	2,	274.0,	210.295,			11.73,			1.053,			0.175
858,	1,	126.0,	210.346,			1.717,			0.272,			0.05
859,	1,	498.0,	210.667,			1.277,			0.132,			0.054
860,	1,	95.0,	211.513,			1.024,			0.253,			0.053
861,	1,	157.0,	211.543,			1.191,			0.28,			0.052
862,	1,	169.0,	212.52,			1.631,			0.251,			0.058
863,	1,	559.0,	212.997,			1.968,			0.234,			0.054
864,	2,	300.0,	213.483,			11.834,			1.023,			0.176
865,	1,	10.0,	213.882,			1.612,			0.271,			0.051
866,	1,	387.0,	213.896,			1.25,			0.101,			0.054
867,	1,	13.0,	213.982,			2.796,			0.134,			0.052
868,	1,	559.0,	214.403,			1.542,			0.122,			0.057
869,	1,	6.0,	214.53,			1.316,			0.201,			0.059
870,	1,	7.0,	214.661,			2.655,			0.139,			0.06
871,	2,	166.0,	215.034,			14.916,			1.255,			0.102
872,	2,	111.0,	215.422,			13.871,			1.029,			0.139
873,	2,	107.0,	215.614,			14.183,			1.311,			0.198
874,	1,	49.0,	215.793,			2.865,			0.14,			0.058
875,	1,	559.0,	215.983,			1.719,			0.164,			0.057
876,	2,	169.0,	215.991,			13.106,			1.211,			0.198
877,	1,	95.0,	216.37,			2.151,			0.238,			0.057
878,	1,	13.0,	217.524,			2.991,			0.287,			0.059
879,	2,	110.0,	217.61,			14.49,			1.133,			0.11
880,	1,	7.0,	217.693,			1.541,			0.214,			0.055
881,	2,	190.0,	218.068,			14.721,			1.012,			0.189
882,	1,	169.0,	218.196,			2.797,			0.107,			0.057
883,	1,	90.0,	218.226,			2.35,			0.202,			0.058
884,	1,	13.0,	218.669,			1.784,			0.254,			0.059
885,	1,	28.0,	218.756,			1.561,			0.288,			0.054
886,	1,	7.0,	218.8,			2.932,			0.267,			0.059
887,	1,	498.0,	218.927,			1.825,			0.107,			0.058
888,	1,	6.0,	219.102,			1.25,			0.104,			0.055
889,	1,	30.0,	219.238,			2.33,			0.242,			0.059
890,	2,	155.0,	219.274,			11.46,			1.443,			0.122
891,	1,	126.0,	219.533,			1.637,			0.28,			0.058
892,	1,	28.0,	219.733,			1.717,			0.288,			0.059
893,	1,	7.0,	220.193,			1.591,			0.217,			0.054
894,	1,	49.0,	220.503,			1.302,			0.22,			0.052
895,	1,	157.0,	221.133,			1.05,			0.297,			0.053
896,	1,	447.0,	221.21,			1.256,			0.144,			0.053
897,	1,	44.0,	221.794,			2.388,			0.23,			0.057
898,	1,	120.0,	221.873,			2.757,			0.292,			0.051
899,	1,	7.0,	221.938,			1.969,			0.215,			0.05
900,	1,	44.0,	222.86,			1.36,			0.127,			0.059
901,	1,	169.0,	223.45,			2.702,			0.206,			0.059
902,	1,	10.0,	224.059,			1.827,			0.209,			0.05
903,	1,	90.0,	224.071,			2.324,			0.249,			0.054
904,	2,	115.0,	224.18,			14.399,			1.242,			0.112
905,	1,	157.0,	224.443,			1.008,			0.195,			0.054
906,	1,	95.0,	225.963,			2.138,			0.142,			0.057
907,	1,	16.0,	226.292,			1.162,			0.125,			0.059
908,	2,	136.0,	226.669,			12.15,			1.453,			0.123
909,	1,	512.0,	226.701,			1.424,			0.197,			0.058
910,	1,	146.0,	226.819,			2.055,			0.116,			0.057
911,	2,	99.0,	228.089,			13.871,			1.047,			0.113
912,	1,	7.0,	228.72,			2.675,			0.16,			0.051
913,	2,	317.0,	228.817,			13.224,			1.01,			0.113
914,	1,	7.0,	229.107,			1.393,			0.254,			0.053
915,	2,	155.0,	229.194,			11.302,			1.317,			0.166
916,	1,	28.0,	229.34,			1.126,			0.19,			0.055
917,	1,	379.0,	229.869,			1.994,			0.157,			0.055
918,	1,	7.0,	230.419,			1.056,			0.165,			0.051
919,	2,	75.0,	230.435,			11.583,			1.322,			0.195
920,	2,	102.0,	230.831,			11.819,			1.251,			0.183
921,	1,	30.0,	232.007,			2.914,			0.159,			0.056
922,	2,	100.0,	232.031,			12.02,			1.481,			0.108
923,	1,	120.0,	232.303,			1.26,			0.273,			0.059
924,	2,	134.0,	232.639,			10.56,			1.23,			0.197
925,	1,	157.0,	233.835,			2.408,			0.175,			0.06
926,	2,	168.0,	233.895,			10.42,			1.473,			0.119
927,	2,	180.0,	234.117,			13.86,			1.041,			0.125
928,	2,	106.0,	235.013,			11.392,			1.435,			0.129
929,	2,	63.0,	235.91,			14.859,			1.438,			0.19
930,	1,	447.0,	235.962,			1.42,			0.276,			0.057
931,	1,	7.0,	236.067,			1.76,			0.177,			0.059
932,	2,	128.0,	236.815,			14.057,			1.435,			0.166
933,	1,	126.0,	236.995,			2.976,			0.129,			0.06
934,	2,	121.0,	237.214,			11.504,			1.256,			0.159
935,	1,	90.0,	237.286,			1.441,			0.147,			0.055
936,	1,	379.0,	237.814,			1.491,			0.118,			0.055
937,	1,	157.0,	237.975,			2.928,			0.203,			0.058
938,	1,	169.0,	238.821,			1.875,			0.2,			0.053
939,	1,	30.0,	239.024,			2.881,			0.159,			0.055
940,	2,	225.0,	239.463,			13.329,			1.022,			0.123
941,	1,	7.0,	239.536,			2.545,			0.296,			0.054
942,	1,	16.0,	240.311,			2.647,			0.158,			0.052
943,	1,	95.0,	240.924,			2.163,			0.202,			0.052
944,	1,	13.0,	242.204,			2.03,			0.278,			0.051
945,	1,	447.0,	242.395,			2.36,			0.131,			0.057
946,	1,	28.0,	244.318,			1.848,			0.286,			0.057
947,	1,	7.0,	245.123,			1.924,			0.238,			0.054
948,	1,	7.0,	246.027,			1.383,			0.269,			0.056
949,	1,	447.0,	246.297,			2.02,			0.202,			0.059
950,	2,	106.0,	247.635,			10.895,			1.454,			0.178
951,	1,	49.0,	248.143,			1.553,			0.103,			0.056
952,	1,	6.0,	248.217,			2.351,			0.275,			0.051
953,	1,	49.0,	248.714,			1.111,			0.238,			0.059
954,	2,	83.0,	249.966,			14.216,			1.092,			0.118
955,	2,	230.0,	250.169,			14.908,			1.175,			0.15
956,	1,	28.0,	251.114,			2.695,			0.158,			0.055
957,	1,	7.0,	252.123,			1.357,			0.182,			0.06
958,	1,	7.0,	252.726,			2.014,			0.2,			0.059
959,	2,	150.0,	252.735,			13.645,			1.467,			0.172
960,	2,	129.0,	252.831,			12.809,			1.054,			0.152
961,	2,	203.0,	253.34,			12.438,			1.272,			0.148
962,	1,	379.0,	256.022,			2.14,			0.239,			0.051
963,	2,	230.0,	258.092,			12.438,			1.435,			0.121
964,	2,	246.0,	258.941,			13.148,			1.131,			0.13
965,	2,	237.0,	259.624,			13.899,			1.086,			0.106
966,	2,	119.0,	260.285,			10.397,			1.461,			0.176
967,	1,	559.0,	260.557,			1.435,			0.109,			0.053
968,	2,	198.0,	261.596,			13.89,			1.345,			0.174
969,	2,	173.0,	261.83,			10.054,			1.162,			0.155
970,	2,	162.0,	263.491,			10.404,			1.236,			0.102
971,	1,	44.0,	263.59,			1.908,			0.288,			0.057
972,	2,	199.0,	263.708,			12.057,			1.109,			0.188
973,	1,	44.0,	263.945,			1.337,			0.231,			0.052
974,	2,	83.0,	266.668,			12.271,			1.017,			0.134
975,	1,	44.0,	267.749,			1.62,			0.277,			0.054
976,	2,	132.0,	268.031,			10.72,			1.481,			0.182
977,	2,	121.0,	268.107,			13.963,			1.374,			0.143
978,	1,	447.0,	268.247,			1.305,			0.139,			0.052
979,	1,	13.0,	268.63,			1.103,			0.257,			0.054
980,	1,	6.0,	268.703,			1.417,			0.185,			0.055
981,	1,	30.0,	269.365,			2.857,			0.197,			0.055
982,	2,	97.0,	269.968,			12.242,			1.07,			0.196
983,	2,	142.0,	270.741,			10.15,			1.075,			0.168
984,	2,	225.0,	271.697,			13.572,			1.335,			0.104
985,	2,	93.0,	276.514,			12.809,			1.484,			0.138
986,	2,	204.0,	279.838,			14.859,			1.401,			0.176
987,	2,	140.0,	280.031,			10.594,			1.426,			0.122
988,	1,	90.0,	281.909,			1.962,			0.14,			0.058
989,	2,	194.0,	283.71,			11.994,			1.126,			0.135
990,	2,	205.0,	284.171,			10.621,			1.431,			0.12
991,	1,	157.0,	284.715,			1.588,			0.149,			0.053
992,	2,	102.0,	286.542,			11.761,			1.397,			0.129
993,	2,	111.0,	288.733,			13.148,			1.259,			0.142
994,	2,	48.0,	291.787,			14.921,			1.047,			0.108
995,	2,	135.0,	293.707,			14.534,			1.375,			0.181
996,	2,	65.0,	294.269,			13.288,			1.456,			0.127
997,	1,	146.0,	294.752,			1.869,			0.161,			0.057
998,	2,	128.0,	295.334,			11.171,			1.096,			0.158
999,	2,	162.0,	298.798,			14.05,			1.246,			0.12
1000,	2,	42.0,	299.387,			14.005,			1.074,			0.103
