#, task_type_id, size, arrival_time,	execution_time_cpu,	execution_time_gpu,	execution_time_CLOUD
1,	2,	221.0,	0.049,			14.005,			1.32,			0.119
2,	1,	387.0,	0.091,			1.005,			0.251,			0.051
3,	2,	191.0,	2.389,			10.279,			1.044,			0.126
4,	2,	56.0,	3.776,			12.105,			1.148,			0.107
5,	2,	266.0,	6.831,			13.557,			1.086,			0.128
6,	2,	197.0,	7.838,			14.32,			1.258,			0.106
7,	2,	74.0,	8.18,			13.148,			1.456,			0.174
8,	2,	87.0,	8.506,			10.226,			1.233,			0.188
9,	1,	95.0,	8.766,			1.543,			0.177,			0.06
10,	2,	115.0,	9.861,			10.223,			1.022,			0.176
11,	2,	75.0,	11.27,			14.931,			1.326,			0.177
12,	2,	116.0,	11.38,			13.89,			1.157,			0.138
13,	1,	146.0,	12.105,			1.844,			0.189,			0.054
14,	2,	129.0,	14.74,			13.629,			1.477,			0.147
15,	2,	256.0,	14.989,			10.707,			1.441,			0.198
16,	2,	185.0,	15.132,			10.178,			1.088,			0.123
17,	1,	44.0,	17.093,			1.296,			0.183,			0.053
18,	1,	512.0,	18.261,			2.928,			0.234,			0.058
19,	2,	156.0,	18.638,			12.014,			1.008,			0.145
20,	2,	218.0,	18.996,			12.786,			1.167,			0.136
21,	2,	49.0,	19.713,			14.05,			1.296,			0.192
22,	2,	129.0,	21.542,			11.884,			1.041,			0.157
23,	2,	200.0,	21.809,			10.399,			1.439,			0.177
24,	2,	65.0,	22.636,			10.895,			1.136,			0.118
25,	2,	143.0,	22.887,			11.639,			1.445,			0.188
26,	1,	6.0,	23.123,			1.654,			0.154,			0.059
27,	2,	117.0,	23.139,			14.984,			1.458,			0.186
28,	2,	153.0,	24.095,			12.015,			1.131,			0.102
29,	2,	136.0,	27.958,			11.302,			1.05,			0.109
30,	1,	16.0,	28.829,			2.43,			0.238,			0.055
31,	2,	36.0,	29.783,			11.872,			1.248,			0.158
32,	2,	134.0,	30.114,			10.999,			1.332,			0.101
33,	2,	248.0,	30.217,			10.56,			1.051,			0.168
34,	1,	6.0,	34.243,			1.626,			0.258,			0.056
35,	2,	66.0,	35.462,			12.088,			1.141,			0.198
36,	1,	44.0,	35.671,			2.888,			0.15,			0.051
37,	2,	121.0,	36.095,			10.475,			1.444,			0.116
38,	2,	152.0,	37.695,			10.339,			1.058,			0.173
39,	1,	559.0,	37.875,			1.998,			0.124,			0.056
40,	2,	128.0,	38.279,			13.575,			1.421,			0.1
41,	1,	30.0,	38.578,			2.532,			0.121,			0.054
42,	2,	178.0,	39.83,			14.722,			1.241,			0.2
43,	2,	172.0,	40.373,			13.961,			1.334,			0.158
44,	1,	7.0,	42.29,			1.912,			0.276,			0.058
45,	1,	30.0,	42.59,			1.578,			0.112,			0.052
46,	1,	28.0,	43.786,			1.35,			0.253,			0.057
47,	1,	447.0,	44.19,			2.832,			0.157,			0.058
48,	1,	6.0,	45.302,			2.144,			0.185,			0.055
49,	2,	165.0,	45.737,			14.721,			1.282,			0.119
50,	1,	10.0,	46.264,			1.715,			0.251,			0.052
51,	1,	28.0,	46.87,			1.61,			0.165,			0.058
52,	1,	6.0,	47.097,			2.545,			0.151,			0.057
53,	2,	93.0,	47.126,			13.449,			1.177,			0.161
54,	2,	240.0,	47.857,			10.194,			1.101,			0.145
55,	2,	147.0,	48.114,			14.658,			1.022,			0.101
56,	1,	146.0,	48.549,			2.813,			0.22,			0.055
57,	1,	7.0,	49.048,			1.625,			0.116,			0.055
58,	1,	498.0,	49.371,			1.031,			0.206,			0.053
59,	1,	16.0,	50.841,			2.407,			0.163,			0.057
60,	1,	146.0,	51.003,			1.581,			0.151,			0.057
61,	2,	183.0,	52.031,			14.351,			1.244,			0.135
62,	2,	140.0,	53.191,			14.12,			1.291,			0.179
63,	2,	95.0,	53.288,			12.386,			1.369,			0.154
64,	2,	238.0,	53.302,			14.219,			1.153,			0.12
65,	1,	559.0,	53.691,			2.438,			0.253,			0.06
66,	2,	104.0,	54.126,			13.535,			1.347,			0.118
67,	1,	120.0,	54.414,			2.004,			0.299,			0.054
68,	1,	387.0,	54.739,			2.582,			0.2,			0.051
69,	1,	7.0,	55.528,			2.454,			0.131,			0.052
70,	1,	559.0,	55.922,			2.645,			0.229,			0.057
71,	2,	247.0,	56.17,			13.535,			1.325,			0.156
72,	1,	379.0,	56.906,			2.872,			0.275,			0.055
73,	2,	133.0,	56.972,			11.09,			1.49,			0.197
74,	1,	126.0,	57.011,			2.279,			0.236,			0.055
75,	2,	150.0,	58.127,			13.027,			1.373,			0.112
76,	1,	157.0,	59.414,			1.114,			0.172,			0.053
77,	1,	10.0,	61.839,			1.158,			0.262,			0.058
78,	1,	126.0,	62.263,			1.703,			0.133,			0.057
79,	1,	10.0,	62.275,			1.482,			0.135,			0.052
80,	1,	512.0,	62.38,			1.334,			0.103,			0.056
81,	1,	7.0,	62.457,			2.11,			0.236,			0.06
82,	1,	10.0,	62.736,			2.048,			0.173,			0.058
83,	1,	49.0,	63.04,			1.783,			0.141,			0.059
84,	1,	30.0,	63.049,			1.522,			0.214,			0.053
85,	1,	13.0,	63.138,			1.414,			0.262,			0.059
86,	2,	87.0,	63.73,			11.26,			1.003,			0.176
87,	1,	7.0,	63.739,			1.364,			0.181,			0.055
88,	1,	447.0,	64.816,			2.316,			0.222,			0.059
89,	2,	204.0,	65.12,			14.368,			1.101,			0.147
90,	1,	447.0,	65.794,			2.346,			0.102,			0.053
91,	1,	13.0,	66.081,			2.429,			0.201,			0.055
92,	2,	88.0,	67.32,			11.371,			1.088,			0.104
93,	1,	13.0,	67.427,			2.446,			0.262,			0.053
94,	2,	289.0,	67.562,			11.237,			1.055,			0.182
95,	1,	559.0,	67.823,			1.42,			0.139,			0.054
96,	1,	103.0,	67.948,			1.969,			0.117,			0.058
97,	1,	498.0,	68.591,			2.681,			0.133,			0.056
98,	1,	28.0,	68.733,			2.582,			0.195,			0.058
99,	1,	7.0,	69.111,			1.4,			0.124,			0.054
100,	1,	146.0,	69.288,			1.485,			0.1,			0.055
101,	1,	59.0,	70.123,			1.01,			0.208,			0.055
102,	1,	13.0,	70.415,			1.681,			0.233,			0.054
103,	1,	49.0,	71.316,			1.684,			0.294,			0.054
104,	2,	90.0,	71.627,			13.86,			1.311,			0.113
105,	1,	10.0,	71.632,			1.188,			0.234,			0.051
106,	1,	157.0,	71.651,			1.698,			0.214,			0.057
107,	2,	314.0,	71.881,			12.703,			1.294,			0.195
108,	1,	120.0,	71.925,			2.568,			0.216,			0.057
109,	1,	379.0,	71.977,			1.609,			0.147,			0.057
110,	2,	166.0,	73.502,			13.05,			1.44,			0.166
111,	1,	6.0,	73.524,			2.407,			0.293,			0.051
112,	1,	7.0,	74.313,			2.346,			0.27,			0.056
113,	2,	149.0,	74.406,			13.016,			1.016,			0.152
114,	1,	169.0,	74.823,			2.073,			0.237,			0.051
115,	1,	28.0,	75.493,			2.26,			0.193,			0.053
116,	1,	6.0,	75.806,			2.056,			0.149,			0.052
117,	1,	379.0,	76.206,			1.998,			0.172,			0.059
118,	1,	10.0,	76.526,			1.488,			0.2,			0.059
119,	1,	95.0,	78.389,			1.398,			0.118,			0.06
120,	1,	559.0,	78.6,			1.532,			0.19,			0.052
121,	2,	287.0,	78.636,			14.513,			1.164,			0.156
122,	1,	379.0,	79.981,			1.08,			0.104,			0.054
123,	1,	379.0,	80.325,			1.078,			0.21,			0.059
124,	1,	379.0,	80.4,			1.701,			0.124,			0.051
125,	1,	95.0,	80.564,			1.69,			0.288,			0.054
126,	1,	44.0,	80.659,			2.047,			0.162,			0.059
127,	1,	44.0,	81.423,			1.833,			0.213,			0.05
128,	2,	98.0,	81.767,			10.957,			1.137,			0.166
129,	1,	13.0,	82.706,			1.786,			0.287,			0.056
130,	1,	559.0,	82.813,			1.204,			0.288,			0.052
131,	1,	49.0,	83.115,			1.145,			0.101,			0.06
132,	1,	7.0,	83.211,			2.776,			0.262,			0.052
133,	1,	447.0,	83.414,			2.298,			0.198,			0.059
134,	1,	44.0,	83.897,			2.88,			0.198,			0.058
135,	1,	6.0,	84.251,			2.418,			0.213,			0.06
136,	1,	157.0,	85.256,			2.01,			0.205,			0.055
137,	2,	70.0,	85.475,			14.481,			1.277,			0.174
138,	1,	447.0,	85.626,			2.276,			0.148,			0.06
139,	2,	150.0,	85.93,			11.573,			1.45,			0.19
140,	1,	28.0,	86.333,			1.356,			0.189,			0.059
141,	1,	559.0,	86.643,			2.582,			0.267,			0.054
142,	1,	28.0,	87.002,			2.225,			0.177,			0.051
143,	1,	387.0,	87.336,			2.366,			0.252,			0.053
144,	1,	214.0,	87.819,			1.607,			0.221,			0.052
145,	1,	6.0,	87.943,			1.03,			0.162,			0.054
146,	1,	6.0,	87.983,			2.098,			0.225,			0.056
147,	1,	214.0,	88.155,			1.07,			0.292,			0.055
148,	1,	169.0,	88.249,			1.515,			0.114,			0.051
149,	1,	44.0,	88.341,			1.119,			0.202,			0.052
150,	1,	13.0,	90.054,			2.879,			0.249,			0.056
151,	1,	6.0,	90.499,			2.544,			0.275,			0.051
152,	1,	447.0,	91.034,			1.972,			0.2,			0.05
153,	1,	512.0,	91.588,			1.548,			0.261,			0.06
154,	1,	49.0,	91.835,			1.044,			0.239,			0.059
155,	1,	28.0,	92.123,			2.627,			0.103,			0.052
156,	1,	559.0,	93.005,			1.303,			0.248,			0.056
157,	1,	498.0,	93.15,			2.757,			0.155,			0.058
158,	1,	6.0,	93.262,			1.409,			0.119,			0.057
159,	1,	146.0,	93.462,			1.038,			0.298,			0.052
160,	1,	214.0,	93.682,			2.928,			0.132,			0.055
161,	1,	7.0,	93.713,			1.406,			0.163,			0.054
162,	1,	10.0,	93.829,			1.972,			0.217,			0.059
163,	1,	30.0,	94.012,			2.865,			0.223,			0.05
164,	1,	387.0,	94.051,			2.378,			0.284,			0.055
165,	1,	7.0,	94.32,			1.061,			0.233,			0.052
166,	1,	103.0,	94.349,			2.318,			0.292,			0.051
167,	1,	28.0,	94.628,			1.859,			0.241,			0.055
168,	1,	44.0,	94.693,			2.408,			0.22,			0.059
169,	1,	169.0,	95.192,			1.826,			0.269,			0.053
170,	1,	379.0,	95.262,			2.847,			0.16,			0.052
171,	1,	95.0,	95.505,			2.556,			0.22,			0.059
172,	1,	7.0,	96.085,			1.083,			0.111,			0.052
173,	1,	387.0,	96.453,			1.509,			0.215,			0.06
174,	1,	146.0,	96.597,			1.434,			0.231,			0.056
175,	1,	512.0,	96.721,			1.79,			0.185,			0.056
176,	2,	166.0,	96.768,			11.153,			1.222,			0.185
177,	1,	559.0,	96.885,			1.609,			0.255,			0.051
178,	1,	498.0,	97.253,			2.675,			0.271,			0.052
179,	1,	387.0,	97.272,			2.314,			0.298,			0.055
180,	1,	498.0,	97.496,			1.861,			0.27,			0.054
181,	1,	214.0,	97.924,			1.393,			0.134,			0.051
182,	2,	102.0,	98.471,			11.215,			1.048,			0.114
183,	1,	44.0,	98.826,			2.123,			0.164,			0.05
184,	2,	111.0,	99.264,			14.524,			1.012,			0.129
185,	2,	366.0,	99.49,			13.958,			1.022,			0.157
186,	1,	120.0,	99.698,			2.985,			0.187,			0.056
187,	1,	214.0,	99.844,			2.726,			0.145,			0.051
188,	1,	7.0,	99.91,			1.153,			0.133,			0.059
189,	2,	157.0,	99.979,			10.374,			1.177,			0.165
190,	1,	90.0,	100.184,			2.866,			0.249,			0.059
191,	1,	169.0,	100.596,			2.956,			0.207,			0.053
192,	1,	95.0,	100.78,			1.996,			0.217,			0.05
193,	1,	126.0,	101.225,			1.72,			0.13,			0.056
194,	1,	7.0,	101.394,			2.554,			0.109,			0.054
195,	1,	28.0,	101.554,			1.091,			0.217,			0.055
196,	1,	95.0,	101.56,			1.051,			0.194,			0.056
197,	1,	512.0,	101.608,			2.273,			0.248,			0.053
198,	1,	59.0,	101.68,			2.92,			0.148,			0.058
199,	1,	157.0,	101.826,			1.633,			0.146,			0.053
200,	1,	44.0,	101.954,			1.702,			0.241,			0.056
201,	1,	387.0,	102.19,			1.625,			0.133,			0.059
202,	1,	13.0,	102.254,			2.684,			0.215,			0.059
203,	1,	30.0,	102.264,			2.427,			0.151,			0.055
204,	2,	242.0,	102.365,			11.993,			1.268,			0.142
205,	1,	379.0,	102.797,			1.825,			0.279,			0.055
206,	1,	90.0,	102.829,			2.582,			0.138,			0.055
207,	1,	44.0,	102.872,			1.933,			0.241,			0.055
208,	1,	169.0,	103.715,			1.024,			0.168,			0.058
209,	2,	113.0,	103.858,			13.977,			1.131,			0.178
210,	1,	49.0,	103.9,			2.047,			0.116,			0.054
211,	1,	90.0,	104.125,			2.606,			0.167,			0.05
212,	1,	28.0,	105.31,			1.911,			0.185,			0.056
213,	1,	7.0,	105.709,			2.179,			0.258,			0.052
214,	1,	7.0,	105.773,			2.167,			0.199,			0.057
215,	1,	126.0,	105.773,			2.643,			0.222,			0.052
216,	1,	498.0,	105.884,			2.407,			0.164,			0.057
217,	1,	44.0,	105.898,			1.639,			0.177,			0.058
218,	2,	103.0,	105.903,			11.781,			1.025,			0.176
219,	1,	44.0,	106.137,			2.22,			0.283,			0.055
220,	1,	6.0,	106.51,			1.091,			0.209,			0.055
221,	1,	103.0,	106.959,			1.432,			0.204,			0.06
222,	1,	6.0,	107.151,			2.669,			0.208,			0.057
223,	1,	49.0,	107.567,			2.056,			0.177,			0.06
224,	1,	157.0,	107.684,			1.761,			0.249,			0.06
225,	1,	7.0,	107.864,			2.235,			0.229,			0.053
226,	1,	512.0,	107.9,			1.096,			0.219,			0.059
227,	1,	6.0,	107.915,			2.757,			0.192,			0.06
228,	1,	16.0,	108.354,			2.645,			0.289,			0.052
229,	1,	559.0,	108.573,			1.421,			0.136,			0.054
230,	1,	387.0,	108.63,			1.358,			0.192,			0.059
231,	1,	16.0,	108.963,			2.681,			0.151,			0.055
232,	1,	7.0,	109.141,			1.991,			0.161,			0.06
233,	1,	30.0,	109.152,			1.75,			0.208,			0.052
234,	1,	169.0,	109.231,			2.879,			0.221,			0.06
235,	1,	95.0,	109.4,			2.596,			0.22,			0.054
236,	1,	13.0,	109.531,			2.414,			0.153,			0.052
237,	2,	127.0,	109.905,			10.475,			1.429,			0.105
238,	1,	379.0,	110.018,			1.395,			0.199,			0.056
239,	1,	90.0,	110.073,			1.561,			0.256,			0.059
240,	1,	512.0,	110.11,			2.317,			0.275,			0.051
241,	1,	512.0,	110.259,			1.653,			0.281,			0.054
242,	1,	387.0,	110.395,			1.833,			0.256,			0.054
243,	1,	7.0,	110.407,			2.895,			0.136,			0.053
244,	1,	498.0,	110.447,			1.486,			0.128,			0.051
245,	1,	7.0,	110.714,			1.523,			0.18,			0.051
246,	1,	126.0,	110.943,			2.681,			0.127,			0.058
247,	1,	169.0,	111.053,			2.384,			0.227,			0.052
248,	1,	7.0,	111.354,			2.425,			0.135,			0.057
249,	1,	7.0,	111.458,			1.531,			0.19,			0.054
250,	1,	59.0,	111.516,			1.024,			0.299,			0.054
251,	1,	44.0,	111.532,			2.727,			0.228,			0.054
252,	2,	277.0,	111.829,			11.459,			1.361,			0.163
253,	1,	447.0,	111.968,			1.044,			0.233,			0.057
254,	2,	128.0,	112.039,			13.456,			1.136,			0.12
255,	2,	197.0,	112.17,			13.074,			1.13,			0.152
256,	1,	169.0,	112.44,			1.119,			0.218,			0.055
257,	1,	44.0,	112.842,			2.509,			0.114,			0.053
258,	1,	13.0,	112.9,			2.842,			0.125,			0.059
259,	1,	59.0,	113.02,			2.576,			0.249,			0.054
260,	1,	214.0,	113.024,			2.926,			0.235,			0.056
261,	1,	59.0,	113.154,			1.287,			0.195,			0.055
262,	1,	95.0,	113.207,			1.702,			0.263,			0.06
263,	1,	512.0,	113.384,			1.039,			0.256,			0.055
264,	1,	157.0,	113.499,			2.398,			0.252,			0.057
265,	1,	498.0,	113.906,			2.524,			0.184,			0.057
266,	1,	7.0,	114.271,			2.102,			0.221,			0.05
267,	2,	154.0,	114.388,			14.789,			1.416,			0.16
268,	1,	447.0,	114.393,			1.211,			0.151,			0.056
269,	1,	498.0,	114.57,			2.819,			0.229,			0.059
270,	1,	447.0,	114.903,			1.862,			0.238,			0.052
271,	1,	49.0,	115.262,			1.592,			0.224,			0.051
272,	1,	7.0,	115.831,			1.607,			0.136,			0.053
273,	1,	126.0,	115.972,			2.957,			0.168,			0.059
274,	1,	387.0,	115.987,			1.417,			0.121,			0.051
275,	1,	120.0,	116.436,			1.151,			0.26,			0.054
276,	2,	100.0,	116.456,			14.424,			1.487,			0.164
277,	1,	512.0,	116.537,			2.187,			0.243,			0.055
278,	1,	30.0,	116.642,			2.303,			0.111,			0.051
279,	1,	95.0,	116.789,			1.768,			0.209,			0.054
280,	1,	379.0,	117.084,			1.217,			0.124,			0.06
281,	1,	7.0,	117.343,			2.09,			0.277,			0.059
282,	1,	498.0,	117.896,			1.424,			0.269,			0.055
283,	1,	512.0,	117.964,			1.557,			0.28,			0.059
284,	1,	6.0,	117.98,			1.263,			0.22,			0.058
285,	1,	10.0,	118.1,			1.009,			0.274,			0.054
286,	1,	559.0,	118.405,			1.45,			0.27,			0.059
287,	2,	158.0,	118.854,			11.589,			1.284,			0.112
288,	1,	157.0,	118.886,			2.283,			0.114,			0.056
289,	1,	30.0,	119.083,			1.169,			0.214,			0.059
290,	1,	7.0,	119.092,			1.191,			0.255,			0.05
291,	1,	447.0,	119.492,			2.685,			0.133,			0.051
292,	1,	49.0,	119.579,			1.485,			0.265,			0.053
293,	1,	49.0,	119.914,			2.446,			0.262,			0.057
294,	1,	7.0,	119.946,			1.467,			0.235,			0.055
295,	1,	157.0,	119.979,			1.883,			0.267,			0.05
296,	1,	169.0,	119.981,			2.601,			0.165,			0.059
297,	1,	44.0,	120.06,			1.801,			0.29,			0.053
298,	1,	379.0,	120.276,			2.879,			0.241,			0.058
299,	1,	44.0,	120.294,			2.827,			0.241,			0.058
300,	1,	379.0,	120.434,			1.981,			0.228,			0.057
301,	1,	7.0,	120.608,			2.427,			0.194,			0.054
302,	1,	7.0,	121.111,			2.509,			0.298,			0.057
303,	1,	447.0,	121.401,			1.941,			0.256,			0.058
304,	1,	10.0,	122.051,			2.148,			0.161,			0.052
305,	1,	90.0,	122.068,			2.727,			0.296,			0.053
306,	1,	387.0,	122.085,			2.418,			0.284,			0.06
307,	1,	95.0,	122.092,			1.266,			0.175,			0.052
308,	1,	512.0,	122.219,			2.606,			0.255,			0.054
309,	1,	146.0,	122.272,			1.386,			0.17,			0.054
310,	1,	7.0,	122.502,			2.43,			0.133,			0.057
311,	1,	13.0,	122.606,			2.085,			0.27,			0.06
312,	1,	13.0,	122.761,			2.888,			0.272,			0.054
313,	1,	103.0,	122.822,			2.686,			0.251,			0.059
314,	1,	7.0,	123.057,			1.639,			0.174,			0.059
315,	1,	559.0,	123.237,			2.872,			0.138,			0.059
316,	1,	214.0,	123.316,			2.491,			0.284,			0.056
317,	1,	95.0,	123.335,			1.883,			0.175,			0.059
318,	1,	95.0,	123.34,			2.43,			0.195,			0.057
319,	1,	103.0,	124.105,			1.092,			0.176,			0.057
320,	1,	7.0,	124.135,			2.02,			0.288,			0.057
321,	1,	512.0,	124.296,			2.386,			0.22,			0.06
322,	1,	6.0,	124.487,			2.418,			0.129,			0.054
323,	1,	13.0,	124.514,			2.226,			0.195,			0.056
324,	1,	512.0,	124.58,			2.832,			0.187,			0.056
325,	2,	122.0,	124.816,			10.475,			1.254,			0.124
326,	1,	498.0,	125.03,			2.149,			0.256,			0.055
327,	1,	157.0,	125.043,			1.86,			0.174,			0.053
328,	1,	59.0,	125.067,			2.324,			0.259,			0.059
329,	1,	214.0,	125.159,			2.645,			0.151,			0.054
330,	1,	95.0,	125.41,			1.907,			0.162,			0.055
331,	1,	498.0,	125.505,			1.491,			0.111,			0.056
332,	1,	498.0,	126.331,			2.225,			0.18,			0.05
333,	1,	103.0,	126.502,			2.991,			0.256,			0.053
334,	1,	214.0,	126.546,			1.083,			0.135,			0.054
335,	1,	120.0,	126.574,			1.786,			0.256,			0.052
336,	1,	10.0,	126.635,			1.571,			0.124,			0.058
337,	1,	90.0,	126.673,			1.353,			0.219,			0.059
338,	1,	6.0,	126.756,			1.458,			0.198,			0.05
339,	1,	169.0,	126.794,			1.442,			0.111,			0.051
340,	1,	44.0,	126.839,			1.169,			0.161,			0.05
341,	1,	6.0,	126.897,			2.22,			0.267,			0.056
342,	1,	447.0,	126.972,			2.26,			0.156,			0.055
343,	1,	59.0,	127.322,			1.683,			0.247,			0.052
344,	1,	387.0,	127.349,			1.358,			0.214,			0.059
345,	1,	379.0,	127.732,			1.051,			0.128,			0.054
346,	1,	95.0,	127.773,			2.393,			0.253,			0.057
347,	1,	447.0,	128.16,			2.241,			0.216,			0.053
348,	1,	447.0,	128.52,			1.61,			0.217,			0.054
349,	1,	90.0,	128.544,			2.861,			0.21,			0.057
350,	1,	447.0,	128.574,			1.356,			0.151,			0.052
351,	1,	157.0,	128.673,			1.61,			0.162,			0.056
352,	1,	447.0,	128.707,			2.786,			0.125,			0.052
353,	1,	44.0,	128.919,			2.598,			0.116,			0.057
354,	1,	44.0,	128.97,			2.116,			0.231,			0.057
355,	1,	559.0,	129.026,			2.614,			0.214,			0.057
356,	1,	447.0,	129.053,			2.889,			0.104,			0.057
357,	1,	44.0,	129.461,			1.12,			0.271,			0.056
358,	1,	214.0,	129.897,			1.26,			0.238,			0.057
359,	2,	365.0,	130.197,			14.967,			1.016,			0.133
360,	1,	126.0,	130.651,			2.14,			0.113,			0.059
361,	1,	49.0,	130.695,			1.144,			0.133,			0.057
362,	1,	13.0,	130.696,			1.01,			0.182,			0.06
363,	1,	44.0,	130.714,			2.465,			0.292,			0.056
364,	1,	214.0,	130.933,			2.038,			0.21,			0.052
365,	1,	157.0,	131.308,			1.769,			0.15,			0.051
366,	2,	89.0,	131.536,			12.447,			1.129,			0.104
367,	1,	44.0,	131.582,			1.731,			0.116,			0.051
368,	1,	103.0,	131.624,			2.025,			0.246,			0.06
369,	1,	10.0,	131.924,			2.627,			0.288,			0.055
370,	1,	7.0,	132.039,			2.776,			0.268,			0.055
371,	1,	44.0,	132.109,			2.398,			0.14,			0.06
372,	1,	49.0,	132.134,			2.346,			0.253,			0.055
373,	2,	215.0,	132.308,			13.225,			1.288,			0.188
374,	1,	559.0,	132.486,			1.36,			0.121,			0.059
375,	1,	379.0,	132.605,			1.092,			0.236,			0.052
376,	1,	44.0,	133.472,			1.941,			0.231,			0.052
377,	1,	169.0,	133.492,			1.302,			0.142,			0.052
378,	1,	13.0,	133.527,			1.499,			0.228,			0.056
379,	1,	447.0,	133.828,			1.014,			0.146,			0.056
380,	2,	107.0,	133.871,			10.573,			1.271,			0.191
381,	1,	512.0,	133.878,			2.92,			0.282,			0.053
382,	1,	44.0,	133.979,			1.825,			0.27,			0.053
383,	1,	214.0,	134.012,			1.071,			0.118,			0.058
384,	2,	305.0,	134.045,			12.165,			1.067,			0.101
385,	1,	103.0,	134.054,			1.681,			0.131,			0.059
386,	1,	13.0,	134.279,			2.366,			0.221,			0.055
387,	1,	512.0,	134.417,			2.298,			0.268,			0.059
388,	1,	44.0,	134.578,			2.579,			0.138,			0.054
389,	1,	157.0,	134.636,			1.104,			0.169,			0.055
390,	1,	44.0,	134.688,			1.962,			0.3,			0.06
391,	1,	10.0,	134.865,			2.102,			0.256,			0.057
392,	1,	30.0,	134.943,			2.852,			0.124,			0.056
393,	1,	28.0,	135.064,			1.334,			0.214,			0.053
394,	1,	512.0,	135.19,			2.276,			0.241,			0.052
395,	1,	103.0,	135.257,			1.625,			0.279,			0.058
396,	1,	214.0,	135.485,			1.86,			0.111,			0.058
397,	1,	214.0,	135.546,			2.727,			0.104,			0.051
398,	1,	6.0,	135.648,			2.598,			0.222,			0.059
399,	1,	10.0,	135.919,			1.424,			0.166,			0.052
400,	1,	7.0,	136.167,			1.386,			0.226,			0.055
401,	1,	447.0,	136.17,			2.057,			0.129,			0.051
402,	2,	152.0,	136.201,			14.82,			1.402,			0.2
403,	1,	7.0,	136.725,			2.449,			0.245,			0.051
404,	1,	146.0,	136.855,			2.652,			0.175,			0.051
405,	1,	90.0,	136.886,			2.541,			0.271,			0.057
406,	1,	44.0,	136.914,			1.46,			0.26,			0.052
407,	1,	6.0,	137.249,			2.404,			0.12,			0.055
408,	1,	512.0,	137.787,			2.598,			0.156,			0.055
409,	1,	6.0,	137.896,			2.408,			0.21,			0.06
410,	1,	28.0,	137.97,			1.625,			0.111,			0.054
411,	1,	16.0,	138.185,			2.866,			0.177,			0.056
412,	1,	16.0,	138.251,			1.406,			0.205,			0.052
413,	1,	13.0,	138.467,			1.35,			0.202,			0.052
414,	1,	7.0,	138.486,			2.628,			0.131,			0.055
415,	2,	197.0,	138.67,			11.059,			1.108,			0.152
416,	1,	447.0,	138.806,			1.442,			0.135,			0.055
417,	1,	214.0,	138.964,			1.289,			0.136,			0.059
418,	1,	7.0,	139.123,			1.703,			0.165,			0.052
419,	1,	10.0,	139.177,			2.645,			0.209,			0.052
420,	1,	49.0,	139.36,			2.555,			0.105,			0.053
421,	1,	49.0,	139.404,			2.318,			0.252,			0.053
422,	1,	7.0,	139.424,			2.642,			0.226,			0.055
423,	1,	146.0,	139.52,			2.857,			0.117,			0.057
424,	1,	214.0,	139.634,			1.083,			0.174,			0.058
425,	1,	214.0,	140.434,			1.043,			0.225,			0.059
426,	1,	44.0,	140.45,			2.404,			0.133,			0.051
427,	1,	169.0,	140.502,			2.068,			0.246,			0.052
428,	1,	7.0,	140.589,			1.612,			0.187,			0.057
429,	1,	559.0,	140.975,			1.933,			0.148,			0.058
430,	2,	109.0,	141.126,			13.06,			1.218,			0.183
431,	2,	127.0,	141.198,			13.345,			1.288,			0.177
432,	1,	13.0,	141.347,			2.703,			0.265,			0.057
433,	1,	10.0,	141.356,			1.303,			0.165,			0.055
434,	1,	90.0,	141.682,			1.748,			0.191,			0.059
435,	1,	13.0,	141.732,			2.016,			0.194,			0.054
436,	1,	44.0,	141.741,			1.844,			0.133,			0.052
437,	1,	95.0,	141.807,			1.97,			0.135,			0.053
438,	1,	146.0,	141.827,			2.91,			0.177,			0.054
439,	1,	95.0,	141.915,			2.465,			0.166,			0.058
440,	1,	512.0,	142.199,			1.178,			0.198,			0.051
441,	1,	10.0,	142.249,			2.148,			0.113,			0.057
442,	1,	13.0,	142.383,			2.449,			0.179,			0.052
443,	1,	559.0,	142.523,			2.686,			0.194,			0.055
444,	1,	379.0,	142.561,			2.316,			0.191,			0.055
445,	2,	142.0,	142.611,			14.152,			1.022,			0.129
446,	1,	49.0,	142.621,			1.024,			0.106,			0.053
447,	1,	6.0,	142.7,			2.085,			0.299,			0.055
448,	1,	16.0,	142.897,			2.244,			0.201,			0.06
449,	1,	10.0,	143.058,			2.726,			0.209,			0.052
450,	1,	7.0,	143.32,			2.879,			0.13,			0.051
451,	1,	498.0,	143.343,			1.371,			0.135,			0.057
452,	1,	498.0,	143.532,			1.844,			0.288,			0.056
453,	1,	95.0,	143.747,			1.523,			0.12,			0.051
454,	1,	7.0,	143.76,			1.356,			0.142,			0.06
455,	1,	49.0,	144.01,			1.988,			0.208,			0.058
456,	1,	559.0,	144.026,			2.889,			0.236,			0.059
457,	1,	6.0,	144.143,			1.104,			0.176,			0.053
458,	1,	13.0,	144.278,			2.92,			0.236,			0.058
459,	1,	95.0,	144.336,			2.932,			0.29,			0.06
460,	1,	30.0,	144.447,			2.735,			0.222,			0.058
461,	1,	90.0,	144.551,			1.985,			0.135,			0.052
462,	1,	7.0,	144.615,			2.154,			0.272,			0.057
463,	2,	193.0,	144.95,			14.934,			1.366,			0.125
464,	1,	157.0,	145.04,			2.407,			0.159,			0.058
465,	1,	447.0,	145.068,			2.486,			0.223,			0.052
466,	1,	7.0,	145.108,			1.909,			0.158,			0.053
467,	1,	10.0,	145.252,			1.104,			0.287,			0.055
468,	1,	7.0,	145.293,			2.559,			0.107,			0.053
469,	1,	7.0,	145.345,			1.27,			0.3,			0.054
470,	1,	387.0,	145.382,			1.263,			0.298,			0.053
471,	1,	146.0,	145.423,			1.482,			0.164,			0.056
472,	1,	30.0,	145.755,			1.083,			0.233,			0.05
473,	1,	214.0,	145.993,			1.581,			0.193,			0.052
474,	1,	103.0,	146.097,			2.986,			0.215,			0.052
475,	1,	146.0,	146.225,			2.084,			0.298,			0.05
476,	1,	157.0,	146.225,			2.569,			0.22,			0.055
477,	1,	447.0,	146.346,			1.289,			0.272,			0.057
478,	1,	90.0,	146.524,			1.158,			0.165,			0.057
479,	2,	189.0,	146.581,			10.72,			1.051,			0.151
480,	1,	10.0,	146.687,			2.776,			0.23,			0.059
481,	1,	44.0,	146.778,			2.351,			0.173,			0.057
482,	1,	126.0,	146.822,			2.454,			0.186,			0.055
483,	1,	95.0,	146.924,			1.249,			0.158,			0.057
484,	1,	7.0,	147.01,			2.565,			0.288,			0.058
485,	1,	6.0,	147.212,			2.78,			0.247,			0.053
486,	1,	169.0,	147.238,			1.22,			0.107,			0.058
487,	2,	114.0,	147.246,			12.02,			1.349,			0.2
488,	2,	176.0,	147.332,			13.174,			1.098,			0.107
489,	2,	175.0,	147.39,			12.909,			1.492,			0.186
490,	1,	49.0,	147.462,			2.509,			0.191,			0.059
491,	1,	214.0,	147.498,			2.316,			0.286,			0.055
492,	1,	44.0,	147.523,			1.362,			0.2,			0.055
493,	1,	103.0,	147.678,			2.102,			0.17,			0.056
494,	1,	7.0,	147.723,			1.912,			0.112,			0.056
495,	1,	512.0,	148.126,			1.99,			0.139,			0.053
496,	2,	151.0,	148.238,			13.899,			1.398,			0.125
497,	1,	512.0,	148.259,			1.515,			0.157,			0.054
498,	1,	7.0,	148.435,			1.965,			0.164,			0.057
499,	1,	447.0,	148.842,			1.728,			0.124,			0.06
500,	1,	7.0,	148.966,			2.58,			0.228,			0.058
501,	1,	59.0,	149.205,			1.083,			0.14,			0.058
502,	1,	10.0,	149.269,			1.367,			0.145,			0.053
503,	2,	166.0,	149.394,			12.438,			1.444,			0.108
504,	1,	379.0,	149.441,			1.247,			0.203,			0.055
505,	1,	59.0,	149.73,			1.962,			0.119,			0.052
506,	1,	7.0,	149.895,			1.484,			0.282,			0.05
507,	1,	379.0,	149.918,			2.056,			0.221,			0.06
508,	1,	6.0,	150.017,			2.565,			0.128,			0.052
509,	1,	512.0,	150.124,			2.555,			0.287,			0.056
510,	1,	30.0,	150.303,			2.5,			0.246,			0.053
511,	2,	141.0,	150.393,			11.598,			1.178,			0.133
512,	2,	131.0,	150.548,			14.424,			1.374,			0.148
513,	1,	13.0,	150.85,			2.068,			0.285,			0.056
514,	1,	7.0,	150.85,			1.302,			0.297,			0.054
515,	1,	10.0,	150.911,			1.489,			0.258,			0.052
516,	1,	512.0,	151.391,			1.448,			0.259,			0.057
517,	1,	95.0,	151.761,			1.669,			0.149,			0.057
518,	1,	512.0,	151.824,			1.187,			0.199,			0.059
519,	1,	512.0,	152.053,			2.148,			0.281,			0.053
520,	1,	214.0,	152.088,			1.532,			0.22,			0.054
521,	1,	7.0,	152.16,			1.86,			0.144,			0.053
522,	1,	44.0,	152.592,			2.198,			0.124,			0.053
523,	1,	49.0,	152.619,			2.96,			0.214,			0.056
524,	2,	205.0,	152.73,			11.036,			1.29,			0.136
525,	1,	28.0,	152.777,			2.41,			0.288,			0.056
526,	1,	6.0,	152.949,			2.928,			0.284,			0.059
527,	1,	7.0,	153.001,			2.802,			0.228,			0.06
528,	1,	387.0,	153.014,			2.2,			0.142,			0.06
529,	1,	447.0,	153.075,			2.601,			0.2,			0.054
530,	1,	28.0,	153.11,			2.328,			0.206,			0.05
531,	1,	146.0,	153.187,			1.075,			0.248,			0.056
532,	1,	44.0,	153.208,			2.438,			0.277,			0.051
533,	2,	126.0,	153.597,			13.911,			1.491,			0.19
534,	1,	13.0,	153.921,			2.972,			0.14,			0.053
535,	1,	559.0,	153.992,			2.969,			0.203,			0.05
536,	1,	120.0,	154.074,			2.795,			0.275,			0.055
537,	2,	147.0,	154.172,			14.187,			1.403,			0.16
538,	1,	146.0,	154.219,			1.84,			0.17,			0.06
539,	1,	13.0,	154.253,			1.128,			0.211,			0.055
540,	1,	7.0,	154.365,			1.112,			0.168,			0.055
541,	1,	512.0,	154.578,			2.018,			0.253,			0.059
542,	1,	7.0,	154.635,			2.787,			0.124,			0.059
543,	1,	146.0,	154.674,			1.052,			0.189,			0.055
544,	2,	218.0,	154.841,			13.664,			1.167,			0.136
545,	1,	13.0,	154.872,			1.25,			0.212,			0.053
546,	1,	512.0,	154.916,			1.963,			0.11,			0.059
547,	1,	13.0,	154.98,			2.772,			0.107,			0.055
548,	1,	10.0,	155.029,			2.123,			0.105,			0.058
549,	1,	169.0,	155.109,			2.31,			0.267,			0.05
550,	1,	6.0,	155.309,			1.783,			0.177,			0.054
551,	1,	387.0,	155.327,			2.461,			0.285,			0.052
552,	1,	387.0,	155.36,			2.702,			0.211,			0.059
553,	1,	6.0,	155.408,			1.679,			0.27,			0.055
554,	1,	169.0,	155.724,			1.991,			0.106,			0.057
555,	1,	59.0,	155.788,			1.67,			0.27,			0.053
556,	2,	59.0,	156.141,			11.433,			1.025,			0.165
557,	1,	120.0,	156.244,			1.981,			0.225,			0.052
558,	1,	512.0,	156.378,			1.305,			0.162,			0.052
559,	1,	6.0,	156.887,			1.203,			0.128,			0.052
560,	1,	387.0,	156.893,			1.9,			0.142,			0.051
561,	1,	49.0,	157.138,			1.071,			0.134,			0.051
562,	1,	90.0,	157.503,			2.647,			0.263,			0.051
563,	1,	7.0,	157.665,			1.752,			0.192,			0.058
564,	1,	379.0,	157.887,			1.774,			0.288,			0.054
565,	1,	146.0,	158.322,			1.799,			0.259,			0.059
566,	1,	559.0,	158.326,			2.1,			0.175,			0.051
567,	1,	7.0,	158.626,			2.914,			0.268,			0.051
568,	2,	205.0,	158.648,			11.994,			1.191,			0.137
569,	1,	120.0,	159.208,			1.422,			0.173,			0.06
570,	1,	30.0,	159.612,			1.681,			0.15,			0.051
571,	1,	157.0,	159.682,			1.879,			0.101,			0.054
572,	1,	120.0,	159.715,			1.009,			0.263,			0.056
573,	1,	7.0,	159.771,			2.928,			0.126,			0.059
574,	1,	10.0,	159.835,			1.706,			0.212,			0.052
575,	1,	6.0,	160.183,			2.759,			0.268,			0.06
576,	1,	28.0,	160.411,			2.711,			0.108,			0.051
577,	1,	44.0,	160.497,			2.56,			0.161,			0.06
578,	1,	49.0,	160.541,			2.786,			0.217,			0.057
579,	1,	559.0,	160.743,			1.482,			0.281,			0.06
580,	1,	44.0,	160.79,			1.554,			0.105,			0.059
581,	1,	30.0,	160.974,			1.932,			0.234,			0.051
582,	2,	166.0,	161.054,			11.677,			1.207,			0.173
583,	2,	117.0,	161.099,			12.331,			1.481,			0.148
584,	1,	90.0,	161.365,			1.011,			0.27,			0.054
585,	1,	59.0,	161.805,			1.092,			0.195,			0.055
586,	1,	6.0,	161.839,			1.719,			0.152,			0.058
587,	2,	291.0,	161.923,			11.706,			1.02,			0.128
588,	1,	126.0,	161.927,			1.051,			0.212,			0.052
589,	1,	95.0,	161.949,			1.539,			0.114,			0.053
590,	1,	7.0,	162.032,			2.301,			0.134,			0.059
591,	1,	95.0,	162.099,			2.322,			0.29,			0.051
592,	1,	169.0,	162.29,			1.269,			0.215,			0.052
593,	1,	49.0,	162.341,			1.126,			0.228,			0.05
594,	1,	10.0,	162.39,			1.864,			0.135,			0.057
595,	1,	559.0,	162.578,			1.702,			0.141,			0.051
596,	2,	208.0,	163.306,			11.886,			1.481,			0.146
597,	1,	10.0,	163.547,			1.868,			0.179,			0.059
598,	1,	7.0,	163.663,			1.009,			0.124,			0.058
599,	1,	95.0,	163.705,			1.947,			0.258,			0.051
600,	1,	157.0,	163.724,			2.305,			0.176,			0.057
601,	1,	559.0,	164.228,			1.188,			0.124,			0.057
602,	1,	120.0,	164.681,			1.232,			0.237,			0.057
603,	1,	7.0,	164.821,			2.777,			0.292,			0.052
604,	2,	118.0,	164.826,			10.463,			1.056,			0.131
605,	1,	146.0,	164.919,			1.277,			0.221,			0.053
606,	2,	254.0,	165.108,			13.225,			1.244,			0.163
607,	2,	241.0,	165.147,			12.615,			1.111,			0.104
608,	1,	6.0,	165.188,			1.266,			0.206,			0.056
609,	1,	44.0,	165.196,			2.01,			0.222,			0.056
610,	1,	16.0,	165.34,			1.116,			0.192,			0.057
611,	2,	270.0,	165.443,			13.346,			1.023,			0.117
612,	1,	90.0,	165.583,			2.726,			0.122,			0.054
613,	1,	7.0,	165.628,			2.711,			0.109,			0.058
614,	2,	119.0,	165.78,			10.177,			1.398,			0.188
615,	1,	146.0,	165.812,			1.988,			0.283,			0.057
616,	1,	559.0,	165.858,			1.515,			0.249,			0.06
617,	1,	387.0,	165.876,			1.637,			0.161,			0.052
618,	1,	146.0,	166.064,			1.662,			0.262,			0.058
619,	1,	512.0,	166.213,			1.807,			0.116,			0.052
620,	2,	64.0,	166.333,			14.172,			1.411,			0.101
621,	1,	169.0,	166.41,			1.445,			0.149,			0.057
622,	2,	102.0,	166.879,			12.691,			1.275,			0.137
623,	2,	83.0,	166.92,			14.692,			1.456,			0.171
624,	1,	146.0,	167.562,			1.27,			0.146,			0.056
625,	1,	559.0,	167.65,			2.939,			0.255,			0.053
626,	1,	7.0,	167.748,			2.827,			0.279,			0.06
627,	1,	44.0,	167.876,			2.369,			0.244,			0.053
628,	1,	103.0,	168.196,			1.356,			0.155,			0.054
629,	1,	44.0,	168.411,			2.084,			0.154,			0.057
630,	1,	28.0,	168.568,			1.282,			0.251,			0.055
631,	1,	7.0,	168.59,			2.479,			0.209,			0.06
632,	1,	6.0,	168.88,			1.748,			0.189,			0.05
633,	1,	90.0,	168.934,			1.643,			0.157,			0.052
634,	2,	152.0,	169.197,			14.646,			1.165,			0.137
635,	1,	30.0,	169.318,			2.568,			0.203,			0.059
636,	1,	10.0,	169.342,			2.282,			0.117,			0.058
637,	1,	7.0,	169.363,			2.717,			0.265,			0.055
638,	1,	6.0,	169.404,			2.085,			0.101,			0.053
639,	1,	7.0,	169.643,			2.345,			0.106,			0.051
640,	1,	512.0,	169.726,			2.415,			0.175,			0.056
641,	2,	168.0,	169.872,			11.339,			1.304,			0.101
642,	1,	13.0,	170.007,			2.366,			0.284,			0.051
643,	1,	16.0,	170.16,			2.864,			0.202,			0.054
644,	1,	379.0,	170.287,			2.148,			0.2,			0.052
645,	1,	6.0,	170.337,			1.317,			0.113,			0.052
646,	1,	214.0,	170.359,			1.694,			0.216,			0.054
647,	1,	16.0,	170.369,			2.08,			0.175,			0.052
648,	1,	6.0,	170.584,			2.388,			0.103,			0.056
649,	1,	44.0,	170.65,			1.327,			0.187,			0.058
650,	1,	169.0,	170.818,			2.588,			0.221,			0.05
651,	1,	59.0,	171.365,			1.991,			0.111,			0.051
652,	1,	30.0,	171.515,			2.235,			0.283,			0.051
653,	1,	59.0,	171.685,			2.776,			0.242,			0.057
654,	1,	103.0,	171.875,			2.651,			0.279,			0.055
655,	1,	44.0,	171.897,			1.972,			0.275,			0.053
656,	1,	49.0,	172.005,			1.694,			0.299,			0.058
657,	1,	512.0,	172.183,			1.486,			0.265,			0.06
658,	1,	90.0,	172.475,			2.459,			0.231,			0.059
659,	1,	90.0,	172.571,			1.478,			0.295,			0.058
660,	2,	125.0,	172.875,			12.876,			1.124,			0.154
661,	1,	28.0,	172.88,			1.709,			0.205,			0.056
662,	1,	7.0,	173.494,			2.148,			0.245,			0.052
663,	1,	169.0,	173.552,			2.358,			0.132,			0.055
664,	1,	146.0,	173.715,			2.037,			0.133,			0.056
665,	1,	103.0,	174.02,			1.119,			0.269,			0.059
666,	1,	169.0,	174.075,			2.098,			0.261,			0.055
667,	1,	49.0,	174.078,			1.078,			0.176,			0.053
668,	1,	157.0,	174.145,			1.464,			0.123,			0.051
669,	1,	59.0,	174.222,			2.618,			0.224,			0.056
670,	1,	7.0,	174.321,			2.407,			0.279,			0.056
671,	1,	7.0,	174.433,			2.358,			0.242,			0.057
672,	1,	126.0,	174.449,			1.679,			0.129,			0.057
673,	1,	157.0,	174.66,			2.425,			0.128,			0.054
674,	2,	246.0,	175.094,			14.197,			1.1,			0.13
675,	1,	214.0,	175.103,			2.759,			0.153,			0.051
676,	2,	177.0,	175.114,			13.135,			1.196,			0.125
677,	1,	120.0,	175.682,			2.819,			0.178,			0.05
678,	1,	95.0,	175.71,			2.366,			0.292,			0.053
679,	2,	126.0,	175.988,			14.117,			1.275,			0.136
680,	1,	214.0,	176.017,			2.465,			0.298,			0.055
681,	1,	447.0,	176.369,			2.862,			0.26,			0.059
682,	1,	379.0,	176.396,			1.595,			0.145,			0.054
683,	1,	95.0,	176.399,			1.028,			0.107,			0.055
684,	1,	559.0,	176.656,			1.114,			0.17,			0.054
685,	1,	28.0,	176.942,			1.61,			0.237,			0.051
686,	1,	6.0,	177.216,			2.318,			0.206,			0.059
687,	1,	7.0,	177.259,			2.427,			0.211,			0.057
688,	1,	512.0,	178.168,			1.683,			0.275,			0.056
689,	1,	120.0,	178.425,			1.473,			0.223,			0.053
690,	2,	79.0,	178.574,			10.4,			1.0,			0.2
691,	1,	95.0,	178.599,			1.482,			0.222,			0.054
692,	1,	7.0,	178.698,			2.759,			0.192,			0.057
693,	1,	126.0,	178.993,			2.225,			0.262,			0.057
694,	1,	7.0,	179.529,			2.88,			0.112,			0.058
695,	2,	160.0,	179.696,			13.613,			1.304,			0.155
696,	1,	16.0,	180.036,			2.154,			0.19,			0.06
697,	2,	150.0,	180.189,			10.27,			1.443,			0.111
698,	1,	7.0,	180.236,			1.912,			0.189,			0.059
699,	1,	59.0,	180.403,			1.173,			0.142,			0.056
700,	1,	6.0,	180.565,			2.122,			0.215,			0.051
701,	1,	28.0,	180.667,			2.87,			0.216,			0.058
702,	2,	134.0,	180.876,			11.186,			1.361,			0.152
703,	1,	90.0,	181.143,			2.427,			0.254,			0.052
704,	2,	122.0,	181.251,			11.581,			1.141,			0.106
705,	1,	379.0,	181.317,			1.625,			0.207,			0.054
706,	1,	379.0,	181.393,			2.623,			0.169,			0.057
707,	1,	95.0,	181.414,			2.11,			0.296,			0.056
708,	1,	44.0,	181.444,			1.662,			0.14,			0.052
709,	1,	157.0,	181.456,			2.279,			0.208,			0.054
710,	1,	44.0,	181.498,			2.627,			0.228,			0.053
711,	1,	559.0,	181.568,			1.485,			0.256,			0.057
712,	1,	146.0,	181.662,			1.166,			0.156,			0.053
713,	1,	49.0,	181.668,			1.279,			0.215,			0.059
714,	1,	7.0,	182.106,			1.859,			0.146,			0.054
715,	1,	146.0,	182.57,			1.158,			0.191,			0.052
716,	1,	95.0,	182.713,			2.194,			0.247,			0.058
717,	1,	10.0,	182.931,			2.928,			0.234,			0.05
718,	1,	7.0,	183.156,			1.566,			0.293,			0.055
719,	1,	103.0,	183.296,			1.472,			0.298,			0.059
720,	2,	257.0,	183.535,			13.79,			1.398,			0.198
721,	1,	447.0,	183.73,			2.751,			0.145,			0.057
722,	1,	157.0,	183.987,			2.524,			0.182,			0.058
723,	1,	447.0,	184.042,			1.304,			0.189,			0.055
724,	1,	7.0,	184.386,			2.449,			0.211,			0.052
725,	2,	135.0,	184.402,			13.958,			1.426,			0.111
726,	1,	498.0,	184.418,			1.425,			0.298,			0.057
727,	1,	16.0,	184.423,			2.404,			0.279,			0.051
728,	1,	559.0,	184.476,			2.441,			0.135,			0.052
729,	2,	148.0,	184.581,			12.184,			1.381,			0.103
730,	2,	144.0,	184.613,			13.297,			1.262,			0.119
731,	1,	559.0,	184.709,			1.985,			0.13,			0.057
732,	1,	30.0,	185.279,			2.184,			0.135,			0.057
733,	1,	146.0,	185.307,			1.431,			0.281,			0.053
734,	1,	13.0,	185.373,			2.974,			0.199,			0.06
735,	1,	157.0,	186.032,			2.418,			0.281,			0.051
736,	1,	7.0,	186.418,			2.947,			0.22,			0.054
737,	1,	6.0,	186.442,			2.013,			0.235,			0.058
738,	1,	379.0,	187.602,			1.031,			0.267,			0.06
739,	1,	7.0,	187.694,			2.28,			0.297,			0.05
740,	2,	149.0,	187.79,			14.767,			1.219,			0.121
741,	1,	30.0,	187.805,			2.065,			0.183,			0.056
742,	1,	16.0,	188.049,			1.601,			0.166,			0.06
743,	1,	28.0,	188.068,			1.478,			0.113,			0.051
744,	1,	559.0,	188.509,			1.566,			0.144,			0.055
745,	1,	6.0,	188.571,			2.487,			0.287,			0.053
746,	1,	447.0,	188.807,			1.307,			0.246,			0.059
747,	1,	7.0,	189.021,			1.731,			0.124,			0.053
748,	1,	120.0,	189.12,			1.403,			0.206,			0.053
749,	1,	7.0,	189.13,			2.777,			0.165,			0.058
750,	1,	498.0,	189.215,			1.111,			0.151,			0.055
751,	1,	16.0,	189.387,			2.56,			0.136,			0.051
752,	1,	44.0,	189.503,			1.774,			0.232,			0.06
753,	1,	44.0,	190.255,			1.525,			0.255,			0.06
754,	1,	512.0,	190.284,			2.627,			0.158,			0.059
755,	1,	103.0,	190.324,			2.278,			0.247,			0.06
756,	2,	142.0,	190.451,			12.924,			1.437,			0.112
757,	1,	30.0,	190.462,			2.651,			0.282,			0.051
758,	1,	95.0,	190.626,			2.388,			0.287,			0.054
759,	1,	146.0,	190.675,			2.181,			0.116,			0.051
760,	1,	7.0,	191.324,			2.893,			0.104,			0.051
761,	1,	6.0,	191.33,			2.379,			0.288,			0.051
762,	1,	13.0,	191.542,			2.542,			0.106,			0.058
763,	1,	59.0,	191.654,			1.406,			0.121,			0.052
764,	1,	559.0,	191.744,			1.327,			0.147,			0.058
765,	1,	95.0,	191.832,			2.637,			0.147,			0.057
766,	1,	90.0,	192.148,			1.791,			0.299,			0.051
767,	1,	7.0,	192.782,			2.798,			0.161,			0.056
768,	1,	379.0,	192.978,			1.941,			0.101,			0.051
769,	1,	146.0,	193.21,			1.708,			0.166,			0.053
770,	1,	146.0,	193.228,			2.8,			0.214,			0.052
771,	1,	214.0,	193.289,			1.245,			0.247,			0.05
772,	1,	146.0,	193.35,			1.481,			0.182,			0.057
773,	1,	90.0,	193.36,			2.659,			0.208,			0.056
774,	1,	498.0,	193.712,			1.166,			0.131,			0.058
775,	2,	147.0,	193.737,			14.889,			1.183,			0.167
776,	1,	6.0,	193.744,			1.204,			0.109,			0.059
777,	1,	447.0,	193.827,			1.499,			0.25,			0.058
778,	1,	7.0,	194.052,			2.813,			0.197,			0.055
779,	1,	157.0,	194.067,			1.411,			0.11,			0.054
780,	1,	103.0,	194.282,			1.86,			0.142,			0.051
781,	1,	214.0,	194.317,			1.707,			0.298,			0.052
782,	1,	13.0,	194.372,			1.12,			0.215,			0.055
783,	1,	28.0,	194.48,			1.581,			0.152,			0.05
784,	2,	73.0,	194.672,			10.984,			1.409,			0.112
785,	1,	49.0,	196.138,			1.22,			0.235,			0.054
786,	1,	169.0,	196.568,			1.229,			0.293,			0.059
787,	1,	447.0,	196.834,			2.11,			0.133,			0.05
788,	1,	7.0,	196.911,			1.014,			0.145,			0.058
789,	2,	209.0,	196.944,			10.064,			1.322,			0.129
790,	2,	208.0,	197.003,			14.918,			1.103,			0.157
791,	1,	512.0,	197.245,			1.191,			0.227,			0.056
792,	1,	28.0,	197.611,			2.838,			0.205,			0.059
793,	1,	498.0,	197.802,			1.155,			0.194,			0.051
794,	1,	13.0,	198.982,			1.417,			0.195,			0.059
795,	2,	112.0,	199.082,			10.099,			1.353,			0.117
796,	1,	90.0,	199.141,			1.651,			0.13,			0.053
797,	2,	76.0,	199.24,			12.401,			1.388,			0.16
798,	1,	30.0,	199.287,			1.708,			0.188,			0.052
799,	1,	6.0,	199.54,			2.916,			0.13,			0.059
800,	1,	120.0,	199.601,			1.471,			0.161,			0.05
801,	1,	498.0,	199.616,			2.31,			0.289,			0.053
802,	1,	10.0,	200.338,			1.825,			0.185,			0.057
803,	1,	379.0,	200.482,			2.681,			0.187,			0.052
804,	1,	103.0,	201.018,			1.843,			0.217,			0.05
805,	1,	6.0,	201.416,			1.703,			0.152,			0.051
806,	1,	379.0,	201.516,			1.204,			0.109,			0.051
807,	1,	126.0,	201.797,			2.388,			0.291,			0.06
808,	1,	95.0,	201.853,			2.051,			0.209,			0.051
809,	1,	6.0,	202.629,			1.809,			0.141,			0.059
810,	1,	90.0,	202.633,			2.712,			0.103,			0.05
811,	1,	44.0,	202.693,			1.643,			0.167,			0.058
812,	1,	6.0,	202.81,			1.382,			0.162,			0.057
813,	1,	447.0,	203.196,			1.915,			0.191,			0.052
814,	1,	146.0,	203.364,			1.076,			0.185,			0.053
815,	1,	90.0,	203.475,			1.985,			0.156,			0.054
816,	1,	7.0,	203.729,			1.86,			0.202,			0.057
817,	1,	6.0,	203.878,			2.414,			0.249,			0.052
818,	1,	146.0,	204.007,			1.128,			0.234,			0.058
819,	1,	498.0,	204.008,			2.235,			0.19,			0.054
820,	1,	6.0,	204.071,			1.071,			0.151,			0.052
821,	1,	44.0,	204.26,			1.313,			0.243,			0.054
822,	1,	157.0,	204.713,			2.681,			0.289,			0.055
823,	1,	44.0,	204.951,			1.448,			0.209,			0.053
824,	2,	230.0,	205.193,			11.059,			1.233,			0.107
825,	1,	7.0,	205.216,			1.128,			0.15,			0.05
826,	1,	7.0,	205.307,			1.266,			0.117,			0.056
827,	1,	559.0,	205.813,			1.007,			0.152,			0.05
828,	1,	7.0,	206.356,			2.8,			0.241,			0.058
829,	1,	146.0,	206.472,			1.963,			0.12,			0.056
830,	1,	44.0,	206.474,			2.398,			0.161,			0.058
831,	1,	6.0,	206.945,			1.669,			0.283,			0.052
832,	1,	157.0,	207.063,			1.071,			0.209,			0.059
833,	1,	16.0,	207.077,			2.955,			0.221,			0.059
834,	1,	498.0,	207.119,			1.097,			0.122,			0.055
835,	1,	30.0,	207.882,			2.187,			0.142,			0.051
836,	1,	146.0,	207.929,			2.896,			0.207,			0.05
837,	1,	44.0,	208.003,			2.802,			0.112,			0.059
838,	1,	387.0,	208.22,			2.717,			0.198,			0.058
839,	1,	146.0,	208.469,			2.02,			0.113,			0.053
840,	1,	13.0,	208.771,			1.35,			0.202,			0.051
841,	2,	206.0,	209.674,			11.3,			1.1,			0.105
842,	1,	559.0,	209.729,			1.828,			0.198,			0.056
843,	2,	94.0,	209.998,			14.716,			1.335,			0.118
844,	1,	6.0,	210.055,			2.652,			0.287,			0.058
845,	1,	90.0,	210.158,			2.465,			0.262,			0.06
846,	1,	512.0,	210.321,			1.947,			0.239,			0.059
847,	1,	7.0,	210.61,			2.155,			0.114,			0.054
848,	1,	498.0,	210.854,			1.116,			0.233,			0.057
849,	2,	134.0,	211.07,			10.782,			1.35,			0.169
850,	1,	7.0,	211.085,			2.057,			0.257,			0.052
851,	1,	498.0,	211.163,			1.083,			0.225,			0.059
852,	1,	28.0,	211.168,			1.821,			0.22,			0.05
853,	1,	7.0,	211.392,			1.915,			0.149,			0.056
854,	1,	512.0,	211.843,			1.853,			0.126,			0.056
855,	1,	157.0,	212.171,			1.515,			0.118,			0.052
856,	1,	103.0,	212.505,			1.103,			0.133,			0.06
857,	1,	7.0,	212.833,			2.686,			0.211,			0.058
858,	1,	16.0,	212.979,			1.522,			0.247,			0.057
859,	1,	120.0,	213.091,			1.467,			0.145,			0.057
860,	1,	157.0,	213.435,			2.265,			0.214,			0.053
861,	2,	287.0,	213.671,			14.43,			1.047,			0.102
862,	1,	7.0,	213.889,			2.706,			0.212,			0.055
863,	1,	103.0,	214.053,			2.926,			0.256,			0.06
864,	1,	10.0,	214.519,			1.472,			0.272,			0.052
865,	1,	559.0,	214.704,			1.17,			0.237,			0.053
866,	1,	7.0,	214.918,			1.097,			0.293,			0.06
867,	1,	6.0,	214.996,			1.857,			0.163,			0.057
868,	2,	195.0,	215.01,			14.721,			1.24,			0.153
869,	1,	126.0,	215.239,			1.096,			0.206,			0.056
870,	1,	146.0,	216.084,			1.969,			0.215,			0.054
871,	1,	6.0,	216.237,			1.116,			0.253,			0.058
872,	1,	7.0,	216.426,			2.974,			0.207,			0.056
873,	2,	151.0,	216.987,			10.177,			1.244,			0.113
874,	1,	379.0,	217.059,			2.834,			0.254,			0.051
875,	1,	44.0,	217.183,			1.071,			0.238,			0.052
876,	1,	512.0,	217.359,			2.103,			0.281,			0.055
877,	2,	145.0,	217.462,			12.183,			1.403,			0.134
878,	1,	7.0,	217.873,			2.415,			0.236,			0.053
879,	1,	7.0,	217.9,			1.472,			0.198,			0.052
880,	1,	120.0,	218.073,			2.427,			0.217,			0.05
881,	1,	6.0,	218.829,			2.581,			0.109,			0.059
882,	1,	7.0,	218.875,			2.751,			0.26,			0.054
883,	1,	90.0,	219.113,			1.844,			0.122,			0.053
884,	1,	7.0,	219.15,			2.765,			0.168,			0.055
885,	1,	30.0,	219.761,			2.057,			0.219,			0.057
886,	1,	214.0,	219.895,			1.46,			0.235,			0.057
887,	2,	127.0,	220.18,			13.612,			1.421,			0.113
888,	1,	10.0,	220.509,			2.14,			0.285,			0.052
889,	1,	95.0,	220.65,			1.07,			0.238,			0.052
890,	1,	387.0,	221.163,			2.454,			0.135,			0.052
891,	2,	290.0,	221.276,			11.92,			1.058,			0.114
892,	1,	169.0,	222.536,			2.914,			0.238,			0.058
893,	2,	127.0,	223.65,			12.304,			1.03,			0.18
894,	1,	7.0,	224.341,			1.435,			0.272,			0.051
895,	1,	512.0,	225.166,			1.061,			0.195,			0.056
896,	2,	139.0,	225.17,			13.101,			1.303,			0.17
897,	1,	30.0,	225.423,			1.766,			0.257,			0.056
898,	1,	59.0,	225.48,			1.447,			0.272,			0.059
899,	1,	512.0,	226.214,			1.532,			0.212,			0.054
900,	1,	16.0,	226.461,			1.302,			0.135,			0.057
901,	1,	28.0,	227.19,			2.461,			0.284,			0.05
902,	2,	206.0,	227.542,			13.129,			1.024,			0.189
903,	2,	173.0,	227.762,			13.587,			1.35,			0.122
904,	1,	44.0,	227.988,			2.799,			0.139,			0.054
905,	1,	146.0,	228.0,			1.423,			0.143,			0.051
906,	1,	44.0,	228.844,			1.805,			0.167,			0.053
907,	1,	120.0,	229.326,			2.398,			0.164,			0.054
908,	1,	7.0,	229.685,			2.686,			0.252,			0.056
909,	1,	6.0,	229.898,			2.293,			0.272,			0.055
910,	2,	103.0,	230.253,			11.73,			1.343,			0.162
911,	1,	44.0,	230.92,			2.386,			0.284,			0.051
912,	1,	90.0,	231.644,			2.153,			0.119,			0.057
913,	1,	6.0,	231.699,			1.64,			0.225,			0.058
914,	1,	387.0,	232.698,			1.008,			0.142,			0.054
915,	1,	95.0,	233.46,			1.977,			0.199,			0.055
916,	2,	151.0,	233.799,			10.067,			1.235,			0.195
917,	1,	44.0,	233.838,			2.323,			0.177,			0.052
918,	2,	228.0,	234.285,			13.135,			1.075,			0.12
919,	2,	78.0,	234.531,			12.594,			1.427,			0.149
920,	1,	30.0,	234.942,			2.614,			0.288,			0.059
921,	1,	30.0,	235.823,			2.323,			0.21,			0.056
922,	1,	120.0,	235.909,			1.092,			0.165,			0.055
923,	1,	59.0,	235.978,			2.765,			0.29,			0.056
924,	1,	95.0,	236.304,			1.587,			0.122,			0.053
925,	2,	236.0,	236.479,			11.876,			1.477,			0.173
926,	1,	7.0,	237.397,			2.556,			0.2,			0.057
927,	2,	126.0,	237.534,			11.11,			1.285,			0.112
928,	1,	7.0,	237.688,			2.901,			0.286,			0.057
929,	2,	69.0,	238.413,			11.276,			1.456,			0.142
930,	2,	134.0,	239.675,			13.061,			1.018,			0.16
931,	1,	49.0,	240.608,			2.509,			0.199,			0.059
932,	1,	559.0,	240.797,			2.653,			0.176,			0.056
933,	2,	132.0,	240.951,			14.157,			1.438,			0.11
934,	2,	124.0,	240.996,			14.337,			1.341,			0.142
935,	2,	180.0,	241.88,			14.002,			1.271,			0.101
936,	2,	187.0,	241.946,			11.036,			1.053,			0.125
937,	1,	7.0,	242.477,			2.8,			0.134,			0.056
938,	1,	157.0,	242.588,			1.807,			0.188,			0.059
939,	2,	141.0,	243.171,			11.124,			1.058,			0.114
940,	2,	79.0,	243.96,			10.286,			1.461,			0.176
941,	1,	95.0,	245.676,			1.217,			0.194,			0.057
942,	2,	314.0,	246.842,			11.756,			1.423,			0.104
943,	1,	7.0,	247.405,			2.616,			0.192,			0.051
944,	2,	112.0,	247.461,			12.967,			1.362,			0.138
945,	1,	498.0,	248.767,			1.044,			0.103,			0.055
946,	2,	120.0,	249.02,			12.789,			1.176,			0.13
947,	1,	30.0,	249.504,			2.194,			0.187,			0.055
948,	1,	498.0,	249.679,			2.661,			0.253,			0.051
949,	2,	105.0,	251.266,			11.709,			1.268,			0.101
950,	2,	229.0,	252.415,			10.909,			1.439,			0.156
951,	2,	83.0,	252.87,			13.575,			1.426,			0.198
952,	1,	498.0,	254.143,			2.144,			0.133,			0.06
953,	2,	232.0,	254.889,			11.059,			1.413,			0.133
954,	1,	44.0,	255.063,			2.014,			0.162,			0.054
955,	1,	95.0,	255.126,			1.437,			0.274,			0.058
956,	1,	95.0,	255.337,			2.232,			0.189,			0.054
957,	1,	49.0,	256.637,			2.26,			0.239,			0.051
958,	2,	226.0,	257.874,			10.669,			1.108,			0.139
959,	1,	126.0,	258.695,			1.173,			0.16,			0.055
960,	2,	185.0,	259.256,			13.979,			1.268,			0.151
961,	2,	119.0,	262.45,			12.761,			1.177,			0.169
962,	1,	16.0,	262.489,			1.921,			0.165,			0.055
963,	2,	91.0,	262.601,			11.598,			1.008,			0.149
964,	2,	91.0,	263.616,			12.144,			1.011,			0.105
965,	2,	223.0,	266.338,			14.204,			1.376,			0.118
966,	2,	134.0,	266.497,			11.494,			1.065,			0.186
967,	2,	118.0,	268.649,			14.814,			1.051,			0.124
968,	2,	116.0,	268.684,			10.661,			1.07,			0.2
969,	2,	205.0,	268.747,			12.046,			1.026,			0.189
970,	1,	512.0,	270.56,			2.554,			0.156,			0.053
971,	2,	238.0,	271.134,			10.808,			1.456,			0.149
972,	1,	146.0,	271.225,			1.919,			0.299,			0.054
973,	2,	102.0,	271.331,			13.596,			1.468,			0.149
974,	2,	142.0,	273.576,			10.117,			1.12,			0.121
975,	2,	116.0,	273.721,			10.316,			1.296,			0.196
976,	2,	182.0,	275.37,			12.79,			1.166,			0.161
977,	1,	120.0,	276.695,			2.901,			0.223,			0.052
978,	2,	126.0,	276.7,			12.438,			1.038,			0.119
979,	2,	127.0,	277.172,			11.059,			1.433,			0.143
980,	2,	178.0,	277.208,			11.649,			1.147,			0.143
981,	1,	13.0,	278.955,			2.957,			0.152,			0.059
982,	1,	512.0,	281.62,			2.366,			0.236,			0.056
983,	1,	28.0,	282.662,			1.631,			0.121,			0.054
984,	2,	134.0,	283.684,			13.648,			1.28,			0.149
985,	2,	158.0,	283.892,			10.177,			1.073,			0.107
986,	2,	181.0,	285.149,			12.421,			1.453,			0.193
987,	2,	131.0,	286.293,			10.758,			1.219,			0.123
988,	2,	347.0,	286.61,			10.666,			1.299,			0.116
989,	2,	174.0,	287.413,			11.661,			1.468,			0.123
990,	2,	80.0,	289.021,			10.886,			1.367,			0.169
991,	2,	235.0,	291.215,			11.34,			1.471,			0.1
992,	2,	236.0,	292.877,			10.721,			1.111,			0.182
993,	2,	141.0,	293.435,			11.383,			1.244,			0.195
994,	2,	166.0,	293.455,			13.45,			1.169,			0.157
995,	2,	187.0,	294.007,			12.346,			1.28,			0.136
996,	2,	208.0,	296.552,			10.399,			1.171,			0.143
997,	1,	59.0,	297.247,			2.544,			0.198,			0.054
998,	2,	139.0,	297.664,			12.615,			1.305,			0.151
999,	2,	94.0,	298.69,			11.717,			1.332,			0.135
1000,	1,	103.0,	300.0,			1.343,			0.249,			0.056
