#, task_type_id, size, arrival_time,	execution_time_cpu,	execution_time_gpu,	execution_time_CLOUD
1,	1,	6.0,	0.0,			1.289,			0.168,			0.056
2,	2,	215.0,	7.205,			12.738,			1.397,			0.113
3,	2,	157.0,	7.28,			11.591,			1.191,			0.198
4,	1,	7.0,	7.806,			1.807,			0.28,			0.054
5,	2,	194.0,	8.799,			12.192,			1.491,			0.106
6,	2,	229.0,	8.919,			13.174,			1.44,			0.198
7,	2,	166.0,	10.698,			14.45,			1.116,			0.121
8,	2,	133.0,	11.181,			10.6,			1.417,			0.19
9,	2,	117.0,	13.954,			14.219,			1.037,			0.194
10,	2,	250.0,	14.207,			14.272,			1.411,			0.137
11,	1,	146.0,	14.405,			1.748,			0.173,			0.051
12,	2,	215.0,	14.833,			14.45,			1.389,			0.111
13,	2,	144.0,	16.59,			12.351,			1.074,			0.184
14,	1,	512.0,	17.32,			1.639,			0.133,			0.053
15,	2,	334.0,	19.47,			12.134,			1.058,			0.189
16,	2,	110.0,	20.536,			13.386,			1.049,			0.171
17,	2,	141.0,	23.332,			12.242,			1.22,			0.173
18,	2,	173.0,	25.627,			11.028,			1.391,			0.131
19,	2,	181.0,	26.623,			11.124,			1.102,			0.169
20,	1,	28.0,	26.868,			1.424,			0.24,			0.06
21,	2,	180.0,	30.219,			12.976,			1.285,			0.19
22,	2,	109.0,	30.96,			14.582,			1.456,			0.179
23,	2,	133.0,	31.794,			13.3,			1.035,			0.195
24,	2,	273.0,	32.017,			12.33,			1.117,			0.178
25,	2,	68.0,	32.889,			11.335,			1.012,			0.164
26,	1,	7.0,	33.391,			1.742,			0.294,			0.059
27,	2,	139.0,	34.135,			11.611,			1.077,			0.157
28,	1,	103.0,	35.627,			1.631,			0.133,			0.054
29,	2,	127.0,	36.106,			10.621,			1.129,			0.152
30,	1,	59.0,	36.188,			1.327,			0.249,			0.053
31,	1,	44.0,	36.302,			1.561,			0.135,			0.053
32,	1,	44.0,	36.328,			1.169,			0.252,			0.055
33,	1,	28.0,	37.61,			1.279,			0.176,			0.051
34,	1,	28.0,	37.69,			2.181,			0.199,			0.051
35,	1,	169.0,	40.03,			1.715,			0.294,			0.056
36,	2,	127.0,	41.056,			11.091,			1.191,			0.178
37,	1,	49.0,	41.165,			2.088,			0.248,			0.054
38,	1,	559.0,	41.445,			1.841,			0.146,			0.057
39,	2,	130.0,	42.283,			11.091,			1.182,			0.146
40,	1,	7.0,	43.193,			1.682,			0.286,			0.056
41,	2,	169.0,	43.334,			14.692,			1.224,			0.143
42,	2,	196.0,	44.033,			12.591,			1.311,			0.113
43,	1,	95.0,	44.479,			2.153,			0.214,			0.05
44,	1,	7.0,	44.669,			2.976,			0.187,			0.06
45,	2,	135.0,	45.288,			12.701,			1.014,			0.169
46,	2,	26.0,	45.296,			13.635,			1.494,			0.127
47,	1,	498.0,	45.588,			1.431,			0.137,			0.056
48,	1,	120.0,	46.151,			1.864,			0.223,			0.056
49,	2,	109.0,	46.626,			14.282,			1.304,			0.106
50,	1,	6.0,	48.487,			1.247,			0.186,			0.055
51,	2,	168.0,	49.045,			12.691,			1.07,			0.165
52,	2,	126.0,	50.024,			13.42,			1.456,			0.106
53,	1,	16.0,	50.463,			2.751,			0.271,			0.057
54,	1,	7.0,	51.445,			2.956,			0.198,			0.051
55,	1,	28.0,	51.607,			2.244,			0.221,			0.052
56,	2,	251.0,	51.86,			12.909,			1.279,			0.173
57,	2,	40.0,	51.939,			14.663,			1.304,			0.142
58,	1,	512.0,	52.908,			1.024,			0.146,			0.051
59,	2,	194.0,	52.963,			14.676,			1.193,			0.172
60,	2,	312.0,	53.281,			10.279,			1.06,			0.145
61,	1,	387.0,	54.277,			1.722,			0.267,			0.051
62,	2,	158.0,	54.746,			10.586,			1.223,			0.16
63,	1,	44.0,	54.881,			2.498,			0.251,			0.053
64,	1,	30.0,	55.182,			2.602,			0.292,			0.056
65,	2,	266.0,	55.334,			11.69,			1.218,			0.179
66,	2,	126.0,	56.015,			13.111,			1.471,			0.105
67,	1,	6.0,	56.425,			2.438,			0.213,			0.053
68,	2,	121.0,	56.469,			11.383,			1.495,			0.136
69,	1,	28.0,	56.935,			2.636,			0.202,			0.053
70,	1,	214.0,	57.167,			1.784,			0.186,			0.051
71,	2,	141.0,	57.593,			11.404,			1.016,			0.119
72,	2,	145.0,	57.616,			13.681,			1.286,			0.169
73,	1,	44.0,	58.668,			2.509,			0.192,			0.059
74,	1,	13.0,	59.604,			2.616,			0.227,			0.055
75,	1,	120.0,	60.013,			2.153,			0.186,			0.054
76,	2,	129.0,	60.525,			10.225,			1.459,			0.176
77,	2,	207.0,	60.557,			11.508,			1.323,			0.104
78,	2,	75.0,	61.665,			14.737,			1.371,			0.142
79,	1,	498.0,	63.219,			1.84,			0.223,			0.054
80,	1,	44.0,	63.309,			2.226,			0.279,			0.052
81,	2,	278.0,	63.986,			11.707,			1.393,			0.107
82,	1,	90.0,	64.577,			2.252,			0.192,			0.052
83,	1,	214.0,	64.968,			1.561,			0.158,			0.057
84,	1,	559.0,	65.026,			2.834,			0.174,			0.055
85,	1,	120.0,	65.463,			2.695,			0.137,			0.056
86,	1,	7.0,	66.169,			2.936,			0.222,			0.056
87,	2,	207.0,	66.201,			12.206,			1.023,			0.113
88,	1,	157.0,	66.433,			2.273,			0.279,			0.051
89,	1,	7.0,	66.795,			2.78,			0.159,			0.051
90,	1,	7.0,	67.881,			1.631,			0.116,			0.054
91,	2,	117.0,	67.966,			13.941,			1.308,			0.198
92,	2,	168.0,	69.093,			14.842,			1.231,			0.122
93,	1,	157.0,	69.474,			2.487,			0.14,			0.058
94,	1,	13.0,	69.629,			1.578,			0.284,			0.053
95,	1,	169.0,	69.829,			1.08,			0.135,			0.059
96,	1,	559.0,	70.816,			2.284,			0.29,			0.06
97,	1,	146.0,	71.759,			2.95,			0.284,			0.058
98,	1,	214.0,	71.956,			1.103,			0.289,			0.059
99,	1,	44.0,	72.156,			2.772,			0.247,			0.05
100,	1,	90.0,	72.277,			2.286,			0.172,			0.05
101,	1,	6.0,	72.519,			2.222,			0.272,			0.052
102,	2,	226.0,	73.968,			14.958,			1.236,			0.164
103,	2,	211.0,	75.436,			11.404,			1.48,			0.199
104,	1,	7.0,	75.549,			2.509,			0.121,			0.053
105,	2,	84.0,	75.783,			14.836,			1.262,			0.159
106,	1,	7.0,	76.076,			1.151,			0.267,			0.05
107,	1,	90.0,	76.451,			1.009,			0.28,			0.058
108,	2,	141.0,	76.488,			14.135,			1.202,			0.176
109,	2,	166.0,	76.589,			11.3,			1.231,			0.141
110,	1,	512.0,	76.869,			1.051,			0.299,			0.051
111,	2,	84.0,	76.926,			14.566,			1.265,			0.132
112,	1,	7.0,	77.655,			1.241,			0.139,			0.054
113,	1,	126.0,	77.685,			2.684,			0.175,			0.055
114,	1,	146.0,	77.702,			2.273,			0.2,			0.056
115,	2,	164.0,	77.798,			14.057,			1.108,			0.104
116,	1,	16.0,	78.126,			1.86,			0.29,			0.053
117,	1,	7.0,	78.343,			1.425,			0.198,			0.051
118,	2,	187.0,	78.907,			10.912,			1.192,			0.104
119,	2,	145.0,	78.983,			12.179,			1.422,			0.126
120,	1,	16.0,	79.276,			1.302,			0.116,			0.055
121,	1,	7.0,	79.706,			2.819,			0.244,			0.057
122,	1,	90.0,	79.763,			2.631,			0.297,			0.052
123,	1,	214.0,	79.766,			1.27,			0.119,			0.056
124,	2,	159.0,	80.567,			11.478,			1.312,			0.154
125,	1,	7.0,	80.674,			2.2,			0.172,			0.056
126,	1,	126.0,	81.417,			2.726,			0.129,			0.059
127,	2,	105.0,	81.539,			12.909,			1.391,			0.177
128,	1,	30.0,	81.945,			1.478,			0.133,			0.053
129,	1,	6.0,	82.068,			2.864,			0.16,			0.055
130,	1,	120.0,	82.932,			1.232,			0.252,			0.051
131,	1,	10.0,	83.087,			1.309,			0.25,			0.051
132,	2,	229.0,	84.046,			10.39,			1.295,			0.149
133,	1,	7.0,	84.325,			1.907,			0.231,			0.058
134,	1,	95.0,	84.367,			1.753,			0.208,			0.057
135,	2,	233.0,	84.853,			13.136,			1.261,			0.13
136,	1,	44.0,	84.969,			1.048,			0.268,			0.059
137,	1,	126.0,	84.975,			2.588,			0.194,			0.052
138,	1,	49.0,	85.228,			1.394,			0.253,			0.055
139,	1,	44.0,	85.969,			1.485,			0.14,			0.051
140,	1,	447.0,	86.944,			1.97,			0.103,			0.059
141,	1,	49.0,	87.065,			1.522,			0.253,			0.053
142,	2,	106.0,	87.107,			14.771,			1.373,			0.186
143,	2,	163.0,	87.173,			13.438,			1.291,			0.198
144,	2,	68.0,	87.43,			12.134,			1.426,			0.195
145,	1,	44.0,	87.653,			1.107,			0.13,			0.057
146,	1,	30.0,	87.732,			2.148,			0.112,			0.057
147,	1,	169.0,	88.25,			2.628,			0.129,			0.06
148,	1,	13.0,	88.311,			1.148,			0.272,			0.055
149,	2,	165.0,	88.438,			10.819,			1.248,			0.111
150,	1,	103.0,	88.655,			2.943,			0.111,			0.051
151,	1,	6.0,	89.123,			1.838,			0.216,			0.054
152,	1,	120.0,	89.216,			2.852,			0.276,			0.052
153,	1,	16.0,	89.406,			2.765,			0.281,			0.054
154,	2,	208.0,	89.408,			10.39,			1.073,			0.12
155,	1,	49.0,	89.785,			1.043,			0.227,			0.05
156,	1,	90.0,	89.796,			1.9,			0.177,			0.051
157,	1,	10.0,	89.998,			1.12,			0.283,			0.052
158,	1,	447.0,	90.159,			1.981,			0.107,			0.06
159,	1,	7.0,	90.182,			2.928,			0.203,			0.052
160,	1,	16.0,	90.235,			2.441,			0.202,			0.059
161,	1,	28.0,	90.287,			1.423,			0.123,			0.059
162,	1,	7.0,	90.68,			2.678,			0.249,			0.058
163,	1,	44.0,	91.233,			1.371,			0.165,			0.06
164,	1,	95.0,	91.504,			1.283,			0.165,			0.055
165,	2,	172.0,	91.536,			12.447,			1.189,			0.13
166,	1,	126.0,	91.764,			2.098,			0.225,			0.06
167,	1,	512.0,	91.903,			1.853,			0.148,			0.056
168,	1,	214.0,	91.982,			1.011,			0.116,			0.056
169,	1,	7.0,	92.334,			2.429,			0.172,			0.057
170,	1,	13.0,	92.52,			2.627,			0.139,			0.059
171,	1,	157.0,	92.604,			2.948,			0.104,			0.059
172,	1,	49.0,	92.656,			1.694,			0.282,			0.051
173,	1,	146.0,	92.935,			2.681,			0.268,			0.059
174,	1,	379.0,	93.204,			2.454,			0.177,			0.057
175,	1,	387.0,	93.648,			1.241,			0.3,			0.058
176,	2,	157.0,	94.119,			13.442,			1.28,			0.177
177,	1,	169.0,	94.611,			2.565,			0.29,			0.051
178,	2,	171.0,	94.713,			10.669,			1.33,			0.2
179,	1,	146.0,	94.997,			2.155,			0.217,			0.058
180,	1,	44.0,	95.161,			2.143,			0.29,			0.053
181,	1,	44.0,	96.143,			1.688,			0.186,			0.052
182,	1,	28.0,	96.688,			1.402,			0.177,			0.06
183,	1,	214.0,	96.818,			2.879,			0.19,			0.051
184,	1,	157.0,	96.838,			1.434,			0.174,			0.053
185,	1,	379.0,	96.963,			1.204,			0.291,			0.055
186,	1,	379.0,	97.015,			2.618,			0.257,			0.059
187,	1,	59.0,	97.155,			1.557,			0.26,			0.055
188,	1,	120.0,	97.343,			2.819,			0.153,			0.051
189,	1,	59.0,	97.354,			1.406,			0.222,			0.06
190,	1,	13.0,	97.628,			1.69,			0.122,			0.052
191,	1,	16.0,	97.68,			1.784,			0.179,			0.06
192,	1,	13.0,	97.715,			1.014,			0.161,			0.06
193,	2,	188.0,	97.716,			11.896,			1.332,			0.173
194,	1,	16.0,	98.446,			2.555,			0.234,			0.051
195,	1,	157.0,	98.503,			2.249,			0.291,			0.057
196,	1,	10.0,	98.621,			2.288,			0.197,			0.058
197,	1,	120.0,	99.058,			2.317,			0.224,			0.057
198,	1,	7.0,	99.401,			2.602,			0.284,			0.06
199,	1,	447.0,	99.575,			1.119,			0.228,			0.059
200,	1,	120.0,	99.676,			1.421,			0.238,			0.055
201,	1,	7.0,	99.738,			2.131,			0.189,			0.06
202,	1,	28.0,	99.886,			2.625,			0.288,			0.059
203,	1,	120.0,	100.109,			2.0,			0.103,			0.054
204,	1,	169.0,	100.497,			2.063,			0.252,			0.051
205,	2,	34.0,	100.63,			13.289,			1.252,			0.158
206,	1,	157.0,	100.679,			1.561,			0.262,			0.056
207,	1,	126.0,	100.87,			1.504,			0.233,			0.051
208,	1,	28.0,	101.004,			1.768,			0.107,			0.058
209,	2,	185.0,	101.094,			14.157,			1.348,			0.105
210,	1,	379.0,	101.13,			1.263,			0.259,			0.058
211,	2,	110.0,	101.349,			12.127,			1.046,			0.118
212,	2,	180.0,	101.355,			12.424,			1.353,			0.167
213,	1,	10.0,	101.372,			1.543,			0.27,			0.055
214,	2,	120.0,	101.823,			13.025,			1.197,			0.145
215,	1,	95.0,	103.25,			2.846,			0.29,			0.059
216,	1,	146.0,	103.735,			1.61,			0.244,			0.058
217,	1,	6.0,	103.862,			2.976,			0.124,			0.058
218,	1,	10.0,	104.245,			2.256,			0.195,			0.051
219,	1,	169.0,	104.304,			1.309,			0.275,			0.058
220,	2,	218.0,	104.308,			14.741,			1.198,			0.138
221,	1,	49.0,	104.806,			1.043,			0.298,			0.057
222,	1,	7.0,	105.145,			2.819,			0.27,			0.052
223,	2,	225.0,	105.204,			10.506,			1.424,			0.103
224,	1,	10.0,	105.52,			1.485,			0.215,			0.06
225,	1,	498.0,	106.421,			2.819,			0.182,			0.059
226,	1,	498.0,	106.801,			2.879,			0.218,			0.057
227,	1,	7.0,	106.92,			2.759,			0.235,			0.057
228,	1,	7.0,	107.035,			1.043,			0.122,			0.056
229,	1,	146.0,	107.147,			2.669,			0.152,			0.052
230,	1,	512.0,	107.348,			2.684,			0.215,			0.059
231,	1,	157.0,	107.403,			1.535,			0.142,			0.053
232,	2,	281.0,	107.434,			12.701,			1.248,			0.158
233,	2,	92.0,	107.456,			11.194,			1.22,			0.112
234,	1,	13.0,	107.52,			1.287,			0.139,			0.057
235,	1,	44.0,	107.789,			1.543,			0.158,			0.051
236,	1,	13.0,	108.01,			1.075,			0.189,			0.055
237,	1,	169.0,	108.038,			1.756,			0.113,			0.056
238,	1,	120.0,	108.166,			1.981,			0.137,			0.052
239,	2,	103.0,	108.204,			12.406,			1.042,			0.104
240,	2,	134.0,	108.293,			11.689,			1.108,			0.125
241,	1,	157.0,	108.599,			1.279,			0.225,			0.056
242,	1,	44.0,	108.71,			2.317,			0.192,			0.055
243,	2,	111.0,	108.724,			13.038,			1.1,			0.101
244,	1,	126.0,	108.736,			2.487,			0.164,			0.059
245,	1,	157.0,	108.798,			2.879,			0.179,			0.058
246,	1,	44.0,	109.081,			1.188,			0.156,			0.054
247,	2,	67.0,	109.536,			12.967,			1.171,			0.197
248,	1,	7.0,	109.876,			1.031,			0.13,			0.053
249,	1,	6.0,	110.32,			1.703,			0.211,			0.055
250,	1,	498.0,	110.32,			1.709,			0.118,			0.053
251,	1,	379.0,	110.33,			2.223,			0.12,			0.05
252,	1,	59.0,	110.373,			1.225,			0.151,			0.055
253,	2,	133.0,	110.862,			12.89,			1.128,			0.166
254,	1,	103.0,	111.322,			2.232,			0.253,			0.059
255,	1,	379.0,	111.333,			1.651,			0.272,			0.051
256,	1,	10.0,	111.846,			1.588,			0.204,			0.053
257,	1,	447.0,	111.929,			1.028,			0.149,			0.056
258,	1,	13.0,	112.391,			1.225,			0.106,			0.055
259,	1,	44.0,	112.475,			2.085,			0.153,			0.056
260,	1,	447.0,	112.931,			1.422,			0.282,			0.057
261,	1,	28.0,	113.09,			2.852,			0.268,			0.052
262,	1,	387.0,	113.817,			1.262,			0.298,			0.06
263,	1,	387.0,	113.986,			2.092,			0.203,			0.056
264,	1,	120.0,	114.225,			2.862,			0.161,			0.057
265,	1,	30.0,	114.408,			2.907,			0.145,			0.055
266,	2,	94.0,	114.633,			10.909,			1.222,			0.182
267,	1,	126.0,	115.008,			1.543,			0.15,			0.052
268,	1,	157.0,	115.192,			2.813,			0.298,			0.054
269,	1,	44.0,	115.88,			2.972,			0.248,			0.058
270,	1,	7.0,	115.921,			2.972,			0.108,			0.054
271,	1,	10.0,	116.218,			2.379,			0.193,			0.052
272,	1,	28.0,	116.231,			2.614,			0.141,			0.057
273,	1,	169.0,	116.647,			1.46,			0.148,			0.055
274,	1,	90.0,	116.717,			1.467,			0.111,			0.058
275,	1,	498.0,	116.73,			2.193,			0.109,			0.056
276,	1,	146.0,	116.754,			2.386,			0.287,			0.051
277,	1,	59.0,	116.756,			1.84,			0.245,			0.056
278,	1,	44.0,	117.202,			1.364,			0.129,			0.058
279,	1,	6.0,	117.278,			1.531,			0.216,			0.058
280,	2,	165.0,	117.41,			10.758,			1.253,			0.143
281,	2,	81.0,	117.636,			14.646,			1.381,			0.167
282,	1,	447.0,	117.748,			1.364,			0.164,			0.054
283,	1,	44.0,	118.007,			1.173,			0.249,			0.056
284,	1,	90.0,	118.115,			1.411,			0.228,			0.056
285,	1,	6.0,	118.205,			1.655,			0.294,			0.053
286,	1,	559.0,	118.341,			2.757,			0.161,			0.056
287,	1,	7.0,	118.398,			2.449,			0.13,			0.051
288,	1,	6.0,	118.557,			1.684,			0.147,			0.054
289,	1,	44.0,	119.754,			1.353,			0.151,			0.054
290,	1,	16.0,	119.772,			1.952,			0.238,			0.06
291,	1,	44.0,	119.957,			2.711,			0.151,			0.055
292,	2,	141.0,	120.085,			10.298,			1.195,			0.114
293,	1,	447.0,	120.274,			2.386,			0.29,			0.057
294,	1,	44.0,	120.365,			1.011,			0.23,			0.056
295,	1,	126.0,	120.535,			1.432,			0.162,			0.058
296,	1,	13.0,	120.651,			2.351,			0.255,			0.056
297,	1,	28.0,	120.782,			1.501,			0.235,			0.051
298,	1,	49.0,	120.806,			2.004,			0.272,			0.052
299,	2,	141.0,	120.926,			10.777,			1.194,			0.185
300,	1,	7.0,	121.089,			1.786,			0.139,			0.051
301,	1,	126.0,	121.148,			1.543,			0.255,			0.057
302,	1,	512.0,	121.247,			2.932,			0.208,			0.052
303,	2,	226.0,	121.497,			10.173,			1.411,			0.147
304,	1,	146.0,	121.73,			2.193,			0.131,			0.053
305,	1,	6.0,	121.897,			1.757,			0.123,			0.059
306,	1,	95.0,	121.921,			2.241,			0.21,			0.051
307,	1,	120.0,	121.928,			2.384,			0.141,			0.054
308,	1,	387.0,	121.964,			1.232,			0.206,			0.057
309,	1,	387.0,	121.988,			2.554,			0.108,			0.06
310,	1,	126.0,	122.177,			1.981,			0.119,			0.055
311,	1,	447.0,	122.188,			2.772,			0.169,			0.055
312,	1,	447.0,	122.258,			2.223,			0.19,			0.052
313,	1,	90.0,	122.427,			2.705,			0.191,			0.054
314,	1,	559.0,	122.543,			1.403,			0.237,			0.058
315,	1,	157.0,	122.563,			2.753,			0.226,			0.054
316,	1,	157.0,	122.572,			1.186,			0.214,			0.056
317,	1,	95.0,	122.662,			1.753,			0.15,			0.057
318,	1,	512.0,	122.669,			2.579,			0.133,			0.06
319,	1,	7.0,	122.907,			1.841,			0.146,			0.05
320,	1,	59.0,	123.195,			1.509,			0.236,			0.055
321,	1,	214.0,	123.258,			2.393,			0.292,			0.055
322,	1,	126.0,	123.899,			2.565,			0.189,			0.052
323,	1,	512.0,	124.075,			2.703,			0.147,			0.053
324,	1,	387.0,	124.129,			2.87,			0.193,			0.059
325,	1,	44.0,	124.327,			2.457,			0.256,			0.051
326,	1,	559.0,	124.35,			1.609,			0.166,			0.057
327,	1,	49.0,	124.418,			1.651,			0.103,			0.056
328,	1,	379.0,	124.466,			2.323,			0.15,			0.05
329,	1,	7.0,	124.613,			1.293,			0.155,			0.053
330,	1,	6.0,	124.775,			2.645,			0.139,			0.051
331,	1,	16.0,	124.898,			1.044,			0.202,			0.058
332,	1,	30.0,	125.074,			1.114,			0.14,			0.057
333,	1,	7.0,	125.537,			2.381,			0.233,			0.055
334,	1,	103.0,	125.695,			1.637,			0.254,			0.06
335,	1,	169.0,	125.739,			2.016,			0.238,			0.057
336,	1,	387.0,	125.812,			1.437,			0.154,			0.058
337,	1,	103.0,	125.879,			1.553,			0.259,			0.06
338,	1,	6.0,	126.073,			1.215,			0.299,			0.058
339,	1,	7.0,	126.31,			2.268,			0.139,			0.058
340,	1,	498.0,	126.478,			1.73,			0.225,			0.054
341,	1,	44.0,	126.709,			1.626,			0.114,			0.053
342,	2,	254.0,	127.108,			12.134,			1.103,			0.141
343,	1,	512.0,	127.122,			1.988,			0.189,			0.055
344,	1,	447.0,	127.209,			1.672,			0.217,			0.055
345,	1,	103.0,	127.275,			2.133,			0.28,			0.058
346,	1,	169.0,	127.284,			1.581,			0.299,			0.058
347,	1,	90.0,	127.528,			2.301,			0.166,			0.058
348,	1,	49.0,	127.569,			2.807,			0.27,			0.052
349,	1,	49.0,	127.574,			2.222,			0.275,			0.054
350,	1,	59.0,	127.584,			1.561,			0.148,			0.056
351,	1,	7.0,	127.587,			2.222,			0.14,			0.055
352,	1,	30.0,	127.612,			1.434,			0.234,			0.057
353,	1,	169.0,	127.936,			1.941,			0.176,			0.054
354,	1,	498.0,	127.976,			1.395,			0.221,			0.05
355,	1,	49.0,	128.068,			2.198,			0.173,			0.056
356,	1,	146.0,	128.074,			2.727,			0.254,			0.054
357,	1,	498.0,	128.239,			1.684,			0.202,			0.052
358,	1,	13.0,	128.357,			2.293,			0.201,			0.051
359,	1,	379.0,	128.475,			2.08,			0.124,			0.059
360,	1,	13.0,	128.667,			2.813,			0.289,			0.051
361,	1,	126.0,	128.817,			2.779,			0.17,			0.053
362,	1,	13.0,	129.083,			1.098,			0.288,			0.055
363,	1,	7.0,	129.244,			1.501,			0.299,			0.052
364,	1,	49.0,	129.552,			1.353,			0.116,			0.051
365,	1,	6.0,	129.78,			1.075,			0.295,			0.052
366,	1,	559.0,	129.811,			2.983,			0.235,			0.058
367,	1,	103.0,	129.846,			2.857,			0.142,			0.054
368,	1,	512.0,	129.988,			1.028,			0.283,			0.059
369,	1,	6.0,	130.097,			2.673,			0.153,			0.056
370,	1,	44.0,	130.219,			1.941,			0.107,			0.051
371,	1,	146.0,	130.348,			1.279,			0.267,			0.056
372,	1,	28.0,	130.353,			2.695,			0.129,			0.053
373,	1,	6.0,	130.622,			2.006,			0.233,			0.054
374,	1,	10.0,	130.791,			2.991,			0.209,			0.056
375,	1,	447.0,	130.809,			1.981,			0.174,			0.055
376,	1,	387.0,	130.814,			1.578,			0.158,			0.052
377,	1,	13.0,	131.001,			1.504,			0.116,			0.057
378,	1,	7.0,	131.028,			2.014,			0.161,			0.052
379,	1,	169.0,	131.358,			1.009,			0.228,			0.054
380,	1,	559.0,	131.615,			2.006,			0.261,			0.055
381,	1,	13.0,	131.941,			1.108,			0.105,			0.056
382,	1,	7.0,	132.12,			2.116,			0.131,			0.058
383,	1,	120.0,	132.148,			2.761,			0.276,			0.053
384,	1,	379.0,	132.152,			1.784,			0.12,			0.055
385,	1,	379.0,	132.261,			1.291,			0.195,			0.06
386,	1,	44.0,	132.381,			1.998,			0.152,			0.059
387,	1,	379.0,	132.421,			1.908,			0.113,			0.053
388,	1,	7.0,	132.477,			2.256,			0.253,			0.057
389,	1,	126.0,	132.527,			1.024,			0.222,			0.059
390,	1,	169.0,	132.573,			2.436,			0.151,			0.053
391,	1,	512.0,	132.674,			1.343,			0.124,			0.053
392,	1,	146.0,	132.676,			2.695,			0.153,			0.054
393,	1,	169.0,	133.064,			1.071,			0.139,			0.053
394,	1,	10.0,	133.114,			2.143,			0.184,			0.057
395,	1,	120.0,	133.552,			1.018,			0.15,			0.057
396,	1,	13.0,	133.612,			1.543,			0.267,			0.059
397,	1,	512.0,	133.651,			2.225,			0.281,			0.055
398,	1,	44.0,	133.743,			1.494,			0.211,			0.056
399,	1,	6.0,	133.852,			1.826,			0.247,			0.057
400,	1,	379.0,	134.154,			2.328,			0.185,			0.054
401,	1,	6.0,	134.543,			1.353,			0.233,			0.054
402,	1,	49.0,	134.577,			2.09,			0.279,			0.057
403,	1,	7.0,	134.656,			1.643,			0.289,			0.06
404,	1,	59.0,	135.043,			2.976,			0.162,			0.051
405,	1,	90.0,	135.236,			2.378,			0.135,			0.055
406,	1,	95.0,	135.412,			2.299,			0.127,			0.058
407,	1,	10.0,	135.456,			1.191,			0.218,			0.053
408,	1,	379.0,	135.471,			2.28,			0.134,			0.056
409,	1,	13.0,	135.608,			1.483,			0.28,			0.051
410,	1,	49.0,	135.703,			2.872,			0.143,			0.054
411,	1,	214.0,	135.902,			1.672,			0.198,			0.056
412,	1,	13.0,	136.207,			2.199,			0.275,			0.05
413,	1,	30.0,	136.329,			1.988,			0.175,			0.053
414,	1,	90.0,	136.368,			1.424,			0.295,			0.059
415,	1,	103.0,	136.547,			1.27,			0.295,			0.051
416,	1,	44.0,	136.7,			1.681,			0.17,			0.056
417,	1,	16.0,	136.898,			1.663,			0.106,			0.057
418,	1,	6.0,	137.055,			1.291,			0.221,			0.051
419,	1,	559.0,	137.07,			1.941,			0.124,			0.052
420,	1,	214.0,	137.207,			1.857,			0.109,			0.059
421,	1,	59.0,	137.751,			1.982,			0.165,			0.056
422,	1,	7.0,	137.767,			1.434,			0.178,			0.057
423,	1,	13.0,	137.879,			1.011,			0.126,			0.054
424,	1,	49.0,	138.018,			1.291,			0.152,			0.059
425,	2,	151.0,	138.022,			12.26,			1.285,			0.161
426,	1,	512.0,	138.074,			2.865,			0.267,			0.05
427,	1,	7.0,	138.094,			2.866,			0.29,			0.05
428,	1,	7.0,	138.426,			1.737,			0.139,			0.051
429,	1,	120.0,	138.493,			2.567,			0.151,			0.054
430,	1,	559.0,	138.712,			2.398,			0.299,			0.058
431,	1,	28.0,	138.924,			2.038,			0.105,			0.059
432,	1,	7.0,	139.028,			2.776,			0.249,			0.052
433,	2,	198.0,	139.041,			13.635,			1.058,			0.12
434,	1,	44.0,	139.145,			1.541,			0.119,			0.058
435,	1,	6.0,	139.32,			1.111,			0.3,			0.05
436,	1,	49.0,	139.9,			1.331,			0.106,			0.055
437,	2,	129.0,	140.087,			10.175,			1.262,			0.181
438,	1,	103.0,	140.171,			1.624,			0.19,			0.055
439,	1,	379.0,	140.352,			2.616,			0.104,			0.055
440,	1,	90.0,	140.538,			1.969,			0.111,			0.057
441,	2,	116.0,	140.589,			12.967,			1.003,			0.106
442,	1,	126.0,	140.608,			1.23,			0.161,			0.056
443,	1,	447.0,	140.798,			2.712,			0.284,			0.053
444,	1,	90.0,	141.063,			1.64,			0.251,			0.054
445,	1,	559.0,	141.184,			2.832,			0.105,			0.056
446,	1,	498.0,	141.323,			2.222,			0.149,			0.058
447,	1,	7.0,	141.462,			2.047,			0.238,			0.053
448,	1,	90.0,	141.547,			2.273,			0.202,			0.055
449,	1,	387.0,	141.597,			1.748,			0.195,			0.056
450,	1,	7.0,	141.898,			2.621,			0.184,			0.06
451,	1,	6.0,	141.925,			2.187,			0.244,			0.053
452,	1,	447.0,	142.01,			1.76,			0.101,			0.051
453,	1,	6.0,	142.371,			2.802,			0.206,			0.05
454,	1,	7.0,	142.574,			2.866,			0.114,			0.054
455,	1,	7.0,	142.992,			2.283,			0.247,			0.055
456,	1,	16.0,	143.375,			2.425,			0.143,			0.05
457,	1,	44.0,	143.455,			1.589,			0.161,			0.051
458,	2,	135.0,	144.016,			13.718,			1.374,			0.14
459,	1,	7.0,	144.259,			1.25,			0.275,			0.05
460,	1,	169.0,	144.471,			1.561,			0.259,			0.053
461,	2,	137.0,	144.51,			12.242,			1.082,			0.106
462,	1,	512.0,	144.526,			1.035,			0.249,			0.05
463,	1,	59.0,	144.633,			2.19,			0.224,			0.059
464,	1,	10.0,	144.796,			1.116,			0.218,			0.051
465,	1,	95.0,	145.346,			1.807,			0.136,			0.056
466,	1,	157.0,	145.366,			1.985,			0.212,			0.052
467,	1,	157.0,	145.482,			1.748,			0.263,			0.059
468,	1,	120.0,	145.702,			1.998,			0.108,			0.053
469,	1,	44.0,	146.116,			2.847,			0.275,			0.054
470,	1,	44.0,	146.375,			2.861,			0.182,			0.059
471,	1,	16.0,	146.523,			1.116,			0.183,			0.055
472,	1,	30.0,	146.643,			2.702,			0.192,			0.058
473,	1,	95.0,	146.645,			1.232,			0.284,			0.053
474,	1,	6.0,	146.655,			1.907,			0.168,			0.051
475,	1,	44.0,	146.819,			1.883,			0.228,			0.055
476,	1,	6.0,	146.863,			1.554,			0.175,			0.06
477,	1,	10.0,	146.87,			1.482,			0.277,			0.057
478,	1,	7.0,	146.9,			1.211,			0.124,			0.052
479,	1,	512.0,	147.33,			1.919,			0.107,			0.052
480,	1,	126.0,	147.372,			1.115,			0.279,			0.052
481,	1,	387.0,	147.416,			1.769,			0.288,			0.053
482,	1,	59.0,	147.449,			2.797,			0.12,			0.054
483,	1,	13.0,	147.596,			2.157,			0.289,			0.053
484,	1,	169.0,	147.688,			1.59,			0.186,			0.059
485,	1,	7.0,	147.816,			2.907,			0.253,			0.052
486,	1,	44.0,	148.025,			1.826,			0.236,			0.054
487,	1,	7.0,	148.114,			1.162,			0.249,			0.058
488,	1,	10.0,	148.209,			1.97,			0.141,			0.058
489,	1,	214.0,	148.324,			2.014,			0.203,			0.052
490,	1,	498.0,	148.617,			2.051,			0.132,			0.053
491,	1,	379.0,	148.641,			1.915,			0.238,			0.054
492,	1,	447.0,	148.739,			1.078,			0.198,			0.054
493,	1,	7.0,	149.076,			1.178,			0.201,			0.051
494,	1,	214.0,	149.114,			1.106,			0.185,			0.058
495,	1,	13.0,	149.146,			2.88,			0.209,			0.054
496,	1,	157.0,	149.347,			2.553,			0.247,			0.057
497,	1,	7.0,	149.374,			1.886,			0.106,			0.051
498,	1,	120.0,	149.379,			2.345,			0.121,			0.055
499,	1,	120.0,	149.419,			1.929,			0.259,			0.053
500,	1,	90.0,	149.482,			1.86,			0.125,			0.056
501,	1,	44.0,	149.575,			1.215,			0.249,			0.056
502,	1,	512.0,	149.647,			2.712,			0.146,			0.056
503,	1,	157.0,	149.662,			2.631,			0.223,			0.058
504,	2,	164.0,	149.679,			12.357,			1.373,			0.198
505,	1,	146.0,	149.761,			1.525,			0.13,			0.059
506,	2,	273.0,	149.901,			13.169,			1.326,			0.158
507,	1,	44.0,	149.983,			2.03,			0.268,			0.053
508,	1,	49.0,	150.02,			1.215,			0.16,			0.052
509,	1,	157.0,	150.024,			1.22,			0.295,			0.06
510,	1,	7.0,	150.09,			1.367,			0.113,			0.055
511,	1,	13.0,	150.128,			1.12,			0.139,			0.058
512,	1,	214.0,	150.188,			1.302,			0.198,			0.059
513,	1,	59.0,	150.335,			1.121,			0.268,			0.059
514,	1,	379.0,	150.737,			2.11,			0.168,			0.055
515,	1,	387.0,	150.864,			1.513,			0.292,			0.06
516,	1,	95.0,	150.878,			1.719,			0.279,			0.055
517,	1,	146.0,	150.879,			2.678,			0.119,			0.055
518,	1,	169.0,	150.889,			1.982,			0.202,			0.057
519,	2,	239.0,	150.892,			11.215,			1.011,			0.121
520,	1,	95.0,	150.911,			1.504,			0.135,			0.05
521,	1,	49.0,	150.944,			2.013,			0.16,			0.053
522,	1,	7.0,	151.043,			2.772,			0.289,			0.059
523,	1,	157.0,	151.083,			1.173,			0.249,			0.05
524,	1,	30.0,	151.307,			1.728,			0.147,			0.057
525,	1,	7.0,	151.508,			1.97,			0.211,			0.052
526,	1,	512.0,	151.62,			2.01,			0.22,			0.06
527,	1,	103.0,	151.624,			1.158,			0.161,			0.054
528,	1,	157.0,	151.932,			1.367,			0.222,			0.054
529,	1,	49.0,	152.044,			2.914,			0.193,			0.056
530,	1,	28.0,	152.101,			1.313,			0.164,			0.054
531,	1,	16.0,	152.121,			2.618,			0.27,			0.05
532,	1,	214.0,	152.429,			1.637,			0.194,			0.053
533,	1,	512.0,	152.521,			1.525,			0.153,			0.055
534,	1,	559.0,	153.001,			1.541,			0.257,			0.052
535,	1,	512.0,	153.035,			1.028,			0.267,			0.059
536,	1,	95.0,	153.471,			2.047,			0.267,			0.054
537,	1,	379.0,	153.613,			1.279,			0.255,			0.05
538,	1,	103.0,	153.681,			1.965,			0.142,			0.053
539,	1,	7.0,	153.771,			2.273,			0.162,			0.058
540,	1,	169.0,	153.784,			2.249,			0.193,			0.059
541,	1,	90.0,	153.804,			1.204,			0.282,			0.06
542,	1,	59.0,	153.951,			1.554,			0.271,			0.055
543,	1,	49.0,	154.029,			2.651,			0.131,			0.053
544,	1,	30.0,	154.119,			2.02,			0.172,			0.059
545,	1,	6.0,	154.169,			2.772,			0.135,			0.06
546,	1,	512.0,	154.318,			1.525,			0.206,			0.055
547,	1,	512.0,	154.373,			1.107,			0.228,			0.051
548,	1,	559.0,	154.41,			2.169,			0.109,			0.055
549,	1,	387.0,	154.732,			2.369,			0.137,			0.053
550,	1,	379.0,	154.965,			2.858,			0.11,			0.057
551,	1,	90.0,	155.219,			2.581,			0.164,			0.054
552,	1,	7.0,	155.394,			1.086,			0.176,			0.056
553,	1,	10.0,	155.446,			1.841,			0.249,			0.055
554,	1,	7.0,	156.165,			1.098,			0.238,			0.053
555,	1,	44.0,	156.351,			1.031,			0.189,			0.051
556,	1,	90.0,	156.663,			2.123,			0.212,			0.052
557,	1,	7.0,	156.798,			1.283,			0.203,			0.05
558,	2,	115.0,	156.814,			13.277,			1.488,			0.125
559,	1,	387.0,	156.965,			1.12,			0.297,			0.052
560,	1,	6.0,	157.295,			1.108,			0.241,			0.056
561,	1,	7.0,	157.383,			1.071,			0.173,			0.052
562,	1,	6.0,	157.433,			1.575,			0.209,			0.057
563,	1,	126.0,	157.487,			2.301,			0.187,			0.053
564,	1,	28.0,	157.506,			1.488,			0.184,			0.05
565,	1,	7.0,	157.54,			1.947,			0.241,			0.051
566,	1,	214.0,	157.719,			1.031,			0.277,			0.057
567,	1,	30.0,	158.436,			2.95,			0.228,			0.055
568,	1,	16.0,	158.458,			1.483,			0.13,			0.054
569,	1,	103.0,	158.481,			2.947,			0.164,			0.059
570,	1,	387.0,	158.715,			1.119,			0.293,			0.051
571,	1,	157.0,	159.026,			2.41,			0.238,			0.056
572,	1,	6.0,	159.167,			2.702,			0.238,			0.054
573,	1,	13.0,	159.316,			2.632,			0.192,			0.057
574,	1,	126.0,	159.342,			2.304,			0.285,			0.05
575,	1,	49.0,	159.369,			1.61,			0.139,			0.054
576,	1,	126.0,	159.386,			2.349,			0.121,			0.052
577,	1,	7.0,	159.653,			1.985,			0.287,			0.051
578,	1,	7.0,	159.702,			2.509,			0.235,			0.055
579,	1,	7.0,	159.792,			1.232,			0.237,			0.054
580,	1,	126.0,	160.123,			1.356,			0.121,			0.053
581,	1,	387.0,	160.322,			2.104,			0.276,			0.054
582,	1,	6.0,	160.413,			2.969,			0.128,			0.056
583,	1,	103.0,	160.43,			2.598,			0.218,			0.053
584,	1,	379.0,	160.45,			2.651,			0.205,			0.055
585,	1,	146.0,	160.468,			2.057,			0.151,			0.058
586,	1,	7.0,	160.704,			1.913,			0.238,			0.056
587,	1,	10.0,	161.089,			2.786,			0.2,			0.051
588,	1,	49.0,	161.122,			2.684,			0.252,			0.056
589,	2,	188.0,	161.147,			10.957,			1.324,			0.166
590,	1,	13.0,	161.52,			1.932,			0.263,			0.053
591,	1,	379.0,	161.68,			1.69,			0.288,			0.059
592,	1,	44.0,	161.968,			2.219,			0.139,			0.054
593,	1,	10.0,	162.385,			1.728,			0.192,			0.056
594,	2,	185.0,	162.697,			10.475,			1.286,			0.156
595,	1,	214.0,	162.792,			1.455,			0.166,			0.055
596,	1,	7.0,	162.838,			1.558,			0.16,			0.057
597,	1,	214.0,	162.906,			2.914,			0.158,			0.054
598,	1,	28.0,	163.359,			2.557,			0.122,			0.056
599,	1,	6.0,	163.391,			2.408,			0.214,			0.056
600,	1,	49.0,	163.565,			2.645,			0.27,			0.058
601,	1,	16.0,	163.611,			2.085,			0.207,			0.054
602,	1,	379.0,	163.695,			1.417,			0.136,			0.056
603,	1,	103.0,	164.191,			2.288,			0.286,			0.054
604,	1,	6.0,	164.514,			1.988,			0.108,			0.05
605,	1,	126.0,	164.678,			2.273,			0.263,			0.052
606,	1,	44.0,	165.005,			1.968,			0.149,			0.057
607,	1,	7.0,	165.04,			2.866,			0.187,			0.056
608,	1,	16.0,	165.104,			1.972,			0.215,			0.054
609,	1,	387.0,	165.21,			1.086,			0.238,			0.058
610,	1,	90.0,	165.552,			2.098,			0.231,			0.056
611,	1,	214.0,	166.283,			2.232,			0.214,			0.057
612,	1,	44.0,	166.405,			1.613,			0.229,			0.054
613,	1,	379.0,	166.496,			1.864,			0.281,			0.052
614,	1,	120.0,	166.516,			1.561,			0.299,			0.053
615,	1,	7.0,	166.776,			1.467,			0.145,			0.058
616,	1,	379.0,	167.437,			1.403,			0.288,			0.053
617,	1,	559.0,	167.544,			1.578,			0.182,			0.055
618,	1,	6.0,	167.682,			1.522,			0.295,			0.058
619,	2,	157.0,	167.97,			10.728,			1.231,			0.185
620,	1,	49.0,	168.334,			2.776,			0.219,			0.058
621,	1,	16.0,	168.701,			1.445,			0.206,			0.051
622,	1,	512.0,	168.992,			1.482,			0.107,			0.051
623,	1,	10.0,	169.112,			2.565,			0.193,			0.059
624,	1,	7.0,	169.295,			2.412,			0.253,			0.057
625,	1,	512.0,	169.522,			2.697,			0.189,			0.053
626,	1,	169.0,	169.61,			1.307,			0.237,			0.052
627,	1,	103.0,	169.688,			1.111,			0.151,			0.058
628,	1,	126.0,	169.788,			2.273,			0.231,			0.059
629,	1,	7.0,	169.85,			2.351,			0.222,			0.052
630,	2,	106.0,	170.066,			13.499,			1.362,			0.152
631,	1,	387.0,	170.115,			2.398,			0.177,			0.059
632,	1,	126.0,	170.155,			1.307,			0.193,			0.057
633,	1,	146.0,	170.519,			1.97,			0.196,			0.057
634,	1,	126.0,	170.746,			1.597,			0.253,			0.055
635,	1,	126.0,	170.819,			2.08,			0.125,			0.052
636,	2,	213.0,	170.898,			13.222,			1.104,			0.139
637,	1,	90.0,	171.24,			1.433,			0.179,			0.051
638,	1,	6.0,	171.317,			2.681,			0.275,			0.057
639,	1,	44.0,	171.458,			1.095,			0.254,			0.054
640,	1,	10.0,	171.506,			1.864,			0.272,			0.06
641,	1,	44.0,	171.713,			2.618,			0.162,			0.051
642,	1,	379.0,	171.751,			2.544,			0.275,			0.057
643,	1,	7.0,	172.197,			1.252,			0.194,			0.054
644,	1,	7.0,	172.228,			2.759,			0.222,			0.059
645,	1,	103.0,	172.241,			1.402,			0.237,			0.054
646,	1,	44.0,	172.258,			1.134,			0.253,			0.05
647,	1,	126.0,	172.731,			2.346,			0.249,			0.06
648,	2,	181.0,	172.741,			12.145,			1.294,			0.172
649,	1,	28.0,	172.908,			1.431,			0.174,			0.056
650,	1,	30.0,	173.141,			2.686,			0.294,			0.057
651,	1,	6.0,	173.161,			1.376,			0.279,			0.058
652,	1,	7.0,	173.321,			1.968,			0.139,			0.057
653,	1,	379.0,	173.377,			1.643,			0.279,			0.055
654,	1,	6.0,	173.549,			1.752,			0.159,			0.056
655,	1,	44.0,	173.55,			1.639,			0.134,			0.056
656,	1,	7.0,	173.601,			1.542,			0.177,			0.056
657,	1,	120.0,	173.713,			2.36,			0.225,			0.059
658,	1,	7.0,	174.023,			1.524,			0.242,			0.054
659,	1,	7.0,	174.029,			2.09,			0.164,			0.058
660,	1,	30.0,	174.339,			2.175,			0.103,			0.059
661,	1,	44.0,	174.35,			1.857,			0.215,			0.052
662,	1,	44.0,	174.748,			2.378,			0.135,			0.058
663,	1,	126.0,	174.797,			1.511,			0.267,			0.05
664,	2,	176.0,	174.831,			13.007,			1.012,			0.16
665,	2,	224.0,	174.891,			13.596,			1.094,			0.182
666,	1,	559.0,	175.411,			1.659,			0.106,			0.053
667,	1,	6.0,	176.391,			2.794,			0.162,			0.059
668,	1,	10.0,	176.75,			1.9,			0.174,			0.055
669,	1,	447.0,	176.77,			1.753,			0.242,			0.057
670,	1,	13.0,	176.795,			2.565,			0.2,			0.054
671,	1,	30.0,	176.904,			1.807,			0.284,			0.056
672,	1,	6.0,	176.916,			1.883,			0.289,			0.056
673,	1,	30.0,	176.964,			1.26,			0.221,			0.051
674,	1,	10.0,	177.017,			1.786,			0.185,			0.055
675,	1,	169.0,	177.072,			1.485,			0.117,			0.057
676,	1,	103.0,	177.15,			2.556,			0.151,			0.055
677,	1,	6.0,	177.229,			1.005,			0.287,			0.055
678,	2,	87.0,	177.287,			13.998,			1.418,			0.137
679,	1,	120.0,	177.293,			2.936,			0.184,			0.051
680,	1,	146.0,	177.311,			2.862,			0.242,			0.057
681,	1,	49.0,	177.371,			2.753,			0.201,			0.058
682,	1,	120.0,	177.514,			1.908,			0.106,			0.051
683,	1,	7.0,	177.534,			1.671,			0.17,			0.06
684,	2,	151.0,	177.763,			10.999,			1.411,			0.132
685,	1,	146.0,	177.806,			1.558,			0.232,			0.057
686,	1,	214.0,	177.869,			1.472,			0.208,			0.053
687,	1,	387.0,	178.077,			2.763,			0.269,			0.053
688,	1,	13.0,	178.27,			1.482,			0.237,			0.051
689,	1,	379.0,	178.528,			1.826,			0.252,			0.057
690,	1,	44.0,	178.602,			1.827,			0.214,			0.058
691,	1,	95.0,	178.675,			2.273,			0.204,			0.056
692,	2,	186.0,	178.718,			13.061,			1.452,			0.152
693,	1,	44.0,	178.757,			2.11,			0.13,			0.052
694,	1,	498.0,	178.829,			2.278,			0.114,			0.051
695,	1,	157.0,	178.984,			1.591,			0.137,			0.055
696,	1,	157.0,	179.077,			1.581,			0.243,			0.053
697,	1,	379.0,	179.2,			1.107,			0.209,			0.05
698,	1,	146.0,	179.225,			2.991,			0.263,			0.057
699,	1,	120.0,	179.616,			2.415,			0.298,			0.054
700,	1,	7.0,	179.778,			1.406,			0.148,			0.059
701,	1,	44.0,	180.164,			1.956,			0.299,			0.059
702,	1,	7.0,	180.367,			1.211,			0.228,			0.058
703,	1,	169.0,	180.68,			1.394,			0.138,			0.056
704,	2,	87.0,	180.893,			12.411,			1.248,			0.104
705,	1,	13.0,	181.004,			2.559,			0.296,			0.055
706,	1,	7.0,	181.437,			2.776,			0.122,			0.05
707,	1,	49.0,	181.482,			1.425,			0.185,			0.052
708,	1,	512.0,	181.519,			1.134,			0.249,			0.051
709,	2,	160.0,	181.575,			10.984,			1.218,			0.133
710,	1,	7.0,	181.968,			1.119,			0.235,			0.052
711,	1,	6.0,	182.03,			2.179,			0.161,			0.057
712,	1,	44.0,	182.474,			1.08,			0.19,			0.053
713,	1,	103.0,	182.7,			1.316,			0.158,			0.057
714,	1,	379.0,	182.822,			1.225,			0.279,			0.05
715,	1,	59.0,	183.186,			1.296,			0.119,			0.055
716,	1,	7.0,	183.266,			2.226,			0.13,			0.057
717,	1,	59.0,	183.271,			1.97,			0.236,			0.056
718,	1,	44.0,	183.364,			2.986,			0.146,			0.054
719,	1,	7.0,	183.635,			1.394,			0.226,			0.052
720,	1,	126.0,	183.667,			2.438,			0.253,			0.059
721,	1,	103.0,	183.718,			1.005,			0.109,			0.056
722,	1,	16.0,	183.739,			2.407,			0.161,			0.058
723,	1,	30.0,	183.929,			2.914,			0.252,			0.056
724,	1,	7.0,	183.942,			1.283,			0.107,			0.054
725,	1,	103.0,	184.386,			1.42,			0.243,			0.057
726,	1,	512.0,	184.687,			1.756,			0.27,			0.053
727,	1,	30.0,	185.068,			1.701,			0.228,			0.056
728,	1,	6.0,	185.406,			2.751,			0.217,			0.05
729,	1,	126.0,	185.575,			1.84,			0.278,			0.06
730,	1,	59.0,	185.701,			1.717,			0.263,			0.054
731,	1,	214.0,	186.176,			2.282,			0.292,			0.052
732,	1,	7.0,	186.237,			1.291,			0.237,			0.051
733,	1,	28.0,	186.305,			2.02,			0.186,			0.054
734,	1,	559.0,	186.557,			1.776,			0.176,			0.054
735,	1,	498.0,	186.558,			2.047,			0.139,			0.053
736,	1,	146.0,	186.632,			2.957,			0.258,			0.051
737,	2,	145.0,	186.797,			10.554,			1.028,			0.152
738,	1,	7.0,	186.973,			2.522,			0.221,			0.06
739,	1,	7.0,	187.031,			2.819,			0.189,			0.053
740,	1,	447.0,	187.451,			1.612,			0.104,			0.059
741,	1,	59.0,	187.56,			2.8,			0.205,			0.056
742,	1,	90.0,	187.738,			1.061,			0.162,			0.055
743,	2,	123.0,	188.028,			14.814,			1.308,			0.151
744,	1,	7.0,	188.032,			2.096,			0.174,			0.055
745,	1,	387.0,	188.296,			2.857,			0.225,			0.053
746,	1,	7.0,	188.543,			1.309,			0.164,			0.056
747,	2,	178.0,	188.849,			10.036,			1.254,			0.178
748,	1,	7.0,	190.008,			2.503,			0.119,			0.051
749,	2,	136.0,	190.318,			13.478,			1.024,			0.143
750,	1,	6.0,	190.431,			2.652,			0.253,			0.054
751,	1,	44.0,	190.478,			1.111,			0.16,			0.057
752,	1,	169.0,	190.647,			1.67,			0.294,			0.055
753,	1,	7.0,	190.799,			2.288,			0.221,			0.05
754,	1,	379.0,	191.031,			1.969,			0.237,			0.05
755,	2,	118.0,	191.109,			13.15,			1.389,			0.107
756,	1,	6.0,	191.219,			1.12,			0.202,			0.058
757,	1,	120.0,	191.513,			1.052,			0.228,			0.057
758,	1,	387.0,	191.957,			1.566,			0.216,			0.052
759,	1,	103.0,	192.089,			2.316,			0.238,			0.054
760,	1,	512.0,	192.156,			2.03,			0.218,			0.051
761,	1,	103.0,	192.193,			1.007,			0.283,			0.059
762,	2,	156.0,	192.213,			13.038,			1.33,			0.157
763,	1,	169.0,	192.517,			1.327,			0.147,			0.052
764,	1,	16.0,	192.527,			1.708,			0.159,			0.055
765,	1,	103.0,	192.695,			1.878,			0.231,			0.054
766,	1,	44.0,	192.837,			2.647,			0.284,			0.053
767,	1,	120.0,	192.933,			2.273,			0.255,			0.055
768,	1,	157.0,	192.991,			2.623,			0.183,			0.052
769,	1,	498.0,	193.087,			2.175,			0.207,			0.051
770,	1,	44.0,	193.188,			1.128,			0.118,			0.052
771,	1,	6.0,	193.34,			2.686,			0.275,			0.058
772,	1,	126.0,	193.575,			1.42,			0.193,			0.055
773,	1,	30.0,	193.718,			2.351,			0.193,			0.056
774,	1,	387.0,	193.912,			2.328,			0.129,			0.06
775,	1,	44.0,	193.961,			2.889,			0.174,			0.055
776,	1,	59.0,	194.123,			1.483,			0.186,			0.056
777,	1,	103.0,	194.131,			2.085,			0.183,			0.059
778,	1,	44.0,	194.314,			2.369,			0.197,			0.056
779,	1,	126.0,	194.341,			1.083,			0.142,			0.056
780,	1,	10.0,	195.53,			1.651,			0.169,			0.058
781,	1,	103.0,	195.59,			2.415,			0.239,			0.051
782,	2,	135.0,	195.636,			12.909,			1.056,			0.162
783,	1,	6.0,	195.869,			2.26,			0.192,			0.055
784,	1,	90.0,	196.64,			2.795,			0.103,			0.06
785,	1,	498.0,	196.747,			2.802,			0.27,			0.056
786,	1,	90.0,	196.766,			1.969,			0.22,			0.058
787,	1,	512.0,	196.888,			1.596,			0.136,			0.055
788,	1,	6.0,	197.124,			1.67,			0.108,			0.051
789,	1,	214.0,	197.616,			2.576,			0.277,			0.059
790,	1,	28.0,	197.631,			2.984,			0.233,			0.055
791,	1,	7.0,	197.984,			2.706,			0.184,			0.059
792,	1,	49.0,	198.158,			2.317,			0.159,			0.053
793,	2,	138.0,	198.218,			13.615,			1.409,			0.18
794,	1,	559.0,	198.504,			1.402,			0.275,			0.059
795,	1,	49.0,	198.648,			2.625,			0.221,			0.06
796,	2,	132.0,	198.655,			10.96,			1.058,			0.194
797,	1,	7.0,	199.19,			2.567,			0.279,			0.06
798,	1,	559.0,	199.301,			1.213,			0.21,			0.057
799,	1,	157.0,	199.311,			2.509,			0.231,			0.053
800,	2,	88.0,	199.561,			14.914,			1.417,			0.123
801,	2,	192.0,	199.834,			13.743,			1.41,			0.185
802,	1,	498.0,	200.637,			1.025,			0.238,			0.059
803,	1,	7.0,	200.657,			1.663,			0.114,			0.058
804,	1,	44.0,	200.783,			2.138,			0.279,			0.054
805,	1,	146.0,	201.377,			1.631,			0.288,			0.053
806,	1,	28.0,	201.417,			2.232,			0.195,			0.052
807,	1,	146.0,	202.157,			2.398,			0.179,			0.052
808,	1,	387.0,	202.281,			1.698,			0.161,			0.057
809,	1,	157.0,	202.755,			1.432,			0.121,			0.057
810,	2,	112.0,	202.795,			14.977,			1.382,			0.169
811,	2,	162.0,	202.888,			12.912,			1.192,			0.176
812,	2,	174.0,	202.983,			10.187,			1.218,			0.127
813,	1,	7.0,	203.758,			2.976,			0.152,			0.054
814,	1,	30.0,	204.425,			2.379,			0.188,			0.055
815,	1,	28.0,	204.671,			1.755,			0.238,			0.055
816,	2,	162.0,	205.179,			11.578,			1.322,			0.119
817,	1,	7.0,	205.194,			1.61,			0.234,			0.052
818,	1,	30.0,	205.567,			2.288,			0.158,			0.059
819,	2,	101.0,	205.608,			13.038,			1.089,			0.16
820,	1,	44.0,	205.889,			1.988,			0.241,			0.057
821,	2,	118.0,	206.088,			10.506,			1.337,			0.176
822,	1,	447.0,	206.2,			2.252,			0.135,			0.051
823,	1,	379.0,	206.229,			1.679,			0.146,			0.055
824,	1,	6.0,	206.276,			2.56,			0.256,			0.051
825,	1,	6.0,	206.54,			1.434,			0.284,			0.053
826,	1,	28.0,	206.576,			1.582,			0.175,			0.06
827,	1,	146.0,	206.903,			2.454,			0.286,			0.051
828,	1,	90.0,	207.726,			1.505,			0.127,			0.051
829,	1,	7.0,	208.07,			2.256,			0.216,			0.057
830,	1,	44.0,	208.194,			1.424,			0.278,			0.052
831,	1,	6.0,	208.309,			1.631,			0.28,			0.05
832,	1,	103.0,	208.355,			2.176,			0.171,			0.052
833,	1,	28.0,	208.501,			1.03,			0.218,			0.05
834,	1,	7.0,	208.927,			1.766,			0.192,			0.056
835,	1,	103.0,	209.036,			2.935,			0.169,			0.054
836,	1,	6.0,	209.214,			1.25,			0.162,			0.05
837,	1,	387.0,	209.241,			1.478,			0.107,			0.052
838,	1,	379.0,	209.258,			1.086,			0.154,			0.058
839,	1,	169.0,	209.416,			2.273,			0.203,			0.051
840,	1,	44.0,	209.605,			2.09,			0.288,			0.059
841,	1,	6.0,	210.099,			2.661,			0.102,			0.055
842,	1,	120.0,	210.118,			1.128,			0.29,			0.056
843,	1,	498.0,	210.713,			2.346,			0.121,			0.05
844,	1,	44.0,	210.877,			2.364,			0.284,			0.052
845,	1,	214.0,	211.011,			1.367,			0.197,			0.054
846,	1,	30.0,	212.672,			1.515,			0.247,			0.053
847,	2,	146.0,	212.693,			13.894,			1.236,			0.125
848,	1,	559.0,	212.921,			1.435,			0.166,			0.056
849,	1,	103.0,	213.158,			1.035,			0.278,			0.058
850,	1,	387.0,	213.336,			1.119,			0.277,			0.058
851,	2,	172.0,	213.551,			13.059,			1.404,			0.177
852,	2,	298.0,	213.611,			11.34,			1.488,			0.196
853,	1,	7.0,	214.17,			2.43,			0.206,			0.052
854,	1,	103.0,	214.485,			2.524,			0.112,			0.054
855,	1,	146.0,	214.668,			1.402,			0.161,			0.051
856,	1,	16.0,	214.813,			1.168,			0.164,			0.06
857,	1,	59.0,	214.975,			2.799,			0.287,			0.052
858,	2,	168.0,	215.041,			12.064,			1.179,			0.184
859,	1,	387.0,	215.183,			1.853,			0.189,			0.058
860,	1,	28.0,	215.4,			2.945,			0.198,			0.059
861,	1,	6.0,	215.573,			2.532,			0.156,			0.052
862,	1,	498.0,	215.701,			1.578,			0.298,			0.05
863,	1,	59.0,	215.722,			1.313,			0.171,			0.051
864,	2,	98.0,	216.35,			14.513,			1.164,			0.18
865,	2,	132.0,	216.76,			13.613,			1.07,			0.107
866,	1,	387.0,	216.921,			1.61,			0.241,			0.054
867,	1,	7.0,	217.009,			2.643,			0.178,			0.06
868,	2,	155.0,	217.121,			14.871,			1.44,			0.132
869,	1,	30.0,	217.492,			1.428,			0.176,			0.055
870,	1,	387.0,	217.875,			2.222,			0.231,			0.057
871,	1,	169.0,	218.598,			1.421,			0.121,			0.06
872,	1,	559.0,	219.069,			1.613,			0.275,			0.053
873,	1,	146.0,	219.406,			2.179,			0.113,			0.06
874,	1,	95.0,	219.473,			1.488,			0.239,			0.054
875,	1,	28.0,	219.926,			2.088,			0.157,			0.057
876,	1,	214.0,	220.243,			2.748,			0.262,			0.054
877,	1,	379.0,	220.508,			2.663,			0.292,			0.057
878,	1,	447.0,	220.95,			1.587,			0.19,			0.05
879,	1,	44.0,	221.109,			1.484,			0.12,			0.057
880,	1,	7.0,	221.816,			1.293,			0.189,			0.057
881,	2,	247.0,	221.866,			10.114,			1.319,			0.124
882,	1,	214.0,	222.173,			2.346,			0.118,			0.058
883,	1,	10.0,	222.644,			2.598,			0.211,			0.058
884,	1,	13.0,	223.199,			2.509,			0.234,			0.056
885,	1,	16.0,	224.181,			2.579,			0.277,			0.055
886,	1,	146.0,	224.223,			2.901,			0.223,			0.057
887,	1,	44.0,	224.351,			1.876,			0.166,			0.06
888,	1,	44.0,	224.676,			1.478,			0.113,			0.06
889,	1,	16.0,	225.073,			1.985,			0.228,			0.058
890,	2,	247.0,	225.941,			11.405,			1.264,			0.138
891,	1,	447.0,	226.057,			1.878,			0.177,			0.059
892,	1,	30.0,	226.976,			2.219,			0.179,			0.059
893,	1,	169.0,	227.129,			1.561,			0.242,			0.054
894,	2,	293.0,	227.424,			14.064,			1.324,			0.195
895,	1,	126.0,	227.458,			2.663,			0.108,			0.055
896,	1,	512.0,	227.796,			2.241,			0.122,			0.056
897,	1,	6.0,	227.864,			1.035,			0.233,			0.056
898,	2,	112.0,	228.194,			13.193,			1.055,			0.149
899,	1,	559.0,	228.208,			1.083,			0.198,			0.055
900,	1,	146.0,	228.302,			1.398,			0.172,			0.054
901,	2,	177.0,	229.514,			11.533,			1.142,			0.175
902,	2,	146.0,	230.784,			13.667,			1.384,			0.185
903,	1,	169.0,	230.919,			2.498,			0.22,			0.053
904,	1,	214.0,	231.614,			1.464,			0.244,			0.051
905,	2,	143.0,	232.163,			13.17,			1.008,			0.105
906,	1,	59.0,	232.476,			1.366,			0.251,			0.05
907,	1,	30.0,	232.716,			2.748,			0.298,			0.053
908,	1,	447.0,	234.038,			2.717,			0.195,			0.06
909,	1,	16.0,	234.315,			1.748,			0.217,			0.058
910,	1,	512.0,	235.188,			1.431,			0.242,			0.058
911,	1,	28.0,	235.467,			2.599,			0.101,			0.053
912,	1,	169.0,	235.642,			1.495,			0.21,			0.056
913,	2,	120.0,	235.796,			13.89,			1.326,			0.113
914,	2,	141.0,	237.301,			12.569,			1.139,			0.111
915,	1,	7.0,	237.697,			1.566,			0.19,			0.056
916,	1,	512.0,	238.288,			1.731,			0.295,			0.052
917,	1,	6.0,	238.76,			2.298,			0.165,			0.053
918,	1,	7.0,	239.004,			1.688,			0.226,			0.058
919,	1,	7.0,	239.505,			2.43,			0.267,			0.05
920,	1,	559.0,	239.613,			2.073,			0.263,			0.058
921,	1,	103.0,	239.794,			1.164,			0.266,			0.052
922,	1,	6.0,	240.047,			1.028,			0.283,			0.056
923,	1,	59.0,	240.175,			2.454,			0.208,			0.058
924,	2,	70.0,	240.309,			11.091,			1.403,			0.151
925,	1,	512.0,	240.638,			2.169,			0.284,			0.052
926,	1,	7.0,	241.023,			1.639,			0.202,			0.058
927,	1,	28.0,	241.278,			1.581,			0.236,			0.052
928,	2,	119.0,	242.405,			11.884,			1.335,			0.117
929,	2,	254.0,	245.63,			12.564,			1.121,			0.125
930,	2,	269.0,	247.148,			13.06,			1.133,			0.196
931,	1,	387.0,	249.246,			2.283,			0.107,			0.055
932,	2,	277.0,	249.405,			14.737,			1.182,			0.141
933,	1,	169.0,	249.536,			2.244,			0.245,			0.059
934,	2,	160.0,	249.89,			14.162,			1.171,			0.134
935,	1,	214.0,	249.913,			1.587,			0.211,			0.052
936,	1,	7.0,	251.464,			2.187,			0.182,			0.058
937,	2,	147.0,	252.454,			10.524,			1.306,			0.122
938,	2,	150.0,	252.767,			12.383,			1.295,			0.142
939,	1,	120.0,	252.902,			2.678,			0.128,			0.053
940,	2,	215.0,	254.392,			10.882,			1.321,			0.143
941,	1,	95.0,	255.49,			1.211,			0.205,			0.058
942,	1,	6.0,	256.317,			1.178,			0.277,			0.059
943,	1,	7.0,	256.448,			1.968,			0.133,			0.053
944,	1,	13.0,	257.329,			2.412,			0.23,			0.051
945,	2,	142.0,	258.171,			11.993,			1.492,			0.147
946,	2,	36.0,	259.516,			10.681,			1.095,			0.107
947,	2,	275.0,	259.633,			11.591,			1.351,			0.171
948,	2,	78.0,	260.399,			12.192,			1.302,			0.143
949,	2,	149.0,	260.749,			10.383,			1.483,			0.2
950,	2,	103.0,	261.038,			10.702,			1.022,			0.141
951,	1,	214.0,	261.045,			1.912,			0.262,			0.057
952,	2,	115.0,	261.96,			14.099,			1.391,			0.128
953,	2,	159.0,	263.025,			14.136,			1.091,			0.142
954,	2,	183.0,	263.26,			11.488,			1.098,			0.188
955,	2,	74.0,	263.297,			12.346,			1.01,			0.159
956,	1,	379.0,	264.029,			1.532,			0.277,			0.051
957,	1,	7.0,	264.06,			2.296,			0.263,			0.052
958,	2,	179.0,	264.16,			14.646,			1.424,			0.181
959,	2,	105.0,	264.297,			10.72,			1.082,			0.133
960,	1,	559.0,	265.88,			1.706,			0.159,			0.051
961,	1,	379.0,	266.883,			1.331,			0.172,			0.053
962,	2,	155.0,	267.044,			13.135,			1.335,			0.125
963,	2,	317.0,	267.83,			10.413,			1.293,			0.117
964,	2,	126.0,	268.503,			14.653,			1.128,			0.152
965,	2,	119.0,	269.8,			13.86,			1.252,			0.104
966,	2,	376.0,	269.803,			10.877,			1.285,			0.174
967,	1,	59.0,	270.308,			1.729,			0.265,			0.055
968,	2,	142.0,	270.89,			10.319,			1.394,			0.132
969,	2,	61.0,	271.724,			14.917,			1.093,			0.142
970,	2,	73.0,	272.038,			10.118,			1.186,			0.108
971,	2,	192.0,	272.46,			10.178,			1.068,			0.177
972,	2,	104.0,	273.69,			11.994,			1.12,			0.101
973,	2,	172.0,	273.815,			10.083,			1.416,			0.187
974,	2,	174.0,	274.457,			13.671,			1.454,			0.101
975,	2,	91.0,	275.105,			11.588,			1.144,			0.19
976,	2,	129.0,	275.97,			12.826,			1.0,			0.155
977,	2,	187.0,	276.637,			10.413,			1.263,			0.133
978,	2,	110.0,	276.74,			14.14,			1.401,			0.197
979,	2,	131.0,	277.033,			13.264,			1.086,			0.123
980,	1,	7.0,	277.207,			1.481,			0.122,			0.054
981,	2,	193.0,	279.239,			12.125,			1.229,			0.134
982,	2,	242.0,	279.299,			13.162,			1.477,			0.179
983,	2,	94.0,	279.679,			10.16,			1.36,			0.179
984,	2,	147.0,	279.776,			13.222,			1.029,			0.149
985,	2,	62.0,	285.678,			14.692,			1.494,			0.135
986,	1,	512.0,	286.338,			1.571,			0.299,			0.05
987,	2,	24.0,	286.56,			10.491,			1.227,			0.108
988,	1,	49.0,	286.847,			1.483,			0.266,			0.056
989,	2,	110.0,	287.211,			10.4,			1.279,			0.195
990,	2,	73.0,	287.353,			10.074,			1.285,			0.181
991,	2,	228.0,	287.644,			13.549,			1.369,			0.138
992,	2,	178.0,	288.047,			11.869,			1.455,			0.173
993,	2,	66.0,	288.991,			12.569,			1.304,			0.126
994,	1,	559.0,	290.172,			1.168,			0.251,			0.059
995,	2,	173.0,	290.78,			11.135,			1.312,			0.151
996,	2,	154.0,	292.109,			13.613,			1.397,			0.171
997,	1,	7.0,	292.96,			1.587,			0.297,			0.053
998,	2,	181.0,	298.16,			10.617,			1.005,			0.163
999,	2,	100.0,	299.562,			14.513,			1.043,			0.124
1000,	1,	49.0,	300.0,			2.795,			0.206,			0.054
