#, task_type_id, size, arrival_time,	execution_time_cpu,	execution_time_gpu,	execution_time_CLOUD
1,	1,	146.0,	0.0,			2.52,			0.208,			0.054
2,	2,	142.0,	2.747,			13.163,			1.097,			0.121
3,	2,	99.0,	4.562,			10.756,			1.463,			0.157
4,	2,	180.0,	6.068,			12.971,			1.265,			0.125
5,	2,	133.0,	6.298,			13.442,			1.262,			0.11
6,	2,	136.0,	6.445,			13.667,			1.484,			0.184
7,	2,	195.0,	7.904,			10.594,			1.473,			0.143
8,	2,	59.0,	8.068,			14.49,			1.365,			0.19
9,	2,	143.0,	8.803,			10.316,			1.014,			0.198
10,	2,	133.0,	10.743,			12.463,			1.108,			0.199
11,	2,	153.0,	10.907,			14.028,			1.334,			0.149
12,	2,	87.0,	11.207,			12.964,			1.104,			0.159
13,	2,	134.0,	11.216,			12.132,			1.389,			0.149
14,	2,	65.0,	13.716,			13.463,			1.046,			0.169
15,	2,	234.0,	14.761,			14.818,			1.065,			0.196
16,	2,	218.0,	17.876,			10.751,			1.473,			0.184
17,	2,	198.0,	18.999,			11.993,			1.29,			0.191
18,	1,	95.0,	20.463,			2.661,			0.289,			0.052
19,	2,	262.0,	20.546,			13.758,			1.088,			0.119
20,	1,	59.0,	20.557,			1.982,			0.228,			0.053
21,	2,	117.0,	22.158,			14.114,			1.252,			0.157
22,	1,	126.0,	22.589,			2.198,			0.205,			0.052
23,	1,	16.0,	22.854,			2.991,			0.175,			0.051
24,	2,	167.0,	24.517,			13.316,			1.054,			0.133
25,	1,	6.0,	27.954,			2.364,			0.222,			0.053
26,	2,	192.0,	28.476,			11.289,			1.095,			0.125
27,	1,	169.0,	28.885,			1.706,			0.294,			0.051
28,	2,	90.0,	31.228,			13.101,			1.454,			0.129
29,	2,	151.0,	31.232,			12.608,			1.294,			0.133
30,	2,	145.0,	34.104,			12.101,			1.391,			0.181
31,	2,	63.0,	34.522,			12.701,			1.099,			0.107
32,	2,	188.0,	34.903,			11.496,			1.224,			0.121
33,	1,	214.0,	35.124,			1.043,			0.272,			0.053
34,	1,	44.0,	36.492,			1.164,			0.154,			0.056
35,	1,	44.0,	37.051,			1.421,			0.278,			0.056
36,	1,	7.0,	38.063,			2.366,			0.279,			0.053
37,	1,	103.0,	38.444,			2.198,			0.124,			0.05
38,	2,	355.0,	38.631,			12.434,			1.279,			0.151
39,	2,	122.0,	39.375,			10.485,			1.076,			0.112
40,	1,	120.0,	39.901,			2.802,			0.158,			0.051
41,	2,	289.0,	40.569,			13.095,			1.212,			0.166
42,	2,	72.0,	41.011,			10.886,			1.036,			0.117
43,	2,	238.0,	41.332,			11.449,			1.465,			0.125
44,	2,	208.0,	42.626,			11.99,			1.456,			0.124
45,	2,	168.0,	42.649,			13.181,			1.423,			0.198
46,	1,	120.0,	42.895,			1.72,			0.274,			0.054
47,	2,	74.0,	43.18,			12.132,			1.405,			0.151
48,	1,	379.0,	43.584,			2.984,			0.116,			0.052
49,	1,	214.0,	44.13,			2.384,			0.221,			0.059
50,	1,	44.0,	44.955,			1.302,			0.203,			0.057
51,	1,	13.0,	45.351,			2.366,			0.233,			0.055
52,	2,	174.0,	46.534,			13.667,			1.193,			0.198
53,	2,	102.0,	47.633,			13.795,			1.435,			0.132
54,	2,	167.0,	49.038,			14.859,			1.116,			0.176
55,	2,	143.0,	49.312,			12.271,			1.4,			0.136
56,	2,	105.0,	50.302,			14.132,			1.36,			0.122
57,	1,	169.0,	50.408,			2.09,			0.195,			0.056
58,	1,	498.0,	50.43,			2.58,			0.199,			0.057
59,	1,	126.0,	50.622,			2.772,			0.152,			0.056
60,	1,	59.0,	51.074,			1.115,			0.19,			0.057
61,	1,	103.0,	51.408,			1.728,			0.263,			0.059
62,	1,	146.0,	52.749,			1.386,			0.195,			0.051
63,	1,	13.0,	53.356,			1.732,			0.198,			0.052
64,	1,	7.0,	53.456,			1.435,			0.279,			0.057
65,	1,	49.0,	54.014,			1.431,			0.109,			0.052
66,	2,	213.0,	54.721,			13.849,			1.375,			0.145
67,	2,	278.0,	54.873,			12.105,			1.166,			0.2
68,	1,	6.0,	55.193,			1.683,			0.267,			0.057
69,	2,	253.0,	55.528,			11.247,			1.134,			0.117
70,	1,	6.0,	56.783,			2.14,			0.189,			0.058
71,	1,	157.0,	57.334,			2.76,			0.253,			0.057
72,	1,	146.0,	57.345,			1.706,			0.287,			0.052
73,	1,	146.0,	59.161,			2.328,			0.169,			0.051
74,	2,	134.0,	61.048,			12.809,			1.262,			0.105
75,	2,	129.0,	62.371,			13.437,			1.498,			0.163
76,	1,	447.0,	63.115,			2.288,			0.256,			0.05
77,	1,	10.0,	63.629,			1.731,			0.197,			0.054
78,	1,	214.0,	65.457,			2.26,			0.161,			0.056
79,	1,	447.0,	65.511,			1.977,			0.198,			0.052
80,	2,	61.0,	66.11,			12.435,			1.292,			0.105
81,	1,	559.0,	66.319,			1.433,			0.146,			0.052
82,	2,	111.0,	66.707,			11.488,			1.25,			0.15
83,	1,	120.0,	67.114,			1.376,			0.171,			0.052
84,	1,	13.0,	67.478,			2.945,			0.131,			0.052
85,	1,	120.0,	67.584,			2.378,			0.109,			0.059
86,	1,	90.0,	68.621,			1.26,			0.12,			0.053
87,	1,	16.0,	68.764,			2.813,			0.254,			0.057
88,	1,	49.0,	69.96,			1.188,			0.133,			0.06
89,	1,	512.0,	70.18,			2.057,			0.174,			0.052
90,	2,	38.0,	70.773,			10.756,			1.222,			0.148
91,	1,	146.0,	70.88,			1.115,			0.198,			0.06
92,	1,	16.0,	70.919,			1.007,			0.25,			0.055
93,	2,	208.0,	72.302,			12.134,			1.437,			0.167
94,	1,	44.0,	72.58,			2.176,			0.183,			0.056
95,	1,	120.0,	73.213,			2.324,			0.171,			0.056
96,	2,	225.0,	73.24,			13.575,			1.416,			0.174
97,	1,	559.0,	73.555,			1.313,			0.161,			0.054
98,	2,	117.0,	74.027,			12.443,			1.075,			0.145
99,	1,	59.0,	74.451,			1.982,			0.142,			0.052
100,	2,	196.0,	75.048,			11.772,			1.015,			0.114
101,	1,	559.0,	75.29,			1.807,			0.101,			0.056
102,	1,	16.0,	75.839,			1.358,			0.239,			0.058
103,	1,	157.0,	76.229,			2.643,			0.135,			0.052
104,	2,	140.0,	76.354,			11.342,			1.022,			0.133
105,	1,	120.0,	76.468,			2.655,			0.245,			0.06
106,	1,	7.0,	76.727,			2.819,			0.265,			0.053
107,	1,	10.0,	76.762,			2.226,			0.167,			0.059
108,	1,	28.0,	76.866,			1.582,			0.297,			0.051
109,	2,	217.0,	77.281,			10.226,			1.27,			0.164
110,	1,	30.0,	77.396,			1.211,			0.201,			0.059
111,	2,	187.0,	77.543,			13.785,			1.296,			0.159
112,	1,	379.0,	78.654,			1.16,			0.215,			0.055
113,	1,	6.0,	78.715,			2.157,			0.125,			0.052
114,	1,	95.0,	78.88,			2.673,			0.284,			0.057
115,	1,	90.0,	79.266,			1.728,			0.109,			0.058
116,	1,	6.0,	79.363,			1.249,			0.297,			0.055
117,	1,	7.0,	79.426,			1.356,			0.109,			0.057
118,	1,	28.0,	79.96,			1.431,			0.179,			0.052
119,	2,	48.0,	80.171,			11.34,			1.162,			0.186
120,	1,	95.0,	80.722,			2.11,			0.19,			0.054
121,	1,	120.0,	81.228,			2.565,			0.194,			0.053
122,	1,	95.0,	82.728,			2.565,			0.146,			0.058
123,	1,	10.0,	83.515,			1.291,			0.249,			0.056
124,	2,	106.0,	84.115,			13.163,			1.06,			0.166
125,	1,	512.0,	84.156,			1.45,			0.22,			0.058
126,	1,	512.0,	84.499,			1.61,			0.194,			0.056
127,	2,	79.0,	84.604,			14.152,			1.25,			0.166
128,	1,	559.0,	84.805,			1.752,			0.113,			0.059
129,	2,	118.0,	85.292,			13.136,			1.382,			0.192
130,	2,	232.0,	85.309,			12.296,			1.392,			0.142
131,	1,	7.0,	85.33,			1.096,			0.21,			0.054
132,	1,	169.0,	85.372,			2.984,			0.12,			0.058
133,	1,	7.0,	85.501,			2.616,			0.108,			0.053
134,	1,	559.0,	85.533,			2.187,			0.148,			0.055
135,	1,	7.0,	85.539,			1.293,			0.288,			0.054
136,	1,	498.0,	86.441,			2.155,			0.195,			0.06
137,	1,	379.0,	86.713,			1.071,			0.113,			0.06
138,	1,	387.0,	87.268,			1.371,			0.215,			0.051
139,	1,	44.0,	87.402,			2.726,			0.127,			0.052
140,	1,	126.0,	88.038,			2.0,			0.222,			0.05
141,	1,	512.0,	88.624,			2.122,			0.289,			0.054
142,	1,	13.0,	88.947,			1.484,			0.214,			0.055
143,	1,	146.0,	88.974,			2.0,			0.23,			0.059
144,	1,	6.0,	88.999,			1.305,			0.266,			0.056
145,	2,	114.0,	89.762,			10.177,			1.103,			0.122
146,	1,	146.0,	89.817,			1.316,			0.114,			0.052
147,	1,	103.0,	89.867,			2.016,			0.119,			0.05
148,	1,	6.0,	90.032,			2.103,			0.233,			0.056
149,	1,	90.0,	90.668,			2.377,			0.221,			0.051
150,	1,	7.0,	90.983,			2.807,			0.106,			0.054
151,	2,	73.0,	92.25,			10.553,			1.263,			0.127
152,	1,	7.0,	92.494,			2.377,			0.1,			0.057
153,	1,	146.0,	92.677,			2.318,			0.265,			0.057
154,	1,	6.0,	93.234,			1.157,			0.19,			0.051
155,	2,	180.0,	93.272,			10.244,			1.347,			0.156
156,	1,	6.0,	93.879,			1.091,			0.121,			0.057
157,	1,	7.0,	94.014,			1.121,			0.172,			0.058
158,	1,	387.0,	94.278,			1.748,			0.103,			0.053
159,	2,	119.0,	95.108,			13.038,			1.083,			0.13
160,	2,	98.0,	95.471,			12.014,			1.021,			0.197
161,	1,	6.0,	95.819,			1.731,			0.299,			0.057
162,	1,	120.0,	96.271,			2.709,			0.235,			0.056
163,	1,	6.0,	96.527,			2.907,			0.272,			0.058
164,	1,	146.0,	96.531,			1.844,			0.172,			0.051
165,	1,	7.0,	96.6,			2.016,			0.297,			0.056
166,	1,	7.0,	96.709,			2.935,			0.247,			0.053
167,	1,	387.0,	96.716,			2.415,			0.212,			0.059
168,	1,	49.0,	96.958,			1.433,			0.142,			0.059
169,	1,	120.0,	97.107,			2.225,			0.149,			0.053
170,	1,	7.0,	97.125,			2.448,			0.255,			0.058
171,	1,	447.0,	97.96,			1.731,			0.129,			0.059
172,	1,	95.0,	98.002,			2.154,			0.161,			0.059
173,	1,	387.0,	98.017,			2.317,			0.136,			0.051
174,	1,	214.0,	98.034,			2.179,			0.121,			0.051
175,	1,	559.0,	98.174,			2.864,			0.19,			0.058
176,	1,	13.0,	98.296,			2.796,			0.279,			0.057
177,	1,	379.0,	98.574,			1.313,			0.165,			0.057
178,	1,	7.0,	98.616,			1.467,			0.169,			0.053
179,	1,	214.0,	99.078,			2.857,			0.172,			0.059
180,	1,	146.0,	99.816,			1.924,			0.2,			0.06
181,	1,	28.0,	99.886,			1.698,			0.137,			0.059
182,	1,	214.0,	99.91,			1.467,			0.183,			0.059
183,	2,	168.0,	99.934,			11.001,			1.047,			0.152
184,	1,	146.0,	100.069,			1.103,			0.18,			0.053
185,	1,	90.0,	100.118,			2.346,			0.208,			0.06
186,	1,	44.0,	100.142,			1.864,			0.153,			0.055
187,	1,	7.0,	100.714,			1.145,			0.288,			0.057
188,	2,	166.0,	100.809,			13.973,			1.172,			0.132
189,	1,	387.0,	100.919,			2.063,			0.257,			0.057
190,	1,	120.0,	101.055,			1.279,			0.22,			0.054
191,	1,	7.0,	101.111,			2.956,			0.203,			0.06
192,	1,	30.0,	101.182,			2.092,			0.205,			0.057
193,	2,	123.0,	101.246,			12.786,			1.126,			0.109
194,	1,	512.0,	101.826,			2.565,			0.11,			0.058
195,	1,	30.0,	101.959,			2.073,			0.202,			0.052
196,	1,	146.0,	102.015,			1.84,			0.12,			0.057
197,	1,	90.0,	102.026,			1.211,			0.21,			0.052
198,	1,	90.0,	102.041,			1.75,			0.299,			0.055
199,	1,	146.0,	102.07,			1.655,			0.258,			0.055
200,	2,	146.0,	102.629,			13.878,			1.402,			0.104
201,	1,	103.0,	102.877,			1.749,			0.161,			0.05
202,	1,	146.0,	102.904,			2.43,			0.288,			0.054
203,	1,	559.0,	102.941,			1.625,			0.129,			0.058
204,	2,	66.0,	102.983,			12.089,			1.324,			0.16
205,	1,	387.0,	103.07,			2.316,			0.288,			0.05
206,	1,	146.0,	103.184,			1.662,			0.13,			0.051
207,	1,	146.0,	103.545,			1.833,			0.26,			0.056
208,	1,	559.0,	103.66,			1.426,			0.139,			0.055
209,	1,	103.0,	103.876,			1.879,			0.159,			0.05
210,	1,	28.0,	103.908,			1.047,			0.268,			0.053
211,	1,	95.0,	104.129,			2.326,			0.109,			0.058
212,	1,	103.0,	104.411,			1.119,			0.162,			0.054
213,	1,	7.0,	104.739,			1.631,			0.296,			0.055
214,	1,	214.0,	104.891,			2.768,			0.166,			0.058
215,	1,	6.0,	105.042,			2.244,			0.241,			0.058
216,	1,	28.0,	105.228,			1.981,			0.191,			0.054
217,	1,	30.0,	105.662,			1.525,			0.209,			0.056
218,	1,	146.0,	105.964,			2.155,			0.155,			0.058
219,	1,	7.0,	106.031,			1.4,			0.113,			0.051
220,	1,	120.0,	106.3,			2.936,			0.209,			0.052
221,	1,	559.0,	106.404,			1.403,			0.106,			0.057
222,	1,	387.0,	106.547,			2.636,			0.222,			0.057
223,	1,	7.0,	106.748,			1.933,			0.123,			0.05
224,	1,	447.0,	106.811,			1.612,			0.121,			0.057
225,	1,	7.0,	106.871,			1.821,			0.238,			0.055
226,	1,	103.0,	107.293,			2.907,			0.109,			0.056
227,	1,	90.0,	107.354,			1.868,			0.288,			0.055
228,	1,	157.0,	107.532,			2.58,			0.174,			0.05
229,	2,	59.0,	107.535,			10.921,			1.021,			0.111
230,	2,	317.0,	107.888,			10.268,			1.239,			0.125
231,	1,	95.0,	108.204,			1.229,			0.228,			0.057
232,	1,	6.0,	108.283,			1.801,			0.228,			0.055
233,	1,	16.0,	108.635,			1.645,			0.145,			0.056
234,	1,	169.0,	108.928,			2.288,			0.203,			0.058
235,	1,	59.0,	109.004,			1.217,			0.255,			0.06
236,	1,	6.0,	109.087,			1.857,			0.234,			0.052
237,	1,	28.0,	109.165,			2.87,			0.243,			0.05
238,	1,	387.0,	109.19,			1.158,			0.22,			0.051
239,	1,	7.0,	109.459,			1.293,			0.215,			0.059
240,	1,	28.0,	109.615,			1.504,			0.192,			0.057
241,	1,	379.0,	109.725,			2.52,			0.109,			0.059
242,	1,	13.0,	109.89,			1.366,			0.124,			0.051
243,	1,	28.0,	110.044,			2.797,			0.122,			0.06
244,	1,	7.0,	110.17,			1.878,			0.244,			0.058
245,	1,	7.0,	110.266,			1.241,			0.174,			0.055
246,	2,	148.0,	110.421,			10.279,			1.083,			0.176
247,	1,	379.0,	110.79,			1.45,			0.186,			0.054
248,	1,	559.0,	110.931,			1.756,			0.166,			0.052
249,	1,	28.0,	110.986,			2.838,			0.282,			0.058
250,	1,	13.0,	111.187,			2.795,			0.15,			0.057
251,	2,	133.0,	111.322,			14.43,			1.262,			0.105
252,	2,	215.0,	111.584,			11.583,			1.469,			0.197
253,	1,	559.0,	111.613,			1.499,			0.198,			0.056
254,	1,	49.0,	111.927,			1.104,			0.28,			0.053
255,	1,	6.0,	111.984,			1.596,			0.208,			0.057
256,	1,	103.0,	112.005,			2.198,			0.122,			0.056
257,	1,	7.0,	112.138,			1.753,			0.272,			0.052
258,	1,	10.0,	112.197,			2.807,			0.292,			0.051
259,	1,	157.0,	112.272,			1.548,			0.263,			0.05
260,	1,	157.0,	112.292,			2.973,			0.228,			0.052
261,	1,	498.0,	112.328,			2.1,			0.116,			0.051
262,	1,	7.0,	112.44,			1.848,			0.198,			0.054
263,	1,	214.0,	112.623,			2.533,			0.292,			0.059
264,	1,	95.0,	112.646,			2.26,			0.194,			0.051
265,	1,	90.0,	113.118,			1.431,			0.288,			0.059
266,	1,	90.0,	113.225,			1.998,			0.133,			0.055
267,	1,	126.0,	113.502,			2.893,			0.108,			0.052
268,	1,	103.0,	113.522,			1.009,			0.163,			0.05
269,	1,	379.0,	113.866,			1.343,			0.199,			0.056
270,	1,	169.0,	113.971,			1.561,			0.244,			0.054
271,	2,	103.0,	114.293,			10.035,			1.171,			0.135
272,	1,	49.0,	114.367,			1.988,			0.151,			0.057
273,	1,	6.0,	114.598,			2.562,			0.284,			0.055
274,	1,	10.0,	114.779,			1.876,			0.135,			0.054
275,	1,	379.0,	114.817,			1.009,			0.274,			0.055
276,	1,	387.0,	114.879,			2.006,			0.249,			0.059
277,	1,	30.0,	114.884,			1.386,			0.171,			0.059
278,	2,	187.0,	115.048,			11.171,			1.473,			0.11
279,	1,	44.0,	115.213,			2.223,			0.258,			0.06
280,	1,	387.0,	115.276,			1.027,			0.284,			0.057
281,	1,	126.0,	115.582,			2.2,			0.235,			0.053
282,	1,	10.0,	115.811,			1.62,			0.223,			0.057
283,	1,	379.0,	115.904,			1.659,			0.277,			0.055
284,	1,	379.0,	116.241,			1.086,			0.231,			0.054
285,	2,	223.0,	116.394,			11.772,			1.481,			0.176
286,	1,	126.0,	116.563,			1.908,			0.167,			0.052
287,	1,	49.0,	116.564,			1.707,			0.113,			0.059
288,	1,	49.0,	116.966,			2.601,			0.19,			0.06
289,	1,	7.0,	116.971,			2.498,			0.289,			0.055
290,	1,	169.0,	117.18,			2.532,			0.103,			0.057
291,	1,	7.0,	117.231,			2.588,			0.222,			0.057
292,	2,	332.0,	117.323,			12.914,			1.067,			0.159
293,	1,	7.0,	117.342,			1.79,			0.128,			0.053
294,	1,	7.0,	117.762,			2.789,			0.277,			0.051
295,	1,	16.0,	117.905,			2.407,			0.119,			0.052
296,	1,	126.0,	118.201,			2.03,			0.174,			0.056
297,	1,	49.0,	118.338,			1.875,			0.14,			0.052
298,	1,	6.0,	118.365,			1.869,			0.121,			0.054
299,	1,	498.0,	118.502,			1.79,			0.177,			0.055
300,	1,	103.0,	118.773,			2.366,			0.125,			0.058
301,	1,	512.0,	118.885,			1.756,			0.116,			0.05
302,	1,	146.0,	118.911,			2.686,			0.217,			0.056
303,	1,	126.0,	118.986,			2.757,			0.241,			0.06
304,	1,	157.0,	119.417,			1.988,			0.215,			0.056
305,	1,	59.0,	119.506,			1.86,			0.125,			0.053
306,	1,	214.0,	119.693,			1.168,			0.191,			0.057
307,	1,	44.0,	119.723,			1.501,			0.227,			0.056
308,	1,	6.0,	119.926,			2.087,			0.162,			0.056
309,	1,	10.0,	119.952,			2.645,			0.152,			0.056
310,	1,	379.0,	119.975,			1.669,			0.131,			0.056
311,	1,	498.0,	120.349,			2.895,			0.166,			0.054
312,	1,	447.0,	120.412,			1.732,			0.272,			0.052
313,	1,	7.0,	120.562,			2.926,			0.241,			0.058
314,	1,	447.0,	120.63,			2.582,			0.248,			0.057
315,	1,	157.0,	120.694,			1.535,			0.241,			0.055
316,	1,	90.0,	120.747,			1.966,			0.236,			0.057
317,	1,	214.0,	120.916,			1.431,			0.142,			0.06
318,	1,	6.0,	121.069,			1.009,			0.116,			0.058
319,	1,	387.0,	121.34,			1.051,			0.176,			0.056
320,	1,	7.0,	121.417,			1.327,			0.107,			0.058
321,	1,	7.0,	121.498,			2.858,			0.224,			0.059
322,	1,	95.0,	121.712,			1.153,			0.104,			0.057
323,	1,	379.0,	121.895,			1.669,			0.195,			0.054
324,	1,	498.0,	121.93,			2.163,			0.121,			0.054
325,	1,	146.0,	122.032,			1.414,			0.266,			0.059
326,	1,	379.0,	122.109,			1.868,			0.214,			0.056
327,	1,	59.0,	122.648,			1.353,			0.244,			0.05
328,	1,	59.0,	122.684,			1.61,			0.259,			0.056
329,	1,	16.0,	122.721,			1.75,			0.27,			0.05
330,	1,	7.0,	122.959,			1.869,			0.226,			0.056
331,	1,	7.0,	123.198,			1.985,			0.182,			0.06
332,	2,	217.0,	123.382,			10.404,			1.319,			0.13
333,	1,	7.0,	123.426,			1.913,			0.161,			0.054
334,	1,	90.0,	123.496,			1.204,			0.172,			0.06
335,	1,	30.0,	123.531,			2.143,			0.117,			0.051
336,	1,	447.0,	123.536,			2.838,			0.269,			0.052
337,	1,	512.0,	123.621,			1.715,			0.201,			0.055
338,	1,	120.0,	123.772,			2.102,			0.237,			0.058
339,	1,	59.0,	123.821,			2.116,			0.129,			0.059
340,	1,	44.0,	123.918,			1.241,			0.235,			0.053
341,	1,	30.0,	124.01,			1.79,			0.212,			0.052
342,	1,	7.0,	124.47,			1.168,			0.201,			0.051
343,	1,	387.0,	124.493,			2.449,			0.258,			0.052
344,	1,	30.0,	124.511,			2.41,			0.182,			0.06
345,	1,	28.0,	124.512,			2.8,			0.195,			0.057
346,	1,	13.0,	125.784,			1.112,			0.133,			0.057
347,	2,	137.0,	125.786,			11.134,			1.442,			0.144
348,	1,	146.0,	126.015,			2.601,			0.165,			0.054
349,	1,	103.0,	126.074,			1.61,			0.149,			0.054
350,	1,	95.0,	126.11,			2.576,			0.254,			0.057
351,	1,	512.0,	126.25,			1.864,			0.281,			0.05
352,	1,	7.0,	126.608,			1.859,			0.18,			0.057
353,	1,	7.0,	126.702,			1.263,			0.294,			0.058
354,	1,	214.0,	126.965,			1.543,			0.299,			0.054
355,	1,	95.0,	127.305,			1.225,			0.126,			0.053
356,	1,	120.0,	127.418,			2.695,			0.119,			0.052
357,	1,	6.0,	127.473,			1.153,			0.113,			0.056
358,	1,	44.0,	127.595,			1.043,			0.106,			0.056
359,	2,	78.0,	127.614,			10.586,			1.248,			0.105
360,	1,	7.0,	127.948,			2.407,			0.293,			0.054
361,	1,	13.0,	127.952,			2.096,			0.177,			0.054
362,	1,	6.0,	128.07,			2.945,			0.238,			0.056
363,	1,	146.0,	128.192,			1.455,			0.269,			0.06
364,	1,	7.0,	128.522,			1.245,			0.187,			0.056
365,	1,	559.0,	128.67,			1.988,			0.259,			0.053
366,	1,	559.0,	129.014,			1.505,			0.176,			0.052
367,	1,	559.0,	129.108,			2.799,			0.294,			0.057
368,	1,	7.0,	129.142,			1.719,			0.235,			0.052
369,	1,	169.0,	129.26,			1.119,			0.116,			0.055
370,	1,	126.0,	129.401,			2.498,			0.299,			0.051
371,	1,	379.0,	129.426,			1.72,			0.182,			0.051
372,	1,	95.0,	129.464,			1.266,			0.192,			0.06
373,	1,	44.0,	129.504,			1.509,			0.109,			0.056
374,	1,	44.0,	129.683,			1.26,			0.194,			0.057
375,	1,	169.0,	129.78,			1.025,			0.283,			0.059
376,	1,	13.0,	129.786,			1.164,			0.157,			0.051
377,	1,	126.0,	129.862,			1.317,			0.205,			0.055
378,	1,	44.0,	129.958,			1.031,			0.119,			0.051
379,	2,	111.0,	129.958,			12.987,			1.431,			0.106
380,	1,	6.0,	130.213,			1.252,			0.239,			0.057
381,	1,	7.0,	130.717,			1.708,			0.233,			0.057
382,	1,	559.0,	130.794,			1.994,			0.241,			0.052
383,	1,	90.0,	130.819,			2.522,			0.211,			0.054
384,	1,	498.0,	130.846,			1.422,			0.153,			0.053
385,	1,	7.0,	130.879,			2.711,			0.151,			0.051
386,	1,	120.0,	130.912,			1.42,			0.177,			0.055
387,	1,	7.0,	131.053,			1.047,			0.183,			0.054
388,	1,	59.0,	131.181,			2.065,			0.125,			0.056
389,	1,	30.0,	131.471,			2.088,			0.125,			0.057
390,	1,	146.0,	131.762,			1.557,			0.156,			0.059
391,	1,	512.0,	131.833,			2.879,			0.133,			0.057
392,	1,	95.0,	131.838,			1.868,			0.141,			0.054
393,	1,	90.0,	131.846,			1.783,			0.147,			0.051
394,	2,	135.0,	131.997,			14.716,			1.185,			0.145
395,	1,	120.0,	132.274,			2.378,			0.109,			0.055
396,	1,	387.0,	132.664,			1.402,			0.252,			0.05
397,	2,	235.0,	133.136,			10.443,			1.411,			0.125
398,	1,	498.0,	133.155,			2.179,			0.258,			0.053
399,	1,	169.0,	133.541,			1.523,			0.255,			0.052
400,	1,	7.0,	133.662,			1.966,			0.165,			0.056
401,	1,	379.0,	133.803,			1.141,			0.22,			0.059
402,	1,	59.0,	133.881,			1.927,			0.278,			0.053
403,	1,	44.0,	133.899,			1.435,			0.268,			0.055
404,	1,	7.0,	133.915,			1.669,			0.162,			0.05
405,	1,	28.0,	134.376,			1.875,			0.294,			0.051
406,	1,	169.0,	134.48,			2.628,			0.298,			0.051
407,	1,	6.0,	134.6,			1.243,			0.216,			0.057
408,	1,	7.0,	134.71,			2.866,			0.272,			0.054
409,	1,	6.0,	134.769,			2.051,			0.251,			0.058
410,	1,	498.0,	134.909,			2.52,			0.296,			0.054
411,	1,	59.0,	134.972,			1.869,			0.212,			0.056
412,	1,	126.0,	135.045,			1.756,			0.167,			0.058
413,	1,	30.0,	135.091,			2.554,			0.147,			0.053
414,	1,	44.0,	135.209,			2.802,			0.136,			0.057
415,	1,	559.0,	135.283,			1.104,			0.214,			0.053
416,	1,	7.0,	135.413,			1.575,			0.174,			0.052
417,	1,	126.0,	135.646,			2.225,			0.172,			0.059
418,	1,	7.0,	135.919,			1.376,			0.192,			0.054
419,	1,	6.0,	135.962,			1.835,			0.229,			0.051
420,	1,	559.0,	136.083,			2.318,			0.25,			0.058
421,	1,	146.0,	136.371,			2.874,			0.21,			0.052
422,	1,	7.0,	136.455,			2.798,			0.217,			0.054
423,	1,	90.0,	136.731,			2.249,			0.251,			0.055
424,	2,	94.0,	136.87,			13.671,			1.159,			0.139
425,	1,	7.0,	136.895,			1.098,			0.218,			0.054
426,	1,	90.0,	137.025,			1.217,			0.139,			0.055
427,	1,	49.0,	137.094,			2.098,			0.279,			0.051
428,	1,	95.0,	137.159,			1.965,			0.152,			0.053
429,	1,	49.0,	137.341,			2.436,			0.222,			0.06
430,	1,	120.0,	137.52,			2.5,			0.255,			0.055
431,	1,	6.0,	137.592,			1.044,			0.272,			0.057
432,	1,	90.0,	137.703,			2.844,			0.286,			0.055
433,	1,	512.0,	137.72,			1.73,			0.262,			0.059
434,	1,	44.0,	137.844,			1.4,			0.206,			0.057
435,	1,	157.0,	138.548,			2.984,			0.139,			0.05
436,	1,	95.0,	138.548,			2.151,			0.23,			0.052
437,	1,	157.0,	138.584,			2.407,			0.248,			0.056
438,	1,	7.0,	138.671,			2.459,			0.235,			0.057
439,	1,	13.0,	138.818,			2.014,			0.238,			0.051
440,	1,	498.0,	139.149,			2.599,			0.101,			0.051
441,	1,	13.0,	139.315,			1.692,			0.101,			0.06
442,	1,	120.0,	139.443,			1.708,			0.221,			0.055
443,	1,	44.0,	139.457,			1.018,			0.109,			0.051
444,	1,	95.0,	139.51,			1.692,			0.268,			0.05
445,	2,	105.0,	139.706,			13.193,			1.071,			0.18
446,	1,	13.0,	139.721,			1.991,			0.169,			0.053
447,	1,	28.0,	139.995,			1.169,			0.145,			0.05
448,	1,	10.0,	139.995,			1.13,			0.186,			0.058
449,	1,	6.0,	139.996,			2.813,			0.141,			0.056
450,	1,	559.0,	140.459,			2.048,			0.165,			0.053
451,	1,	7.0,	140.474,			1.62,			0.147,			0.057
452,	1,	90.0,	140.565,			2.922,			0.159,			0.054
453,	1,	498.0,	140.64,			2.797,			0.287,			0.056
454,	1,	30.0,	140.808,			1.178,			0.223,			0.059
455,	1,	6.0,	140.892,			2.123,			0.136,			0.051
456,	1,	126.0,	140.895,			1.296,			0.19,			0.06
457,	2,	112.0,	141.249,			13.249,			1.379,			0.195
458,	1,	44.0,	141.474,			1.428,			0.242,			0.06
459,	1,	7.0,	141.589,			2.304,			0.117,			0.056
460,	2,	82.0,	142.035,			14.914,			1.128,			0.141
461,	1,	10.0,	142.136,			2.645,			0.287,			0.052
462,	1,	103.0,	142.215,			2.973,			0.276,			0.06
463,	2,	260.0,	142.225,			10.56,			1.444,			0.101
464,	1,	387.0,	142.267,			1.737,			0.239,			0.059
465,	1,	379.0,	142.294,			1.364,			0.133,			0.051
466,	1,	120.0,	143.095,			2.87,			0.291,			0.056
467,	1,	559.0,	143.517,			1.421,			0.107,			0.051
468,	1,	379.0,	143.7,			2.686,			0.28,			0.051
469,	1,	90.0,	143.759,			1.486,			0.164,			0.055
470,	1,	447.0,	143.942,			1.816,			0.253,			0.055
471,	2,	144.0,	144.079,			13.747,			1.394,			0.118
472,	1,	6.0,	144.268,			2.265,			0.132,			0.054
473,	1,	44.0,	144.481,			1.655,			0.178,			0.059
474,	1,	379.0,	144.558,			2.034,			0.216,			0.059
475,	1,	169.0,	144.574,			1.35,			0.261,			0.058
476,	1,	6.0,	144.992,			2.691,			0.264,			0.053
477,	1,	49.0,	145.259,			1.061,			0.159,			0.055
478,	1,	49.0,	145.323,			1.245,			0.221,			0.05
479,	1,	13.0,	145.327,			2.149,			0.255,			0.06
480,	1,	95.0,	145.361,			1.929,			0.156,			0.052
481,	1,	30.0,	145.432,			1.56,			0.277,			0.051
482,	1,	30.0,	145.571,			1.523,			0.233,			0.057
483,	1,	447.0,	145.573,			1.637,			0.121,			0.059
484,	2,	72.0,	145.619,			14.963,			1.408,			0.127
485,	2,	38.0,	145.88,			12.315,			1.003,			0.104
486,	1,	28.0,	145.891,			1.408,			0.122,			0.055
487,	2,	117.0,	146.059,			11.449,			1.494,			0.124
488,	1,	6.0,	146.104,			2.627,			0.177,			0.056
489,	1,	59.0,	146.127,			2.293,			0.259,			0.055
490,	1,	30.0,	146.183,			2.03,			0.109,			0.058
491,	1,	6.0,	146.19,			2.9,			0.198,			0.052
492,	1,	30.0,	146.246,			1.14,			0.222,			0.051
493,	1,	44.0,	146.389,			2.669,			0.226,			0.056
494,	1,	559.0,	146.45,			2.943,			0.182,			0.055
495,	1,	95.0,	146.6,			2.88,			0.192,			0.055
496,	1,	44.0,	147.127,			1.75,			0.158,			0.051
497,	1,	387.0,	147.127,			2.36,			0.136,			0.058
498,	1,	95.0,	147.131,			1.111,			0.215,			0.053
499,	1,	7.0,	147.227,			1.756,			0.282,			0.053
500,	1,	7.0,	147.316,			1.162,			0.214,			0.052
501,	1,	7.0,	147.503,			1.886,			0.184,			0.056
502,	1,	95.0,	147.675,			2.932,			0.21,			0.06
503,	1,	447.0,	147.876,			2.58,			0.125,			0.054
504,	1,	7.0,	147.936,			2.797,			0.257,			0.054
505,	1,	7.0,	148.31,			1.838,			0.165,			0.059
506,	1,	7.0,	148.393,			1.031,			0.219,			0.052
507,	1,	44.0,	148.727,			2.542,			0.246,			0.059
508,	1,	214.0,	148.801,			1.876,			0.249,			0.054
509,	1,	512.0,	149.301,			1.998,			0.103,			0.051
510,	2,	358.0,	149.388,			10.669,			1.144,			0.113
511,	1,	6.0,	149.488,			1.631,			0.251,			0.054
512,	1,	512.0,	149.838,			1.631,			0.165,			0.051
513,	1,	90.0,	149.851,			2.184,			0.156,			0.054
514,	1,	512.0,	150.107,			1.496,			0.155,			0.051
515,	1,	13.0,	150.202,			1.173,			0.263,			0.053
516,	1,	6.0,	150.241,			1.841,			0.276,			0.057
517,	1,	126.0,	150.419,			2.565,			0.22,			0.059
518,	1,	44.0,	150.829,			2.055,			0.195,			0.06
519,	1,	447.0,	151.038,			2.616,			0.207,			0.055
520,	1,	387.0,	151.401,			2.055,			0.12,			0.053
521,	1,	6.0,	151.495,			1.047,			0.238,			0.055
522,	1,	6.0,	151.503,			1.282,			0.234,			0.059
523,	1,	387.0,	151.643,			2.288,			0.288,			0.059
524,	1,	447.0,	151.657,			1.825,			0.176,			0.058
525,	1,	16.0,	151.821,			2.305,			0.279,			0.059
526,	1,	103.0,	152.224,			2.598,			0.258,			0.051
527,	2,	136.0,	152.371,			10.769,			1.356,			0.13
528,	1,	13.0,	152.562,			1.483,			0.206,			0.056
529,	1,	7.0,	152.653,			2.509,			0.17,			0.054
530,	1,	214.0,	152.831,			2.663,			0.121,			0.05
531,	2,	147.0,	153.097,			10.178,			1.401,			0.121
532,	2,	100.0,	153.132,			14.737,			1.373,			0.185
533,	1,	387.0,	153.54,			1.331,			0.114,			0.06
534,	1,	10.0,	153.795,			2.955,			0.288,			0.051
535,	1,	126.0,	153.898,			2.548,			0.16,			0.054
536,	1,	59.0,	154.205,			1.428,			0.299,			0.056
537,	1,	214.0,	154.414,			2.096,			0.298,			0.055
538,	1,	447.0,	154.676,			1.732,			0.224,			0.06
539,	1,	126.0,	154.801,			2.114,			0.199,			0.058
540,	1,	7.0,	154.984,			1.941,			0.275,			0.051
541,	1,	95.0,	155.225,			2.025,			0.284,			0.06
542,	1,	16.0,	155.243,			2.549,			0.123,			0.06
543,	1,	59.0,	155.32,			1.394,			0.299,			0.059
544,	1,	28.0,	155.321,			2.881,			0.297,			0.054
545,	1,	13.0,	155.391,			1.078,			0.103,			0.053
546,	1,	126.0,	155.803,			2.581,			0.104,			0.051
547,	1,	95.0,	155.881,			2.895,			0.13,			0.059
548,	1,	49.0,	156.266,			2.302,			0.165,			0.056
549,	1,	126.0,	156.33,			2.554,			0.276,			0.051
550,	1,	44.0,	156.474,			1.827,			0.293,			0.06
551,	1,	379.0,	156.552,			1.391,			0.217,			0.053
552,	1,	44.0,	156.638,			1.981,			0.263,			0.052
553,	1,	16.0,	156.801,			1.45,			0.279,			0.054
554,	1,	6.0,	156.966,			1.343,			0.201,			0.054
555,	2,	114.0,	157.038,			10.312,			1.144,			0.101
556,	1,	512.0,	157.057,			2.187,			0.299,			0.057
557,	1,	7.0,	157.059,			1.477,			0.225,			0.06
558,	1,	44.0,	157.432,			1.039,			0.146,			0.052
559,	1,	120.0,	157.481,			1.651,			0.121,			0.057
560,	1,	214.0,	157.55,			1.331,			0.165,			0.057
561,	1,	214.0,	157.895,			2.283,			0.268,			0.054
562,	1,	146.0,	157.973,			2.304,			0.297,			0.052
563,	1,	559.0,	158.311,			1.204,			0.293,			0.056
564,	2,	108.0,	158.315,			10.177,			1.015,			0.197
565,	2,	275.0,	158.817,			11.383,			1.095,			0.108
566,	1,	6.0,	158.913,			2.618,			0.139,			0.059
567,	1,	7.0,	159.138,			1.966,			0.242,			0.055
568,	1,	7.0,	159.147,			2.265,			0.152,			0.055
569,	1,	387.0,	159.164,			2.763,			0.183,			0.06
570,	1,	214.0,	159.3,			2.847,			0.284,			0.053
571,	1,	146.0,	159.344,			1.61,			0.216,			0.052
572,	1,	28.0,	159.536,			2.757,			0.282,			0.057
573,	2,	167.0,	159.536,			12.401,			1.229,			0.195
574,	1,	126.0,	159.628,			1.998,			0.127,			0.057
575,	2,	167.0,	159.73,			13.823,			1.284,			0.159
576,	1,	120.0,	159.799,			1.256,			0.104,			0.053
577,	1,	6.0,	159.882,			2.545,			0.238,			0.058
578,	1,	214.0,	160.179,			1.166,			0.196,			0.05
579,	1,	7.0,	160.192,			1.575,			0.133,			0.056
580,	1,	379.0,	160.405,			2.065,			0.288,			0.057
581,	2,	15.0,	160.424,			13.664,			1.187,			0.125
582,	1,	95.0,	160.504,			2.813,			0.121,			0.051
583,	1,	44.0,	160.961,			1.783,			0.23,			0.054
584,	1,	95.0,	160.989,			1.671,			0.169,			0.054
585,	1,	157.0,	161.299,			2.753,			0.174,			0.052
586,	1,	169.0,	161.571,			1.684,			0.131,			0.051
587,	1,	559.0,	161.655,			1.968,			0.146,			0.055
588,	1,	44.0,	161.676,			2.637,			0.165,			0.054
589,	1,	157.0,	161.694,			2.378,			0.249,			0.055
590,	1,	498.0,	161.738,			2.454,			0.116,			0.055
591,	1,	103.0,	161.875,			1.364,			0.275,			0.058
592,	1,	512.0,	161.941,			2.706,			0.14,			0.053
593,	1,	7.0,	162.155,			1.991,			0.193,			0.052
594,	1,	13.0,	162.42,			2.154,			0.282,			0.051
595,	2,	258.0,	162.809,			13.889,			1.458,			0.12
596,	1,	214.0,	163.095,			1.909,			0.13,			0.055
597,	1,	512.0,	163.269,			2.047,			0.206,			0.055
598,	1,	59.0,	163.332,			1.942,			0.248,			0.05
599,	1,	7.0,	163.548,			1.822,			0.272,			0.059
600,	1,	512.0,	163.604,			1.317,			0.22,			0.052
601,	1,	387.0,	163.764,			2.757,			0.158,			0.058
602,	1,	44.0,	164.017,			1.969,			0.125,			0.053
603,	2,	133.0,	164.064,			10.594,			1.051,			0.125
604,	1,	214.0,	164.211,			2.2,			0.133,			0.056
605,	1,	387.0,	164.62,			2.78,			0.103,			0.056
606,	1,	28.0,	164.667,			1.025,			0.258,			0.051
607,	1,	44.0,	164.776,			2.33,			0.108,			0.057
608,	1,	6.0,	165.043,			2.014,			0.263,			0.051
609,	1,	447.0,	165.19,			2.52,			0.124,			0.059
610,	1,	103.0,	165.342,			1.048,			0.179,			0.055
611,	1,	7.0,	165.374,			2.984,			0.132,			0.051
612,	1,	7.0,	165.405,			2.184,			0.161,			0.055
613,	1,	7.0,	165.571,			1.08,			0.296,			0.054
614,	1,	512.0,	165.647,			2.252,			0.221,			0.054
615,	1,	379.0,	165.671,			1.186,			0.249,			0.051
616,	1,	7.0,	165.76,			1.86,			0.206,			0.055
617,	1,	157.0,	165.889,			2.984,			0.257,			0.058
618,	1,	28.0,	166.637,			1.056,			0.109,			0.056
619,	1,	30.0,	166.658,			2.187,			0.147,			0.051
620,	1,	7.0,	166.725,			2.922,			0.268,			0.058
621,	2,	167.0,	167.003,			10.054,			1.163,			0.17
622,	2,	256.0,	167.221,			11.756,			1.308,			0.184
623,	1,	126.0,	167.376,			2.76,			0.275,			0.05
624,	1,	6.0,	167.463,			2.652,			0.274,			0.058
625,	1,	7.0,	167.542,			1.116,			0.285,			0.052
626,	1,	7.0,	167.62,			1.395,			0.187,			0.057
627,	2,	51.0,	167.773,			11.573,			1.194,			0.155
628,	1,	7.0,	167.789,			1.998,			0.265,			0.054
629,	1,	59.0,	167.837,			2.41,			0.104,			0.058
630,	1,	103.0,	167.896,			2.18,			0.271,			0.052
631,	1,	379.0,	167.929,			1.204,			0.27,			0.058
632,	1,	49.0,	167.939,			1.243,			0.165,			0.054
633,	1,	103.0,	167.999,			1.225,			0.19,			0.058
634,	1,	44.0,	168.044,			1.737,			0.28,			0.054
635,	1,	6.0,	168.082,			1.269,			0.121,			0.054
636,	1,	30.0,	168.096,			1.27,			0.292,			0.058
637,	1,	512.0,	168.101,			2.342,			0.121,			0.055
638,	1,	103.0,	168.345,			2.901,			0.291,			0.057
639,	1,	95.0,	168.644,			1.402,			0.185,			0.058
640,	1,	6.0,	168.779,			1.81,			0.191,			0.051
641,	1,	59.0,	168.837,			1.886,			0.292,			0.055
642,	1,	44.0,	169.179,			1.952,			0.131,			0.06
643,	1,	559.0,	169.281,			1.104,			0.252,			0.052
644,	2,	192.0,	169.37,			10.461,			1.223,			0.104
645,	1,	387.0,	169.375,			2.065,			0.126,			0.055
646,	1,	169.0,	169.377,			1.484,			0.159,			0.058
647,	1,	447.0,	169.399,			2.602,			0.239,			0.06
648,	1,	10.0,	169.404,			2.198,			0.281,			0.057
649,	1,	30.0,	169.568,			2.298,			0.23,			0.057
650,	1,	559.0,	169.586,			1.869,			0.188,			0.057
651,	1,	44.0,	169.629,			2.991,			0.105,			0.058
652,	1,	157.0,	169.998,			1.643,			0.117,			0.05
653,	1,	7.0,	170.092,			2.073,			0.12,			0.051
654,	1,	7.0,	170.217,			2.09,			0.222,			0.055
655,	1,	157.0,	170.335,			1.282,			0.189,			0.059
656,	1,	7.0,	170.418,			2.279,			0.236,			0.056
657,	1,	44.0,	170.456,			1.211,			0.268,			0.059
658,	1,	379.0,	170.456,			1.031,			0.206,			0.054
659,	1,	559.0,	170.827,			1.483,			0.258,			0.055
660,	1,	7.0,	171.115,			2.424,			0.218,			0.05
661,	1,	44.0,	171.201,			1.841,			0.14,			0.059
662,	1,	7.0,	171.257,			1.45,			0.245,			0.053
663,	1,	447.0,	171.341,			2.284,			0.161,			0.058
664,	2,	183.0,	171.454,			11.075,			1.107,			0.145
665,	1,	103.0,	171.692,			1.296,			0.138,			0.056
666,	1,	6.0,	171.741,			2.298,			0.243,			0.059
667,	1,	103.0,	171.943,			1.581,			0.237,			0.054
668,	2,	210.0,	171.95,			14.737,			1.499,			0.113
669,	1,	512.0,	171.953,			1.164,			0.126,			0.055
670,	1,	387.0,	172.881,			2.249,			0.194,			0.05
671,	1,	7.0,	173.059,			1.252,			0.193,			0.051
672,	1,	103.0,	173.098,			1.188,			0.176,			0.052
673,	2,	210.0,	173.133,			12.738,			1.218,			0.115
674,	1,	16.0,	173.187,			1.406,			0.19,			0.058
675,	1,	559.0,	173.421,			2.681,			0.17,			0.053
676,	1,	447.0,	173.472,			2.99,			0.293,			0.055
677,	1,	126.0,	173.483,			2.407,			0.141,			0.059
678,	1,	90.0,	173.642,			1.639,			0.255,			0.054
679,	1,	498.0,	174.146,			2.087,			0.237,			0.055
680,	1,	28.0,	174.509,			1.969,			0.232,			0.055
681,	1,	13.0,	174.68,			1.857,			0.128,			0.057
682,	1,	146.0,	174.817,			2.133,			0.286,			0.052
683,	1,	126.0,	174.891,			2.556,			0.162,			0.055
684,	1,	103.0,	175.095,			1.591,			0.236,			0.056
685,	1,	30.0,	175.264,			2.318,			0.13,			0.057
686,	1,	387.0,	175.44,			1.153,			0.121,			0.054
687,	1,	379.0,	175.637,			1.078,			0.255,			0.052
688,	1,	13.0,	175.827,			1.748,			0.274,			0.054
689,	1,	169.0,	175.985,			2.2,			0.288,			0.054
690,	1,	90.0,	176.213,			2.288,			0.29,			0.05
691,	1,	95.0,	176.441,			1.028,			0.152,			0.055
692,	1,	7.0,	176.649,			2.768,			0.12,			0.053
693,	1,	447.0,	176.887,			1.166,			0.221,			0.057
694,	1,	90.0,	177.193,			1.3,			0.176,			0.058
695,	1,	512.0,	177.364,			2.862,			0.121,			0.058
696,	1,	214.0,	177.64,			1.337,			0.174,			0.055
697,	1,	49.0,	177.706,			1.626,			0.154,			0.058
698,	1,	95.0,	177.743,			2.827,			0.166,			0.056
699,	1,	379.0,	177.765,			2.055,			0.247,			0.053
700,	1,	387.0,	177.865,			2.706,			0.226,			0.056
701,	1,	7.0,	177.995,			2.5,			0.251,			0.056
702,	2,	140.0,	178.081,			14.424,			1.311,			0.152
703,	2,	253.0,	178.467,			12.089,			1.258,			0.165
704,	1,	7.0,	178.658,			2.954,			0.107,			0.053
705,	1,	7.0,	178.746,			2.751,			0.12,			0.058
706,	1,	30.0,	178.929,			2.491,			0.177,			0.054
707,	1,	7.0,	178.996,			1.9,			0.215,			0.051
708,	1,	512.0,	179.322,			2.047,			0.168,			0.056
709,	1,	95.0,	179.652,			2.316,			0.21,			0.054
710,	1,	90.0,	179.832,			2.757,			0.167,			0.051
711,	1,	44.0,	179.901,			1.525,			0.265,			0.05
712,	1,	7.0,	180.321,			1.965,			0.228,			0.056
713,	1,	59.0,	180.807,			2.56,			0.142,			0.05
714,	1,	103.0,	180.849,			1.006,			0.109,			0.057
715,	2,	172.0,	180.86,			12.391,			1.483,			0.139
716,	2,	183.0,	180.881,			10.316,			1.012,			0.173
717,	1,	49.0,	181.118,			1.277,			0.137,			0.058
718,	1,	95.0,	181.16,			2.797,			0.21,			0.06
719,	1,	146.0,	181.483,			1.051,			0.146,			0.054
720,	1,	28.0,	181.689,			2.761,			0.143,			0.056
721,	1,	498.0,	182.019,			2.956,			0.228,			0.056
722,	1,	6.0,	182.08,			1.464,			0.248,			0.05
723,	2,	209.0,	182.106,			11.764,			1.015,			0.191
724,	2,	225.0,	182.193,			13.232,			1.218,			0.12
725,	1,	498.0,	182.403,			1.467,			0.214,			0.06
726,	1,	49.0,	182.404,			1.169,			0.216,			0.056
727,	2,	226.0,	182.695,			11.661,			1.116,			0.118
728,	1,	7.0,	182.779,			1.517,			0.122,			0.055
729,	1,	387.0,	184.002,			2.055,			0.259,			0.055
730,	1,	559.0,	184.342,			2.027,			0.17,			0.054
731,	1,	379.0,	184.443,			2.345,			0.279,			0.056
732,	1,	44.0,	184.779,			1.609,			0.185,			0.06
733,	1,	126.0,	184.929,			1.213,			0.126,			0.053
734,	2,	83.0,	185.116,			12.057,			1.418,			0.171
735,	1,	7.0,	185.609,			2.78,			0.109,			0.058
736,	1,	169.0,	185.967,			2.534,			0.144,			0.06
737,	1,	6.0,	185.973,			2.138,			0.225,			0.051
738,	1,	7.0,	185.994,			2.345,			0.131,			0.05
739,	1,	16.0,	186.351,			1.662,			0.259,			0.051
740,	1,	214.0,	186.616,			2.057,			0.114,			0.05
741,	1,	387.0,	186.833,			1.229,			0.171,			0.056
742,	1,	90.0,	187.085,			2.874,			0.2,			0.054
743,	1,	28.0,	187.188,			1.061,			0.162,			0.058
744,	1,	7.0,	187.311,			2.678,			0.221,			0.054
745,	1,	169.0,	187.526,			2.249,			0.237,			0.05
746,	1,	169.0,	187.764,			1.844,			0.244,			0.06
747,	1,	120.0,	187.811,			2.702,			0.109,			0.05
748,	1,	103.0,	187.879,			1.443,			0.233,			0.058
749,	1,	379.0,	188.063,			2.631,			0.202,			0.054
750,	1,	13.0,	188.277,			1.482,			0.111,			0.055
751,	1,	157.0,	188.521,			1.157,			0.275,			0.056
752,	1,	103.0,	188.635,			1.009,			0.186,			0.056
753,	1,	44.0,	188.701,			1.116,			0.272,			0.056
754,	1,	498.0,	188.701,			2.787,			0.176,			0.053
755,	1,	379.0,	188.907,			2.304,			0.14,			0.054
756,	1,	6.0,	189.678,			1.684,			0.223,			0.055
757,	1,	146.0,	189.755,			1.431,			0.155,			0.058
758,	1,	7.0,	189.804,			1.416,			0.265,			0.053
759,	1,	44.0,	190.174,			2.057,			0.238,			0.057
760,	1,	44.0,	190.59,			2.525,			0.112,			0.058
761,	2,	212.0,	191.285,			12.615,			1.363,			0.126
762,	1,	10.0,	191.408,			1.942,			0.227,			0.054
763,	1,	7.0,	191.417,			2.712,			0.245,			0.056
764,	2,	108.0,	191.57,			13.088,			1.388,			0.117
765,	1,	6.0,	191.894,			1.952,			0.18,			0.055
766,	1,	146.0,	192.039,			1.009,			0.15,			0.056
767,	1,	103.0,	192.33,			1.232,			0.266,			0.054
768,	1,	30.0,	192.667,			2.301,			0.124,			0.056
769,	1,	157.0,	192.67,			2.326,			0.25,			0.052
770,	1,	126.0,	193.096,			1.729,			0.182,			0.053
771,	1,	6.0,	193.205,			2.388,			0.118,			0.059
772,	1,	447.0,	193.374,			1.749,			0.124,			0.059
773,	1,	44.0,	193.468,			1.935,			0.228,			0.057
774,	1,	28.0,	194.088,			2.28,			0.249,			0.054
775,	1,	387.0,	194.418,			2.838,			0.186,			0.053
776,	1,	7.0,	195.164,			1.886,			0.24,			0.051
777,	1,	16.0,	195.185,			2.928,			0.203,			0.059
778,	2,	196.0,	195.294,			12.315,			1.027,			0.16
779,	1,	13.0,	195.39,			1.282,			0.152,			0.058
780,	1,	559.0,	196.028,			2.2,			0.185,			0.054
781,	1,	120.0,	196.489,			1.076,			0.271,			0.06
782,	1,	44.0,	197.131,			1.186,			0.101,			0.06
783,	1,	7.0,	197.819,			1.27,			0.214,			0.055
784,	1,	95.0,	197.915,			1.719,			0.28,			0.056
785,	1,	44.0,	198.192,			2.757,			0.237,			0.052
786,	1,	379.0,	198.193,			1.822,			0.228,			0.06
787,	1,	59.0,	198.683,			2.497,			0.107,			0.059
788,	2,	237.0,	198.866,			14.735,			1.025,			0.134
789,	2,	141.0,	199.682,			10.728,			1.465,			0.155
790,	1,	16.0,	199.738,			1.325,			0.288,			0.054
791,	2,	240.0,	199.804,			11.717,			1.245,			0.18
792,	1,	103.0,	200.144,			2.955,			0.279,			0.057
793,	1,	447.0,	200.172,			2.916,			0.187,			0.058
794,	2,	127.0,	200.456,			12.902,			1.27,			0.197
795,	1,	7.0,	200.581,			2.288,			0.268,			0.053
796,	1,	387.0,	200.721,			2.76,			0.256,			0.055
797,	1,	512.0,	200.844,			1.816,			0.177,			0.05
798,	1,	13.0,	201.103,			2.364,			0.158,			0.059
799,	1,	7.0,	201.203,			1.998,			0.176,			0.059
800,	1,	90.0,	201.25,			1.406,			0.237,			0.06
801,	1,	512.0,	201.337,			2.448,			0.295,			0.057
802,	1,	49.0,	201.495,			2.567,			0.175,			0.055
803,	1,	559.0,	201.741,			1.496,			0.236,			0.058
804,	1,	512.0,	201.969,			1.748,			0.284,			0.051
805,	1,	28.0,	202.125,			1.289,			0.259,			0.054
806,	1,	6.0,	202.211,			1.114,			0.265,			0.054
807,	1,	28.0,	202.243,			2.787,			0.158,			0.055
808,	1,	7.0,	202.257,			2.556,			0.174,			0.054
809,	1,	512.0,	202.539,			1.79,			0.247,			0.054
810,	2,	233.0,	202.622,			14.814,			1.392,			0.136
811,	1,	95.0,	202.875,			1.432,			0.149,			0.051
812,	1,	28.0,	202.933,			1.45,			0.101,			0.051
813,	1,	7.0,	203.118,			2.048,			0.239,			0.05
814,	1,	59.0,	204.092,			1.966,			0.114,			0.058
815,	2,	128.0,	204.191,			10.895,			1.409,			0.139
816,	1,	30.0,	204.684,			1.325,			0.161,			0.06
817,	1,	126.0,	205.382,			1.431,			0.228,			0.053
818,	2,	166.0,	205.497,			12.537,			1.382,			0.174
819,	1,	49.0,	206.549,			2.889,			0.221,			0.057
820,	1,	498.0,	206.565,			2.098,			0.201,			0.052
821,	1,	214.0,	206.749,			2.131,			0.165,			0.057
822,	1,	146.0,	206.778,			2.955,			0.192,			0.052
823,	1,	90.0,	206.786,			1.968,			0.276,			0.051
824,	1,	387.0,	207.172,			1.833,			0.16,			0.059
825,	1,	7.0,	207.338,			1.447,			0.22,			0.056
826,	2,	221.0,	207.56,			13.059,			1.222,			0.181
827,	1,	379.0,	207.566,			1.909,			0.289,			0.053
828,	1,	16.0,	207.927,			2.571,			0.202,			0.05
829,	1,	103.0,	207.929,			1.211,			0.175,			0.05
830,	1,	126.0,	207.938,			1.061,			0.153,			0.053
831,	1,	7.0,	208.282,			2.486,			0.225,			0.059
832,	2,	63.0,	208.286,			11.403,			1.333,			0.152
833,	1,	16.0,	208.626,			2.013,			0.117,			0.059
834,	1,	7.0,	208.669,			1.809,			0.128,			0.054
835,	1,	559.0,	208.903,			1.525,			0.214,			0.056
836,	1,	146.0,	209.453,			1.801,			0.239,			0.057
837,	2,	152.0,	209.626,			13.154,			1.286,			0.146
838,	1,	120.0,	209.717,			1.42,			0.161,			0.056
839,	1,	49.0,	209.942,			2.027,			0.247,			0.06
840,	2,	168.0,	209.994,			11.6,			1.083,			0.141
841,	1,	103.0,	210.026,			1.186,			0.172,			0.051
842,	1,	7.0,	210.635,			2.273,			0.108,			0.053
843,	1,	7.0,	210.67,			2.879,			0.284,			0.05
844,	1,	387.0,	210.707,			1.624,			0.17,			0.054
845,	2,	237.0,	210.72,			10.286,			1.278,			0.199
846,	1,	103.0,	211.192,			2.02,			0.299,			0.057
847,	1,	6.0,	211.42,			2.556,			0.185,			0.059
848,	1,	447.0,	211.783,			2.58,			0.195,			0.059
849,	1,	157.0,	212.366,			1.091,			0.208,			0.057
850,	1,	6.0,	212.766,			1.395,			0.296,			0.053
851,	1,	379.0,	213.707,			2.268,			0.124,			0.052
852,	1,	13.0,	213.747,			2.398,			0.111,			0.057
853,	1,	146.0,	213.961,			1.484,			0.107,			0.056
854,	1,	13.0,	214.02,			2.169,			0.245,			0.051
855,	1,	157.0,	214.048,			2.358,			0.101,			0.05
856,	1,	28.0,	214.129,			2.948,			0.13,			0.055
857,	1,	214.0,	214.689,			1.263,			0.146,			0.053
858,	1,	146.0,	215.079,			1.376,			0.159,			0.051
859,	1,	157.0,	215.322,			2.345,			0.225,			0.054
860,	1,	59.0,	215.535,			1.988,			0.258,			0.055
861,	1,	28.0,	215.715,			1.838,			0.228,			0.052
862,	2,	53.0,	216.359,			10.686,			1.438,			0.121
863,	1,	90.0,	216.405,			2.598,			0.13,			0.052
864,	1,	16.0,	216.663,			2.549,			0.289,			0.051
865,	1,	6.0,	216.828,			2.834,			0.259,			0.052
866,	1,	447.0,	217.038,			2.28,			0.228,			0.053
867,	1,	95.0,	217.289,			1.252,			0.124,			0.052
868,	1,	7.0,	217.372,			2.986,			0.225,			0.052
869,	1,	512.0,	217.408,			1.168,			0.297,			0.052
870,	1,	126.0,	217.436,			2.702,			0.275,			0.052
871,	1,	120.0,	217.705,			1.968,			0.216,			0.054
872,	1,	6.0,	218.062,			1.096,			0.156,			0.056
873,	2,	220.0,	218.233,			14.05,			1.064,			0.175
874,	1,	7.0,	218.41,			2.167,			0.279,			0.054
875,	1,	387.0,	218.791,			2.096,			0.238,			0.056
876,	2,	242.0,	218.915,			12.869,			1.199,			0.124
877,	1,	44.0,	218.93,			1.116,			0.299,			0.057
878,	2,	226.0,	218.974,			13.596,			1.47,			0.142
879,	2,	155.0,	219.014,			10.054,			1.456,			0.121
880,	1,	7.0,	219.037,			2.555,			0.252,			0.058
881,	1,	146.0,	219.626,			2.449,			0.267,			0.06
882,	1,	6.0,	220.279,			2.709,			0.223,			0.052
883,	1,	30.0,	220.59,			1.096,			0.221,			0.059
884,	1,	49.0,	221.397,			1.394,			0.257,			0.058
885,	1,	103.0,	221.483,			1.364,			0.161,			0.053
886,	2,	206.0,	221.981,			10.16,			1.444,			0.11
887,	1,	157.0,	222.205,			2.193,			0.108,			0.059
888,	1,	169.0,	223.24,			1.509,			0.284,			0.055
889,	2,	94.0,	223.659,			10.728,			1.303,			0.169
890,	1,	559.0,	223.689,			1.75,			0.113,			0.051
891,	2,	127.0,	223.963,			12.178,			1.027,			0.131
892,	1,	30.0,	224.961,			2.252,			0.111,			0.051
893,	2,	68.0,	225.318,			13.346,			1.197,			0.147
894,	1,	387.0,	226.591,			2.874,			0.135,			0.05
895,	1,	559.0,	227.312,			2.947,			0.104,			0.051
896,	1,	498.0,	227.366,			2.969,			0.174,			0.053
897,	1,	512.0,	227.52,			1.188,			0.209,			0.057
898,	2,	235.0,	228.217,			14.4,			1.316,			0.114
899,	1,	103.0,	228.934,			2.935,			0.262,			0.052
900,	1,	90.0,	228.977,			1.843,			0.165,			0.059
901,	1,	498.0,	229.233,			2.198,			0.251,			0.051
902,	1,	512.0,	229.403,			2.26,			0.236,			0.051
903,	2,	251.0,	229.433,			10.702,			1.333,			0.136
904,	1,	157.0,	230.024,			1.096,			0.28,			0.057
905,	1,	559.0,	230.289,			1.169,			0.217,			0.052
906,	2,	177.0,	230.618,			12.136,			1.483,			0.18
907,	1,	7.0,	230.871,			1.038,			0.15,			0.052
908,	1,	59.0,	231.096,			1.985,			0.156,			0.058
909,	1,	30.0,	231.141,			2.418,			0.179,			0.058
910,	1,	30.0,	231.713,			1.467,			0.185,			0.052
911,	1,	10.0,	231.939,			1.225,			0.166,			0.055
912,	2,	78.0,	232.357,			14.204,			1.172,			0.166
913,	2,	68.0,	232.404,			14.136,			1.07,			0.156
914,	2,	158.0,	233.061,			13.596,			1.361,			0.155
915,	2,	89.0,	233.976,			11.611,			1.119,			0.12
916,	1,	59.0,	234.751,			1.595,			0.168,			0.051
917,	1,	498.0,	234.916,			1.541,			0.179,			0.051
918,	1,	6.0,	236.091,			2.237,			0.194,			0.053
919,	1,	169.0,	236.242,			1.168,			0.192,			0.058
920,	1,	379.0,	236.312,			2.509,			0.207,			0.05
921,	2,	80.0,	236.462,			11.247,			1.44,			0.111
922,	1,	387.0,	236.593,			2.799,			0.165,			0.052
923,	1,	169.0,	236.677,			1.496,			0.21,			0.056
924,	2,	339.0,	236.717,			11.082,			1.254,			0.176
925,	2,	87.0,	237.253,			13.647,			1.249,			0.167
926,	1,	379.0,	237.29,			1.752,			0.225,			0.054
927,	1,	59.0,	237.459,			1.442,			0.235,			0.051
928,	1,	7.0,	238.402,			2.947,			0.106,			0.057
929,	1,	126.0,	238.424,			1.115,			0.138,			0.058
930,	1,	7.0,	238.984,			2.449,			0.272,			0.052
931,	1,	7.0,	241.963,			1.168,			0.147,			0.055
932,	1,	59.0,	242.091,			2.972,			0.109,			0.059
933,	2,	200.0,	243.287,			13.703,			1.324,			0.148
934,	2,	123.0,	245.422,			11.328,			1.409,			0.117
935,	2,	198.0,	245.928,			12.821,			1.031,			0.168
936,	1,	6.0,	245.968,			1.591,			0.175,			0.055
937,	2,	192.0,	248.257,			13.669,			1.481,			0.158
938,	1,	169.0,	248.566,			2.148,			0.192,			0.056
939,	1,	6.0,	249.389,			1.307,			0.228,			0.059
940,	2,	143.0,	250.459,			12.315,			1.29,			0.145
941,	1,	10.0,	250.477,			2.907,			0.237,			0.055
942,	1,	169.0,	251.792,			2.827,			0.244,			0.06
943,	1,	59.0,	251.93,			1.633,			0.103,			0.056
944,	2,	100.0,	252.068,			12.893,			1.433,			0.142
945,	2,	113.0,	252.545,			14.14,			1.456,			0.11
946,	2,	128.0,	253.051,			14.705,			1.097,			0.178
947,	2,	246.0,	253.161,			14.704,			1.371,			0.101
948,	2,	228.0,	253.209,			11.125,			1.356,			0.166
949,	2,	74.0,	253.232,			14.611,			1.24,			0.158
950,	2,	188.0,	253.397,			12.155,			1.411,			0.191
951,	2,	112.0,	254.86,			11.709,			1.014,			0.15
952,	1,	6.0,	255.369,			2.184,			0.186,			0.054
953,	2,	99.0,	256.426,			11.85,			1.021,			0.169
954,	1,	95.0,	256.752,			2.52,			0.257,			0.054
955,	1,	498.0,	258.21,			1.612,			0.202,			0.053
956,	1,	157.0,	258.304,			2.11,			0.206,			0.051
957,	1,	7.0,	260.045,			1.314,			0.284,			0.055
958,	2,	130.0,	260.092,			11.403,			1.178,			0.154
959,	1,	379.0,	260.735,			1.59,			0.108,			0.051
960,	1,	7.0,	261.878,			1.509,			0.211,			0.057
961,	1,	559.0,	262.114,			1.091,			0.137,			0.052
962,	1,	103.0,	263.186,			1.921,			0.156,			0.054
963,	2,	130.0,	263.364,			11.971,			1.471,			0.121
964,	2,	149.0,	263.651,			11.884,			1.222,			0.118
965,	2,	94.0,	267.2,			11.289,			1.326,			0.174
966,	2,	169.0,	267.502,			11.672,			1.05,			0.108
967,	2,	108.0,	267.957,			14.387,			1.128,			0.117
968,	2,	153.0,	268.545,			14.984,			1.489,			0.18
969,	2,	117.0,	268.974,			10.268,			1.497,			0.171
970,	2,	45.0,	269.043,			12.014,			1.346,			0.171
971,	2,	143.0,	269.444,			10.907,			1.47,			0.176
972,	2,	66.0,	270.081,			11.017,			1.008,			0.119
973,	2,	138.0,	270.238,			13.854,			1.48,			0.122
974,	2,	86.0,	272.135,			13.59,			1.491,			0.108
975,	2,	110.0,	272.19,			11.761,			1.465,			0.154
976,	2,	120.0,	273.148,			14.464,			1.037,			0.195
977,	2,	154.0,	275.574,			13.195,			1.288,			0.117
978,	2,	90.0,	276.857,			12.275,			1.096,			0.106
979,	2,	120.0,	277.073,			13.908,			1.493,			0.154
980,	2,	83.0,	278.193,			11.488,			1.329,			0.159
981,	2,	152.0,	278.801,			10.548,			1.334,			0.117
982,	2,	149.0,	279.61,			14.676,			1.409,			0.104
983,	1,	30.0,	280.536,			1.173,			0.209,			0.053
984,	2,	105.0,	282.014,			11.881,			1.481,			0.102
985,	1,	7.0,	282.793,			2.636,			0.142,			0.06
986,	2,	188.0,	285.441,			11.639,			1.23,			0.167
987,	2,	134.0,	285.603,			14.002,			1.35,			0.147
988,	2,	103.0,	285.922,			14.064,			1.07,			0.173
989,	2,	294.0,	289.963,			12.296,			1.132,			0.134
990,	1,	146.0,	290.307,			2.116,			0.231,			0.055
991,	1,	387.0,	290.608,			2.076,			0.172,			0.057
992,	2,	130.0,	292.349,			13.798,			1.012,			0.117
993,	2,	219.0,	293.195,			13.647,			1.121,			0.127
994,	2,	167.0,	293.479,			12.02,			1.498,			0.119
995,	2,	135.0,	293.717,			14.407,			1.278,			0.106
996,	2,	98.0,	294.226,			10.72,			1.355,			0.111
997,	2,	125.0,	298.198,			13.027,			1.21,			0.182
998,	2,	172.0,	298.343,			11.886,			1.244,			0.132
999,	1,	103.0,	300.0,			2.19,			0.129,			0.051
1000,	1,	512.0,	300.0,			2.03,			0.103,			0.054
