#, task_type_id, size, arrival_time,	execution_time_cpu,	execution_time_gpu,	execution_time_CLOUD
1,	1,	214.0,	0.0,			1.314,			0.158,			0.057
2,	1,	16.0,	0.0,			2.78,			0.247,			0.052
3,	1,	7.0,	0.34,			1.008,			0.214,			0.059
4,	2,	120.0,	3.728,			10.9,			1.454,			0.139
5,	2,	69.0,	3.75,			10.661,			1.308,			0.133
6,	2,	90.0,	3.771,			14.509,			1.391,			0.145
7,	2,	69.0,	4.299,			10.146,			1.413,			0.106
8,	2,	146.0,	11.168,			10.77,			1.333,			0.122
9,	2,	92.0,	12.629,			12.014,			1.097,			0.167
10,	2,	209.0,	14.463,			12.15,			1.394,			0.194
11,	2,	126.0,	16.639,			10.554,			1.332,			0.186
12,	2,	325.0,	16.875,			10.782,			1.025,			0.101
13,	2,	111.0,	19.259,			10.235,			1.046,			0.102
14,	1,	10.0,	19.268,			2.914,			0.112,			0.059
15,	2,	147.0,	20.867,			12.184,			1.418,			0.145
16,	2,	222.0,	21.694,			10.884,			1.248,			0.142
17,	2,	137.0,	23.042,			11.628,			1.065,			0.143
18,	2,	105.0,	23.806,			12.987,			1.313,			0.143
19,	2,	124.0,	23.828,			10.198,			1.055,			0.194
20,	2,	120.0,	25.301,			11.706,			1.128,			0.17
21,	2,	106.0,	25.464,			13.288,			1.212,			0.131
22,	1,	44.0,	25.554,			2.013,			0.123,			0.059
23,	2,	249.0,	26.581,			11.876,			1.312,			0.145
24,	2,	97.0,	27.096,			13.345,			1.108,			0.126
25,	2,	144.0,	28.224,			10.977,			1.28,			0.123
26,	2,	148.0,	29.191,			13.596,			1.463,			0.163
27,	1,	30.0,	29.282,			1.942,			0.212,			0.055
28,	1,	387.0,	31.064,			1.625,			0.119,			0.06
29,	1,	30.0,	31.71,			2.635,			0.254,			0.055
30,	2,	81.0,	34.109,			12.329,			1.452,			0.122
31,	1,	6.0,	34.58,			1.996,			0.203,			0.052
32,	2,	120.0,	35.693,			14.127,			1.242,			0.125
33,	2,	102.0,	36.56,			12.174,			1.498,			0.106
34,	2,	192.0,	37.86,			11.411,			1.314,			0.103
35,	2,	95.0,	39.298,			10.067,			1.334,			0.181
36,	1,	169.0,	39.422,			1.561,			0.101,			0.052
37,	2,	164.0,	39.936,			13.42,			1.058,			0.128
38,	2,	206.0,	40.776,			14.916,			1.049,			0.102
39,	1,	214.0,	42.036,			1.542,			0.113,			0.058
40,	2,	105.0,	42.047,			12.463,			1.198,			0.106
41,	1,	103.0,	43.87,			2.972,			0.148,			0.052
42,	2,	172.0,	44.54,			14.117,			1.065,			0.159
43,	1,	28.0,	45.373,			1.441,			0.155,			0.056
44,	2,	149.0,	45.968,			13.101,			1.417,			0.155
45,	2,	149.0,	47.321,			13.137,			1.03,			0.111
46,	1,	169.0,	47.42,			2.969,			0.2,			0.057
47,	2,	247.0,	47.525,			10.067,			1.053,			0.19
48,	1,	103.0,	50.432,			1.504,			0.152,			0.056
49,	2,	159.0,	50.456,			13.193,			1.49,			0.118
50,	2,	115.0,	51.193,			10.651,			1.046,			0.149
51,	1,	13.0,	51.984,			2.278,			0.263,			0.056
52,	1,	157.0,	54.583,			2.323,			0.192,			0.056
53,	2,	144.0,	55.809,			13.528,			1.011,			0.187
54,	1,	120.0,	56.273,			1.582,			0.186,			0.059
55,	1,	44.0,	56.544,			2.073,			0.192,			0.054
56,	1,	7.0,	56.617,			2.799,			0.211,			0.054
57,	1,	7.0,	57.154,			1.307,			0.194,			0.059
58,	1,	157.0,	58.558,			2.947,			0.146,			0.057
59,	1,	6.0,	58.591,			1.981,			0.172,			0.056
60,	2,	137.0,	59.061,			10.871,			1.035,			0.174
61,	1,	10.0,	60.562,			1.509,			0.153,			0.057
62,	1,	559.0,	62.496,			1.67,			0.137,			0.056
63,	2,	223.0,	62.725,			13.379,			1.089,			0.168
64,	2,	264.0,	62.895,			11.834,			1.399,			0.156
65,	1,	120.0,	62.945,			1.004,			0.269,			0.057
66,	1,	7.0,	63.494,			2.151,			0.21,			0.056
67,	1,	7.0,	64.453,			1.828,			0.275,			0.058
68,	1,	447.0,	65.34,			2.772,			0.13,			0.054
69,	1,	6.0,	65.779,			2.681,			0.138,			0.059
70,	2,	137.0,	66.442,			12.152,			1.238,			0.131
71,	2,	315.0,	66.996,			12.287,			1.46,			0.109
72,	1,	169.0,	67.283,			1.168,			0.205,			0.055
73,	1,	146.0,	67.706,			1.683,			0.134,			0.054
74,	1,	559.0,	68.246,			1.148,			0.15,			0.056
75,	1,	7.0,	68.269,			2.879,			0.101,			0.059
76,	1,	379.0,	68.445,			2.643,			0.206,			0.05
77,	2,	215.0,	68.739,			13.784,			1.208,			0.194
78,	1,	13.0,	68.787,			1.358,			0.23,			0.054
79,	2,	162.0,	68.919,			12.643,			1.486,			0.164
80,	1,	6.0,	69.029,			1.044,			0.294,			0.053
81,	1,	44.0,	69.278,			1.331,			0.242,			0.059
82,	2,	157.0,	69.563,			12.987,			1.456,			0.169
83,	1,	30.0,	69.58,			1.742,			0.176,			0.057
84,	1,	7.0,	69.639,			2.148,			0.12,			0.05
85,	2,	48.0,	69.885,			10.863,			1.491,			0.17
86,	1,	7.0,	70.979,			1.425,			0.275,			0.052
87,	2,	132.0,	71.372,			10.751,			1.453,			0.126
88,	2,	137.0,	71.533,			13.17,			1.049,			0.195
89,	2,	119.0,	71.819,			12.987,			1.127,			0.141
90,	1,	379.0,	72.181,			1.435,			0.133,			0.058
91,	1,	7.0,	72.345,			2.102,			0.205,			0.052
92,	1,	169.0,	72.369,			2.265,			0.124,			0.059
93,	1,	13.0,	72.772,			1.05,			0.135,			0.051
94,	1,	512.0,	72.899,			1.988,			0.214,			0.05
95,	1,	16.0,	73.158,			2.2,			0.268,			0.058
96,	1,	13.0,	73.255,			1.148,			0.196,			0.058
97,	1,	7.0,	73.544,			1.024,			0.299,			0.055
98,	1,	59.0,	73.682,			2.914,			0.2,			0.06
99,	1,	49.0,	73.817,			2.795,			0.216,			0.053
100,	2,	98.0,	73.863,			10.586,			1.5,			0.137
101,	1,	44.0,	74.126,			1.225,			0.113,			0.059
102,	2,	154.0,	74.292,			13.095,			1.499,			0.115
103,	1,	7.0,	74.995,			2.712,			0.198,			0.055
104,	1,	6.0,	75.373,			2.712,			0.256,			0.05
105,	1,	157.0,	75.565,			2.652,			0.161,			0.053
106,	1,	44.0,	75.747,			2.786,			0.22,			0.058
107,	1,	95.0,	76.135,			2.047,			0.278,			0.052
108,	2,	134.0,	76.251,			14.646,			1.48,			0.131
109,	1,	90.0,	77.017,			2.223,			0.245,			0.06
110,	2,	150.0,	77.345,			10.526,			1.492,			0.156
111,	1,	90.0,	78.719,			1.316,			0.186,			0.056
112,	1,	214.0,	79.138,			2.96,			0.241,			0.054
113,	1,	512.0,	79.193,			2.404,			0.208,			0.052
114,	2,	105.0,	79.41,			12.401,			1.319,			0.106
115,	2,	101.0,	79.669,			10.298,			1.392,			0.197
116,	1,	7.0,	79.682,			2.318,			0.231,			0.057
117,	1,	90.0,	79.744,			1.597,			0.198,			0.054
118,	1,	6.0,	79.778,			2.92,			0.199,			0.055
119,	1,	7.0,	81.597,			2.424,			0.271,			0.052
120,	1,	447.0,	81.813,			2.034,			0.166,			0.057
121,	1,	387.0,	82.091,			2.065,			0.266,			0.054
122,	1,	59.0,	82.505,			1.291,			0.116,			0.058
123,	1,	49.0,	82.716,			1.357,			0.251,			0.051
124,	1,	30.0,	83.127,			2.832,			0.275,			0.051
125,	1,	59.0,	83.369,			1.561,			0.175,			0.05
126,	1,	44.0,	83.44,			2.03,			0.215,			0.054
127,	1,	30.0,	83.479,			2.238,			0.299,			0.055
128,	2,	165.0,	83.512,			13.921,			1.312,			0.157
129,	1,	512.0,	83.521,			1.597,			0.297,			0.055
130,	1,	214.0,	83.534,			2.914,			0.279,			0.057
131,	1,	59.0,	83.681,			1.525,			0.288,			0.057
132,	1,	44.0,	83.818,			1.028,			0.291,			0.051
133,	2,	165.0,	83.956,			12.141,			1.438,			0.163
134,	1,	103.0,	84.751,			2.602,			0.134,			0.056
135,	1,	59.0,	85.351,			2.176,			0.135,			0.052
136,	1,	103.0,	85.667,			2.866,			0.217,			0.059
137,	2,	189.0,	85.718,			13.415,			1.058,			0.173
138,	1,	126.0,	85.731,			2.524,			0.26,			0.053
139,	1,	103.0,	85.86,			2.533,			0.285,			0.051
140,	1,	7.0,	86.261,			2.588,			0.182,			0.056
141,	1,	6.0,	86.344,			1.141,			0.239,			0.053
142,	2,	176.0,	86.452,			11.611,			1.398,			0.154
143,	1,	28.0,	86.47,			2.386,			0.119,			0.051
144,	2,	157.0,	86.542,			14.767,			1.275,			0.13
145,	1,	126.0,	86.967,			1.99,			0.152,			0.051
146,	1,	16.0,	87.862,			1.99,			0.221,			0.051
147,	1,	120.0,	88.189,			1.128,			0.239,			0.056
148,	1,	7.0,	88.31,			1.929,			0.187,			0.055
149,	1,	90.0,	88.387,			2.149,			0.214,			0.056
150,	2,	365.0,	88.862,			12.317,			1.017,			0.152
151,	1,	447.0,	89.454,			1.62,			0.207,			0.053
152,	1,	30.0,	89.852,			1.643,			0.231,			0.05
153,	1,	169.0,	89.916,			1.225,			0.133,			0.056
154,	1,	44.0,	90.627,			2.436,			0.137,			0.055
155,	1,	10.0,	91.012,			1.642,			0.265,			0.06
156,	1,	7.0,	91.205,			2.534,			0.184,			0.05
157,	1,	7.0,	91.226,			1.104,			0.174,			0.055
158,	1,	120.0,	91.374,			1.843,			0.217,			0.06
159,	1,	28.0,	91.434,			1.683,			0.113,			0.056
160,	1,	7.0,	92.358,			1.709,			0.289,			0.058
161,	1,	90.0,	92.472,			1.16,			0.247,			0.054
162,	1,	103.0,	93.321,			2.293,			0.2,			0.059
163,	1,	7.0,	93.425,			1.111,			0.121,			0.054
164,	2,	97.0,	93.74,			13.792,			1.484,			0.118
165,	1,	10.0,	93.753,			1.524,			0.202,			0.051
166,	1,	30.0,	93.836,			1.075,			0.29,			0.054
167,	1,	126.0,	93.935,			2.155,			0.156,			0.059
168,	1,	95.0,	94.037,			1.134,			0.114,			0.057
169,	1,	44.0,	94.098,			1.717,			0.107,			0.056
170,	1,	512.0,	94.454,			2.489,			0.144,			0.059
171,	1,	103.0,	94.733,			1.303,			0.145,			0.058
172,	1,	512.0,	94.822,			1.637,			0.22,			0.054
173,	1,	214.0,	95.264,			2.669,			0.22,			0.06
174,	1,	126.0,	95.415,			2.283,			0.118,			0.054
175,	1,	7.0,	95.488,			2.685,			0.242,			0.058
176,	1,	498.0,	95.699,			1.241,			0.114,			0.05
177,	1,	7.0,	96.134,			1.488,			0.268,			0.058
178,	1,	6.0,	96.419,			2.954,			0.252,			0.057
179,	1,	146.0,	96.538,			1.869,			0.186,			0.055
180,	1,	214.0,	96.695,			2.947,			0.259,			0.051
181,	1,	6.0,	96.835,			1.99,			0.276,			0.057
182,	1,	379.0,	96.916,			2.9,			0.203,			0.053
183,	1,	7.0,	96.947,			1.575,			0.199,			0.055
184,	1,	559.0,	97.133,			2.893,			0.272,			0.055
185,	1,	49.0,	97.216,			1.204,			0.177,			0.056
186,	1,	49.0,	97.73,			2.616,			0.162,			0.053
187,	1,	44.0,	97.749,			2.486,			0.136,			0.057
188,	1,	13.0,	97.798,			1.07,			0.144,			0.052
189,	2,	153.0,	97.812,			10.553,			1.261,			0.113
190,	1,	28.0,	97.84,			2.534,			0.206,			0.059
191,	1,	498.0,	97.955,			1.733,			0.283,			0.057
192,	2,	165.0,	97.967,			11.393,			1.366,			0.123
193,	1,	157.0,	98.002,			1.807,			0.223,			0.051
194,	1,	16.0,	98.568,			1.907,			0.162,			0.053
195,	1,	379.0,	98.699,			2.249,			0.254,			0.057
196,	1,	7.0,	98.72,			1.006,			0.187,			0.058
197,	1,	512.0,	98.739,			2.08,			0.199,			0.059
198,	2,	73.0,	98.792,			10.742,			1.285,			0.123
199,	1,	169.0,	99.013,			1.941,			0.233,			0.056
200,	1,	59.0,	99.41,			2.857,			0.221,			0.052
201,	1,	7.0,	100.453,			1.402,			0.271,			0.053
202,	1,	157.0,	100.655,			1.698,			0.228,			0.053
203,	1,	13.0,	100.667,			1.878,			0.269,			0.057
204,	1,	146.0,	101.028,			2.926,			0.201,			0.055
205,	1,	559.0,	101.07,			1.761,			0.189,			0.054
206,	1,	447.0,	101.096,			2.614,			0.212,			0.058
207,	1,	16.0,	101.686,			2.322,			0.263,			0.053
208,	1,	387.0,	101.765,			2.323,			0.239,			0.05
209,	1,	59.0,	101.774,			2.858,			0.116,			0.054
210,	1,	30.0,	101.817,			2.8,			0.236,			0.053
211,	1,	95.0,	101.892,			2.819,			0.103,			0.055
212,	1,	512.0,	102.068,			1.748,			0.198,			0.053
213,	1,	498.0,	102.1,			2.562,			0.235,			0.055
214,	1,	120.0,	102.129,			1.752,			0.273,			0.053
215,	1,	44.0,	102.219,			1.025,			0.12,			0.051
216,	1,	6.0,	103.436,			2.985,			0.176,			0.055
217,	1,	7.0,	103.49,			2.037,			0.293,			0.059
218,	1,	379.0,	103.6,			1.039,			0.164,			0.058
219,	2,	162.0,	103.788,			10.886,			1.159,			0.179
220,	1,	7.0,	103.801,			1.437,			0.21,			0.058
221,	1,	7.0,	104.136,			2.864,			0.131,			0.058
222,	1,	379.0,	104.245,			1.671,			0.232,			0.05
223,	1,	44.0,	104.293,			1.343,			0.299,			0.056
224,	1,	559.0,	104.324,			1.009,			0.203,			0.053
225,	1,	559.0,	104.47,			2.278,			0.195,			0.055
226,	1,	387.0,	104.63,			1.097,			0.239,			0.059
227,	1,	120.0,	104.793,			2.173,			0.203,			0.051
228,	1,	7.0,	104.801,			2.846,			0.158,			0.057
229,	1,	16.0,	105.033,			1.225,			0.147,			0.051
230,	1,	49.0,	105.394,			1.807,			0.192,			0.054
231,	1,	512.0,	105.527,			2.056,			0.209,			0.052
232,	1,	7.0,	105.625,			2.601,			0.206,			0.059
233,	2,	63.0,	106.434,			10.629,			1.119,			0.133
234,	1,	512.0,	106.442,			1.985,			0.258,			0.051
235,	1,	6.0,	106.854,			2.568,			0.133,			0.057
236,	1,	214.0,	107.008,			1.134,			0.173,			0.055
237,	1,	214.0,	107.266,			1.848,			0.296,			0.059
238,	2,	221.0,	107.299,			10.718,			1.074,			0.187
239,	1,	90.0,	107.66,			2.872,			0.138,			0.058
240,	1,	7.0,	107.848,			1.051,			0.144,			0.059
241,	2,	180.0,	108.235,			14.424,			1.491,			0.119
242,	1,	6.0,	108.334,			1.091,			0.22,			0.053
243,	1,	10.0,	108.498,			2.408,			0.116,			0.052
244,	1,	379.0,	108.545,			1.111,			0.108,			0.058
245,	1,	28.0,	108.701,			1.988,			0.269,			0.052
246,	2,	137.0,	109.037,			13.137,			1.06,			0.143
247,	1,	7.0,	109.167,			1.031,			0.285,			0.059
248,	1,	126.0,	109.335,			1.998,			0.254,			0.056
249,	1,	30.0,	109.343,			2.91,			0.191,			0.052
250,	2,	107.0,	109.457,			11.672,			1.124,			0.11
251,	1,	498.0,	109.928,			1.991,			0.263,			0.058
252,	1,	498.0,	110.173,			2.598,			0.11,			0.056
253,	1,	120.0,	110.747,			1.282,			0.162,			0.05
254,	1,	120.0,	110.893,			2.52,			0.164,			0.057
255,	2,	78.0,	111.205,			13.299,			1.111,			0.137
256,	2,	201.0,	111.385,			12.849,			1.222,			0.187
257,	1,	95.0,	111.694,			2.957,			0.2,			0.054
258,	1,	44.0,	111.756,			1.173,			0.177,			0.051
259,	1,	6.0,	111.827,			1.774,			0.237,			0.054
260,	2,	129.0,	111.858,			11.39,			1.385,			0.129
261,	1,	49.0,	111.931,			2.96,			0.222,			0.052
262,	1,	59.0,	111.977,			1.801,			0.178,			0.059
263,	1,	379.0,	112.108,			1.309,			0.175,			0.054
264,	1,	7.0,	112.166,			2.149,			0.182,			0.051
265,	1,	512.0,	112.343,			2.073,			0.297,			0.06
266,	1,	126.0,	112.37,			1.162,			0.288,			0.057
267,	1,	44.0,	112.539,			2.378,			0.131,			0.05
268,	1,	103.0,	112.816,			2.226,			0.222,			0.054
269,	1,	10.0,	113.09,			1.425,			0.236,			0.053
270,	1,	13.0,	113.305,			1.157,			0.235,			0.053
271,	1,	103.0,	113.439,			1.121,			0.182,			0.06
272,	1,	7.0,	113.467,			2.703,			0.231,			0.058
273,	1,	120.0,	113.938,			1.325,			0.145,			0.058
274,	1,	16.0,	113.953,			2.031,			0.299,			0.054
275,	1,	44.0,	114.373,			1.869,			0.243,			0.057
276,	1,	16.0,	114.416,			2.303,			0.17,			0.058
277,	1,	157.0,	114.711,			2.342,			0.195,			0.051
278,	1,	7.0,	115.044,			2.2,			0.217,			0.055
279,	2,	293.0,	115.292,			11.331,			1.147,			0.103
280,	1,	214.0,	115.406,			1.862,			0.164,			0.057
281,	1,	7.0,	115.586,			1.08,			0.258,			0.055
282,	1,	559.0,	115.713,			2.279,			0.252,			0.053
283,	1,	498.0,	115.817,			1.853,			0.215,			0.055
284,	1,	6.0,	115.824,			1.672,			0.12,			0.058
285,	1,	10.0,	115.868,			1.477,			0.23,			0.054
286,	1,	7.0,	116.034,			2.701,			0.273,			0.051
287,	1,	120.0,	116.104,			2.78,			0.231,			0.054
288,	1,	44.0,	116.114,			1.774,			0.128,			0.056
289,	1,	44.0,	116.193,			1.613,			0.236,			0.052
290,	1,	90.0,	116.282,			2.58,			0.259,			0.057
291,	1,	559.0,	116.409,			1.104,			0.263,			0.054
292,	1,	90.0,	116.61,			1.008,			0.251,			0.053
293,	1,	10.0,	116.718,			2.219,			0.23,			0.053
294,	1,	387.0,	116.92,			1.631,			0.173,			0.055
295,	2,	244.0,	117.099,			12.115,			1.484,			0.104
296,	1,	13.0,	117.156,			2.378,			0.116,			0.053
297,	1,	44.0,	117.189,			2.885,			0.145,			0.054
298,	1,	6.0,	117.265,			1.01,			0.201,			0.053
299,	1,	498.0,	117.785,			1.317,			0.289,			0.051
300,	1,	498.0,	117.943,			1.752,			0.119,			0.057
301,	2,	184.0,	117.966,			14.658,			1.112,			0.129
302,	1,	512.0,	118.034,			1.119,			0.16,			0.058
303,	1,	13.0,	118.55,			1.523,			0.185,			0.059
304,	1,	146.0,	118.578,			1.729,			0.172,			0.059
305,	1,	126.0,	118.615,			1.263,			0.287,			0.058
306,	1,	7.0,	118.852,			1.965,			0.17,			0.055
307,	1,	512.0,	118.955,			2.2,			0.257,			0.05
308,	1,	157.0,	119.332,			2.386,			0.247,			0.055
309,	1,	44.0,	119.437,			1.807,			0.205,			0.054
310,	1,	10.0,	119.651,			1.525,			0.161,			0.055
311,	1,	59.0,	120.101,			2.895,			0.165,			0.056
312,	1,	157.0,	120.198,			1.853,			0.121,			0.06
313,	1,	103.0,	120.684,			2.761,			0.267,			0.057
314,	1,	6.0,	120.847,			1.631,			0.247,			0.051
315,	1,	95.0,	121.024,			2.88,			0.29,			0.057
316,	1,	44.0,	121.977,			2.22,			0.233,			0.059
317,	1,	7.0,	122.004,			1.186,			0.221,			0.052
318,	1,	7.0,	122.24,			1.962,			0.116,			0.051
319,	1,	30.0,	122.567,			1.631,			0.169,			0.059
320,	1,	90.0,	122.808,			1.816,			0.157,			0.059
321,	1,	379.0,	122.826,			1.913,			0.286,			0.058
322,	1,	6.0,	122.994,			1.426,			0.167,			0.06
323,	1,	90.0,	123.651,			1.038,			0.133,			0.059
324,	1,	13.0,	123.745,			1.589,			0.134,			0.054
325,	1,	7.0,	123.918,			2.465,			0.131,			0.059
326,	1,	7.0,	123.946,			1.523,			0.125,			0.059
327,	1,	95.0,	124.007,			1.256,			0.255,			0.054
328,	1,	59.0,	124.012,			1.343,			0.256,			0.053
329,	1,	28.0,	124.059,			1.914,			0.296,			0.051
330,	2,	132.0,	124.153,			12.317,			1.037,			0.134
331,	1,	7.0,	124.572,			1.42,			0.28,			0.055
332,	1,	16.0,	124.723,			1.737,			0.188,			0.052
333,	2,	214.0,	124.848,			11.449,			1.268,			0.17
334,	1,	379.0,	124.856,			1.158,			0.174,			0.051
335,	1,	387.0,	125.032,			2.199,			0.173,			0.053
336,	1,	157.0,	125.144,			1.991,			0.159,			0.054
337,	1,	7.0,	125.246,			1.266,			0.192,			0.054
338,	1,	379.0,	125.51,			1.283,			0.23,			0.055
339,	1,	90.0,	125.512,			2.316,			0.202,			0.051
340,	1,	512.0,	125.731,			1.774,			0.219,			0.055
341,	1,	7.0,	125.735,			1.799,			0.213,			0.053
342,	1,	387.0,	125.971,			1.919,			0.238,			0.052
343,	1,	379.0,	125.981,			1.633,			0.136,			0.054
344,	1,	7.0,	126.009,			1.994,			0.192,			0.058
345,	1,	120.0,	126.172,			1.3,			0.19,			0.05
346,	1,	6.0,	126.199,			2.972,			0.159,			0.056
347,	1,	90.0,	126.255,			2.612,			0.221,			0.051
348,	1,	103.0,	126.287,			1.613,			0.176,			0.054
349,	1,	13.0,	126.626,			2.249,			0.179,			0.054
350,	1,	95.0,	126.654,			1.844,			0.161,			0.055
351,	1,	146.0,	126.705,			1.643,			0.189,			0.051
352,	2,	166.0,	126.976,			10.661,			1.324,			0.156
353,	1,	7.0,	127.136,			2.226,			0.228,			0.056
354,	1,	498.0,	127.194,			2.647,			0.185,			0.051
355,	1,	126.0,	127.217,			2.645,			0.178,			0.059
356,	1,	44.0,	127.298,			2.838,			0.296,			0.054
357,	1,	7.0,	127.324,			2.645,			0.119,			0.054
358,	1,	157.0,	127.373,			1.698,			0.162,			0.055
359,	1,	379.0,	127.519,			1.681,			0.298,			0.052
360,	1,	16.0,	127.589,			2.249,			0.133,			0.051
361,	1,	126.0,	127.639,			1.679,			0.147,			0.058
362,	1,	6.0,	127.875,			2.132,			0.156,			0.053
363,	1,	28.0,	127.982,			2.776,			0.249,			0.055
364,	1,	169.0,	128.015,			1.561,			0.17,			0.053
365,	1,	95.0,	128.103,			1.211,			0.233,			0.059
366,	1,	146.0,	128.154,			2.407,			0.121,			0.054
367,	1,	387.0,	128.424,			2.916,			0.206,			0.058
368,	1,	90.0,	128.781,			1.633,			0.149,			0.051
369,	1,	120.0,	129.023,			1.581,			0.108,			0.052
370,	1,	44.0,	129.101,			1.682,			0.107,			0.055
371,	2,	177.0,	129.225,			14.948,			1.442,			0.186
372,	1,	13.0,	129.419,			2.449,			0.212,			0.053
373,	1,	126.0,	129.971,			2.198,			0.235,			0.06
374,	1,	120.0,	129.994,			2.757,			0.22,			0.053
375,	1,	95.0,	130.192,			1.245,			0.25,			0.054
376,	2,	115.0,	130.236,			11.504,			1.021,			0.101
377,	1,	44.0,	130.33,			1.645,			0.16,			0.055
378,	1,	16.0,	130.505,			2.149,			0.217,			0.05
379,	1,	49.0,	130.552,			2.133,			0.29,			0.059
380,	1,	120.0,	130.564,			2.935,			0.29,			0.056
381,	2,	206.0,	130.768,			11.917,			1.121,			0.147
382,	1,	10.0,	130.803,			2.618,			0.233,			0.06
383,	1,	10.0,	131.334,			1.168,			0.12,			0.052
384,	1,	146.0,	131.372,			2.379,			0.199,			0.058
385,	1,	13.0,	131.378,			1.561,			0.252,			0.059
386,	1,	512.0,	131.443,			2.034,			0.16,			0.052
387,	1,	6.0,	131.46,			1.203,			0.123,			0.059
388,	2,	220.0,	131.981,			12.463,			1.055,			0.172
389,	1,	10.0,	132.045,			2.795,			0.224,			0.056
390,	1,	169.0,	132.197,			1.719,			0.29,			0.056
391,	1,	44.0,	132.359,			2.358,			0.116,			0.05
392,	1,	6.0,	132.841,			1.613,			0.215,			0.052
393,	1,	120.0,	133.104,			2.92,			0.279,			0.051
394,	1,	7.0,	133.159,			2.928,			0.186,			0.051
395,	1,	157.0,	133.34,			2.09,			0.241,			0.052
396,	1,	44.0,	133.379,			2.288,			0.259,			0.058
397,	1,	7.0,	133.805,			2.087,			0.216,			0.051
398,	1,	379.0,	133.885,			1.709,			0.15,			0.055
399,	1,	559.0,	134.066,			1.008,			0.119,			0.055
400,	1,	146.0,	134.173,			2.957,			0.124,			0.052
401,	1,	157.0,	134.408,			1.358,			0.124,			0.054
402,	1,	379.0,	134.501,			1.97,			0.136,			0.053
403,	1,	95.0,	134.712,			1.659,			0.193,			0.057
404,	1,	90.0,	135.201,			2.973,			0.192,			0.054
405,	1,	387.0,	135.466,			1.753,			0.287,			0.05
406,	1,	7.0,	135.627,			2.893,			0.198,			0.057
407,	1,	30.0,	135.78,			2.896,			0.216,			0.058
408,	1,	44.0,	135.784,			1.14,			0.268,			0.054
409,	2,	170.0,	135.822,			14.715,			1.133,			0.181
410,	1,	59.0,	135.854,			2.974,			0.185,			0.058
411,	1,	447.0,	135.936,			1.325,			0.279,			0.056
412,	1,	103.0,	135.987,			1.643,			0.205,			0.058
413,	1,	498.0,	136.26,			2.31,			0.24,			0.057
414,	2,	49.0,	136.478,			14.011,			1.253,			0.122
415,	1,	447.0,	136.808,			2.324,			0.161,			0.054
416,	1,	6.0,	137.191,			2.197,			0.138,			0.051
417,	1,	387.0,	137.358,			2.772,			0.168,			0.054
418,	1,	28.0,	137.381,			1.749,			0.131,			0.053
419,	1,	30.0,	137.47,			2.316,			0.17,			0.057
420,	1,	559.0,	137.974,			2.796,			0.191,			0.053
421,	1,	7.0,	138.007,			2.322,			0.129,			0.054
422,	1,	214.0,	138.089,			2.284,			0.285,			0.051
423,	1,	28.0,	138.131,			1.431,			0.173,			0.059
424,	1,	13.0,	138.277,			2.874,			0.255,			0.06
425,	1,	6.0,	138.552,			1.188,			0.186,			0.056
426,	1,	146.0,	138.581,			1.933,			0.139,			0.06
427,	1,	103.0,	138.633,			2.842,			0.217,			0.052
428,	1,	379.0,	138.896,			1.835,			0.139,			0.058
429,	1,	146.0,	138.945,			1.816,			0.14,			0.051
430,	2,	122.0,	139.223,			12.064,			1.243,			0.195
431,	1,	95.0,	139.319,			2.057,			0.111,			0.051
432,	2,	185.0,	139.341,			11.591,			1.146,			0.184
433,	1,	103.0,	139.426,			1.753,			0.161,			0.055
434,	1,	7.0,	139.49,			2.565,			0.211,			0.051
435,	1,	103.0,	139.498,			1.353,			0.297,			0.052
436,	1,	6.0,	139.71,			2.187,			0.175,			0.051
437,	1,	146.0,	140.419,			2.08,			0.116,			0.054
438,	1,	16.0,	140.696,			1.908,			0.141,			0.055
439,	1,	10.0,	140.965,			1.769,			0.254,			0.056
440,	1,	146.0,	141.138,			2.714,			0.284,			0.055
441,	1,	103.0,	141.202,			2.926,			0.21,			0.055
442,	1,	103.0,	141.506,			1.729,			0.131,			0.054
443,	1,	559.0,	141.506,			2.819,			0.158,			0.055
444,	1,	498.0,	141.868,			2.579,			0.166,			0.051
445,	1,	447.0,	142.168,			1.609,			0.229,			0.054
446,	1,	95.0,	142.238,			1.942,			0.255,			0.059
447,	1,	7.0,	142.27,			2.534,			0.281,			0.059
448,	1,	157.0,	142.351,			2.158,			0.228,			0.052
449,	1,	95.0,	142.402,			2.765,			0.158,			0.054
450,	1,	59.0,	142.663,			2.675,			0.222,			0.051
451,	2,	120.0,	142.689,			11.138,			1.246,			0.168
452,	1,	16.0,	142.713,			2.18,			0.235,			0.053
453,	2,	155.0,	143.304,			11.722,			1.014,			0.177
454,	1,	16.0,	143.753,			1.097,			0.142,			0.056
455,	1,	28.0,	143.789,			1.014,			0.128,			0.054
456,	1,	387.0,	144.047,			2.842,			0.276,			0.054
457,	1,	13.0,	144.377,			2.424,			0.165,			0.06
458,	1,	512.0,	144.562,			1.761,			0.179,			0.054
459,	2,	90.0,	144.641,			10.877,			1.071,			0.161
460,	1,	120.0,	144.892,			1.029,			0.215,			0.056
461,	1,	7.0,	145.183,			1.252,			0.222,			0.052
462,	1,	10.0,	145.214,			1.994,			0.233,			0.056
463,	1,	7.0,	145.248,			2.655,			0.17,			0.055
464,	1,	7.0,	145.426,			2.459,			0.288,			0.057
465,	1,	120.0,	145.475,			2.446,			0.25,			0.055
466,	1,	90.0,	145.508,			2.945,			0.221,			0.054
467,	1,	95.0,	145.566,			2.645,			0.221,			0.055
468,	1,	90.0,	145.682,			2.772,			0.299,			0.055
469,	1,	30.0,	145.714,			1.447,			0.101,			0.055
470,	1,	7.0,	145.995,			2.104,			0.126,			0.058
471,	1,	387.0,	146.057,			2.181,			0.179,			0.057
472,	1,	16.0,	146.134,			1.12,			0.111,			0.054
473,	2,	180.0,	146.196,			14.633,			1.349,			0.169
474,	1,	146.0,	146.291,			1.64,			0.275,			0.054
475,	1,	7.0,	146.363,			1.878,			0.206,			0.054
476,	1,	7.0,	146.45,			2.265,			0.242,			0.055
477,	1,	59.0,	146.5,			1.061,			0.164,			0.05
478,	1,	95.0,	146.513,			1.169,			0.107,			0.052
479,	2,	333.0,	146.545,			11.46,			1.369,			0.131
480,	1,	214.0,	146.627,			1.523,			0.124,			0.057
481,	1,	447.0,	147.035,			2.057,			0.102,			0.05
482,	1,	7.0,	147.075,			1.103,			0.165,			0.05
483,	1,	49.0,	147.266,			1.414,			0.185,			0.051
484,	1,	30.0,	147.368,			2.843,			0.257,			0.055
485,	1,	90.0,	147.478,			1.304,			0.277,			0.052
486,	1,	157.0,	147.633,			2.753,			0.207,			0.053
487,	1,	44.0,	147.684,			2.557,			0.122,			0.052
488,	1,	126.0,	147.724,			1.532,			0.245,			0.053
489,	2,	243.0,	147.77,			13.785,			1.268,			0.182
490,	1,	7.0,	147.897,			2.073,			0.295,			0.051
491,	1,	90.0,	148.056,			1.982,			0.138,			0.058
492,	1,	10.0,	148.16,			1.496,			0.232,			0.052
493,	1,	44.0,	148.178,			2.686,			0.222,			0.054
494,	1,	169.0,	148.366,			2.438,			0.133,			0.052
495,	1,	559.0,	148.473,			2.031,			0.212,			0.059
496,	1,	379.0,	148.591,			1.409,			0.234,			0.052
497,	1,	379.0,	148.768,			1.263,			0.134,			0.056
498,	1,	13.0,	148.785,			2.408,			0.298,			0.05
499,	1,	103.0,	148.84,			2.889,			0.256,			0.053
500,	1,	95.0,	148.92,			1.313,			0.158,			0.05
501,	1,	6.0,	149.153,			2.957,			0.113,			0.058
502,	1,	157.0,	149.173,			2.939,			0.159,			0.056
503,	1,	7.0,	149.272,			1.146,			0.28,			0.056
504,	1,	49.0,	149.591,			2.181,			0.283,			0.054
505,	1,	379.0,	149.672,			2.479,			0.156,			0.06
506,	1,	44.0,	149.771,			1.12,			0.272,			0.053
507,	2,	206.0,	149.897,			14.439,			1.305,			0.145
508,	1,	49.0,	150.021,			2.669,			0.158,			0.059
509,	2,	89.0,	150.5,			14.921,			1.259,			0.177
510,	1,	559.0,	150.621,			2.807,			0.17,			0.057
511,	1,	59.0,	150.661,			2.249,			0.186,			0.058
512,	1,	214.0,	150.812,			2.235,			0.131,			0.059
513,	1,	498.0,	151.092,			2.407,			0.102,			0.06
514,	1,	6.0,	151.135,			2.318,			0.14,			0.056
515,	1,	214.0,	151.186,			1.168,			0.138,			0.059
516,	1,	120.0,	151.629,			1.293,			0.281,			0.054
517,	1,	169.0,	151.692,			2.127,			0.198,			0.054
518,	2,	113.0,	151.943,			11.135,			1.431,			0.109
519,	1,	512.0,	151.966,			2.52,			0.293,			0.052
520,	1,	44.0,	152.06,			2.819,			0.101,			0.051
521,	1,	13.0,	152.341,			1.766,			0.217,			0.058
522,	1,	13.0,	152.483,			1.838,			0.164,			0.06
523,	1,	6.0,	152.885,			2.104,			0.185,			0.055
524,	1,	95.0,	153.305,			1.047,			0.15,			0.055
525,	1,	44.0,	153.481,			1.472,			0.181,			0.055
526,	1,	30.0,	153.482,			2.945,			0.103,			0.051
527,	1,	7.0,	153.551,			2.711,			0.123,			0.055
528,	1,	10.0,	153.915,			1.755,			0.272,			0.055
529,	2,	102.0,	153.983,			10.979,			1.01,			0.108
530,	1,	387.0,	153.993,			2.013,			0.159,			0.053
531,	1,	95.0,	154.265,			1.26,			0.296,			0.054
532,	1,	559.0,	154.29,			2.599,			0.194,			0.054
533,	1,	103.0,	154.308,			1.008,			0.246,			0.051
534,	1,	498.0,	154.385,			1.639,			0.193,			0.052
535,	1,	7.0,	154.504,			1.828,			0.207,			0.054
536,	1,	146.0,	154.605,			1.126,			0.145,			0.055
537,	1,	7.0,	154.686,			1.011,			0.171,			0.058
538,	1,	7.0,	154.896,			1.969,			0.282,			0.056
539,	1,	90.0,	155.067,			2.522,			0.147,			0.059
540,	2,	108.0,	155.11,			13.36,			1.406,			0.13
541,	2,	238.0,	155.409,			10.886,			1.495,			0.112
542,	2,	64.0,	155.491,			12.005,			1.204,			0.182
543,	1,	103.0,	155.675,			2.345,			0.166,			0.056
544,	1,	59.0,	155.708,			2.795,			0.289,			0.06
545,	1,	90.0,	155.742,			2.681,			0.164,			0.056
546,	1,	498.0,	155.788,			1.566,			0.125,			0.052
547,	1,	126.0,	155.818,			2.429,			0.174,			0.051
548,	1,	95.0,	155.927,			2.88,			0.288,			0.055
549,	1,	7.0,	156.051,			2.945,			0.28,			0.056
550,	1,	126.0,	156.149,			2.984,			0.255,			0.056
551,	1,	59.0,	156.921,			2.653,			0.294,			0.055
552,	1,	387.0,	156.962,			2.133,			0.151,			0.059
553,	1,	49.0,	157.377,			1.985,			0.247,			0.055
554,	1,	7.0,	157.42,			2.623,			0.182,			0.051
555,	2,	203.0,	157.42,			11.966,			1.349,			0.145
556,	1,	59.0,	157.501,			1.861,			0.174,			0.059
557,	1,	146.0,	157.678,			2.78,			0.119,			0.053
558,	1,	49.0,	157.718,			1.46,			0.243,			0.055
559,	1,	169.0,	157.752,			2.622,			0.24,			0.059
560,	1,	387.0,	158.01,			1.657,			0.277,			0.058
561,	1,	559.0,	158.338,			1.334,			0.289,			0.059
562,	1,	49.0,	158.378,			2.581,			0.297,			0.052
563,	1,	169.0,	158.629,			1.442,			0.175,			0.052
564,	1,	10.0,	160.607,			1.522,			0.124,			0.05
565,	2,	217.0,	160.646,			12.615,			1.316,			0.152
566,	1,	379.0,	160.675,			1.16,			0.106,			0.059
567,	1,	120.0,	160.894,			2.222,			0.162,			0.055
568,	1,	214.0,	161.065,			1.103,			0.109,			0.052
569,	1,	7.0,	161.204,			1.542,			0.255,			0.051
570,	2,	201.0,	161.475,			12.964,			1.471,			0.185
571,	1,	512.0,	161.518,			1.752,			0.205,			0.055
572,	1,	6.0,	161.856,			2.932,			0.271,			0.052
573,	1,	7.0,	161.896,			1.768,			0.201,			0.051
574,	1,	559.0,	162.181,			2.084,			0.173,			0.055
575,	1,	30.0,	162.874,			2.819,			0.248,			0.055
576,	1,	59.0,	162.945,			1.707,			0.29,			0.054
577,	1,	387.0,	162.987,			2.661,			0.237,			0.054
578,	1,	16.0,	163.188,			1.582,			0.128,			0.051
579,	1,	13.0,	163.243,			1.289,			0.27,			0.059
580,	1,	6.0,	163.645,			2.714,			0.169,			0.057
581,	1,	7.0,	163.667,			2.18,			0.12,			0.059
582,	1,	512.0,	163.825,			2.751,			0.182,			0.052
583,	1,	16.0,	164.076,			1.9,			0.203,			0.052
584,	1,	10.0,	164.493,			1.809,			0.161,			0.052
585,	1,	157.0,	164.784,			1.981,			0.298,			0.057
586,	1,	44.0,	164.822,			1.684,			0.139,			0.056
587,	1,	157.0,	165.616,			1.952,			0.208,			0.053
588,	1,	559.0,	165.648,			2.726,			0.21,			0.053
589,	1,	7.0,	165.715,			2.947,			0.199,			0.059
590,	2,	145.0,	165.814,			10.553,			1.389,			0.188
591,	1,	7.0,	166.151,			2.199,			0.219,			0.056
592,	1,	16.0,	166.353,			1.168,			0.121,			0.053
593,	1,	387.0,	166.538,			1.56,			0.15,			0.058
594,	1,	7.0,	166.772,			2.314,			0.171,			0.059
595,	1,	10.0,	166.952,			1.098,			0.185,			0.058
596,	1,	126.0,	166.998,			1.981,			0.174,			0.051
597,	1,	90.0,	167.088,			1.501,			0.222,			0.06
598,	1,	103.0,	167.192,			1.717,			0.127,			0.056
599,	1,	16.0,	167.801,			2.167,			0.174,			0.054
600,	1,	7.0,	167.803,			1.663,			0.222,			0.05
601,	1,	447.0,	167.84,			1.111,			0.172,			0.051
602,	1,	59.0,	168.199,			1.172,			0.277,			0.056
603,	1,	90.0,	168.31,			2.914,			0.146,			0.051
604,	1,	447.0,	168.561,			1.581,			0.15,			0.053
605,	1,	512.0,	168.57,			2.955,			0.202,			0.058
606,	1,	120.0,	168.766,			2.602,			0.2,			0.056
607,	2,	192.0,	168.869,			10.909,			1.323,			0.125
608,	1,	387.0,	168.898,			1.038,			0.113,			0.057
609,	1,	146.0,	169.18,			1.578,			0.171,			0.053
610,	1,	157.0,	169.335,			1.23,			0.205,			0.053
611,	1,	387.0,	169.44,			1.266,			0.217,			0.059
612,	1,	214.0,	169.449,			2.735,			0.144,			0.051
613,	1,	6.0,	169.504,			1.733,			0.289,			0.055
614,	1,	7.0,	169.638,			2.903,			0.2,			0.053
615,	2,	259.0,	169.753,			10.491,			1.083,			0.188
616,	1,	103.0,	169.772,			1.447,			0.279,			0.054
617,	1,	146.0,	169.928,			2.173,			0.195,			0.056
618,	1,	379.0,	170.177,			1.914,			0.248,			0.053
619,	1,	498.0,	170.225,			2.541,			0.256,			0.054
620,	1,	30.0,	170.251,			1.029,			0.165,			0.056
621,	1,	157.0,	170.283,			1.158,			0.275,			0.056
622,	1,	559.0,	170.616,			2.398,			0.131,			0.058
623,	1,	120.0,	170.723,			1.701,			0.103,			0.053
624,	1,	103.0,	170.87,			2.288,			0.297,			0.053
625,	1,	6.0,	171.276,			2.663,			0.126,			0.058
626,	1,	157.0,	171.595,			1.035,			0.119,			0.051
627,	1,	10.0,	171.612,			2.857,			0.234,			0.053
628,	1,	16.0,	171.686,			2.986,			0.232,			0.06
629,	1,	90.0,	171.811,			1.553,			0.169,			0.059
630,	1,	498.0,	172.052,			1.106,			0.214,			0.055
631,	1,	6.0,	172.133,			2.098,			0.139,			0.051
632,	1,	157.0,	172.823,			2.14,			0.135,			0.054
633,	1,	512.0,	172.857,			1.81,			0.113,			0.057
634,	1,	157.0,	172.872,			1.553,			0.171,			0.055
635,	1,	10.0,	172.97,			1.786,			0.14,			0.056
636,	1,	146.0,	173.213,			1.963,			0.165,			0.053
637,	2,	206.0,	173.537,			11.622,			1.488,			0.166
638,	1,	44.0,	173.683,			2.249,			0.292,			0.051
639,	1,	7.0,	173.756,			2.571,			0.216,			0.053
640,	2,	172.0,	173.887,			13.671,			1.128,			0.195
641,	1,	44.0,	173.954,			1.382,			0.148,			0.055
642,	1,	379.0,	174.096,			1.571,			0.157,			0.053
643,	1,	49.0,	174.108,			2.316,			0.119,			0.058
644,	1,	7.0,	174.328,			1.733,			0.239,			0.057
645,	1,	146.0,	174.609,			1.148,			0.268,			0.055
646,	1,	13.0,	174.728,			1.443,			0.131,			0.057
647,	1,	387.0,	174.864,			1.483,			0.193,			0.059
648,	1,	7.0,	174.903,			1.029,			0.144,			0.055
649,	1,	379.0,	174.985,			1.395,			0.129,			0.057
650,	1,	7.0,	175.041,			1.807,			0.2,			0.052
651,	1,	379.0,	175.517,			1.968,			0.192,			0.052
652,	1,	120.0,	176.225,			2.631,			0.101,			0.059
653,	1,	387.0,	176.316,			2.622,			0.229,			0.05
654,	1,	44.0,	176.646,			1.86,			0.219,			0.055
655,	1,	13.0,	176.7,			2.58,			0.277,			0.053
656,	1,	559.0,	176.824,			1.631,			0.192,			0.053
657,	1,	559.0,	177.059,			2.932,			0.274,			0.058
658,	1,	44.0,	177.113,			2.903,			0.167,			0.056
659,	1,	379.0,	177.123,			1.605,			0.19,			0.057
660,	1,	126.0,	177.222,			1.672,			0.23,			0.059
661,	1,	10.0,	177.436,			2.789,			0.267,			0.054
662,	1,	16.0,	177.631,			2.318,			0.114,			0.054
663,	1,	559.0,	177.729,			2.19,			0.103,			0.054
664,	1,	7.0,	177.807,			2.761,			0.247,			0.053
665,	1,	214.0,	178.061,			2.436,			0.114,			0.058
666,	1,	95.0,	178.08,			2.176,			0.247,			0.056
667,	1,	157.0,	178.713,			2.013,			0.195,			0.057
668,	1,	30.0,	179.208,			2.492,			0.226,			0.055
669,	1,	7.0,	179.283,			2.098,			0.173,			0.05
670,	1,	59.0,	179.307,			1.784,			0.127,			0.057
671,	1,	13.0,	179.619,			2.249,			0.184,			0.052
672,	1,	7.0,	179.629,			2.223,			0.174,			0.06
673,	1,	120.0,	179.646,			2.844,			0.119,			0.058
674,	1,	7.0,	179.702,			2.09,			0.182,			0.059
675,	1,	169.0,	179.826,			2.412,			0.27,			0.056
676,	1,	90.0,	179.918,			2.322,			0.174,			0.057
677,	1,	7.0,	179.924,			1.786,			0.175,			0.051
678,	1,	7.0,	179.966,			2.326,			0.272,			0.056
679,	1,	387.0,	180.088,			1.692,			0.146,			0.056
680,	1,	512.0,	180.091,			2.642,			0.121,			0.055
681,	1,	16.0,	180.098,			2.911,			0.162,			0.055
682,	1,	146.0,	180.125,			1.728,			0.23,			0.054
683,	1,	214.0,	180.396,			1.488,			0.109,			0.053
684,	1,	146.0,	180.45,			1.809,			0.247,			0.056
685,	1,	16.0,	180.506,			1.334,			0.278,			0.056
686,	2,	133.0,	180.582,			12.728,			1.303,			0.111
687,	1,	10.0,	180.615,			1.985,			0.173,			0.057
688,	1,	30.0,	180.797,			2.454,			0.266,			0.053
689,	1,	103.0,	181.062,			2.509,			0.124,			0.057
690,	1,	13.0,	181.087,			2.393,			0.225,			0.058
691,	1,	13.0,	181.09,			1.998,			0.161,			0.058
692,	1,	157.0,	181.254,			2.879,			0.136,			0.059
693,	1,	7.0,	181.322,			2.705,			0.295,			0.058
694,	1,	512.0,	181.489,			1.811,			0.17,			0.05
695,	1,	6.0,	181.62,			1.314,			0.174,			0.06
696,	1,	10.0,	182.105,			2.862,			0.217,			0.051
697,	1,	30.0,	182.401,			2.714,			0.201,			0.054
698,	1,	28.0,	182.654,			1.702,			0.267,			0.059
699,	2,	250.0,	182.684,			11.488,			1.295,			0.106
700,	1,	28.0,	183.072,			1.859,			0.101,			0.055
701,	1,	7.0,	183.355,			1.031,			0.199,			0.052
702,	1,	120.0,	183.364,			2.628,			0.224,			0.052
703,	1,	90.0,	183.411,			2.256,			0.267,			0.05
704,	1,	146.0,	183.456,			1.805,			0.27,			0.055
705,	1,	7.0,	183.528,			1.353,			0.272,			0.06
706,	1,	559.0,	183.586,			1.45,			0.158,			0.058
707,	1,	13.0,	183.931,			2.684,			0.177,			0.058
708,	1,	379.0,	183.932,			2.717,			0.108,			0.052
709,	1,	447.0,	184.418,			2.436,			0.119,			0.052
710,	1,	44.0,	184.97,			2.324,			0.125,			0.054
711,	1,	559.0,	185.006,			2.199,			0.172,			0.053
712,	1,	10.0,	185.147,			1.783,			0.262,			0.055
713,	1,	126.0,	185.313,			1.078,			0.113,			0.051
714,	1,	6.0,	185.321,			2.973,			0.292,			0.052
715,	1,	387.0,	185.413,			2.317,			0.133,			0.054
716,	1,	379.0,	185.962,			2.016,			0.236,			0.057
717,	2,	193.0,	186.086,			13.061,			1.492,			0.117
718,	1,	44.0,	186.321,			2.09,			0.192,			0.051
719,	1,	157.0,	186.507,			1.115,			0.167,			0.055
720,	1,	49.0,	186.583,			2.057,			0.134,			0.055
721,	1,	379.0,	186.883,			1.61,			0.109,			0.059
722,	2,	197.0,	187.046,			12.581,			1.164,			0.167
723,	1,	7.0,	187.123,			1.81,			0.186,			0.06
724,	1,	90.0,	187.239,			2.669,			0.207,			0.052
725,	1,	90.0,	187.401,			2.479,			0.176,			0.058
726,	1,	13.0,	187.522,			1.291,			0.108,			0.059
727,	2,	153.0,	187.618,			11.658,			1.086,			0.1
728,	1,	559.0,	187.946,			1.174,			0.206,			0.054
729,	1,	7.0,	188.177,			1.748,			0.256,			0.052
730,	1,	7.0,	188.181,			2.36,			0.215,			0.057
731,	1,	44.0,	188.191,			2.807,			0.161,			0.053
732,	1,	30.0,	188.275,			2.175,			0.186,			0.056
733,	1,	6.0,	188.512,			1.485,			0.116,			0.052
734,	1,	157.0,	188.872,			2.449,			0.241,			0.053
735,	2,	185.0,	189.033,			12.299,			1.31,			0.155
736,	1,	103.0,	189.583,			1.654,			0.223,			0.054
737,	1,	120.0,	190.138,			2.18,			0.184,			0.056
738,	1,	44.0,	191.171,			1.029,			0.19,			0.056
739,	2,	154.0,	191.26,			11.339,			1.477,			0.109
740,	1,	387.0,	191.596,			2.09,			0.106,			0.05
741,	1,	10.0,	191.82,			2.935,			0.177,			0.052
742,	1,	7.0,	191.857,			1.402,			0.161,			0.056
743,	1,	103.0,	192.134,			1.096,			0.169,			0.056
744,	1,	44.0,	192.405,			2.78,			0.136,			0.051
745,	2,	70.0,	192.858,			11.075,			1.459,			0.166
746,	1,	7.0,	192.944,			2.777,			0.247,			0.051
747,	1,	169.0,	193.033,			1.327,			0.24,			0.054
748,	1,	49.0,	193.43,			2.154,			0.203,			0.052
749,	1,	126.0,	193.437,			1.523,			0.295,			0.059
750,	1,	6.0,	193.51,			2.69,			0.244,			0.059
751,	1,	7.0,	193.565,			2.148,			0.193,			0.06
752,	2,	160.0,	193.645,			13.613,			1.092,			0.101
753,	1,	7.0,	193.646,			1.822,			0.229,			0.053
754,	1,	387.0,	193.734,			1.701,			0.156,			0.053
755,	2,	94.0,	193.773,			14.903,			1.029,			0.158
756,	1,	7.0,	193.779,			1.791,			0.292,			0.05
757,	1,	447.0,	193.914,			1.914,			0.107,			0.055
758,	1,	90.0,	194.082,			2.5,			0.101,			0.055
759,	1,	169.0,	194.287,			1.962,			0.149,			0.058
760,	1,	157.0,	194.595,			1.631,			0.17,			0.059
761,	1,	512.0,	195.105,			2.284,			0.221,			0.052
762,	2,	149.0,	195.198,			12.329,			1.456,			0.19
763,	1,	13.0,	195.267,			2.885,			0.149,			0.051
764,	1,	169.0,	195.421,			1.45,			0.234,			0.059
765,	1,	13.0,	195.509,			1.807,			0.204,			0.06
766,	1,	44.0,	195.529,			1.277,			0.295,			0.053
767,	1,	512.0,	195.708,			1.908,			0.144,			0.05
768,	1,	498.0,	195.876,			1.853,			0.105,			0.056
769,	1,	90.0,	195.897,			1.701,			0.225,			0.057
770,	1,	30.0,	196.042,			2.91,			0.228,			0.056
771,	1,	13.0,	196.277,			2.56,			0.254,			0.058
772,	1,	157.0,	196.646,			1.524,			0.275,			0.054
773,	2,	74.0,	197.137,			12.733,			1.099,			0.186
774,	2,	103.0,	197.414,			13.681,			1.453,			0.174
775,	1,	447.0,	198.494,			1.433,			0.135,			0.057
776,	1,	120.0,	198.542,			2.131,			0.267,			0.05
777,	1,	146.0,	198.783,			1.947,			0.145,			0.052
778,	1,	512.0,	198.993,			2.454,			0.104,			0.054
779,	1,	13.0,	198.993,			1.464,			0.146,			0.056
780,	1,	95.0,	199.031,			2.28,			0.159,			0.058
781,	1,	95.0,	199.044,			2.305,			0.129,			0.059
782,	1,	559.0,	199.085,			2.26,			0.15,			0.057
783,	1,	95.0,	199.305,			1.031,			0.239,			0.056
784,	1,	44.0,	199.574,			2.149,			0.192,			0.052
785,	2,	153.0,	199.701,			11.829,			1.427,			0.191
786,	1,	28.0,	200.133,			2.914,			0.189,			0.051
787,	1,	59.0,	200.204,			2.303,			0.29,			0.055
788,	1,	146.0,	200.659,			1.252,			0.175,			0.054
789,	1,	157.0,	200.763,			1.426,			0.158,			0.057
790,	1,	13.0,	201.79,			2.717,			0.163,			0.059
791,	1,	95.0,	201.799,			1.833,			0.124,			0.053
792,	1,	59.0,	201.931,			2.813,			0.123,			0.058
793,	1,	44.0,	201.953,			1.204,			0.21,			0.054
794,	1,	103.0,	202.082,			2.03,			0.238,			0.057
795,	1,	447.0,	202.516,			1.509,			0.168,			0.053
796,	1,	10.0,	202.827,			1.728,			0.194,			0.058
797,	1,	146.0,	203.803,			1.05,			0.119,			0.057
798,	1,	169.0,	204.096,			1.542,			0.229,			0.056
799,	1,	379.0,	204.12,			1.609,			0.154,			0.06
800,	1,	30.0,	204.21,			1.633,			0.247,			0.053
801,	1,	95.0,	204.389,			1.575,			0.131,			0.058
802,	1,	120.0,	204.516,			1.76,			0.125,			0.056
803,	2,	147.0,	205.25,			12.815,			1.324,			0.166
804,	1,	7.0,	205.466,			2.034,			0.285,			0.054
805,	1,	44.0,	205.528,			1.472,			0.285,			0.05
806,	2,	138.0,	205.608,			14.903,			1.388,			0.144
807,	1,	44.0,	205.845,			1.455,			0.119,			0.054
808,	1,	379.0,	205.989,			2.612,			0.215,			0.058
809,	1,	512.0,	206.047,			1.596,			0.164,			0.056
810,	1,	103.0,	206.149,			1.733,			0.177,			0.052
811,	1,	10.0,	206.191,			2.645,			0.124,			0.057
812,	1,	120.0,	206.76,			2.296,			0.104,			0.054
813,	1,	379.0,	206.821,			1.473,			0.289,			0.06
814,	1,	10.0,	206.934,			2.103,			0.23,			0.05
815,	2,	178.0,	207.26,			12.115,			1.419,			0.133
816,	1,	146.0,	207.266,			2.888,			0.202,			0.053
817,	1,	16.0,	207.653,			1.513,			0.268,			0.06
818,	2,	76.0,	207.809,			12.475,			1.437,			0.184
819,	2,	82.0,	208.496,			10.523,			1.499,			0.104
820,	1,	44.0,	209.802,			1.73,			0.267,			0.054
821,	1,	16.0,	209.907,			2.751,			0.255,			0.059
822,	1,	103.0,	210.209,			1.991,			0.225,			0.058
823,	1,	447.0,	210.715,			1.229,			0.232,			0.055
824,	1,	16.0,	210.814,			1.245,			0.27,			0.058
825,	1,	103.0,	210.856,			2.398,			0.284,			0.056
826,	1,	7.0,	210.93,			2.974,			0.208,			0.057
827,	2,	239.0,	210.959,			11.058,			1.417,			0.122
828,	1,	7.0,	211.059,			2.381,			0.184,			0.051
829,	1,	90.0,	211.139,			2.479,			0.108,			0.056
830,	1,	7.0,	211.165,			1.663,			0.164,			0.054
831,	2,	161.0,	211.174,			13.106,			1.137,			0.151
832,	1,	379.0,	211.531,			2.293,			0.266,			0.052
833,	1,	44.0,	211.871,			2.621,			0.193,			0.06
834,	1,	7.0,	212.326,			2.304,			0.107,			0.054
835,	1,	379.0,	212.74,			1.966,			0.166,			0.059
836,	1,	559.0,	213.226,			1.103,			0.206,			0.052
837,	1,	169.0,	213.646,			2.132,			0.269,			0.054
838,	1,	379.0,	213.742,			2.01,			0.158,			0.057
839,	2,	194.0,	213.794,			12.136,			1.167,			0.121
840,	1,	214.0,	213.913,			2.226,			0.108,			0.051
841,	1,	559.0,	213.951,			1.807,			0.257,			0.06
842,	2,	314.0,	214.254,			11.342,			1.177,			0.134
843,	1,	28.0,	214.508,			1.482,			0.231,			0.055
844,	1,	498.0,	214.952,			2.415,			0.232,			0.051
845,	1,	59.0,	214.996,			1.61,			0.163,			0.055
846,	1,	214.0,	215.025,			2.085,			0.219,			0.056
847,	1,	95.0,	216.077,			1.566,			0.167,			0.058
848,	1,	103.0,	216.239,			1.019,			0.272,			0.055
849,	1,	90.0,	216.304,			2.349,			0.148,			0.055
850,	2,	188.0,	216.368,			12.372,			1.393,			0.121
851,	2,	135.0,	216.589,			11.709,			1.159,			0.141
852,	1,	379.0,	216.735,			2.969,			0.123,			0.05
853,	1,	498.0,	216.859,			2.968,			0.135,			0.059
854,	1,	103.0,	216.865,			1.006,			0.298,			0.055
855,	1,	120.0,	217.14,			2.525,			0.171,			0.054
856,	2,	151.0,	217.261,			10.146,			1.454,			0.176
857,	1,	120.0,	217.77,			2.52,			0.254,			0.053
858,	1,	103.0,	218.109,			2.051,			0.136,			0.055
859,	1,	447.0,	218.379,			1.25,			0.166,			0.06
860,	2,	106.0,	218.587,			10.595,			1.325,			0.144
861,	1,	7.0,	218.763,			1.984,			0.225,			0.055
862,	2,	79.0,	219.042,			14.172,			1.438,			0.175
863,	1,	7.0,	219.236,			2.293,			0.215,			0.054
864,	1,	157.0,	219.888,			2.559,			0.136,			0.05
865,	1,	7.0,	220.769,			2.486,			0.214,			0.055
866,	1,	214.0,	220.781,			2.525,			0.13,			0.052
867,	1,	44.0,	221.2,			1.645,			0.182,			0.054
868,	1,	59.0,	221.306,			1.914,			0.263,			0.052
869,	2,	303.0,	221.57,			11.864,			1.333,			0.103
870,	1,	498.0,	221.784,			2.525,			0.235,			0.054
871,	2,	128.0,	221.786,			13.676,			1.021,			0.112
872,	1,	447.0,	221.849,			2.027,			0.134,			0.051
873,	1,	103.0,	222.194,			2.56,			0.285,			0.056
874,	1,	7.0,	222.285,			1.364,			0.235,			0.052
875,	1,	7.0,	222.405,			2.968,			0.294,			0.054
876,	2,	117.0,	222.484,			13.289,			1.46,			0.113
877,	1,	120.0,	222.974,			1.16,			0.226,			0.057
878,	1,	10.0,	223.223,			2.318,			0.177,			0.059
879,	1,	169.0,	223.748,			2.999,			0.221,			0.051
880,	1,	157.0,	224.089,			2.798,			0.102,			0.057
881,	1,	126.0,	224.566,			2.709,			0.174,			0.056
882,	1,	6.0,	224.876,			1.313,			0.237,			0.06
883,	2,	193.0,	225.675,			14.4,			1.373,			0.168
884,	1,	559.0,	226.754,			1.982,			0.167,			0.056
885,	1,	10.0,	226.903,			1.23,			0.187,			0.051
886,	1,	10.0,	226.994,			2.549,			0.254,			0.059
887,	1,	90.0,	227.056,			2.819,			0.132,			0.053
888,	2,	95.0,	227.195,			11.706,			1.229,			0.147
889,	2,	87.0,	227.521,			10.756,			1.242,			0.157
890,	2,	138.0,	227.564,			10.268,			1.406,			0.198
891,	1,	126.0,	227.707,			2.922,			0.161,			0.054
892,	2,	231.0,	227.753,			11.134,			1.133,			0.109
893,	1,	44.0,	228.118,			1.313,			0.294,			0.055
894,	1,	7.0,	228.283,			2.154,			0.228,			0.058
895,	2,	172.0,	228.563,			12.581,			1.104,			0.132
896,	2,	190.0,	229.734,			14.582,			1.282,			0.167
897,	2,	109.0,	229.923,			14.729,			1.41,			0.166
898,	2,	173.0,	229.958,			14.917,			1.136,			0.123
899,	1,	379.0,	230.225,			2.95,			0.126,			0.055
900,	1,	44.0,	230.347,			2.948,			0.2,			0.06
901,	2,	219.0,	232.021,			13.299,			1.311,			0.102
902,	1,	103.0,	232.05,			1.406,			0.236,			0.05
903,	1,	16.0,	232.43,			2.127,			0.101,			0.054
904,	1,	559.0,	232.778,			2.779,			0.101,			0.053
905,	1,	30.0,	233.171,			2.084,			0.148,			0.054
906,	1,	6.0,	233.416,			2.28,			0.185,			0.056
907,	2,	293.0,	234.09,			12.588,			1.374,			0.188
908,	1,	49.0,	234.759,			1.364,			0.152,			0.055
909,	1,	126.0,	234.933,			2.796,			0.267,			0.058
910,	1,	90.0,	235.108,			1.409,			0.122,			0.052
911,	1,	387.0,	236.03,			2.465,			0.292,			0.054
912,	1,	44.0,	236.145,			2.252,			0.268,			0.059
913,	1,	6.0,	236.263,			2.709,			0.166,			0.051
914,	2,	132.0,	236.529,			10.117,			1.074,			0.144
915,	2,	117.0,	236.732,			11.442,			1.192,			0.162
916,	2,	89.0,	237.04,			11.994,			1.238,			0.124
917,	1,	214.0,	237.477,			2.074,			0.135,			0.056
918,	2,	130.0,	237.558,			14.4,			1.407,			0.148
919,	2,	151.0,	237.652,			12.463,			1.008,			0.19
920,	1,	103.0,	237.84,			2.28,			0.126,			0.051
921,	1,	379.0,	239.2,			2.544,			0.259,			0.051
922,	1,	169.0,	239.214,			2.832,			0.167,			0.06
923,	2,	106.0,	240.224,			12.93,			1.275,			0.101
924,	1,	13.0,	240.488,			2.612,			0.151,			0.052
925,	1,	559.0,	240.581,			2.223,			0.278,			0.053
926,	1,	157.0,	240.947,			1.217,			0.146,			0.059
927,	1,	59.0,	241.013,			2.631,			0.288,			0.053
928,	2,	134.0,	241.37,			13.277,			1.197,			0.177
929,	1,	379.0,	241.606,			1.582,			0.191,			0.057
930,	2,	207.0,	241.609,			10.895,			1.068,			0.114
931,	2,	103.0,	241.87,			11.709,			1.208,			0.173
932,	1,	10.0,	242.611,			2.598,			0.246,			0.055
933,	2,	109.0,	242.674,			13.386,			1.363,			0.177
934,	2,	112.0,	242.872,			14.134,			1.131,			0.102
935,	2,	249.0,	242.877,			10.399,			1.194,			0.103
936,	2,	106.0,	243.082,			14.136,			1.438,			0.198
937,	1,	214.0,	245.507,			2.991,			0.192,			0.05
938,	1,	387.0,	245.541,			2.954,			0.22,			0.054
939,	2,	134.0,	245.756,			14.572,			1.013,			0.125
940,	2,	142.0,	247.084,			10.912,			1.252,			0.125
941,	1,	387.0,	247.874,			2.509,			0.272,			0.056
942,	1,	13.0,	247.948,			2.425,			0.169,			0.05
943,	1,	44.0,	248.104,			2.727,			0.13,			0.053
944,	1,	120.0,	248.225,			1.3,			0.167,			0.06
945,	1,	7.0,	248.733,			1.708,			0.235,			0.06
946,	1,	28.0,	248.784,			1.192,			0.125,			0.059
947,	1,	103.0,	249.09,			1.282,			0.235,			0.059
948,	1,	13.0,	249.184,			1.423,			0.236,			0.051
949,	2,	109.0,	249.433,			13.137,			1.413,			0.137
950,	1,	95.0,	251.059,			2.955,			0.292,			0.052
951,	1,	7.0,	251.42,			1.719,			0.113,			0.055
952,	2,	98.0,	252.762,			12.057,			1.132,			0.197
953,	2,	248.0,	252.802,			10.527,			1.112,			0.156
954,	2,	139.0,	254.172,			12.275,			1.199,			0.105
955,	2,	113.0,	256.35,			12.869,			1.029,			0.134
956,	1,	512.0,	257.369,			1.605,			0.166,			0.052
957,	1,	95.0,	257.544,			2.384,			0.174,			0.056
958,	2,	82.0,	257.701,			13.415,			1.009,			0.199
959,	1,	387.0,	258.782,			1.052,			0.235,			0.052
960,	2,	72.0,	259.767,			13.17,			1.392,			0.172
961,	2,	75.0,	260.491,			11.854,			1.101,			0.179
962,	2,	228.0,	261.06,			12.287,			1.28,			0.167
963,	2,	128.0,	261.588,			10.702,			1.167,			0.165
964,	2,	129.0,	262.505,			14.067,			1.205,			0.166
965,	2,	151.0,	262.621,			12.057,			1.417,			0.185
966,	2,	132.0,	263.002,			10.415,			1.06,			0.118
967,	1,	16.0,	263.472,			1.424,			0.133,			0.054
968,	1,	7.0,	266.803,			1.717,			0.273,			0.052
969,	2,	159.0,	267.156,			10.592,			1.198,			0.134
970,	1,	7.0,	270.55,			2.776,			0.154,			0.053
971,	1,	387.0,	270.558,			2.943,			0.208,			0.059
972,	1,	7.0,	271.277,			2.88,			0.174,			0.054
973,	1,	95.0,	271.821,			1.029,			0.106,			0.059
974,	2,	315.0,	271.835,			11.971,			1.192,			0.197
975,	2,	158.0,	272.885,			12.112,			1.284,			0.166
976,	2,	229.0,	273.556,			13.587,			1.407,			0.195
977,	1,	157.0,	276.75,			1.35,			0.184,			0.06
978,	2,	146.0,	276.918,			11.228,			1.431,			0.19
979,	2,	121.0,	277.058,			11.193,			1.438,			0.147
980,	2,	110.0,	278.342,			11.393,			1.103,			0.15
981,	2,	102.0,	278.46,			10.617,			1.283,			0.2
982,	2,	97.0,	278.777,			10.442,			1.426,			0.116
983,	1,	214.0,	280.585,			1.742,			0.13,			0.059
984,	2,	200.0,	281.392,			10.36,			1.431,			0.165
985,	2,	190.0,	281.625,			12.594,			1.47,			0.123
986,	2,	155.0,	281.986,			14.859,			1.285,			0.191
987,	2,	227.0,	282.327,			14.649,			1.01,			0.176
988,	2,	144.0,	287.022,			11.12,			1.392,			0.104
989,	2,	280.0,	287.861,			10.871,			1.197,			0.105
990,	2,	155.0,	288.338,			13.737,			1.07,			0.122
991,	2,	191.0,	289.408,			10.681,			1.49,			0.162
992,	1,	16.0,	289.869,			2.02,			0.247,			0.056
993,	2,	197.0,	289.999,			14.276,			1.377,			0.133
994,	2,	154.0,	291.118,			14.906,			1.187,			0.101
995,	1,	30.0,	291.832,			1.909,			0.207,			0.053
996,	2,	103.0,	291.946,			12.286,			1.085,			0.108
997,	2,	176.0,	293.459,			14.14,			1.27,			0.119
998,	1,	49.0,	296.611,			1.413,			0.245,			0.052
999,	2,	148.0,	299.788,			13.79,			1.176,			0.172
1000,	1,	44.0,	300.0,			1.155,			0.131,			0.055
