#, task_type_id, size, arrival_time,	execution_time_cpu,	execution_time_gpu,	execution_time_CLOUD
1,	1,	512.0,	0.0,			1.104,			0.196,			0.059
2,	1,	10.0,	0.0,			2.199,			0.148,			0.058
3,	2,	168.0,	0.114,			11.578,			1.245,			0.17
4,	1,	59.0,	0.589,			2.345,			0.233,			0.053
5,	2,	58.0,	1.182,			14.005,			1.015,			0.196
6,	2,	238.0,	1.594,			14.399,			1.376,			0.187
7,	2,	176.0,	1.944,			12.424,			1.22,			0.114
8,	2,	100.0,	3.053,			14.576,			1.347,			0.16
9,	2,	118.0,	4.133,			11.658,			1.146,			0.187
10,	2,	155.0,	6.245,			10.6,			1.368,			0.175
11,	2,	118.0,	9.014,			12.703,			1.409,			0.181
12,	2,	172.0,	9.486,			13.264,			1.029,			0.171
13,	2,	100.0,	10.383,			12.521,			1.275,			0.126
14,	2,	248.0,	11.419,			10.476,			1.224,			0.131
15,	2,	232.0,	12.244,			12.313,			1.121,			0.121
16,	2,	134.0,	13.018,			12.987,			1.39,			0.114
17,	2,	49.0,	16.522,			13.404,			1.044,			0.137
18,	2,	262.0,	16.962,			13.169,			1.03,			0.126
19,	2,	136.0,	18.023,			11.228,			1.494,			0.154
20,	2,	102.0,	18.306,			14.272,			1.41,			0.123
21,	1,	387.0,	18.412,			1.979,			0.237,			0.056
22,	2,	168.0,	19.095,			10.397,			1.222,			0.137
23,	1,	30.0,	19.576,			2.914,			0.216,			0.055
24,	2,	61.0,	21.203,			11.207,			1.366,			0.165
25,	1,	7.0,	21.599,			2.926,			0.284,			0.053
26,	2,	108.0,	23.155,			12.184,			1.374,			0.195
27,	2,	228.0,	23.765,			10.037,			1.2,			0.141
28,	2,	149.0,	26.043,			14.914,			1.498,			0.101
29,	1,	7.0,	26.88,			1.413,			0.228,			0.059
30,	2,	230.0,	28.93,			11.229,			1.457,			0.102
31,	1,	16.0,	30.481,			1.828,			0.158,			0.05
32,	2,	138.0,	31.659,			10.681,			1.067,			0.107
33,	2,	178.0,	32.871,			13.396,			1.437,			0.129
34,	2,	125.0,	35.313,			13.346,			1.017,			0.13
35,	1,	30.0,	35.401,			1.313,			0.2,			0.058
36,	2,	116.0,	35.704,			13.612,			1.36,			0.136
37,	2,	253.0,	36.192,			13.174,			1.04,			0.106
38,	1,	90.0,	36.756,			2.398,			0.192,			0.057
39,	2,	100.0,	37.268,			10.176,			1.409,			0.134
40,	2,	237.0,	38.726,			11.917,			1.126,			0.138
41,	2,	187.0,	38.822,			10.527,			1.133,			0.172
42,	2,	160.0,	39.192,			12.15,			1.03,			0.172
43,	2,	95.0,	39.609,			11.88,			1.239,			0.107
44,	2,	249.0,	40.231,			13.703,			1.03,			0.132
45,	1,	379.0,	41.504,			1.435,			0.244,			0.052
46,	2,	135.0,	41.632,			12.26,			1.094,			0.114
47,	1,	7.0,	43.015,			1.537,			0.148,			0.055
48,	2,	210.0,	43.25,			10.909,			1.194,			0.2
49,	2,	266.0,	45.135,			10.506,			1.437,			0.145
50,	2,	76.0,	45.442,			12.214,			1.229,			0.133
51,	1,	59.0,	45.696,			1.105,			0.142,			0.052
52,	2,	152.0,	45.945,			12.421,			1.021,			0.172
53,	1,	6.0,	46.275,			2.911,			0.285,			0.059
54,	2,	211.0,	46.511,			11.404,			1.029,			0.125
55,	1,	10.0,	46.77,			2.381,			0.136,			0.053
56,	1,	447.0,	47.083,			2.225,			0.212,			0.051
57,	2,	103.0,	47.116,			12.286,			1.026,			0.119
58,	1,	7.0,	47.443,			2.864,			0.217,			0.06
59,	1,	59.0,	48.738,			1.801,			0.179,			0.055
60,	2,	278.0,	51.748,			11.504,			1.17,			0.118
61,	1,	103.0,	53.504,			2.279,			0.193,			0.055
62,	1,	103.0,	54.985,			1.988,			0.169,			0.052
63,	1,	157.0,	55.13,			1.283,			0.153,			0.056
64,	1,	44.0,	55.495,			2.2,			0.287,			0.053
65,	1,	103.0,	56.534,			1.799,			0.161,			0.059
66,	2,	79.0,	56.639,			11.63,			1.304,			0.198
67,	1,	498.0,	57.441,			1.187,			0.114,			0.052
68,	1,	10.0,	57.616,			1.509,			0.112,			0.057
69,	1,	49.0,	57.804,			2.691,			0.26,			0.058
70,	1,	146.0,	59.899,			1.394,			0.249,			0.057
71,	1,	447.0,	60.556,			1.525,			0.162,			0.057
72,	2,	138.0,	60.774,			14.005,			1.084,			0.149
73,	2,	204.0,	62.093,			12.401,			1.466,			0.162
74,	2,	289.0,	62.809,			10.461,			1.498,			0.165
75,	2,	209.0,	63.962,			14.387,			1.498,			0.176
76,	1,	6.0,	64.196,			2.346,			0.195,			0.058
77,	1,	387.0,	64.577,			1.653,			0.27,			0.057
78,	2,	114.0,	64.954,			12.546,			1.438,			0.12
79,	2,	191.0,	65.219,			14.933,			1.108,			0.145
80,	1,	103.0,	65.231,			1.844,			0.249,			0.053
81,	2,	274.0,	65.75,			13.095,			1.181,			0.136
82,	1,	90.0,	66.559,			1.956,			0.211,			0.055
83,	2,	146.0,	66.798,			12.701,			1.308,			0.132
84,	1,	16.0,	67.036,			1.883,			0.229,			0.058
85,	1,	44.0,	67.263,			2.52,			0.108,			0.053
86,	1,	95.0,	70.467,			1.908,			0.104,			0.056
87,	2,	163.0,	71.018,			12.315,			1.409,			0.17
88,	2,	176.0,	71.093,			12.703,			1.014,			0.186
89,	1,	447.0,	71.387,			1.731,			0.152,			0.056
90,	1,	214.0,	71.458,			1.488,			0.242,			0.057
91,	1,	16.0,	71.695,			2.842,			0.143,			0.051
92,	2,	127.0,	71.729,			10.871,			1.461,			0.143
93,	2,	168.0,	71.981,			12.821,			1.192,			0.182
94,	1,	7.0,	72.234,			2.318,			0.22,			0.057
95,	1,	49.0,	72.636,			1.489,			0.217,			0.059
96,	1,	146.0,	72.784,			2.36,			0.238,			0.059
97,	1,	387.0,	73.569,			1.703,			0.268,			0.054
98,	2,	74.0,	73.754,			11.402,			1.056,			0.122
99,	1,	10.0,	74.009,			1.548,			0.221,			0.057
100,	1,	559.0,	74.314,			1.703,			0.27,			0.059
101,	1,	447.0,	74.725,			2.524,			0.226,			0.053
102,	2,	123.0,	75.293,			11.334,			1.142,			0.114
103,	1,	6.0,	75.45,			1.304,			0.284,			0.06
104,	1,	7.0,	75.496,			2.388,			0.156,			0.057
105,	1,	13.0,	76.16,			1.731,			0.142,			0.05
106,	1,	157.0,	76.245,			2.103,			0.289,			0.052
107,	1,	6.0,	76.425,			1.362,			0.1,			0.051
108,	1,	44.0,	76.723,			2.834,			0.142,			0.059
109,	1,	120.0,	76.915,			2.369,			0.128,			0.051
110,	2,	171.0,	77.202,			12.089,			1.332,			0.131
111,	1,	157.0,	77.298,			2.378,			0.217,			0.051
112,	2,	115.0,	77.998,			14.135,			1.492,			0.15
113,	2,	300.0,	78.472,			12.551,			1.07,			0.109
114,	2,	194.0,	79.3,			14.511,			1.326,			0.182
115,	1,	7.0,	79.337,			1.659,			0.101,			0.054
116,	1,	7.0,	79.802,			1.422,			0.151,			0.059
117,	1,	157.0,	79.954,			2.288,			0.297,			0.059
118,	2,	64.0,	80.106,			12.627,			1.172,			0.144
119,	2,	205.0,	80.359,			10.42,			1.056,			0.133
120,	1,	90.0,	80.658,			1.362,			0.184,			0.054
121,	1,	44.0,	80.819,			1.952,			0.238,			0.054
122,	1,	90.0,	80.909,			1.908,			0.133,			0.06
123,	1,	498.0,	81.353,			2.014,			0.135,			0.054
124,	1,	44.0,	81.431,			1.755,			0.234,			0.05
125,	1,	6.0,	81.494,			2.631,			0.139,			0.06
126,	1,	6.0,	82.031,			1.211,			0.211,			0.052
127,	1,	157.0,	82.62,			1.637,			0.208,			0.056
128,	1,	44.0,	82.778,			2.943,			0.149,			0.051
129,	1,	90.0,	82.917,			2.858,			0.192,			0.052
130,	1,	6.0,	83.082,			2.797,			0.186,			0.059
131,	2,	145.0,	83.585,			13.298,			1.231,			0.103
132,	1,	44.0,	83.693,			1.988,			0.223,			0.05
133,	1,	44.0,	83.933,			2.369,			0.29,			0.052
134,	2,	125.0,	83.989,			13.148,			1.365,			0.146
135,	1,	512.0,	84.275,			2.532,			0.196,			0.059
136,	1,	49.0,	84.323,			2.893,			0.103,			0.055
137,	1,	447.0,	84.394,			1.36,			0.195,			0.055
138,	1,	7.0,	84.471,			1.994,			0.103,			0.058
139,	1,	95.0,	84.64,			1.408,			0.299,			0.052
140,	1,	447.0,	85.053,			2.415,			0.284,			0.058
141,	1,	7.0,	85.523,			2.895,			0.283,			0.051
142,	1,	387.0,	85.715,			2.273,			0.134,			0.056
143,	2,	157.0,	85.857,			14.4,			1.278,			0.125
144,	2,	229.0,	86.085,			13.181,			1.172,			0.111
145,	1,	498.0,	86.524,			2.283,			0.15,			0.056
146,	1,	6.0,	86.556,			2.467,			0.162,			0.059
147,	1,	16.0,	86.568,			2.947,			0.234,			0.06
148,	1,	7.0,	87.003,			1.488,			0.149,			0.057
149,	1,	447.0,	87.252,			1.548,			0.153,			0.059
150,	1,	379.0,	87.628,			1.537,			0.275,			0.053
151,	2,	196.0,	87.882,			12.733,			1.43,			0.19
152,	1,	146.0,	87.921,			2.95,			0.273,			0.057
153,	1,	447.0,	88.03,			1.45,			0.259,			0.055
154,	2,	182.0,	88.651,			12.533,			1.456,			0.121
155,	1,	16.0,	88.653,			1.483,			0.126,			0.052
156,	1,	120.0,	88.897,			1.432,			0.192,			0.053
157,	1,	126.0,	88.982,			2.316,			0.217,			0.058
158,	1,	7.0,	90.475,			1.941,			0.156,			0.052
159,	1,	30.0,	90.524,			1.935,			0.114,			0.06
160,	1,	7.0,	90.894,			1.651,			0.146,			0.051
161,	1,	126.0,	90.945,			1.921,			0.277,			0.06
162,	2,	239.0,	91.241,			10.117,			1.189,			0.12
163,	1,	103.0,	91.396,			1.915,			0.109,			0.058
164,	1,	559.0,	91.514,			1.486,			0.17,			0.059
165,	1,	59.0,	92.028,			2.378,			0.149,			0.06
166,	1,	7.0,	92.116,			2.018,			0.106,			0.053
167,	1,	512.0,	92.342,			1.232,			0.205,			0.057
168,	1,	157.0,	93.697,			1.337,			0.244,			0.057
169,	1,	44.0,	93.698,			1.613,			0.131,			0.059
170,	2,	150.0,	93.714,			13.297,			1.05,			0.156
171,	1,	10.0,	94.284,			2.675,			0.181,			0.054
172,	1,	7.0,	94.809,			1.078,			0.273,			0.057
173,	1,	157.0,	94.905,			2.08,			0.27,			0.052
174,	1,	90.0,	95.346,			1.653,			0.228,			0.053
175,	1,	90.0,	95.42,			2.631,			0.193,			0.057
176,	1,	447.0,	96.122,			1.504,			0.159,			0.059
177,	2,	237.0,	96.293,			14.249,			1.108,			0.142
178,	1,	6.0,	96.442,			1.543,			0.123,			0.054
179,	1,	559.0,	96.589,			1.61,			0.183,			0.059
180,	1,	10.0,	97.008,			1.111,			0.213,			0.06
181,	1,	387.0,	97.215,			2.642,			0.112,			0.056
182,	1,	13.0,	97.439,			2.559,			0.207,			0.055
183,	1,	6.0,	97.636,			1.662,			0.27,			0.055
184,	1,	6.0,	97.84,			1.561,			0.14,			0.057
185,	1,	103.0,	97.915,			2.885,			0.254,			0.052
186,	1,	30.0,	98.196,			1.561,			0.131,			0.057
187,	1,	49.0,	98.354,			1.16,			0.226,			0.054
188,	1,	157.0,	98.562,			1.187,			0.283,			0.058
189,	1,	6.0,	98.663,			2.051,			0.219,			0.053
190,	1,	169.0,	98.836,			2.556,			0.289,			0.056
191,	1,	169.0,	98.961,			1.61,			0.263,			0.055
192,	1,	6.0,	99.581,			1.516,			0.101,			0.052
193,	1,	59.0,	99.7,			2.276,			0.191,			0.054
194,	1,	6.0,	100.002,			1.539,			0.19,			0.058
195,	2,	136.0,	100.282,			11.229,			1.05,			0.161
196,	1,	28.0,	100.368,			1.283,			0.279,			0.054
197,	1,	120.0,	100.542,			2.492,			0.131,			0.053
198,	1,	44.0,	100.768,			1.029,			0.224,			0.054
199,	1,	214.0,	100.968,			1.963,			0.271,			0.058
200,	1,	95.0,	101.213,			1.807,			0.162,			0.056
201,	1,	59.0,	101.829,			1.639,			0.219,			0.058
202,	1,	498.0,	102.05,			1.753,			0.241,			0.053
203,	1,	387.0,	102.27,			2.346,			0.164,			0.054
204,	1,	169.0,	102.351,			1.08,			0.169,			0.06
205,	1,	6.0,	102.387,			2.874,			0.136,			0.05
206,	1,	7.0,	102.775,			1.913,			0.217,			0.059
207,	1,	13.0,	103.118,			2.834,			0.169,			0.059
208,	1,	120.0,	103.183,			2.283,			0.118,			0.05
209,	1,	214.0,	103.217,			1.051,			0.299,			0.053
210,	1,	6.0,	103.265,			2.522,			0.12,			0.051
211,	1,	103.0,	103.73,			1.748,			0.133,			0.055
212,	1,	103.0,	103.864,			1.996,			0.141,			0.054
213,	2,	173.0,	103.916,			11.816,			1.06,			0.178
214,	1,	447.0,	104.243,			1.243,			0.266,			0.052
215,	1,	7.0,	104.33,			2.673,			0.241,			0.053
216,	1,	7.0,	105.723,			1.174,			0.281,			0.054
217,	1,	7.0,	105.899,			1.489,			0.244,			0.06
218,	1,	157.0,	106.011,			2.18,			0.153,			0.051
219,	1,	512.0,	106.098,			1.683,			0.174,			0.059
220,	2,	108.0,	106.188,			14.789,			1.295,			0.15
221,	1,	28.0,	106.381,			1.515,			0.244,			0.059
222,	1,	126.0,	106.525,			2.073,			0.276,			0.053
223,	1,	16.0,	106.612,			1.428,			0.18,			0.051
224,	1,	126.0,	106.712,			1.841,			0.222,			0.056
225,	1,	6.0,	107.079,			2.342,			0.231,			0.053
226,	1,	49.0,	107.595,			2.084,			0.228,			0.051
227,	1,	7.0,	107.643,			2.956,			0.24,			0.06
228,	1,	559.0,	107.918,			2.581,			0.206,			0.053
229,	1,	95.0,	107.924,			1.919,			0.253,			0.05
230,	1,	512.0,	108.13,			1.672,			0.221,			0.057
231,	2,	193.0,	108.146,			13.645,			1.386,			0.171
232,	1,	387.0,	108.274,			2.857,			0.184,			0.059
233,	1,	559.0,	108.362,			1.386,			0.165,			0.051
234,	1,	16.0,	108.576,			2.345,			0.107,			0.059
235,	2,	101.0,	108.592,			12.767,			1.437,			0.125
236,	2,	176.0,	109.808,			12.701,			1.253,			0.176
237,	1,	6.0,	110.917,			1.407,			0.252,			0.057
238,	1,	49.0,	111.055,			1.515,			0.116,			0.058
239,	1,	447.0,	111.079,			1.571,			0.233,			0.051
240,	1,	387.0,	111.165,			1.75,			0.257,			0.053
241,	1,	7.0,	111.237,			1.61,			0.168,			0.056
242,	1,	16.0,	111.338,			1.515,			0.125,			0.05
243,	1,	120.0,	111.388,			2.865,			0.169,			0.057
244,	1,	379.0,	111.426,			2.653,			0.177,			0.059
245,	1,	30.0,	111.679,			2.838,			0.147,			0.056
246,	1,	10.0,	111.749,			1.698,			0.189,			0.06
247,	1,	6.0,	111.792,			1.683,			0.132,			0.057
248,	1,	498.0,	111.943,			1.535,			0.111,			0.06
249,	1,	16.0,	111.957,			2.034,			0.169,			0.051
250,	1,	498.0,	111.98,			2.102,			0.236,			0.052
251,	1,	16.0,	112.082,			1.111,			0.224,			0.054
252,	1,	13.0,	112.402,			1.051,			0.119,			0.053
253,	2,	191.0,	113.076,			11.484,			1.042,			0.121
254,	1,	10.0,	113.132,			1.482,			0.265,			0.055
255,	1,	10.0,	113.73,			2.973,			0.203,			0.055
256,	1,	447.0,	114.238,			1.111,			0.268,			0.06
257,	1,	10.0,	114.349,			1.45,			0.214,			0.051
258,	1,	7.0,	114.376,			2.408,			0.123,			0.057
259,	1,	6.0,	114.52,			2.553,			0.122,			0.05
260,	1,	387.0,	114.57,			1.151,			0.28,			0.051
261,	1,	44.0,	114.917,			1.876,			0.285,			0.054
262,	1,	103.0,	114.933,			1.942,			0.293,			0.055
263,	1,	95.0,	114.99,			2.366,			0.19,			0.059
264,	1,	214.0,	115.033,			1.488,			0.286,			0.054
265,	1,	379.0,	115.333,			1.509,			0.268,			0.06
266,	1,	90.0,	115.409,			2.541,			0.106,			0.051
267,	1,	214.0,	115.465,			2.549,			0.28,			0.057
268,	1,	498.0,	115.529,			2.369,			0.153,			0.054
269,	1,	59.0,	115.677,			1.03,			0.292,			0.052
270,	1,	126.0,	115.969,			2.176,			0.138,			0.057
271,	1,	7.0,	116.068,			1.45,			0.121,			0.055
272,	1,	30.0,	116.104,			1.481,			0.233,			0.053
273,	1,	126.0,	116.108,			2.973,			0.298,			0.06
274,	1,	120.0,	116.235,			1.75,			0.238,			0.058
275,	1,	214.0,	116.914,			1.406,			0.107,			0.055
276,	1,	157.0,	117.438,			2.378,			0.136,			0.055
277,	1,	6.0,	117.611,			1.266,			0.287,			0.05
278,	1,	146.0,	117.708,			1.681,			0.159,			0.051
279,	1,	447.0,	117.949,			2.857,			0.15,			0.053
280,	2,	135.0,	118.086,			12.105,			1.247,			0.177
281,	2,	109.0,	118.257,			10.777,			1.028,			0.182
282,	1,	146.0,	118.275,			2.795,			0.285,			0.06
283,	1,	59.0,	118.418,			1.963,			0.165,			0.059
284,	1,	16.0,	118.757,			2.695,			0.194,			0.051
285,	1,	6.0,	118.801,			1.952,			0.121,			0.059
286,	1,	59.0,	118.912,			2.298,			0.259,			0.054
287,	1,	95.0,	119.049,			1.215,			0.101,			0.059
288,	1,	103.0,	119.061,			1.742,			0.149,			0.06
289,	1,	95.0,	119.2,			2.034,			0.129,			0.055
290,	2,	127.0,	119.239,			11.28,			1.172,			0.137
291,	2,	117.0,	119.299,			13.596,			1.438,			0.147
292,	1,	559.0,	119.32,			1.204,			0.161,			0.057
293,	1,	49.0,	119.343,			1.36,			0.288,			0.059
294,	1,	559.0,	119.517,			1.092,			0.131,			0.056
295,	1,	7.0,	119.596,			1.078,			0.124,			0.05
296,	2,	75.0,	119.824,			12.26,			1.243,			0.141
297,	1,	559.0,	119.848,			1.229,			0.234,			0.052
298,	2,	275.0,	120.156,			13.681,			1.354,			0.145
299,	1,	44.0,	120.166,			1.816,			0.221,			0.051
300,	1,	44.0,	120.352,			2.712,			0.183,			0.059
301,	1,	498.0,	120.521,			2.244,			0.189,			0.053
302,	1,	7.0,	120.744,			1.786,			0.217,			0.059
303,	1,	30.0,	120.813,			2.986,			0.282,			0.053
304,	1,	7.0,	121.382,			2.073,			0.258,			0.057
305,	1,	387.0,	121.603,			1.994,			0.177,			0.055
306,	1,	103.0,	121.862,			2.047,			0.253,			0.059
307,	1,	10.0,	122.016,			1.909,			0.298,			0.059
308,	1,	44.0,	122.06,			2.969,			0.284,			0.058
309,	1,	95.0,	122.116,			2.225,			0.16,			0.06
310,	1,	44.0,	122.233,			1.561,			0.192,			0.055
311,	1,	44.0,	122.295,			1.719,			0.132,			0.051
312,	1,	90.0,	122.376,			2.545,			0.277,			0.058
313,	1,	157.0,	122.427,			2.36,			0.215,			0.054
314,	1,	169.0,	122.511,			1.178,			0.225,			0.058
315,	1,	7.0,	122.585,			2.051,			0.114,			0.059
316,	2,	111.0,	122.614,			12.869,			1.484,			0.102
317,	2,	221.0,	122.676,			12.112,			1.259,			0.149
318,	1,	7.0,	122.714,			1.73,			0.267,			0.051
319,	1,	10.0,	122.825,			1.791,			0.219,			0.052
320,	1,	7.0,	123.173,			1.733,			0.231,			0.052
321,	1,	30.0,	123.249,			1.979,			0.177,			0.052
322,	1,	157.0,	123.467,			1.028,			0.101,			0.054
323,	1,	214.0,	123.778,			1.731,			0.13,			0.056
324,	1,	214.0,	123.818,			2.366,			0.131,			0.055
325,	1,	7.0,	124.432,			1.204,			0.159,			0.057
326,	1,	7.0,	124.519,			2.326,			0.164,			0.056
327,	1,	498.0,	124.562,			1.485,			0.162,			0.055
328,	1,	13.0,	124.804,			2.138,			0.258,			0.052
329,	2,	193.0,	125.147,			11.39,			1.015,			0.125
330,	1,	103.0,	125.404,			2.41,			0.111,			0.058
331,	1,	559.0,	125.621,			1.816,			0.124,			0.058
332,	1,	214.0,	126.047,			1.028,			0.123,			0.058
333,	1,	7.0,	126.143,			2.914,			0.142,			0.06
334,	1,	512.0,	126.321,			2.759,			0.299,			0.059
335,	1,	6.0,	126.344,			1.816,			0.121,			0.055
336,	1,	6.0,	126.464,			1.357,			0.177,			0.05
337,	1,	157.0,	126.577,			1.985,			0.201,			0.05
338,	1,	7.0,	126.592,			1.116,			0.209,			0.052
339,	1,	59.0,	126.645,			1.458,			0.173,			0.054
340,	1,	146.0,	126.755,			2.634,			0.215,			0.051
341,	1,	90.0,	126.935,			1.443,			0.113,			0.054
342,	1,	49.0,	126.971,			2.398,			0.244,			0.06
343,	1,	498.0,	127.045,			1.531,			0.139,			0.057
344,	1,	44.0,	127.344,			2.789,			0.151,			0.058
345,	1,	120.0,	127.783,			1.408,			0.289,			0.058
346,	1,	7.0,	127.81,			2.268,			0.114,			0.06
347,	1,	7.0,	127.842,			1.605,			0.109,			0.059
348,	1,	16.0,	128.013,			1.807,			0.297,			0.058
349,	1,	6.0,	128.332,			1.038,			0.129,			0.056
350,	1,	498.0,	128.57,			1.325,			0.177,			0.06
351,	1,	512.0,	128.803,			1.698,			0.135,			0.053
352,	1,	6.0,	128.906,			2.751,			0.128,			0.059
353,	1,	379.0,	129.028,			2.491,			0.298,			0.055
354,	1,	44.0,	129.261,			1.597,			0.287,			0.055
355,	1,	6.0,	129.321,			1.595,			0.211,			0.054
356,	1,	13.0,	129.447,			2.351,			0.279,			0.054
357,	1,	447.0,	129.849,			2.795,			0.175,			0.057
358,	1,	6.0,	129.89,			2.378,			0.122,			0.059
359,	1,	214.0,	130.397,			1.188,			0.181,			0.052
360,	1,	126.0,	130.639,			2.197,			0.168,			0.053
361,	1,	6.0,	130.774,			1.681,			0.163,			0.059
362,	1,	387.0,	130.859,			1.575,			0.249,			0.058
363,	1,	28.0,	131.074,			2.03,			0.219,			0.058
364,	1,	498.0,	131.424,			1.402,			0.177,			0.053
365,	1,	169.0,	131.602,			1.203,			0.284,			0.054
366,	1,	44.0,	131.832,			1.783,			0.167,			0.055
367,	1,	10.0,	132.038,			1.76,			0.109,			0.059
368,	1,	7.0,	132.079,			1.078,			0.221,			0.053
369,	1,	126.0,	132.773,			2.358,			0.248,			0.056
370,	1,	13.0,	132.804,			2.122,			0.258,			0.053
371,	1,	59.0,	132.894,			2.279,			0.285,			0.054
372,	1,	447.0,	133.274,			2.314,			0.115,			0.056
373,	2,	149.0,	133.437,			10.882,			1.254,			0.2
374,	1,	95.0,	133.446,			2.398,			0.236,			0.056
375,	1,	169.0,	133.536,			2.149,			0.228,			0.056
376,	2,	207.0,	133.648,			10.63,			1.255,			0.104
377,	1,	7.0,	133.94,			2.149,			0.119,			0.055
378,	1,	7.0,	134.002,			2.004,			0.185,			0.053
379,	1,	44.0,	134.07,			2.36,			0.281,			0.052
380,	1,	447.0,	134.138,			2.398,			0.128,			0.051
381,	1,	387.0,	134.276,			2.628,			0.267,			0.05
382,	1,	7.0,	134.459,			2.237,			0.174,			0.057
383,	1,	447.0,	134.474,			1.669,			0.176,			0.051
384,	1,	103.0,	134.829,			1.116,			0.15,			0.056
385,	1,	498.0,	134.889,			2.947,			0.284,			0.055
386,	1,	126.0,	134.908,			2.349,			0.114,			0.055
387,	1,	90.0,	134.991,			1.008,			0.267,			0.051
388,	1,	28.0,	135.047,			2.553,			0.196,			0.053
389,	1,	7.0,	135.057,			2.148,			0.234,			0.059
390,	1,	7.0,	135.253,			2.01,			0.134,			0.055
391,	1,	214.0,	135.556,			2.2,			0.298,			0.059
392,	1,	103.0,	135.592,			1.331,			0.247,			0.057
393,	1,	169.0,	135.794,			2.249,			0.159,			0.051
394,	1,	44.0,	136.12,			2.813,			0.133,			0.05
395,	1,	146.0,	136.169,			1.501,			0.256,			0.059
396,	1,	10.0,	136.408,			1.211,			0.117,			0.051
397,	1,	7.0,	136.599,			2.345,			0.129,			0.055
398,	1,	59.0,	136.71,			2.092,			0.295,			0.051
399,	2,	154.0,	136.797,			14.49,			1.365,			0.16
400,	1,	30.0,	136.84,			1.575,			0.153,			0.054
401,	1,	44.0,	137.535,			2.377,			0.281,			0.054
402,	1,	146.0,	137.656,			1.835,			0.238,			0.057
403,	1,	120.0,	137.781,			1.624,			0.21,			0.057
404,	1,	157.0,	137.922,			2.014,			0.139,			0.052
405,	1,	16.0,	138.027,			1.211,			0.223,			0.052
406,	1,	214.0,	138.072,			2.273,			0.299,			0.053
407,	1,	7.0,	138.414,			2.175,			0.109,			0.059
408,	1,	387.0,	138.734,			1.517,			0.286,			0.054
409,	1,	44.0,	138.781,			1.956,			0.151,			0.054
410,	1,	90.0,	138.891,			1.256,			0.252,			0.059
411,	1,	30.0,	139.006,			1.541,			0.244,			0.056
412,	1,	146.0,	139.057,			1.719,			0.275,			0.056
413,	1,	379.0,	139.2,			1.215,			0.153,			0.053
414,	1,	387.0,	139.209,			1.186,			0.205,			0.051
415,	1,	498.0,	139.446,			1.283,			0.159,			0.059
416,	1,	30.0,	139.448,			2.596,			0.156,			0.057
417,	1,	6.0,	139.459,			1.148,			0.235,			0.053
418,	1,	90.0,	139.5,			2.377,			0.108,			0.06
419,	2,	190.0,	139.565,			11.001,			1.109,			0.146
420,	1,	10.0,	139.602,			1.879,			0.161,			0.054
421,	1,	103.0,	139.771,			1.566,			0.151,			0.051
422,	1,	16.0,	139.805,			2.388,			0.176,			0.054
423,	2,	201.0,	139.83,			11.403,			1.115,			0.178
424,	1,	447.0,	139.84,			2.114,			0.249,			0.053
425,	1,	44.0,	140.028,			2.384,			0.146,			0.059
426,	1,	447.0,	140.08,			2.381,			0.227,			0.052
427,	1,	6.0,	140.081,			1.592,			0.242,			0.052
428,	1,	44.0,	140.144,			1.477,			0.137,			0.051
429,	1,	59.0,	140.218,			2.151,			0.217,			0.057
430,	1,	379.0,	140.533,			2.596,			0.279,			0.057
431,	2,	88.0,	140.55,			14.49,			1.108,			0.171
432,	1,	498.0,	140.672,			2.154,			0.154,			0.054
433,	1,	157.0,	140.877,			1.722,			0.283,			0.059
434,	1,	498.0,	140.981,			2.827,			0.246,			0.052
435,	1,	7.0,	141.083,			1.428,			0.139,			0.059
436,	2,	102.0,	141.284,			11.536,			1.171,			0.197
437,	1,	103.0,	141.452,			1.701,			0.296,			0.056
438,	1,	379.0,	141.498,			1.316,			0.282,			0.057
439,	1,	146.0,	141.611,			1.523,			0.209,			0.057
440,	1,	126.0,	141.632,			1.985,			0.232,			0.054
441,	1,	7.0,	142.016,			1.998,			0.101,			0.057
442,	1,	28.0,	142.106,			2.184,			0.185,			0.06
443,	1,	157.0,	142.163,			2.342,			0.267,			0.056
444,	1,	7.0,	142.397,			2.346,			0.195,			0.057
445,	1,	59.0,	142.433,			2.33,			0.2,			0.058
446,	1,	447.0,	142.436,			1.988,			0.273,			0.054
447,	1,	49.0,	142.505,			1.827,			0.117,			0.059
448,	1,	126.0,	142.514,			1.86,			0.176,			0.058
449,	1,	498.0,	142.572,			2.454,			0.298,			0.053
450,	1,	30.0,	142.728,			1.645,			0.164,			0.056
451,	1,	7.0,	142.739,			2.691,			0.167,			0.051
452,	1,	214.0,	142.82,			1.766,			0.249,			0.057
453,	1,	120.0,	143.023,			1.841,			0.207,			0.05
454,	2,	38.0,	143.059,			10.162,			1.172,			0.136
455,	1,	169.0,	143.117,			1.886,			0.266,			0.052
456,	1,	7.0,	143.206,			1.426,			0.177,			0.059
457,	1,	7.0,	143.656,			1.482,			0.133,			0.051
458,	1,	146.0,	143.857,			2.87,			0.213,			0.052
459,	1,	146.0,	144.02,			1.213,			0.29,			0.051
460,	1,	59.0,	144.046,			1.653,			0.216,			0.059
461,	2,	125.0,	144.149,			11.153,			1.154,			0.134
462,	1,	157.0,	144.289,			1.595,			0.168,			0.054
463,	1,	379.0,	144.367,			1.844,			0.193,			0.059
464,	2,	83.0,	144.449,			10.297,			1.207,			0.11
465,	1,	120.0,	144.464,			2.932,			0.11,			0.054
466,	1,	157.0,	144.72,			2.424,			0.224,			0.053
467,	1,	169.0,	144.754,			2.03,			0.188,			0.055
468,	1,	7.0,	144.912,			2.87,			0.209,			0.056
469,	1,	447.0,	144.976,			1.092,			0.129,			0.05
470,	1,	44.0,	145.119,			2.681,			0.135,			0.052
471,	2,	136.0,	145.123,			10.554,			1.264,			0.138
472,	1,	214.0,	145.177,			2.596,			0.211,			0.06
473,	2,	184.0,	145.398,			12.33,			1.341,			0.195
474,	1,	7.0,	145.633,			1.411,			0.296,			0.053
475,	1,	559.0,	145.674,			1.394,			0.131,			0.059
476,	1,	6.0,	145.741,			1.316,			0.202,			0.053
477,	1,	7.0,	145.781,			1.679,			0.137,			0.051
478,	1,	120.0,	145.852,			1.357,			0.108,			0.059
479,	2,	244.0,	145.898,			10.523,			1.471,			0.136
480,	1,	379.0,	145.936,			2.678,			0.258,			0.059
481,	1,	214.0,	146.267,			1.908,			0.207,			0.059
482,	1,	103.0,	146.41,			2.085,			0.199,			0.051
483,	1,	10.0,	146.471,			2.298,			0.121,			0.057
484,	1,	7.0,	146.605,			2.014,			0.129,			0.059
485,	1,	30.0,	146.738,			1.028,			0.187,			0.057
486,	1,	30.0,	146.761,			2.579,			0.146,			0.054
487,	1,	169.0,	146.819,			2.09,			0.108,			0.058
488,	1,	146.0,	146.852,			1.364,			0.251,			0.054
489,	1,	7.0,	146.954,			2.378,			0.285,			0.054
490,	1,	44.0,	147.319,			1.915,			0.101,			0.051
491,	1,	559.0,	147.33,			1.941,			0.104,			0.056
492,	2,	141.0,	147.368,			11.411,			1.379,			0.169
493,	1,	157.0,	147.459,			1.853,			0.232,			0.051
494,	1,	49.0,	147.727,			1.437,			0.259,			0.055
495,	1,	157.0,	147.831,			2.498,			0.192,			0.054
496,	1,	7.0,	147.84,			1.801,			0.222,			0.054
497,	1,	146.0,	147.861,			2.532,			0.132,			0.058
498,	2,	190.0,	147.968,			14.961,			1.304,			0.197
499,	1,	6.0,	148.124,			2.293,			0.186,			0.058
500,	1,	49.0,	148.128,			1.35,			0.296,			0.059
501,	1,	387.0,	148.202,			2.316,			0.215,			0.059
502,	1,	44.0,	148.296,			1.3,			0.238,			0.052
503,	1,	7.0,	148.299,			1.483,			0.158,			0.056
504,	1,	157.0,	148.384,			2.714,			0.18,			0.057
505,	1,	13.0,	148.569,			1.631,			0.175,			0.054
506,	1,	59.0,	148.723,			1.192,			0.17,			0.05
507,	1,	10.0,	148.774,			1.539,			0.198,			0.056
508,	2,	174.0,	148.902,			12.304,			1.416,			0.199
509,	1,	13.0,	149.037,			1.044,			0.281,			0.055
510,	1,	44.0,	149.213,			2.948,			0.256,			0.051
511,	1,	10.0,	149.418,			2.556,			0.23,			0.059
512,	1,	6.0,	149.426,			2.525,			0.208,			0.051
513,	1,	44.0,	149.614,			2.252,			0.233,			0.052
514,	1,	103.0,	149.755,			2.237,			0.222,			0.05
515,	1,	7.0,	149.773,			2.717,			0.199,			0.056
516,	1,	120.0,	149.776,			1.334,			0.139,			0.053
517,	1,	30.0,	150.176,			1.146,			0.259,			0.051
518,	1,	7.0,	150.219,			1.478,			0.202,			0.059
519,	2,	207.0,	150.304,			13.06,			1.282,			0.198
520,	1,	44.0,	150.568,			2.398,			0.277,			0.058
521,	1,	120.0,	150.638,			1.56,			0.247,			0.053
522,	1,	103.0,	150.736,			1.111,			0.193,			0.055
523,	1,	28.0,	151.196,			1.005,			0.256,			0.05
524,	1,	559.0,	151.519,			1.14,			0.15,			0.056
525,	1,	559.0,	151.601,			2.772,			0.214,			0.052
526,	1,	6.0,	151.855,			1.128,			0.216,			0.06
527,	1,	7.0,	151.901,			2.102,			0.191,			0.058
528,	1,	44.0,	151.947,			1.814,			0.121,			0.06
529,	1,	28.0,	152.069,			2.31,			0.281,			0.051
530,	1,	59.0,	152.411,			1.448,			0.179,			0.06
531,	1,	7.0,	152.545,			1.935,			0.236,			0.057
532,	1,	6.0,	152.58,			2.922,			0.272,			0.053
533,	2,	117.0,	152.699,			10.595,			1.07,			0.111
534,	2,	125.0,	152.699,			10.553,			1.306,			0.137
535,	1,	7.0,	152.828,			1.561,			0.22,			0.051
536,	1,	6.0,	153.149,			2.711,			0.242,			0.051
537,	1,	387.0,	153.278,			2.366,			0.164,			0.051
538,	2,	62.0,	153.322,			12.463,			1.284,			0.132
539,	1,	512.0,	153.786,			2.757,			0.169,			0.05
540,	1,	49.0,	153.838,			2.148,			0.202,			0.051
541,	1,	126.0,	153.882,			2.173,			0.234,			0.052
542,	1,	28.0,	154.063,			1.496,			0.202,			0.059
543,	1,	95.0,	154.076,			1.914,			0.146,			0.054
544,	1,	44.0,	154.08,			2.686,			0.259,			0.06
545,	1,	512.0,	154.162,			1.566,			0.184,			0.052
546,	1,	157.0,	154.337,			2.479,			0.279,			0.053
547,	1,	512.0,	154.419,			2.265,			0.231,			0.055
548,	1,	13.0,	154.509,			1.158,			0.238,			0.056
549,	1,	379.0,	154.512,			2.914,			0.278,			0.05
550,	1,	214.0,	155.256,			1.431,			0.214,			0.055
551,	1,	7.0,	155.446,			2.614,			0.109,			0.058
552,	2,	162.0,	155.798,			11.994,			1.45,			0.148
553,	1,	7.0,	156.243,			1.028,			0.23,			0.052
554,	1,	387.0,	156.626,			2.366,			0.249,			0.051
555,	2,	167.0,	156.729,			14.535,			1.417,			0.195
556,	1,	559.0,	156.956,			2.465,			0.275,			0.05
557,	1,	126.0,	156.962,			1.393,			0.233,			0.051
558,	1,	6.0,	156.995,			2.846,			0.271,			0.055
559,	1,	7.0,	157.105,			1.155,			0.153,			0.057
560,	1,	90.0,	157.196,			1.489,			0.124,			0.06
561,	1,	59.0,	157.395,			1.327,			0.106,			0.054
562,	1,	13.0,	157.43,			2.198,			0.116,			0.058
563,	2,	191.0,	157.517,			13.016,			1.248,			0.125
564,	1,	559.0,	157.714,			2.446,			0.116,			0.052
565,	1,	13.0,	157.975,			1.441,			0.2,			0.057
566,	1,	169.0,	158.399,			2.198,			0.109,			0.057
567,	2,	198.0,	158.503,			11.539,			1.467,			0.175
568,	1,	59.0,	158.578,			1.287,			0.112,			0.06
569,	1,	146.0,	158.832,			2.149,			0.245,			0.057
570,	1,	126.0,	158.977,			2.324,			0.129,			0.057
571,	1,	157.0,	159.207,			1.654,			0.139,			0.052
572,	1,	95.0,	159.256,			2.711,			0.212,			0.053
573,	1,	447.0,	159.76,			1.481,			0.17,			0.052
574,	1,	169.0,	159.922,			1.655,			0.136,			0.06
575,	1,	146.0,	160.208,			1.97,			0.281,			0.053
576,	1,	498.0,	160.367,			1.215,			0.131,			0.051
577,	1,	59.0,	160.373,			1.482,			0.26,			0.059
578,	1,	16.0,	160.471,			1.483,			0.15,			0.06
579,	1,	387.0,	160.788,			2.636,			0.195,			0.055
580,	2,	89.0,	161.046,			14.511,			1.116,			0.183
581,	1,	28.0,	161.048,			1.557,			0.183,			0.058
582,	1,	95.0,	161.072,			1.909,			0.278,			0.059
583,	1,	90.0,	161.129,			2.031,			0.187,			0.057
584,	1,	214.0,	161.388,			2.193,			0.112,			0.057
585,	1,	447.0,	161.465,			1.733,			0.239,			0.054
586,	1,	126.0,	161.489,			2.726,			0.146,			0.051
587,	1,	379.0,	161.547,			2.95,			0.249,			0.055
588,	1,	6.0,	162.081,			1.75,			0.168,			0.055
589,	2,	56.0,	162.425,			14.36,			1.388,			0.107
590,	1,	447.0,	162.44,			2.984,			0.129,			0.057
591,	1,	44.0,	162.512,			2.197,			0.231,			0.054
592,	2,	172.0,	162.758,			14.942,			1.197,			0.158
593,	1,	214.0,	163.048,			1.581,			0.152,			0.052
594,	1,	214.0,	163.725,			1.028,			0.274,			0.059
595,	1,	44.0,	163.731,			1.655,			0.299,			0.059
596,	1,	103.0,	163.869,			2.88,			0.241,			0.055
597,	1,	28.0,	163.926,			1.086,			0.279,			0.052
598,	1,	103.0,	164.06,			1.523,			0.27,			0.057
599,	1,	498.0,	164.075,			1.052,			0.133,			0.053
600,	1,	49.0,	164.082,			1.477,			0.182,			0.058
601,	1,	120.0,	164.295,			2.636,			0.183,			0.06
602,	1,	13.0,	164.579,			2.565,			0.237,			0.054
603,	1,	103.0,	164.664,			2.055,			0.228,			0.051
604,	1,	44.0,	164.797,			2.819,			0.114,			0.056
605,	1,	512.0,	164.915,			2.404,			0.272,			0.051
606,	1,	59.0,	165.053,			1.27,			0.157,			0.054
607,	2,	168.0,	165.078,			14.914,			1.333,			0.166
608,	1,	44.0,	165.106,			1.853,			0.225,			0.055
609,	1,	6.0,	165.286,			2.533,			0.182,			0.05
610,	1,	6.0,	165.516,			2.655,			0.268,			0.056
611,	1,	7.0,	165.626,			1.07,			0.29,			0.059
612,	1,	95.0,	165.778,			2.991,			0.209,			0.054
613,	1,	214.0,	165.834,			1.484,			0.266,			0.055
614,	1,	95.0,	165.87,			2.19,			0.281,			0.057
615,	1,	7.0,	165.879,			1.114,			0.249,			0.06
616,	1,	7.0,	166.442,			1.645,			0.284,			0.052
617,	1,	379.0,	166.983,			1.708,			0.161,			0.056
618,	1,	44.0,	167.327,			2.789,			0.128,			0.054
619,	1,	512.0,	167.512,			1.486,			0.172,			0.055
620,	1,	13.0,	167.99,			1.426,			0.112,			0.055
621,	1,	7.0,	167.991,			1.719,			0.168,			0.057
622,	1,	59.0,	168.15,			1.256,			0.108,			0.054
623,	1,	30.0,	168.349,			2.429,			0.124,			0.051
624,	1,	120.0,	168.385,			1.515,			0.14,			0.06
625,	1,	28.0,	168.544,			2.842,			0.268,			0.052
626,	1,	90.0,	168.55,			1.148,			0.161,			0.057
627,	2,	124.0,	168.68,			10.383,			1.124,			0.168
628,	1,	10.0,	168.996,			2.865,			0.289,			0.055
629,	1,	49.0,	169.009,			2.8,			0.19,			0.053
630,	1,	30.0,	169.111,			1.241,			0.249,			0.06
631,	1,	157.0,	169.179,			2.398,			0.21,			0.052
632,	1,	7.0,	169.358,			2.893,			0.166,			0.052
633,	1,	6.0,	169.387,			1.075,			0.119,			0.059
634,	1,	7.0,	169.403,			2.759,			0.284,			0.055
635,	1,	447.0,	169.477,			2.601,			0.139,			0.055
636,	1,	90.0,	169.729,			1.833,			0.222,			0.06
637,	1,	44.0,	169.781,			1.522,			0.262,			0.056
638,	1,	44.0,	169.882,			1.548,			0.214,			0.055
639,	1,	59.0,	170.22,			2.686,			0.249,			0.053
640,	1,	49.0,	170.296,			2.999,			0.148,			0.057
641,	1,	6.0,	170.363,			2.725,			0.165,			0.059
642,	1,	16.0,	170.506,			1.97,			0.18,			0.058
643,	1,	120.0,	170.617,			2.751,			0.274,			0.055
644,	2,	162.0,	170.626,			12.933,			1.479,			0.136
645,	1,	169.0,	170.721,			2.864,			0.175,			0.053
646,	2,	110.0,	170.744,			11.604,			1.374,			0.179
647,	1,	44.0,	170.745,			1.707,			0.165,			0.059
648,	1,	13.0,	170.93,			1.241,			0.158,			0.058
649,	1,	10.0,	170.996,			2.414,			0.27,			0.059
650,	1,	7.0,	171.191,			2.503,			0.22,			0.053
651,	1,	387.0,	171.202,			1.314,			0.159,			0.051
652,	1,	379.0,	171.219,			2.776,			0.141,			0.056
653,	1,	44.0,	171.517,			2.8,			0.158,			0.052
654,	2,	275.0,	171.726,			10.162,			1.369,			0.155
655,	1,	44.0,	171.74,			2.103,			0.294,			0.054
656,	1,	387.0,	171.906,			1.73,			0.189,			0.055
657,	1,	7.0,	171.954,			2.414,			0.152,			0.052
658,	1,	6.0,	172.088,			1.225,			0.177,			0.056
659,	1,	6.0,	172.236,			2.776,			0.241,			0.055
660,	1,	498.0,	172.331,			2.273,			0.136,			0.053
661,	1,	44.0,	172.525,			2.131,			0.135,			0.057
662,	1,	30.0,	172.616,			2.065,			0.126,			0.053
663,	1,	90.0,	172.697,			2.976,			0.225,			0.052
664,	1,	387.0,	172.713,			1.031,			0.293,			0.056
665,	1,	16.0,	172.777,			1.651,			0.242,			0.051
666,	1,	379.0,	172.894,			2.407,			0.258,			0.053
667,	1,	6.0,	173.059,			2.222,			0.22,			0.057
668,	1,	49.0,	173.207,			1.857,			0.225,			0.055
669,	1,	512.0,	173.255,			1.431,			0.272,			0.057
670,	2,	109.0,	173.711,			12.134,			1.282,			0.133
671,	1,	13.0,	174.316,			2.932,			0.18,			0.051
672,	1,	59.0,	174.382,			1.541,			0.235,			0.052
673,	1,	157.0,	174.507,			2.686,			0.12,			0.055
674,	1,	379.0,	174.572,			1.869,			0.178,			0.051
675,	1,	6.0,	174.964,			2.265,			0.131,			0.056
676,	2,	230.0,	175.557,			11.539,			1.187,			0.185
677,	1,	169.0,	175.892,			1.927,			0.167,			0.06
678,	1,	44.0,	176.054,			2.636,			0.106,			0.056
679,	1,	103.0,	176.339,			1.883,			0.103,			0.052
680,	1,	387.0,	176.5,			2.03,			0.132,			0.053
681,	1,	379.0,	176.661,			1.289,			0.289,			0.055
682,	1,	447.0,	176.667,			2.985,			0.277,			0.055
683,	1,	120.0,	176.732,			2.096,			0.254,			0.059
684,	2,	66.0,	177.008,			11.478,			1.343,			0.172
685,	1,	7.0,	177.208,			1.188,			0.152,			0.056
686,	1,	7.0,	177.598,			2.916,			0.195,			0.059
687,	1,	7.0,	177.641,			2.776,			0.268,			0.057
688,	1,	103.0,	177.746,			1.245,			0.283,			0.057
689,	1,	6.0,	177.836,			1.722,			0.144,			0.056
690,	1,	387.0,	177.861,			1.591,			0.123,			0.051
691,	1,	379.0,	177.889,			1.929,			0.129,			0.053
692,	1,	169.0,	177.96,			2.957,			0.18,			0.055
693,	1,	16.0,	177.984,			1.232,			0.215,			0.05
694,	1,	512.0,	178.17,			2.073,			0.124,			0.05
695,	1,	95.0,	178.446,			1.807,			0.239,			0.058
696,	1,	120.0,	178.722,			1.187,			0.205,			0.057
697,	1,	379.0,	178.82,			1.543,			0.241,			0.06
698,	1,	44.0,	178.83,			2.265,			0.285,			0.056
699,	1,	44.0,	179.018,			2.557,			0.103,			0.052
700,	1,	379.0,	179.322,			2.893,			0.17,			0.051
701,	2,	151.0,	179.56,			14.117,			1.082,			0.185
702,	1,	30.0,	179.942,			2.796,			0.182,			0.054
703,	1,	379.0,	180.028,			1.73,			0.281,			0.052
704,	1,	379.0,	180.402,			1.112,			0.238,			0.056
705,	1,	59.0,	180.592,			2.127,			0.15,			0.057
706,	2,	169.0,	180.6,			12.064,			1.086,			0.117
707,	1,	13.0,	180.607,			2.351,			0.275,			0.055
708,	1,	387.0,	180.725,			2.99,			0.275,			0.051
709,	1,	169.0,	180.812,			1.969,			0.101,			0.059
710,	1,	10.0,	181.098,			1.663,			0.106,			0.058
711,	1,	44.0,	181.487,			2.5,			0.152,			0.059
712,	1,	7.0,	181.634,			1.119,			0.243,			0.051
713,	1,	120.0,	182.272,			1.485,			0.27,			0.059
714,	2,	118.0,	182.297,			14.77,			1.399,			0.152
715,	1,	214.0,	182.465,			2.798,			0.118,			0.051
716,	1,	498.0,	182.619,			1.277,			0.149,			0.056
717,	1,	498.0,	182.658,			1.096,			0.266,			0.059
718,	1,	379.0,	182.708,			2.08,			0.244,			0.052
719,	1,	559.0,	183.12,			2.027,			0.137,			0.059
720,	1,	379.0,	183.152,			2.223,			0.253,			0.055
721,	2,	250.0,	183.238,			10.809,			1.058,			0.109
722,	1,	7.0,	183.367,			1.701,			0.21,			0.052
723,	2,	127.0,	183.653,			14.534,			1.328,			0.105
724,	1,	16.0,	183.666,			1.655,			0.221,			0.052
725,	2,	57.0,	184.108,			11.539,			1.374,			0.15
726,	1,	16.0,	184.113,			2.509,			0.206,			0.055
727,	2,	332.0,	184.134,			11.968,			1.115,			0.167
728,	1,	169.0,	184.202,			2.441,			0.285,			0.059
729,	1,	13.0,	184.244,			1.662,			0.1,			0.054
730,	1,	6.0,	184.258,			1.548,			0.152,			0.054
731,	1,	30.0,	184.301,			1.014,			0.277,			0.055
732,	1,	10.0,	184.39,			1.612,			0.267,			0.059
733,	2,	106.0,	184.415,			13.337,			1.247,			0.107
734,	1,	7.0,	184.874,			2.947,			0.131,			0.058
735,	1,	7.0,	184.958,			2.844,			0.172,			0.055
736,	1,	7.0,	185.122,			2.541,			0.221,			0.059
737,	1,	95.0,	185.253,			2.408,			0.267,			0.054
738,	1,	146.0,	185.696,			1.719,			0.2,			0.057
739,	1,	7.0,	185.828,			2.222,			0.273,			0.058
740,	1,	7.0,	185.912,			1.97,			0.128,			0.058
741,	1,	6.0,	186.27,			2.441,			0.147,			0.059
742,	1,	387.0,	186.423,			1.669,			0.294,			0.06
743,	1,	387.0,	186.5,			2.763,			0.288,			0.057
744,	1,	103.0,	186.536,			2.237,			0.109,			0.055
745,	1,	44.0,	186.823,			2.047,			0.293,			0.055
746,	1,	44.0,	187.161,			2.407,			0.206,			0.053
747,	1,	6.0,	187.494,			2.104,			0.175,			0.052
748,	1,	379.0,	187.756,			1.327,			0.223,			0.055
749,	1,	512.0,	187.997,			2.599,			0.299,			0.058
750,	1,	7.0,	188.111,			1.915,			0.144,			0.054
751,	1,	387.0,	188.374,			2.787,			0.124,			0.051
752,	2,	213.0,	188.593,			13.758,			1.393,			0.193
753,	1,	7.0,	188.616,			1.432,			0.287,			0.055
754,	1,	7.0,	188.665,			1.981,			0.221,			0.054
755,	1,	6.0,	189.261,			1.168,			0.108,			0.05
756,	1,	59.0,	189.42,			2.889,			0.206,			0.055
757,	1,	44.0,	189.427,			2.661,			0.238,			0.05
758,	1,	90.0,	189.718,			1.489,			0.221,			0.051
759,	1,	44.0,	189.868,			1.434,			0.114,			0.055
760,	1,	44.0,	190.055,			2.903,			0.214,			0.054
761,	1,	7.0,	190.138,			2.691,			0.202,			0.051
762,	1,	157.0,	190.243,			1.028,			0.234,			0.058
763,	1,	13.0,	190.569,			2.249,			0.121,			0.052
764,	1,	7.0,	190.617,			1.01,			0.249,			0.055
765,	1,	447.0,	190.774,			2.0,			0.27,			0.053
766,	1,	6.0,	191.153,			1.241,			0.227,			0.051
767,	2,	45.0,	191.191,			11.317,			1.346,			0.137
768,	1,	7.0,	191.201,			1.07,			0.185,			0.057
769,	1,	90.0,	191.294,			1.826,			0.12,			0.059
770,	2,	257.0,	191.324,			10.621,			1.29,			0.101
771,	1,	379.0,	191.37,			1.84,			0.21,			0.051
772,	1,	498.0,	191.604,			2.984,			0.177,			0.056
773,	1,	498.0,	191.996,			2.748,			0.149,			0.054
774,	1,	169.0,	192.189,			2.167,			0.195,			0.051
775,	1,	90.0,	192.25,			1.473,			0.251,			0.051
776,	1,	6.0,	192.282,			1.423,			0.103,			0.052
777,	1,	126.0,	192.456,			1.588,			0.25,			0.051
778,	1,	10.0,	192.471,			1.605,			0.174,			0.056
779,	1,	90.0,	192.528,			1.25,			0.284,			0.059
780,	1,	146.0,	193.027,			2.786,			0.298,			0.056
781,	1,	120.0,	193.123,			2.879,			0.223,			0.054
782,	2,	264.0,	193.605,			10.912,			1.494,			0.17
783,	2,	73.0,	193.933,			11.896,			1.31,			0.19
784,	1,	7.0,	194.101,			2.655,			0.171,			0.051
785,	1,	157.0,	194.181,			2.625,			0.151,			0.051
786,	1,	10.0,	194.272,			2.862,			0.133,			0.051
787,	1,	103.0,	194.846,			2.984,			0.206,			0.06
788,	1,	59.0,	194.919,			1.9,			0.15,			0.054
789,	1,	90.0,	195.113,			1.653,			0.122,			0.056
790,	1,	59.0,	195.144,			1.683,			0.109,			0.05
791,	2,	75.0,	195.713,			13.977,			1.302,			0.127
792,	2,	109.0,	195.759,			11.247,			1.094,			0.167
793,	2,	207.0,	195.862,			14.735,			1.169,			0.134
794,	1,	387.0,	195.863,			1.61,			0.272,			0.056
795,	2,	104.0,	195.865,			13.535,			1.354,			0.188
796,	1,	7.0,	196.004,			2.122,			0.139,			0.058
797,	1,	7.0,	196.275,			1.052,			0.249,			0.054
798,	1,	90.0,	196.557,			2.197,			0.186,			0.057
799,	1,	146.0,	196.633,			2.991,			0.138,			0.056
800,	1,	512.0,	196.761,			2.298,			0.239,			0.058
801,	1,	10.0,	196.87,			2.43,			0.195,			0.057
802,	1,	498.0,	197.291,			2.149,			0.237,			0.054
803,	1,	157.0,	197.368,			1.756,			0.131,			0.053
804,	1,	103.0,	197.371,			2.465,			0.247,			0.053
805,	1,	126.0,	197.547,			2.01,			0.111,			0.052
806,	1,	7.0,	197.62,			1.372,			0.265,			0.058
807,	2,	152.0,	197.793,			10.55,			1.199,			0.131
808,	1,	95.0,	198.017,			1.482,			0.224,			0.059
809,	1,	120.0,	198.349,			2.252,			0.201,			0.057
810,	1,	59.0,	198.724,			1.988,			0.195,			0.054
811,	1,	28.0,	198.756,			2.116,			0.267,			0.057
812,	1,	7.0,	199.045,			1.3,			0.192,			0.052
813,	1,	59.0,	199.628,			1.302,			0.136,			0.053
814,	1,	7.0,	199.797,			2.509,			0.282,			0.055
815,	1,	103.0,	200.16,			1.706,			0.195,			0.053
816,	1,	559.0,	200.493,			1.409,			0.299,			0.058
817,	2,	190.0,	200.685,			14.916,			1.051,			0.178
818,	1,	44.0,	200.81,			2.786,			0.207,			0.059
819,	1,	30.0,	200.924,			2.896,			0.17,			0.053
820,	1,	126.0,	201.035,			2.645,			0.118,			0.06
821,	1,	6.0,	201.202,			1.153,			0.129,			0.06
822,	2,	214.0,	201.291,			13.916,			1.21,			0.122
823,	1,	90.0,	201.553,			1.482,			0.121,			0.056
824,	1,	28.0,	201.661,			2.576,			0.279,			0.058
825,	1,	44.0,	201.756,			1.484,			0.297,			0.055
826,	1,	447.0,	201.794,			2.972,			0.292,			0.058
827,	1,	30.0,	201.901,			1.732,			0.209,			0.059
828,	1,	7.0,	202.796,			2.659,			0.187,			0.057
829,	2,	110.0,	202.809,			10.279,			1.176,			0.106
830,	1,	10.0,	202.901,			2.567,			0.279,			0.056
831,	1,	379.0,	202.972,			1.192,			0.239,			0.054
832,	2,	71.0,	203.175,			12.141,			1.124,			0.151
833,	1,	512.0,	203.219,			1.007,			0.249,			0.058
834,	1,	7.0,	203.271,			2.544,			0.206,			0.058
835,	1,	559.0,	203.328,			1.14,			0.272,			0.052
836,	1,	512.0,	203.817,			2.673,			0.161,			0.054
837,	1,	6.0,	203.839,			2.598,			0.159,			0.053
838,	1,	512.0,	203.98,			1.285,			0.209,			0.052
839,	1,	49.0,	204.102,			1.633,			0.231,			0.06
840,	1,	146.0,	204.629,			2.498,			0.195,			0.059
841,	1,	95.0,	205.124,			1.654,			0.201,			0.054
842,	2,	205.0,	205.206,			11.302,			1.374,			0.145
843,	1,	13.0,	205.651,			1.428,			0.259,			0.057
844,	1,	7.0,	205.979,			1.914,			0.192,			0.059
845,	1,	157.0,	206.153,			2.533,			0.251,			0.059
846,	1,	28.0,	206.375,			1.343,			0.142,			0.051
847,	1,	95.0,	206.785,			1.631,			0.128,			0.053
848,	1,	379.0,	207.056,			1.353,			0.28,			0.054
849,	2,	112.0,	207.127,			13.288,			1.388,			0.137
850,	1,	6.0,	207.3,			2.318,			0.188,			0.05
851,	1,	120.0,	207.322,			1.998,			0.218,			0.055
852,	1,	7.0,	207.42,			2.096,			0.286,			0.054
853,	1,	7.0,	207.564,			2.2,			0.135,			0.06
854,	1,	44.0,	207.743,			2.303,			0.242,			0.055
855,	1,	7.0,	207.995,			1.367,			0.188,			0.057
856,	1,	30.0,	208.69,			1.293,			0.175,			0.055
857,	1,	28.0,	208.747,			2.492,			0.284,			0.058
858,	1,	13.0,	208.901,			2.879,			0.216,			0.053
859,	2,	146.0,	209.124,			13.228,			1.299,			0.181
860,	1,	103.0,	209.41,			2.9,			0.191,			0.057
861,	1,	126.0,	209.69,			1.116,			0.244,			0.058
862,	2,	161.0,	210.088,			10.912,			1.172,			0.113
863,	1,	44.0,	210.392,			1.963,			0.244,			0.056
864,	2,	95.0,	211.012,			14.424,			1.483,			0.181
865,	1,	447.0,	211.045,			1.609,			0.199,			0.054
866,	1,	16.0,	211.478,			1.733,			0.288,			0.057
867,	1,	447.0,	212.291,			1.861,			0.161,			0.05
868,	1,	512.0,	212.567,			1.409,			0.292,			0.059
869,	1,	10.0,	213.957,			1.64,			0.104,			0.053
870,	1,	6.0,	214.517,			1.126,			0.192,			0.057
871,	1,	7.0,	215.301,			1.263,			0.146,			0.052
872,	1,	169.0,	215.342,			2.244,			0.119,			0.058
873,	1,	169.0,	215.455,			1.99,			0.158,			0.057
874,	2,	203.0,	215.678,			10.999,			1.421,			0.128
875,	1,	30.0,	216.383,			2.163,			0.114,			0.057
876,	1,	16.0,	216.393,			2.283,			0.153,			0.057
877,	1,	559.0,	216.595,			1.637,			0.211,			0.053
878,	1,	59.0,	216.597,			2.598,			0.12,			0.06
879,	1,	90.0,	216.638,			1.645,			0.125,			0.053
880,	1,	90.0,	216.651,			1.187,			0.131,			0.055
881,	1,	28.0,	217.369,			1.162,			0.176,			0.058
882,	1,	120.0,	217.628,			1.052,			0.29,			0.052
883,	1,	146.0,	218.074,			1.835,			0.203,			0.054
884,	1,	7.0,	218.984,			2.378,			0.189,			0.056
885,	1,	512.0,	219.285,			1.984,			0.182,			0.051
886,	1,	157.0,	219.502,			1.024,			0.267,			0.054
887,	2,	220.0,	219.523,			11.342,			1.141,			0.131
888,	2,	214.0,	219.568,			10.565,			1.196,			0.144
889,	1,	7.0,	219.63,			2.901,			0.272,			0.058
890,	2,	174.0,	219.783,			11.449,			1.055,			0.102
891,	1,	6.0,	219.884,			1.838,			0.23,			0.059
892,	1,	49.0,	219.927,			1.004,			0.193,			0.053
893,	1,	559.0,	220.054,			2.454,			0.286,			0.051
894,	1,	146.0,	220.106,			1.962,			0.233,			0.05
895,	1,	59.0,	220.143,			1.484,			0.244,			0.06
896,	1,	498.0,	220.312,			1.996,			0.253,			0.051
897,	1,	498.0,	221.277,			2.103,			0.206,			0.053
898,	1,	30.0,	221.854,			2.027,			0.291,			0.056
899,	2,	116.0,	222.45,			10.524,			1.111,			0.161
900,	1,	126.0,	222.774,			2.056,			0.245,			0.056
901,	1,	10.0,	223.414,			2.303,			0.258,			0.06
902,	1,	7.0,	224.105,			1.979,			0.2,			0.056
903,	2,	136.0,	224.827,			11.058,			1.403,			0.128
904,	1,	103.0,	225.252,			2.418,			0.125,			0.055
905,	1,	6.0,	225.839,			2.479,			0.265,			0.054
906,	1,	7.0,	225.898,			2.702,			0.3,			0.051
907,	1,	16.0,	226.17,			2.819,			0.162,			0.057
908,	1,	387.0,	226.318,			1.774,			0.215,			0.051
909,	2,	215.0,	226.382,			14.45,			1.179,			0.159
910,	1,	387.0,	226.779,			1.14,			0.191,			0.058
911,	2,	129.0,	226.963,			14.351,			1.327,			0.139
912,	1,	7.0,	227.249,			1.561,			0.2,			0.057
913,	2,	157.0,	228.401,			14.45,			1.35,			0.155
914,	1,	146.0,	228.474,			1.092,			0.246,			0.053
915,	1,	95.0,	229.439,			1.659,			0.157,			0.059
916,	1,	13.0,	230.117,			1.86,			0.272,			0.059
917,	1,	512.0,	230.131,			1.491,			0.164,			0.053
918,	1,	120.0,	230.146,			1.322,			0.279,			0.053
919,	1,	387.0,	230.687,			2.085,			0.119,			0.053
920,	1,	126.0,	230.805,			2.056,			0.149,			0.057
921,	2,	124.0,	230.817,			12.912,			1.044,			0.198
922,	1,	44.0,	231.542,			1.728,			0.177,			0.056
923,	2,	116.0,	232.963,			11.508,			1.491,			0.164
924,	1,	447.0,	233.495,			2.074,			0.22,			0.058
925,	1,	95.0,	234.052,			1.748,			0.107,			0.054
926,	2,	154.0,	234.99,			13.569,			1.349,			0.177
927,	1,	44.0,	235.095,			1.908,			0.123,			0.057
928,	1,	30.0,	236.157,			2.034,			0.128,			0.06
929,	1,	7.0,	236.486,			2.628,			0.253,			0.058
930,	2,	219.0,	236.749,			12.615,			1.24,			0.159
931,	1,	447.0,	237.457,			1.226,			0.228,			0.058
932,	1,	13.0,	237.858,			1.671,			0.177,			0.058
933,	1,	44.0,	238.213,			2.703,			0.249,			0.058
934,	2,	294.0,	238.822,			13.154,			1.409,			0.123
935,	1,	7.0,	239.021,			2.943,			0.152,			0.052
936,	1,	95.0,	239.85,			1.613,			0.214,			0.053
937,	2,	74.0,	240.512,			14.14,			1.499,			0.133
938,	2,	121.0,	240.606,			10.177,			1.393,			0.141
939,	2,	245.0,	240.687,			14.624,			1.008,			0.107
940,	2,	113.0,	241.244,			11.484,			1.162,			0.195
941,	1,	498.0,	241.372,			2.559,			0.247,			0.053
942,	1,	512.0,	241.761,			2.158,			0.107,			0.055
943,	2,	191.0,	242.066,			12.127,			1.454,			0.165
944,	1,	157.0,	242.644,			1.883,			0.299,			0.052
945,	2,	166.0,	243.309,			12.443,			1.216,			0.121
946,	2,	168.0,	243.39,			12.914,			1.117,			0.131
947,	1,	512.0,	243.522,			1.178,			0.175,			0.055
948,	1,	7.0,	243.852,			2.038,			0.18,			0.057
949,	2,	126.0,	243.906,			10.769,			1.289,			0.167
950,	2,	95.0,	244.049,			14.658,			1.498,			0.19
951,	2,	107.0,	244.109,			14.244,			1.474,			0.139
952,	1,	44.0,	246.004,			2.819,			0.216,			0.052
953,	1,	126.0,	247.063,			1.511,			0.225,			0.05
954,	1,	512.0,	247.444,			2.852,			0.234,			0.051
955,	1,	59.0,	247.465,			1.304,			0.114,			0.052
956,	1,	7.0,	247.893,			1.639,			0.259,			0.052
957,	1,	559.0,	248.025,			1.031,			0.151,			0.06
958,	1,	95.0,	248.269,			2.8,			0.2,			0.059
959,	1,	7.0,	249.922,			2.885,			0.135,			0.055
960,	1,	120.0,	250.484,			1.096,			0.14,			0.052
961,	2,	155.0,	250.611,			12.291,			1.441,			0.122
962,	2,	198.0,	253.047,			10.742,			1.463,			0.11
963,	1,	146.0,	253.189,			1.756,			0.12,			0.051
964,	1,	146.0,	253.316,			2.893,			0.192,			0.059
965,	1,	169.0,	253.609,			1.186,			0.235,			0.057
966,	1,	498.0,	254.42,			1.651,			0.281,			0.06
967,	2,	63.0,	254.827,			13.303,			1.285,			0.122
968,	1,	559.0,	257.173,			2.11,			0.151,			0.054
969,	2,	61.0,	257.316,			11.342,			1.453,			0.131
970,	1,	126.0,	261.994,			1.662,			0.246,			0.055
971,	2,	192.0,	264.603,			13.602,			1.278,			0.179
972,	2,	210.0,	265.8,			11.628,			1.051,			0.108
973,	1,	49.0,	265.938,			1.981,			0.298,			0.058
974,	1,	10.0,	269.513,			2.385,			0.111,			0.052
975,	2,	161.0,	269.545,			12.141,			1.444,			0.139
976,	1,	512.0,	270.187,			2.398,			0.186,			0.057
977,	1,	44.0,	271.8,			2.78,			0.212,			0.053
978,	2,	261.0,	272.153,			14.12,			1.369,			0.122
979,	1,	387.0,	273.091,			1.353,			0.125,			0.051
980,	2,	62.0,	275.243,			14.891,			1.194,			0.102
981,	2,	228.0,	275.913,			11.598,			1.438,			0.106
982,	2,	330.0,	276.81,			14.889,			1.463,			0.199
983,	2,	170.0,	277.002,			10.146,			1.139,			0.134
984,	1,	169.0,	279.802,			1.879,			0.241,			0.057
985,	2,	115.0,	280.8,			13.92,			1.409,			0.137
986,	1,	90.0,	281.378,			1.822,			0.238,			0.054
987,	2,	183.0,	285.332,			10.099,			1.229,			0.179
988,	2,	61.0,	287.443,			13.088,			1.453,			0.166
989,	2,	113.0,	287.887,			10.273,			1.452,			0.114
990,	2,	133.0,	290.564,			13.092,			1.375,			0.101
991,	2,	145.0,	291.407,			10.036,			1.026,			0.194
992,	2,	179.0,	293.72,			10.076,			1.001,			0.125
993,	2,	186.0,	293.724,			14.963,			1.187,			0.193
994,	2,	147.0,	293.788,			13.071,			1.285,			0.158
995,	2,	106.0,	295.68,			13.3,			1.401,			0.179
996,	2,	107.0,	295.891,			14.083,			1.456,			0.196
997,	2,	148.0,	296.531,			12.668,			1.498,			0.147
998,	1,	214.0,	298.442,			1.309,			0.129,			0.055
999,	2,	287.0,	298.731,			13.303,			1.367,			0.114
1000,	2,	109.0,	299.975,			13.828,			1.268,			0.112
