#, task_type_id, size, arrival_time,	execution_time_cpu,	execution_time_gpu,	execution_time_CLOUD
1,	2,	169.0,	0.941,			10.702,			1.456,			0.131
2,	2,	184.0,	2.054,			10.118,			1.482,			0.188
3,	2,	200.0,	3.245,			10.476,			1.02,			0.113
4,	2,	280.0,	5.289,			10.979,			1.199,			0.104
5,	2,	154.0,	6.614,			12.946,			1.394,			0.125
6,	2,	68.0,	9.163,			11.13,			1.015,			0.111
7,	2,	157.0,	10.07,			14.663,			1.251,			0.184
8,	1,	120.0,	10.858,			1.613,			0.174,			0.054
9,	1,	146.0,	10.925,			2.418,			0.111,			0.055
10,	2,	135.0,	12.734,			13.743,			1.065,			0.168
11,	1,	169.0,	13.549,			1.737,			0.113,			0.06
12,	2,	261.0,	14.653,			10.778,			1.458,			0.153
13,	2,	352.0,	15.219,			11.993,			1.133,			0.136
14,	2,	137.0,	16.931,			12.787,			1.244,			0.175
15,	2,	157.0,	17.822,			10.573,			1.086,			0.105
16,	2,	356.0,	18.72,			11.011,			1.497,			0.13
17,	1,	49.0,	19.79,			2.438,			0.144,			0.057
18,	1,	59.0,	22.895,			1.305,			0.288,			0.052
19,	2,	164.0,	23.601,			13.743,			1.458,			0.195
20,	1,	90.0,	24.686,			1.187,			0.231,			0.059
21,	2,	274.0,	25.929,			12.301,			1.44,			0.124
22,	1,	169.0,	26.236,			2.133,			0.202,			0.053
23,	2,	130.0,	27.0,			13.193,			1.166,			0.175
24,	2,	124.0,	27.459,			13.615,			1.096,			0.192
25,	1,	10.0,	27.919,			1.626,			0.206,			0.053
26,	1,	6.0,	29.115,			1.25,			0.161,			0.056
27,	1,	7.0,	29.117,			1.911,			0.12,			0.051
28,	2,	123.0,	29.601,			10.724,			1.202,			0.139
29,	1,	146.0,	30.748,			1.091,			0.284,			0.051
30,	2,	154.0,	31.283,			11.423,			1.361,			0.11
31,	2,	80.0,	33.03,			11.496,			1.44,			0.137
32,	2,	117.0,	35.611,			12.15,			1.011,			0.127
33,	2,	240.0,	36.88,			13.007,			1.044,			0.144
34,	1,	447.0,	37.158,			1.22,			0.285,			0.051
35,	1,	103.0,	39.093,			2.999,			0.193,			0.056
36,	2,	48.0,	39.215,			14.407,			1.295,			0.13
37,	2,	131.0,	40.187,			11.247,			1.259,			0.104
38,	2,	139.0,	40.586,			14.692,			1.308,			0.183
39,	2,	181.0,	42.448,			13.528,			1.081,			0.175
40,	2,	192.0,	42.645,			13.549,			1.349,			0.116
41,	2,	232.0,	44.615,			13.684,			1.207,			0.199
42,	1,	44.0,	45.843,			1.409,			0.137,			0.055
43,	2,	254.0,	45.958,			14.43,			1.442,			0.155
44,	2,	240.0,	46.601,			13.747,			1.391,			0.187
45,	2,	126.0,	46.642,			11.557,			1.367,			0.14
46,	2,	100.0,	46.677,			11.668,			1.046,			0.195
47,	1,	49.0,	46.683,			2.249,			0.189,			0.055
48,	1,	59.0,	47.966,			1.612,			0.138,			0.055
49,	2,	98.0,	48.002,			10.332,			1.348,			0.164
50,	1,	44.0,	48.192,			1.056,			0.287,			0.055
51,	2,	109.0,	48.425,			13.263,			1.393,			0.186
52,	1,	44.0,	48.821,			1.039,			0.186,			0.059
53,	1,	10.0,	49.487,			1.27,			0.121,			0.054
54,	1,	16.0,	49.764,			1.716,			0.278,			0.058
55,	1,	6.0,	51.12,			1.141,			0.15,			0.054
56,	1,	120.0,	53.951,			1.875,			0.162,			0.06
57,	2,	127.0,	56.35,			12.594,			1.375,			0.123
58,	1,	28.0,	56.493,			1.998,			0.206,			0.056
59,	1,	387.0,	56.974,			2.249,			0.233,			0.058
60,	1,	146.0,	57.339,			2.681,			0.289,			0.059
61,	2,	110.0,	57.427,			11.011,			1.379,			0.133
62,	1,	498.0,	57.871,			2.5,			0.267,			0.053
63,	1,	157.0,	58.141,			1.681,			0.245,			0.054
64,	1,	44.0,	58.407,			2.491,			0.121,			0.056
65,	1,	379.0,	58.691,			2.26,			0.249,			0.055
66,	1,	59.0,	58.881,			2.219,			0.248,			0.055
67,	1,	7.0,	59.125,			1.581,			0.117,			0.051
68,	1,	16.0,	59.645,			1.822,			0.272,			0.057
69,	2,	94.0,	59.719,			10.269,			1.017,			0.105
70,	1,	6.0,	60.247,			1.913,			0.162,			0.058
71,	1,	7.0,	60.307,			1.158,			0.22,			0.058
72,	1,	379.0,	60.5,			1.16,			0.285,			0.054
73,	2,	178.0,	60.759,			11.247,			1.407,			0.125
74,	1,	7.0,	60.844,			2.193,			0.289,			0.055
75,	1,	559.0,	61.572,			1.009,			0.208,			0.054
76,	1,	13.0,	61.825,			2.861,			0.184,			0.051
77,	2,	109.0,	61.927,			12.676,			1.073,			0.195
78,	1,	44.0,	62.35,			2.184,			0.243,			0.058
79,	1,	7.0,	62.634,			1.988,			0.265,			0.051
80,	2,	316.0,	63.804,			14.649,			1.251,			0.185
81,	2,	76.0,	63.989,			13.816,			1.265,			0.105
82,	1,	126.0,	64.627,			1.406,			0.232,			0.051
83,	1,	30.0,	64.736,			1.204,			0.258,			0.057
84,	1,	512.0,	65.571,			1.169,			0.21,			0.059
85,	1,	559.0,	65.584,			1.551,			0.128,			0.059
86,	1,	214.0,	66.025,			1.46,			0.243,			0.054
87,	1,	90.0,	67.69,			2.223,			0.216,			0.057
88,	2,	154.0,	67.722,			12.909,			1.162,			0.132
89,	1,	169.0,	68.633,			2.438,			0.161,			0.056
90,	1,	120.0,	68.99,			2.016,			0.139,			0.051
91,	2,	264.0,	69.155,			10.332,			1.324,			0.102
92,	1,	28.0,	70.177,			2.565,			0.208,			0.05
93,	1,	49.0,	70.399,			2.554,			0.185,			0.059
94,	2,	157.0,	70.726,			14.676,			1.264,			0.2
95,	2,	134.0,	70.808,			10.51,			1.197,			0.161
96,	2,	143.0,	70.813,			14.351,			1.144,			0.114
97,	1,	146.0,	73.283,			2.184,			0.218,			0.053
98,	1,	447.0,	73.566,			1.688,			0.103,			0.058
99,	1,	447.0,	74.097,			2.509,			0.101,			0.053
100,	1,	6.0,	74.636,			2.954,			0.219,			0.057
101,	1,	157.0,	74.764,			2.9,			0.237,			0.055
102,	1,	126.0,	75.176,			2.366,			0.153,			0.058
103,	2,	81.0,	75.178,			14.45,			1.108,			0.116
104,	2,	224.0,	75.799,			14.906,			1.477,			0.156
105,	1,	379.0,	76.28,			1.098,			0.21,			0.051
106,	1,	126.0,	77.113,			1.505,			0.12,			0.058
107,	1,	512.0,	77.33,			2.358,			0.238,			0.052
108,	1,	103.0,	78.948,			1.609,			0.128,			0.057
109,	1,	387.0,	79.298,			2.427,			0.153,			0.056
110,	1,	379.0,	79.547,			2.796,			0.114,			0.05
111,	2,	88.0,	79.571,			11.881,			1.23,			0.197
112,	1,	103.0,	80.227,			1.609,			0.166,			0.057
113,	1,	7.0,	80.405,			2.055,			0.149,			0.054
114,	1,	447.0,	80.5,			2.173,			0.238,			0.051
115,	1,	28.0,	80.523,			2.498,			0.172,			0.06
116,	1,	512.0,	81.088,			1.728,			0.127,			0.055
117,	1,	6.0,	81.423,			2.635,			0.116,			0.057
118,	1,	379.0,	81.621,			2.169,			0.294,			0.053
119,	2,	141.0,	81.631,			10.547,			1.322,			0.189
120,	1,	59.0,	82.146,			1.158,			0.22,			0.056
121,	1,	214.0,	82.176,			2.404,			0.266,			0.056
122,	1,	512.0,	82.254,			2.219,			0.101,			0.053
123,	1,	512.0,	82.318,			2.103,			0.237,			0.051
124,	1,	90.0,	82.481,			1.911,			0.136,			0.055
125,	2,	196.0,	82.563,			13.329,			1.453,			0.185
126,	2,	157.0,	83.385,			11.572,			1.273,			0.114
127,	1,	10.0,	83.503,			1.262,			0.141,			0.057
128,	1,	387.0,	83.511,			1.402,			0.119,			0.057
129,	1,	6.0,	84.933,			1.914,			0.285,			0.051
130,	1,	126.0,	85.161,			1.433,			0.13,			0.056
131,	1,	95.0,	85.202,			1.075,			0.133,			0.056
132,	1,	169.0,	85.288,			2.939,			0.257,			0.052
133,	2,	118.0,	85.822,			14.963,			1.136,			0.122
134,	1,	44.0,	85.828,			1.416,			0.13,			0.058
135,	1,	126.0,	85.937,			1.816,			0.214,			0.051
136,	1,	30.0,	86.386,			2.144,			0.139,			0.051
137,	1,	559.0,	87.283,			2.91,			0.288,			0.053
138,	1,	90.0,	87.301,			2.28,			0.283,			0.058
139,	1,	214.0,	87.533,			1.141,			0.221,			0.055
140,	1,	157.0,	87.741,			1.188,			0.124,			0.057
141,	2,	209.0,	87.761,			11.649,			1.341,			0.19
142,	2,	94.0,	88.173,			12.728,			1.029,			0.103
143,	1,	6.0,	88.524,			1.376,			0.113,			0.051
144,	1,	90.0,	90.338,			1.868,			0.186,			0.06
145,	1,	103.0,	90.346,			2.991,			0.151,			0.059
146,	1,	10.0,	90.711,			2.491,			0.131,			0.055
147,	2,	96.0,	90.744,			12.521,			1.273,			0.164
148,	2,	279.0,	90.792,			10.335,			1.488,			0.107
149,	2,	174.0,	91.402,			11.915,			1.261,			0.15
150,	1,	49.0,	91.667,			2.748,			0.17,			0.053
151,	1,	512.0,	91.741,			1.682,			0.296,			0.059
152,	1,	498.0,	91.801,			1.086,			0.209,			0.054
153,	1,	498.0,	91.869,			1.169,			0.129,			0.059
154,	1,	44.0,	91.87,			2.388,			0.165,			0.054
155,	1,	16.0,	91.899,			1.807,			0.258,			0.056
156,	1,	157.0,	92.182,			2.36,			0.172,			0.055
157,	1,	30.0,	92.459,			1.116,			0.211,			0.059
158,	1,	44.0,	92.49,			2.076,			0.158,			0.052
159,	1,	498.0,	92.625,			1.262,			0.189,			0.054
160,	2,	144.0,	93.097,			12.132,			1.442,			0.13
161,	1,	7.0,	93.414,			2.889,			0.237,			0.058
162,	1,	44.0,	93.625,			1.525,			0.27,			0.057
163,	1,	559.0,	94.061,			2.034,			0.121,			0.057
164,	2,	73.0,	94.323,			10.895,			1.174,			0.105
165,	1,	169.0,	94.586,			1.422,			0.272,			0.058
166,	1,	49.0,	95.223,			2.697,			0.233,			0.057
167,	1,	7.0,	95.847,			2.675,			0.217,			0.057
168,	1,	7.0,	95.949,			1.4,			0.219,			0.055
169,	1,	447.0,	95.963,			1.376,			0.199,			0.056
170,	2,	175.0,	95.99,			10.523,			1.255,			0.127
171,	1,	44.0,	96.152,			2.945,			0.292,			0.06
172,	1,	169.0,	96.365,			1.334,			0.182,			0.056
173,	1,	10.0,	96.422,			1.732,			0.186,			0.052
174,	2,	155.0,	96.557,			10.6,			1.306,			0.117
175,	1,	126.0,	96.762,			1.504,			0.147,			0.054
176,	1,	157.0,	96.977,			2.153,			0.101,			0.058
177,	1,	6.0,	97.243,			2.034,			0.125,			0.056
178,	1,	379.0,	97.289,			1.187,			0.21,			0.056
179,	2,	162.0,	97.32,			13.074,			1.291,			0.162
180,	1,	28.0,	97.537,			1.291,			0.183,			0.058
181,	1,	49.0,	97.766,			2.533,			0.288,			0.052
182,	1,	90.0,	97.816,			1.698,			0.278,			0.051
183,	1,	7.0,	97.979,			2.092,			0.227,			0.057
184,	1,	103.0,	98.096,			1.009,			0.297,			0.058
185,	1,	44.0,	98.569,			1.801,			0.169,			0.053
186,	1,	59.0,	99.21,			2.322,			0.117,			0.055
187,	1,	387.0,	99.275,			2.303,			0.21,			0.055
188,	1,	379.0,	99.404,			2.838,			0.121,			0.059
189,	1,	90.0,	99.73,			1.683,			0.217,			0.057
190,	2,	170.0,	100.109,			13.463,			1.149,			0.178
191,	1,	379.0,	100.627,			1.078,			0.272,			0.059
192,	1,	379.0,	101.181,			1.749,			0.286,			0.056
193,	1,	30.0,	101.571,			1.106,			0.292,			0.056
194,	1,	13.0,	101.58,			2.03,			0.108,			0.055
195,	1,	214.0,	101.713,			2.945,			0.121,			0.05
196,	2,	220.0,	101.789,			14.572,			1.361,			0.125
197,	1,	7.0,	101.913,			1.601,			0.235,			0.057
198,	2,	108.0,	102.265,			10.9,			1.364,			0.19
199,	1,	447.0,	102.421,			1.612,			0.105,			0.056
200,	1,	13.0,	102.499,			1.859,			0.238,			0.058
201,	1,	6.0,	102.59,			1.035,			0.163,			0.055
202,	2,	73.0,	102.665,			11.864,			1.166,			0.105
203,	1,	6.0,	102.745,			2.167,			0.162,			0.058
204,	1,	103.0,	102.838,			1.044,			0.136,			0.06
205,	1,	498.0,	103.037,			1.861,			0.176,			0.059
206,	1,	7.0,	103.457,			1.17,			0.157,			0.056
207,	1,	126.0,	104.137,			2.661,			0.297,			0.054
208,	1,	49.0,	104.643,			2.398,			0.137,			0.056
209,	1,	512.0,	105.086,			2.223,			0.228,			0.06
210,	1,	30.0,	105.573,			1.692,			0.212,			0.058
211,	2,	141.0,	105.786,			13.499,			1.087,			0.14
212,	1,	498.0,	105.977,			1.307,			0.172,			0.055
213,	1,	169.0,	106.297,			2.429,			0.189,			0.06
214,	1,	95.0,	106.538,			2.779,			0.296,			0.053
215,	1,	90.0,	106.561,			2.725,			0.14,			0.057
216,	1,	103.0,	106.901,			1.121,			0.141,			0.06
217,	2,	202.0,	106.996,			10.076,			1.381,			0.186
218,	1,	169.0,	107.434,			1.08,			0.133,			0.053
219,	1,	59.0,	107.653,			2.711,			0.26,			0.051
220,	1,	157.0,	107.848,			2.235,			0.279,			0.059
221,	1,	146.0,	107.887,			1.287,			0.272,			0.06
222,	1,	7.0,	108.068,			1.75,			0.103,			0.051
223,	1,	103.0,	108.095,			1.3,			0.127,			0.05
224,	1,	387.0,	108.17,			1.86,			0.258,			0.055
225,	1,	7.0,	108.218,			1.45,			0.103,			0.055
226,	2,	127.0,	108.565,			14.649,			1.28,			0.188
227,	1,	90.0,	108.834,			2.582,			0.287,			0.052
228,	1,	447.0,	108.881,			2.957,			0.278,			0.051
229,	1,	90.0,	108.902,			1.864,			0.17,			0.058
230,	1,	498.0,	109.115,			2.26,			0.275,			0.054
231,	1,	7.0,	109.25,			1.213,			0.259,			0.05
232,	1,	49.0,	109.328,			2.776,			0.28,			0.052
233,	1,	126.0,	109.604,			2.901,			0.276,			0.059
234,	1,	7.0,	109.703,			2.681,			0.256,			0.056
235,	1,	7.0,	110.607,			1.097,			0.193,			0.051
236,	1,	16.0,	110.793,			1.249,			0.104,			0.05
237,	1,	16.0,	111.404,			2.073,			0.27,			0.056
238,	1,	6.0,	111.689,			1.372,			0.28,			0.053
239,	1,	7.0,	111.775,			1.035,			0.129,			0.057
240,	1,	95.0,	111.99,			2.19,			0.277,			0.058
241,	1,	7.0,	112.488,			2.288,			0.246,			0.06
242,	2,	119.0,	112.854,			11.276,			1.303,			0.106
243,	1,	146.0,	112.944,			1.126,			0.116,			0.051
244,	2,	127.0,	112.955,			12.317,			1.467,			0.177
245,	1,	157.0,	113.118,			2.288,			0.255,			0.054
246,	1,	7.0,	113.995,			1.62,			0.121,			0.054
247,	1,	387.0,	114.034,			2.691,			0.107,			0.053
248,	1,	95.0,	114.31,			1.279,			0.15,			0.052
249,	1,	387.0,	115.067,			2.726,			0.216,			0.058
250,	1,	214.0,	115.074,			1.213,			0.103,			0.05
251,	1,	10.0,	115.194,			2.322,			0.199,			0.054
252,	1,	387.0,	115.241,			2.935,			0.219,			0.052
253,	1,	90.0,	115.379,			2.449,			0.186,			0.058
254,	1,	214.0,	115.392,			1.75,			0.158,			0.056
255,	1,	214.0,	115.431,			1.119,			0.157,			0.057
256,	1,	387.0,	115.597,			2.969,			0.119,			0.054
257,	1,	13.0,	115.599,			2.436,			0.144,			0.059
258,	1,	49.0,	115.624,			2.114,			0.286,			0.052
259,	1,	126.0,	115.876,			2.76,			0.202,			0.056
260,	1,	387.0,	116.071,			1.372,			0.177,			0.058
261,	1,	28.0,	116.213,			1.968,			0.253,			0.05
262,	1,	103.0,	116.435,			1.587,			0.146,			0.053
263,	1,	44.0,	116.592,			2.509,			0.122,			0.06
264,	1,	44.0,	116.655,			1.719,			0.266,			0.054
265,	1,	44.0,	117.167,			1.173,			0.159,			0.055
266,	1,	146.0,	117.24,			2.025,			0.124,			0.051
267,	1,	6.0,	117.256,			2.425,			0.119,			0.059
268,	1,	103.0,	117.44,			1.761,			0.164,			0.052
269,	1,	28.0,	117.508,			2.235,			0.281,			0.053
270,	1,	498.0,	117.525,			1.496,			0.196,			0.055
271,	1,	498.0,	117.677,			2.76,			0.161,			0.056
272,	2,	230.0,	117.899,			13.346,			1.349,			0.108
273,	1,	49.0,	118.094,			2.95,			0.145,			0.057
274,	1,	7.0,	118.122,			2.968,			0.158,			0.059
275,	1,	44.0,	118.439,			1.719,			0.27,			0.054
276,	1,	49.0,	118.577,			1.305,			0.108,			0.053
277,	1,	126.0,	118.66,			1.932,			0.12,			0.057
278,	2,	60.0,	118.675,			10.808,			1.364,			0.195
279,	1,	90.0,	118.897,			2.314,			0.29,			0.058
280,	1,	28.0,	119.225,			1.733,			0.239,			0.051
281,	1,	44.0,	119.244,			1.541,			0.288,			0.058
282,	1,	30.0,	119.33,			2.659,			0.141,			0.059
283,	1,	90.0,	119.334,			2.366,			0.101,			0.053
284,	1,	512.0,	119.344,			2.034,			0.22,			0.055
285,	1,	559.0,	119.472,			2.725,			0.139,			0.054
286,	1,	498.0,	119.869,			1.717,			0.299,			0.051
287,	1,	6.0,	120.044,			2.057,			0.119,			0.053
288,	1,	498.0,	120.454,			1.766,			0.299,			0.051
289,	1,	512.0,	120.482,			2.954,			0.17,			0.06
290,	2,	37.0,	120.712,			11.459,			1.135,			0.106
291,	1,	512.0,	120.724,			2.155,			0.215,			0.051
292,	2,	90.0,	120.793,			13.651,			1.139,			0.143
293,	1,	13.0,	120.893,			1.035,			0.285,			0.053
294,	1,	498.0,	121.102,			1.654,			0.13,			0.054
295,	1,	16.0,	121.315,			2.87,			0.267,			0.056
296,	1,	7.0,	121.396,			1.414,			0.197,			0.055
297,	2,	113.0,	121.607,			10.036,			1.402,			0.19
298,	1,	169.0,	121.666,			2.273,			0.195,			0.05
299,	1,	30.0,	121.904,			2.832,			0.281,			0.053
300,	1,	169.0,	121.967,			2.706,			0.122,			0.052
301,	1,	7.0,	122.287,			1.681,			0.169,			0.059
302,	1,	7.0,	122.401,			1.019,			0.17,			0.057
303,	1,	387.0,	123.138,			2.424,			0.21,			0.056
304,	1,	447.0,	123.164,			1.327,			0.263,			0.058
305,	1,	44.0,	123.221,			1.431,			0.223,			0.059
306,	1,	28.0,	124.001,			2.388,			0.27,			0.056
307,	1,	49.0,	124.032,			2.269,			0.2,			0.058
308,	1,	30.0,	124.089,			2.777,			0.279,			0.053
309,	1,	126.0,	124.16,			2.984,			0.282,			0.058
310,	1,	95.0,	124.212,			1.756,			0.282,			0.05
311,	1,	559.0,	124.232,			2.249,			0.162,			0.06
312,	1,	28.0,	124.335,			1.086,			0.107,			0.06
313,	1,	559.0,	124.44,			2.565,			0.113,			0.058
314,	1,	28.0,	124.683,			2.932,			0.122,			0.058
315,	1,	120.0,	124.923,			2.143,			0.132,			0.058
316,	1,	126.0,	124.955,			1.225,			0.241,			0.054
317,	1,	7.0,	124.997,			1.825,			0.223,			0.058
318,	1,	13.0,	125.058,			1.445,			0.248,			0.056
319,	1,	30.0,	125.097,			1.869,			0.116,			0.052
320,	1,	169.0,	125.202,			1.112,			0.284,			0.053
321,	1,	30.0,	125.337,			1.098,			0.277,			0.059
322,	1,	44.0,	125.724,			1.047,			0.157,			0.054
323,	1,	169.0,	125.954,			2.2,			0.252,			0.052
324,	1,	13.0,	127.08,			1.409,			0.247,			0.058
325,	1,	16.0,	127.097,			2.705,			0.187,			0.057
326,	1,	7.0,	127.246,			1.495,			0.298,			0.051
327,	1,	512.0,	127.342,			1.166,			0.175,			0.054
328,	1,	103.0,	127.388,			2.636,			0.177,			0.06
329,	1,	44.0,	127.478,			1.531,			0.133,			0.057
330,	1,	10.0,	127.653,			1.188,			0.225,			0.054
331,	1,	214.0,	128.124,			2.663,			0.167,			0.06
332,	1,	7.0,	128.564,			2.273,			0.12,			0.052
333,	1,	103.0,	128.684,			2.498,			0.293,			0.057
334,	1,	447.0,	129.181,			1.114,			0.113,			0.054
335,	1,	28.0,	129.191,			1.631,			0.177,			0.053
336,	1,	512.0,	129.304,			1.481,			0.281,			0.051
337,	1,	126.0,	129.551,			1.807,			0.165,			0.055
338,	1,	10.0,	129.572,			1.733,			0.11,			0.056
339,	2,	196.0,	129.609,			13.557,			1.131,			0.128
340,	1,	512.0,	130.31,			1.719,			0.254,			0.054
341,	1,	90.0,	130.328,			2.88,			0.29,			0.051
342,	1,	7.0,	130.355,			2.151,			0.259,			0.058
343,	1,	90.0,	130.529,			1.241,			0.16,			0.054
344,	1,	7.0,	130.616,			1.204,			0.291,			0.056
345,	1,	7.0,	130.897,			1.672,			0.292,			0.051
346,	1,	498.0,	131.063,			1.654,			0.294,			0.052
347,	1,	169.0,	131.212,			2.556,			0.121,			0.058
348,	2,	146.0,	131.327,			11.442,			1.115,			0.17
349,	1,	10.0,	131.51,			2.047,			0.173,			0.06
350,	2,	76.0,	131.663,			10.114,			1.136,			0.199
351,	1,	28.0,	131.733,			1.876,			0.228,			0.06
352,	1,	6.0,	132.041,			2.533,			0.293,			0.052
353,	1,	44.0,	132.05,			1.426,			0.123,			0.06
354,	1,	447.0,	132.178,			1.733,			0.121,			0.057
355,	2,	131.0,	132.209,			10.78,			1.093,			0.177
356,	1,	95.0,	132.305,			2.653,			0.123,			0.052
357,	1,	13.0,	132.314,			2.467,			0.131,			0.05
358,	1,	30.0,	132.358,			1.433,			0.12,			0.055
359,	1,	157.0,	132.696,			1.766,			0.187,			0.051
360,	2,	215.0,	132.736,			12.521,			1.319,			0.13
361,	1,	379.0,	132.767,			2.43,			0.149,			0.052
362,	1,	379.0,	132.981,			1.241,			0.161,			0.054
363,	1,	13.0,	133.051,			2.864,			0.23,			0.05
364,	1,	214.0,	133.233,			1.566,			0.124,			0.056
365,	1,	30.0,	133.341,			2.057,			0.116,			0.059
366,	1,	44.0,	133.393,			2.652,			0.101,			0.057
367,	1,	387.0,	133.404,			2.424,			0.186,			0.051
368,	1,	7.0,	133.601,			1.45,			0.194,			0.052
369,	2,	109.0,	133.624,			14.859,			1.302,			0.112
370,	1,	7.0,	133.637,			2.232,			0.238,			0.053
371,	1,	7.0,	133.697,			2.598,			0.274,			0.052
372,	1,	44.0,	133.738,			1.178,			0.168,			0.054
373,	1,	126.0,	133.774,			1.859,			0.185,			0.053
374,	2,	122.0,	133.79,			11.449,			1.24,			0.141
375,	1,	447.0,	133.826,			1.566,			0.275,			0.058
376,	1,	6.0,	133.862,			2.957,			0.123,			0.06
377,	1,	103.0,	134.228,			1.316,			0.205,			0.051
378,	2,	177.0,	134.355,			13.92,			1.278,			0.143
379,	1,	13.0,	134.428,			1.977,			0.166,			0.055
380,	1,	49.0,	134.467,			2.143,			0.12,			0.059
381,	1,	7.0,	134.573,			1.307,			0.16,			0.057
382,	1,	559.0,	134.922,			1.748,			0.109,			0.053
383,	1,	126.0,	135.396,			2.772,			0.15,			0.051
384,	1,	16.0,	135.583,			2.52,			0.258,			0.056
385,	1,	6.0,	135.733,			2.11,			0.109,			0.052
386,	1,	7.0,	135.834,			1.3,			0.133,			0.055
387,	1,	44.0,	135.838,			2.827,			0.215,			0.052
388,	1,	28.0,	136.081,			2.252,			0.206,			0.056
389,	1,	49.0,	136.272,			1.071,			0.175,			0.057
390,	1,	6.0,	136.273,			2.798,			0.108,			0.053
391,	2,	217.0,	136.431,			13.161,			1.438,			0.187
392,	1,	59.0,	136.624,			2.26,			0.262,			0.055
393,	1,	95.0,	136.731,			1.116,			0.279,			0.055
394,	1,	6.0,	136.873,			2.235,			0.24,			0.057
395,	1,	13.0,	137.176,			2.384,			0.256,			0.056
396,	2,	131.0,	137.245,			10.936,			1.285,			0.125
397,	1,	59.0,	137.311,			1.173,			0.226,			0.058
398,	1,	90.0,	137.439,			1.776,			0.158,			0.057
399,	1,	16.0,	137.544,			1.309,			0.242,			0.056
400,	1,	169.0,	137.64,			1.086,			0.275,			0.056
401,	1,	95.0,	137.884,			1.402,			0.137,			0.057
402,	1,	90.0,	137.889,			2.916,			0.162,			0.051
403,	1,	28.0,	138.228,			2.068,			0.249,			0.057
404,	1,	6.0,	138.268,			2.974,			0.14,			0.056
405,	1,	6.0,	138.48,			1.807,			0.289,			0.056
406,	1,	214.0,	138.548,			2.497,			0.138,			0.059
407,	1,	44.0,	138.582,			2.324,			0.279,			0.056
408,	1,	30.0,	138.781,			1.605,			0.205,			0.053
409,	1,	447.0,	138.839,			1.372,			0.147,			0.057
410,	1,	30.0,	138.947,			2.369,			0.119,			0.057
411,	1,	16.0,	139.032,			1.962,			0.22,			0.058
412,	1,	13.0,	139.072,			1.009,			0.131,			0.053
413,	1,	10.0,	139.144,			2.976,			0.124,			0.059
414,	1,	447.0,	139.173,			2.939,			0.234,			0.057
415,	1,	95.0,	139.439,			1.151,			0.158,			0.051
416,	1,	16.0,	139.581,			2.2,			0.161,			0.059
417,	1,	49.0,	139.695,			1.915,			0.249,			0.052
418,	1,	10.0,	140.112,			1.357,			0.198,			0.054
419,	2,	158.0,	140.261,			10.298,			1.321,			0.155
420,	1,	214.0,	140.473,			1.491,			0.132,			0.055
421,	2,	162.0,	140.621,			10.383,			1.137,			0.184
422,	1,	13.0,	140.708,			2.22,			0.195,			0.058
423,	1,	7.0,	141.216,			1.879,			0.299,			0.058
424,	1,	16.0,	141.218,			2.842,			0.287,			0.055
425,	1,	90.0,	141.239,			1.382,			0.223,			0.051
426,	1,	59.0,	141.359,			1.581,			0.275,			0.051
427,	1,	6.0,	141.459,			1.204,			0.173,			0.051
428,	1,	146.0,	141.807,			2.11,			0.15,			0.054
429,	1,	49.0,	141.888,			2.796,			0.224,			0.059
430,	1,	44.0,	142.028,			2.638,			0.177,			0.055
431,	1,	10.0,	142.068,			2.479,			0.177,			0.051
432,	1,	7.0,	142.136,			2.157,			0.138,			0.051
433,	1,	146.0,	142.328,			2.557,			0.222,			0.052
434,	1,	28.0,	142.348,			2.579,			0.124,			0.051
435,	1,	447.0,	142.601,			1.883,			0.221,			0.052
436,	1,	169.0,	142.608,			2.968,			0.205,			0.059
437,	1,	6.0,	142.676,			1.879,			0.183,			0.055
438,	1,	120.0,	142.733,			2.645,			0.117,			0.05
439,	1,	126.0,	142.921,			1.589,			0.161,			0.057
440,	1,	90.0,	143.181,			1.039,			0.282,			0.054
441,	1,	7.0,	143.221,			2.33,			0.223,			0.055
442,	1,	214.0,	143.587,			2.796,			0.121,			0.06
443,	1,	146.0,	143.728,			2.037,			0.208,			0.056
444,	1,	10.0,	143.88,			2.18,			0.195,			0.056
445,	1,	90.0,	143.987,			2.916,			0.103,			0.053
446,	1,	146.0,	144.054,			2.068,			0.241,			0.052
447,	2,	187.0,	144.132,			12.33,			1.453,			0.1
448,	1,	7.0,	144.282,			1.134,			0.124,			0.05
449,	1,	126.0,	144.331,			2.018,			0.189,			0.053
450,	1,	387.0,	144.561,			1.947,			0.29,			0.058
451,	1,	7.0,	144.675,			2.288,			0.189,			0.051
452,	1,	44.0,	144.817,			1.717,			0.256,			0.053
453,	1,	30.0,	144.838,			1.178,			0.174,			0.052
454,	1,	44.0,	144.869,			1.76,			0.271,			0.056
455,	1,	49.0,	144.917,			2.176,			0.164,			0.05
456,	1,	95.0,	145.049,			1.414,			0.206,			0.055
457,	1,	16.0,	145.151,			2.342,			0.128,			0.054
458,	1,	30.0,	145.258,			1.814,			0.217,			0.056
459,	1,	126.0,	145.518,			2.541,			0.233,			0.059
460,	1,	44.0,	145.534,			2.768,			0.254,			0.05
461,	1,	30.0,	145.712,			1.719,			0.241,			0.056
462,	1,	214.0,	145.721,			2.364,			0.268,			0.058
463,	1,	214.0,	145.761,			2.534,			0.177,			0.059
464,	1,	90.0,	145.801,			2.173,			0.116,			0.059
465,	1,	146.0,	145.915,			1.035,			0.147,			0.051
466,	2,	93.0,	145.947,			11.834,			1.064,			0.121
467,	1,	447.0,	146.225,			2.412,			0.296,			0.051
468,	1,	126.0,	146.283,			2.834,			0.107,			0.059
469,	2,	236.0,	146.296,			12.893,			1.456,			0.176
470,	1,	379.0,	146.373,			2.288,			0.26,			0.055
471,	1,	95.0,	146.891,			2.487,			0.116,			0.051
472,	1,	7.0,	147.008,			1.963,			0.16,			0.055
473,	2,	113.0,	147.032,			10.952,			1.178,			0.142
474,	1,	512.0,	147.079,			2.968,			0.167,			0.059
475,	1,	447.0,	147.213,			1.45,			0.112,			0.055
476,	1,	559.0,	147.405,			1.086,			0.257,			0.059
477,	1,	10.0,	147.421,			2.051,			0.222,			0.052
478,	1,	30.0,	147.6,			2.014,			0.151,			0.059
479,	1,	16.0,	148.053,			1.024,			0.192,			0.056
480,	2,	137.0,	148.249,			11.28,			1.195,			0.172
481,	1,	7.0,	148.283,			1.645,			0.133,			0.055
482,	1,	16.0,	148.414,			2.757,			0.166,			0.06
483,	1,	146.0,	148.465,			2.525,			0.21,			0.054
484,	1,	6.0,	148.71,			2.866,			0.294,			0.055
485,	1,	157.0,	148.759,			2.013,			0.104,			0.052
486,	1,	28.0,	148.919,			1.612,			0.116,			0.054
487,	1,	90.0,	148.943,			1.226,			0.189,			0.056
488,	1,	103.0,	148.983,			2.984,			0.186,			0.053
489,	1,	169.0,	149.043,			2.398,			0.186,			0.052
490,	2,	225.0,	149.379,			14.011,			1.319,			0.115
491,	1,	169.0,	149.549,			1.478,			0.292,			0.057
492,	1,	214.0,	149.648,			1.095,			0.267,			0.054
493,	1,	7.0,	149.681,			1.769,			0.25,			0.055
494,	2,	141.0,	149.872,			10.978,			1.299,			0.194
495,	1,	559.0,	149.917,			2.565,			0.108,			0.052
496,	1,	387.0,	149.931,			1.876,			0.149,			0.058
497,	2,	254.0,	149.994,			14.49,			1.374,			0.169
498,	1,	6.0,	150.179,			2.976,			0.137,			0.059
499,	1,	95.0,	150.279,			1.423,			0.151,			0.054
500,	1,	447.0,	150.438,			1.844,			0.263,			0.059
501,	1,	6.0,	150.744,			2.19,			0.295,			0.06
502,	1,	126.0,	151.105,			2.601,			0.201,			0.058
503,	1,	559.0,	151.251,			2.122,			0.147,			0.06
504,	1,	44.0,	151.277,			2.288,			0.282,			0.051
505,	1,	6.0,	151.429,			2.065,			0.208,			0.052
506,	1,	16.0,	151.664,			2.711,			0.202,			0.053
507,	1,	10.0,	152.059,			1.249,			0.283,			0.059
508,	2,	84.0,	152.108,			12.383,			1.029,			0.105
509,	1,	379.0,	152.371,			1.859,			0.197,			0.051
510,	1,	126.0,	152.652,			2.358,			0.142,			0.054
511,	1,	49.0,	152.766,			1.285,			0.101,			0.056
512,	1,	16.0,	152.953,			2.653,			0.248,			0.052
513,	1,	214.0,	153.335,			2.888,			0.137,			0.06
514,	2,	250.0,	153.433,			10.826,			1.126,			0.124
515,	1,	512.0,	153.459,			1.478,			0.234,			0.06
516,	1,	387.0,	153.688,			2.41,			0.166,			0.06
517,	1,	16.0,	153.902,			1.907,			0.126,			0.051
518,	1,	10.0,	153.918,			1.548,			0.256,			0.056
519,	1,	44.0,	153.992,			1.483,			0.267,			0.059
520,	2,	220.0,	155.15,			13.478,			1.483,			0.137
521,	2,	134.0,	155.364,			13.664,			1.111,			0.174
522,	1,	559.0,	155.511,			1.225,			0.206,			0.055
523,	1,	146.0,	155.73,			2.36,			0.122,			0.054
524,	1,	6.0,	155.82,			2.321,			0.195,			0.059
525,	1,	447.0,	156.103,			1.581,			0.235,			0.056
526,	1,	44.0,	156.289,			1.155,			0.279,			0.052
527,	1,	120.0,	156.445,			2.316,			0.28,			0.059
528,	1,	559.0,	156.465,			1.303,			0.286,			0.051
529,	1,	28.0,	156.533,			1.018,			0.137,			0.054
530,	1,	6.0,	156.703,			2.842,			0.205,			0.054
531,	2,	146.0,	156.755,			11.869,			1.473,			0.108
532,	2,	157.0,	157.061,			12.909,			1.36,			0.106
533,	2,	127.0,	157.133,			13.758,			1.046,			0.137
534,	1,	7.0,	157.239,			2.879,			0.162,			0.056
535,	1,	7.0,	157.246,			1.504,			0.144,			0.057
536,	1,	59.0,	157.342,			1.204,			0.243,			0.055
537,	1,	13.0,	157.392,			2.167,			0.195,			0.053
538,	1,	379.0,	157.393,			1.08,			0.102,			0.051
539,	1,	13.0,	157.735,			1.441,			0.215,			0.058
540,	1,	90.0,	157.776,			2.016,			0.172,			0.055
541,	1,	447.0,	157.944,			2.006,			0.299,			0.055
542,	1,	6.0,	157.983,			1.229,			0.208,			0.053
543,	1,	16.0,	157.995,			1.004,			0.121,			0.053
544,	1,	169.0,	158.051,			2.328,			0.293,			0.052
545,	1,	447.0,	158.301,			2.358,			0.233,			0.051
546,	1,	90.0,	158.354,			2.048,			0.252,			0.051
547,	1,	10.0,	158.572,			1.391,			0.214,			0.057
548,	1,	498.0,	158.632,			2.303,			0.228,			0.053
549,	1,	387.0,	158.765,			1.609,			0.131,			0.052
550,	1,	6.0,	158.982,			1.516,			0.113,			0.051
551,	1,	44.0,	159.08,			1.45,			0.185,			0.056
552,	1,	6.0,	159.094,			2.534,			0.217,			0.05
553,	1,	387.0,	159.339,			1.173,			0.238,			0.052
554,	1,	28.0,	159.434,			1.731,			0.121,			0.055
555,	1,	95.0,	159.577,			1.907,			0.13,			0.054
556,	1,	169.0,	159.586,			2.96,			0.194,			0.058
557,	1,	7.0,	160.128,			1.761,			0.169,			0.052
558,	1,	6.0,	160.427,			2.154,			0.205,			0.059
559,	1,	59.0,	160.613,			2.798,			0.14,			0.056
560,	2,	228.0,	160.711,			10.475,			1.112,			0.179
561,	1,	498.0,	160.976,			2.685,			0.214,			0.06
562,	1,	10.0,	161.167,			1.417,			0.291,			0.051
563,	2,	112.0,	161.193,			11.247,			1.094,			0.112
564,	1,	157.0,	161.226,			1.051,			0.231,			0.054
565,	1,	90.0,	161.41,			1.188,			0.189,			0.057
566,	1,	7.0,	161.892,			1.981,			0.269,			0.05
567,	1,	13.0,	162.025,			2.976,			0.251,			0.057
568,	1,	95.0,	162.1,			2.955,			0.211,			0.05
569,	1,	90.0,	162.23,			2.235,			0.221,			0.05
570,	1,	6.0,	162.33,			2.991,			0.115,			0.052
571,	2,	263.0,	162.709,			13.549,			1.031,			0.103
572,	1,	7.0,	163.049,			2.345,			0.165,			0.058
573,	1,	95.0,	163.328,			2.034,			0.216,			0.057
574,	1,	157.0,	163.405,			2.786,			0.297,			0.056
575,	2,	112.0,	163.62,			10.669,			1.413,			0.2
576,	1,	10.0,	163.625,			2.554,			0.271,			0.051
577,	1,	13.0,	163.721,			1.12,			0.239,			0.058
578,	1,	447.0,	163.801,			1.979,			0.154,			0.056
579,	1,	379.0,	163.995,			1.047,			0.222,			0.055
580,	1,	6.0,	164.046,			1.843,			0.288,			0.057
581,	1,	559.0,	164.052,			2.701,			0.279,			0.053
582,	1,	30.0,	164.249,			2.726,			0.238,			0.057
583,	2,	147.0,	164.492,			10.837,			1.455,			0.13
584,	1,	498.0,	164.563,			2.303,			0.146,			0.056
585,	1,	49.0,	164.585,			1.728,			0.258,			0.059
586,	1,	7.0,	164.799,			1.353,			0.256,			0.055
587,	1,	30.0,	165.142,			2.638,			0.124,			0.057
588,	1,	7.0,	165.183,			2.222,			0.299,			0.056
589,	1,	95.0,	165.285,			2.415,			0.19,			0.06
590,	1,	44.0,	165.501,			2.945,			0.228,			0.057
591,	1,	30.0,	165.785,			1.096,			0.29,			0.056
592,	1,	512.0,	165.891,			2.765,			0.189,			0.051
593,	2,	190.0,	165.946,			10.721,			1.126,			0.187
594,	1,	379.0,	166.246,			1.626,			0.151,			0.059
595,	1,	169.0,	166.417,			2.223,			0.248,			0.053
596,	2,	105.0,	166.656,			13.189,			1.288,			0.177
597,	1,	169.0,	166.844,			1.838,			0.282,			0.06
598,	1,	90.0,	166.949,			2.685,			0.148,			0.057
599,	1,	59.0,	167.064,			2.074,			0.103,			0.055
600,	1,	447.0,	167.214,			2.509,			0.133,			0.057
601,	1,	28.0,	167.246,			1.543,			0.287,			0.054
602,	1,	379.0,	167.504,			2.628,			0.164,			0.051
603,	1,	7.0,	167.699,			2.705,			0.267,			0.054
604,	2,	171.0,	167.925,			10.777,			1.259,			0.198
605,	1,	6.0,	167.951,			1.116,			0.28,			0.053
606,	1,	49.0,	167.952,			2.296,			0.129,			0.053
607,	1,	7.0,	167.991,			1.119,			0.267,			0.056
608,	1,	30.0,	168.156,			2.582,			0.162,			0.051
609,	1,	387.0,	168.239,			2.149,			0.18,			0.057
610,	1,	49.0,	168.743,			2.503,			0.14,			0.053
611,	1,	146.0,	168.861,			1.531,			0.11,			0.058
612,	1,	7.0,	168.986,			2.034,			0.267,			0.059
613,	1,	10.0,	169.042,			2.621,			0.129,			0.054
614,	1,	59.0,	169.061,			1.761,			0.281,			0.053
615,	2,	268.0,	169.589,			12.809,			1.322,			0.108
616,	1,	126.0,	169.654,			2.103,			0.179,			0.058
617,	1,	387.0,	169.669,			2.568,			0.158,			0.059
618,	1,	44.0,	169.738,			1.014,			0.26,			0.05
619,	1,	7.0,	169.743,			2.454,			0.297,			0.052
620,	2,	243.0,	169.895,			13.038,			1.416,			0.148
621,	2,	88.0,	169.948,			12.145,			1.356,			0.112
622,	1,	157.0,	169.963,			2.265,			0.206,			0.052
623,	1,	498.0,	170.032,			1.005,			0.125,			0.054
624,	1,	512.0,	170.314,			2.627,			0.199,			0.054
625,	1,	120.0,	170.595,			1.531,			0.196,			0.051
626,	1,	7.0,	170.737,			2.786,			0.203,			0.053
627,	1,	512.0,	170.829,			2.158,			0.229,			0.057
628,	1,	447.0,	170.946,			1.667,			0.286,			0.057
629,	1,	387.0,	170.977,			1.35,			0.252,			0.05
630,	1,	214.0,	170.98,			1.821,			0.296,			0.053
631,	1,	157.0,	170.984,			1.597,			0.288,			0.056
632,	1,	103.0,	171.099,			1.998,			0.186,			0.056
633,	1,	214.0,	171.141,			1.407,			0.114,			0.056
634,	2,	128.0,	171.431,			14.682,			1.186,			0.167
635,	2,	86.0,	171.671,			12.443,			1.381,			0.181
636,	1,	7.0,	171.844,			1.402,			0.215,			0.056
637,	1,	90.0,	172.179,			2.065,			0.151,			0.052
638,	1,	49.0,	172.687,			1.835,			0.242,			0.057
639,	1,	13.0,	172.851,			2.318,			0.118,			0.06
640,	1,	559.0,	173.041,			1.663,			0.254,			0.058
641,	1,	7.0,	173.058,			2.991,			0.238,			0.054
642,	1,	157.0,	173.313,			1.869,			0.22,			0.053
643,	1,	7.0,	173.578,			1.437,			0.137,			0.06
644,	1,	7.0,	173.594,			1.84,			0.228,			0.056
645,	2,	264.0,	173.778,			14.889,			1.245,			0.139
646,	2,	201.0,	174.06,			10.979,			1.306,			0.131
647,	2,	66.0,	174.191,			13.174,			1.075,			0.19
648,	1,	214.0,	174.549,			2.143,			0.137,			0.051
649,	2,	120.0,	174.569,			14.028,			1.012,			0.158
650,	1,	157.0,	174.635,			1.653,			0.23,			0.05
651,	1,	447.0,	174.647,			1.148,			0.124,			0.055
652,	1,	512.0,	174.811,			1.681,			0.102,			0.054
653,	1,	498.0,	174.885,			2.926,			0.117,			0.058
654,	1,	90.0,	174.893,			1.566,			0.106,			0.051
655,	1,	146.0,	175.014,			2.509,			0.223,			0.057
656,	1,	447.0,	175.184,			1.331,			0.268,			0.054
657,	1,	30.0,	175.385,			1.282,			0.165,			0.058
658,	1,	30.0,	175.613,			2.131,			0.188,			0.06
659,	1,	13.0,	175.653,			2.194,			0.165,			0.051
660,	1,	7.0,	176.006,			1.376,			0.288,			0.057
661,	1,	120.0,	176.323,			2.655,			0.257,			0.056
662,	1,	379.0,	176.357,			2.393,			0.217,			0.057
663,	1,	7.0,	176.509,			2.014,			0.186,			0.059
664,	1,	16.0,	176.602,			2.013,			0.279,			0.05
665,	1,	387.0,	176.66,			2.151,			0.288,			0.052
666,	1,	126.0,	176.804,			1.403,			0.212,			0.054
667,	1,	44.0,	176.863,			2.169,			0.184,			0.054
668,	1,	7.0,	176.934,			2.418,			0.216,			0.055
669,	1,	59.0,	177.215,			1.729,			0.184,			0.054
670,	1,	214.0,	177.354,			2.282,			0.151,			0.057
671,	1,	498.0,	177.431,			2.092,			0.289,			0.054
672,	2,	225.0,	177.524,			12.835,			1.469,			0.169
673,	1,	498.0,	177.644,			1.204,			0.263,			0.054
674,	1,	13.0,	177.829,			2.598,			0.14,			0.053
675,	1,	157.0,	178.106,			1.158,			0.183,			0.052
676,	1,	498.0,	178.301,			2.857,			0.269,			0.058
677,	1,	559.0,	178.622,			1.078,			0.142,			0.057
678,	1,	169.0,	178.693,			1.612,			0.215,			0.051
679,	1,	447.0,	178.787,			1.386,			0.113,			0.058
680,	1,	103.0,	179.11,			2.88,			0.259,			0.052
681,	1,	512.0,	179.152,			1.654,			0.257,			0.055
682,	1,	379.0,	179.197,			1.098,			0.112,			0.055
683,	1,	126.0,	179.249,			2.832,			0.258,			0.054
684,	1,	559.0,	179.502,			2.346,			0.294,			0.051
685,	2,	171.0,	179.686,			14.064,			1.139,			0.176
686,	1,	379.0,	179.71,			2.385,			0.28,			0.057
687,	1,	16.0,	179.759,			2.378,			0.134,			0.052
688,	1,	379.0,	180.043,			1.283,			0.118,			0.056
689,	1,	120.0,	180.217,			1.277,			0.104,			0.058
690,	1,	13.0,	180.221,			2.819,			0.136,			0.053
691,	2,	43.0,	180.47,			10.397,			1.323,			0.12
692,	1,	512.0,	180.484,			2.498,			0.145,			0.053
693,	1,	447.0,	180.708,			1.915,			0.279,			0.056
694,	1,	512.0,	181.125,			2.799,			0.2,			0.057
695,	1,	6.0,	181.207,			2.956,			0.135,			0.054
696,	1,	49.0,	181.541,			1.807,			0.182,			0.051
697,	1,	512.0,	182.094,			2.461,			0.214,			0.053
698,	1,	59.0,	182.359,			2.018,			0.169,			0.055
699,	1,	7.0,	182.467,			2.454,			0.214,			0.059
700,	1,	30.0,	182.487,			2.398,			0.221,			0.051
701,	1,	49.0,	182.564,			1.532,			0.195,			0.051
702,	1,	379.0,	182.57,			2.088,			0.153,			0.059
703,	1,	7.0,	182.588,			1.434,			0.292,			0.053
704,	1,	44.0,	183.024,			1.728,			0.205,			0.054
705,	1,	59.0,	183.079,			1.243,			0.134,			0.054
706,	1,	387.0,	183.187,			2.074,			0.106,			0.058
707,	1,	559.0,	183.298,			2.631,			0.272,			0.053
708,	1,	146.0,	183.3,			1.004,			0.166,			0.053
709,	1,	120.0,	183.339,			2.301,			0.18,			0.058
710,	2,	133.0,	183.673,			10.617,			1.094,			0.133
711,	1,	10.0,	183.741,			1.433,			0.248,			0.059
712,	2,	207.0,	183.825,			13.651,			1.053,			0.194
713,	1,	498.0,	183.959,			1.515,			0.233,			0.059
714,	1,	126.0,	184.03,			1.26,			0.201,			0.06
715,	1,	6.0,	184.059,			1.027,			0.136,			0.056
716,	1,	387.0,	184.205,			1.941,			0.234,			0.057
717,	1,	103.0,	184.578,			2.358,			0.151,			0.056
718,	2,	110.0,	184.708,			14.424,			1.296,			0.133
719,	1,	10.0,	184.851,			1.46,			0.189,			0.058
720,	1,	44.0,	184.88,			1.825,			0.193,			0.056
721,	1,	95.0,	184.962,			2.96,			0.158,			0.06
722,	1,	120.0,	184.991,			2.571,			0.211,			0.059
723,	1,	7.0,	185.064,			2.366,			0.234,			0.051
724,	1,	44.0,	185.543,			1.848,			0.19,			0.053
725,	1,	498.0,	185.815,			1.523,			0.165,			0.056
726,	1,	44.0,	185.903,			1.114,			0.298,			0.059
727,	1,	10.0,	185.966,			2.956,			0.206,			0.056
728,	1,	59.0,	186.07,			1.811,			0.147,			0.06
729,	1,	6.0,	186.172,			1.172,			0.161,			0.05
730,	1,	30.0,	186.32,			1.981,			0.219,			0.05
731,	2,	136.0,	186.336,			13.209,			1.023,			0.123
732,	1,	498.0,	186.529,			2.846,			0.185,			0.052
733,	1,	6.0,	186.54,			2.219,			0.248,			0.052
734,	1,	214.0,	186.599,			1.522,			0.237,			0.05
735,	1,	387.0,	186.742,			1.998,			0.254,			0.058
736,	1,	44.0,	187.188,			1.605,			0.268,			0.059
737,	1,	13.0,	187.29,			1.213,			0.142,			0.052
738,	1,	379.0,	187.548,			1.981,			0.289,			0.058
739,	1,	126.0,	187.764,			1.853,			0.275,			0.057
740,	1,	103.0,	187.783,			2.852,			0.28,			0.059
741,	1,	7.0,	187.793,			2.252,			0.167,			0.054
742,	1,	214.0,	187.803,			2.846,			0.175,			0.06
743,	1,	13.0,	188.021,			1.749,			0.211,			0.056
744,	1,	6.0,	188.212,			1.581,			0.253,			0.052
745,	1,	7.0,	188.256,			1.097,			0.284,			0.05
746,	1,	7.0,	188.583,			2.813,			0.16,			0.055
747,	1,	7.0,	188.604,			1.211,			0.143,			0.051
748,	1,	103.0,	188.645,			2.642,			0.161,			0.059
749,	1,	44.0,	189.388,			1.144,			0.197,			0.056
750,	1,	49.0,	189.527,			1.642,			0.113,			0.052
751,	1,	559.0,	189.591,			1.511,			0.172,			0.052
752,	1,	498.0,	189.629,			2.28,			0.207,			0.055
753,	1,	7.0,	189.668,			1.988,			0.186,			0.056
754,	1,	559.0,	189.914,			1.962,			0.112,			0.056
755,	1,	44.0,	190.023,			2.457,			0.283,			0.053
756,	1,	169.0,	190.129,			1.561,			0.237,			0.054
757,	1,	447.0,	190.262,			2.984,			0.161,			0.056
758,	1,	16.0,	190.37,			1.988,			0.183,			0.057
759,	2,	174.0,	190.492,			11.508,			1.087,			0.129
760,	1,	7.0,	190.808,			2.534,			0.254,			0.06
761,	1,	169.0,	190.877,			2.87,			0.223,			0.057
762,	1,	90.0,	191.403,			1.799,			0.194,			0.051
763,	1,	103.0,	191.825,			1.249,			0.234,			0.059
764,	1,	379.0,	192.026,			2.092,			0.111,			0.057
765,	2,	332.0,	192.222,			11.73,			1.163,			0.153
766,	1,	7.0,	192.449,			1.083,			0.173,			0.06
767,	1,	44.0,	192.642,			1.116,			0.239,			0.05
768,	1,	146.0,	193.103,			2.709,			0.161,			0.051
769,	1,	7.0,	193.355,			2.085,			0.161,			0.057
770,	2,	150.0,	193.426,			14.425,			1.121,			0.135
771,	1,	447.0,	193.509,			2.796,			0.133,			0.058
772,	1,	146.0,	193.51,			1.217,			0.146,			0.058
773,	1,	157.0,	193.674,			2.073,			0.109,			0.054
774,	1,	146.0,	193.694,			2.779,			0.138,			0.051
775,	1,	30.0,	193.753,			1.776,			0.207,			0.052
776,	1,	447.0,	193.812,			1.749,			0.252,			0.054
777,	1,	6.0,	194.221,			1.968,			0.111,			0.053
778,	1,	49.0,	194.302,			1.104,			0.294,			0.06
779,	1,	95.0,	194.584,			2.99,			0.192,			0.05
780,	1,	30.0,	195.434,			2.661,			0.119,			0.057
781,	1,	103.0,	195.619,			1.511,			0.177,			0.058
782,	1,	44.0,	195.724,			2.092,			0.159,			0.054
783,	1,	214.0,	196.03,			1.589,			0.189,			0.057
784,	1,	6.0,	196.439,			2.465,			0.173,			0.054
785,	1,	10.0,	196.667,			2.675,			0.287,			0.059
786,	1,	447.0,	196.813,			1.756,			0.209,			0.053
787,	1,	126.0,	196.876,			2.581,			0.174,			0.058
788,	1,	559.0,	197.042,			1.009,			0.236,			0.051
789,	1,	498.0,	197.146,			2.525,			0.212,			0.057
790,	1,	7.0,	197.908,			1.841,			0.121,			0.056
791,	1,	7.0,	198.009,			2.675,			0.249,			0.056
792,	1,	6.0,	198.063,			1.523,			0.255,			0.059
793,	1,	447.0,	198.411,			1.968,			0.208,			0.06
794,	1,	498.0,	198.429,			2.943,			0.158,			0.055
795,	2,	154.0,	198.611,			13.193,			1.454,			0.136
796,	1,	103.0,	198.82,			2.947,			0.151,			0.053
797,	2,	76.0,	198.93,			10.46,			1.118,			0.166
798,	2,	80.0,	198.965,			10.978,			1.47,			0.181
799,	1,	126.0,	199.003,			1.115,			0.182,			0.051
800,	1,	90.0,	199.364,			2.956,			0.12,			0.054
801,	1,	498.0,	199.469,			1.413,			0.119,			0.058
802,	1,	30.0,	199.555,			1.981,			0.282,			0.051
803,	1,	379.0,	199.738,			1.116,			0.27,			0.055
804,	1,	30.0,	200.273,			2.557,			0.282,			0.054
805,	2,	117.0,	200.51,			13.761,			1.393,			0.148
806,	2,	103.0,	200.536,			13.743,			1.479,			0.194
807,	1,	28.0,	201.159,			1.76,			0.16,			0.056
808,	1,	126.0,	201.175,			1.698,			0.138,			0.057
809,	1,	214.0,	201.276,			1.844,			0.17,			0.05
810,	1,	6.0,	201.358,			2.114,			0.258,			0.052
811,	1,	214.0,	201.493,			2.148,			0.229,			0.055
812,	1,	30.0,	201.575,			1.431,			0.254,			0.058
813,	1,	13.0,	201.834,			1.443,			0.266,			0.056
814,	1,	214.0,	202.291,			1.337,			0.251,			0.055
815,	1,	387.0,	202.607,			2.219,			0.225,			0.058
816,	1,	387.0,	202.614,			1.963,			0.278,			0.051
817,	1,	559.0,	202.932,			2.034,			0.148,			0.058
818,	1,	387.0,	202.934,			2.885,			0.295,			0.054
819,	1,	7.0,	203.056,			1.814,			0.103,			0.058
820,	1,	120.0,	203.352,			1.719,			0.259,			0.054
821,	1,	7.0,	203.421,			2.014,			0.167,			0.058
822,	1,	146.0,	203.564,			2.181,			0.111,			0.059
823,	1,	30.0,	203.58,			1.625,			0.166,			0.054
824,	1,	512.0,	203.581,			1.654,			0.199,			0.051
825,	1,	13.0,	203.805,			2.861,			0.175,			0.052
826,	1,	157.0,	204.339,			1.076,			0.248,			0.06
827,	1,	6.0,	204.405,			2.237,			0.296,			0.051
828,	1,	214.0,	204.779,			2.753,			0.268,			0.053
829,	1,	120.0,	204.862,			2.684,			0.122,			0.06
830,	2,	160.0,	204.864,			11.152,			1.351,			0.16
831,	1,	120.0,	204.993,			2.655,			0.228,			0.054
832,	2,	271.0,	205.146,			13.169,			1.029,			0.166
833,	2,	176.0,	205.206,			13.289,			1.312,			0.152
834,	1,	44.0,	205.808,			2.571,			0.101,			0.059
835,	1,	90.0,	205.949,			2.532,			0.176,			0.055
836,	1,	7.0,	206.999,			1.963,			0.192,			0.053
837,	1,	559.0,	207.392,			1.988,			0.263,			0.051
838,	1,	7.0,	208.899,			2.957,			0.245,			0.057
839,	1,	7.0,	209.38,			2.288,			0.119,			0.051
840,	1,	7.0,	209.416,			1.043,			0.129,			0.052
841,	1,	7.0,	209.535,			1.213,			0.259,			0.052
842,	1,	120.0,	211.31,			1.702,			0.135,			0.051
843,	1,	44.0,	211.403,			1.756,			0.193,			0.054
844,	1,	214.0,	211.543,			2.832,			0.226,			0.052
845,	1,	126.0,	211.735,			2.928,			0.119,			0.057
846,	1,	7.0,	212.629,			2.571,			0.211,			0.051
847,	2,	95.0,	212.769,			11.289,			1.068,			0.185
848,	1,	146.0,	213.219,			2.223,			0.164,			0.054
849,	1,	387.0,	213.491,			1.613,			0.16,			0.057
850,	1,	16.0,	213.931,			1.532,			0.284,			0.056
851,	1,	95.0,	214.184,			1.422,			0.216,			0.055
852,	1,	214.0,	214.582,			1.963,			0.159,			0.054
853,	1,	13.0,	215.369,			2.491,			0.217,			0.055
854,	2,	152.0,	215.416,			13.469,			1.285,			0.15
855,	1,	512.0,	215.616,			1.104,			0.186,			0.056
856,	1,	28.0,	215.715,			2.52,			0.179,			0.059
857,	1,	7.0,	215.888,			1.186,			0.166,			0.055
858,	1,	6.0,	215.966,			1.97,			0.284,			0.059
859,	2,	372.0,	216.055,			11.886,			1.108,			0.126
860,	1,	146.0,	216.217,			1.07,			0.278,			0.053
861,	2,	178.0,	216.229,			12.987,			1.302,			0.128
862,	1,	59.0,	216.258,			1.956,			0.115,			0.059
863,	1,	103.0,	216.888,			1.679,			0.172,			0.053
864,	1,	103.0,	217.348,			1.172,			0.203,			0.056
865,	1,	44.0,	217.87,			1.128,			0.277,			0.053
866,	1,	30.0,	218.788,			1.247,			0.211,			0.053
867,	1,	7.0,	218.966,			1.302,			0.259,			0.057
868,	1,	59.0,	218.984,			1.719,			0.285,			0.05
869,	1,	7.0,	219.008,			2.034,			0.12,			0.06
870,	1,	10.0,	219.086,			1.111,			0.146,			0.056
871,	1,	59.0,	219.536,			2.984,			0.245,			0.056
872,	1,	7.0,	219.594,			2.652,			0.272,			0.054
873,	1,	90.0,	219.68,			1.325,			0.214,			0.053
874,	1,	28.0,	219.72,			2.576,			0.237,			0.058
875,	1,	169.0,	220.404,			2.114,			0.279,			0.055
876,	1,	28.0,	220.589,			2.379,			0.268,			0.059
877,	1,	28.0,	220.637,			2.5,			0.124,			0.058
878,	1,	90.0,	220.796,			1.495,			0.202,			0.052
879,	2,	105.0,	221.723,			12.421,			1.275,			0.173
880,	1,	379.0,	222.098,			2.701,			0.184,			0.057
881,	2,	80.0,	222.577,			12.701,			1.044,			0.185
882,	1,	157.0,	222.657,			2.132,			0.27,			0.051
883,	1,	30.0,	222.801,			1.637,			0.142,			0.058
884,	1,	7.0,	222.854,			2.52,			0.238,			0.058
885,	1,	126.0,	223.242,			2.385,			0.108,			0.057
886,	2,	87.0,	223.317,			12.955,			1.015,			0.123
887,	1,	214.0,	223.902,			2.31,			0.149,			0.06
888,	1,	95.0,	223.939,			2.751,			0.2,			0.055
889,	1,	13.0,	224.087,			2.562,			0.128,			0.05
890,	1,	512.0,	224.295,			1.434,			0.184,			0.053
891,	1,	214.0,	224.603,			1.128,			0.228,			0.057
892,	1,	103.0,	224.622,			1.667,			0.21,			0.058
893,	1,	447.0,	224.88,			1.005,			0.171,			0.056
894,	1,	7.0,	225.105,			2.703,			0.226,			0.055
895,	1,	6.0,	225.119,			1.14,			0.27,			0.056
896,	1,	387.0,	225.933,			2.643,			0.193,			0.055
897,	1,	120.0,	226.036,			2.663,			0.12,			0.058
898,	1,	146.0,	226.32,			2.8,			0.239,			0.055
899,	1,	10.0,	226.417,			2.316,			0.133,			0.059
900,	2,	147.0,	227.058,			14.99,			1.413,			0.121
901,	1,	28.0,	227.308,			1.557,			0.121,			0.06
902,	1,	7.0,	227.778,			1.588,			0.187,			0.052
903,	2,	95.0,	227.778,			10.712,			1.069,			0.123
904,	1,	103.0,	228.412,			2.235,			0.249,			0.056
905,	1,	512.0,	228.473,			2.278,			0.192,			0.051
906,	1,	13.0,	228.493,			2.957,			0.215,			0.059
907,	1,	13.0,	228.663,			1.822,			0.174,			0.052
908,	1,	559.0,	228.751,			2.627,			0.273,			0.052
909,	1,	447.0,	229.095,			1.145,			0.251,			0.051
910,	2,	65.0,	229.637,			11.85,			1.361,			0.16
911,	1,	169.0,	230.547,			1.982,			0.297,			0.053
912,	2,	298.0,	231.281,			14.89,			1.326,			0.102
913,	1,	7.0,	231.804,			2.486,			0.106,			0.059
914,	1,	120.0,	232.601,			2.628,			0.289,			0.056
915,	1,	6.0,	232.68,			2.787,			0.162,			0.056
916,	1,	387.0,	233.233,			1.03,			0.21,			0.057
917,	2,	192.0,	233.3,			12.54,			1.103,			0.192
918,	1,	512.0,	233.428,			1.481,			0.195,			0.051
919,	1,	44.0,	233.54,			2.567,			0.146,			0.056
920,	2,	148.0,	233.855,			11.878,			1.304,			0.147
921,	1,	498.0,	234.01,			1.841,			0.217,			0.059
922,	1,	30.0,	234.434,			1.043,			0.257,			0.06
923,	1,	30.0,	234.854,			1.211,			0.194,			0.053
924,	2,	85.0,	234.889,			11.88,			1.109,			0.197
925,	1,	6.0,	235.135,			1.984,			0.232,			0.054
926,	2,	66.0,	235.145,			12.435,			1.492,			0.195
927,	1,	7.0,	235.425,			1.756,			0.189,			0.057
928,	1,	7.0,	235.519,			2.169,			0.137,			0.052
929,	2,	166.0,	236.284,			12.893,			1.153,			0.155
930,	2,	111.0,	236.559,			11.027,			1.364,			0.123
931,	1,	30.0,	236.679,			2.282,			0.262,			0.056
932,	2,	197.0,	236.863,			14.76,			1.04,			0.186
933,	1,	90.0,	237.163,			2.237,			0.124,			0.06
934,	1,	169.0,	237.857,			2.317,			0.113,			0.052
935,	2,	100.0,	238.414,			10.769,			1.457,			0.162
936,	2,	197.0,	238.425,			14.317,			1.499,			0.195
937,	2,	162.0,	238.538,			11.423,			1.499,			0.147
938,	1,	6.0,	239.049,			1.826,			0.149,			0.055
939,	2,	95.0,	239.339,			12.971,			1.389,			0.125
940,	1,	103.0,	239.377,			2.798,			0.136,			0.055
941,	1,	49.0,	240.846,			1.966,			0.253,			0.06
942,	2,	376.0,	241.759,			11.706,			1.06,			0.125
943,	2,	158.0,	241.798,			13.894,			1.445,			0.124
944,	1,	7.0,	241.991,			2.556,			0.111,			0.057
945,	2,	123.0,	242.113,			10.178,			1.024,			0.191
946,	1,	512.0,	243.142,			2.223,			0.214,			0.054
947,	1,	95.0,	244.713,			2.181,			0.254,			0.057
948,	2,	118.0,	245.176,			10.415,			1.437,			0.182
949,	2,	97.0,	245.606,			10.921,			1.015,			0.18
950,	1,	95.0,	246.056,			2.703,			0.108,			0.051
951,	1,	512.0,	246.35,			1.083,			0.217,			0.055
952,	2,	234.0,	246.592,			12.304,			1.269,			0.116
953,	1,	7.0,	246.742,			2.969,			0.142,			0.057
954,	1,	6.0,	247.075,			1.174,			0.239,			0.055
955,	1,	44.0,	247.379,			2.346,			0.195,			0.059
956,	2,	136.0,	247.609,			10.6,			1.467,			0.165
957,	2,	110.0,	249.417,			12.4,			1.255,			0.125
958,	1,	379.0,	249.91,			2.675,			0.124,			0.055
959,	1,	214.0,	252.26,			2.114,			0.151,			0.059
960,	2,	150.0,	252.653,			11.533,			1.29,			0.199
961,	1,	126.0,	253.992,			2.283,			0.272,			0.059
962,	2,	79.0,	254.753,			10.912,			1.05,			0.187
963,	1,	7.0,	258.551,			2.131,			0.239,			0.055
964,	2,	113.0,	258.951,			14.187,			1.382,			0.119
965,	1,	146.0,	259.802,			1.732,			0.245,			0.05
966,	1,	157.0,	260.507,			2.652,			0.127,			0.05
967,	2,	280.0,	260.61,			10.788,			1.465,			0.114
968,	2,	151.0,	260.859,			10.076,			1.242,			0.192
969,	2,	70.0,	261.376,			14.715,			1.492,			0.148
970,	2,	108.0,	261.405,			14.666,			1.164,			0.109
971,	1,	7.0,	263.05,			2.999,			0.215,			0.051
972,	2,	242.0,	263.374,			11.587,			1.301,			0.164
973,	1,	44.0,	263.565,			1.575,			0.186,			0.057
974,	1,	169.0,	263.732,			1.807,			0.169,			0.058
975,	2,	134.0,	263.917,			14.931,			1.492,			0.184
976,	2,	97.0,	265.364,			13.86,			1.107,			0.139
977,	2,	179.0,	266.492,			10.215,			1.086,			0.104
978,	2,	127.0,	267.339,			11.075,			1.251,			0.17
979,	2,	134.0,	270.344,			11.658,			1.426,			0.12
980,	2,	213.0,	272.903,			13.263,			1.087,			0.154
981,	1,	126.0,	275.297,			1.862,			0.222,			0.053
982,	2,	206.0,	279.789,			14.244,			1.447,			0.194
983,	2,	170.0,	280.313,			10.758,			1.261,			0.123
984,	2,	127.0,	281.138,			10.999,			1.072,			0.185
985,	2,	164.0,	282.492,			10.55,			1.131,			0.143
986,	2,	179.0,	282.595,			11.661,			1.236,			0.108
987,	2,	109.0,	285.255,			14.705,			1.33,			0.134
988,	2,	114.0,	285.782,			14.916,			1.376,			0.2
989,	2,	103.0,	289.199,			13.785,			1.484,			0.154
990,	2,	95.0,	289.232,			14.704,			1.47,			0.112
991,	2,	108.0,	292.03,			10.067,			1.008,			0.104
992,	2,	261.0,	294.096,			14.439,			1.456,			0.194
993,	2,	75.0,	294.245,			14.245,			1.43,			0.122
994,	2,	84.0,	294.575,			11.429,			1.381,			0.124
995,	2,	127.0,	295.102,			14.906,			1.046,			0.197
996,	1,	120.0,	296.868,			2.643,			0.157,			0.059
997,	2,	201.0,	298.245,			11.689,			1.092,			0.127
998,	2,	186.0,	298.31,			13.074,			1.266,			0.117
999,	2,	100.0,	298.608,			13.277,			1.47,			0.196
1000,	1,	126.0,	300.0,			2.602,			0.147,			0.058
