#, task_type_id, size, arrival_time,	execution_time_cpu,	execution_time_gpu,	execution_time_CLOUD
1,	1,	498.0,	2.037,			2.819,			0.131,			0.055
2,	2,	114.0,	4.284,			10.335,			1.47,			0.142
3,	2,	139.0,	4.5,			12.027,			1.452,			0.194
4,	2,	88.0,	4.656,			13.061,			1.36,			0.145
5,	2,	176.0,	5.695,			11.404,			1.282,			0.102
6,	2,	97.0,	10.08,			10.978,			1.31,			0.19
7,	2,	141.0,	13.08,			11.423,			1.246,			0.182
8,	2,	114.0,	14.459,			11.442,			1.421,			0.147
9,	1,	30.0,	17.551,			2.786,			0.267,			0.054
10,	2,	176.0,	17.942,			12.909,			1.33,			0.102
11,	2,	83.0,	19.025,			12.391,			1.374,			0.169
12,	2,	154.0,	19.237,			13.185,			1.185,			0.149
13,	2,	235.0,	19.943,			10.383,			1.304,			0.135
14,	2,	128.0,	20.095,			11.488,			1.175,			0.165
15,	2,	197.0,	20.374,			10.769,			1.433,			0.194
16,	1,	7.0,	21.395,			2.407,			0.179,			0.054
17,	2,	158.0,	22.66,			12.024,			1.192,			0.151
18,	2,	99.0,	22.886,			10.043,			1.059,			0.134
19,	2,	86.0,	23.388,			11.994,			1.177,			0.125
20,	2,	116.0,	23.608,			13.277,			1.063,			0.13
21,	2,	123.0,	23.61,			10.286,			1.162,			0.174
22,	2,	141.0,	24.079,			13.263,			1.452,			0.2
23,	2,	197.0,	24.434,			12.434,			1.296,			0.191
24,	1,	379.0,	24.581,			2.31,			0.169,			0.056
25,	2,	162.0,	26.509,			10.769,			1.093,			0.151
26,	1,	103.0,	27.08,			2.991,			0.275,			0.052
27,	2,	242.0,	27.69,			10.666,			1.021,			0.166
28,	2,	186.0,	27.967,			12.331,			1.296,			0.146
29,	1,	44.0,	28.081,			1.935,			0.233,			0.057
30,	1,	44.0,	28.256,			1.515,			0.129,			0.059
31,	2,	330.0,	28.285,			11.662,			1.322,			0.125
32,	1,	498.0,	28.318,			2.034,			0.19,			0.055
33,	2,	109.0,	28.43,			13.795,			1.1,			0.15
34,	1,	7.0,	30.069,			1.26,			0.285,			0.056
35,	1,	49.0,	30.084,			1.531,			0.272,			0.051
36,	2,	207.0,	31.025,			13.288,			1.121,			0.121
37,	2,	286.0,	33.5,			11.334,			1.362,			0.115
38,	2,	161.0,	33.635,			13.154,			1.5,			0.182
39,	1,	49.0,	33.721,			2.358,			0.161,			0.057
40,	1,	379.0,	36.006,			1.681,			0.251,			0.057
41,	1,	214.0,	36.347,			1.631,			0.295,			0.052
42,	1,	7.0,	36.825,			1.706,			0.102,			0.053
43,	1,	44.0,	36.976,			2.847,			0.199,			0.057
44,	1,	103.0,	38.75,			1.984,			0.113,			0.057
45,	1,	447.0,	38.806,			2.155,			0.129,			0.055
46,	2,	180.0,	40.447,			12.849,			1.301,			0.121
47,	2,	156.0,	40.483,			13.129,			1.055,			0.197
48,	1,	90.0,	40.862,			1.382,			0.299,			0.051
49,	1,	59.0,	42.186,			2.651,			0.222,			0.056
50,	1,	157.0,	42.563,			2.714,			0.279,			0.056
51,	1,	6.0,	42.619,			1.178,			0.288,			0.057
52,	1,	103.0,	43.318,			2.936,			0.227,			0.054
53,	2,	120.0,	43.341,			14.282,			1.481,			0.129
54,	2,	142.0,	43.843,			13.289,			1.059,			0.137
55,	1,	44.0,	44.096,			2.132,			0.122,			0.059
56,	2,	192.0,	44.113,			11.854,			1.099,			0.108
57,	1,	498.0,	44.685,			1.325,			0.23,			0.05
58,	2,	82.0,	45.546,			12.085,			1.405,			0.195
59,	2,	179.0,	46.152,			10.702,			1.296,			0.188
60,	1,	44.0,	46.486,			1.282,			0.167,			0.054
61,	2,	48.0,	49.723,			12.357,			1.454,			0.198
62,	2,	355.0,	50.019,			14.965,			1.366,			0.149
63,	1,	120.0,	50.05,			2.149,			0.113,			0.054
64,	1,	44.0,	50.784,			1.709,			0.274,			0.055
65,	2,	68.0,	50.891,			11.247,			1.371,			0.117
66,	1,	103.0,	51.238,			1.913,			0.244,			0.057
67,	2,	28.0,	51.42,			10.978,			1.075,			0.177
68,	1,	44.0,	52.652,			2.441,			0.216,			0.05
69,	2,	67.0,	52.857,			12.125,			1.251,			0.104
70,	1,	10.0,	52.944,			2.772,			0.163,			0.051
71,	1,	103.0,	53.415,			2.684,			0.202,			0.051
72,	2,	114.0,	53.663,			12.424,			1.392,			0.176
73,	2,	82.0,	53.984,			11.61,			1.242,			0.18
74,	1,	146.0,	54.066,			1.304,			0.256,			0.051
75,	1,	44.0,	54.568,			2.479,			0.17,			0.05
76,	1,	447.0,	55.06,			1.337,			0.192,			0.054
77,	2,	159.0,	55.172,			14.524,			1.409,			0.122
78,	2,	119.0,	55.378,			11.649,			1.064,			0.191
79,	2,	90.0,	55.597,			12.801,			1.264,			0.179
80,	1,	30.0,	56.509,			2.461,			0.19,			0.058
81,	1,	126.0,	56.568,			2.799,			0.177,			0.059
82,	1,	7.0,	59.36,			2.018,			0.288,			0.059
83,	2,	80.0,	60.157,			11.706,			1.328,			0.132
84,	2,	101.0,	60.203,			12.33,			1.096,			0.155
85,	2,	106.0,	60.604,			13.941,			1.393,			0.119
86,	1,	146.0,	61.44,			2.727,			0.259,			0.053
87,	1,	7.0,	62.026,			1.366,			0.131,			0.059
88,	2,	116.0,	62.294,			10.957,			1.456,			0.198
89,	1,	90.0,	63.206,			1.864,			0.254,			0.051
90,	2,	50.0,	63.243,			13.217,			1.038,			0.189
91,	1,	120.0,	63.263,			2.131,			0.287,			0.051
92,	1,	7.0,	64.223,			2.684,			0.269,			0.056
93,	1,	157.0,	66.219,			2.8,			0.268,			0.06
94,	1,	214.0,	66.31,			2.314,			0.283,			0.056
95,	1,	90.0,	66.478,			1.425,			0.161,			0.051
96,	2,	185.0,	67.051,			10.977,			1.351,			0.164
97,	1,	103.0,	67.766,			1.952,			0.189,			0.053
98,	1,	7.0,	67.936,			1.097,			0.17,			0.053
99,	1,	44.0,	67.962,			1.698,			0.182,			0.055
100,	1,	28.0,	68.617,			2.132,			0.142,			0.051
101,	1,	169.0,	68.813,			2.706,			0.191,			0.051
102,	1,	512.0,	69.18,			1.004,			0.281,			0.056
103,	2,	135.0,	69.462,			11.247,			1.255,			0.103
104,	1,	559.0,	69.543,			1.919,			0.183,			0.059
105,	1,	44.0,	69.606,			1.821,			0.288,			0.054
106,	2,	90.0,	70.285,			10.886,			1.492,			0.19
107,	1,	379.0,	70.702,			1.018,			0.15,			0.058
108,	1,	498.0,	71.703,			1.435,			0.231,			0.058
109,	1,	498.0,	72.942,			2.69,			0.267,			0.051
110,	1,	59.0,	73.101,			2.034,			0.186,			0.056
111,	2,	134.0,	73.331,			11.488,			1.356,			0.145
112,	1,	44.0,	73.43,			1.915,			0.144,			0.058
113,	1,	512.0,	73.784,			2.454,			0.142,			0.055
114,	1,	387.0,	75.823,			2.627,			0.149,			0.05
115,	2,	191.0,	75.862,			14.283,			1.131,			0.17
116,	1,	30.0,	76.081,			1.106,			0.114,			0.06
117,	1,	447.0,	76.089,			1.625,			0.293,			0.059
118,	1,	90.0,	76.826,			2.896,			0.294,			0.059
119,	1,	44.0,	76.834,			1.624,			0.28,			0.057
120,	1,	95.0,	76.838,			1.464,			0.174,			0.06
121,	1,	90.0,	76.841,			1.557,			0.222,			0.053
122,	1,	30.0,	77.238,			2.675,			0.28,			0.054
123,	2,	214.0,	77.339,			11.411,			1.268,			0.136
124,	1,	6.0,	77.658,			2.562,			0.231,			0.058
125,	2,	140.0,	78.146,			14.658,			1.121,			0.151
126,	1,	10.0,	78.158,			2.896,			0.202,			0.051
127,	1,	146.0,	78.351,			2.795,			0.145,			0.053
128,	1,	16.0,	78.794,			2.565,			0.298,			0.054
129,	1,	157.0,	79.105,			1.875,			0.228,			0.05
130,	1,	157.0,	79.45,			1.755,			0.189,			0.054
131,	1,	10.0,	79.566,			1.302,			0.228,			0.054
132,	1,	44.0,	80.251,			2.52,			0.228,			0.058
133,	1,	95.0,	80.614,			1.366,			0.22,			0.053
134,	2,	170.0,	81.278,			12.608,			1.471,			0.113
135,	1,	120.0,	81.314,			1.45,			0.142,			0.056
136,	1,	157.0,	81.62,			2.487,			0.276,			0.051
137,	1,	16.0,	81.679,			2.9,			0.108,			0.054
138,	2,	187.0,	81.679,			14.149,			1.413,			0.13
139,	1,	157.0,	82.109,			2.122,			0.194,			0.054
140,	2,	237.0,	82.259,			10.298,			1.461,			0.138
141,	1,	30.0,	82.579,			1.523,			0.244,			0.051
142,	1,	7.0,	82.796,			2.625,			0.221,			0.055
143,	1,	447.0,	83.384,			2.807,			0.103,			0.055
144,	1,	6.0,	84.192,			1.659,			0.166,			0.057
145,	2,	157.0,	84.288,			11.002,			1.135,			0.192
146,	1,	28.0,	84.659,			1.362,			0.212,			0.051
147,	1,	90.0,	84.712,			2.635,			0.159,			0.059
148,	1,	95.0,	85.833,			2.381,			0.2,			0.052
149,	1,	7.0,	85.958,			2.11,			0.285,			0.055
150,	2,	114.0,	86.09,			10.978,			1.13,			0.128
151,	2,	210.0,	86.254,			11.793,			1.305,			0.186
152,	1,	13.0,	86.448,			2.832,			0.268,			0.055
153,	1,	7.0,	86.677,			1.62,			0.176,			0.051
154,	2,	152.0,	86.739,			11.247,			1.492,			0.11
155,	1,	146.0,	86.854,			2.446,			0.211,			0.054
156,	1,	512.0,	87.029,			1.97,			0.247,			0.052
157,	1,	6.0,	87.058,			2.759,			0.121,			0.053
158,	1,	7.0,	87.155,			1.653,			0.298,			0.055
159,	1,	498.0,	87.178,			1.543,			0.239,			0.058
160,	1,	49.0,	87.299,			2.675,			0.216,			0.058
161,	1,	7.0,	87.488,			1.642,			0.28,			0.054
162,	1,	44.0,	87.831,			2.879,			0.276,			0.058
163,	1,	214.0,	88.844,			2.102,			0.105,			0.055
164,	2,	218.0,	88.947,			12.581,			1.143,			0.142
165,	1,	103.0,	88.998,			1.482,			0.225,			0.054
166,	2,	176.0,	89.011,			14.809,			1.158,			0.194
167,	2,	212.0,	89.104,			12.503,			1.392,			0.149
168,	1,	30.0,	89.43,			2.865,			0.233,			0.055
169,	2,	105.0,	89.518,			14.836,			1.091,			0.18
170,	1,	90.0,	89.804,			2.8,			0.281,			0.05
171,	1,	28.0,	89.97,			2.976,			0.167,			0.052
172,	1,	28.0,	90.138,			1.188,			0.249,			0.055
173,	1,	7.0,	90.206,			2.013,			0.228,			0.054
174,	1,	169.0,	90.249,			1.313,			0.138,			0.053
175,	2,	258.0,	90.509,			14.809,			1.296,			0.107
176,	1,	49.0,	91.246,			2.765,			0.217,			0.051
177,	2,	168.0,	91.467,			12.438,			1.194,			0.13
178,	1,	379.0,	91.491,			2.832,			0.251,			0.055
179,	1,	379.0,	91.509,			1.609,			0.198,			0.057
180,	1,	120.0,	91.681,			1.633,			0.281,			0.053
181,	1,	157.0,	91.743,			1.211,			0.223,			0.057
182,	1,	90.0,	91.925,			2.034,			0.26,			0.051
183,	1,	169.0,	92.211,			2.794,			0.249,			0.058
184,	1,	16.0,	92.388,			2.991,			0.269,			0.052
185,	1,	7.0,	92.857,			2.155,			0.206,			0.053
186,	2,	168.0,	92.916,			14.186,			1.304,			0.147
187,	1,	90.0,	93.13,			2.184,			0.198,			0.055
188,	1,	7.0,	93.38,			1.912,			0.216,			0.058
189,	1,	59.0,	93.989,			2.555,			0.176,			0.055
190,	2,	90.0,	94.276,			14.057,			1.212,			0.122
191,	1,	7.0,	94.36,			1.541,			0.195,			0.056
192,	1,	59.0,	94.75,			2.973,			0.12,			0.06
193,	1,	90.0,	96.038,			2.973,			0.253,			0.051
194,	1,	126.0,	96.371,			2.655,			0.107,			0.051
195,	1,	169.0,	96.533,			1.153,			0.206,			0.06
196,	1,	387.0,	96.787,			2.366,			0.259,			0.058
197,	1,	16.0,	96.828,			2.78,			0.227,			0.052
198,	1,	7.0,	96.831,			2.235,			0.191,			0.058
199,	1,	498.0,	97.095,			2.487,			0.137,			0.051
200,	1,	7.0,	97.36,			1.684,			0.198,			0.058
201,	1,	146.0,	97.376,			2.0,			0.12,			0.057
202,	1,	7.0,	97.417,			1.505,			0.157,			0.06
203,	1,	90.0,	97.894,			1.188,			0.221,			0.059
204,	1,	13.0,	98.331,			1.731,			0.254,			0.054
205,	1,	559.0,	98.343,			1.749,			0.279,			0.05
206,	1,	103.0,	98.771,			1.637,			0.238,			0.055
207,	1,	30.0,	99.0,			1.592,			0.237,			0.057
208,	1,	146.0,	99.258,			1.825,			0.259,			0.053
209,	1,	44.0,	99.799,			1.029,			0.258,			0.051
210,	1,	49.0,	99.902,			1.111,			0.206,			0.059
211,	1,	90.0,	99.932,			1.178,			0.27,			0.056
212,	1,	7.0,	99.968,			2.725,			0.29,			0.053
213,	1,	7.0,	100.036,			2.625,			0.249,			0.056
214,	1,	447.0,	100.273,			1.756,			0.24,			0.052
215,	1,	6.0,	100.366,			1.148,			0.189,			0.056
216,	2,	121.0,	100.516,			10.728,			1.417,			0.178
217,	1,	387.0,	100.838,			2.418,			0.121,			0.055
218,	1,	126.0,	100.872,			2.051,			0.295,			0.054
219,	1,	126.0,	100.881,			1.26,			0.105,			0.051
220,	2,	178.0,	100.908,			14.064,			1.305,			0.117
221,	1,	44.0,	100.932,			2.796,			0.191,			0.053
222,	1,	103.0,	101.138,			1.716,			0.158,			0.051
223,	1,	44.0,	101.839,			1.061,			0.223,			0.051
224,	1,	7.0,	102.651,			2.085,			0.128,			0.052
225,	1,	126.0,	102.837,			2.776,			0.213,			0.051
226,	1,	44.0,	102.909,			2.286,			0.155,			0.06
227,	1,	126.0,	102.932,			1.86,			0.241,			0.053
228,	1,	44.0,	102.984,			2.006,			0.187,			0.056
229,	1,	169.0,	102.99,			2.018,			0.189,			0.058
230,	1,	90.0,	103.047,			1.158,			0.133,			0.059
231,	1,	6.0,	103.048,			2.018,			0.154,			0.055
232,	2,	79.0,	103.133,			14.716,			1.07,			0.171
233,	1,	44.0,	103.239,			1.516,			0.162,			0.051
234,	2,	173.0,	103.315,			10.476,			1.06,			0.127
235,	1,	559.0,	103.419,			2.175,			0.114,			0.052
236,	2,	226.0,	103.513,			11.816,			1.253,			0.182
237,	1,	90.0,	103.775,			2.378,			0.106,			0.058
238,	1,	7.0,	104.3,			1.426,			0.221,			0.056
239,	1,	28.0,	104.324,			2.489,			0.256,			0.057
240,	1,	169.0,	104.469,			1.609,			0.212,			0.059
241,	1,	16.0,	104.492,			2.695,			0.273,			0.052
242,	1,	7.0,	104.693,			1.524,			0.284,			0.06
243,	1,	379.0,	105.136,			1.168,			0.159,			0.057
244,	1,	387.0,	105.266,			1.566,			0.209,			0.053
245,	1,	447.0,	105.383,			1.728,			0.159,			0.057
246,	1,	44.0,	105.514,			1.548,			0.295,			0.053
247,	1,	7.0,	105.576,			2.449,			0.258,			0.051
248,	1,	120.0,	105.665,			1.753,			0.225,			0.056
249,	1,	169.0,	105.917,			2.377,			0.267,			0.06
250,	1,	6.0,	105.951,			1.483,			0.173,			0.05
251,	1,	28.0,	106.391,			2.122,			0.22,			0.058
252,	1,	379.0,	106.496,			2.524,			0.187,			0.06
253,	1,	28.0,	106.59,			2.636,			0.215,			0.052
254,	1,	6.0,	106.627,			2.326,			0.136,			0.057
255,	1,	559.0,	106.783,			2.711,			0.202,			0.055
256,	1,	559.0,	106.791,			1.424,			0.221,			0.057
257,	1,	16.0,	107.159,			1.364,			0.2,			0.058
258,	1,	559.0,	107.456,			1.188,			0.121,			0.056
259,	1,	7.0,	107.517,			1.732,			0.256,			0.059
260,	1,	559.0,	107.839,			1.841,			0.149,			0.056
261,	2,	215.0,	107.993,			13.288,			1.49,			0.146
262,	1,	379.0,	108.546,			2.651,			0.13,			0.059
263,	1,	95.0,	108.576,			1.305,			0.297,			0.052
264,	2,	153.0,	108.605,			13.034,			1.261,			0.2
265,	1,	559.0,	108.761,			2.571,			0.258,			0.051
266,	1,	10.0,	108.862,			1.667,			0.206,			0.053
267,	1,	13.0,	108.913,			2.037,			0.205,			0.056
268,	2,	124.0,	109.089,			13.05,			1.459,			0.116
269,	1,	95.0,	109.115,			1.731,			0.15,			0.058
270,	1,	13.0,	109.287,			2.955,			0.137,			0.057
271,	1,	7.0,	110.05,			1.76,			0.222,			0.06
272,	1,	126.0,	110.126,			1.482,			0.111,			0.057
273,	1,	7.0,	110.205,			1.737,			0.22,			0.055
274,	1,	379.0,	110.622,			2.936,			0.281,			0.053
275,	1,	512.0,	110.835,			1.752,			0.177,			0.055
276,	1,	387.0,	111.141,			1.609,			0.208,			0.059
277,	1,	6.0,	111.499,			2.286,			0.189,			0.058
278,	1,	7.0,	111.531,			1.827,			0.141,			0.056
279,	1,	13.0,	111.553,			2.316,			0.217,			0.054
280,	2,	103.0,	111.573,			10.672,			1.398,			0.17
281,	1,	103.0,	111.589,			1.542,			0.215,			0.051
282,	1,	28.0,	111.689,			2.896,			0.152,			0.055
283,	1,	7.0,	111.864,			1.211,			0.152,			0.053
284,	1,	7.0,	111.926,			1.455,			0.295,			0.054
285,	1,	7.0,	112.008,			1.998,			0.295,			0.053
286,	1,	379.0,	112.412,			1.478,			0.263,			0.054
287,	1,	214.0,	112.459,			1.981,			0.17,			0.057
288,	1,	59.0,	112.677,			2.244,			0.16,			0.053
289,	1,	512.0,	112.785,			2.138,			0.275,			0.06
290,	1,	49.0,	112.911,			1.513,			0.195,			0.051
291,	1,	559.0,	113.048,			2.427,			0.268,			0.056
292,	1,	59.0,	113.192,			1.086,			0.208,			0.057
293,	1,	7.0,	113.578,			1.981,			0.154,			0.06
294,	1,	16.0,	114.332,			1.915,			0.298,			0.053
295,	1,	498.0,	114.617,			2.0,			0.194,			0.057
296,	1,	126.0,	114.69,			2.91,			0.161,			0.06
297,	1,	512.0,	114.808,			1.757,			0.223,			0.053
298,	1,	387.0,	114.86,			2.2,			0.21,			0.059
299,	2,	126.0,	114.87,			10.374,			1.114,			0.149
300,	1,	13.0,	115.004,			1.651,			0.179,			0.057
301,	1,	498.0,	115.144,			2.293,			0.121,			0.05
302,	1,	447.0,	115.214,			2.385,			0.12,			0.059
303,	2,	222.0,	115.445,			13.639,			1.275,			0.108
304,	2,	242.0,	115.562,			12.463,			1.283,			0.168
305,	1,	30.0,	116.04,			1.761,			0.225,			0.057
306,	1,	90.0,	116.239,			2.219,			0.299,			0.054
307,	1,	120.0,	116.824,			2.398,			0.199,			0.055
308,	1,	214.0,	116.87,			2.984,			0.198,			0.054
309,	1,	7.0,	117.041,			1.13,			0.282,			0.058
310,	1,	169.0,	117.077,			1.358,			0.293,			0.057
311,	1,	7.0,	117.084,			2.885,			0.261,			0.059
312,	1,	7.0,	117.146,			1.525,			0.166,			0.052
313,	1,	28.0,	117.39,			2.701,			0.275,			0.057
314,	1,	559.0,	117.444,			2.269,			0.136,			0.059
315,	1,	126.0,	118.115,			1.67,			0.27,			0.051
316,	1,	28.0,	118.12,			1.736,			0.257,			0.055
317,	1,	7.0,	118.144,			1.719,			0.146,			0.053
318,	2,	234.0,	118.146,			14.906,			1.46,			0.18
319,	1,	30.0,	118.279,			2.565,			0.109,			0.054
320,	1,	6.0,	118.286,			1.982,			0.142,			0.058
321,	2,	175.0,	118.394,			11.583,			1.279,			0.114
322,	1,	7.0,	118.693,			2.232,			0.176,			0.055
323,	1,	512.0,	118.735,			2.037,			0.199,			0.057
324,	1,	379.0,	118.851,			2.35,			0.165,			0.055
325,	2,	118.0,	119.045,			10.77,			1.231,			0.14
326,	1,	6.0,	119.12,			1.706,			0.101,			0.058
327,	1,	7.0,	119.17,			1.27,			0.245,			0.052
328,	1,	10.0,	119.226,			1.283,			0.117,			0.05
329,	2,	148.0,	119.306,			10.118,			1.356,			0.182
330,	2,	103.0,	119.628,			10.484,			1.086,			0.118
331,	1,	49.0,	119.783,			1.481,			0.165,			0.054
332,	1,	169.0,	120.171,			2.057,			0.237,			0.051
333,	1,	16.0,	120.409,			2.288,			0.198,			0.05
334,	1,	59.0,	120.619,			1.103,			0.174,			0.058
335,	1,	103.0,	120.987,			1.408,			0.124,			0.055
336,	2,	115.0,	121.041,			11.915,			1.246,			0.177
337,	1,	7.0,	121.11,			2.018,			0.104,			0.06
338,	1,	6.0,	121.64,			1.581,			0.189,			0.06
339,	1,	146.0,	121.809,			2.991,			0.203,			0.055
340,	1,	7.0,	121.92,			1.211,			0.215,			0.06
341,	1,	59.0,	122.078,			2.643,			0.125,			0.054
342,	1,	90.0,	122.133,			1.589,			0.241,			0.052
343,	1,	30.0,	122.229,			2.104,			0.209,			0.06
344,	1,	30.0,	122.374,			1.432,			0.21,			0.051
345,	1,	214.0,	122.583,			1.303,			0.124,			0.054
346,	1,	7.0,	122.706,			2.407,			0.262,			0.055
347,	1,	10.0,	122.713,			1.81,			0.272,			0.059
348,	1,	120.0,	122.956,			1.144,			0.265,			0.052
349,	1,	7.0,	123.011,			2.606,			0.156,			0.051
350,	1,	90.0,	123.056,			2.802,			0.256,			0.053
351,	2,	89.0,	123.118,			14.149,			1.463,			0.171
352,	1,	95.0,	123.175,			1.769,			0.205,			0.057
353,	1,	10.0,	123.191,			1.262,			0.277,			0.057
354,	1,	28.0,	123.342,			2.544,			0.19,			0.051
355,	1,	90.0,	123.623,			1.755,			0.131,			0.053
356,	1,	169.0,	123.841,			2.265,			0.237,			0.052
357,	1,	6.0,	124.226,			2.18,			0.195,			0.056
358,	2,	152.0,	124.293,			14.139,			1.12,			0.119
359,	1,	28.0,	124.3,			2.751,			0.221,			0.053
360,	1,	44.0,	124.495,			1.402,			0.129,			0.056
361,	1,	10.0,	124.62,			1.158,			0.197,			0.055
362,	1,	559.0,	124.774,			2.465,			0.167,			0.051
363,	1,	13.0,	124.795,			1.908,			0.158,			0.052
364,	1,	157.0,	124.819,			2.296,			0.194,			0.054
365,	1,	387.0,	124.852,			1.031,			0.279,			0.057
366,	1,	103.0,	124.972,			1.737,			0.259,			0.057
367,	1,	214.0,	125.164,			1.75,			0.198,			0.052
368,	1,	28.0,	125.385,			2.559,			0.211,			0.055
369,	1,	126.0,	125.534,			1.61,			0.161,			0.054
370,	1,	120.0,	125.622,			1.612,			0.249,			0.059
371,	1,	44.0,	125.638,			1.848,			0.256,			0.058
372,	1,	387.0,	125.722,			2.711,			0.162,			0.051
373,	1,	7.0,	125.849,			1.024,			0.164,			0.056
374,	1,	498.0,	126.035,			2.669,			0.14,			0.052
375,	1,	95.0,	126.1,			1.667,			0.197,			0.058
376,	1,	7.0,	126.128,			2.1,			0.177,			0.054
377,	1,	59.0,	126.214,			1.164,			0.187,			0.053
378,	2,	185.0,	126.305,			13.154,			1.253,			0.15
379,	1,	95.0,	126.867,			1.164,			0.195,			0.051
380,	1,	7.0,	126.915,			1.783,			0.134,			0.052
381,	1,	6.0,	127.125,			1.283,			0.251,			0.056
382,	1,	59.0,	127.488,			1.083,			0.158,			0.05
383,	1,	126.0,	128.176,			1.748,			0.193,			0.056
384,	1,	498.0,	128.517,			2.846,			0.283,			0.057
385,	1,	49.0,	128.549,			1.35,			0.26,			0.06
386,	1,	44.0,	128.881,			2.449,			0.142,			0.059
387,	1,	6.0,	129.071,			1.495,			0.276,			0.055
388,	2,	55.0,	129.191,			13.778,			1.02,			0.162
389,	1,	28.0,	129.548,			1.115,			0.106,			0.059
390,	2,	90.0,	129.636,			13.262,			1.376,			0.11
391,	1,	120.0,	129.963,			2.606,			0.178,			0.052
392,	1,	90.0,	130.346,			2.714,			0.19,			0.055
393,	1,	95.0,	130.396,			1.631,			0.218,			0.059
394,	1,	49.0,	130.45,			2.131,			0.287,			0.058
395,	1,	13.0,	130.502,			1.875,			0.16,			0.059
396,	1,	157.0,	131.117,			2.393,			0.249,			0.058
397,	2,	207.0,	131.287,			12.893,			1.369,			0.131
398,	1,	13.0,	131.443,			2.317,			0.262,			0.055
399,	1,	512.0,	131.495,			1.22,			0.204,			0.055
400,	1,	44.0,	131.655,			2.852,			0.289,			0.058
401,	1,	447.0,	131.721,			1.651,			0.286,			0.059
402,	1,	30.0,	131.761,			2.681,			0.169,			0.052
403,	1,	146.0,	131.786,			1.119,			0.228,			0.052
404,	1,	447.0,	132.386,			1.485,			0.159,			0.055
405,	1,	103.0,	132.428,			1.213,			0.131,			0.058
406,	1,	7.0,	132.619,			2.874,			0.195,			0.055
407,	1,	120.0,	132.64,			2.497,			0.107,			0.05
408,	1,	169.0,	132.831,			2.497,			0.215,			0.057
409,	1,	16.0,	132.855,			2.765,			0.251,			0.057
410,	1,	498.0,	132.935,			2.56,			0.165,			0.055
411,	1,	30.0,	133.325,			1.484,			0.153,			0.058
412,	1,	95.0,	133.65,			2.157,			0.23,			0.053
413,	1,	16.0,	133.754,			1.343,			0.214,			0.055
414,	2,	153.0,	133.798,			12.546,			1.498,			0.164
415,	1,	126.0,	134.196,			2.556,			0.133,			0.051
416,	1,	7.0,	134.257,			2.004,			0.24,			0.057
417,	1,	59.0,	134.524,			1.204,			0.244,			0.054
418,	1,	44.0,	134.815,			1.582,			0.133,			0.056
419,	1,	59.0,	134.831,			1.522,			0.252,			0.058
420,	1,	7.0,	134.953,			2.436,			0.217,			0.06
421,	1,	7.0,	135.151,			1.364,			0.234,			0.054
422,	1,	214.0,	135.196,			1.907,			0.189,			0.054
423,	1,	6.0,	135.286,			1.679,			0.242,			0.06
424,	1,	90.0,	135.423,			1.639,			0.108,			0.057
425,	1,	6.0,	135.457,			2.364,			0.111,			0.058
426,	1,	498.0,	135.607,			1.148,			0.155,			0.051
427,	1,	49.0,	135.822,			2.404,			0.28,			0.056
428,	1,	559.0,	135.842,			1.086,			0.162,			0.059
429,	1,	90.0,	136.447,			1.791,			0.197,			0.052
430,	1,	28.0,	136.533,			1.657,			0.272,			0.054
431,	1,	146.0,	136.586,			2.415,			0.205,			0.057
432,	1,	95.0,	136.749,			2.705,			0.256,			0.057
433,	1,	103.0,	136.78,			1.733,			0.161,			0.057
434,	2,	97.0,	136.783,			11.707,			1.147,			0.131
435,	2,	209.0,	136.923,			12.368,			1.159,			0.169
436,	1,	7.0,	137.238,			1.801,			0.287,			0.058
437,	1,	120.0,	137.335,			1.841,			0.208,			0.056
438,	1,	157.0,	137.434,			1.566,			0.12,			0.058
439,	1,	214.0,	137.499,			1.504,			0.293,			0.053
440,	1,	6.0,	137.715,			2.984,			0.221,			0.057
441,	1,	6.0,	137.718,			1.004,			0.216,			0.054
442,	1,	49.0,	137.77,			2.907,			0.299,			0.057
443,	1,	59.0,	137.963,			1.595,			0.298,			0.052
444,	1,	90.0,	138.054,			1.414,			0.213,			0.057
445,	1,	169.0,	138.121,			2.01,			0.28,			0.059
446,	1,	44.0,	138.163,			2.525,			0.161,			0.057
447,	2,	36.0,	138.312,			14.646,			1.369,			0.105
448,	2,	139.0,	138.329,			13.345,			1.479,			0.139
449,	1,	146.0,	138.548,			1.597,			0.197,			0.056
450,	1,	6.0,	138.781,			1.913,			0.197,			0.057
451,	1,	126.0,	139.063,			1.044,			0.242,			0.06
452,	1,	559.0,	139.105,			1.9,			0.162,			0.053
453,	1,	169.0,	139.489,			2.148,			0.125,			0.053
454,	2,	66.0,	140.281,			10.399,			1.458,			0.178
455,	1,	559.0,	140.327,			1.694,			0.111,			0.053
456,	1,	95.0,	140.352,			2.08,			0.12,			0.053
457,	1,	44.0,	140.541,			2.027,			0.141,			0.051
458,	1,	7.0,	140.752,			1.05,			0.297,			0.059
459,	1,	7.0,	140.784,			2.879,			0.24,			0.057
460,	1,	379.0,	141.03,			1.61,			0.177,			0.052
461,	1,	7.0,	141.211,			1.305,			0.174,			0.059
462,	2,	177.0,	141.378,			13.535,			1.1,			0.139
463,	1,	512.0,	141.451,			1.103,			0.108,			0.051
464,	1,	10.0,	141.46,			2.893,			0.169,			0.051
465,	2,	93.0,	141.654,			13.181,			1.321,			0.11
466,	1,	6.0,	141.94,			1.366,			0.161,			0.056
467,	2,	227.0,	142.014,			14.43,			1.285,			0.118
468,	1,	59.0,	142.223,			1.707,			0.236,			0.055
469,	1,	120.0,	142.278,			2.638,			0.139,			0.056
470,	1,	214.0,	142.299,			2.22,			0.192,			0.056
471,	1,	10.0,	142.62,			1.028,			0.158,			0.054
472,	1,	28.0,	142.731,			2.438,			0.266,			0.053
473,	2,	133.0,	142.759,			11.611,			1.425,			0.177
474,	1,	146.0,	142.927,			1.496,			0.214,			0.053
475,	1,	95.0,	142.929,			1.841,			0.186,			0.06
476,	1,	157.0,	143.234,			1.717,			0.135,			0.06
477,	1,	49.0,	143.355,			2.293,			0.223,			0.059
478,	1,	28.0,	143.473,			2.625,			0.171,			0.06
479,	1,	6.0,	143.495,			2.932,			0.137,			0.057
480,	1,	214.0,	143.597,			2.047,			0.194,			0.052
481,	1,	13.0,	143.853,			1.56,			0.129,			0.056
482,	2,	76.0,	143.977,			10.255,			1.096,			0.13
483,	1,	559.0,	144.227,			1.811,			0.111,			0.053
484,	1,	7.0,	144.263,			1.631,			0.273,			0.055
485,	1,	44.0,	144.31,			2.827,			0.251,			0.057
486,	1,	44.0,	144.314,			1.05,			0.189,			0.055
487,	1,	7.0,	144.405,			2.467,			0.182,			0.059
488,	1,	16.0,	144.489,			1.448,			0.151,			0.056
489,	1,	95.0,	144.566,			1.732,			0.263,			0.059
490,	1,	214.0,	144.666,			2.576,			0.267,			0.051
491,	2,	130.0,	144.687,			10.365,			1.138,			0.197
492,	1,	120.0,	144.693,			2.249,			0.14,			0.053
493,	1,	90.0,	144.808,			2.479,			0.208,			0.053
494,	1,	28.0,	144.925,			1.998,			0.169,			0.053
495,	1,	7.0,	145.031,			2.789,			0.107,			0.057
496,	1,	6.0,	145.346,			2.22,			0.242,			0.056
497,	1,	6.0,	145.833,			1.486,			0.295,			0.05
498,	1,	7.0,	145.853,			1.483,			0.177,			0.053
499,	1,	44.0,	146.004,			2.947,			0.195,			0.055
500,	1,	7.0,	146.105,			2.486,			0.146,			0.06
501,	1,	30.0,	146.126,			2.802,			0.106,			0.052
502,	1,	157.0,	146.214,			2.225,			0.227,			0.056
503,	1,	120.0,	146.388,			2.598,			0.222,			0.052
504,	1,	157.0,	146.501,			2.844,			0.268,			0.056
505,	1,	7.0,	146.591,			1.886,			0.133,			0.057
506,	2,	184.0,	146.766,			10.669,			1.5,			0.157
507,	1,	120.0,	147.877,			2.176,			0.166,			0.05
508,	1,	7.0,	148.299,			1.499,			0.27,			0.052
509,	1,	30.0,	148.358,			2.364,			0.208,			0.055
510,	1,	28.0,	148.509,			1.928,			0.2,			0.05
511,	1,	387.0,	148.639,			1.578,			0.226,			0.052
512,	1,	30.0,	148.698,			1.702,			0.241,			0.052
513,	1,	387.0,	148.719,			1.719,			0.141,			0.056
514,	2,	126.0,	148.803,			11.506,			1.196,			0.112
515,	2,	110.0,	149.01,			14.682,			1.346,			0.111
516,	1,	44.0,	149.068,			1.821,			0.222,			0.057
517,	1,	16.0,	149.104,			1.956,			0.22,			0.055
518,	1,	13.0,	149.384,			1.753,			0.141,			0.056
519,	1,	6.0,	149.448,			2.448,			0.124,			0.06
520,	1,	498.0,	149.753,			1.302,			0.183,			0.05
521,	1,	90.0,	149.772,			1.694,			0.233,			0.054
522,	2,	151.0,	149.783,			10.38,			1.268,			0.188
523,	1,	10.0,	149.994,			2.598,			0.281,			0.05
524,	1,	90.0,	150.085,			1.407,			0.222,			0.06
525,	1,	16.0,	150.103,			1.421,			0.158,			0.059
526,	2,	177.0,	150.173,			12.179,			1.431,			0.132
527,	1,	126.0,	150.239,			2.181,			0.225,			0.059
528,	2,	88.0,	150.283,			12.296,			1.238,			0.177
529,	1,	126.0,	150.608,			2.366,			0.116,			0.057
530,	1,	44.0,	150.905,			2.862,			0.121,			0.058
531,	1,	512.0,	150.909,			2.238,			0.116,			0.057
532,	1,	6.0,	151.103,			2.76,			0.222,			0.051
533,	1,	90.0,	151.264,			2.628,			0.129,			0.052
534,	2,	45.0,	151.33,			11.649,			1.299,			0.133
535,	2,	92.0,	151.359,			10.627,			1.067,			0.137
536,	2,	78.0,	151.527,			10.792,			1.251,			0.148
537,	1,	103.0,	151.646,			1.791,			0.254,			0.052
538,	1,	447.0,	151.659,			2.155,			0.131,			0.051
539,	1,	169.0,	151.814,			1.941,			0.232,			0.05
540,	1,	30.0,	152.058,			2.407,			0.21,			0.055
541,	1,	16.0,	152.383,			2.08,			0.182,			0.051
542,	1,	7.0,	153.099,			2.787,			0.241,			0.054
543,	1,	10.0,	153.278,			2.252,			0.117,			0.057
544,	1,	169.0,	153.527,			1.657,			0.213,			0.054
545,	1,	103.0,	153.601,			2.759,			0.212,			0.06
546,	1,	512.0,	153.619,			1.421,			0.14,			0.051
547,	1,	7.0,	153.753,			2.581,			0.223,			0.057
548,	1,	13.0,	154.021,			2.8,			0.263,			0.057
549,	1,	498.0,	154.116,			2.498,			0.184,			0.056
550,	1,	146.0,	154.122,			2.377,			0.185,			0.057
551,	1,	6.0,	154.308,			2.305,			0.121,			0.053
552,	1,	10.0,	154.526,			1.114,			0.206,			0.054
553,	1,	28.0,	154.749,			2.235,			0.169,			0.056
554,	1,	6.0,	154.77,			2.025,			0.279,			0.051
555,	1,	214.0,	154.808,			1.096,			0.133,			0.052
556,	1,	447.0,	154.839,			2.588,			0.124,			0.058
557,	1,	214.0,	155.034,			1.249,			0.212,			0.056
558,	1,	146.0,	155.196,			2.8,			0.124,			0.052
559,	1,	512.0,	155.223,			2.063,			0.159,			0.054
560,	1,	146.0,	155.701,			2.678,			0.195,			0.051
561,	1,	447.0,	155.706,			2.58,			0.217,			0.06
562,	1,	6.0,	155.862,			1.864,			0.174,			0.059
563,	1,	7.0,	155.987,			2.489,			0.126,			0.058
564,	1,	16.0,	156.09,			1.592,			0.187,			0.053
565,	1,	7.0,	156.242,			1.051,			0.175,			0.056
566,	2,	127.0,	156.749,			12.627,			1.253,			0.131
567,	1,	120.0,	156.873,			2.541,			0.151,			0.059
568,	1,	44.0,	156.954,			2.568,			0.214,			0.057
569,	1,	90.0,	156.958,			1.588,			0.101,			0.058
570,	1,	6.0,	156.992,			1.285,			0.226,			0.057
571,	2,	139.0,	156.994,			13.801,			1.313,			0.108
572,	1,	44.0,	157.067,			2.438,			0.244,			0.052
573,	1,	379.0,	157.104,			1.061,			0.27,			0.059
574,	1,	126.0,	157.131,			2.377,			0.294,			0.056
575,	2,	189.0,	157.154,			11.34,			1.47,			0.168
576,	1,	498.0,	157.405,			1.919,			0.192,			0.057
577,	1,	49.0,	157.591,			1.756,			0.161,			0.053
578,	1,	387.0,	157.762,			2.031,			0.104,			0.051
579,	1,	559.0,	157.881,			2.169,			0.27,			0.052
580,	1,	6.0,	158.004,			1.357,			0.259,			0.051
581,	1,	7.0,	158.021,			2.757,			0.257,			0.059
582,	1,	559.0,	158.238,			1.091,			0.177,			0.056
583,	1,	7.0,	158.562,			1.291,			0.279,			0.06
584,	1,	6.0,	158.575,			1.605,			0.23,			0.055
585,	1,	10.0,	158.736,			1.325,			0.241,			0.058
586,	1,	7.0,	158.803,			2.601,			0.284,			0.057
587,	1,	498.0,	158.824,			1.325,			0.216,			0.058
588,	1,	16.0,	159.026,			1.424,			0.22,			0.055
589,	1,	6.0,	159.141,			2.424,			0.295,			0.057
590,	1,	498.0,	159.455,			1.178,			0.14,			0.058
591,	1,	59.0,	159.622,			2.151,			0.19,			0.059
592,	1,	559.0,	159.859,			1.732,			0.233,			0.057
593,	1,	6.0,	159.884,			1.115,			0.222,			0.06
594,	1,	169.0,	160.13,			2.819,			0.235,			0.055
595,	1,	7.0,	160.261,			2.415,			0.252,			0.057
596,	1,	559.0,	160.331,			1.423,			0.176,			0.053
597,	1,	49.0,	160.707,			1.698,			0.267,			0.057
598,	1,	90.0,	160.737,			2.2,			0.223,			0.055
599,	1,	30.0,	160.88,			1.05,			0.195,			0.058
600,	1,	146.0,	160.949,			1.473,			0.168,			0.06
601,	1,	447.0,	160.967,			1.472,			0.125,			0.055
602,	2,	76.0,	160.986,			10.011,			1.268,			0.144
603,	1,	7.0,	161.044,			2.765,			0.29,			0.056
604,	1,	95.0,	161.309,			1.107,			0.222,			0.06
605,	1,	10.0,	161.355,			1.814,			0.255,			0.051
606,	1,	379.0,	161.381,			1.61,			0.284,			0.054
607,	1,	7.0,	161.409,			2.298,			0.217,			0.055
608,	1,	7.0,	161.454,			1.279,			0.238,			0.052
609,	1,	59.0,	162.197,			2.342,			0.116,			0.051
610,	1,	447.0,	162.269,			1.908,			0.194,			0.054
611,	2,	220.0,	162.631,			12.26,			1.467,			0.182
612,	1,	6.0,	162.758,			1.307,			0.258,			0.057
613,	1,	90.0,	162.828,			1.394,			0.203,			0.057
614,	2,	78.0,	162.894,			11.043,			1.397,			0.124
615,	1,	6.0,	162.997,			1.174,			0.279,			0.053
616,	1,	59.0,	163.066,			2.273,			0.13,			0.054
617,	1,	146.0,	163.141,			1.988,			0.147,			0.057
618,	1,	447.0,	163.187,			1.715,			0.154,			0.057
619,	1,	28.0,	163.593,			2.757,			0.131,			0.057
620,	1,	7.0,	163.721,			2.838,			0.106,			0.055
621,	2,	178.0,	163.903,			11.017,			1.07,			0.114
622,	1,	7.0,	164.045,			2.985,			0.217,			0.055
623,	1,	169.0,	164.182,			1.801,			0.258,			0.05
624,	1,	379.0,	164.351,			1.848,			0.194,			0.051
625,	1,	30.0,	164.351,			2.813,			0.177,			0.054
626,	1,	512.0,	164.723,			2.016,			0.203,			0.054
627,	1,	7.0,	164.862,			2.169,			0.225,			0.055
628,	1,	498.0,	165.037,			2.116,			0.247,			0.058
629,	1,	44.0,	165.151,			2.794,			0.281,			0.053
630,	1,	157.0,	165.159,			1.078,			0.177,			0.052
631,	1,	6.0,	165.193,			2.685,			0.176,			0.054
632,	1,	512.0,	165.478,			2.148,			0.186,			0.051
633,	1,	169.0,	165.672,			1.431,			0.246,			0.054
634,	1,	7.0,	165.687,			1.97,			0.124,			0.053
635,	1,	7.0,	165.819,			2.429,			0.288,			0.057
636,	1,	447.0,	165.97,			2.647,			0.224,			0.051
637,	1,	6.0,	166.018,			2.614,			0.162,			0.052
638,	1,	120.0,	166.04,			2.581,			0.172,			0.051
639,	1,	6.0,	166.06,			2.645,			0.142,			0.059
640,	1,	214.0,	166.198,			1.589,			0.177,			0.053
641,	1,	10.0,	166.644,			1.633,			0.216,			0.055
642,	1,	214.0,	166.964,			2.296,			0.11,			0.057
643,	1,	16.0,	167.075,			1.03,			0.136,			0.05
644,	1,	7.0,	167.252,			2.843,			0.107,			0.05
645,	1,	13.0,	167.404,			2.038,			0.281,			0.06
646,	1,	6.0,	167.416,			2.748,			0.254,			0.054
647,	1,	146.0,	167.434,			1.963,			0.223,			0.057
648,	1,	169.0,	167.953,			2.004,			0.293,			0.056
649,	1,	28.0,	168.009,			1.748,			0.281,			0.057
650,	1,	28.0,	168.691,			1.008,			0.151,			0.054
651,	1,	7.0,	168.745,			2.911,			0.288,			0.053
652,	2,	26.0,	168.966,			12.024,			1.431,			0.142
653,	2,	221.0,	169.189,			10.235,			1.124,			0.121
654,	1,	387.0,	169.29,			2.832,			0.237,			0.051
655,	1,	120.0,	169.418,			1.717,			0.173,			0.058
656,	1,	30.0,	169.599,			2.653,			0.291,			0.051
657,	1,	379.0,	169.857,			1.028,			0.217,			0.055
658,	1,	169.0,	169.875,			2.534,			0.116,			0.054
659,	1,	16.0,	170.462,			2.602,			0.124,			0.051
660,	2,	245.0,	170.52,			13.916,			1.45,			0.168
661,	1,	59.0,	170.597,			1.211,			0.164,			0.058
662,	1,	6.0,	170.643,			1.605,			0.221,			0.052
663,	1,	49.0,	170.648,			1.838,			0.239,			0.053
664,	1,	30.0,	170.816,			2.085,			0.148,			0.052
665,	1,	49.0,	170.894,			1.393,			0.205,			0.05
666,	1,	7.0,	171.011,			1.289,			0.108,			0.054
667,	1,	146.0,	171.068,			2.727,			0.249,			0.058
668,	1,	30.0,	171.243,			2.956,			0.121,			0.058
669,	1,	7.0,	171.416,			2.103,			0.143,			0.05
670,	1,	7.0,	171.427,			1.509,			0.139,			0.058
671,	1,	10.0,	171.538,			1.408,			0.223,			0.06
672,	1,	7.0,	171.609,			1.052,			0.174,			0.052
673,	1,	379.0,	171.817,			1.61,			0.219,			0.056
674,	1,	7.0,	172.116,			2.991,			0.294,			0.059
675,	1,	7.0,	172.169,			2.52,			0.296,			0.055
676,	1,	7.0,	172.376,			2.557,			0.215,			0.052
677,	1,	214.0,	172.524,			2.727,			0.194,			0.055
678,	1,	447.0,	172.632,			1.86,			0.165,			0.057
679,	1,	28.0,	172.721,			1.811,			0.288,			0.05
680,	1,	120.0,	172.821,			1.532,			0.198,			0.055
681,	1,	95.0,	172.844,			1.203,			0.189,			0.057
682,	1,	6.0,	173.209,			2.132,			0.232,			0.051
683,	1,	59.0,	173.23,			1.799,			0.138,			0.054
684,	2,	133.0,	173.267,			10.921,			1.493,			0.188
685,	1,	49.0,	173.525,			2.866,			0.22,			0.059
686,	2,	248.0,	173.537,			12.136,			1.096,			0.137
687,	1,	512.0,	173.659,			1.423,			0.203,			0.053
688,	1,	30.0,	173.994,			2.503,			0.294,			0.055
689,	1,	44.0,	174.464,			1.266,			0.187,			0.054
690,	1,	7.0,	175.028,			1.029,			0.29,			0.054
691,	1,	13.0,	175.138,			1.659,			0.22,			0.052
692,	1,	214.0,	175.152,			1.367,			0.288,			0.051
693,	1,	90.0,	175.244,			2.068,			0.147,			0.057
694,	1,	498.0,	175.302,			2.346,			0.167,			0.052
695,	2,	102.0,	175.362,			12.447,			1.133,			0.167
696,	1,	90.0,	175.769,			2.256,			0.171,			0.052
697,	1,	447.0,	175.94,			2.316,			0.2,			0.051
698,	1,	157.0,	176.037,			2.084,			0.172,			0.056
699,	1,	44.0,	176.38,			2.11,			0.136,			0.053
700,	1,	16.0,	176.535,			2.872,			0.165,			0.057
701,	1,	49.0,	176.703,			2.834,			0.252,			0.054
702,	1,	7.0,	176.71,			1.366,			0.179,			0.053
703,	1,	59.0,	176.789,			2.534,			0.186,			0.054
704,	1,	6.0,	176.798,			1.868,			0.275,			0.057
705,	1,	90.0,	176.993,			2.889,			0.227,			0.059
706,	1,	512.0,	177.281,			1.172,			0.151,			0.057
707,	1,	44.0,	177.363,			2.457,			0.188,			0.051
708,	1,	120.0,	177.642,			1.283,			0.183,			0.051
709,	1,	7.0,	177.811,			2.757,			0.294,			0.05
710,	1,	6.0,	178.166,			2.074,			0.135,			0.056
711,	1,	6.0,	178.255,			2.87,			0.196,			0.052
712,	1,	7.0,	178.581,			2.936,			0.117,			0.053
713,	1,	10.0,	178.65,			2.99,			0.223,			0.057
714,	1,	7.0,	178.77,			2.014,			0.185,			0.055
715,	2,	259.0,	178.776,			12.357,			1.304,			0.188
716,	1,	13.0,	179.119,			1.694,			0.16,			0.052
717,	1,	16.0,	179.222,			1.331,			0.139,			0.051
718,	1,	447.0,	179.419,			2.832,			0.262,			0.056
719,	1,	214.0,	179.421,			2.525,			0.176,			0.052
720,	1,	7.0,	179.488,			1.561,			0.166,			0.053
721,	1,	30.0,	179.789,			1.523,			0.256,			0.057
722,	1,	7.0,	179.88,			1.119,			0.198,			0.055
723,	2,	226.0,	180.221,			13.535,			1.326,			0.106
724,	1,	59.0,	180.251,			2.903,			0.206,			0.055
725,	1,	559.0,	180.257,			1.784,			0.167,			0.053
726,	1,	387.0,	180.735,			2.388,			0.156,			0.05
727,	1,	44.0,	180.943,			1.204,			0.299,			0.05
728,	1,	30.0,	181.057,			1.173,			0.206,			0.05
729,	1,	49.0,	181.083,			1.485,			0.216,			0.054
730,	1,	49.0,	181.122,			2.438,			0.151,			0.052
731,	1,	169.0,	181.128,			1.448,			0.226,			0.054
732,	1,	6.0,	181.348,			1.211,			0.109,			0.06
733,	1,	214.0,	181.358,			2.565,			0.216,			0.051
734,	1,	7.0,	181.391,			1.435,			0.148,			0.055
735,	2,	160.0,	181.43,			14.666,			1.306,			0.151
736,	2,	168.0,	181.537,			11.388,			1.322,			0.172
737,	1,	6.0,	181.911,			2.441,			0.131,			0.057
738,	1,	146.0,	182.117,			1.007,			0.216,			0.055
739,	1,	7.0,	182.309,			1.317,			0.125,			0.05
740,	1,	559.0,	182.412,			1.215,			0.156,			0.056
741,	1,	44.0,	182.565,			2.675,			0.218,			0.054
742,	1,	49.0,	182.62,			1.801,			0.239,			0.054
743,	1,	447.0,	182.955,			1.801,			0.209,			0.054
744,	1,	146.0,	183.041,			1.485,			0.192,			0.054
745,	1,	28.0,	183.37,			1.768,			0.284,			0.057
746,	1,	7.0,	183.445,			1.075,			0.178,			0.051
747,	1,	146.0,	183.706,			1.416,			0.113,			0.057
748,	1,	126.0,	183.77,			2.96,			0.19,			0.05
749,	1,	95.0,	183.923,			1.515,			0.268,			0.051
750,	1,	6.0,	184.406,			1.496,			0.23,			0.055
751,	1,	447.0,	184.467,			1.969,			0.165,			0.053
752,	1,	28.0,	184.568,			2.872,			0.194,			0.055
753,	1,	379.0,	184.571,			1.61,			0.222,			0.056
754,	1,	103.0,	184.627,			2.954,			0.275,			0.055
755,	1,	95.0,	185.182,			1.988,			0.278,			0.05
756,	1,	7.0,	185.275,			2.92,			0.299,			0.056
757,	1,	90.0,	185.55,			1.994,			0.275,			0.05
758,	1,	7.0,	185.825,			1.672,			0.146,			0.054
759,	1,	379.0,	185.926,			1.601,			0.185,			0.059
760,	1,	30.0,	186.124,			2.567,			0.2,			0.052
761,	1,	169.0,	186.259,			1.144,			0.183,			0.05
762,	1,	7.0,	186.755,			1.929,			0.165,			0.052
763,	1,	7.0,	186.789,			1.417,			0.266,			0.052
764,	1,	447.0,	186.809,			2.232,			0.202,			0.059
765,	1,	169.0,	187.313,			2.798,			0.188,			0.054
766,	2,	94.0,	187.818,			13.136,			1.244,			0.167
767,	1,	512.0,	187.822,			2.149,			0.221,			0.05
768,	1,	30.0,	187.855,			1.609,			0.237,			0.058
769,	2,	304.0,	187.889,			12.615,			1.1,			0.105
770,	1,	30.0,	188.026,			1.988,			0.131,			0.055
771,	1,	28.0,	188.545,			2.986,			0.158,			0.058
772,	1,	28.0,	188.727,			1.481,			0.265,			0.06
773,	1,	16.0,	188.964,			1.01,			0.173,			0.057
774,	1,	498.0,	189.053,			2.581,			0.196,			0.053
775,	1,	379.0,	189.084,			1.36,			0.244,			0.053
776,	1,	512.0,	189.213,			1.164,			0.279,			0.052
777,	1,	512.0,	189.266,			1.422,			0.102,			0.06
778,	1,	387.0,	189.403,			1.157,			0.116,			0.06
779,	2,	304.0,	189.412,			12.165,			1.316,			0.158
780,	1,	28.0,	189.497,			1.028,			0.225,			0.058
781,	1,	7.0,	189.554,			2.027,			0.257,			0.057
782,	1,	30.0,	189.705,			1.64,			0.259,			0.057
783,	1,	16.0,	190.168,			1.417,			0.291,			0.051
784,	2,	277.0,	190.31,			14.511,			1.167,			0.181
785,	1,	512.0,	190.369,			1.414,			0.252,			0.055
786,	1,	59.0,	190.646,			2.222,			0.22,			0.058
787,	1,	44.0,	190.962,			2.459,			0.229,			0.057
788,	1,	559.0,	190.98,			2.757,			0.151,			0.054
789,	1,	512.0,	191.314,			2.948,			0.109,			0.056
790,	1,	498.0,	191.344,			1.69,			0.25,			0.052
791,	1,	169.0,	191.594,			1.17,			0.147,			0.057
792,	1,	7.0,	192.466,			2.18,			0.257,			0.058
793,	2,	190.0,	192.649,			10.627,			1.1,			0.115
794,	1,	95.0,	192.87,			1.108,			0.174,			0.054
795,	1,	498.0,	193.305,			1.027,			0.233,			0.056
796,	2,	274.0,	193.657,			14.12,			1.241,			0.14
797,	2,	226.0,	193.922,			13.297,			1.086,			0.158
798,	1,	44.0,	194.013,			1.098,			0.248,			0.059
799,	1,	126.0,	194.042,			2.984,			0.13,			0.056
800,	1,	7.0,	194.147,			1.844,			0.149,			0.059
801,	1,	44.0,	194.504,			1.996,			0.222,			0.058
802,	2,	241.0,	194.913,			14.582,			1.239,			0.108
803,	1,	49.0,	195.287,			2.794,			0.101,			0.058
804,	1,	379.0,	195.593,			2.866,			0.277,			0.051
805,	1,	90.0,	195.893,			1.571,			0.103,			0.055
806,	1,	379.0,	195.925,			1.45,			0.203,			0.052
807,	1,	379.0,	196.063,			2.322,			0.205,			0.053
808,	1,	498.0,	196.118,			1.111,			0.299,			0.056
809,	1,	16.0,	196.311,			1.431,			0.21,			0.056
810,	1,	49.0,	196.321,			1.601,			0.173,			0.054
811,	1,	559.0,	196.438,			2.181,			0.233,			0.058
812,	1,	447.0,	196.476,			1.505,			0.255,			0.056
813,	1,	7.0,	196.647,			1.919,			0.205,			0.059
814,	1,	157.0,	196.809,			2.601,			0.227,			0.056
815,	1,	559.0,	196.928,			1.557,			0.22,			0.055
816,	1,	6.0,	197.02,			2.479,			0.262,			0.056
817,	1,	103.0,	197.154,			2.969,			0.154,			0.059
818,	1,	103.0,	197.272,			2.132,			0.134,			0.058
819,	1,	387.0,	197.528,			2.881,			0.281,			0.057
820,	1,	30.0,	197.784,			2.916,			0.271,			0.056
821,	1,	103.0,	198.025,			2.969,			0.287,			0.056
822,	1,	49.0,	198.164,			2.103,			0.249,			0.056
823,	1,	13.0,	198.214,			1.72,			0.288,			0.055
824,	1,	7.0,	198.352,			2.232,			0.152,			0.056
825,	2,	184.0,	198.684,			11.706,			1.242,			0.181
826,	1,	16.0,	199.1,			1.08,			0.266,			0.055
827,	1,	6.0,	199.121,			2.748,			0.202,			0.052
828,	1,	379.0,	199.138,			1.08,			0.207,			0.056
829,	1,	90.0,	199.18,			1.434,			0.161,			0.053
830,	1,	16.0,	199.347,			1.403,			0.21,			0.058
831,	1,	95.0,	199.575,			2.388,			0.27,			0.055
832,	2,	112.0,	199.726,			14.45,			1.101,			0.162
833,	1,	559.0,	199.83,			1.078,			0.147,			0.055
834,	2,	95.0,	199.948,			10.886,			1.431,			0.125
835,	1,	126.0,	199.96,			2.037,			0.282,			0.059
836,	1,	103.0,	199.973,			1.406,			0.288,			0.058
837,	1,	6.0,	200.244,			2.76,			0.228,			0.053
838,	1,	214.0,	200.581,			1.581,			0.207,			0.05
839,	1,	447.0,	200.662,			1.551,			0.157,			0.057
840,	1,	169.0,	201.008,			2.252,			0.162,			0.059
841,	1,	7.0,	201.162,			2.838,			0.299,			0.058
842,	1,	28.0,	201.356,			1.282,			0.253,			0.057
843,	2,	278.0,	201.563,			11.248,			1.335,			0.195
844,	1,	7.0,	201.728,			2.22,			0.119,			0.053
845,	1,	512.0,	202.481,			1.575,			0.137,			0.053
846,	1,	379.0,	203.282,			1.575,			0.136,			0.056
847,	1,	512.0,	203.557,			1.391,			0.204,			0.057
848,	2,	88.0,	203.643,			14.33,			1.494,			0.168
849,	1,	95.0,	203.652,			1.667,			0.275,			0.057
850,	1,	157.0,	203.831,			1.027,			0.207,			0.059
851,	1,	7.0,	204.261,			2.241,			0.242,			0.054
852,	2,	151.0,	204.284,			13.061,			1.471,			0.105
853,	1,	44.0,	204.375,			2.302,			0.208,			0.059
854,	1,	512.0,	205.232,			2.549,			0.2,			0.056
855,	1,	13.0,	205.602,			2.098,			0.168,			0.059
856,	1,	146.0,	205.818,			2.727,			0.168,			0.058
857,	2,	133.0,	207.303,			13.263,			1.065,			0.127
858,	1,	28.0,	207.683,			2.33,			0.176,			0.054
859,	2,	139.0,	207.763,			14.4,			1.029,			0.17
860,	2,	145.0,	208.404,			10.669,			1.216,			0.15
861,	1,	49.0,	208.614,			1.612,			0.118,			0.058
862,	1,	10.0,	208.793,			2.943,			0.23,			0.058
863,	1,	498.0,	208.793,			2.844,			0.298,			0.051
864,	1,	7.0,	208.825,			1.801,			0.193,			0.058
865,	1,	6.0,	209.019,			1.409,			0.23,			0.058
866,	1,	7.0,	209.085,			2.318,			0.177,			0.058
867,	1,	13.0,	209.159,			2.947,			0.177,			0.059
868,	2,	138.0,	209.262,			12.192,			1.222,			0.116
869,	1,	44.0,	209.288,			2.9,			0.281,			0.052
870,	1,	44.0,	209.89,			1.478,			0.238,			0.059
871,	1,	30.0,	210.195,			1.213,			0.215,			0.055
872,	1,	95.0,	210.213,			2.08,			0.267,			0.051
873,	1,	120.0,	210.22,			2.127,			0.108,			0.059
874,	1,	28.0,	210.872,			1.99,			0.227,			0.057
875,	1,	214.0,	211.028,			2.084,			0.162,			0.06
876,	1,	44.0,	211.082,			1.61,			0.192,			0.058
877,	1,	447.0,	211.494,			1.962,			0.221,			0.059
878,	1,	28.0,	212.137,			1.966,			0.102,			0.055
879,	1,	6.0,	213.012,			2.548,			0.17,			0.06
880,	1,	103.0,	213.117,			1.639,			0.191,			0.052
881,	1,	512.0,	213.209,			2.893,			0.275,			0.06
882,	1,	169.0,	213.438,			1.581,			0.246,			0.053
883,	1,	214.0,	214.005,			1.728,			0.288,			0.058
884,	2,	152.0,	214.272,			11.22,			1.416,			0.125
885,	2,	129.0,	214.355,			10.074,			1.242,			0.115
886,	1,	7.0,	214.551,			2.279,			0.221,			0.055
887,	1,	13.0,	214.561,			1.45,			0.135,			0.056
888,	2,	135.0,	214.636,			11.178,			1.447,			0.166
889,	1,	379.0,	215.505,			1.64,			0.161,			0.054
890,	1,	103.0,	216.072,			2.364,			0.109,			0.057
891,	1,	28.0,	216.447,			2.889,			0.233,			0.051
892,	1,	6.0,	216.828,			1.36,			0.205,			0.06
893,	2,	127.0,	217.034,			14.204,			1.226,			0.194
894,	1,	13.0,	217.133,			1.523,			0.29,			0.059
895,	1,	169.0,	217.574,			1.651,			0.164,			0.053
896,	1,	44.0,	217.95,			1.952,			0.225,			0.052
897,	1,	6.0,	218.038,			1.515,			0.257,			0.057
898,	1,	13.0,	218.103,			1.543,			0.238,			0.051
899,	1,	387.0,	219.551,			2.057,			0.191,			0.052
900,	2,	185.0,	219.591,			11.622,			1.268,			0.16
901,	2,	245.0,	220.532,			10.114,			1.112,			0.136
902,	2,	171.0,	220.952,			14.334,			1.33,			0.127
903,	1,	498.0,	221.211,			1.116,			0.287,			0.051
904,	1,	49.0,	221.336,			2.895,			0.15,			0.059
905,	1,	120.0,	221.666,			2.772,			0.275,			0.051
906,	1,	13.0,	222.175,			2.068,			0.288,			0.058
907,	2,	120.0,	223.142,			10.826,			1.308,			0.154
908,	1,	6.0,	223.762,			1.826,			0.216,			0.055
909,	1,	498.0,	223.958,			2.491,			0.214,			0.059
910,	2,	86.0,	224.531,			14.064,			1.443,			0.143
911,	1,	157.0,	224.59,			1.575,			0.15,			0.052
912,	2,	229.0,	224.934,			14.658,			1.467,			0.143
913,	1,	30.0,	225.229,			2.326,			0.294,			0.053
914,	1,	120.0,	226.313,			1.977,			0.109,			0.053
915,	1,	157.0,	227.438,			2.429,			0.101,			0.05
916,	1,	214.0,	227.51,			2.157,			0.293,			0.059
917,	2,	275.0,	228.234,			14.185,			1.376,			0.1
918,	1,	447.0,	229.014,			1.08,			0.191,			0.053
919,	1,	49.0,	229.4,			2.436,			0.239,			0.054
920,	1,	379.0,	230.895,			2.303,			0.176,			0.057
921,	1,	6.0,	231.155,			1.414,			0.237,			0.058
922,	1,	157.0,	231.325,			1.011,			0.189,			0.05
923,	1,	146.0,	232.333,			1.018,			0.253,			0.054
924,	1,	90.0,	232.66,			2.41,			0.289,			0.052
925,	1,	387.0,	233.603,			2.232,			0.25,			0.056
926,	2,	48.0,	234.178,			14.399,			1.238,			0.168
927,	1,	59.0,	234.349,			1.166,			0.297,			0.053
928,	1,	95.0,	235.304,			2.9,			0.116,			0.057
929,	1,	44.0,	235.988,			1.327,			0.123,			0.059
930,	1,	44.0,	237.25,			1.731,			0.134,			0.056
931,	2,	182.0,	237.719,			10.978,			1.353,			0.135
932,	1,	379.0,	238.067,			1.471,			0.249,			0.057
933,	1,	498.0,	238.966,			1.26,			0.296,			0.052
934,	1,	95.0,	239.073,			1.121,			0.184,			0.06
935,	1,	30.0,	239.112,			2.006,			0.217,			0.057
936,	2,	128.0,	243.771,			11.091,			1.437,			0.162
937,	1,	44.0,	244.15,			1.303,			0.149,			0.056
938,	1,	7.0,	244.998,			1.249,			0.18,			0.051
939,	2,	168.0,	245.653,			12.946,			1.138,			0.124
940,	1,	59.0,	247.711,			2.627,			0.299,			0.054
941,	1,	559.0,	248.424,			1.532,			0.207,			0.055
942,	2,	197.0,	249.66,			11.245,			1.285,			0.197
943,	1,	30.0,	249.689,			1.841,			0.225,			0.052
944,	1,	28.0,	250.059,			1.908,			0.27,			0.056
945,	1,	90.0,	250.394,			2.279,			0.277,			0.053
946,	2,	299.0,	250.494,			10.103,			1.107,			0.177
947,	2,	153.0,	251.194,			11.237,			1.431,			0.188
948,	2,	257.0,	251.926,			13.583,			1.115,			0.15
949,	1,	214.0,	252.264,			1.366,			0.211,			0.056
950,	2,	204.0,	253.462,			11.896,			1.426,			0.13
951,	1,	146.0,	254.043,			1.531,			0.168,			0.058
952,	1,	379.0,	254.07,			1.141,			0.159,			0.054
953,	1,	120.0,	254.675,			2.947,			0.176,			0.055
954,	1,	7.0,	255.009,			2.103,			0.168,			0.057
955,	2,	205.0,	256.329,			12.368,			1.232,			0.135
956,	1,	512.0,	256.57,			1.631,			0.195,			0.06
957,	1,	120.0,	258.854,			1.038,			0.195,			0.052
958,	2,	242.0,	259.053,			14.572,			1.227,			0.122
959,	2,	149.0,	259.437,			10.56,			1.187,			0.163
960,	1,	559.0,	259.55,			2.957,			0.192,			0.05
961,	2,	76.0,	260.245,			12.046,			1.491,			0.165
962,	1,	379.0,	260.26,			1.928,			0.111,			0.059
963,	2,	78.0,	260.849,			13.528,			1.354,			0.174
964,	1,	10.0,	262.393,			2.103,			0.278,			0.057
965,	2,	198.0,	263.625,			10.178,			1.227,			0.121
966,	2,	96.0,	265.545,			10.778,			1.161,			0.16
967,	1,	44.0,	266.883,			1.97,			0.2,			0.059
968,	1,	7.0,	267.208,			1.3,			0.162,			0.053
969,	1,	7.0,	267.707,			1.523,			0.235,			0.055
970,	2,	147.0,	270.019,			11.727,			1.279,			0.175
971,	2,	219.0,	270.468,			10.524,			1.033,			0.148
972,	2,	180.0,	273.382,			13.795,			1.119,			0.184
973,	1,	512.0,	273.758,			1.575,			0.122,			0.057
974,	2,	105.0,	274.464,			11.598,			1.022,			0.131
975,	2,	111.0,	274.786,			10.547,			1.369,			0.124
976,	1,	387.0,	275.146,			2.96,			0.149,			0.059
977,	2,	88.0,	275.427,			11.764,			1.029,			0.169
978,	1,	10.0,	278.051,			2.565,			0.169,			0.058
979,	2,	196.0,	278.474,			14.804,			1.347,			0.195
980,	1,	169.0,	279.073,			2.0,			0.125,			0.057
981,	1,	7.0,	279.477,			2.449,			0.137,			0.058
982,	2,	275.0,	280.553,			14.686,			1.022,			0.19
983,	2,	143.0,	281.727,			14.05,			1.498,			0.149
984,	2,	158.0,	281.935,			13.747,			1.108,			0.197
985,	1,	214.0,	282.417,			2.565,			0.131,			0.058
986,	2,	146.0,	283.181,			11.262,			1.374,			0.114
987,	2,	190.0,	284.039,			14.33,			1.484,			0.145
988,	1,	7.0,	285.498,			1.719,			0.237,			0.054
989,	2,	58.0,	285.601,			12.564,			1.425,			0.122
990,	1,	28.0,	286.676,			2.544,			0.254,			0.059
991,	2,	198.0,	287.107,			10.269,			1.241,			0.19
992,	2,	173.0,	287.128,			12.005,			1.296,			0.109
993,	2,	210.0,	290.866,			14.528,			1.483,			0.159
994,	2,	100.0,	291.451,			13.288,			1.148,			0.19
995,	2,	197.0,	291.829,			12.313,			1.441,			0.163
996,	2,	116.0,	293.488,			11.228,			1.188,			0.171
997,	2,	184.0,	296.382,			14.366,			1.146,			0.184
998,	2,	185.0,	298.895,			11.186,			1.334,			0.116
999,	1,	7.0,	300.0,			1.883,			0.119,			0.058
1000,	1,	146.0,	300.0,			1.45,			0.195,			0.053
