#, task_type_id, size, arrival_time,	execution_time_cpu,	execution_time_gpu,	execution_time_CLOUD
1,	1,	13.0,	0.0,			2.087,			0.171,			0.053
2,	1,	7.0,	0.0,			2.974,			0.298,			0.053
3,	2,	82.0,	4.858,			13.074,			1.261,			0.136
4,	2,	131.0,	5.174,			12.328,			1.426,			0.164
5,	2,	86.0,	5.66,			12.664,			1.263,			0.195
6,	2,	174.0,	7.644,			10.286,			1.031,			0.146
7,	2,	282.0,	8.623,			11.994,			1.48,			0.198
8,	2,	220.0,	10.673,			13.06,			1.096,			0.121
9,	2,	106.0,	10.908,			14.908,			1.399,			0.191
10,	1,	498.0,	12.518,			1.229,			0.172,			0.055
11,	2,	208.0,	13.716,			13.399,			1.275,			0.198
12,	2,	107.0,	15.112,			10.826,			1.357,			0.107
13,	2,	138.0,	16.061,			13.163,			1.44,			0.112
14,	2,	62.0,	16.199,			12.728,			1.116,			0.123
15,	2,	74.0,	16.548,			10.298,			1.177,			0.198
16,	1,	6.0,	17.36,			1.056,			0.153,			0.051
17,	1,	559.0,	17.806,			2.717,			0.255,			0.056
18,	2,	230.0,	22.061,			11.81,			1.171,			0.197
19,	1,	214.0,	22.859,			1.3,			0.154,			0.06
20,	2,	120.0,	25.065,			11.816,			1.297,			0.121
21,	2,	239.0,	26.136,			10.036,			1.203,			0.131
22,	2,	269.0,	26.779,			14.127,			1.015,			0.143
23,	2,	231.0,	28.311,			11.39,			1.489,			0.195
24,	2,	133.0,	30.443,			11.238,			1.086,			0.115
25,	2,	155.0,	31.674,			14.008,			1.211,			0.156
26,	2,	200.0,	32.316,			13.148,			1.247,			0.117
27,	2,	225.0,	35.613,			10.618,			1.45,			0.18
28,	1,	6.0,	36.093,			2.014,			0.279,			0.054
29,	2,	224.0,	36.469,			14.859,			1.463,			0.175
30,	1,	387.0,	38.223,			2.179,			0.261,			0.053
31,	2,	209.0,	39.2,			14.513,			1.144,			0.134
32,	2,	73.0,	39.339,			14.134,			1.074,			0.184
33,	2,	219.0,	39.774,			11.371,			1.492,			0.139
34,	1,	157.0,	39.863,			2.22,			0.174,			0.06
35,	2,	190.0,	40.884,			10.159,			1.236,			0.126
36,	1,	44.0,	40.919,			2.957,			0.257,			0.051
37,	2,	109.0,	41.026,			11.696,			1.278,			0.198
38,	1,	120.0,	41.714,			2.131,			0.245,			0.057
39,	2,	124.0,	41.962,			10.223,			1.357,			0.108
40,	2,	124.0,	42.436,			12.299,			1.322,			0.116
41,	2,	197.0,	44.324,			11.082,			1.273,			0.104
42,	1,	103.0,	45.433,			2.18,			0.177,			0.059
43,	2,	130.0,	45.816,			10.114,			1.031,			0.196
44,	1,	49.0,	47.353,			1.366,			0.192,			0.056
45,	1,	7.0,	49.601,			1.776,			0.17,			0.058
46,	2,	107.0,	50.081,			14.057,			1.01,			0.192
47,	1,	387.0,	50.403,			1.733,			0.297,			0.055
48,	2,	76.0,	50.709,			11.316,			1.246,			0.136
49,	1,	7.0,	50.946,			2.349,			0.146,			0.058
50,	2,	131.0,	52.265,			10.374,			1.297,			0.139
51,	1,	59.0,	53.317,			2.852,			0.279,			0.055
52,	1,	447.0,	53.522,			2.449,			0.29,			0.056
53,	1,	379.0,	53.788,			1.285,			0.116,			0.05
54,	1,	6.0,	54.65,			1.749,			0.281,			0.056
55,	1,	169.0,	55.055,			2.358,			0.176,			0.054
56,	2,	63.0,	55.178,			10.837,			1.024,			0.137
57,	1,	559.0,	55.328,			2.973,			0.203,			0.054
58,	1,	10.0,	55.476,			2.238,			0.244,			0.052
59,	2,	116.0,	55.628,			13.75,			1.47,			0.166
60,	1,	7.0,	56.344,			1.774,			0.163,			0.059
61,	2,	185.0,	56.835,			14.663,			1.128,			0.154
62,	1,	157.0,	56.875,			2.346,			0.146,			0.055
63,	2,	100.0,	57.052,			13.778,			1.103,			0.125
64,	1,	7.0,	57.525,			1.76,			0.161,			0.059
65,	2,	151.0,	57.755,			13.266,			1.023,			0.12
66,	2,	133.0,	58.287,			10.702,			1.353,			0.128
67,	1,	120.0,	58.516,			1.488,			0.282,			0.051
68,	1,	146.0,	58.688,			1.805,			0.117,			0.051
69,	1,	6.0,	60.471,			1.956,			0.146,			0.058
70,	1,	512.0,	60.99,			2.148,			0.252,			0.057
71,	1,	30.0,	61.44,			2.076,			0.2,			0.054
72,	1,	157.0,	61.604,			1.285,			0.253,			0.054
73,	1,	6.0,	63.525,			2.939,			0.228,			0.052
74,	2,	237.0,	64.259,			10.146,			1.073,			0.169
75,	1,	59.0,	64.833,			2.955,			0.234,			0.058
76,	1,	10.0,	64.893,			1.191,			0.247,			0.056
77,	1,	95.0,	65.156,			2.314,			0.214,			0.052
78,	2,	180.0,	65.691,			10.177,			1.42,			0.195
79,	1,	49.0,	65.758,			2.41,			0.289,			0.052
80,	1,	10.0,	66.183,			2.556,			0.186,			0.053
81,	1,	59.0,	66.964,			1.535,			0.207,			0.057
82,	1,	16.0,	67.602,			1.869,			0.295,			0.057
83,	2,	181.0,	67.901,			13.894,			1.409,			0.105
84,	1,	6.0,	68.101,			1.912,			0.238,			0.057
85,	1,	512.0,	68.343,			1.756,			0.293,			0.052
86,	1,	379.0,	68.533,			2.298,			0.271,			0.058
87,	1,	16.0,	68.627,			2.304,			0.251,			0.058
88,	1,	7.0,	69.737,			2.08,			0.17,			0.053
89,	2,	168.0,	70.085,			13.528,			1.171,			0.141
90,	2,	163.0,	70.678,			11.207,			1.285,			0.16
91,	1,	7.0,	71.45,			2.269,			0.234,			0.056
92,	2,	203.0,	71.571,			14.028,			1.216,			0.131
93,	1,	103.0,	71.829,			1.056,			0.299,			0.059
94,	1,	90.0,	72.156,			2.19,			0.292,			0.053
95,	1,	7.0,	72.506,			1.337,			0.142,			0.056
96,	2,	117.0,	72.929,			13.266,			1.356,			0.14
97,	2,	56.0,	73.949,			11.331,			1.375,			0.147
98,	2,	52.0,	74.318,			11.229,			1.012,			0.115
99,	1,	10.0,	74.826,			2.681,			0.227,			0.05
100,	1,	10.0,	75.244,			2.907,			0.133,			0.051
101,	1,	498.0,	75.999,			2.872,			0.156,			0.053
102,	2,	56.0,	76.198,			11.449,			1.362,			0.122
103,	1,	13.0,	78.332,			2.167,			0.244,			0.056
104,	2,	110.0,	78.603,			14.836,			1.326,			0.137
105,	1,	126.0,	79.559,			1.46,			0.124,			0.053
106,	2,	155.0,	79.816,			12.383,			1.394,			0.114
107,	1,	13.0,	80.329,			1.024,			0.261,			0.053
108,	1,	6.0,	80.631,			1.707,			0.217,			0.05
109,	1,	126.0,	80.879,			2.193,			0.217,			0.052
110,	1,	30.0,	81.368,			1.731,			0.259,			0.052
111,	1,	387.0,	81.98,			1.406,			0.122,			0.057
112,	1,	10.0,	82.073,			1.814,			0.14,			0.057
113,	1,	157.0,	82.217,			2.369,			0.118,			0.051
114,	1,	120.0,	82.714,			2.345,			0.263,			0.056
115,	1,	126.0,	83.192,			1.162,			0.284,			0.05
116,	1,	28.0,	83.66,			1.701,			0.162,			0.056
117,	1,	120.0,	83.73,			1.455,			0.19,			0.053
118,	1,	498.0,	83.764,			2.43,			0.212,			0.06
119,	1,	59.0,	84.096,			1.45,			0.133,			0.05
120,	1,	49.0,	84.669,			1.609,			0.215,			0.055
121,	1,	13.0,	85.023,			2.943,			0.106,			0.052
122,	2,	153.0,	85.443,			14.283,			1.111,			0.127
123,	2,	155.0,	85.508,			12.676,			1.412,			0.199
124,	1,	7.0,	85.789,			2.786,			0.268,			0.057
125,	1,	157.0,	85.851,			2.138,			0.276,			0.052
126,	1,	498.0,	86.021,			1.406,			0.134,			0.057
127,	1,	379.0,	86.181,			1.581,			0.197,			0.058
128,	1,	126.0,	86.292,			2.936,			0.155,			0.05
129,	1,	157.0,	86.801,			1.991,			0.191,			0.052
130,	1,	49.0,	86.926,			1.252,			0.191,			0.055
131,	2,	216.0,	87.062,			12.291,			1.229,			0.156
132,	1,	498.0,	87.291,			1.749,			0.177,			0.052
133,	1,	6.0,	87.356,			2.911,			0.148,			0.053
134,	1,	7.0,	87.531,			2.787,			0.288,			0.052
135,	2,	158.0,	88.235,			12.909,			1.297,			0.164
136,	1,	49.0,	88.822,			2.404,			0.187,			0.057
137,	2,	57.0,	88.851,			10.921,			1.353,			0.157
138,	1,	214.0,	89.337,			1.783,			0.251,			0.055
139,	1,	95.0,	89.402,			1.75,			0.247,			0.057
140,	1,	95.0,	89.405,			2.18,			0.255,			0.058
141,	1,	30.0,	89.436,			1.366,			0.251,			0.056
142,	1,	10.0,	89.587,			2.321,			0.234,			0.054
143,	1,	95.0,	89.599,			1.447,			0.139,			0.056
144,	1,	30.0,	89.731,			2.555,			0.292,			0.06
145,	1,	169.0,	89.747,			1.039,			0.152,			0.052
146,	1,	49.0,	89.836,			2.415,			0.168,			0.055
147,	1,	44.0,	89.996,			1.168,			0.247,			0.056
148,	1,	7.0,	90.081,			2.936,			0.124,			0.059
149,	1,	6.0,	90.108,			1.63,			0.187,			0.058
150,	1,	7.0,	90.843,			1.517,			0.231,			0.06
151,	1,	13.0,	91.017,			1.749,			0.137,			0.059
152,	1,	6.0,	91.877,			1.477,			0.136,			0.05
153,	1,	146.0,	91.946,			1.426,			0.221,			0.056
154,	1,	7.0,	92.024,			1.403,			0.27,			0.053
155,	1,	6.0,	92.379,			2.181,			0.101,			0.058
156,	1,	379.0,	92.849,			2.407,			0.154,			0.057
157,	1,	6.0,	93.034,			1.17,			0.198,			0.052
158,	1,	214.0,	93.944,			2.055,			0.233,			0.052
159,	1,	30.0,	94.083,			2.881,			0.159,			0.054
160,	1,	214.0,	94.186,			2.02,			0.287,			0.057
161,	1,	103.0,	94.566,			2.461,			0.241,			0.058
162,	1,	559.0,	95.617,			1.719,			0.254,			0.058
163,	2,	226.0,	96.054,			12.787,			1.385,			0.193
164,	1,	7.0,	97.027,			2.973,			0.255,			0.055
165,	1,	10.0,	97.047,			2.956,			0.188,			0.055
166,	1,	49.0,	97.166,			2.225,			0.156,			0.055
167,	1,	13.0,	97.229,			2.104,			0.237,			0.056
168,	1,	6.0,	97.775,			2.14,			0.103,			0.053
169,	1,	126.0,	97.826,			1.835,			0.227,			0.055
170,	1,	120.0,	98.011,			1.232,			0.123,			0.057
171,	1,	169.0,	98.144,			2.612,			0.277,			0.057
172,	1,	387.0,	98.363,			2.647,			0.211,			0.06
173,	1,	559.0,	98.887,			1.014,			0.221,			0.057
174,	2,	293.0,	99.177,			10.054,			1.388,			0.184
175,	2,	197.0,	99.242,			10.547,			1.261,			0.16
176,	1,	7.0,	99.32,			1.701,			0.217,			0.051
177,	1,	146.0,	99.755,			1.561,			0.234,			0.052
178,	1,	387.0,	100.109,			2.393,			0.252,			0.059
179,	1,	379.0,	100.216,			2.19,			0.214,			0.057
180,	1,	512.0,	100.312,			1.607,			0.234,			0.055
181,	1,	7.0,	100.495,			2.661,			0.199,			0.05
182,	1,	13.0,	100.785,			2.284,			0.203,			0.056
183,	1,	10.0,	101.188,			2.786,			0.209,			0.056
184,	1,	126.0,	101.21,			2.943,			0.288,			0.055
185,	1,	7.0,	101.362,			1.307,			0.228,			0.059
186,	1,	30.0,	101.625,			2.661,			0.27,			0.056
187,	1,	59.0,	101.725,			1.478,			0.16,			0.056
188,	1,	447.0,	102.043,			2.879,			0.287,			0.059
189,	1,	6.0,	102.047,			1.048,			0.139,			0.057
190,	1,	512.0,	102.812,			1.694,			0.184,			0.057
191,	1,	379.0,	102.838,			1.303,			0.121,			0.054
192,	1,	214.0,	102.939,			2.323,			0.182,			0.055
193,	2,	221.0,	103.093,			13.61,			1.337,			0.149
194,	1,	6.0,	103.131,			1.605,			0.127,			0.055
195,	1,	30.0,	103.364,			1.172,			0.178,			0.057
196,	1,	157.0,	103.368,			1.293,			0.15,			0.052
197,	2,	105.0,	103.445,			13.998,			1.069,			0.157
198,	2,	266.0,	103.656,			13.148,			1.325,			0.198
199,	1,	498.0,	103.834,			1.393,			0.186,			0.056
200,	1,	16.0,	103.879,			1.575,			0.109,			0.053
201,	1,	447.0,	103.957,			1.835,			0.184,			0.053
202,	1,	379.0,	103.971,			1.841,			0.265,			0.056
203,	1,	6.0,	104.136,			1.733,			0.155,			0.057
204,	1,	13.0,	104.236,			2.838,			0.172,			0.056
205,	1,	7.0,	104.327,			1.14,			0.189,			0.052
206,	1,	90.0,	104.828,			2.984,			0.217,			0.051
207,	1,	7.0,	105.064,			1.682,			0.152,			0.057
208,	1,	6.0,	105.245,			2.133,			0.246,			0.058
209,	1,	120.0,	105.336,			1.692,			0.247,			0.058
210,	1,	146.0,	105.426,			1.213,			0.29,			0.05
211,	1,	90.0,	105.44,			1.386,			0.131,			0.052
212,	1,	169.0,	105.552,			1.402,			0.112,			0.06
213,	1,	44.0,	105.806,			1.166,			0.212,			0.054
214,	1,	30.0,	105.925,			2.407,			0.296,			0.057
215,	1,	28.0,	106.029,			1.728,			0.273,			0.052
216,	1,	126.0,	106.562,			2.599,			0.27,			0.056
217,	2,	222.0,	106.873,			11.744,			1.268,			0.125
218,	1,	512.0,	106.874,			1.979,			0.238,			0.054
219,	2,	100.0,	106.889,			11.385,			1.469,			0.148
220,	1,	7.0,	106.901,			1.566,			0.223,			0.052
221,	2,	110.0,	107.462,			10.159,			1.231,			0.147
222,	1,	379.0,	107.657,			1.22,			0.161,			0.056
223,	1,	126.0,	107.779,			1.151,			0.133,			0.057
224,	1,	146.0,	107.804,			1.128,			0.21,			0.051
225,	1,	512.0,	108.408,			1.752,			0.159,			0.055
226,	1,	512.0,	108.513,			1.769,			0.251,			0.06
227,	1,	59.0,	108.749,			2.874,			0.108,			0.058
228,	1,	146.0,	108.847,			1.919,			0.237,			0.059
229,	1,	512.0,	108.951,			2.675,			0.153,			0.058
230,	1,	30.0,	109.149,			1.155,			0.268,			0.059
231,	2,	206.0,	109.184,			10.16,			1.178,			0.113
232,	1,	512.0,	109.41,			2.772,			0.241,			0.059
233,	1,	447.0,	109.66,			1.334,			0.126,			0.058
234,	1,	7.0,	109.843,			1.426,			0.272,			0.057
235,	1,	157.0,	110.151,			1.509,			0.107,			0.057
236,	1,	214.0,	110.45,			1.578,			0.184,			0.057
237,	1,	30.0,	110.463,			2.579,			0.164,			0.055
238,	1,	95.0,	110.497,			2.634,			0.299,			0.055
239,	1,	16.0,	110.597,			2.412,			0.255,			0.051
240,	1,	7.0,	111.059,			1.681,			0.134,			0.051
241,	1,	49.0,	111.386,			2.776,			0.265,			0.06
242,	1,	44.0,	111.682,			1.432,			0.205,			0.055
243,	1,	214.0,	112.379,			1.791,			0.103,			0.059
244,	1,	169.0,	112.515,			2.701,			0.165,			0.059
245,	1,	7.0,	112.658,			1.26,			0.234,			0.055
246,	1,	103.0,	112.678,			2.956,			0.195,			0.05
247,	1,	7.0,	112.736,			1.116,			0.207,			0.057
248,	1,	7.0,	113.016,			2.772,			0.142,			0.058
249,	1,	59.0,	113.029,			1.464,			0.226,			0.051
250,	2,	47.0,	113.103,			12.391,			1.171,			0.119
251,	1,	59.0,	113.328,			1.086,			0.256,			0.056
252,	1,	157.0,	113.346,			2.031,			0.244,			0.056
253,	1,	44.0,	113.395,			2.09,			0.155,			0.057
254,	2,	214.0,	113.66,			10.187,			1.488,			0.199
255,	1,	447.0,	113.793,			2.398,			0.215,			0.056
256,	1,	30.0,	114.418,			2.798,			0.244,			0.056
257,	1,	44.0,	114.444,			2.581,			0.212,			0.056
258,	1,	16.0,	114.635,			1.327,			0.237,			0.05
259,	1,	120.0,	114.716,			2.314,			0.231,			0.057
260,	2,	111.0,	114.932,			14.967,			1.315,			0.145
261,	1,	13.0,	115.092,			1.62,			0.299,			0.05
262,	1,	90.0,	115.609,			1.581,			0.283,			0.05
263,	1,	44.0,	115.881,			2.761,			0.273,			0.057
264,	1,	169.0,	116.088,			1.358,			0.121,			0.059
265,	1,	13.0,	116.106,			1.128,			0.228,			0.05
266,	1,	379.0,	116.697,			2.222,			0.223,			0.053
267,	1,	146.0,	116.813,			2.305,			0.247,			0.056
268,	1,	498.0,	117.051,			2.131,			0.274,			0.053
269,	1,	7.0,	117.247,			1.631,			0.124,			0.051
270,	2,	200.0,	117.26,			10.957,			1.154,			0.106
271,	1,	10.0,	117.477,			2.895,			0.189,			0.053
272,	1,	44.0,	117.583,			2.491,			0.198,			0.051
273,	1,	16.0,	117.608,			1.729,			0.173,			0.055
274,	1,	49.0,	117.683,			2.795,			0.255,			0.057
275,	2,	83.0,	117.775,			11.896,			1.008,			0.137
276,	1,	30.0,	117.953,			1.243,			0.209,			0.051
277,	1,	13.0,	117.986,			2.838,			0.117,			0.057
278,	1,	214.0,	118.372,			1.596,			0.257,			0.059
279,	1,	146.0,	118.536,			1.985,			0.228,			0.051
280,	1,	16.0,	118.559,			2.985,			0.139,			0.052
281,	1,	95.0,	118.689,			1.912,			0.177,			0.054
282,	1,	44.0,	118.777,			1.291,			0.142,			0.059
283,	1,	49.0,	118.884,			2.565,			0.102,			0.055
284,	1,	120.0,	118.992,			1.005,			0.256,			0.052
285,	1,	7.0,	119.491,			2.567,			0.114,			0.056
286,	1,	13.0,	119.499,			2.661,			0.156,			0.051
287,	1,	30.0,	119.751,			1.435,			0.133,			0.051
288,	1,	10.0,	119.915,			1.694,			0.236,			0.051
289,	1,	10.0,	119.993,			2.388,			0.279,			0.052
290,	1,	44.0,	120.315,			1.719,			0.257,			0.058
291,	1,	7.0,	120.442,			2.532,			0.187,			0.055
292,	1,	126.0,	120.807,			2.943,			0.113,			0.057
293,	1,	214.0,	121.033,			2.223,			0.241,			0.055
294,	1,	387.0,	121.268,			2.102,			0.258,			0.052
295,	1,	126.0,	121.284,			2.222,			0.184,			0.059
296,	2,	162.0,	121.317,			11.082,			1.31,			0.137
297,	1,	498.0,	121.5,			2.31,			0.144,			0.059
298,	1,	90.0,	121.626,			2.232,			0.154,			0.051
299,	1,	120.0,	121.637,			1.609,			0.21,			0.052
300,	1,	10.0,	121.925,			1.403,			0.29,			0.054
301,	1,	512.0,	121.97,			1.869,			0.267,			0.06
302,	1,	44.0,	122.126,			2.237,			0.216,			0.056
303,	1,	447.0,	122.223,			1.441,			0.164,			0.053
304,	1,	146.0,	122.387,			2.446,			0.263,			0.055
305,	1,	44.0,	122.836,			1.393,			0.117,			0.051
306,	1,	103.0,	122.867,			1.356,			0.207,			0.052
307,	1,	44.0,	122.87,			2.705,			0.145,			0.05
308,	1,	49.0,	122.948,			1.994,			0.202,			0.052
309,	1,	146.0,	123.288,			2.991,			0.2,			0.058
310,	1,	59.0,	123.629,			1.252,			0.26,			0.055
311,	1,	379.0,	123.707,			2.051,			0.241,			0.055
312,	1,	157.0,	123.785,			2.691,			0.281,			0.052
313,	1,	512.0,	123.824,			2.799,			0.133,			0.057
314,	1,	6.0,	124.061,			2.301,			0.175,			0.055
315,	1,	559.0,	124.138,			2.092,			0.249,			0.06
316,	1,	379.0,	124.159,			1.731,			0.135,			0.056
317,	1,	103.0,	124.261,			1.417,			0.254,			0.055
318,	2,	92.0,	124.483,			12.296,			1.451,			0.133
319,	1,	6.0,	124.734,			1.582,			0.109,			0.055
320,	1,	157.0,	125.003,			1.522,			0.206,			0.059
321,	1,	7.0,	125.032,			2.048,			0.3,			0.057
322,	1,	379.0,	125.565,			2.727,			0.238,			0.05
323,	1,	44.0,	125.723,			2.055,			0.298,			0.058
324,	1,	30.0,	125.965,			2.349,			0.219,			0.057
325,	1,	498.0,	126.071,			1.501,			0.157,			0.053
326,	1,	6.0,	126.557,			1.111,			0.228,			0.053
327,	1,	512.0,	126.681,			1.432,			0.19,			0.057
328,	1,	44.0,	126.739,			2.58,			0.193,			0.051
329,	1,	44.0,	126.939,			2.653,			0.165,			0.056
330,	1,	30.0,	126.976,			1.929,			0.162,			0.059
331,	1,	498.0,	127.083,			2.661,			0.147,			0.055
332,	1,	30.0,	127.161,			2.055,			0.234,			0.059
333,	2,	76.0,	127.217,			12.242,			1.014,			0.185
334,	1,	49.0,	127.262,			2.08,			0.275,			0.055
335,	1,	146.0,	127.294,			1.707,			0.153,			0.055
336,	1,	169.0,	127.342,			2.144,			0.283,			0.059
337,	1,	387.0,	127.385,			1.203,			0.139,			0.055
338,	1,	214.0,	127.689,			2.084,			0.21,			0.056
339,	1,	90.0,	127.766,			1.962,			0.203,			0.055
340,	1,	59.0,	127.767,			1.589,			0.22,			0.052
341,	1,	10.0,	127.936,			1.731,			0.157,			0.055
342,	1,	157.0,	127.945,			2.813,			0.179,			0.054
343,	1,	126.0,	128.148,			2.832,			0.267,			0.058
344,	1,	30.0,	128.289,			1.996,			0.221,			0.058
345,	1,	44.0,	128.537,			2.874,			0.287,			0.054
346,	1,	44.0,	128.932,			2.317,			0.168,			0.059
347,	1,	59.0,	129.1,			2.948,			0.237,			0.057
348,	1,	379.0,	129.16,			1.64,			0.29,			0.06
349,	2,	72.0,	129.168,			13.681,			1.193,			0.154
350,	1,	44.0,	129.251,			1.279,			0.297,			0.058
351,	1,	44.0,	129.666,			2.638,			0.168,			0.055
352,	1,	44.0,	129.93,			2.429,			0.162,			0.051
353,	1,	379.0,	130.287,			2.415,			0.217,			0.054
354,	1,	559.0,	130.29,			1.63,			0.124,			0.054
355,	1,	44.0,	130.361,			1.383,			0.226,			0.053
356,	1,	559.0,	130.493,			2.193,			0.266,			0.058
357,	1,	90.0,	130.561,			1.168,			0.112,			0.053
358,	1,	214.0,	130.637,			1.243,			0.184,			0.051
359,	1,	13.0,	130.819,			1.437,			0.298,			0.055
360,	1,	559.0,	131.178,			2.69,			0.134,			0.055
361,	1,	126.0,	131.215,			1.557,			0.112,			0.056
362,	1,	169.0,	131.244,			1.151,			0.284,			0.055
363,	1,	49.0,	131.363,			1.078,			0.189,			0.057
364,	1,	387.0,	131.418,			1.722,			0.253,			0.059
365,	2,	147.0,	131.536,			11.316,			1.471,			0.126
366,	1,	7.0,	131.628,			1.681,			0.176,			0.056
367,	1,	214.0,	131.633,			1.588,			0.207,			0.054
368,	2,	134.0,	131.702,			14.36,			1.346,			0.137
369,	1,	214.0,	131.86,			2.414,			0.272,			0.051
370,	1,	7.0,	132.143,			1.613,			0.162,			0.052
371,	1,	90.0,	132.395,			1.203,			0.299,			0.051
372,	2,	211.0,	132.402,			14.658,			1.015,			0.102
373,	1,	157.0,	132.419,			1.146,			0.177,			0.055
374,	1,	447.0,	132.485,			2.76,			0.169,			0.051
375,	1,	7.0,	132.646,			1.12,			0.235,			0.053
376,	1,	30.0,	132.728,			2.598,			0.21,			0.052
377,	1,	10.0,	132.988,			1.524,			0.216,			0.051
378,	1,	103.0,	133.061,			1.269,			0.131,			0.051
379,	1,	7.0,	133.441,			1.774,			0.114,			0.05
380,	1,	379.0,	133.653,			2.638,			0.257,			0.054
381,	1,	6.0,	133.774,			2.33,			0.279,			0.052
382,	1,	7.0,	133.787,			1.878,			0.142,			0.052
383,	1,	7.0,	133.891,			2.796,			0.261,			0.058
384,	1,	7.0,	133.894,			2.187,			0.174,			0.056
385,	1,	214.0,	133.965,			2.486,			0.135,			0.057
386,	1,	49.0,	134.032,			1.061,			0.146,			0.059
387,	1,	214.0,	134.053,			1.092,			0.164,			0.055
388,	1,	13.0,	134.116,			2.976,			0.27,			0.06
389,	1,	44.0,	134.301,			1.119,			0.253,			0.05
390,	1,	103.0,	134.558,			1.096,			0.183,			0.052
391,	2,	186.0,	134.564,			14.82,			1.285,			0.182
392,	1,	169.0,	134.722,			2.2,			0.248,			0.055
393,	1,	512.0,	134.79,			1.835,			0.245,			0.054
394,	1,	559.0,	135.305,			1.243,			0.194,			0.054
395,	1,	7.0,	135.305,			2.632,			0.186,			0.052
396,	1,	49.0,	135.412,			1.733,			0.177,			0.057
397,	2,	147.0,	135.44,			14.481,			1.066,			0.127
398,	1,	6.0,	135.556,			1.432,			0.249,			0.051
399,	1,	44.0,	135.565,			1.07,			0.216,			0.057
400,	1,	146.0,	135.665,			1.409,			0.187,			0.054
401,	1,	95.0,	135.687,			1.683,			0.147,			0.055
402,	1,	498.0,	135.824,			1.051,			0.293,			0.051
403,	2,	233.0,	136.104,			11.449,			1.368,			0.175
404,	1,	447.0,	136.253,			2.197,			0.195,			0.055
405,	1,	7.0,	136.337,			1.168,			0.116,			0.052
406,	1,	59.0,	136.42,			2.143,			0.236,			0.057
407,	1,	7.0,	136.642,			2.293,			0.144,			0.054
408,	1,	16.0,	137.036,			2.1,			0.189,			0.057
409,	1,	379.0,	137.093,			1.402,			0.276,			0.052
410,	1,	512.0,	137.327,			1.509,			0.103,			0.054
411,	1,	16.0,	137.596,			1.81,			0.14,			0.051
412,	1,	512.0,	137.805,			2.441,			0.189,			0.054
413,	1,	498.0,	138.113,			2.976,			0.195,			0.056
414,	1,	379.0,	138.186,			1.561,			0.139,			0.054
415,	1,	95.0,	138.232,			2.408,			0.227,			0.05
416,	1,	13.0,	138.266,			1.431,			0.209,			0.055
417,	1,	16.0,	138.409,			1.932,			0.21,			0.053
418,	1,	44.0,	138.595,			2.025,			0.202,			0.059
419,	1,	387.0,	138.781,			1.64,			0.26,			0.055
420,	1,	6.0,	138.898,			2.278,			0.237,			0.056
421,	1,	103.0,	139.132,			1.499,			0.15,			0.052
422,	1,	6.0,	139.291,			2.673,			0.132,			0.05
423,	1,	559.0,	139.501,			2.858,			0.239,			0.053
424,	1,	49.0,	139.625,			1.523,			0.21,			0.053
425,	1,	157.0,	139.672,			2.055,			0.284,			0.055
426,	1,	126.0,	139.829,			1.422,			0.299,			0.054
427,	1,	7.0,	140.539,			2.454,			0.206,			0.056
428,	1,	59.0,	140.857,			1.932,			0.238,			0.058
429,	1,	157.0,	140.917,			2.299,			0.14,			0.054
430,	1,	447.0,	140.934,			2.838,			0.283,			0.059
431,	1,	44.0,	141.03,			1.651,			0.262,			0.06
432,	1,	214.0,	141.033,			1.654,			0.2,			0.053
433,	1,	447.0,	141.256,			1.413,			0.166,			0.055
434,	1,	7.0,	141.589,			2.557,			0.161,			0.058
435,	1,	387.0,	141.739,			1.76,			0.29,			0.054
436,	1,	169.0,	141.866,			2.991,			0.129,			0.053
437,	1,	44.0,	142.149,			2.776,			0.257,			0.05
438,	1,	30.0,	142.233,			1.277,			0.221,			0.057
439,	1,	103.0,	142.287,			1.947,			0.209,			0.053
440,	2,	169.0,	142.498,			10.63,			1.049,			0.154
441,	1,	49.0,	142.51,			2.759,			0.209,			0.06
442,	2,	219.0,	142.63,			14.76,			1.229,			0.125
443,	1,	90.0,	142.747,			1.362,			0.273,			0.057
444,	1,	90.0,	142.782,			1.211,			0.219,			0.053
445,	1,	126.0,	142.806,			1.358,			0.25,			0.054
446,	1,	169.0,	142.835,			2.143,			0.207,			0.059
447,	1,	30.0,	142.939,			2.346,			0.216,			0.052
448,	2,	100.0,	143.225,			14.283,			1.25,			0.169
449,	1,	6.0,	143.444,			1.485,			0.215,			0.055
450,	2,	149.0,	143.518,			10.909,			1.398,			0.179
451,	1,	157.0,	143.583,			1.215,			0.15,			0.059
452,	2,	131.0,	143.583,			12.999,			1.332,			0.124
453,	1,	44.0,	143.628,			1.014,			0.139,			0.055
454,	1,	30.0,	143.817,			2.398,			0.222,			0.05
455,	2,	80.0,	143.9,			13.916,			1.182,			0.114
456,	1,	13.0,	143.925,			2.567,			0.283,			0.057
457,	1,	146.0,	144.015,			1.188,			0.21,			0.055
458,	1,	169.0,	144.05,			2.827,			0.173,			0.05
459,	1,	49.0,	144.067,			2.52,			0.119,			0.054
460,	1,	387.0,	144.072,			1.484,			0.228,			0.05
461,	1,	30.0,	144.311,			2.226,			0.128,			0.056
462,	2,	84.0,	144.386,			13.025,			1.252,			0.155
463,	1,	7.0,	144.813,			2.798,			0.172,			0.057
464,	1,	7.0,	144.902,			2.449,			0.109,			0.053
465,	1,	16.0,	145.074,			1.019,			0.243,			0.052
466,	1,	7.0,	145.299,			2.412,			0.113,			0.06
467,	1,	49.0,	145.422,			2.225,			0.131,			0.051
468,	2,	192.0,	145.598,			10.617,			1.012,			0.137
469,	1,	7.0,	145.634,			1.482,			0.187,			0.05
470,	1,	59.0,	145.695,			2.497,			0.231,			0.053
471,	1,	169.0,	145.85,			2.379,			0.187,			0.055
472,	1,	7.0,	145.9,			2.386,			0.164,			0.057
473,	1,	120.0,	146.005,			1.356,			0.16,			0.054
474,	1,	498.0,	146.045,			1.826,			0.212,			0.06
475,	2,	260.0,	146.219,			12.668,			1.265,			0.177
476,	1,	559.0,	146.618,			2.037,			0.214,			0.053
477,	1,	49.0,	146.633,			2.638,			0.146,			0.052
478,	1,	7.0,	146.756,			1.981,			0.281,			0.053
479,	2,	105.0,	146.91,			13.17,			1.286,			0.122
480,	2,	181.0,	146.986,			13.249,			1.422,			0.162
481,	2,	123.0,	147.02,			11.09,			1.222,			0.164
482,	2,	114.0,	147.411,			13.266,			1.186,			0.111
483,	1,	28.0,	147.476,			2.318,			0.14,			0.056
484,	1,	6.0,	147.704,			1.398,			0.209,			0.058
485,	1,	28.0,	147.885,			1.581,			0.212,			0.054
486,	1,	214.0,	147.949,			2.711,			0.296,			0.052
487,	1,	512.0,	148.02,			2.265,			0.235,			0.056
488,	1,	28.0,	148.059,			2.265,			0.174,			0.059
489,	1,	7.0,	148.061,			2.438,			0.272,			0.057
490,	1,	447.0,	148.062,			1.485,			0.159,			0.056
491,	1,	379.0,	148.132,			2.19,			0.154,			0.053
492,	1,	120.0,	148.232,			1.667,			0.126,			0.052
493,	1,	90.0,	148.263,			1.654,			0.243,			0.053
494,	1,	6.0,	148.325,			2.293,			0.297,			0.05
495,	1,	7.0,	148.352,			2.486,			0.113,			0.055
496,	2,	186.0,	148.358,			11.13,			1.099,			0.184
497,	2,	203.0,	148.445,			11.717,			1.171,			0.166
498,	1,	7.0,	148.461,			2.256,			0.205,			0.057
499,	1,	157.0,	148.542,			2.037,			0.173,			0.056
500,	1,	157.0,	148.645,			2.76,			0.177,			0.052
501,	1,	126.0,	148.727,			1.029,			0.294,			0.056
502,	1,	7.0,	148.793,			1.437,			0.209,			0.055
503,	1,	90.0,	148.933,			1.642,			0.164,			0.053
504,	1,	6.0,	149.007,			1.317,			0.208,			0.054
505,	1,	6.0,	149.071,			1.104,			0.249,			0.055
506,	1,	6.0,	149.68,			1.455,			0.299,			0.06
507,	1,	498.0,	149.813,			1.028,			0.293,			0.056
508,	1,	44.0,	149.919,			2.43,			0.202,			0.051
509,	1,	59.0,	149.993,			2.799,			0.112,			0.052
510,	1,	387.0,	150.046,			1.64,			0.206,			0.057
511,	1,	146.0,	150.11,			1.535,			0.154,			0.06
512,	1,	126.0,	150.135,			2.651,			0.298,			0.06
513,	1,	146.0,	150.174,			2.636,			0.29,			0.057
514,	1,	95.0,	150.273,			2.265,			0.116,			0.054
515,	1,	7.0,	150.404,			1.548,			0.2,			0.051
516,	2,	211.0,	150.482,			11.162,			1.437,			0.159
517,	1,	44.0,	150.519,			2.349,			0.166,			0.054
518,	1,	7.0,	150.563,			2.14,			0.159,			0.054
519,	1,	16.0,	150.663,			2.479,			0.234,			0.051
520,	2,	258.0,	150.783,			10.27,			1.32,			0.141
521,	1,	498.0,	150.867,			1.844,			0.294,			0.058
522,	1,	169.0,	151.248,			2.776,			0.112,			0.051
523,	1,	498.0,	151.291,			2.018,			0.207,			0.053
524,	1,	169.0,	151.361,			1.921,			0.117,			0.051
525,	1,	49.0,	151.364,			1.857,			0.195,			0.058
526,	1,	6.0,	151.457,			1.413,			0.124,			0.052
527,	1,	387.0,	151.492,			1.543,			0.287,			0.06
528,	1,	7.0,	151.527,			2.525,			0.261,			0.059
529,	1,	16.0,	151.605,			1.413,			0.124,			0.057
530,	1,	214.0,	151.689,			1.742,			0.174,			0.053
531,	1,	103.0,	151.95,			1.513,			0.199,			0.052
532,	1,	7.0,	152.011,			1.517,			0.277,			0.05
533,	1,	169.0,	152.064,			2.895,			0.109,			0.052
534,	1,	95.0,	152.175,			2.08,			0.161,			0.056
535,	1,	6.0,	152.192,			1.296,			0.285,			0.051
536,	1,	6.0,	152.209,			1.722,			0.216,			0.057
537,	1,	157.0,	152.717,			1.517,			0.244,			0.052
538,	1,	387.0,	152.804,			2.047,			0.251,			0.05
539,	1,	30.0,	153.171,			1.187,			0.125,			0.059
540,	1,	49.0,	153.172,			2.114,			0.13,			0.054
541,	1,	447.0,	153.279,			1.103,			0.231,			0.054
542,	1,	157.0,	153.734,			1.494,			0.113,			0.055
543,	1,	6.0,	153.745,			2.956,			0.223,			0.058
544,	1,	44.0,	153.844,			1.204,			0.158,			0.057
545,	1,	95.0,	153.857,			2.1,			0.279,			0.055
546,	1,	10.0,	154.491,			1.044,			0.267,			0.054
547,	1,	7.0,	154.601,			1.313,			0.24,			0.051
548,	2,	253.0,	154.701,			13.476,			1.412,			0.168
549,	1,	13.0,	154.806,			1.985,			0.2,			0.056
550,	1,	7.0,	154.845,			1.104,			0.279,			0.057
551,	1,	126.0,	155.519,			1.277,			0.161,			0.054
552,	2,	185.0,	155.859,			10.72,			1.179,			0.19
553,	1,	16.0,	155.914,			1.394,			0.152,			0.05
554,	1,	120.0,	156.054,			1.942,			0.172,			0.055
555,	1,	59.0,	156.338,			2.198,			0.128,			0.054
556,	1,	95.0,	157.046,			1.694,			0.153,			0.058
557,	1,	559.0,	157.047,			1.558,			0.16,			0.054
558,	2,	141.0,	157.372,			12.821,			1.334,			0.117
559,	1,	10.0,	157.579,			2.323,			0.277,			0.051
560,	1,	7.0,	157.685,			2.43,			0.194,			0.055
561,	1,	498.0,	157.827,			2.885,			0.284,			0.06
562,	1,	7.0,	157.853,			2.889,			0.247,			0.052
563,	1,	10.0,	157.935,			1.36,			0.271,			0.055
564,	1,	44.0,	157.967,			1.386,			0.207,			0.05
565,	1,	387.0,	157.99,			2.565,			0.146,			0.052
566,	1,	498.0,	158.213,			1.715,			0.221,			0.052
567,	1,	44.0,	158.65,			1.256,			0.182,			0.051
568,	1,	7.0,	158.728,			1.494,			0.287,			0.054
569,	1,	120.0,	158.784,			2.187,			0.198,			0.056
570,	1,	7.0,	158.885,			1.883,			0.214,			0.051
571,	1,	103.0,	159.052,			2.861,			0.28,			0.06
572,	1,	126.0,	159.077,			2.459,			0.247,			0.055
573,	1,	10.0,	159.205,			1.681,			0.191,			0.054
574,	2,	134.0,	159.315,			11.124,			1.128,			0.188
575,	2,	198.0,	159.333,			14.216,			1.264,			0.179
576,	1,	13.0,	159.349,			2.031,			0.151,			0.056
577,	1,	387.0,	159.447,			1.327,			0.237,			0.056
578,	1,	146.0,	159.635,			2.866,			0.297,			0.052
579,	1,	120.0,	159.737,			1.393,			0.198,			0.051
580,	1,	44.0,	160.145,			1.305,			0.133,			0.054
581,	1,	7.0,	160.166,			2.799,			0.102,			0.058
582,	1,	512.0,	160.238,			2.612,			0.192,			0.059
583,	1,	447.0,	160.243,			1.009,			0.165,			0.058
584,	1,	6.0,	160.516,			1.169,			0.118,			0.06
585,	1,	169.0,	160.629,			1.172,			0.222,			0.052
586,	1,	44.0,	160.826,			2.378,			0.121,			0.05
587,	1,	59.0,	160.921,			1.409,			0.241,			0.053
588,	1,	30.0,	161.037,			2.907,			0.14,			0.052
589,	1,	559.0,	161.062,			1.413,			0.19,			0.059
590,	1,	7.0,	161.117,			2.296,			0.241,			0.056
591,	1,	214.0,	161.181,			1.571,			0.173,			0.056
592,	2,	120.0,	161.411,			11.968,			1.412,			0.124
593,	1,	379.0,	161.486,			1.076,			0.279,			0.06
594,	1,	512.0,	161.588,			1.601,			0.193,			0.054
595,	1,	146.0,	161.739,			2.056,			0.177,			0.058
596,	1,	44.0,	161.969,			2.796,			0.253,			0.051
597,	1,	214.0,	161.999,			1.625,			0.253,			0.057
598,	1,	146.0,	162.03,			1.589,			0.124,			0.053
599,	1,	214.0,	162.322,			2.025,			0.174,			0.055
600,	2,	86.0,	162.695,			11.933,			1.492,			0.173
601,	1,	447.0,	163.077,			2.328,			0.164,			0.059
602,	1,	559.0,	163.134,			2.318,			0.138,			0.054
603,	1,	44.0,	163.291,			1.356,			0.186,			0.051
604,	1,	512.0,	163.337,			1.204,			0.102,			0.053
605,	1,	90.0,	164.038,			1.947,			0.225,			0.051
606,	1,	13.0,	164.26,			1.432,			0.187,			0.056
607,	1,	103.0,	164.419,			2.436,			0.201,			0.058
608,	1,	559.0,	164.511,			1.63,			0.247,			0.05
609,	1,	6.0,	164.602,			2.158,			0.299,			0.052
610,	2,	133.0,	164.926,			14.686,			1.477,			0.175
611,	1,	44.0,	164.97,			2.056,			0.21,			0.051
612,	2,	331.0,	165.041,			14.836,			1.273,			0.198
613,	2,	138.0,	165.267,			12.608,			1.261,			0.132
614,	1,	512.0,	165.592,			1.609,			0.17,			0.056
615,	1,	169.0,	165.626,			1.406,			0.109,			0.06
616,	1,	7.0,	165.745,			2.114,			0.282,			0.058
617,	1,	95.0,	165.972,			1.483,			0.106,			0.056
618,	1,	44.0,	166.088,			2.381,			0.224,			0.055
619,	1,	44.0,	166.306,			1.969,			0.208,			0.054
620,	1,	90.0,	166.31,			2.799,			0.294,			0.051
621,	1,	30.0,	166.316,			1.043,			0.111,			0.059
622,	1,	7.0,	166.506,			1.601,			0.298,			0.059
623,	1,	7.0,	166.744,			1.613,			0.254,			0.059
624,	1,	28.0,	166.749,			1.681,			0.174,			0.056
625,	1,	103.0,	166.885,			2.56,			0.289,			0.055
626,	1,	16.0,	166.901,			2.446,			0.171,			0.051
627,	1,	10.0,	166.987,			1.752,			0.108,			0.056
628,	1,	146.0,	167.668,			2.525,			0.112,			0.058
629,	1,	379.0,	167.833,			1.86,			0.214,			0.059
630,	1,	16.0,	167.951,			1.609,			0.237,			0.052
631,	1,	387.0,	167.96,			1.9,			0.146,			0.054
632,	2,	176.0,	168.035,			10.4,			1.356,			0.191
633,	1,	157.0,	168.058,			1.655,			0.241,			0.055
634,	1,	49.0,	168.159,			1.542,			0.203,			0.054
635,	1,	7.0,	168.223,			1.969,			0.248,			0.051
636,	1,	30.0,	168.251,			2.14,			0.233,			0.054
637,	1,	44.0,	168.358,			1.039,			0.159,			0.057
638,	1,	30.0,	168.368,			2.479,			0.242,			0.053
639,	1,	103.0,	168.38,			1.981,			0.14,			0.051
640,	2,	110.0,	168.674,			12.242,			1.118,			0.164
641,	1,	7.0,	168.897,			2.789,			0.235,			0.057
642,	1,	387.0,	169.011,			2.545,			0.288,			0.051
643,	1,	103.0,	169.058,			1.316,			0.195,			0.051
644,	1,	7.0,	169.201,			1.515,			0.215,			0.056
645,	1,	214.0,	169.269,			1.515,			0.217,			0.054
646,	1,	6.0,	169.439,			2.916,			0.18,			0.059
647,	1,	10.0,	169.506,			1.717,			0.293,			0.053
648,	1,	16.0,	169.549,			1.631,			0.247,			0.055
649,	2,	65.0,	170.345,			13.193,			1.216,			0.137
650,	1,	30.0,	170.494,			2.457,			0.143,			0.051
651,	1,	447.0,	170.629,			1.886,			0.169,			0.056
652,	2,	184.0,	170.725,			12.242,			1.438,			0.147
653,	1,	13.0,	170.742,			2.149,			0.125,			0.05
654,	2,	240.0,	170.918,			10.322,			1.49,			0.145
655,	1,	379.0,	171.334,			1.413,			0.107,			0.053
656,	1,	7.0,	172.041,			1.731,			0.228,			0.059
657,	1,	120.0,	172.124,			1.543,			0.217,			0.056
658,	1,	157.0,	172.395,			2.857,			0.164,			0.054
659,	1,	59.0,	172.693,			2.345,			0.248,			0.056
660,	1,	44.0,	172.828,			1.009,			0.278,			0.059
661,	1,	7.0,	172.847,			2.678,			0.259,			0.052
662,	1,	169.0,	172.885,			1.07,			0.108,			0.057
663,	1,	16.0,	172.956,			1.417,			0.126,			0.05
664,	1,	6.0,	173.258,			1.316,			0.154,			0.059
665,	1,	90.0,	173.296,			1.663,			0.168,			0.052
666,	1,	44.0,	173.341,			2.446,			0.186,			0.053
667,	1,	7.0,	173.793,			2.225,			0.121,			0.052
668,	1,	559.0,	174.099,			1.698,			0.277,			0.057
669,	1,	59.0,	174.417,			2.249,			0.129,			0.056
670,	1,	10.0,	174.569,			1.991,			0.147,			0.059
671,	2,	182.0,	174.58,			14.028,			1.044,			0.146
672,	1,	13.0,	174.598,			1.188,			0.235,			0.057
673,	1,	59.0,	174.76,			2.0,			0.263,			0.059
674,	1,	30.0,	175.182,			2.149,			0.14,			0.057
675,	1,	7.0,	175.387,			2.35,			0.206,			0.055
676,	2,	270.0,	175.536,			14.215,			1.133,			0.142
677,	1,	7.0,	175.888,			1.146,			0.241,			0.058
678,	1,	6.0,	175.937,			1.473,			0.223,			0.055
679,	1,	44.0,	175.998,			1.443,			0.146,			0.052
680,	1,	44.0,	176.023,			1.64,			0.272,			0.058
681,	2,	137.0,	176.073,			10.871,			1.47,			0.11
682,	1,	59.0,	176.371,			1.357,			0.235,			0.05
683,	2,	156.0,	176.395,			10.226,			1.29,			0.117
684,	1,	49.0,	176.574,			1.736,			0.153,			0.051
685,	1,	59.0,	176.73,			2.103,			0.213,			0.055
686,	1,	16.0,	177.21,			2.727,			0.101,			0.055
687,	1,	103.0,	177.319,			2.491,			0.277,			0.052
688,	2,	188.0,	177.586,			11.872,			1.044,			0.161
689,	1,	103.0,	177.693,			1.886,			0.249,			0.059
690,	1,	379.0,	177.808,			1.148,			0.138,			0.055
691,	1,	16.0,	177.962,			2.857,			0.288,			0.05
692,	1,	10.0,	177.99,			2.318,			0.174,			0.053
693,	1,	7.0,	178.04,			2.864,			0.149,			0.051
694,	1,	28.0,	178.284,			1.126,			0.21,			0.057
695,	1,	13.0,	178.368,			1.096,			0.209,			0.056
696,	1,	6.0,	178.384,			1.731,			0.15,			0.052
697,	1,	95.0,	178.486,			1.322,			0.277,			0.057
698,	1,	126.0,	178.577,			2.35,			0.256,			0.05
699,	1,	7.0,	178.691,			1.653,			0.234,			0.057
700,	1,	90.0,	178.891,			2.991,			0.276,			0.057
701,	1,	90.0,	178.971,			1.732,			0.121,			0.051
702,	1,	214.0,	179.086,			2.678,			0.173,			0.059
703,	2,	238.0,	179.114,			13.193,			1.021,			0.17
704,	1,	379.0,	179.116,			2.857,			0.214,			0.05
705,	1,	90.0,	179.326,			2.888,			0.284,			0.057
706,	1,	44.0,	179.397,			2.092,			0.106,			0.055
707,	1,	7.0,	179.403,			1.869,			0.233,			0.051
708,	1,	214.0,	179.691,			1.031,			0.133,			0.057
709,	1,	387.0,	179.904,			2.807,			0.254,			0.055
710,	1,	146.0,	179.96,			1.841,			0.177,			0.056
711,	1,	7.0,	180.297,			1.203,			0.104,			0.051
712,	2,	203.0,	180.525,			12.136,			1.411,			0.137
713,	1,	103.0,	181.174,			2.52,			0.272,			0.059
714,	1,	103.0,	181.262,			2.565,			0.254,			0.054
715,	1,	447.0,	181.267,			1.031,			0.217,			0.058
716,	2,	59.0,	181.394,			13.415,			1.33,			0.136
717,	2,	115.0,	181.703,			10.01,			1.456,			0.186
718,	1,	103.0,	181.713,			1.164,			0.19,			0.057
719,	2,	159.0,	182.265,			12.617,			1.048,			0.15
720,	1,	157.0,	182.435,			1.366,			0.195,			0.051
721,	1,	7.0,	182.494,			1.581,			0.132,			0.052
722,	1,	7.0,	182.513,			1.749,			0.119,			0.053
723,	1,	90.0,	182.841,			1.287,			0.268,			0.051
724,	1,	447.0,	183.04,			1.886,			0.221,			0.057
725,	1,	90.0,	183.316,			1.187,			0.154,			0.053
726,	1,	7.0,	183.375,			2.819,			0.273,			0.052
727,	1,	44.0,	183.844,			1.303,			0.292,			0.059
728,	1,	379.0,	183.933,			1.655,			0.1,			0.058
729,	1,	44.0,	184.349,			1.841,			0.195,			0.051
730,	2,	172.0,	184.353,			11.011,			1.326,			0.181
731,	1,	13.0,	184.419,			1.424,			0.249,			0.059
732,	1,	28.0,	184.712,			1.402,			0.151,			0.053
733,	1,	387.0,	184.769,			1.03,			0.268,			0.056
734,	1,	44.0,	184.833,			2.055,			0.291,			0.05
735,	1,	379.0,	184.89,			1.327,			0.173,			0.055
736,	2,	215.0,	184.999,			11.082,			1.408,			0.155
737,	1,	7.0,	185.241,			1.756,			0.156,			0.053
738,	1,	387.0,	186.422,			1.9,			0.206,			0.056
739,	1,	7.0,	186.616,			1.612,			0.256,			0.057
740,	1,	90.0,	186.834,			1.481,			0.111,			0.051
741,	1,	146.0,	186.921,			1.733,			0.159,			0.06
742,	2,	182.0,	187.399,			11.572,			1.135,			0.164
743,	1,	214.0,	187.508,			1.522,			0.299,			0.053
744,	1,	30.0,	187.51,			1.523,			0.21,			0.06
745,	1,	44.0,	187.765,			2.686,			0.135,			0.055
746,	1,	214.0,	187.856,			1.875,			0.11,			0.051
747,	1,	120.0,	187.862,			2.349,			0.183,			0.052
748,	1,	146.0,	188.009,			2.187,			0.195,			0.051
749,	2,	252.0,	188.301,			10.475,			1.346,			0.113
750,	1,	447.0,	188.58,			1.148,			0.144,			0.052
751,	1,	44.0,	188.723,			2.653,			0.26,			0.056
752,	1,	214.0,	189.191,			1.941,			0.173,			0.057
753,	1,	7.0,	189.274,			1.024,			0.111,			0.06
754,	2,	100.0,	189.408,			14.33,			1.407,			0.105
755,	1,	59.0,	189.775,			2.498,			0.106,			0.051
756,	1,	44.0,	189.896,			1.128,			0.161,			0.053
757,	1,	387.0,	190.066,			1.69,			0.272,			0.058
758,	1,	30.0,	190.295,			2.326,			0.158,			0.058
759,	1,	30.0,	190.32,			1.14,			0.176,			0.055
760,	1,	44.0,	190.544,			2.872,			0.159,			0.054
761,	1,	6.0,	191.535,			2.9,			0.161,			0.056
762,	1,	379.0,	191.833,			2.298,			0.244,			0.05
763,	1,	6.0,	191.978,			2.879,			0.177,			0.057
764,	1,	559.0,	192.318,			2.418,			0.207,			0.06
765,	1,	379.0,	192.374,			1.191,			0.299,			0.055
766,	1,	387.0,	192.641,			2.798,			0.205,			0.051
767,	1,	10.0,	192.761,			2.148,			0.214,			0.056
768,	1,	95.0,	192.773,			1.523,			0.212,			0.053
769,	1,	379.0,	193.59,			2.645,			0.195,			0.055
770,	1,	7.0,	194.405,			1.009,			0.283,			0.06
771,	1,	95.0,	194.684,			2.916,			0.175,			0.059
772,	2,	131.0,	194.715,			11.685,			1.349,			0.197
773,	1,	120.0,	194.816,			1.985,			0.25,			0.057
774,	1,	120.0,	194.857,			2.643,			0.176,			0.052
775,	1,	7.0,	194.862,			2.407,			0.286,			0.051
776,	1,	169.0,	194.903,			2.013,			0.153,			0.059
777,	1,	30.0,	195.481,			1.383,			0.166,			0.053
778,	1,	387.0,	196.77,			1.607,			0.18,			0.054
779,	1,	387.0,	196.952,			1.482,			0.156,			0.055
780,	1,	10.0,	197.153,			2.454,			0.249,			0.059
781,	1,	498.0,	197.758,			1.406,			0.164,			0.058
782,	2,	242.0,	197.914,			10.204,			1.392,			0.195
783,	1,	126.0,	198.076,			1.464,			0.205,			0.059
784,	1,	49.0,	198.277,			1.153,			0.217,			0.058
785,	1,	512.0,	198.38,			2.991,			0.242,			0.053
786,	1,	120.0,	198.829,			2.776,			0.15,			0.06
787,	1,	103.0,	200.056,			2.26,			0.249,			0.051
788,	1,	7.0,	200.076,			2.58,			0.169,			0.06
789,	2,	28.0,	200.101,			12.152,			1.329,			0.179
790,	2,	268.0,	200.198,			12.144,			1.33,			0.128
791,	1,	512.0,	200.35,			1.924,			0.139,			0.05
792,	1,	6.0,	200.64,			1.106,			0.219,			0.057
793,	1,	44.0,	200.779,			1.933,			0.112,			0.054
794,	1,	90.0,	201.022,			1.861,			0.177,			0.054
795,	2,	213.0,	201.166,			10.39,			1.498,			0.182
796,	1,	498.0,	201.312,			2.414,			0.249,			0.058
797,	2,	90.0,	201.703,			12.581,			1.456,			0.137
798,	1,	49.0,	201.927,			1.104,			0.255,			0.052
799,	1,	49.0,	201.939,			1.188,			0.244,			0.057
800,	1,	49.0,	202.037,			2.813,			0.2,			0.053
801,	1,	120.0,	202.445,			1.141,			0.124,			0.05
802,	1,	7.0,	202.516,			2.659,			0.174,			0.056
803,	1,	126.0,	202.849,			1.838,			0.141,			0.05
804,	1,	6.0,	202.852,			1.035,			0.185,			0.055
805,	1,	512.0,	203.391,			1.153,			0.171,			0.055
806,	1,	379.0,	203.802,			2.991,			0.243,			0.053
807,	2,	190.0,	204.179,			13.129,			1.108,			0.187
808,	1,	44.0,	204.28,			1.279,			0.245,			0.052
809,	1,	10.0,	204.627,			2.084,			0.248,			0.052
810,	2,	151.0,	204.638,			10.702,			1.204,			0.105
811,	1,	214.0,	204.8,			1.025,			0.107,			0.054
812,	1,	6.0,	204.89,			2.249,			0.226,			0.054
813,	1,	6.0,	204.892,			1.482,			0.113,			0.052
814,	1,	103.0,	205.381,			1.357,			0.221,			0.051
815,	1,	44.0,	205.593,			2.127,			0.263,			0.057
816,	1,	49.0,	205.964,			1.106,			0.161,			0.053
817,	1,	6.0,	206.257,			2.22,			0.288,			0.058
818,	1,	30.0,	206.368,			1.515,			0.266,			0.054
819,	1,	498.0,	206.418,			2.11,			0.136,			0.053
820,	1,	169.0,	206.62,			2.954,			0.146,			0.057
821,	1,	13.0,	206.923,			1.293,			0.206,			0.058
822,	1,	387.0,	206.982,			1.969,			0.116,			0.056
823,	1,	30.0,	207.326,			1.56,			0.27,			0.051
824,	1,	214.0,	207.38,			1.148,			0.191,			0.057
825,	2,	206.0,	207.686,			14.692,			1.454,			0.156
826,	1,	120.0,	207.954,			1.01,			0.125,			0.051
827,	1,	120.0,	208.083,			2.303,			0.236,			0.054
828,	1,	44.0,	208.927,			1.637,			0.233,			0.055
829,	2,	151.0,	208.983,			13.612,			1.261,			0.182
830,	1,	28.0,	209.183,			2.5,			0.293,			0.06
831,	1,	10.0,	209.213,			1.919,			0.217,			0.05
832,	1,	10.0,	209.308,			1.398,			0.134,			0.06
833,	1,	7.0,	209.4,			2.063,			0.239,			0.056
834,	1,	59.0,	209.566,			2.939,			0.247,			0.051
835,	2,	109.0,	209.617,			14.135,			1.128,			0.191
836,	1,	44.0,	209.664,			2.509,			0.209,			0.051
837,	1,	30.0,	209.799,			1.816,			0.166,			0.058
838,	1,	379.0,	209.804,			1.542,			0.232,			0.056
839,	1,	214.0,	210.239,			1.12,			0.193,			0.057
840,	1,	7.0,	210.555,			1.056,			0.219,			0.058
841,	2,	192.0,	210.634,			12.869,			1.421,			0.179
842,	1,	559.0,	211.069,			1.366,			0.298,			0.054
843,	1,	95.0,	211.482,			2.278,			0.202,			0.051
844,	2,	204.0,	211.632,			10.484,			1.175,			0.155
845,	1,	95.0,	211.704,			1.22,			0.18,			0.056
846,	1,	7.0,	211.797,			2.103,			0.221,			0.059
847,	1,	44.0,	211.913,			2.176,			0.255,			0.059
848,	2,	140.0,	212.247,			12.242,			1.239,			0.139
849,	1,	28.0,	212.572,			1.935,			0.281,			0.053
850,	1,	169.0,	212.631,			2.795,			0.249,			0.052
851,	1,	90.0,	212.708,			1.717,			0.136,			0.054
852,	1,	7.0,	212.819,			1.141,			0.216,			0.056
853,	1,	7.0,	213.36,			2.643,			0.124,			0.057
854,	2,	123.0,	214.272,			11.28,			1.438,			0.174
855,	1,	387.0,	214.379,			2.068,			0.284,			0.058
856,	1,	214.0,	214.443,			2.299,			0.207,			0.059
857,	1,	49.0,	214.451,			2.116,			0.245,			0.051
858,	1,	103.0,	214.561,			1.72,			0.187,			0.055
859,	1,	44.0,	214.579,			1.981,			0.254,			0.056
860,	1,	120.0,	214.854,			1.364,			0.29,			0.054
861,	1,	387.0,	215.001,			2.509,			0.253,			0.055
862,	1,	95.0,	215.243,			1.495,			0.238,			0.056
863,	1,	6.0,	215.531,			2.69,			0.173,			0.052
864,	1,	28.0,	215.649,			2.09,			0.294,			0.052
865,	2,	176.0,	215.792,			11.611,			1.443,			0.113
866,	2,	90.0,	215.949,			11.872,			1.154,			0.132
867,	1,	30.0,	216.221,			1.178,			0.161,			0.053
868,	1,	498.0,	216.385,			1.07,			0.103,			0.054
869,	2,	174.0,	216.399,			10.907,			1.429,			0.125
870,	2,	122.0,	216.406,			13.007,			1.253,			0.141
871,	1,	7.0,	216.616,			1.671,			0.183,			0.057
872,	1,	44.0,	216.713,			2.596,			0.165,			0.05
873,	1,	498.0,	216.97,			2.663,			0.279,			0.057
874,	1,	512.0,	217.15,			2.556,			0.248,			0.05
875,	1,	387.0,	217.218,			1.913,			0.146,			0.055
876,	1,	10.0,	217.287,			2.9,			0.3,			0.053
877,	1,	387.0,	217.567,			1.303,			0.24,			0.058
878,	1,	44.0,	217.637,			2.847,			0.257,			0.059
879,	2,	151.0,	218.311,			12.368,			1.442,			0.131
880,	1,	7.0,	218.479,			2.299,			0.229,			0.058
881,	1,	6.0,	219.024,			1.303,			0.101,			0.057
882,	1,	7.0,	219.181,			2.073,			0.15,			0.055
883,	1,	7.0,	219.447,			2.779,			0.229,			0.058
884,	1,	7.0,	219.828,			2.76,			0.193,			0.058
885,	2,	130.0,	220.45,			14.183,			1.205,			0.125
886,	1,	169.0,	220.676,			2.384,			0.146,			0.06
887,	2,	147.0,	221.317,			12.421,			1.329,			0.141
888,	1,	30.0,	222.316,			2.533,			0.209,			0.054
889,	1,	49.0,	222.382,			1.825,			0.228,			0.053
890,	1,	95.0,	222.505,			1.683,			0.124,			0.06
891,	1,	387.0,	222.688,			1.173,			0.128,			0.055
892,	2,	104.0,	222.977,			14.424,			1.166,			0.139
893,	1,	387.0,	223.859,			2.08,			0.109,			0.051
894,	1,	59.0,	224.004,			2.832,			0.136,			0.06
895,	1,	28.0,	224.504,			1.478,			0.173,			0.055
896,	1,	169.0,	224.891,			1.173,			0.18,			0.054
897,	1,	103.0,	225.005,			2.381,			0.223,			0.054
898,	1,	214.0,	225.265,			1.153,			0.222,			0.058
899,	2,	220.0,	225.502,			12.89,			1.053,			0.198
900,	1,	44.0,	225.866,			1.543,			0.28,			0.059
901,	1,	7.0,	225.906,			2.556,			0.27,			0.06
902,	1,	379.0,	227.31,			2.366,			0.19,			0.06
903,	2,	125.0,	227.322,			11.761,			1.282,			0.13
904,	1,	447.0,	227.985,			2.283,			0.223,			0.057
905,	1,	59.0,	228.345,			1.914,			0.279,			0.054
906,	1,	16.0,	229.631,			1.578,			0.299,			0.053
907,	1,	7.0,	229.828,			1.145,			0.193,			0.053
908,	1,	6.0,	230.207,			1.643,			0.282,			0.059
909,	1,	7.0,	230.343,			1.756,			0.131,			0.051
910,	1,	7.0,	231.355,			2.144,			0.233,			0.058
911,	1,	157.0,	231.79,			1.848,			0.104,			0.056
912,	1,	44.0,	232.508,			1.482,			0.157,			0.052
913,	1,	7.0,	232.839,			1.376,			0.166,			0.051
914,	1,	49.0,	232.926,			1.597,			0.19,			0.056
915,	1,	169.0,	233.511,			1.667,			0.189,			0.054
916,	1,	512.0,	233.517,			2.866,			0.188,			0.05
917,	1,	169.0,	234.226,			2.449,			0.211,			0.056
918,	1,	44.0,	234.426,			1.083,			0.27,			0.055
919,	1,	379.0,	234.582,			2.703,			0.297,			0.054
920,	1,	7.0,	234.592,			2.807,			0.228,			0.054
921,	1,	13.0,	234.713,			2.879,			0.205,			0.06
922,	1,	559.0,	235.621,			1.548,			0.136,			0.06
923,	1,	10.0,	235.858,			1.249,			0.133,			0.055
924,	2,	89.0,	236.233,			13.404,			1.12,			0.18
925,	2,	155.0,	236.342,			11.884,			1.403,			0.154
926,	1,	7.0,	236.645,			1.731,			0.146,			0.058
927,	2,	201.0,	236.976,			14.85,			1.2,			0.17
928,	2,	208.0,	237.323,			14.317,			1.35,			0.184
929,	1,	7.0,	237.827,			2.588,			0.222,			0.055
930,	1,	214.0,	237.851,			2.384,			0.189,			0.057
931,	2,	239.0,	238.216,			14.135,			1.154,			0.148
932,	1,	7.0,	238.271,			1.422,			0.12,			0.051
933,	1,	28.0,	238.321,			2.22,			0.29,			0.052
934,	2,	352.0,	238.678,			13.148,			1.191,			0.117
935,	2,	267.0,	238.781,			10.074,			1.244,			0.187
936,	2,	214.0,	241.264,			10.627,			1.107,			0.188
937,	1,	44.0,	241.394,			1.624,			0.207,			0.055
938,	1,	13.0,	241.515,			1.708,			0.234,			0.058
939,	1,	44.0,	241.698,			1.071,			0.234,			0.056
940,	1,	146.0,	241.726,			2.569,			0.219,			0.057
941,	1,	16.0,	242.272,			1.589,			0.17,			0.053
942,	1,	169.0,	242.496,			2.598,			0.267,			0.054
943,	1,	59.0,	242.735,			2.114,			0.208,			0.057
944,	2,	162.0,	243.873,			12.934,			1.159,			0.101
945,	1,	13.0,	244.342,			2.5,			0.147,			0.058
946,	2,	81.0,	247.373,			11.929,			1.262,			0.151
947,	2,	100.0,	247.691,			14.859,			1.349,			0.103
948,	1,	447.0,	248.577,			1.67,			0.205,			0.054
949,	1,	6.0,	249.101,			1.211,			0.166,			0.054
950,	1,	44.0,	249.571,			2.813,			0.142,			0.051
951,	1,	157.0,	249.977,			2.116,			0.225,			0.053
952,	2,	98.0,	250.939,			14.534,			1.048,			0.151
953,	2,	150.0,	251.307,			13.647,			1.292,			0.165
954,	1,	44.0,	252.577,			1.22,			0.238,			0.057
955,	2,	203.0,	254.516,			10.681,			1.294,			0.179
956,	2,	92.0,	254.977,			11.488,			1.233,			0.164
957,	1,	387.0,	255.906,			1.146,			0.201,			0.052
958,	2,	210.0,	256.303,			14.85,			1.326,			0.191
959,	1,	90.0,	257.087,			2.874,			0.191,			0.051
960,	2,	170.0,	258.806,			14.008,			1.195,			0.199
961,	2,	74.0,	259.862,			14.23,			1.285,			0.175
962,	1,	7.0,	261.483,			1.23,			0.266,			0.053
963,	1,	95.0,	262.382,			2.388,			0.221,			0.055
964,	1,	214.0,	262.538,			1.482,			0.251,			0.057
965,	2,	128.0,	262.606,			12.014,			1.2,			0.138
966,	1,	6.0,	264.461,			2.623,			0.241,			0.054
967,	2,	131.0,	264.543,			13.622,			1.29,			0.17
968,	1,	28.0,	264.837,			1.766,			0.225,			0.06
969,	2,	78.0,	265.278,			11.864,			1.397,			0.197
970,	2,	110.0,	265.375,			13.209,			1.208,			0.154
971,	1,	49.0,	265.41,			1.932,			0.119,			0.054
972,	2,	151.0,	265.831,			11.017,			1.055,			0.185
973,	1,	10.0,	266.103,			1.913,			0.166,			0.055
974,	2,	135.0,	268.136,			12.914,			1.239,			0.142
975,	2,	145.0,	268.444,			10.936,			1.117,			0.158
976,	2,	140.0,	268.851,			11.781,			1.219,			0.12
977,	2,	171.0,	269.153,			10.78,			1.183,			0.199
978,	2,	226.0,	269.366,			11.872,			1.166,			0.176
979,	2,	234.0,	271.38,			13.161,			1.133,			0.17
980,	2,	98.0,	271.891,			14.934,			1.28,			0.194
981,	2,	262.0,	272.246,			11.885,			1.278,			0.105
982,	2,	261.0,	274.376,			10.316,			1.328,			0.101
983,	2,	176.0,	276.399,			12.581,			1.404,			0.116
984,	1,	447.0,	276.901,			2.448,			0.184,			0.056
985,	2,	183.0,	281.489,			10.215,			1.465,			0.112
986,	1,	16.0,	281.553,			2.936,			0.159,			0.054
987,	2,	126.0,	283.831,			13.684,			1.001,			0.112
988,	2,	98.0,	284.591,			11.238,			1.427,			0.165
989,	1,	6.0,	285.276,			1.612,			0.22,			0.051
990,	2,	219.0,	287.068,			14.146,			1.207,			0.177
991,	2,	263.0,	287.156,			12.386,			1.231,			0.176
992,	2,	91.0,	288.595,			14.152,			1.188,			0.128
993,	2,	168.0,	289.92,			14.89,			1.284,			0.107
994,	2,	275.0,	290.581,			13.921,			1.431,			0.199
995,	1,	7.0,	291.907,			1.424,			0.231,			0.059
996,	2,	215.0,	292.093,			12.174,			1.421,			0.195
997,	2,	155.0,	293.789,			14.219,			1.461,			0.147
998,	2,	90.0,	294.501,			11.164,			1.029,			0.136
999,	2,	108.0,	296.052,			12.792,			1.031,			0.114
1000,	2,	134.0,	297.05,			14.136,			1.426,			0.121
