#, task_type_id, size, arrival_time,	execution_time_cpu,	execution_time_gpu,	execution_time_CLOUD
1,	1,	30.0,	0.0,			1.107,			0.27,			0.054
2,	2,	173.0,	0.793,			12.664,			1.413,			0.129
3,	2,	148.0,	1.07,			13.794,			1.248,			0.16
4,	2,	127.0,	8.589,			12.964,			1.025,			0.185
5,	2,	117.0,	10.146,			13.288,			1.119,			0.137
6,	1,	169.0,	11.473,			2.759,			0.128,			0.057
7,	2,	261.0,	11.744,			13.892,			1.498,			0.115
8,	2,	44.0,	11.877,			13.092,			1.149,			0.139
9,	2,	164.0,	13.001,			12.317,			1.196,			0.198
10,	2,	137.0,	14.308,			12.701,			1.32,			0.125
11,	1,	10.0,	15.978,			2.99,			0.216,			0.056
12,	1,	59.0,	16.269,			2.35,			0.175,			0.058
13,	1,	157.0,	19.133,			1.437,			0.182,			0.054
14,	1,	7.0,	21.515,			1.362,			0.228,			0.053
15,	1,	387.0,	21.633,			2.954,			0.27,			0.05
16,	2,	171.0,	22.792,			13.703,			1.196,			0.151
17,	1,	90.0,	24.611,			1.488,			0.252,			0.06
18,	1,	512.0,	25.369,			1.998,			0.248,			0.056
19,	2,	208.0,	27.412,			10.225,			1.066,			0.133
20,	1,	6.0,	29.848,			1.433,			0.297,			0.053
21,	2,	80.0,	30.215,			14.432,			1.108,			0.163
22,	2,	157.0,	32.873,			12.372,			1.341,			0.177
23,	2,	106.0,	33.114,			13.189,			1.393,			0.195
24,	2,	172.0,	33.505,			11.6,			1.409,			0.109
25,	2,	189.0,	34.034,			12.521,			1.425,			0.162
26,	2,	148.0,	35.195,			13.415,			1.322,			0.11
27,	1,	379.0,	35.638,			1.826,			0.255,			0.059
28,	2,	154.0,	36.685,			11.508,			1.469,			0.153
29,	1,	146.0,	36.773,			2.681,			0.231,			0.053
30,	1,	90.0,	38.152,			1.996,			0.161,			0.059
31,	2,	139.0,	39.403,			13.635,			1.231,			0.114
32,	1,	169.0,	39.785,			1.128,			0.243,			0.051
33,	2,	226.0,	40.006,			14.705,			1.163,			0.185
34,	1,	7.0,	40.069,			1.869,			0.147,			0.057
35,	2,	105.0,	41.371,			13.15,			1.063,			0.196
36,	1,	49.0,	42.251,			2.984,			0.216,			0.054
37,	2,	219.0,	43.427,			14.432,			1.229,			0.105
38,	1,	387.0,	43.538,			2.293,			0.2,			0.057
39,	2,	71.0,	43.942,			12.116,			1.127,			0.17
40,	1,	7.0,	43.976,			1.215,			0.174,			0.054
41,	2,	293.0,	44.822,			13.792,			1.05,			0.131
42,	2,	246.0,	44.994,			10.697,			1.423,			0.141
43,	2,	90.0,	47.592,			10.584,			1.33,			0.131
44,	1,	447.0,	47.814,			1.929,			0.166,			0.052
45,	2,	160.0,	47.951,			14.853,			1.269,			0.121
46,	2,	224.0,	48.521,			10.952,			1.473,			0.137
47,	2,	214.0,	49.343,			14.916,			1.279,			0.173
48,	1,	10.0,	49.539,			1.173,			0.259,			0.056
49,	1,	103.0,	49.766,			2.01,			0.198,			0.06
50,	1,	512.0,	50.743,			2.284,			0.187,			0.056
51,	2,	151.0,	50.897,			11.46,			1.139,			0.186
52,	1,	7.0,	52.08,			2.364,			0.217,			0.057
53,	2,	118.0,	52.355,			10.523,			1.438,			0.152
54,	2,	127.0,	52.934,			10.548,			1.272,			0.148
55,	1,	44.0,	53.012,			1.907,			0.273,			0.052
56,	2,	131.0,	53.316,			10.598,			1.411,			0.171
57,	1,	7.0,	53.662,			1.408,			0.111,			0.055
58,	1,	214.0,	54.503,			2.448,			0.179,			0.056
59,	1,	559.0,	54.727,			1.213,			0.147,			0.059
60,	1,	6.0,	54.977,			2.984,			0.195,			0.06
61,	2,	222.0,	55.625,			10.784,			1.085,			0.113
62,	1,	10.0,	56.094,			1.609,			0.195,			0.057
63,	1,	379.0,	56.871,			1.672,			0.195,			0.054
64,	1,	59.0,	57.55,			1.394,			0.109,			0.054
65,	2,	210.0,	58.244,			12.594,			1.187,			0.195
66,	2,	183.0,	58.518,			12.154,			1.452,			0.101
67,	2,	153.0,	58.709,			12.004,			1.137,			0.194
68,	1,	387.0,	58.846,			1.106,			0.104,			0.05
69,	1,	7.0,	58.868,			1.809,			0.221,			0.051
70,	1,	44.0,	58.884,			2.158,			0.247,			0.055
71,	1,	95.0,	59.563,			1.357,			0.125,			0.058
72,	2,	114.0,	59.836,			13.266,			1.121,			0.17
73,	1,	59.0,	60.293,			2.568,			0.265,			0.058
74,	1,	7.0,	60.765,			1.756,			0.129,			0.058
75,	2,	45.0,	60.971,			10.177,			1.332,			0.188
76,	1,	214.0,	61.54,			2.31,			0.238,			0.058
77,	1,	447.0,	62.329,			1.025,			0.253,			0.057
78,	1,	6.0,	63.746,			2.627,			0.287,			0.054
79,	2,	98.0,	63.861,			11.884,			1.465,			0.125
80,	2,	80.0,	64.293,			13.735,			1.05,			0.166
81,	1,	49.0,	64.568,			2.381,			0.199,			0.05
82,	1,	6.0,	65.792,			2.273,			0.176,			0.054
83,	2,	127.0,	65.922,			13.289,			1.239,			0.122
84,	1,	126.0,	66.878,			1.996,			0.141,			0.057
85,	1,	559.0,	67.032,			1.477,			0.103,			0.057
86,	1,	59.0,	67.332,			1.637,			0.271,			0.06
87,	1,	28.0,	67.727,			1.269,			0.152,			0.051
88,	1,	146.0,	67.962,			2.685,			0.195,			0.059
89,	1,	16.0,	67.97,			2.438,			0.219,			0.056
90,	2,	237.0,	67.978,			10.629,			1.264,			0.197
91,	1,	214.0,	68.124,			1.386,			0.131,			0.052
92,	1,	7.0,	68.203,			1.979,			0.272,			0.054
93,	1,	7.0,	68.358,			2.31,			0.233,			0.058
94,	1,	379.0,	68.654,			1.112,			0.151,			0.054
95,	1,	90.0,	68.883,			1.667,			0.298,			0.055
96,	1,	6.0,	70.058,			2.711,			0.167,			0.055
97,	1,	103.0,	70.669,			2.986,			0.169,			0.058
98,	2,	113.0,	71.618,			14.624,			1.355,			0.175
99,	1,	387.0,	72.32,			2.645,			0.256,			0.054
100,	2,	146.0,	72.364,			11.09,			1.187,			0.105
101,	2,	168.0,	72.938,			11.09,			1.021,			0.101
102,	1,	7.0,	73.507,			2.393,			0.225,			0.06
103,	1,	157.0,	73.543,			2.776,			0.157,			0.059
104,	1,	157.0,	73.548,			1.553,			0.203,			0.056
105,	1,	214.0,	73.94,			1.372,			0.14,			0.055
106,	1,	7.0,	74.913,			1.119,			0.166,			0.058
107,	1,	10.0,	75.164,			2.381,			0.285,			0.052
108,	1,	559.0,	75.433,			1.164,			0.192,			0.055
109,	1,	387.0,	76.386,			1.494,			0.166,			0.058
110,	1,	387.0,	76.673,			2.939,			0.27,			0.06
111,	1,	6.0,	77.241,			2.187,			0.117,			0.056
112,	1,	559.0,	77.256,			1.728,			0.112,			0.056
113,	1,	95.0,	77.415,			2.167,			0.29,			0.051
114,	2,	62.0,	77.739,			10.756,			1.42,			0.143
115,	1,	44.0,	78.23,			1.173,			0.166,			0.051
116,	1,	7.0,	78.422,			2.438,			0.208,			0.053
117,	1,	7.0,	78.772,			1.853,			0.121,			0.054
118,	2,	88.0,	78.95,			12.664,			1.095,			0.11
119,	1,	559.0,	79.084,			1.078,			0.297,			0.051
120,	2,	95.0,	79.428,			10.592,			1.319,			0.13
121,	1,	169.0,	80.355,			2.832,			0.244,			0.051
122,	1,	512.0,	80.768,			2.43,			0.234,			0.06
123,	1,	49.0,	80.818,			2.562,			0.197,			0.058
124,	1,	95.0,	82.126,			1.424,			0.261,			0.055
125,	1,	49.0,	82.32,			1.464,			0.217,			0.056
126,	1,	103.0,	82.554,			2.973,			0.142,			0.053
127,	1,	512.0,	82.662,			1.631,			0.267,			0.056
128,	2,	61.0,	82.94,			14.741,			1.04,			0.161
129,	2,	140.0,	83.032,			14.49,			1.168,			0.164
130,	1,	512.0,	83.438,			2.449,			0.206,			0.05
131,	1,	7.0,	84.029,			2.298,			0.168,			0.054
132,	1,	146.0,	84.824,			2.1,			0.288,			0.054
133,	1,	44.0,	85.19,			2.796,			0.28,			0.055
134,	2,	299.0,	85.21,			10.618,			1.347,			0.176
135,	2,	84.0,	85.421,			11.335,			1.473,			0.111
136,	1,	6.0,	85.422,			1.752,			0.275,			0.059
137,	1,	169.0,	86.265,			2.623,			0.157,			0.052
138,	2,	156.0,	86.39,			14.268,			1.208,			0.144
139,	2,	314.0,	87.148,			11.438,			1.33,			0.181
140,	1,	95.0,	87.278,			2.063,			0.109,			0.059
141,	1,	103.0,	87.544,			1.929,			0.295,			0.059
142,	1,	169.0,	87.653,			1.698,			0.268,			0.059
143,	1,	7.0,	88.035,			2.695,			0.186,			0.058
144,	2,	127.0,	89.295,			14.804,			1.477,			0.103
145,	1,	157.0,	89.714,			1.566,			0.139,			0.051
146,	1,	6.0,	90.215,			1.908,			0.28,			0.058
147,	1,	10.0,	90.954,			1.597,			0.168,			0.053
148,	1,	559.0,	90.988,			1.637,			0.28,			0.052
149,	1,	498.0,	91.297,			1.168,			0.166,			0.053
150,	1,	387.0,	92.164,			1.432,			0.272,			0.05
151,	1,	44.0,	94.216,			2.532,			0.206,			0.052
152,	1,	498.0,	94.388,			1.035,			0.279,			0.052
153,	1,	6.0,	94.851,			1.532,			0.133,			0.054
154,	1,	379.0,	95.229,			1.004,			0.259,			0.056
155,	1,	7.0,	95.784,			1.391,			0.277,			0.051
156,	1,	387.0,	95.918,			2.911,			0.11,			0.054
157,	1,	16.0,	96.185,			2.87,			0.249,			0.06
158,	1,	512.0,	96.221,			1.988,			0.142,			0.06
159,	2,	112.0,	96.402,			10.011,			1.119,			0.144
160,	1,	7.0,	96.459,			2.457,			0.235,			0.05
161,	1,	157.0,	96.531,			2.926,			0.173,			0.052
162,	2,	68.0,	96.788,			14.929,			1.491,			0.109
163,	1,	559.0,	96.866,			2.685,			0.234,			0.05
164,	1,	10.0,	96.891,			2.366,			0.283,			0.051
165,	1,	498.0,	97.125,			2.984,			0.16,			0.054
166,	2,	105.0,	97.4,			12.826,			1.241,			0.178
167,	1,	44.0,	97.529,			1.929,			0.237,			0.058
168,	2,	278.0,	97.531,			11.99,			1.086,			0.11
169,	2,	103.0,	97.694,			14.204,			1.065,			0.109
170,	1,	44.0,	97.766,			1.322,			0.128,			0.056
171,	1,	6.0,	98.397,			2.795,			0.108,			0.054
172,	1,	44.0,	98.705,			1.541,			0.297,			0.058
173,	1,	44.0,	98.927,			2.888,			0.137,			0.058
174,	1,	44.0,	98.977,			1.482,			0.198,			0.056
175,	1,	214.0,	99.022,			1.811,			0.182,			0.057
176,	1,	10.0,	99.254,			2.486,			0.184,			0.053
177,	1,	379.0,	99.415,			1.044,			0.113,			0.055
178,	1,	379.0,	99.571,			1.086,			0.166,			0.057
179,	1,	126.0,	99.665,			1.083,			0.129,			0.057
180,	1,	7.0,	99.971,			2.813,			0.299,			0.055
181,	1,	214.0,	100.708,			2.852,			0.279,			0.058
182,	1,	559.0,	100.734,			2.655,			0.282,			0.056
183,	1,	6.0,	101.232,			2.28,			0.241,			0.053
184,	1,	95.0,	101.421,			1.434,			0.184,			0.055
185,	2,	157.0,	101.441,			14.376,			1.098,			0.138
186,	1,	16.0,	101.495,			1.45,			0.265,			0.053
187,	1,	6.0,	101.984,			1.488,			0.21,			0.052
188,	1,	6.0,	102.038,			1.814,			0.169,			0.053
189,	1,	44.0,	102.05,			1.024,			0.292,			0.051
190,	1,	7.0,	102.251,			1.784,			0.17,			0.054
191,	1,	120.0,	102.52,			2.96,			0.278,			0.055
192,	1,	6.0,	102.795,			1.956,			0.125,			0.051
193,	1,	10.0,	103.317,			2.298,			0.146,			0.051
194,	1,	559.0,	103.515,			1.525,			0.21,			0.055
195,	1,	498.0,	103.682,			1.482,			0.265,			0.059
196,	1,	169.0,	104.074,			2.571,			0.198,			0.052
197,	1,	7.0,	104.244,			1.732,			0.231,			0.055
198,	1,	214.0,	104.265,			1.624,			0.215,			0.054
199,	1,	157.0,	104.504,			2.914,			0.294,			0.054
200,	1,	169.0,	104.625,			1.791,			0.194,			0.059
201,	1,	16.0,	105.015,			1.62,			0.268,			0.052
202,	1,	169.0,	105.2,			2.901,			0.193,			0.06
203,	1,	10.0,	105.382,			2.301,			0.247,			0.05
204,	1,	49.0,	105.488,			2.714,			0.15,			0.059
205,	1,	379.0,	105.726,			1.407,			0.136,			0.055
206,	1,	95.0,	105.793,			1.406,			0.222,			0.057
207,	1,	7.0,	105.964,			1.229,			0.129,			0.059
208,	1,	59.0,	106.007,			2.735,			0.161,			0.055
209,	2,	192.0,	106.152,			11.896,			1.369,			0.19
210,	2,	144.0,	106.273,			14.842,			1.1,			0.139
211,	1,	44.0,	106.435,			1.252,			0.249,			0.06
212,	1,	379.0,	106.472,			2.651,			0.142,			0.053
213,	1,	447.0,	106.727,			1.587,			0.257,			0.059
214,	1,	44.0,	106.75,			2.936,			0.294,			0.051
215,	1,	512.0,	106.793,			1.482,			0.142,			0.051
216,	1,	120.0,	107.077,			1.353,			0.159,			0.057
217,	1,	214.0,	107.416,			1.67,			0.187,			0.057
218,	1,	6.0,	107.591,			1.663,			0.217,			0.055
219,	1,	447.0,	107.878,			1.811,			0.297,			0.059
220,	1,	498.0,	108.054,			2.503,			0.227,			0.053
221,	1,	126.0,	108.611,			1.607,			0.133,			0.056
222,	1,	7.0,	108.648,			1.591,			0.217,			0.055
223,	1,	90.0,	108.971,			2.973,			0.182,			0.053
224,	1,	146.0,	109.08,			2.659,			0.101,			0.051
225,	1,	16.0,	109.089,			1.653,			0.275,			0.055
226,	1,	146.0,	109.264,			1.019,			0.109,			0.059
227,	1,	379.0,	109.479,			1.947,			0.151,			0.051
228,	2,	206.0,	109.499,			11.709,			1.244,			0.176
229,	1,	6.0,	109.592,			1.933,			0.216,			0.055
230,	1,	146.0,	109.609,			2.104,			0.198,			0.06
231,	1,	169.0,	109.702,			2.284,			0.246,			0.06
232,	1,	44.0,	109.772,			1.245,			0.103,			0.059
233,	1,	103.0,	110.01,			1.22,			0.273,			0.059
234,	1,	16.0,	110.046,			1.13,			0.249,			0.055
235,	2,	81.0,	110.104,			13.648,			1.456,			0.126
236,	1,	498.0,	110.345,			2.556,			0.108,			0.06
237,	1,	387.0,	110.9,			2.991,			0.176,			0.057
238,	1,	120.0,	110.973,			1.952,			0.265,			0.051
239,	1,	6.0,	110.992,			1.979,			0.113,			0.057
240,	1,	7.0,	111.183,			1.524,			0.298,			0.052
241,	1,	447.0,	111.186,			2.556,			0.135,			0.052
242,	2,	204.0,	111.264,			12.214,			1.337,			0.16
243,	1,	126.0,	111.27,			1.504,			0.106,			0.054
244,	2,	132.0,	111.46,			12.304,			1.137,			0.168
245,	2,	317.0,	111.779,			11.317,			1.493,			0.137
246,	1,	7.0,	111.794,			2.618,			0.147,			0.05
247,	1,	120.0,	112.014,			2.983,			0.219,			0.057
248,	2,	216.0,	112.066,			13.801,			1.1,			0.152
249,	1,	387.0,	112.256,			2.346,			0.291,			0.058
250,	1,	59.0,	112.302,			2.198,			0.233,			0.055
251,	1,	7.0,	112.58,			1.679,			0.189,			0.055
252,	1,	559.0,	112.735,			1.121,			0.11,			0.054
253,	1,	498.0,	113.488,			2.388,			0.197,			0.058
254,	1,	44.0,	113.746,			1.75,			0.279,			0.053
255,	1,	379.0,	113.932,			1.358,			0.263,			0.056
256,	1,	7.0,	113.946,			2.324,			0.214,			0.06
257,	1,	387.0,	114.046,			2.9,			0.193,			0.051
258,	2,	122.0,	114.076,			10.335,			1.103,			0.107
259,	2,	81.0,	114.205,			11.238,			1.424,			0.169
260,	1,	214.0,	114.507,			2.314,			0.241,			0.058
261,	1,	146.0,	114.917,			1.558,			0.275,			0.059
262,	1,	498.0,	114.979,			1.317,			0.222,			0.054
263,	1,	10.0,	115.194,			1.671,			0.15,			0.06
264,	2,	157.0,	115.229,			11.002,			1.337,			0.141
265,	1,	6.0,	115.422,			2.198,			0.254,			0.056
266,	1,	28.0,	115.471,			1.314,			0.285,			0.051
267,	1,	7.0,	115.481,			1.322,			0.249,			0.059
268,	1,	126.0,	115.507,			2.03,			0.169,			0.06
269,	1,	16.0,	115.519,			1.581,			0.222,			0.058
270,	1,	6.0,	115.811,			1.144,			0.18,			0.058
271,	1,	90.0,	115.949,			2.073,			0.169,			0.05
272,	1,	169.0,	115.994,			1.031,			0.202,			0.051
273,	1,	146.0,	116.019,			2.09,			0.193,			0.051
274,	1,	447.0,	116.17,			2.96,			0.295,			0.056
275,	2,	215.0,	116.334,			13.463,			1.497,			0.138
276,	1,	120.0,	116.371,			1.431,			0.227,			0.059
277,	1,	169.0,	116.81,			2.252,			0.194,			0.052
278,	1,	559.0,	116.877,			1.482,			0.17,			0.056
279,	1,	379.0,	117.497,			2.78,			0.297,			0.054
280,	1,	16.0,	117.783,			2.52,			0.183,			0.059
281,	2,	195.0,	118.03,			14.53,			1.493,			0.18
282,	1,	49.0,	118.148,			2.438,			0.15,			0.054
283,	1,	146.0,	118.232,			1.266,			0.175,			0.055
284,	1,	30.0,	118.283,			1.325,			0.205,			0.054
285,	2,	142.0,	118.324,			11.017,			1.463,			0.135
286,	1,	13.0,	118.462,			1.366,			0.281,			0.06
287,	1,	90.0,	118.975,			2.947,			0.12,			0.055
288,	1,	28.0,	119.282,			2.973,			0.279,			0.055
289,	1,	103.0,	119.336,			1.307,			0.121,			0.053
290,	1,	103.0,	119.378,			1.23,			0.187,			0.056
291,	1,	16.0,	119.944,			1.08,			0.127,			0.051
292,	1,	49.0,	119.966,			2.198,			0.159,			0.058
293,	1,	16.0,	120.0,			2.972,			0.187,			0.054
294,	1,	498.0,	120.515,			2.169,			0.192,			0.058
295,	1,	7.0,	120.942,			2.138,			0.192,			0.051
296,	1,	13.0,	120.956,			1.164,			0.139,			0.051
297,	2,	200.0,	120.96,			13.849,			1.194,			0.125
298,	2,	115.0,	121.079,			11.878,			1.154,			0.126
299,	1,	6.0,	121.597,			2.632,			0.299,			0.054
300,	1,	95.0,	121.854,			1.561,			0.169,			0.051
301,	1,	44.0,	121.904,			1.682,			0.125,			0.053
302,	1,	44.0,	122.026,			1.496,			0.159,			0.059
303,	1,	44.0,	122.284,			2.316,			0.22,			0.058
304,	1,	447.0,	122.418,			2.398,			0.21,			0.058
305,	1,	559.0,	122.768,			2.52,			0.113,			0.053
306,	1,	447.0,	122.854,			2.169,			0.202,			0.06
307,	1,	447.0,	123.7,			2.984,			0.146,			0.052
308,	1,	120.0,	123.99,			1.157,			0.111,			0.055
309,	1,	30.0,	124.019,			2.252,			0.193,			0.057
310,	1,	379.0,	124.117,			1.61,			0.268,			0.059
311,	1,	44.0,	124.528,			1.825,			0.283,			0.06
312,	1,	95.0,	124.834,			1.483,			0.193,			0.056
313,	1,	44.0,	124.862,			2.01,			0.267,			0.057
314,	1,	13.0,	124.98,			2.232,			0.272,			0.056
315,	1,	7.0,	125.134,			1.173,			0.275,			0.051
316,	1,	7.0,	125.21,			2.76,			0.233,			0.055
317,	1,	126.0,	125.236,			1.119,			0.173,			0.052
318,	1,	6.0,	125.37,			1.406,			0.159,			0.058
319,	1,	157.0,	126.095,			2.509,			0.167,			0.057
320,	1,	498.0,	126.255,			2.52,			0.258,			0.051
321,	1,	59.0,	126.808,			1.282,			0.288,			0.052
322,	1,	6.0,	126.834,			2.2,			0.161,			0.059
323,	1,	7.0,	126.936,			2.03,			0.121,			0.058
324,	2,	352.0,	127.035,			10.782,			1.167,			0.182
325,	1,	559.0,	127.063,			2.761,			0.225,			0.059
326,	1,	44.0,	127.082,			1.807,			0.222,			0.057
327,	1,	44.0,	127.101,			2.76,			0.282,			0.055
328,	1,	214.0,	127.101,			2.018,			0.269,			0.058
329,	1,	49.0,	127.131,			2.276,			0.16,			0.053
330,	1,	90.0,	127.178,			2.074,			0.191,			0.051
331,	1,	44.0,	127.242,			1.211,			0.182,			0.054
332,	1,	214.0,	127.334,			1.098,			0.222,			0.057
333,	1,	447.0,	127.558,			2.889,			0.241,			0.058
334,	2,	110.0,	127.618,			14.646,			1.239,			0.116
335,	1,	559.0,	127.64,			2.167,			0.258,			0.054
336,	1,	30.0,	127.959,			1.148,			0.155,			0.052
337,	1,	30.0,	128.363,			2.659,			0.107,			0.052
338,	2,	154.0,	128.505,			11.872,			1.405,			0.125
339,	1,	44.0,	128.579,			2.479,			0.112,			0.054
340,	1,	7.0,	128.699,			1.99,			0.176,			0.052
341,	1,	103.0,	128.871,			1.485,			0.209,			0.053
342,	1,	126.0,	128.944,			2.378,			0.221,			0.056
343,	1,	447.0,	129.291,			1.048,			0.163,			0.06
344,	1,	103.0,	129.352,			1.947,			0.2,			0.059
345,	1,	214.0,	129.482,			1.433,			0.205,			0.057
346,	1,	28.0,	129.927,			1.848,			0.262,			0.054
347,	1,	387.0,	130.523,			1.211,			0.221,			0.05
348,	2,	108.0,	130.833,			14.114,			1.471,			0.179
349,	2,	271.0,	130.926,			13.921,			1.111,			0.178
350,	1,	90.0,	131.014,			1.924,			0.164,			0.059
351,	1,	559.0,	131.027,			2.006,			0.258,			0.057
352,	1,	44.0,	131.189,			2.074,			0.257,			0.054
353,	1,	120.0,	131.216,			1.356,			0.189,			0.059
354,	1,	498.0,	131.234,			2.047,			0.222,			0.059
355,	1,	13.0,	131.457,			1.827,			0.221,			0.052
356,	1,	447.0,	131.477,			1.561,			0.216,			0.055
357,	1,	95.0,	131.606,			1.732,			0.263,			0.051
358,	1,	498.0,	132.045,			2.969,			0.11,			0.05
359,	1,	10.0,	132.543,			1.968,			0.192,			0.06
360,	1,	10.0,	132.76,			1.581,			0.225,			0.054
361,	1,	7.0,	132.806,			1.667,			0.17,			0.054
362,	1,	95.0,	132.938,			1.994,			0.146,			0.055
363,	2,	195.0,	132.949,			14.36,			1.214,			0.183
364,	1,	146.0,	133.161,			2.914,			0.156,			0.05
365,	1,	7.0,	133.256,			2.795,			0.149,			0.058
366,	1,	44.0,	133.312,			1.768,			0.209,			0.052
367,	1,	447.0,	133.557,			2.936,			0.148,			0.054
368,	1,	7.0,	133.886,			1.395,			0.13,			0.053
369,	1,	95.0,	133.939,			2.324,			0.142,			0.059
370,	2,	166.0,	134.021,			10.924,			1.334,			0.118
371,	1,	7.0,	134.087,			2.155,			0.183,			0.052
372,	1,	103.0,	134.106,			1.968,			0.275,			0.057
373,	1,	59.0,	134.311,			1.157,			0.133,			0.057
374,	1,	126.0,	134.624,			2.26,			0.249,			0.054
375,	1,	30.0,	134.805,			2.842,			0.184,			0.051
376,	1,	7.0,	134.865,			1.613,			0.295,			0.059
377,	1,	169.0,	135.443,			2.398,			0.217,			0.054
378,	1,	95.0,	135.459,			1.97,			0.191,			0.06
379,	1,	7.0,	135.629,			1.719,			0.256,			0.053
380,	1,	7.0,	135.661,			1.981,			0.202,			0.059
381,	1,	214.0,	135.899,			2.717,			0.154,			0.056
382,	1,	44.0,	136.05,			1.825,			0.229,			0.055
383,	1,	95.0,	136.219,			1.052,			0.192,			0.052
384,	1,	7.0,	136.318,			1.043,			0.294,			0.055
385,	1,	28.0,	136.386,			2.748,			0.197,			0.056
386,	1,	157.0,	136.687,			2.588,			0.232,			0.055
387,	1,	95.0,	136.765,			1.403,			0.151,			0.053
388,	2,	76.0,	136.774,			13.977,			1.4,			0.123
389,	1,	16.0,	136.918,			2.065,			0.109,			0.051
390,	1,	44.0,	137.031,			1.886,			0.267,			0.054
391,	1,	90.0,	137.388,			1.024,			0.189,			0.056
392,	1,	214.0,	137.542,			1.642,			0.284,			0.054
393,	1,	16.0,	138.213,			2.491,			0.166,			0.059
394,	1,	30.0,	138.226,			1.486,			0.177,			0.052
395,	2,	185.0,	138.341,			12.964,			1.025,			0.145
396,	1,	120.0,	138.373,			1.626,			0.2,			0.054
397,	1,	214.0,	138.733,			1.982,			0.276,			0.059
398,	1,	498.0,	138.746,			1.742,			0.161,			0.057
399,	1,	126.0,	138.806,			1.841,			0.21,			0.052
400,	1,	13.0,	138.871,			2.58,			0.265,			0.059
401,	1,	7.0,	138.872,			1.173,			0.215,			0.05
402,	1,	13.0,	138.902,			1.305,			0.221,			0.055
403,	1,	214.0,	139.007,			2.222,			0.124,			0.053
404,	1,	7.0,	139.167,			1.018,			0.101,			0.059
405,	1,	7.0,	139.356,			1.859,			0.117,			0.053
406,	1,	103.0,	139.38,			1.499,			0.108,			0.057
407,	2,	208.0,	139.671,			11.393,			1.218,			0.136
408,	1,	44.0,	139.994,			1.114,			0.138,			0.06
409,	1,	7.0,	140.125,			1.45,			0.101,			0.052
410,	1,	498.0,	140.173,			1.188,			0.191,			0.054
411,	1,	146.0,	140.371,			2.223,			0.282,			0.05
412,	1,	13.0,	140.574,			1.091,			0.158,			0.054
413,	1,	6.0,	140.749,			1.467,			0.276,			0.051
414,	1,	16.0,	140.844,			1.192,			0.166,			0.054
415,	1,	28.0,	141.198,			1.581,			0.279,			0.053
416,	1,	379.0,	141.995,			1.968,			0.19,			0.056
417,	1,	387.0,	142.526,			1.776,			0.209,			0.058
418,	1,	512.0,	142.791,			2.622,			0.253,			0.058
419,	1,	49.0,	142.936,			2.282,			0.207,			0.051
420,	1,	447.0,	142.974,			2.565,			0.146,			0.056
421,	1,	59.0,	143.003,			2.8,			0.272,			0.06
422,	1,	146.0,	143.09,			1.105,			0.238,			0.051
423,	1,	498.0,	143.237,			2.179,			0.203,			0.059
424,	1,	95.0,	143.574,			1.437,			0.195,			0.055
425,	2,	81.0,	143.588,			14.786,			1.215,			0.122
426,	1,	59.0,	143.911,			2.759,			0.161,			0.052
427,	1,	387.0,	144.043,			1.655,			0.191,			0.051
428,	1,	126.0,	144.123,			2.398,			0.247,			0.053
429,	1,	13.0,	144.151,			1.612,			0.271,			0.052
430,	1,	387.0,	144.156,			2.398,			0.18,			0.053
431,	1,	49.0,	144.524,			1.169,			0.249,			0.055
432,	1,	559.0,	144.62,			1.791,			0.263,			0.055
433,	1,	16.0,	144.702,			1.844,			0.288,			0.052
434,	1,	7.0,	144.729,			1.433,			0.216,			0.06
435,	1,	49.0,	144.921,			2.324,			0.254,			0.053
436,	1,	49.0,	145.171,			1.157,			0.146,			0.06
437,	1,	7.0,	145.175,			2.318,			0.21,			0.06
438,	1,	559.0,	145.178,			1.809,			0.172,			0.056
439,	1,	90.0,	145.25,			2.879,			0.135,			0.059
440,	1,	387.0,	145.322,			2.131,			0.234,			0.058
441,	1,	95.0,	145.348,			2.858,			0.276,			0.058
442,	1,	6.0,	145.498,			2.787,			0.141,			0.054
443,	1,	214.0,	145.652,			1.719,			0.201,			0.051
444,	1,	49.0,	145.733,			2.87,			0.12,			0.06
445,	1,	44.0,	146.178,			1.683,			0.187,			0.056
446,	1,	498.0,	146.34,			1.637,			0.114,			0.054
447,	1,	379.0,	146.388,			2.623,			0.189,			0.052
448,	1,	10.0,	146.407,			2.556,			0.152,			0.057
449,	2,	249.0,	146.483,			12.214,			1.442,			0.182
450,	1,	7.0,	146.58,			2.991,			0.147,			0.056
451,	1,	387.0,	146.703,			2.726,			0.289,			0.058
452,	1,	90.0,	146.742,			2.302,			0.295,			0.057
453,	1,	447.0,	146.836,			1.204,			0.15,			0.054
454,	2,	280.0,	146.855,			10.099,			1.32,			0.137
455,	1,	95.0,	146.914,			2.623,			0.282,			0.055
456,	1,	157.0,	147.382,			2.282,			0.267,			0.056
457,	1,	44.0,	147.784,			1.631,			0.115,			0.058
458,	1,	30.0,	147.991,			1.688,			0.146,			0.052
459,	2,	272.0,	148.045,			11.781,			1.154,			0.111
460,	1,	13.0,	148.07,			2.879,			0.238,			0.058
461,	1,	6.0,	148.313,			1.26,			0.227,			0.057
462,	2,	76.0,	148.535,			14.49,			1.376,			0.129
463,	1,	16.0,	148.631,			2.56,			0.254,			0.051
464,	1,	7.0,	148.662,			1.928,			0.162,			0.054
465,	1,	7.0,	148.883,			2.358,			0.185,			0.055
466,	1,	126.0,	149.178,			2.612,			0.26,			0.055
467,	2,	175.0,	149.227,			11.075,			1.453,			0.156
468,	1,	214.0,	149.357,			2.954,			0.287,			0.059
469,	1,	146.0,	149.451,			1.9,			0.14,			0.053
470,	1,	512.0,	149.68,			2.653,			0.17,			0.056
471,	1,	6.0,	149.727,			2.151,			0.263,			0.051
472,	1,	7.0,	149.739,			2.055,			0.123,			0.059
473,	1,	44.0,	150.222,			1.776,			0.282,			0.052
474,	1,	6.0,	150.812,			1.489,			0.298,			0.057
475,	1,	30.0,	151.139,			2.299,			0.298,			0.06
476,	1,	379.0,	151.324,			1.445,			0.239,			0.056
477,	1,	7.0,	151.354,			1.924,			0.21,			0.052
478,	1,	6.0,	151.486,			1.158,			0.282,			0.052
479,	1,	512.0,	151.557,			1.442,			0.221,			0.058
480,	1,	512.0,	151.689,			2.984,			0.236,			0.054
481,	1,	6.0,	151.834,			1.592,			0.268,			0.059
482,	1,	498.0,	151.859,			2.661,			0.297,			0.054
483,	1,	7.0,	151.88,			2.522,			0.177,			0.055
484,	1,	59.0,	152.023,			1.631,			0.166,			0.059
485,	1,	6.0,	152.027,			1.112,			0.267,			0.058
486,	1,	49.0,	152.074,			1.27,			0.166,			0.055
487,	1,	6.0,	152.199,			1.164,			0.28,			0.053
488,	1,	28.0,	152.34,			1.211,			0.104,			0.055
489,	1,	28.0,	152.64,			2.479,			0.293,			0.057
490,	1,	7.0,	152.651,			2.52,			0.159,			0.051
491,	1,	44.0,	152.898,			2.479,			0.255,			0.056
492,	1,	44.0,	152.925,			2.322,			0.222,			0.051
493,	1,	16.0,	153.032,			2.914,			0.244,			0.057
494,	2,	92.0,	153.083,			10.146,			1.241,			0.141
495,	2,	156.0,	153.144,			13.816,			1.069,			0.103
496,	1,	59.0,	153.399,			2.366,			0.242,			0.058
497,	1,	6.0,	153.425,			1.019,			0.16,			0.056
498,	1,	6.0,	153.677,			2.193,			0.164,			0.056
499,	1,	49.0,	153.778,			2.293,			0.206,			0.057
500,	1,	7.0,	153.783,			2.298,			0.11,			0.053
501,	2,	204.0,	153.819,			14.716,			1.322,			0.195
502,	1,	126.0,	154.033,			1.417,			0.159,			0.05
503,	1,	559.0,	154.118,			2.436,			0.229,			0.057
504,	1,	30.0,	154.166,			2.842,			0.195,			0.054
505,	1,	214.0,	154.668,			1.607,			0.136,			0.057
506,	1,	7.0,	155.009,			2.659,			0.222,			0.055
507,	1,	28.0,	155.182,			1.927,			0.209,			0.058
508,	1,	10.0,	155.636,			1.97,			0.287,			0.053
509,	1,	28.0,	155.932,			2.43,			0.254,			0.052
510,	2,	151.0,	155.988,			12.88,			1.458,			0.179
511,	1,	90.0,	156.159,			1.173,			0.233,			0.051
512,	1,	447.0,	156.345,			1.018,			0.159,			0.053
513,	1,	7.0,	156.499,			2.709,			0.135,			0.052
514,	1,	49.0,	156.526,			2.947,			0.195,			0.054
515,	1,	512.0,	156.557,			1.513,			0.139,			0.051
516,	1,	559.0,	156.569,			2.454,			0.288,			0.05
517,	1,	559.0,	156.569,			1.561,			0.101,			0.051
518,	1,	6.0,	156.917,			2.438,			0.151,			0.052
519,	1,	387.0,	156.98,			2.279,			0.218,			0.059
520,	1,	28.0,	157.248,			2.618,			0.178,			0.051
521,	1,	512.0,	157.522,			2.598,			0.208,			0.059
522,	1,	120.0,	157.722,			2.857,			0.113,			0.06
523,	1,	7.0,	157.762,			2.581,			0.23,			0.054
524,	1,	146.0,	157.794,			1.843,			0.183,			0.06
525,	1,	447.0,	158.117,			1.985,			0.207,			0.055
526,	1,	146.0,	158.13,			1.402,			0.245,			0.052
527,	1,	512.0,	158.204,			2.284,			0.131,			0.052
528,	1,	103.0,	158.593,			2.858,			0.171,			0.055
529,	1,	6.0,	158.681,			1.282,			0.21,			0.055
530,	1,	59.0,	158.778,			2.36,			0.207,			0.05
531,	1,	169.0,	158.858,			1.226,			0.231,			0.054
532,	1,	7.0,	159.24,			2.278,			0.251,			0.056
533,	1,	214.0,	159.256,			2.104,			0.12,			0.058
534,	1,	6.0,	159.286,			2.169,			0.258,			0.056
535,	1,	7.0,	159.312,			1.086,			0.265,			0.051
536,	1,	6.0,	159.396,			1.038,			0.185,			0.053
537,	1,	7.0,	159.724,			2.852,			0.266,			0.054
538,	1,	126.0,	159.806,			2.057,			0.273,			0.051
539,	1,	44.0,	159.993,			2.429,			0.212,			0.055
540,	2,	238.0,	160.019,			11.764,			1.44,			0.185
541,	2,	205.0,	160.392,			13.958,			1.086,			0.112
542,	1,	95.0,	160.497,			1.431,			0.141,			0.051
543,	1,	95.0,	160.534,			2.857,			0.255,			0.056
544,	1,	10.0,	160.677,			1.988,			0.103,			0.057
545,	1,	6.0,	160.719,			2.342,			0.243,			0.058
546,	1,	103.0,	160.798,			2.273,			0.161,			0.057
547,	1,	90.0,	160.821,			1.557,			0.15,			0.056
548,	1,	214.0,	160.889,			1.912,			0.228,			0.059
549,	1,	498.0,	161.125,			1.883,			0.257,			0.05
550,	2,	138.0,	161.22,			13.86,			1.245,			0.194
551,	1,	146.0,	161.717,			2.799,			0.222,			0.05
552,	1,	30.0,	161.808,			1.031,			0.169,			0.056
553,	1,	7.0,	161.865,			1.857,			0.226,			0.059
554,	1,	379.0,	161.867,			2.763,			0.139,			0.054
555,	1,	103.0,	162.35,			1.965,			0.242,			0.057
556,	1,	559.0,	162.55,			1.956,			0.182,			0.057
557,	1,	95.0,	162.742,			1.588,			0.228,			0.053
558,	1,	90.0,	162.832,			2.932,			0.211,			0.059
559,	1,	447.0,	163.045,			2.862,			0.292,			0.051
560,	1,	28.0,	163.049,			1.169,			0.17,			0.053
561,	1,	16.0,	163.288,			2.293,			0.167,			0.054
562,	1,	28.0,	163.316,			2.448,			0.254,			0.051
563,	1,	7.0,	163.44,			1.571,			0.174,			0.059
564,	1,	120.0,	163.555,			2.58,			0.298,			0.05
565,	1,	120.0,	163.963,			2.288,			0.262,			0.052
566,	1,	7.0,	164.218,			2.398,			0.157,			0.056
567,	2,	234.0,	164.235,			11.639,			1.408,			0.16
568,	1,	498.0,	164.281,			1.701,			0.122,			0.051
569,	1,	7.0,	164.319,			1.651,			0.111,			0.054
570,	2,	115.0,	164.661,			13.645,			1.172,			0.104
571,	1,	379.0,	165.173,			2.427,			0.299,			0.054
572,	2,	171.0,	165.383,			11.876,			1.27,			0.119
573,	1,	6.0,	165.4,			1.706,			0.279,			0.058
574,	1,	126.0,	166.012,			1.551,			0.292,			0.054
575,	1,	7.0,	166.059,			2.684,			0.236,			0.06
576,	2,	38.0,	166.149,			12.089,			1.471,			0.138
577,	1,	7.0,	166.201,			2.35,			0.174,			0.057
578,	1,	126.0,	166.372,			1.413,			0.169,			0.051
579,	1,	512.0,	166.664,			2.673,			0.299,			0.054
580,	1,	103.0,	166.852,			1.952,			0.198,			0.051
581,	1,	6.0,	167.033,			1.843,			0.238,			0.053
582,	1,	16.0,	167.075,			1.007,			0.138,			0.054
583,	1,	44.0,	167.106,			1.651,			0.284,			0.051
584,	1,	103.0,	167.121,			1.582,			0.277,			0.052
585,	2,	177.0,	167.316,			12.315,			1.103,			0.109
586,	1,	7.0,	167.708,			1.669,			0.238,			0.053
587,	2,	186.0,	167.938,			13.189,			1.431,			0.103
588,	1,	169.0,	168.319,			2.073,			0.169,			0.051
589,	1,	103.0,	168.353,			2.545,			0.267,			0.059
590,	1,	6.0,	168.555,			1.371,			0.169,			0.057
591,	1,	10.0,	168.604,			2.133,			0.222,			0.055
592,	1,	13.0,	168.633,			2.457,			0.142,			0.058
593,	1,	512.0,	168.689,			1.249,			0.101,			0.055
594,	1,	44.0,	168.792,			2.131,			0.185,			0.055
595,	2,	121.0,	168.825,			13.225,			1.326,			0.19
596,	1,	498.0,	168.873,			1.174,			0.131,			0.058
597,	1,	379.0,	169.638,			2.316,			0.116,			0.057
598,	1,	7.0,	169.719,			1.353,			0.252,			0.057
599,	2,	70.0,	169.957,			11.598,			1.169,			0.194
600,	1,	7.0,	170.042,			1.126,			0.132,			0.054
601,	1,	512.0,	170.085,			2.454,			0.131,			0.05
602,	1,	49.0,	170.142,			1.151,			0.241,			0.05
603,	1,	7.0,	170.181,			1.426,			0.172,			0.056
604,	1,	44.0,	170.36,			2.149,			0.294,			0.054
605,	1,	498.0,	170.398,			2.9,			0.279,			0.059
606,	1,	512.0,	170.421,			2.776,			0.293,			0.059
607,	1,	447.0,	170.961,			1.481,			0.222,			0.055
608,	1,	447.0,	170.976,			2.58,			0.21,			0.058
609,	2,	160.0,	170.991,			14.604,			1.376,			0.149
610,	1,	157.0,	171.247,			1.17,			0.173,			0.055
611,	1,	7.0,	171.391,			2.378,			0.142,			0.056
612,	1,	498.0,	171.391,			2.36,			0.21,			0.058
613,	1,	379.0,	171.623,			2.571,			0.166,			0.059
614,	1,	44.0,	171.984,			1.774,			0.288,			0.058
615,	2,	140.0,	172.106,			10.335,			1.115,			0.171
616,	1,	103.0,	172.385,			1.467,			0.133,			0.06
617,	1,	44.0,	172.45,			1.807,			0.224,			0.053
618,	1,	379.0,	173.207,			2.9,			0.202,			0.054
619,	1,	214.0,	173.707,			1.582,			0.134,			0.053
620,	1,	146.0,	173.711,			2.627,			0.256,			0.059
621,	1,	498.0,	173.873,			1.965,			0.131,			0.057
622,	1,	7.0,	173.972,			1.213,			0.267,			0.056
623,	1,	10.0,	174.196,			2.932,			0.201,			0.053
624,	2,	118.0,	174.364,			12.761,			1.086,			0.133
625,	1,	44.0,	174.444,			1.096,			0.16,			0.051
626,	1,	379.0,	174.74,			2.579,			0.148,			0.053
627,	1,	59.0,	174.758,			2.602,			0.203,			0.052
628,	1,	7.0,	174.891,			2.449,			0.227,			0.053
629,	1,	10.0,	175.204,			2.03,			0.242,			0.052
630,	1,	157.0,	175.272,			2.148,			0.298,			0.053
631,	1,	28.0,	175.367,			2.798,			0.237,			0.052
632,	1,	7.0,	175.389,			2.065,			0.253,			0.058
633,	1,	6.0,	175.507,			2.673,			0.182,			0.054
634,	1,	7.0,	175.729,			1.653,			0.233,			0.059
635,	1,	7.0,	175.746,			2.149,			0.168,			0.057
636,	1,	7.0,	175.813,			2.911,			0.175,			0.052
637,	1,	7.0,	176.0,			2.465,			0.199,			0.054
638,	1,	49.0,	176.038,			2.384,			0.106,			0.056
639,	1,	90.0,	176.058,			2.838,			0.122,			0.051
640,	1,	59.0,	176.117,			1.67,			0.195,			0.056
641,	1,	7.0,	176.314,			1.79,			0.198,			0.056
642,	1,	95.0,	176.379,			2.503,			0.299,			0.056
643,	1,	103.0,	176.717,			1.485,			0.189,			0.053
644,	1,	49.0,	176.77,			2.358,			0.151,			0.058
645,	1,	126.0,	176.779,			1.919,			0.187,			0.059
646,	1,	387.0,	177.02,			2.09,			0.244,			0.056
647,	1,	103.0,	178.141,			2.569,			0.164,			0.051
648,	1,	447.0,	178.221,			2.634,			0.205,			0.06
649,	2,	100.0,	178.512,			12.046,			1.374,			0.145
650,	2,	64.0,	178.908,			11.228,			1.031,			0.112
651,	2,	182.0,	179.071,			10.194,			1.442,			0.133
652,	1,	7.0,	179.303,			1.651,			0.135,			0.054
653,	1,	512.0,	179.329,			1.667,			0.159,			0.052
654,	1,	90.0,	179.409,			1.886,			0.227,			0.056
655,	1,	447.0,	179.519,			1.467,			0.2,			0.058
656,	1,	7.0,	179.631,			2.576,			0.237,			0.058
657,	1,	498.0,	179.681,			2.703,			0.287,			0.051
658,	1,	379.0,	179.902,			2.659,			0.122,			0.055
659,	1,	13.0,	179.915,			2.2,			0.3,			0.051
660,	1,	7.0,	179.994,			2.377,			0.211,			0.054
661,	1,	28.0,	180.014,			2.051,			0.208,			0.054
662,	1,	7.0,	180.082,			1.098,			0.185,			0.057
663,	1,	44.0,	180.117,			1.009,			0.271,			0.058
664,	1,	95.0,	180.178,			2.582,			0.162,			0.056
665,	2,	255.0,	180.242,			10.312,			1.423,			0.152
666,	1,	10.0,	180.663,			1.426,			0.116,			0.055
667,	1,	49.0,	180.795,			1.719,			0.224,			0.057
668,	1,	447.0,	180.843,			2.241,			0.215,			0.058
669,	1,	214.0,	180.912,			1.091,			0.101,			0.051
670,	1,	512.0,	181.005,			1.963,			0.216,			0.059
671,	1,	559.0,	181.305,			1.304,			0.187,			0.052
672,	1,	59.0,	181.331,			1.014,			0.186,			0.059
673,	1,	44.0,	181.458,			1.875,			0.217,			0.052
674,	1,	44.0,	181.778,			1.822,			0.185,			0.057
675,	1,	169.0,	181.946,			1.027,			0.223,			0.058
676,	1,	44.0,	182.004,			2.651,			0.199,			0.056
677,	1,	28.0,	182.066,			1.115,			0.223,			0.055
678,	1,	447.0,	182.137,			2.324,			0.233,			0.052
679,	1,	7.0,	182.373,			1.543,			0.229,			0.052
680,	1,	146.0,	182.741,			1.838,			0.26,			0.055
681,	1,	512.0,	182.804,			1.477,			0.145,			0.05
682,	1,	169.0,	182.812,			2.293,			0.263,			0.06
683,	1,	6.0,	182.955,			1.406,			0.212,			0.059
684,	2,	137.0,	183.106,			10.902,			1.49,			0.101
685,	1,	512.0,	183.154,			1.116,			0.121,			0.058
686,	2,	148.0,	183.214,			10.146,			1.099,			0.104
687,	1,	28.0,	183.254,			1.517,			0.151,			0.055
688,	1,	146.0,	183.428,			1.73,			0.251,			0.052
689,	2,	86.0,	184.429,			10.51,			1.401,			0.108
690,	1,	6.0,	184.497,			2.249,			0.268,			0.05
691,	1,	169.0,	184.556,			2.223,			0.12,			0.055
692,	1,	7.0,	184.574,			1.014,			0.182,			0.056
693,	1,	7.0,	184.682,			2.388,			0.29,			0.05
694,	1,	146.0,	185.394,			2.614,			0.238,			0.055
695,	1,	146.0,	185.41,			1.431,			0.203,			0.054
696,	1,	120.0,	185.596,			1.263,			0.233,			0.057
697,	1,	387.0,	185.897,			1.981,			0.27,			0.058
698,	2,	129.0,	186.242,			12.526,			1.065,			0.123
699,	1,	387.0,	186.387,			2.047,			0.253,			0.054
700,	1,	10.0,	186.438,			2.52,			0.122,			0.053
701,	1,	7.0,	186.536,			1.883,			0.165,			0.059
702,	1,	387.0,	186.602,			2.498,			0.127,			0.06
703,	1,	7.0,	186.686,			1.626,			0.28,			0.053
704,	1,	126.0,	186.724,			2.56,			0.206,			0.057
705,	1,	387.0,	186.848,			2.305,			0.211,			0.059
706,	1,	126.0,	186.92,			1.35,			0.277,			0.057
707,	1,	498.0,	187.018,			2.096,			0.227,			0.059
708,	2,	197.0,	187.062,			11.043,			1.442,			0.133
709,	1,	120.0,	187.141,			1.061,			0.208,			0.055
710,	1,	6.0,	187.252,			1.166,			0.166,			0.053
711,	1,	13.0,	187.418,			1.631,			0.139,			0.054
712,	1,	13.0,	187.628,			1.662,			0.112,			0.06
713,	1,	7.0,	188.399,			1.217,			0.289,			0.05
714,	1,	7.0,	188.966,			1.211,			0.134,			0.06
715,	1,	146.0,	189.073,			1.243,			0.134,			0.054
716,	2,	80.0,	189.103,			13.437,			1.015,			0.101
717,	1,	103.0,	189.162,			1.447,			0.161,			0.052
718,	1,	498.0,	189.288,			2.398,			0.299,			0.052
719,	1,	44.0,	189.608,			2.013,			0.161,			0.059
720,	2,	181.0,	189.891,			13.615,			1.435,			0.109
721,	1,	59.0,	189.985,			1.994,			0.24,			0.052
722,	2,	247.0,	190.011,			11.247,			1.421,			0.174
723,	1,	387.0,	190.463,			1.694,			0.24,			0.058
724,	1,	120.0,	190.492,			2.438,			0.174,			0.052
725,	1,	28.0,	190.773,			2.41,			0.162,			0.055
726,	1,	6.0,	190.993,			1.731,			0.256,			0.055
727,	1,	95.0,	191.398,			1.393,			0.241,			0.052
728,	1,	90.0,	191.495,			1.229,			0.129,			0.059
729,	1,	6.0,	191.542,			1.157,			0.128,			0.051
730,	1,	44.0,	191.97,			1.372,			0.27,			0.054
731,	1,	7.0,	192.171,			1.702,			0.268,			0.054
732,	1,	7.0,	192.245,			2.807,			0.283,			0.055
733,	1,	103.0,	192.298,			1.835,			0.176,			0.055
734,	1,	95.0,	192.371,			1.587,			0.192,			0.059
735,	2,	178.0,	192.847,			11.339,			1.294,			0.137
736,	1,	103.0,	193.427,			1.862,			0.114,			0.06
737,	1,	498.0,	193.496,			2.681,			0.222,			0.054
738,	1,	59.0,	193.674,			2.976,			0.223,			0.059
739,	1,	59.0,	193.84,			1.517,			0.153,			0.051
740,	1,	7.0,	193.971,			2.642,			0.124,			0.054
741,	1,	7.0,	194.403,			1.979,			0.185,			0.059
742,	1,	10.0,	194.453,			2.751,			0.232,			0.05
743,	1,	10.0,	194.457,			2.43,			0.242,			0.051
744,	2,	200.0,	194.616,			13.664,			1.033,			0.13
745,	1,	7.0,	194.728,			1.868,			0.147,			0.051
746,	1,	95.0,	194.771,			2.555,			0.131,			0.054
747,	1,	120.0,	194.796,			1.485,			0.256,			0.059
748,	2,	134.0,	194.897,			13.289,			1.33,			0.171
749,	1,	6.0,	195.053,			1.61,			0.249,			0.057
750,	2,	210.0,	195.452,			14.076,			1.477,			0.147
751,	1,	157.0,	195.7,			1.431,			0.173,			0.058
752,	1,	7.0,	195.849,			1.431,			0.163,			0.053
753,	1,	214.0,	196.15,			2.364,			0.277,			0.053
754,	2,	99.0,	196.177,			14.513,			1.212,			0.154
755,	1,	103.0,	196.292,			1.467,			0.298,			0.057
756,	1,	6.0,	196.372,			1.011,			0.217,			0.058
757,	1,	103.0,	196.454,			2.08,			0.26,			0.06
758,	1,	146.0,	196.937,			2.896,			0.165,			0.057
759,	1,	16.0,	197.393,			1.322,			0.203,			0.051
760,	1,	44.0,	197.48,			1.038,			0.233,			0.057
761,	1,	44.0,	198.209,			2.037,			0.156,			0.056
762,	1,	49.0,	198.373,			2.616,			0.281,			0.05
763,	1,	28.0,	198.691,			1.168,			0.15,			0.057
764,	1,	49.0,	198.734,			1.009,			0.168,			0.056
765,	1,	44.0,	198.876,			1.542,			0.241,			0.059
766,	1,	447.0,	198.883,			2.87,			0.142,			0.06
767,	1,	44.0,	199.196,			1.784,			0.121,			0.057
768,	1,	95.0,	199.787,			2.725,			0.108,			0.057
769,	2,	134.0,	199.838,			14.958,			1.343,			0.145
770,	1,	13.0,	200.188,			1.73,			0.224,			0.058
771,	1,	30.0,	200.718,			1.091,			0.214,			0.055
772,	1,	30.0,	200.912,			2.358,			0.26,			0.057
773,	1,	90.0,	200.964,			2.911,			0.29,			0.058
774,	1,	44.0,	201.265,			1.434,			0.29,			0.054
775,	1,	126.0,	201.385,			1.467,			0.196,			0.056
776,	1,	7.0,	201.429,			2.02,			0.19,			0.058
777,	1,	214.0,	201.456,			1.08,			0.275,			0.051
778,	1,	49.0,	201.576,			2.864,			0.21,			0.05
779,	1,	387.0,	201.731,			2.323,			0.194,			0.056
780,	1,	7.0,	201.827,			1.112,			0.159,			0.055
781,	1,	7.0,	201.832,			2.265,			0.224,			0.053
782,	1,	13.0,	202.272,			1.927,			0.281,			0.059
783,	2,	176.0,	202.465,			12.421,			1.271,			0.185
784,	1,	379.0,	203.941,			2.184,			0.128,			0.054
785,	1,	16.0,	204.378,			2.19,			0.254,			0.056
786,	2,	112.0,	204.481,			12.315,			1.217,			0.169
787,	2,	183.0,	204.829,			14.515,			1.361,			0.136
788,	2,	179.0,	205.1,			10.383,			1.325,			0.114
789,	1,	157.0,	205.399,			2.655,			0.254,			0.06
790,	1,	447.0,	205.581,			2.342,			0.113,			0.055
791,	1,	6.0,	205.708,			2.366,			0.111,			0.054
792,	1,	7.0,	205.87,			2.237,			0.27,			0.051
793,	2,	133.0,	206.28,			10.724,			1.133,			0.145
794,	1,	44.0,	206.297,			1.172,			0.278,			0.054
795,	1,	6.0,	206.641,			2.345,			0.253,			0.056
796,	1,	16.0,	206.912,			1.325,			0.203,			0.057
797,	1,	10.0,	207.228,			2.936,			0.272,			0.057
798,	1,	30.0,	207.243,			2.18,			0.162,			0.054
799,	1,	30.0,	207.325,			2.199,			0.168,			0.054
800,	1,	7.0,	207.806,			1.289,			0.158,			0.051
801,	1,	498.0,	208.091,			1.694,			0.165,			0.05
802,	1,	157.0,	208.163,			2.31,			0.296,			0.055
803,	1,	44.0,	208.406,			2.622,			0.129,			0.053
804,	1,	379.0,	209.088,			1.524,			0.145,			0.055
805,	1,	6.0,	209.349,			1.096,			0.297,			0.059
806,	1,	498.0,	209.412,			1.848,			0.108,			0.056
807,	1,	512.0,	209.527,			2.509,			0.135,			0.051
808,	1,	6.0,	209.87,			2.068,			0.28,			0.059
809,	2,	220.0,	209.986,			10.173,			1.083,			0.169
810,	2,	294.0,	210.259,			13.262,			1.441,			0.179
811,	1,	10.0,	210.272,			1.403,			0.231,			0.056
812,	1,	447.0,	210.379,			1.657,			0.142,			0.057
813,	1,	30.0,	210.613,			2.448,			0.288,			0.05
814,	2,	170.0,	210.651,			13.596,			1.2,			0.16
815,	1,	512.0,	211.023,			2.52,			0.229,			0.059
816,	2,	115.0,	211.197,			12.627,			1.296,			0.177
817,	2,	198.0,	211.406,			12.999,			1.218,			0.178
818,	1,	49.0,	211.668,			2.407,			0.28,			0.05
819,	1,	7.0,	211.982,			2.301,			0.104,			0.053
820,	1,	95.0,	212.116,			2.22,			0.134,			0.055
821,	1,	95.0,	212.311,			1.044,			0.12,			0.056
822,	1,	6.0,	212.492,			2.759,			0.278,			0.053
823,	1,	10.0,	212.965,			2.407,			0.203,			0.054
824,	1,	6.0,	212.984,			1.915,			0.27,			0.057
825,	1,	498.0,	213.044,			1.431,			0.259,			0.056
826,	1,	146.0,	213.951,			1.805,			0.161,			0.05
827,	1,	13.0,	214.965,			2.776,			0.187,			0.058
828,	1,	6.0,	215.121,			2.776,			0.133,			0.056
829,	1,	169.0,	215.379,			1.575,			0.113,			0.057
830,	1,	28.0,	216.139,			2.865,			0.241,			0.055
831,	1,	103.0,	216.486,			2.489,			0.134,			0.054
832,	1,	59.0,	216.558,			2.636,			0.187,			0.056
833,	1,	7.0,	216.71,			1.496,			0.118,			0.051
834,	1,	16.0,	216.788,			2.273,			0.259,			0.055
835,	1,	10.0,	217.3,			2.09,			0.215,			0.056
836,	1,	44.0,	217.408,			1.921,			0.2,			0.051
837,	1,	49.0,	217.415,			2.034,			0.139,			0.059
838,	1,	90.0,	217.51,			2.709,			0.161,			0.054
839,	1,	44.0,	218.044,			2.675,			0.289,			0.058
840,	1,	59.0,	218.218,			2.013,			0.184,			0.052
841,	1,	120.0,	218.225,			1.791,			0.209,			0.057
842,	1,	120.0,	218.421,			2.599,			0.192,			0.055
843,	1,	90.0,	218.628,			2.298,			0.205,			0.051
844,	1,	512.0,	218.856,			2.084,			0.152,			0.053
845,	1,	28.0,	220.529,			1.141,			0.277,			0.058
846,	1,	7.0,	221.285,			2.957,			0.106,			0.054
847,	1,	44.0,	221.337,			2.954,			0.188,			0.06
848,	1,	90.0,	221.356,			2.661,			0.218,			0.057
849,	2,	106.0,	221.416,			13.337,			1.089,			0.11
850,	1,	13.0,	221.446,			1.651,			0.182,			0.057
851,	2,	172.0,	221.592,			14.33,			1.31,			0.124
852,	1,	498.0,	222.18,			1.018,			0.162,			0.055
853,	2,	162.0,	222.77,			14.942,			1.25,			0.13
854,	1,	6.0,	223.01,			2.643,			0.185,			0.053
855,	1,	7.0,	223.042,			1.433,			0.233,			0.052
856,	1,	90.0,	224.072,			2.346,			0.159,			0.057
857,	2,	103.0,	224.148,			13.222,			1.1,			0.125
858,	1,	387.0,	224.191,			1.79,			0.158,			0.054
859,	2,	90.0,	224.493,			13.224,			1.355,			0.166
860,	1,	7.0,	224.588,			2.638,			0.173,			0.06
861,	1,	120.0,	225.119,			1.532,			0.124,			0.054
862,	2,	162.0,	225.121,			13.849,			1.392,			0.118
863,	1,	214.0,	225.152,			2.579,			0.268,			0.06
864,	1,	95.0,	225.242,			1.173,			0.169,			0.055
865,	1,	28.0,	225.455,			2.377,			0.207,			0.055
866,	1,	103.0,	225.635,			2.757,			0.157,			0.057
867,	1,	512.0,	226.156,			2.412,			0.101,			0.055
868,	1,	95.0,	226.467,			1.912,			0.174,			0.053
869,	1,	126.0,	227.003,			1.768,			0.119,			0.054
870,	2,	171.0,	227.56,			14.511,			1.488,			0.113
871,	1,	498.0,	227.569,			2.789,			0.176,			0.055
872,	2,	143.0,	227.645,			14.89,			1.484,			0.111
873,	2,	144.0,	227.676,			10.742,			1.095,			0.169
874,	1,	16.0,	227.696,			2.324,			0.162,			0.054
875,	2,	114.0,	228.035,			10.84,			1.348,			0.122
876,	1,	59.0,	228.078,			1.249,			0.162,			0.055
877,	1,	6.0,	228.492,			1.464,			0.277,			0.054
878,	1,	6.0,	228.775,			2.727,			0.217,			0.054
879,	1,	7.0,	229.057,			2.09,			0.136,			0.057
880,	2,	73.0,	229.318,			11.247,			1.011,			0.162
881,	2,	149.0,	230.117,			10.962,			1.015,			0.144
882,	1,	90.0,	230.242,			1.844,			0.2,			0.055
883,	1,	95.0,	230.758,			2.581,			0.217,			0.053
884,	1,	95.0,	230.853,			2.225,			0.211,			0.051
885,	1,	447.0,	231.223,			1.432,			0.281,			0.056
886,	1,	7.0,	231.465,			2.449,			0.267,			0.054
887,	1,	7.0,	231.888,			1.853,			0.295,			0.053
888,	1,	7.0,	231.996,			2.881,			0.263,			0.05
889,	1,	379.0,	232.189,			1.729,			0.206,			0.052
890,	1,	387.0,	232.341,			2.278,			0.211,			0.059
891,	2,	122.0,	232.449,			12.764,			1.2,			0.124
892,	1,	559.0,	232.758,			2.429,			0.199,			0.058
893,	1,	559.0,	233.016,			1.984,			0.272,			0.058
894,	1,	6.0,	233.498,			1.988,			0.217,			0.06
895,	1,	498.0,	234.063,			2.318,			0.209,			0.053
896,	1,	126.0,	234.298,			2.706,			0.133,			0.057
897,	2,	93.0,	234.498,			13.074,			1.477,			0.147
898,	1,	6.0,	235.022,			2.8,			0.149,			0.06
899,	1,	44.0,	235.1,			1.733,			0.206,			0.057
900,	2,	163.0,	235.118,			13.386,			1.17,			0.171
901,	1,	498.0,	235.325,			1.557,			0.243,			0.059
902,	1,	126.0,	235.601,			1.009,			0.128,			0.058
903,	1,	169.0,	235.795,			1.883,			0.157,			0.055
904,	1,	157.0,	236.967,			1.663,			0.246,			0.057
905,	1,	6.0,	237.158,			2.637,			0.279,			0.055
906,	1,	95.0,	237.957,			1.277,			0.176,			0.06
907,	1,	387.0,	238.049,			2.414,			0.107,			0.056
908,	2,	127.0,	238.131,			10.977,			1.492,			0.164
909,	1,	16.0,	238.546,			1.302,			0.157,			0.05
910,	1,	90.0,	239.266,			1.22,			0.235,			0.051
911,	1,	214.0,	239.33,			2.763,			0.289,			0.052
912,	1,	30.0,	239.612,			2.398,			0.262,			0.06
913,	1,	59.0,	240.182,			1.561,			0.231,			0.055
914,	1,	214.0,	240.438,			1.672,			0.163,			0.059
915,	1,	387.0,	240.58,			2.534,			0.129,			0.052
916,	1,	559.0,	240.883,			1.969,			0.222,			0.058
917,	1,	387.0,	241.1,			1.537,			0.273,			0.06
918,	2,	83.0,	241.238,			14.002,			1.438,			0.136
919,	2,	76.0,	241.366,			11.61,			1.042,			0.106
920,	2,	168.0,	241.682,			14.481,			1.194,			0.133
921,	1,	146.0,	242.389,			1.317,			0.107,			0.054
922,	1,	7.0,	243.392,			2.018,			0.125,			0.055
923,	2,	91.0,	243.467,			13.217,			1.278,			0.198
924,	2,	57.0,	245.582,			13.456,			1.362,			0.119
925,	2,	103.0,	245.695,			13.849,			1.101,			0.136
926,	2,	133.0,	246.196,			14.407,			1.248,			0.185
927,	1,	6.0,	246.433,			1.442,			0.275,			0.057
928,	1,	7.0,	247.106,			1.924,			0.228,			0.051
929,	2,	253.0,	247.329,			13.75,			1.369,			0.17
930,	2,	143.0,	247.468,			12.191,			1.494,			0.147
931,	1,	559.0,	247.873,			1.402,			0.265,			0.051
932,	1,	120.0,	247.898,			1.203,			0.189,			0.057
933,	1,	387.0,	248.082,			2.601,			0.166,			0.059
934,	2,	231.0,	248.225,			13.59,			1.086,			0.164
935,	1,	6.0,	248.973,			2.198,			0.105,			0.058
936,	2,	87.0,	249.518,			11.082,			1.308,			0.158
937,	1,	103.0,	250.322,			2.703,			0.249,			0.051
938,	2,	81.0,	250.882,			11.423,			1.117,			0.11
939,	2,	97.0,	251.269,			10.96,			1.295,			0.137
940,	1,	30.0,	251.746,			1.23,			0.268,			0.057
941,	2,	230.0,	253.641,			11.111,			1.229,			0.169
942,	1,	379.0,	254.192,			1.942,			0.277,			0.055
943,	1,	49.0,	255.534,			2.807,			0.257,			0.06
944,	1,	7.0,	257.217,			1.376,			0.272,			0.053
945,	1,	95.0,	258.221,			2.037,			0.17,			0.053
946,	1,	59.0,	258.951,			2.865,			0.245,			0.06
947,	1,	7.0,	259.692,			1.168,			0.134,			0.054
948,	1,	28.0,	260.751,			2.298,			0.249,			0.056
949,	1,	90.0,	260.794,			2.385,			0.234,			0.058
950,	2,	166.0,	261.365,			11.028,			1.118,			0.176
951,	1,	387.0,	261.608,			1.761,			0.133,			0.057
952,	2,	141.0,	261.774,			12.242,			1.407,			0.123
953,	1,	7.0,	263.208,			1.719,			0.179,			0.059
954,	2,	164.0,	264.704,			11.478,			1.175,			0.116
955,	1,	44.0,	265.559,			2.914,			0.114,			0.056
956,	2,	102.0,	265.652,			10.15,			1.21,			0.172
957,	1,	16.0,	266.396,			1.245,			0.249,			0.057
958,	1,	90.0,	266.425,			1.756,			0.116,			0.057
959,	2,	124.0,	266.463,			11.706,			1.477,			0.106
960,	2,	213.0,	267.513,			11.265,			1.347,			0.142
961,	2,	144.0,	268.097,			12.132,			1.046,			0.186
962,	2,	133.0,	268.489,			12.93,			1.192,			0.152
963,	2,	94.0,	268.675,			10.979,			1.337,			0.114
964,	2,	103.0,	268.771,			11.442,			1.065,			0.166
965,	1,	120.0,	269.067,			2.852,			0.205,			0.053
966,	1,	49.0,	269.279,			1.833,			0.174,			0.056
967,	1,	95.0,	270.063,			2.198,			0.118,			0.055
968,	2,	157.0,	272.169,			11.756,			1.461,			0.128
969,	2,	155.0,	272.503,			12.987,			1.055,			0.148
970,	1,	16.0,	272.625,			2.467,			0.101,			0.06
971,	2,	228.0,	272.682,			11.957,			1.055,			0.11
972,	2,	162.0,	274.264,			13.958,			1.421,			0.19
973,	1,	120.0,	274.806,			1.362,			0.267,			0.056
974,	2,	145.0,	276.934,			14.535,			1.492,			0.156
975,	2,	225.0,	277.092,			12.909,			1.465,			0.114
976,	2,	184.0,	277.095,			11.478,			1.456,			0.119
977,	2,	115.0,	278.48,			13.439,			1.083,			0.183
978,	2,	153.0,	279.14,			12.331,			1.055,			0.198
979,	2,	153.0,	279.55,			14.36,			1.297,			0.129
980,	1,	214.0,	280.876,			1.128,			0.195,			0.06
981,	2,	214.0,	280.953,			10.476,			1.437,			0.121
982,	1,	44.0,	281.377,			2.283,			0.133,			0.052
983,	2,	162.0,	283.142,			12.015,			1.282,			0.163
984,	2,	331.0,	284.287,			11.135,			1.468,			0.12
985,	2,	171.0,	285.098,			13.798,			1.015,			0.103
986,	1,	7.0,	286.705,			1.609,			0.236,			0.05
987,	2,	166.0,	287.047,			10.442,			1.351,			0.125
988,	1,	6.0,	287.676,			2.776,			0.287,			0.058
989,	2,	64.0,	287.974,			11.764,			1.445,			0.139
990,	2,	111.0,	288.331,			14.323,			1.185,			0.19
991,	2,	180.0,	289.984,			12.738,			1.374,			0.172
992,	2,	270.0,	291.663,			10.332,			1.326,			0.184
993,	2,	190.0,	295.374,			10.742,			1.241,			0.154
994,	2,	63.0,	299.324,			13.193,			1.282,			0.145
995,	1,	103.0,	300.0,			2.296,			0.202,			0.059
996,	1,	103.0,	300.0,			1.663,			0.255,			0.06
997,	1,	512.0,	300.0,			1.979,			0.284,			0.052
998,	1,	126.0,	300.0,			2.556,			0.274,			0.058
999,	1,	13.0,	300.0,			2.454,			0.189,			0.056
1000,	1,	559.0,	300.0,			1.027,			0.228,			0.056
