#, task_type_id, size, arrival_time,	execution_time_cpu,	execution_time_gpu,	execution_time_CLOUD
1,	2,	151.0,	1.534,			13.399,			1.083,			0.105
2,	2,	262.0,	2.941,			10.718,			1.01,			0.158
3,	2,	138.0,	3.032,			13.438,			1.231,			0.134
4,	2,	118.0,	4.986,			13.911,			1.187,			0.18
5,	2,	217.0,	7.058,			12.115,			1.296,			0.164
6,	2,	235.0,	8.42,			14.139,			1.023,			0.138
7,	1,	44.0,	9.104,			2.418,			0.236,			0.058
8,	2,	281.0,	10.767,			12.815,			1.46,			0.177
9,	2,	217.0,	10.879,			11.433,			1.315,			0.128
10,	2,	129.0,	11.816,			10.225,			1.212,			0.164
11,	2,	97.0,	11.887,			11.39,			1.008,			0.121
12,	2,	177.0,	13.354,			14.183,			1.024,			0.131
13,	2,	76.0,	13.38,			14.366,			1.484,			0.154
14,	2,	84.0,	14.098,			12.301,			1.326,			0.106
15,	2,	94.0,	14.543,			11.496,			1.355,			0.167
16,	1,	387.0,	18.742,			2.753,			0.109,			0.057
17,	2,	88.0,	19.69,			13.535,			1.208,			0.16
18,	2,	67.0,	19.934,			11.265,			1.121,			0.107
19,	2,	174.0,	20.023,			14.45,			1.295,			0.123
20,	2,	72.0,	21.054,			10.936,			1.186,			0.181
21,	2,	106.0,	21.742,			11.622,			1.085,			0.16
22,	2,	79.0,	22.971,			11.135,			1.143,			0.185
23,	2,	312.0,	24.747,			11.152,			1.409,			0.133
24,	1,	512.0,	24.913,			1.114,			0.29,			0.055
25,	2,	193.0,	28.339,			13.916,			1.467,			0.158
26,	2,	36.0,	29.117,			12.764,			1.382,			0.109
27,	1,	6.0,	31.142,			2.852,			0.104,			0.056
28,	2,	69.0,	31.778,			13.162,			1.381,			0.105
29,	1,	498.0,	32.907,			1.566,			0.121,			0.052
30,	2,	172.0,	33.454,			13.828,			1.333,			0.179
31,	2,	127.0,	33.561,			14.253,			1.28,			0.167
32,	2,	64.0,	33.568,			14.624,			1.454,			0.103
33,	2,	207.0,	33.914,			11.508,			1.12,			0.123
34,	1,	126.0,	39.026,			2.288,			0.193,			0.058
35,	1,	44.0,	39.383,			2.181,			0.285,			0.058
36,	1,	44.0,	40.362,			1.22,			0.124,			0.056
37,	1,	214.0,	41.371,			1.962,			0.256,			0.055
38,	2,	113.0,	41.613,			12.594,			1.372,			0.2
39,	1,	512.0,	41.756,			2.802,			0.109,			0.05
40,	2,	147.0,	42.015,			13.404,			1.397,			0.177
41,	1,	379.0,	43.194,			1.096,			0.239,			0.058
42,	2,	270.0,	43.366,			10.962,			1.426,			0.115
43,	1,	6.0,	43.516,			1.279,			0.221,			0.052
44,	2,	125.0,	43.85,			12.48,			1.328,			0.166
45,	2,	135.0,	45.371,			12.089,			1.333,			0.145
46,	2,	90.0,	45.872,			10.307,			1.49,			0.162
47,	1,	6.0,	46.474,			2.19,			0.263,			0.051
48,	2,	142.0,	46.71,			14.187,			1.406,			0.152
49,	2,	205.0,	49.399,			11.717,			1.27,			0.168
50,	1,	44.0,	50.362,			2.143,			0.252,			0.055
51,	1,	49.0,	51.245,			2.598,			0.215,			0.057
52,	2,	115.0,	51.385,			11.587,			1.409,			0.133
53,	2,	170.0,	52.591,			11.537,			1.194,			0.135
54,	2,	202.0,	52.759,			14.582,			1.453,			0.137
55,	1,	49.0,	52.84,			2.038,			0.282,			0.059
56,	2,	137.0,	55.108,			11.696,			1.426,			0.128
57,	1,	447.0,	56.714,			1.204,			0.125,			0.054
58,	2,	343.0,	57.509,			14.424,			1.037,			0.114
59,	1,	95.0,	57.529,			2.932,			0.131,			0.055
60,	1,	7.0,	57.632,			2.635,			0.186,			0.057
61,	2,	367.0,	57.929,			11.816,			1.447,			0.147
62,	1,	120.0,	58.701,			1.657,			0.256,			0.058
63,	1,	95.0,	60.748,			1.968,			0.204,			0.054
64,	1,	6.0,	62.513,			1.356,			0.113,			0.051
65,	1,	126.0,	62.65,			2.407,			0.293,			0.06
66,	1,	10.0,	63.144,			2.414,			0.161,			0.055
67,	1,	28.0,	65.424,			1.039,			0.26,			0.057
68,	1,	146.0,	65.505,			1.188,			0.216,			0.056
69,	1,	447.0,	65.666,			2.055,			0.13,			0.058
70,	1,	379.0,	66.806,			2.149,			0.114,			0.055
71,	1,	146.0,	68.02,			2.074,			0.128,			0.051
72,	1,	13.0,	68.145,			1.187,			0.129,			0.055
73,	1,	13.0,	68.375,			2.864,			0.267,			0.057
74,	2,	316.0,	68.571,			13.684,			1.323,			0.109
75,	2,	206.0,	68.618,			11.772,			1.411,			0.194
76,	2,	254.0,	68.849,			13.021,			1.187,			0.16
77,	2,	196.0,	68.894,			13.162,			1.259,			0.121
78,	1,	6.0,	69.218,			1.706,			0.292,			0.058
79,	1,	7.0,	69.636,			2.78,			0.131,			0.058
80,	1,	44.0,	69.745,			2.326,			0.198,			0.057
81,	2,	193.0,	70.517,			10.78,			1.333,			0.124
82,	1,	7.0,	71.165,			1.517,			0.269,			0.058
83,	1,	30.0,	71.359,			1.445,			0.145,			0.055
84,	2,	119.0,	71.44,			13.3,			1.245,			0.156
85,	2,	114.0,	71.475,			10.319,			1.18,			0.141
86,	1,	16.0,	71.779,			2.441,			0.177,			0.059
87,	1,	7.0,	72.095,			1.913,			0.173,			0.053
88,	1,	498.0,	72.412,			1.985,			0.235,			0.056
89,	1,	90.0,	72.758,			2.056,			0.243,			0.06
90,	2,	105.0,	73.013,			14.023,			1.463,			0.171
91,	1,	6.0,	74.101,			1.991,			0.159,			0.057
92,	1,	6.0,	74.111,			1.287,			0.151,			0.056
93,	1,	7.0,	74.288,			2.284,			0.206,			0.057
94,	1,	103.0,	74.685,			2.244,			0.108,			0.055
95,	2,	212.0,	75.806,			14.931,			1.463,			0.159
96,	2,	96.0,	76.474,			13.549,			1.247,			0.133
97,	1,	146.0,	76.656,			1.731,			0.176,			0.056
98,	2,	59.0,	76.819,			13.596,			1.418,			0.122
99,	2,	111.0,	77.561,			12.141,			1.287,			0.121
100,	1,	146.0,	77.905,			2.726,			0.125,			0.06
101,	1,	16.0,	78.323,			2.922,			0.141,			0.053
102,	2,	64.0,	78.406,			13.878,			1.07,			0.129
103,	2,	61.0,	78.412,			10.175,			1.162,			0.138
104,	1,	6.0,	78.646,			1.211,			0.201,			0.054
105,	1,	7.0,	78.764,			1.204,			0.106,			0.06
106,	2,	137.0,	79.253,			10.043,			1.179,			0.196
107,	1,	103.0,	79.318,			2.509,			0.217,			0.053
108,	2,	252.0,	79.371,			14.14,			1.433,			0.199
109,	1,	447.0,	79.713,			1.009,			0.265,			0.057
110,	2,	127.0,	80.663,			13.92,			1.327,			0.106
111,	1,	28.0,	80.861,			1.052,			0.15,			0.06
112,	1,	120.0,	80.907,			2.598,			0.189,			0.052
113,	1,	379.0,	81.875,			2.222,			0.27,			0.054
114,	1,	120.0,	82.009,			1.883,			0.169,			0.052
115,	1,	559.0,	82.216,			2.545,			0.28,			0.056
116,	1,	512.0,	82.221,			1.561,			0.213,			0.057
117,	1,	16.0,	82.231,			2.861,			0.249,			0.054
118,	1,	103.0,	82.741,			2.874,			0.166,			0.058
119,	1,	30.0,	82.891,			2.88,			0.254,			0.052
120,	1,	512.0,	82.924,			2.288,			0.2,			0.052
121,	1,	30.0,	83.152,			1.282,			0.108,			0.053
122,	1,	387.0,	83.494,			1.643,			0.135,			0.059
123,	1,	6.0,	83.894,			2.838,			0.159,			0.059
124,	1,	10.0,	84.126,			2.866,			0.18,			0.06
125,	1,	6.0,	84.212,			1.009,			0.253,			0.059
126,	1,	7.0,	84.414,			1.277,			0.175,			0.052
127,	1,	103.0,	84.515,			2.706,			0.104,			0.052
128,	1,	44.0,	84.936,			2.844,			0.267,			0.059
129,	1,	7.0,	85.095,			1.97,			0.133,			0.052
130,	1,	7.0,	85.786,			1.08,			0.256,			0.055
131,	1,	6.0,	85.97,			2.616,			0.22,			0.051
132,	1,	7.0,	86.27,			1.075,			0.12,			0.051
133,	2,	185.0,	86.338,			13.148,			1.166,			0.167
134,	1,	512.0,	86.454,			1.962,			0.235,			0.059
135,	2,	123.0,	86.959,			14.649,			1.381,			0.114
136,	1,	44.0,	87.015,			1.331,			0.272,			0.051
137,	1,	512.0,	87.042,			1.844,			0.173,			0.051
138,	1,	103.0,	87.134,			1.869,			0.173,			0.05
139,	1,	16.0,	87.25,			2.037,			0.276,			0.057
140,	1,	379.0,	87.332,			2.642,			0.106,			0.059
141,	1,	6.0,	87.787,			2.879,			0.139,			0.055
142,	2,	236.0,	87.903,			11.265,			1.124,			0.191
143,	2,	133.0,	88.58,			13.266,			1.304,			0.16
144,	2,	194.0,	88.615,			11.404,			1.027,			0.177
145,	2,	176.0,	88.827,			12.15,			1.433,			0.119
146,	1,	6.0,	89.541,			2.838,			0.215,			0.058
147,	2,	74.0,	89.561,			12.242,			1.236,			0.122
148,	1,	126.0,	89.88,			1.225,			0.247,			0.055
149,	1,	157.0,	90.751,			1.144,			0.172,			0.055
150,	1,	387.0,	91.14,			2.727,			0.107,			0.053
151,	1,	10.0,	91.434,			1.651,			0.132,			0.059
152,	1,	157.0,	92.113,			2.187,			0.226,			0.05
153,	1,	7.0,	92.143,			2.554,			0.29,			0.056
154,	1,	49.0,	92.436,			2.18,			0.125,			0.053
155,	1,	157.0,	92.493,			2.364,			0.109,			0.059
156,	1,	6.0,	92.594,			1.005,			0.185,			0.06
157,	1,	6.0,	92.701,			2.288,			0.266,			0.055
158,	1,	157.0,	92.765,			2.198,			0.199,			0.053
159,	1,	146.0,	93.012,			1.981,			0.223,			0.057
160,	2,	235.0,	93.226,			10.924,			1.132,			0.122
161,	1,	13.0,	93.608,			1.386,			0.298,			0.051
162,	1,	6.0,	94.106,			1.942,			0.239,			0.051
163,	2,	207.0,	94.329,			11.504,			1.142,			0.105
164,	1,	30.0,	94.6,			1.591,			0.221,			0.05
165,	1,	49.0,	94.794,			2.955,			0.198,			0.06
166,	1,	6.0,	94.986,			1.684,			0.128,			0.057
167,	1,	157.0,	95.205,			2.379,			0.113,			0.057
168,	1,	30.0,	95.426,			2.576,			0.284,			0.06
169,	1,	169.0,	95.462,			1.853,			0.175,			0.06
170,	1,	169.0,	95.928,			1.682,			0.206,			0.057
171,	1,	6.0,	96.079,			1.784,			0.145,			0.059
172,	2,	210.0,	96.47,			13.684,			1.178,			0.138
173,	1,	10.0,	96.528,			1.435,			0.146,			0.06
174,	1,	498.0,	96.592,			2.384,			0.244,			0.058
175,	1,	103.0,	96.926,			1.742,			0.269,			0.05
176,	1,	59.0,	97.024,			1.883,			0.108,			0.05
177,	1,	16.0,	97.566,			1.972,			0.255,			0.055
178,	1,	379.0,	97.618,			1.732,			0.194,			0.054
179,	1,	126.0,	97.696,			1.141,			0.124,			0.056
180,	1,	59.0,	97.756,			1.027,			0.135,			0.053
181,	1,	120.0,	97.776,			1.432,			0.28,			0.053
182,	1,	447.0,	97.786,			2.549,			0.197,			0.055
183,	2,	208.0,	98.077,			14.152,			1.454,			0.185
184,	1,	126.0,	98.26,			2.957,			0.152,			0.059
185,	2,	104.0,	98.397,			14.005,			1.367,			0.197
186,	1,	95.0,	99.608,			1.962,			0.141,			0.059
187,	1,	214.0,	99.702,			2.184,			0.277,			0.054
188,	1,	169.0,	99.705,			1.927,			0.129,			0.051
189,	1,	146.0,	99.727,			1.596,			0.152,			0.053
190,	2,	120.0,	100.096,			10.16,			1.479,			0.14
191,	1,	7.0,	100.356,			2.928,			0.259,			0.053
192,	1,	103.0,	100.438,			2.143,			0.107,			0.05
193,	2,	70.0,	100.795,			14.786,			1.321,			0.177
194,	1,	44.0,	100.822,			2.232,			0.206,			0.051
195,	2,	206.0,	101.234,			12.594,			1.051,			0.145
196,	1,	28.0,	101.35,			2.366,			0.17,			0.052
197,	1,	6.0,	101.809,			1.164,			0.189,			0.056
198,	1,	7.0,	101.928,			1.581,			0.164,			0.057
199,	1,	10.0,	102.23,			1.625,			0.173,			0.054
200,	2,	140.0,	102.279,			14.528,			1.484,			0.16
201,	2,	158.0,	103.145,			14.43,			1.103,			0.128
202,	1,	7.0,	103.247,			2.448,			0.133,			0.055
203,	1,	44.0,	103.685,			2.947,			0.217,			0.055
204,	1,	379.0,	103.789,			1.625,			0.231,			0.055
205,	1,	49.0,	104.417,			2.454,			0.262,			0.059
206,	1,	157.0,	104.432,			2.712,			0.178,			0.056
207,	1,	387.0,	104.768,			2.179,			0.28,			0.058
208,	2,	162.0,	105.428,			10.788,			1.293,			0.154
209,	1,	387.0,	105.711,			2.378,			0.164,			0.058
210,	1,	214.0,	105.781,			2.636,			0.189,			0.056
211,	1,	7.0,	105.784,			2.799,			0.153,			0.054
212,	1,	13.0,	106.517,			1.79,			0.145,			0.052
213,	1,	126.0,	106.599,			2.26,			0.191,			0.051
214,	1,	7.0,	106.795,			1.982,			0.164,			0.054
215,	1,	126.0,	107.15,			2.796,			0.207,			0.055
216,	1,	512.0,	107.219,			1.914,			0.12,			0.052
217,	1,	498.0,	108.113,			2.796,			0.128,			0.059
218,	1,	13.0,	108.297,			1.504,			0.243,			0.057
219,	1,	498.0,	108.447,			1.768,			0.238,			0.055
220,	1,	7.0,	108.458,			1.386,			0.162,			0.055
221,	1,	169.0,	108.546,			1.471,			0.124,			0.059
222,	1,	44.0,	108.625,			1.532,			0.185,			0.051
223,	1,	126.0,	108.668,			1.148,			0.239,			0.054
224,	1,	7.0,	108.76,			2.763,			0.228,			0.052
225,	1,	7.0,	108.799,			2.345,			0.244,			0.053
226,	1,	6.0,	108.836,			2.503,			0.165,			0.057
227,	1,	7.0,	109.006,			1.827,			0.179,			0.057
228,	1,	498.0,	109.218,			1.398,			0.298,			0.053
229,	1,	7.0,	109.239,			1.119,			0.167,			0.054
230,	1,	7.0,	109.664,			2.661,			0.183,			0.055
231,	1,	6.0,	109.688,			1.996,			0.16,			0.055
232,	1,	30.0,	109.819,			1.485,			0.166,			0.057
233,	1,	49.0,	109.863,			1.988,			0.26,			0.053
234,	1,	103.0,	109.87,			2.223,			0.265,			0.056
235,	1,	16.0,	110.337,			1.822,			0.104,			0.058
236,	2,	266.0,	110.483,			14.14,			1.343,			0.162
237,	1,	379.0,	110.974,			1.484,			0.195,			0.054
238,	1,	7.0,	111.011,			2.328,			0.174,			0.058
239,	1,	157.0,	111.077,			1.309,			0.206,			0.05
240,	1,	214.0,	111.414,			1.963,			0.152,			0.051
241,	1,	16.0,	111.465,			2.489,			0.244,			0.057
242,	1,	28.0,	111.549,			2.844,			0.225,			0.051
243,	1,	7.0,	111.562,			1.756,			0.268,			0.055
244,	1,	146.0,	111.616,			2.366,			0.183,			0.052
245,	1,	30.0,	111.704,			2.427,			0.104,			0.051
246,	1,	169.0,	111.948,			2.244,			0.151,			0.053
247,	2,	139.0,	112.053,			12.107,			1.222,			0.132
248,	1,	44.0,	112.185,			1.173,			0.251,			0.052
249,	1,	157.0,	112.452,			1.935,			0.159,			0.055
250,	1,	146.0,	112.485,			1.835,			0.159,			0.052
251,	1,	16.0,	112.492,			2.198,			0.227,			0.059
252,	1,	95.0,	112.502,			1.105,			0.242,			0.055
253,	1,	512.0,	112.575,			2.999,			0.237,			0.05
254,	1,	512.0,	112.585,			1.153,			0.285,			0.055
255,	1,	146.0,	112.822,			2.796,			0.264,			0.054
256,	1,	10.0,	112.969,			1.982,			0.221,			0.056
257,	2,	58.0,	113.017,			10.117,			1.022,			0.142
258,	2,	157.0,	113.045,			11.11,			1.304,			0.129
259,	1,	387.0,	113.221,			1.609,			0.297,			0.057
260,	1,	7.0,	113.51,			2.893,			0.27,			0.059
261,	1,	30.0,	113.577,			1.245,			0.116,			0.052
262,	1,	7.0,	113.664,			1.024,			0.283,			0.052
263,	1,	49.0,	113.894,			2.385,			0.12,			0.054
264,	1,	90.0,	114.059,			1.73,			0.129,			0.052
265,	1,	16.0,	114.613,			1.542,			0.286,			0.058
266,	1,	120.0,	114.714,			2.653,			0.15,			0.058
267,	1,	157.0,	114.927,			1.482,			0.158,			0.053
268,	1,	44.0,	114.997,			1.561,			0.205,			0.053
269,	1,	157.0,	115.362,			1.433,			0.22,			0.05
270,	1,	30.0,	115.748,			1.304,			0.21,			0.057
271,	1,	498.0,	115.815,			2.844,			0.183,			0.054
272,	1,	146.0,	116.011,			1.933,			0.197,			0.059
273,	1,	387.0,	116.33,			2.143,			0.203,			0.059
274,	1,	7.0,	116.472,			2.709,			0.162,			0.058
275,	1,	214.0,	116.667,			2.286,			0.14,			0.056
276,	1,	16.0,	116.689,			2.088,			0.103,			0.056
277,	1,	169.0,	116.968,			2.796,			0.16,			0.05
278,	1,	512.0,	117.14,			1.596,			0.166,			0.059
279,	1,	214.0,	117.518,			1.609,			0.211,			0.052
280,	1,	7.0,	117.659,			1.083,			0.17,			0.052
281,	2,	184.0,	117.906,			10.909,			1.262,			0.144
282,	1,	379.0,	118.029,			1.226,			0.228,			0.056
283,	1,	59.0,	118.056,			1.525,			0.176,			0.056
284,	2,	230.0,	118.284,			13.303,			1.031,			0.195
285,	1,	44.0,	118.312,			1.722,			0.184,			0.055
286,	1,	7.0,	118.507,			2.425,			0.182,			0.059
287,	1,	169.0,	118.936,			2.761,			0.29,			0.057
288,	1,	6.0,	119.039,			1.394,			0.179,			0.056
289,	1,	30.0,	119.873,			1.45,			0.136,			0.06
290,	1,	6.0,	120.137,			2.366,			0.122,			0.051
291,	1,	6.0,	120.137,			2.622,			0.108,			0.052
292,	1,	157.0,	120.226,			2.56,			0.193,			0.057
293,	1,	126.0,	120.3,			2.614,			0.117,			0.056
294,	2,	104.0,	120.494,			10.335,			1.278,			0.105
295,	1,	169.0,	120.873,			1.719,			0.144,			0.056
296,	1,	6.0,	121.318,			2.366,			0.263,			0.057
297,	1,	16.0,	121.763,			2.556,			0.112,			0.056
298,	1,	59.0,	121.983,			2.503,			0.209,			0.058
299,	1,	120.0,	122.041,			1.314,			0.12,			0.06
300,	1,	90.0,	122.155,			1.151,			0.105,			0.059
301,	1,	95.0,	122.669,			2.509,			0.218,			0.059
302,	1,	90.0,	122.674,			2.969,			0.174,			0.057
303,	1,	146.0,	122.695,			1.4,			0.185,			0.058
304,	1,	214.0,	122.794,			2.055,			0.233,			0.06
305,	1,	379.0,	122.937,			2.018,			0.158,			0.055
306,	1,	120.0,	123.235,			1.63,			0.192,			0.053
307,	1,	30.0,	123.254,			1.728,			0.165,			0.053
308,	1,	126.0,	123.345,			2.299,			0.12,			0.054
309,	1,	447.0,	123.378,			2.173,			0.192,			0.055
310,	1,	90.0,	123.537,			1.731,			0.195,			0.05
311,	1,	447.0,	123.659,			1.371,			0.174,			0.054
312,	1,	6.0,	124.05,			1.092,			0.156,			0.054
313,	1,	498.0,	124.129,			2.932,			0.192,			0.052
314,	1,	13.0,	124.243,			1.071,			0.226,			0.055
315,	1,	126.0,	124.366,			1.589,			0.252,			0.058
316,	1,	214.0,	124.756,			1.291,			0.191,			0.052
317,	1,	157.0,	125.019,			1.383,			0.151,			0.057
318,	1,	30.0,	125.15,			1.482,			0.258,			0.053
319,	1,	120.0,	125.296,			2.068,			0.19,			0.053
320,	1,	7.0,	125.482,			1.188,			0.247,			0.055
321,	1,	157.0,	125.855,			1.158,			0.123,			0.051
322,	1,	169.0,	125.949,			2.582,			0.227,			0.058
323,	1,	512.0,	126.041,			1.119,			0.166,			0.058
324,	1,	387.0,	126.273,			1.432,			0.26,			0.058
325,	1,	512.0,	126.355,			1.442,			0.209,			0.053
326,	1,	6.0,	126.59,			2.627,			0.182,			0.058
327,	1,	7.0,	126.742,			2.725,			0.296,			0.051
328,	1,	10.0,	126.791,			2.645,			0.164,			0.06
329,	1,	10.0,	126.819,			1.445,			0.279,			0.051
330,	1,	49.0,	127.083,			1.393,			0.244,			0.056
331,	1,	44.0,	127.085,			1.994,			0.166,			0.055
332,	1,	6.0,	127.091,			1.025,			0.121,			0.057
333,	1,	447.0,	127.235,			1.406,			0.153,			0.06
334,	1,	146.0,	127.308,			1.086,			0.208,			0.051
335,	1,	387.0,	127.477,			1.115,			0.202,			0.056
336,	1,	30.0,	127.747,			1.289,			0.265,			0.055
337,	1,	95.0,	127.852,			1.204,			0.178,			0.057
338,	1,	559.0,	127.878,			2.006,			0.21,			0.052
339,	1,	120.0,	128.08,			1.626,			0.259,			0.057
340,	1,	379.0,	128.362,			1.911,			0.201,			0.051
341,	1,	7.0,	128.365,			2.627,			0.128,			0.06
342,	1,	95.0,	128.478,			1.801,			0.264,			0.053
343,	1,	559.0,	128.545,			1.968,			0.161,			0.057
344,	1,	6.0,	128.647,			1.296,			0.29,			0.057
345,	1,	6.0,	128.663,			1.119,			0.12,			0.052
346,	1,	7.0,	128.747,			1.226,			0.185,			0.053
347,	1,	512.0,	129.209,			2.776,			0.144,			0.055
348,	1,	49.0,	129.363,			1.984,			0.2,			0.056
349,	2,	104.0,	129.408,			13.438,			1.374,			0.111
350,	1,	120.0,	129.914,			2.625,			0.184,			0.055
351,	1,	6.0,	130.2,			1.153,			0.244,			0.058
352,	1,	103.0,	130.316,			2.795,			0.21,			0.057
353,	2,	166.0,	130.36,			11.411,			1.018,			0.192
354,	1,	6.0,	130.362,			2.627,			0.273,			0.053
355,	2,	141.0,	130.385,			13.615,			1.169,			0.112
356,	1,	90.0,	130.643,			1.407,			0.183,			0.057
357,	1,	59.0,	130.646,			2.173,			0.237,			0.059
358,	1,	447.0,	130.854,			2.11,			0.211,			0.058
359,	1,	44.0,	130.914,			2.91,			0.121,			0.057
360,	1,	7.0,	131.225,			1.637,			0.195,			0.054
361,	1,	7.0,	131.314,			2.35,			0.258,			0.053
362,	1,	126.0,	131.73,			1.126,			0.23,			0.05
363,	1,	10.0,	131.841,			2.88,			0.21,			0.055
364,	1,	6.0,	132.02,			1.994,			0.149,			0.057
365,	1,	103.0,	132.203,			1.643,			0.238,			0.051
366,	1,	498.0,	132.533,			2.655,			0.122,			0.056
367,	1,	13.0,	132.673,			2.562,			0.231,			0.055
368,	1,	7.0,	133.054,			2.11,			0.165,			0.054
369,	1,	6.0,	133.389,			2.813,			0.111,			0.052
370,	1,	13.0,	133.399,			2.916,			0.241,			0.055
371,	1,	214.0,	133.72,			2.479,			0.278,			0.056
372,	1,	28.0,	133.928,			2.802,			0.121,			0.055
373,	1,	44.0,	134.415,			2.795,			0.128,			0.05
374,	1,	7.0,	134.841,			1.413,			0.114,			0.055
375,	1,	7.0,	134.918,			1.08,			0.108,			0.054
376,	1,	126.0,	134.92,			1.67,			0.242,			0.059
377,	1,	447.0,	135.075,			1.25,			0.258,			0.053
378,	1,	7.0,	135.089,			2.559,			0.142,			0.055
379,	1,	13.0,	135.105,			2.02,			0.174,			0.06
380,	1,	16.0,	135.374,			2.991,			0.234,			0.054
381,	1,	44.0,	135.438,			1.956,			0.214,			0.052
382,	2,	203.0,	135.465,			13.792,			1.302,			0.158
383,	1,	512.0,	135.797,			1.371,			0.29,			0.059
384,	1,	447.0,	136.046,			1.694,			0.208,			0.051
385,	1,	28.0,	136.066,			1.639,			0.14,			0.051
386,	1,	49.0,	136.082,			2.726,			0.228,			0.053
387,	1,	447.0,	136.216,			1.213,			0.279,			0.053
388,	1,	157.0,	136.404,			2.33,			0.21,			0.057
389,	1,	13.0,	136.744,			1.679,			0.142,			0.059
390,	1,	7.0,	136.784,			1.211,			0.172,			0.05
391,	1,	214.0,	136.891,			2.95,			0.185,			0.055
392,	1,	6.0,	136.942,			2.625,			0.289,			0.054
393,	1,	214.0,	137.114,			1.004,			0.269,			0.056
394,	1,	44.0,	137.136,			2.223,			0.192,			0.053
395,	1,	10.0,	137.291,			2.95,			0.166,			0.057
396,	1,	214.0,	137.767,			2.273,			0.123,			0.056
397,	1,	28.0,	137.906,			1.588,			0.275,			0.053
398,	1,	559.0,	138.052,			1.188,			0.21,			0.05
399,	1,	95.0,	138.08,			2.249,			0.176,			0.057
400,	1,	90.0,	138.124,			1.25,			0.224,			0.053
401,	1,	447.0,	138.256,			1.128,			0.17,			0.054
402,	1,	13.0,	138.261,			2.283,			0.139,			0.054
403,	2,	155.0,	138.284,			11.328,			1.108,			0.192
404,	1,	13.0,	138.356,			1.947,			0.123,			0.057
405,	1,	126.0,	138.492,			1.293,			0.231,			0.051
406,	1,	214.0,	138.657,			2.866,			0.192,			0.06
407,	1,	498.0,	138.761,			2.972,			0.16,			0.055
408,	1,	126.0,	138.885,			2.579,			0.189,			0.05
409,	1,	90.0,	139.13,			1.977,			0.295,			0.054
410,	1,	13.0,	139.137,			1.501,			0.268,			0.055
411,	1,	6.0,	139.187,			1.977,			0.146,			0.056
412,	1,	447.0,	139.259,			2.2,			0.244,			0.052
413,	1,	512.0,	139.304,			2.571,			0.245,			0.057
414,	1,	214.0,	139.512,			1.59,			0.217,			0.058
415,	1,	44.0,	139.583,			1.582,			0.255,			0.055
416,	1,	103.0,	139.686,			1.096,			0.103,			0.06
417,	1,	16.0,	140.352,			2.047,			0.143,			0.059
418,	1,	44.0,	140.384,			2.238,			0.297,			0.055
419,	2,	99.0,	140.391,			10.461,			1.454,			0.114
420,	1,	59.0,	140.392,			2.768,			0.13,			0.052
421,	1,	126.0,	140.418,			2.819,			0.181,			0.054
422,	1,	512.0,	140.567,			2.852,			0.138,			0.057
423,	1,	146.0,	140.628,			1.883,			0.222,			0.053
424,	2,	99.0,	140.643,			13.569,			1.493,			0.108
425,	1,	512.0,	141.393,			2.709,			0.206,			0.051
426,	1,	59.0,	141.664,			1.612,			0.259,			0.052
427,	1,	10.0,	141.739,			2.702,			0.169,			0.054
428,	1,	10.0,	141.971,			1.757,			0.188,			0.055
429,	1,	7.0,	142.231,			1.174,			0.125,			0.055
430,	1,	387.0,	142.363,			2.318,			0.224,			0.059
431,	1,	6.0,	142.473,			1.494,			0.288,			0.055
432,	1,	214.0,	142.585,			2.872,			0.161,			0.06
433,	1,	6.0,	142.642,			2.441,			0.245,			0.057
434,	1,	447.0,	142.791,			1.682,			0.221,			0.055
435,	1,	7.0,	143.301,			1.733,			0.159,			0.053
436,	1,	95.0,	143.364,			1.753,			0.129,			0.055
437,	1,	120.0,	143.586,			1.968,			0.167,			0.053
438,	1,	59.0,	143.589,			2.198,			0.187,			0.059
439,	1,	120.0,	143.817,			2.661,			0.256,			0.055
440,	1,	10.0,	143.961,			2.489,			0.203,			0.05
441,	1,	498.0,	143.966,			1.914,			0.17,			0.053
442,	1,	6.0,	144.065,			2.176,			0.125,			0.057
443,	1,	120.0,	144.292,			1.869,			0.277,			0.053
444,	1,	30.0,	144.301,			2.554,			0.189,			0.055
445,	1,	7.0,	144.42,			2.532,			0.215,			0.051
446,	1,	10.0,	144.486,			1.174,			0.182,			0.059
447,	1,	103.0,	144.527,			2.133,			0.218,			0.054
448,	1,	28.0,	144.643,			2.293,			0.119,			0.051
449,	1,	13.0,	144.703,			2.358,			0.162,			0.055
450,	1,	90.0,	145.23,			2.651,			0.186,			0.058
451,	1,	146.0,	145.338,			2.914,			0.168,			0.058
452,	1,	28.0,	145.397,			1.394,			0.111,			0.058
453,	1,	7.0,	145.419,			2.541,			0.142,			0.051
454,	1,	7.0,	145.522,			1.191,			0.223,			0.054
455,	1,	447.0,	145.655,			2.222,			0.215,			0.058
456,	1,	59.0,	145.997,			1.575,			0.296,			0.053
457,	1,	30.0,	146.167,			1.833,			0.246,			0.055
458,	1,	120.0,	146.201,			1.631,			0.293,			0.059
459,	1,	59.0,	146.403,			2.757,			0.115,			0.056
460,	1,	7.0,	146.861,			2.098,			0.277,			0.05
461,	1,	59.0,	147.129,			1.356,			0.256,			0.055
462,	1,	7.0,	147.199,			1.801,			0.23,			0.057
463,	1,	7.0,	147.234,			1.496,			0.154,			0.051
464,	1,	379.0,	147.468,			2.279,			0.221,			0.054
465,	1,	30.0,	147.507,			1.731,			0.203,			0.054
466,	2,	138.0,	147.893,			10.974,			1.149,			0.14
467,	1,	146.0,	147.95,			2.127,			0.109,			0.053
468,	2,	76.0,	147.975,			13.528,			1.356,			0.198
469,	1,	498.0,	148.204,			2.43,			0.22,			0.057
470,	1,	559.0,	148.318,			1.609,			0.132,			0.055
471,	1,	6.0,	148.617,			1.031,			0.17,			0.051
472,	1,	6.0,	149.236,			2.366,			0.277,			0.06
473,	1,	49.0,	149.333,			1.826,			0.159,			0.059
474,	1,	7.0,	149.434,			2.176,			0.224,			0.054
475,	1,	16.0,	149.745,			1.158,			0.116,			0.055
476,	1,	379.0,	149.79,			2.22,			0.216,			0.059
477,	1,	498.0,	150.025,			2.56,			0.167,			0.056
478,	1,	49.0,	150.114,			2.296,			0.134,			0.051
479,	1,	120.0,	150.779,			1.672,			0.122,			0.055
480,	1,	7.0,	150.996,			1.08,			0.245,			0.06
481,	1,	498.0,	151.255,			1.756,			0.166,			0.054
482,	1,	379.0,	151.418,			1.719,			0.172,			0.059
483,	2,	244.0,	151.728,			13.106,			1.461,			0.173
484,	1,	126.0,	152.289,			2.323,			0.239,			0.056
485,	1,	44.0,	152.359,			2.858,			0.235,			0.059
486,	1,	498.0,	152.418,			1.589,			0.178,			0.058
487,	1,	6.0,	152.496,			1.969,			0.229,			0.056
488,	1,	146.0,	152.544,			2.832,			0.129,			0.054
489,	1,	28.0,	152.562,			1.371,			0.267,			0.055
490,	1,	7.0,	152.621,			2.945,			0.214,			0.057
491,	1,	512.0,	152.623,			1.464,			0.112,			0.051
492,	1,	28.0,	152.652,			2.379,			0.151,			0.053
493,	1,	157.0,	152.711,			2.889,			0.284,			0.051
494,	1,	90.0,	152.776,			2.198,			0.26,			0.057
495,	1,	379.0,	153.103,			2.655,			0.151,			0.056
496,	1,	28.0,	153.251,			1.467,			0.104,			0.056
497,	1,	559.0,	153.374,			1.62,			0.198,			0.059
498,	1,	169.0,	153.452,			1.279,			0.112,			0.057
499,	1,	214.0,	153.579,			1.103,			0.29,			0.054
500,	1,	103.0,	153.635,			2.282,			0.231,			0.054
501,	1,	6.0,	153.709,			1.211,			0.132,			0.058
502,	1,	7.0,	153.776,			1.994,			0.238,			0.059
503,	1,	498.0,	153.828,			1.821,			0.101,			0.052
504,	1,	379.0,	153.882,			1.558,			0.281,			0.052
505,	2,	103.0,	154.211,			13.596,			1.058,			0.131
506,	1,	10.0,	154.438,			1.027,			0.173,			0.053
507,	1,	214.0,	154.518,			1.116,			0.272,			0.05
508,	2,	144.0,	155.025,			11.34,			1.422,			0.101
509,	1,	512.0,	155.085,			1.653,			0.179,			0.059
510,	1,	6.0,	155.105,			2.638,			0.214,			0.057
511,	1,	10.0,	155.193,			2.786,			0.268,			0.051
512,	1,	7.0,	155.626,			2.631,			0.223,			0.053
513,	2,	219.0,	155.654,			12.069,			1.261,			0.162
514,	1,	169.0,	155.846,			2.36,			0.288,			0.06
515,	1,	30.0,	155.935,			2.088,			0.125,			0.051
516,	1,	6.0,	156.369,			2.602,			0.295,			0.055
517,	2,	142.0,	156.558,			12.152,			1.177,			0.167
518,	1,	7.0,	156.764,			2.076,			0.111,			0.059
519,	1,	379.0,	156.94,			1.909,			0.108,			0.059
520,	1,	28.0,	157.016,			1.657,			0.239,			0.052
521,	2,	282.0,	157.073,			10.686,			1.439,			0.138
522,	1,	7.0,	157.243,			2.087,			0.142,			0.058
523,	1,	30.0,	157.268,			1.875,			0.291,			0.051
524,	1,	379.0,	157.628,			1.303,			0.124,			0.05
525,	1,	447.0,	157.683,			2.599,			0.118,			0.059
526,	1,	44.0,	158.358,			1.413,			0.295,			0.058
527,	1,	13.0,	159.103,			1.639,			0.277,			0.051
528,	1,	49.0,	159.203,			2.751,			0.249,			0.05
529,	1,	95.0,	159.433,			2.318,			0.256,			0.055
530,	1,	7.0,	159.493,			1.005,			0.185,			0.053
531,	1,	7.0,	159.533,			2.895,			0.292,			0.057
532,	1,	44.0,	159.789,			2.31,			0.225,			0.056
533,	1,	6.0,	160.027,			1.979,			0.103,			0.051
534,	2,	78.0,	160.035,			11.39,			1.253,			0.188
535,	1,	387.0,	160.084,			2.268,			0.287,			0.058
536,	1,	498.0,	160.215,			1.296,			0.2,			0.054
537,	1,	169.0,	160.38,			2.056,			0.128,			0.051
538,	1,	447.0,	160.398,			1.009,			0.256,			0.059
539,	1,	214.0,	160.492,			1.393,			0.298,			0.055
540,	1,	95.0,	160.541,			2.388,			0.241,			0.053
541,	1,	44.0,	160.612,			2.947,			0.29,			0.059
542,	1,	559.0,	160.736,			1.098,			0.262,			0.057
543,	1,	28.0,	160.903,			2.492,			0.166,			0.056
544,	1,	10.0,	161.018,			1.869,			0.102,			0.056
545,	1,	49.0,	161.091,			2.765,			0.158,			0.051
546,	1,	49.0,	161.125,			1.933,			0.206,			0.051
547,	1,	7.0,	161.131,			2.415,			0.147,			0.058
548,	1,	30.0,	161.559,			1.589,			0.186,			0.05
549,	1,	28.0,	161.656,			1.56,			0.169,			0.058
550,	1,	157.0,	161.741,			2.351,			0.284,			0.058
551,	1,	6.0,	161.77,			1.805,			0.292,			0.051
552,	2,	119.0,	161.894,			10.074,			1.303,			0.107
553,	1,	28.0,	161.96,			2.635,			0.124,			0.055
554,	1,	49.0,	162.006,			1.048,			0.24,			0.051
555,	1,	13.0,	162.64,			2.346,			0.219,			0.052
556,	1,	146.0,	162.715,			2.326,			0.278,			0.056
557,	1,	44.0,	162.862,			1.756,			0.177,			0.054
558,	1,	126.0,	163.037,			1.232,			0.168,			0.05
559,	1,	169.0,	163.115,			1.548,			0.205,			0.053
560,	1,	13.0,	163.45,			1.309,			0.107,			0.059
561,	1,	7.0,	163.528,			2.627,			0.248,			0.057
562,	1,	10.0,	163.66,			2.659,			0.203,			0.057
563,	1,	387.0,	163.689,			2.154,			0.144,			0.055
564,	1,	7.0,	163.872,			1.287,			0.235,			0.052
565,	2,	333.0,	163.958,			10.415,			1.154,			0.106
566,	1,	90.0,	164.043,			1.861,			0.223,			0.053
567,	1,	44.0,	164.535,			1.835,			0.208,			0.059
568,	2,	127.0,	164.701,			10.067,			1.328,			0.121
569,	1,	28.0,	164.714,			2.548,			0.214,			0.053
570,	1,	44.0,	164.839,			1.736,			0.214,			0.06
571,	1,	7.0,	165.101,			2.947,			0.247,			0.056
572,	2,	135.0,	165.313,			13.162,			1.117,			0.143
573,	2,	111.0,	165.375,			13.254,			1.442,			0.182
574,	1,	7.0,	165.417,			2.634,			0.124,			0.059
575,	1,	44.0,	165.427,			2.314,			0.174,			0.052
576,	1,	498.0,	165.641,			1.97,			0.134,			0.055
577,	1,	157.0,	165.762,			1.364,			0.162,			0.051
578,	1,	126.0,	165.836,			1.698,			0.181,			0.058
579,	1,	44.0,	165.975,			2.567,			0.177,			0.06
580,	1,	16.0,	166.222,			2.522,			0.292,			0.055
581,	1,	7.0,	166.304,			2.753,			0.167,			0.051
582,	1,	95.0,	166.312,			1.513,			0.243,			0.056
583,	2,	223.0,	166.395,			11.194,			1.242,			0.194
584,	1,	44.0,	166.778,			1.482,			0.221,			0.051
585,	1,	498.0,	166.873,			2.935,			0.133,			0.053
586,	1,	16.0,	167.313,			1.769,			0.133,			0.056
587,	1,	498.0,	167.353,			2.714,			0.29,			0.059
588,	1,	379.0,	167.413,			2.238,			0.299,			0.053
589,	1,	6.0,	167.432,			1.859,			0.14,			0.05
590,	1,	16.0,	167.518,			1.932,			0.175,			0.06
591,	1,	7.0,	167.794,			1.651,			0.256,			0.057
592,	1,	7.0,	167.909,			2.486,			0.29,			0.05
593,	1,	44.0,	167.923,			2.446,			0.241,			0.05
594,	1,	59.0,	168.129,			2.675,			0.187,			0.055
595,	1,	7.0,	168.276,			1.783,			0.297,			0.054
596,	1,	512.0,	168.289,			2.525,			0.263,			0.052
597,	1,	6.0,	168.469,			1.112,			0.206,			0.06
598,	1,	387.0,	168.53,			2.415,			0.244,			0.056
599,	1,	7.0,	168.707,			2.928,			0.161,			0.055
600,	1,	387.0,	168.844,			2.265,			0.214,			0.05
601,	1,	28.0,	168.846,			2.322,			0.166,			0.05
602,	1,	28.0,	168.884,			2.418,			0.138,			0.055
603,	1,	90.0,	169.094,			1.134,			0.288,			0.056
604,	1,	90.0,	169.193,			1.531,			0.294,			0.052
605,	1,	157.0,	169.246,			2.265,			0.295,			0.052
606,	1,	498.0,	169.488,			1.977,			0.212,			0.055
607,	1,	447.0,	169.874,			2.293,			0.202,			0.053
608,	1,	44.0,	170.059,			2.622,			0.292,			0.055
609,	1,	498.0,	170.35,			1.07,			0.247,			0.051
610,	1,	7.0,	170.433,			1.03,			0.148,			0.056
611,	2,	294.0,	170.878,			10.524,			1.285,			0.156
612,	1,	44.0,	171.306,			1.103,			0.122,			0.054
613,	1,	103.0,	171.451,			2.286,			0.158,			0.06
614,	1,	512.0,	171.49,			2.99,			0.238,			0.052
615,	1,	44.0,	171.559,			1.3,			0.153,			0.05
616,	1,	169.0,	171.659,			2.103,			0.179,			0.056
617,	1,	214.0,	171.798,			2.832,			0.166,			0.056
618,	1,	95.0,	172.387,			2.565,			0.177,			0.058
619,	1,	387.0,	172.462,			1.303,			0.176,			0.06
620,	1,	90.0,	172.487,			2.947,			0.111,			0.055
621,	1,	157.0,	172.551,			2.328,			0.145,			0.057
622,	1,	6.0,	172.67,			1.431,			0.284,			0.053
623,	1,	379.0,	173.491,			1.166,			0.285,			0.058
624,	1,	6.0,	173.499,			2.22,			0.111,			0.059
625,	1,	103.0,	173.557,			2.52,			0.252,			0.052
626,	1,	146.0,	173.569,			2.11,			0.135,			0.057
627,	1,	169.0,	173.574,			1.72,			0.224,			0.055
628,	1,	30.0,	173.661,			2.013,			0.199,			0.056
629,	1,	16.0,	173.751,			1.039,			0.212,			0.057
630,	1,	6.0,	174.226,			2.545,			0.165,			0.059
631,	1,	44.0,	174.24,			1.807,			0.138,			0.054
632,	1,	512.0,	174.633,			1.979,			0.135,			0.056
633,	1,	49.0,	174.807,			1.784,			0.281,			0.06
634,	1,	49.0,	174.832,			1.807,			0.275,			0.057
635,	1,	169.0,	174.964,			1.305,			0.167,			0.055
636,	1,	126.0,	175.28,			2.893,			0.217,			0.058
637,	1,	49.0,	175.285,			2.025,			0.147,			0.057
638,	1,	157.0,	175.408,			2.342,			0.129,			0.051
639,	1,	16.0,	175.566,			1.942,			0.14,			0.05
640,	1,	512.0,	175.572,			2.293,			0.16,			0.052
641,	1,	6.0,	175.708,			1.921,			0.139,			0.052
642,	1,	169.0,	175.858,			2.479,			0.242,			0.056
643,	1,	7.0,	175.878,			1.683,			0.285,			0.054
644,	1,	7.0,	176.086,			1.4,			0.281,			0.052
645,	2,	322.0,	176.361,			14.809,			1.023,			0.149
646,	1,	13.0,	176.384,			1.597,			0.173,			0.053
647,	1,	16.0,	176.466,			2.922,			0.2,			0.057
648,	1,	7.0,	176.582,			1.256,			0.281,			0.05
649,	2,	317.0,	176.654,			12.976,			1.285,			0.123
650,	1,	28.0,	176.866,			2.776,			0.135,			0.052
651,	2,	171.0,	177.019,			13.195,			1.119,			0.158
652,	1,	7.0,	177.588,			1.9,			0.178,			0.059
653,	1,	559.0,	177.781,			1.542,			0.174,			0.054
654,	1,	7.0,	177.854,			1.933,			0.161,			0.057
655,	2,	100.0,	178.065,			11.09,			1.021,			0.185
656,	2,	141.0,	178.133,			11.387,			1.42,			0.184
657,	1,	7.0,	178.32,			2.28,			0.139,			0.056
658,	1,	157.0,	178.467,			1.076,			0.103,			0.051
659,	2,	183.0,	178.494,			10.523,			1.403,			0.176
660,	1,	157.0,	178.509,			2.565,			0.268,			0.058
661,	1,	16.0,	178.776,			1.458,			0.178,			0.05
662,	2,	132.0,	178.79,			14.424,			1.143,			0.16
663,	1,	7.0,	178.969,			1.756,			0.16,			0.054
664,	2,	175.0,	179.017,			11.761,			1.042,			0.142
665,	1,	16.0,	179.155,			1.241,			0.229,			0.055
666,	2,	184.0,	179.261,			13.222,			1.326,			0.104
667,	1,	44.0,	179.311,			1.382,			0.252,			0.053
668,	1,	120.0,	179.415,			1.293,			0.19,			0.055
669,	1,	95.0,	179.435,			2.705,			0.239,			0.052
670,	1,	103.0,	179.67,			1.204,			0.114,			0.057
671,	1,	146.0,	179.75,			2.691,			0.116,			0.055
672,	1,	90.0,	179.756,			1.07,			0.146,			0.053
673,	1,	126.0,	179.861,			2.653,			0.198,			0.058
674,	1,	447.0,	179.991,			1.432,			0.249,			0.06
675,	1,	512.0,	180.107,			1.688,			0.238,			0.056
676,	1,	59.0,	180.442,			1.048,			0.255,			0.06
677,	1,	157.0,	180.78,			2.155,			0.166,			0.06
678,	1,	13.0,	180.995,			1.651,			0.139,			0.057
679,	1,	13.0,	181.369,			2.799,			0.171,			0.06
680,	1,	498.0,	181.384,			1.67,			0.18,			0.051
681,	1,	157.0,	181.398,			2.711,			0.197,			0.058
682,	1,	387.0,	181.637,			2.874,			0.132,			0.057
683,	1,	214.0,	181.688,			1.653,			0.145,			0.054
684,	1,	498.0,	181.735,			1.581,			0.207,			0.056
685,	1,	28.0,	182.041,			2.954,			0.133,			0.056
686,	1,	59.0,	182.058,			1.116,			0.225,			0.054
687,	1,	512.0,	182.232,			1.211,			0.108,			0.057
688,	1,	13.0,	182.262,			1.702,			0.165,			0.059
689,	1,	379.0,	182.304,			1.494,			0.23,			0.055
690,	2,	76.0,	182.693,			14.863,			1.391,			0.177
691,	1,	387.0,	182.937,			1.928,			0.168,			0.05
692,	1,	49.0,	183.093,			1.963,			0.228,			0.055
693,	1,	498.0,	183.25,			2.087,			0.235,			0.055
694,	1,	120.0,	183.264,			1.509,			0.298,			0.051
695,	1,	30.0,	183.29,			2.634,			0.199,			0.055
696,	2,	155.0,	183.41,			14.152,			1.389,			0.149
697,	1,	7.0,	183.928,			1.886,			0.15,			0.052
698,	1,	13.0,	184.018,			1.731,			0.28,			0.057
699,	1,	120.0,	184.197,			1.821,			0.175,			0.05
700,	1,	7.0,	184.707,			2.014,			0.256,			0.055
701,	2,	207.0,	184.887,			14.135,			1.246,			0.13
702,	1,	120.0,	184.897,			2.69,			0.122,			0.06
703,	1,	498.0,	184.954,			1.706,			0.101,			0.059
704,	1,	387.0,	185.005,			2.1,			0.112,			0.053
705,	1,	44.0,	185.026,			2.09,			0.197,			0.058
706,	1,	10.0,	185.255,			2.018,			0.137,			0.055
707,	1,	44.0,	185.516,			2.22,			0.137,			0.059
708,	1,	214.0,	185.923,			1.97,			0.118,			0.057
709,	1,	559.0,	186.042,			1.821,			0.272,			0.052
710,	1,	44.0,	186.153,			1.698,			0.241,			0.056
711,	1,	126.0,	186.188,			1.915,			0.167,			0.058
712,	1,	90.0,	186.262,			1.245,			0.131,			0.057
713,	1,	49.0,	186.81,			1.17,			0.212,			0.058
714,	1,	13.0,	187.262,			2.103,			0.101,			0.055
715,	1,	28.0,	187.353,			1.853,			0.187,			0.059
716,	1,	169.0,	187.545,			1.582,			0.296,			0.055
717,	2,	130.0,	187.548,			14.771,			1.181,			0.12
718,	1,	498.0,	187.647,			2.581,			0.256,			0.058
719,	1,	103.0,	187.976,			2.819,			0.142,			0.055
720,	2,	169.0,	188.053,			11.387,			1.03,			0.166
721,	1,	7.0,	188.215,			1.509,			0.223,			0.057
722,	1,	95.0,	188.615,			2.034,			0.281,			0.058
723,	1,	44.0,	188.721,			1.929,			0.22,			0.052
724,	1,	379.0,	189.325,			2.548,			0.169,			0.057
725,	1,	126.0,	189.329,			1.141,			0.131,			0.056
726,	1,	6.0,	189.486,			2.976,			0.121,			0.056
727,	1,	7.0,	189.563,			2.366,			0.286,			0.058
728,	1,	6.0,	189.768,			1.561,			0.223,			0.052
729,	2,	112.0,	189.939,			12.691,			1.365,			0.113
730,	1,	13.0,	190.219,			2.838,			0.125,			0.059
731,	1,	44.0,	190.302,			2.901,			0.198,			0.051
732,	1,	13.0,	190.305,			2.28,			0.248,			0.058
733,	1,	90.0,	190.518,			2.304,			0.119,			0.056
734,	1,	28.0,	190.718,			1.204,			0.167,			0.055
735,	1,	44.0,	190.77,			1.488,			0.275,			0.06
736,	1,	146.0,	190.803,			1.467,			0.28,			0.052
737,	1,	13.0,	190.823,			1.174,			0.173,			0.057
738,	1,	169.0,	191.272,			2.03,			0.167,			0.051
739,	1,	6.0,	191.484,			1.105,			0.215,			0.06
740,	1,	28.0,	191.565,			2.187,			0.176,			0.057
741,	1,	120.0,	191.651,			1.285,			0.189,			0.055
742,	1,	559.0,	191.725,			1.263,			0.284,			0.054
743,	1,	6.0,	191.771,			1.915,			0.129,			0.054
744,	1,	28.0,	191.798,			2.9,			0.245,			0.051
745,	1,	16.0,	191.847,			1.921,			0.159,			0.057
746,	1,	157.0,	191.918,			2.874,			0.277,			0.056
747,	1,	387.0,	192.192,			2.553,			0.133,			0.059
748,	1,	387.0,	192.428,			2.645,			0.112,			0.059
749,	1,	28.0,	192.497,			2.018,			0.237,			0.059
750,	1,	6.0,	192.589,			1.495,			0.146,			0.059
751,	1,	44.0,	193.092,			2.857,			0.264,			0.055
752,	1,	512.0,	193.197,			2.857,			0.154,			0.055
753,	1,	10.0,	193.423,			1.36,			0.206,			0.058
754,	2,	109.0,	193.791,			11.553,			1.468,			0.129
755,	1,	146.0,	194.056,			2.858,			0.161,			0.053
756,	1,	379.0,	194.101,			2.819,			0.239,			0.051
757,	1,	28.0,	194.347,			2.799,			0.164,			0.052
758,	1,	95.0,	194.354,			1.106,			0.15,			0.058
759,	1,	379.0,	194.462,			1.407,			0.173,			0.056
760,	2,	207.0,	195.327,			11.011,			1.046,			0.133
761,	2,	300.0,	195.362,			11.059,			1.376,			0.19
762,	1,	44.0,	195.445,			1.543,			0.288,			0.051
763,	1,	28.0,	195.504,			1.263,			0.187,			0.059
764,	1,	16.0,	195.665,			2.26,			0.177,			0.05
765,	1,	126.0,	195.937,			1.36,			0.228,			0.054
766,	1,	95.0,	196.341,			2.717,			0.16,			0.058
767,	2,	230.0,	196.647,			10.432,			1.271,			0.149
768,	1,	10.0,	196.906,			1.72,			0.196,			0.055
769,	1,	30.0,	196.957,			1.985,			0.28,			0.058
770,	1,	90.0,	196.959,			1.172,			0.101,			0.053
771,	1,	379.0,	197.337,			1.575,			0.195,			0.05
772,	2,	55.0,	197.39,			10.146,			1.012,			0.154
773,	1,	512.0,	197.975,			2.852,			0.256,			0.06
774,	2,	189.0,	198.163,			11.756,			1.401,			0.121
775,	1,	379.0,	198.188,			2.638,			0.2,			0.056
776,	1,	126.0,	198.298,			1.103,			0.162,			0.057
777,	1,	10.0,	198.309,			1.551,			0.198,			0.057
778,	1,	44.0,	198.94,			1.192,			0.129,			0.055
779,	1,	120.0,	199.288,			2.076,			0.289,			0.06
780,	1,	169.0,	199.871,			1.158,			0.284,			0.052
781,	1,	44.0,	199.924,			1.416,			0.16,			0.052
782,	1,	103.0,	200.26,			1.116,			0.121,			0.053
783,	1,	30.0,	200.323,			2.038,			0.268,			0.054
784,	1,	30.0,	200.432,			2.844,			0.241,			0.057
785,	1,	13.0,	200.433,			2.622,			0.163,			0.053
786,	1,	13.0,	200.597,			1.256,			0.109,			0.056
787,	1,	120.0,	200.659,			1.969,			0.274,			0.055
788,	1,	169.0,	200.816,			2.893,			0.177,			0.05
789,	1,	44.0,	201.087,			2.26,			0.15,			0.053
790,	1,	44.0,	201.108,			2.914,			0.248,			0.055
791,	1,	214.0,	201.156,			2.175,			0.103,			0.055
792,	1,	16.0,	201.188,			1.868,			0.171,			0.052
793,	1,	447.0,	201.197,			2.492,			0.103,			0.055
794,	1,	7.0,	201.365,			2.653,			0.23,			0.052
795,	1,	379.0,	201.532,			2.807,			0.219,			0.056
796,	2,	99.0,	201.797,			14.918,			1.484,			0.119
797,	1,	6.0,	202.011,			2.148,			0.153,			0.055
798,	1,	146.0,	202.297,			2.298,			0.208,			0.052
799,	1,	30.0,	202.505,			2.759,			0.162,			0.05
800,	1,	103.0,	202.647,			1.807,			0.275,			0.057
801,	1,	7.0,	202.759,			2.984,			0.229,			0.051
802,	1,	512.0,	202.823,			1.407,			0.212,			0.054
803,	1,	7.0,	202.919,			1.869,			0.262,			0.058
804,	1,	447.0,	202.987,			2.223,			0.133,			0.059
805,	2,	149.0,	203.223,			13.225,			1.366,			0.105
806,	2,	180.0,	203.316,			12.934,			1.308,			0.198
807,	2,	127.0,	203.772,			10.863,			1.354,			0.151
808,	1,	7.0,	204.769,			2.522,			0.101,			0.059
809,	1,	28.0,	204.829,			1.187,			0.216,			0.06
810,	2,	230.0,	205.036,			11.536,			1.32,			0.139
811,	2,	103.0,	205.644,			12.912,			1.233,			0.166
812,	1,	157.0,	206.065,			2.675,			0.183,			0.056
813,	1,	379.0,	206.548,			1.417,			0.211,			0.051
814,	1,	28.0,	206.616,			1.119,			0.185,			0.05
815,	1,	13.0,	206.658,			1.816,			0.13,			0.058
816,	2,	181.0,	206.739,			13.181,			1.05,			0.19
817,	1,	512.0,	207.114,			1.525,			0.12,			0.055
818,	2,	282.0,	207.487,			12.004,			1.037,			0.102
819,	1,	169.0,	207.676,			2.874,			0.293,			0.055
820,	1,	7.0,	207.783,			1.709,			0.239,			0.055
821,	1,	6.0,	207.991,			2.907,			0.161,			0.056
822,	1,	120.0,	208.235,			2.686,			0.285,			0.052
823,	1,	214.0,	208.412,			2.148,			0.264,			0.056
824,	1,	6.0,	208.847,			1.421,			0.283,			0.055
825,	1,	10.0,	209.159,			2.702,			0.13,			0.059
826,	1,	103.0,	209.164,			1.566,			0.226,			0.052
827,	1,	7.0,	209.312,			2.772,			0.256,			0.059
828,	1,	7.0,	209.446,			1.998,			0.195,			0.059
829,	1,	49.0,	209.482,			1.61,			0.297,			0.059
830,	2,	173.0,	209.964,			13.676,			1.465,			0.127
831,	1,	7.0,	210.403,			1.791,			0.254,			0.053
832,	1,	146.0,	210.406,			1.663,			0.114,			0.055
833,	1,	44.0,	210.432,			2.948,			0.238,			0.05
834,	1,	7.0,	210.838,			2.408,			0.116,			0.057
835,	2,	104.0,	211.154,			12.191,			1.312,			0.124
836,	1,	214.0,	212.019,			2.41,			0.29,			0.055
837,	1,	28.0,	212.638,			2.265,			0.182,			0.056
838,	2,	266.0,	213.839,			11.302,			1.489,			0.148
839,	1,	59.0,	214.082,			2.038,			0.216,			0.056
840,	1,	13.0,	214.696,			1.537,			0.288,			0.056
841,	2,	164.0,	215.31,			13.667,			1.124,			0.106
842,	1,	498.0,	215.348,			2.384,			0.228,			0.053
843,	1,	10.0,	215.726,			1.523,			0.27,			0.054
844,	1,	447.0,	216.019,			2.555,			0.158,			0.056
845,	1,	146.0,	216.071,			2.795,			0.237,			0.058
846,	1,	498.0,	216.379,			1.816,			0.268,			0.054
847,	1,	44.0,	216.505,			2.636,			0.22,			0.05
848,	1,	214.0,	216.568,			1.305,			0.188,			0.056
849,	1,	387.0,	216.853,			1.67,			0.101,			0.059
850,	1,	387.0,	217.307,			2.984,			0.161,			0.055
851,	1,	379.0,	217.386,			2.273,			0.276,			0.055
852,	1,	498.0,	217.779,			1.304,			0.144,			0.053
853,	1,	16.0,	218.091,			1.14,			0.103,			0.054
854,	1,	103.0,	218.34,			2.299,			0.125,			0.057
855,	1,	126.0,	218.363,			1.811,			0.215,			0.06
856,	1,	28.0,	218.425,			1.166,			0.207,			0.056
857,	2,	277.0,	218.441,			10.176,			1.188,			0.144
858,	1,	447.0,	219.08,			1.395,			0.159,			0.052
859,	1,	559.0,	219.792,			1.654,			0.208,			0.059
860,	1,	49.0,	220.235,			1.733,			0.198,			0.06
861,	1,	10.0,	220.387,			1.609,			0.184,			0.055
862,	1,	44.0,	220.454,			1.988,			0.171,			0.051
863,	2,	86.0,	221.256,			11.111,			1.07,			0.122
864,	1,	7.0,	221.608,			2.52,			0.116,			0.052
865,	2,	119.0,	221.922,			13.016,			1.121,			0.147
866,	1,	120.0,	222.359,			1.848,			0.231,			0.056
867,	1,	16.0,	222.364,			1.106,			0.27,			0.055
868,	1,	30.0,	222.473,			2.786,			0.228,			0.058
869,	1,	7.0,	222.854,			2.301,			0.292,			0.06
870,	1,	49.0,	222.86,			1.229,			0.244,			0.05
871,	2,	172.0,	223.476,			14.439,			1.326,			0.118
872,	1,	6.0,	223.531,			1.807,			0.254,			0.053
873,	1,	49.0,	223.623,			2.968,			0.111,			0.057
874,	2,	253.0,	223.663,			13.615,			1.324,			0.156
875,	1,	498.0,	223.835,			2.601,			0.247,			0.051
876,	1,	6.0,	223.866,			1.805,			0.269,			0.059
877,	1,	28.0,	224.298,			2.939,			0.272,			0.054
878,	1,	214.0,	224.407,			1.071,			0.149,			0.054
879,	1,	512.0,	224.573,			2.407,			0.154,			0.055
880,	1,	49.0,	224.643,			1.869,			0.233,			0.052
881,	1,	379.0,	224.883,			2.885,			0.2,			0.059
882,	2,	184.0,	225.479,			10.118,			1.435,			0.176
883,	1,	169.0,	225.668,			1.188,			0.113,			0.057
884,	1,	28.0,	225.886,			1.672,			0.263,			0.058
885,	1,	6.0,	225.993,			1.302,			0.185,			0.056
886,	1,	387.0,	226.014,			2.454,			0.277,			0.053
887,	1,	7.0,	226.081,			1.263,			0.237,			0.055
888,	1,	13.0,	226.191,			1.786,			0.251,			0.05
889,	2,	117.0,	226.196,			13.329,			1.319,			0.134
890,	1,	6.0,	226.558,			2.843,			0.223,			0.055
891,	1,	214.0,	226.569,			1.816,			0.107,			0.054
892,	2,	163.0,	227.885,			11.957,			1.094,			0.122
893,	1,	95.0,	228.078,			2.027,			0.21,			0.059
894,	1,	157.0,	228.438,			1.414,			0.234,			0.058
895,	1,	169.0,	228.817,			1.441,			0.298,			0.06
896,	2,	100.0,	228.883,			12.313,			1.181,			0.155
897,	1,	157.0,	229.119,			1.279,			0.22,			0.051
898,	1,	44.0,	229.644,			2.922,			0.236,			0.052
899,	1,	559.0,	229.689,			2.796,			0.101,			0.057
900,	1,	103.0,	230.255,			1.838,			0.183,			0.055
901,	2,	182.0,	230.284,			13.639,			1.115,			0.19
902,	1,	10.0,	230.542,			2.249,			0.283,			0.053
903,	2,	107.0,	231.067,			14.099,			1.491,			0.139
904,	1,	7.0,	231.083,			1.204,			0.161,			0.05
905,	1,	157.0,	231.219,			2.407,			0.284,			0.053
906,	1,	387.0,	231.478,			1.717,			0.12,			0.052
907,	1,	10.0,	231.567,			2.273,			0.184,			0.059
908,	1,	120.0,	231.754,			1.985,			0.231,			0.05
909,	1,	387.0,	231.857,			1.542,			0.137,			0.059
910,	1,	169.0,	231.932,			2.318,			0.101,			0.053
911,	2,	173.0,	232.017,			14.814,			1.148,			0.166
912,	2,	115.0,	232.11,			10.707,			1.319,			0.119
913,	1,	498.0,	232.234,			1.025,			0.209,			0.057
914,	1,	103.0,	232.87,			2.057,			0.219,			0.054
915,	1,	157.0,	233.231,			2.014,			0.252,			0.057
916,	1,	30.0,	233.292,			1.128,			0.189,			0.052
917,	2,	158.0,	233.357,			12.48,			1.285,			0.131
918,	1,	44.0,	234.065,			2.318,			0.141,			0.052
919,	1,	28.0,	234.387,			2.057,			0.206,			0.058
920,	2,	201.0,	234.423,			13.025,			1.215,			0.134
921,	2,	98.0,	234.847,			14.933,			1.247,			0.174
922,	1,	387.0,	237.452,			2.088,			0.172,			0.052
923,	2,	217.0,	237.882,			11.002,			1.153,			0.118
924,	1,	7.0,	238.311,			1.305,			0.121,			0.056
925,	1,	44.0,	239.155,			1.844,			0.123,			0.055
926,	1,	7.0,	240.489,			1.477,			0.168,			0.051
927,	1,	157.0,	240.579,			1.732,			0.122,			0.056
928,	2,	213.0,	240.61,			14.197,			1.265,			0.2
929,	1,	7.0,	241.038,			1.096,			0.198,			0.053
930,	1,	6.0,	241.087,			1.915,			0.203,			0.052
931,	2,	192.0,	241.391,			13.288,			1.46,			0.164
932,	2,	84.0,	241.681,			14.649,			1.337,			0.158
933,	1,	379.0,	241.756,			1.753,			0.182,			0.055
934,	1,	7.0,	242.976,			1.588,			0.279,			0.05
935,	2,	77.0,	243.458,			11.335,			1.373,			0.198
936,	1,	447.0,	243.555,			2.378,			0.231,			0.055
937,	2,	174.0,	243.741,			11.193,			1.332,			0.2
938,	1,	120.0,	244.527,			2.114,			0.288,			0.053
939,	1,	498.0,	245.287,			2.004,			0.154,			0.059
940,	1,	447.0,	245.323,			2.763,			0.142,			0.058
941,	2,	206.0,	245.47,			14.836,			1.041,			0.101
942,	2,	144.0,	246.91,			10.978,			1.126,			0.139
943,	2,	166.0,	247.773,			11.111,			1.17,			0.101
944,	1,	512.0,	248.477,			1.014,			0.262,			0.052
945,	1,	214.0,	248.518,			1.731,			0.19,			0.058
946,	1,	44.0,	248.75,			1.921,			0.103,			0.054
947,	1,	6.0,	248.774,			2.691,			0.211,			0.059
948,	1,	447.0,	249.071,			2.092,			0.229,			0.053
949,	1,	44.0,	249.75,			2.797,			0.199,			0.056
950,	2,	80.0,	250.715,			11.537,			1.147,			0.133
951,	1,	447.0,	250.797,			2.446,			0.136,			0.054
952,	2,	92.0,	250.863,			11.248,			1.103,			0.169
953,	1,	169.0,	251.189,			1.075,			0.288,			0.057
954,	1,	120.0,	252.149,			2.398,			0.208,			0.051
955,	1,	379.0,	252.698,			1.42,			0.258,			0.059
956,	2,	92.0,	253.0,			12.372,			1.087,			0.185
957,	1,	157.0,	253.562,			1.158,			0.173,			0.057
958,	2,	79.0,	254.733,			14.011,			1.477,			0.136
959,	1,	7.0,	256.599,			1.869,			0.241,			0.058
960,	1,	16.0,	256.642,			2.288,			0.217,			0.052
961,	2,	332.0,	257.585,			10.043,			1.236,			0.111
962,	1,	559.0,	258.375,			2.366,			0.16,			0.059
963,	2,	132.0,	258.511,			10.365,			1.262,			0.15
964,	2,	146.0,	259.401,			13.854,			1.481,			0.194
965,	1,	103.0,	262.887,			1.372,			0.156,			0.052
966,	1,	59.0,	263.095,			2.193,			0.266,			0.054
967,	2,	150.0,	266.746,			10.654,			1.166,			0.114
968,	2,	366.0,	267.122,			11.933,			1.188,			0.138
969,	1,	95.0,	269.448,			1.624,			0.134,			0.052
970,	1,	512.0,	269.669,			1.811,			0.153,			0.055
971,	2,	213.0,	269.738,			12.299,			1.47,			0.197
972,	1,	120.0,	269.85,			1.483,			0.214,			0.055
973,	2,	216.0,	270.613,			11.001,			1.197,			0.153
974,	2,	131.0,	271.078,			14.43,			1.364,			0.136
975,	2,	139.0,	272.602,			12.615,			1.463,			0.129
976,	2,	148.0,	273.265,			14.515,			1.419,			0.167
977,	1,	512.0,	273.445,			2.703,			0.135,			0.057
978,	2,	207.0,	276.354,			13.602,			1.0,			0.144
979,	2,	264.0,	276.373,			12.145,			1.147,			0.168
980,	1,	214.0,	277.836,			1.814,			0.107,			0.055
981,	2,	206.0,	279.818,			14.268,			1.321,			0.126
982,	1,	214.0,	279.918,			2.544,			0.26,			0.056
983,	2,	111.0,	280.704,			11.971,			1.065,			0.125
984,	2,	311.0,	280.961,			14.737,			1.311,			0.103
985,	2,	123.0,	281.311,			12.434,			1.091,			0.197
986,	2,	220.0,	284.021,			11.727,			1.213,			0.123
987,	2,	131.0,	284.895,			14.891,			1.189,			0.123
988,	2,	174.0,	285.193,			12.564,			1.094,			0.157
989,	2,	330.0,	285.361,			13.111,			1.143,			0.163
990,	2,	236.0,	289.147,			11.994,			1.009,			0.15
991,	2,	150.0,	291.12,			10.392,			1.082,			0.194
992,	2,	111.0,	291.274,			12.406,			1.229,			0.169
993,	2,	236.0,	292.179,			11.027,			1.043,			0.117
994,	2,	274.0,	292.911,			10.977,			1.482,			0.146
995,	2,	225.0,	294.284,			14.424,			1.322,			0.2
996,	2,	305.0,	294.741,			11.178,			1.271,			0.13
997,	2,	69.0,	295.213,			11.504,			1.212,			0.105
998,	2,	316.0,	297.462,			12.275,			1.285,			0.167
999,	2,	270.0,	298.494,			11.488,			1.025,			0.136
1000,	2,	146.0,	299.299,			10.01,			1.413,			0.183
