#, task_type_id, size, arrival_time,	execution_time_cpu,	execution_time_gpu,	execution_time_CLOUD
1,	1,	7.0,	1.142,			1.473,			0.981,			0.981,			1.462,			0.949,			0.499
2,	1,	169.0,	2.377,			1.436,			0.971,			0.971,			1.445,			0.962,			0.499
3,	2,	236.0,	3.315,			2.288,			0.108,			0.108,			2.301,			0.093,			0.051
4,	1,	44.0,	4.345,			1.472,			0.961,			0.961,			1.463,			0.966,			0.501
5,	1,	7.0,	4.94,			1.443,			0.992,			0.992,			1.471,			0.986,			0.499
6,	2,	33.0,	8.263,			2.296,			0.099,			0.099,			2.294,			0.102,			0.049
7,	1,	44.0,	10.571,			1.457,			0.967,			0.967,			1.473,			0.971,			0.499
8,	1,	512.0,	13.73,			1.473,			0.975,			0.975,			1.463,			0.978,			0.499
9,	2,	190.0,	15.339,			2.314,			0.106,			0.106,			2.325,			0.097,			0.051
10,	1,	146.0,	16.026,			1.45,			0.968,			0.968,			1.442,			0.968,			0.502
11,	1,	7.0,	16.218,			1.454,			0.973,			0.973,			1.462,			0.973,			0.498
12,	1,	126.0,	17.211,			1.458,			0.982,			0.982,			1.468,			0.961,			0.501
13,	1,	447.0,	19.968,			1.473,			0.959,			0.959,			1.461,			0.964,			0.5
14,	1,	447.0,	21.237,			1.479,			0.981,			0.981,			1.464,			0.953,			0.5
15,	1,	28.0,	26.494,			1.451,			0.973,			0.973,			1.469,			0.987,			0.499
16,	1,	95.0,	27.914,			1.446,			0.98,			0.98,			1.46,			0.974,			0.5
17,	2,	226.0,	28.503,			2.304,			0.103,			0.103,			2.314,			0.104,			0.048
18,	2,	55.0,	29.74,			2.289,			0.102,			0.102,			2.31,			0.099,			0.049
19,	2,	137.0,	31.154,			2.304,			0.099,			0.099,			2.292,			0.11,			0.049
20,	1,	28.0,	34.096,			1.462,			0.983,			0.983,			1.46,			0.954,			0.502
21,	1,	120.0,	37.106,			1.456,			0.963,			0.963,			1.452,			0.965,			0.502
22,	2,	95.0,	37.106,			2.282,			0.107,			0.107,			2.31,			0.1,			0.049
23,	1,	10.0,	37.51,			1.48,			0.982,			0.982,			1.452,			0.968,			0.502
24,	1,	6.0,	39.547,			1.457,			0.975,			0.975,			1.455,			0.978,			0.499
25,	2,	167.0,	42.123,			2.316,			0.093,			0.093,			2.304,			0.097,			0.05
26,	2,	219.0,	42.262,			2.272,			0.095,			0.095,			2.307,			0.104,			0.049
27,	2,	287.0,	42.349,			2.298,			0.1,			0.1,			2.282,			0.094,			0.05
28,	2,	138.0,	44.662,			2.313,			0.097,			0.097,			2.307,			0.099,			0.051
29,	1,	90.0,	44.755,			1.46,			0.959,			0.959,			1.453,			0.959,			0.499
30,	2,	158.0,	45.835,			2.308,			0.104,			0.104,			2.293,			0.1,			0.049
31,	1,	157.0,	48.203,			1.455,			0.962,			0.962,			1.475,			0.971,			0.5
32,	2,	341.0,	48.92,			2.312,			0.094,			0.094,			2.325,			0.1,			0.052
33,	1,	90.0,	49.161,			1.47,			0.969,			0.969,			1.446,			0.979,			0.498
34,	1,	103.0,	49.222,			1.46,			0.995,			0.995,			1.469,			0.975,			0.5
35,	2,	139.0,	49.318,			2.305,			0.105,			0.105,			2.314,			0.094,			0.049
36,	2,	248.0,	49.465,			2.307,			0.1,			0.1,			2.317,			0.1,			0.05
37,	1,	512.0,	50.293,			1.44,			0.967,			0.967,			1.448,			0.968,			0.502
38,	2,	234.0,	51.026,			2.308,			0.106,			0.106,			2.293,			0.103,			0.049
39,	1,	10.0,	51.73,			1.465,			0.975,			0.975,			1.462,			0.966,			0.5
40,	1,	7.0,	52.381,			1.463,			0.954,			0.954,			1.451,			0.971,			0.5
41,	2,	227.0,	52.386,			2.294,			0.096,			0.096,			2.31,			0.098,			0.05
42,	1,	90.0,	53.765,			1.471,			0.963,			0.963,			1.456,			0.963,			0.501
43,	2,	140.0,	54.301,			2.306,			0.094,			0.094,			2.298,			0.103,			0.048
44,	1,	169.0,	55.165,			1.458,			0.982,			0.982,			1.456,			0.977,			0.499
45,	2,	75.0,	55.483,			2.286,			0.092,			0.092,			2.29,			0.093,			0.051
46,	1,	512.0,	55.897,			1.467,			0.971,			0.971,			1.456,			0.995,			0.5
47,	1,	387.0,	57.454,			1.459,			0.979,			0.979,			1.454,			0.963,			0.501
48,	2,	194.0,	59.987,			2.295,			0.087,			0.087,			2.305,			0.101,			0.049
49,	1,	7.0,	60.73,			1.453,			0.968,			0.968,			1.457,			0.971,			0.501
50,	2,	137.0,	61.106,			2.304,			0.106,			0.106,			2.309,			0.099,			0.049
51,	2,	74.0,	63.305,			2.288,			0.105,			0.105,			2.325,			0.095,			0.051
52,	2,	116.0,	65.101,			2.307,			0.103,			0.103,			2.293,			0.103,			0.05
53,	1,	120.0,	65.293,			1.456,			0.967,			0.967,			1.45,			0.96,			0.5
54,	1,	126.0,	65.672,			1.445,			0.995,			0.995,			1.461,			0.966,			0.501
55,	2,	169.0,	66.891,			2.298,			0.094,			0.094,			2.287,			0.096,			0.05
56,	1,	7.0,	68.773,			1.456,			0.974,			0.974,			1.452,			0.953,			0.5
57,	3,	170.4,	68.902,			5.5,			1.495,			1.495,			5.501,			1.493,			0.902
58,	3,	449.9,	68.926,			5.502,			1.506,			1.506,			5.491,			1.498,			0.903
59,	3,	207.1,	69.622,			5.497,			1.497,			1.497,			5.501,			1.527,			0.899
60,	3,	290.7,	69.652,			5.502,			1.49,			1.49,			5.503,			1.494,			0.898
61,	3,	171.0,	69.729,			5.497,			1.481,			1.481,			5.504,			1.494,			0.901
62,	3,	134.0,	69.765,			5.507,			1.509,			1.509,			5.502,			1.515,			0.909
63,	3,	230.7,	69.801,			5.493,			1.496,			1.496,			5.511,			1.515,			0.903
64,	3,	482.0,	69.85,			5.489,			1.498,			1.498,			5.51,			1.521,			0.904
65,	3,	184.3,	70.233,			5.495,			1.508,			1.508,			5.508,			1.5,			0.905
66,	3,	375.9,	70.525,			5.496,			1.517,			1.517,			5.504,			1.502,			0.903
67,	3,	893.0,	70.75,			5.496,			1.495,			1.495,			5.482,			1.495,			0.904
68,	1,	146.0,	71.376,			1.455,			0.973,			0.973,			1.45,			0.975,			0.501
69,	3,	218.5,	71.412,			5.51,			1.485,			1.485,			5.508,			1.498,			0.901
70,	3,	395.7,	71.503,			5.503,			1.505,			1.505,			5.498,			1.492,			0.888
71,	3,	244.9,	71.715,			5.506,			1.521,			1.521,			5.5,			1.493,			0.891
72,	3,	457.9,	71.802,			5.486,			1.496,			1.496,			5.509,			1.495,			0.897
73,	3,	218.5,	71.894,			5.515,			1.492,			1.492,			5.496,			1.498,			0.905
74,	3,	137.6,	72.088,			5.5,			1.498,			1.498,			5.512,			1.484,			0.897
75,	3,	431.3,	72.687,			5.501,			1.502,			1.502,			5.497,			1.501,			0.905
76,	3,	439.5,	72.985,			5.501,			1.489,			1.489,			5.513,			1.495,			0.895
77,	3,	622.3,	73.118,			5.477,			1.5,			1.5,			5.493,			1.503,			0.907
78,	1,	126.0,	74.302,			1.466,			0.962,			0.962,			1.463,			0.979,			0.5
79,	1,	214.0,	74.593,			1.465,			0.981,			0.981,			1.452,			0.966,			0.5
80,	1,	157.0,	77.148,			1.465,			0.969,			0.969,			1.441,			0.961,			0.5
81,	2,	87.0,	77.628,			2.302,			0.098,			0.098,			2.29,			0.105,			0.049
82,	1,	498.0,	77.648,			1.458,			0.945,			0.945,			1.461,			0.967,			0.499
83,	2,	198.0,	78.542,			2.303,			0.106,			0.106,			2.302,			0.1,			0.049
84,	2,	101.0,	78.821,			2.297,			0.097,			0.097,			2.306,			0.099,			0.049
85,	1,	59.0,	81.399,			1.471,			0.975,			0.975,			1.458,			0.977,			0.5
86,	1,	498.0,	82.006,			1.456,			0.97,			0.97,			1.457,			0.977,			0.499
87,	1,	95.0,	82.709,			1.45,			0.984,			0.984,			1.466,			0.965,			0.5
88,	2,	130.0,	83.146,			2.309,			0.106,			0.106,			2.291,			0.106,			0.051
89,	1,	13.0,	83.286,			1.451,			0.967,			0.967,			1.443,			0.957,			0.5
90,	2,	120.0,	84.313,			2.286,			0.104,			0.104,			2.289,			0.103,			0.05
91,	2,	83.0,	88.087,			2.304,			0.102,			0.102,			2.307,			0.1,			0.048
92,	2,	170.0,	89.257,			2.315,			0.104,			0.104,			2.285,			0.101,			0.05
93,	1,	7.0,	90.414,			1.454,			0.971,			0.971,			1.461,			0.972,			0.499
94,	1,	7.0,	96.582,			1.451,			0.969,			0.969,			1.457,			0.97,			0.502
95,	1,	512.0,	97.832,			1.459,			0.975,			0.975,			1.463,			0.962,			0.499
96,	2,	155.0,	97.87,			2.291,			0.096,			0.096,			2.304,			0.099,			0.05
97,	2,	122.0,	101.49,			2.302,			0.097,			0.097,			2.29,			0.095,			0.051
98,	2,	78.0,	101.896,			2.319,			0.094,			0.094,			2.286,			0.101,			0.05
99,	1,	6.0,	102.327,			1.455,			0.982,			0.982,			1.462,			0.979,			0.5
100,	1,	387.0,	103.192,			1.451,			0.959,			0.959,			1.463,			0.971,			0.5
101,	2,	92.0,	103.487,			2.328,			0.105,			0.105,			2.296,			0.101,			0.048
102,	1,	49.0,	107.57,			1.447,			0.979,			0.979,			1.446,			0.967,			0.5
103,	1,	7.0,	107.852,			1.476,			0.966,			0.966,			1.46,			0.976,			0.499
104,	1,	169.0,	109.777,			1.45,			0.98,			0.98,			1.449,			0.967,			0.501
105,	2,	107.0,	113.071,			2.304,			0.103,			0.103,			2.298,			0.101,			0.051
106,	2,	160.0,	114.72,			2.296,			0.103,			0.103,			2.315,			0.107,			0.049
107,	1,	13.0,	114.819,			1.466,			0.978,			0.978,			1.46,			0.95,			0.5
108,	2,	105.0,	115.427,			2.304,			0.106,			0.106,			2.282,			0.102,			0.05
109,	2,	121.0,	116.749,			2.281,			0.1,			0.1,			2.291,			0.094,			0.05
110,	1,	7.0,	117.546,			1.462,			0.982,			0.982,			1.462,			0.956,			0.501
111,	1,	214.0,	118.779,			1.461,			0.983,			0.983,			1.456,			0.965,			0.5
112,	2,	133.0,	118.786,			2.311,			0.104,			0.104,			2.309,			0.1,			0.049
113,	2,	132.0,	119.299,			2.316,			0.095,			0.095,			2.325,			0.092,			0.051
114,	2,	244.0,	119.733,			2.305,			0.096,			0.096,			2.311,			0.098,			0.049
115,	1,	559.0,	119.907,			1.48,			0.971,			0.971,			1.436,			0.955,			0.499
116,	1,	498.0,	121.84,			1.465,			0.971,			0.971,			1.444,			0.97,			0.5
117,	1,	7.0,	122.093,			1.482,			0.977,			0.977,			1.463,			0.976,			0.501
118,	1,	498.0,	122.66,			1.46,			0.953,			0.953,			1.468,			0.952,			0.501
119,	2,	300.0,	124.236,			2.292,			0.095,			0.095,			2.304,			0.097,			0.051
120,	1,	59.0,	125.401,			1.464,			0.956,			0.956,			1.449,			0.968,			0.499
121,	2,	203.0,	132.305,			2.304,			0.098,			0.098,			2.294,			0.104,			0.051
122,	1,	379.0,	132.596,			1.466,			0.978,			0.978,			1.461,			0.976,			0.502
123,	1,	90.0,	133.107,			1.451,			0.955,			0.955,			1.462,			0.965,			0.499
124,	2,	204.0,	136.696,			2.325,			0.092,			0.092,			2.291,			0.105,			0.05
125,	2,	213.0,	136.72,			2.301,			0.097,			0.097,			2.3,			0.1,			0.049
126,	1,	13.0,	137.337,			1.453,			0.966,			0.966,			1.468,			0.95,			0.5
127,	1,	387.0,	137.542,			1.464,			0.971,			0.971,			1.455,			0.975,			0.5
128,	2,	151.0,	139.004,			2.286,			0.106,			0.106,			2.315,			0.101,			0.05
129,	1,	447.0,	140.552,			1.464,			0.965,			0.965,			1.461,			0.969,			0.5
130,	1,	59.0,	140.673,			1.454,			0.982,			0.982,			1.448,			0.968,			0.502
131,	1,	44.0,	142.623,			1.446,			0.983,			0.983,			1.468,			0.982,			0.5
132,	1,	498.0,	142.944,			1.464,			0.968,			0.968,			1.487,			0.97,			0.5
133,	1,	7.0,	143.095,			1.466,			0.988,			0.988,			1.457,			0.979,			0.499
134,	3,	401.5,	143.224,			5.496,			1.507,			1.507,			5.5,			1.494,			0.904
135,	3,	275.1,	144.127,			5.504,			1.506,			1.506,			5.487,			1.492,			0.908
136,	2,	195.0,	144.383,			2.304,			0.103,			0.103,			2.288,			0.093,			0.05
137,	1,	447.0,	145.725,			1.466,			0.964,			0.964,			1.453,			0.977,			0.499
138,	1,	44.0,	146.18,			1.462,			0.98,			0.98,			1.462,			0.97,			0.501
139,	3,	155.4,	147.365,			5.504,			1.492,			1.492,			5.511,			1.505,			0.902
140,	2,	160.0,	147.968,			2.309,			0.096,			0.096,			2.313,			0.1,			0.05
141,	1,	169.0,	150.861,			1.47,			0.968,			0.968,			1.445,			0.969,			0.498
142,	1,	7.0,	151.39,			1.45,			0.974,			0.974,			1.457,			0.981,			0.5
143,	3,	320.7,	152.938,			5.492,			1.495,			1.495,			5.504,			1.495,			0.899
144,	3,	439.5,	153.071,			5.504,			1.498,			1.498,			5.506,			1.512,			0.906
145,	1,	90.0,	153.282,			1.465,			0.965,			0.965,			1.474,			0.957,			0.498
146,	1,	7.0,	153.448,			1.462,			0.97,			0.97,			1.47,			0.954,			0.499
147,	3,	502.7,	154.006,			5.506,			1.489,			1.489,			5.505,			1.506,			0.895
148,	2,	227.0,	156.385,			2.302,			0.1,			0.1,			2.314,			0.097,			0.048
149,	2,	192.0,	156.599,			2.295,			0.106,			0.106,			2.306,			0.101,			0.05
150,	1,	169.0,	157.239,			1.465,			0.963,			0.963,			1.449,			0.975,			0.5
151,	1,	95.0,	160.432,			1.473,			0.991,			0.991,			1.463,			0.964,			0.5
152,	2,	152.0,	161.65,			2.3,			0.104,			0.104,			2.306,			0.105,			0.05
153,	1,	103.0,	162.11,			1.457,			0.968,			0.968,			1.472,			0.987,			0.5
154,	1,	6.0,	162.632,			1.46,			0.983,			0.983,			1.437,			0.973,			0.501
155,	1,	59.0,	162.949,			1.446,			0.976,			0.976,			1.473,			0.968,			0.501
156,	1,	559.0,	163.607,			1.481,			0.975,			0.975,			1.447,			0.98,			0.5
157,	1,	7.0,	163.812,			1.456,			0.965,			0.965,			1.47,			0.961,			0.5
158,	1,	49.0,	164.69,			1.466,			0.97,			0.97,			1.476,			0.963,			0.498
159,	2,	120.0,	164.85,			2.296,			0.094,			0.094,			2.306,			0.104,			0.049
160,	1,	157.0,	165.509,			1.439,			0.971,			0.971,			1.474,			0.97,			0.502
161,	1,	157.0,	165.8,			1.453,			0.979,			0.979,			1.457,			0.975,			0.499
162,	2,	151.0,	166.704,			2.297,			0.099,			0.099,			2.299,			0.099,			0.05
163,	2,	145.0,	168.545,			2.291,			0.1,			0.1,			2.325,			0.101,			0.049
164,	2,	283.0,	169.719,			2.289,			0.103,			0.103,			2.298,			0.093,			0.049
165,	1,	214.0,	171.372,			1.459,			0.97,			0.97,			1.454,			0.949,			0.5
166,	1,	7.0,	173.61,			1.45,			0.963,			0.963,			1.456,			0.965,			0.502
167,	1,	44.0,	174.623,			1.48,			0.957,			0.957,			1.473,			0.972,			0.501
168,	2,	138.0,	182.738,			2.296,			0.101,			0.101,			2.301,			0.097,			0.052
169,	2,	110.0,	183.1,			2.315,			0.094,			0.094,			2.299,			0.098,			0.051
170,	1,	387.0,	183.259,			1.489,			0.997,			0.997,			1.425,			0.967,			0.501
171,	1,	13.0,	184.675,			1.458,			0.978,			0.978,			1.46,			0.961,			0.5
172,	1,	28.0,	186.923,			1.471,			0.967,			0.967,			1.447,			0.965,			0.5
173,	2,	102.0,	188.62,			2.303,			0.101,			0.101,			2.297,			0.098,			0.05
174,	2,	237.0,	192.341,			2.265,			0.095,			0.095,			2.289,			0.098,			0.051
175,	1,	7.0,	194.451,			1.462,			0.951,			0.951,			1.454,			0.989,			0.498
176,	1,	16.0,	195.263,			1.454,			0.955,			0.955,			1.476,			0.969,			0.5
177,	1,	512.0,	197.056,			1.464,			0.962,			0.962,			1.464,			0.979,			0.5
178,	1,	7.0,	197.564,			1.45,			0.981,			0.981,			1.472,			0.983,			0.5
179,	2,	121.0,	197.966,			2.312,			0.1,			0.1,			2.279,			0.09,			0.049
180,	2,	155.0,	199.962,			2.307,			0.111,			0.111,			2.317,			0.104,			0.052
181,	1,	103.0,	204.265,			1.454,			0.969,			0.969,			1.454,			0.974,			0.5
182,	1,	7.0,	205.173,			1.436,			0.963,			0.963,			1.449,			0.968,			0.498
183,	1,	7.0,	206.158,			1.466,			0.962,			0.962,			1.453,			0.971,			0.501
184,	2,	141.0,	206.308,			2.307,			0.098,			0.098,			2.311,			0.107,			0.051
185,	1,	90.0,	206.607,			1.466,			0.971,			0.971,			1.451,			0.972,			0.5
186,	1,	120.0,	209.061,			1.43,			0.97,			0.97,			1.458,			0.977,			0.5
187,	1,	95.0,	209.285,			1.46,			0.964,			0.964,			1.453,			0.953,			0.502
188,	1,	157.0,	209.871,			1.456,			0.973,			0.973,			1.456,			0.974,			0.5
189,	1,	379.0,	209.988,			1.46,			0.958,			0.958,			1.452,			0.963,			0.5
190,	1,	7.0,	213.015,			1.475,			0.982,			0.982,			1.455,			0.96,			0.5
191,	1,	169.0,	218.962,			1.448,			0.976,			0.976,			1.469,			0.974,			0.5
192,	1,	7.0,	220.512,			1.45,			0.967,			0.967,			1.46,			0.979,			0.5
193,	1,	157.0,	222.344,			1.451,			0.987,			0.987,			1.448,			0.972,			0.498
194,	1,	7.0,	222.83,			1.466,			0.981,			0.981,			1.467,			0.982,			0.501
195,	1,	95.0,	225.0,			1.462,			0.983,			0.983,			1.471,			0.967,			0.498
196,	1,	126.0,	226.197,			1.464,			0.969,			0.969,			1.461,			0.973,			0.5
197,	2,	260.0,	226.689,			2.281,			0.112,			0.112,			2.297,			0.095,			0.05
198,	2,	210.0,	226.757,			2.307,			0.105,			0.105,			2.307,			0.1,			0.051
199,	1,	379.0,	228.817,			1.457,			0.959,			0.959,			1.457,			0.962,			0.5
200,	2,	103.0,	229.599,			2.305,			0.109,			0.109,			2.309,			0.093,			0.049
201,	2,	260.0,	232.911,			2.282,			0.099,			0.099,			2.308,			0.107,			0.05
202,	1,	157.0,	233.003,			1.453,			0.961,			0.961,			1.454,			0.971,			0.501
203,	1,	6.0,	233.329,			1.464,			0.984,			0.984,			1.456,			0.97,			0.499
204,	1,	44.0,	234.216,			1.429,			0.962,			0.962,			1.453,			0.958,			0.5
205,	2,	126.0,	235.198,			2.304,			0.111,			0.111,			2.312,			0.099,			0.049
206,	1,	498.0,	238.341,			1.465,			0.975,			0.975,			1.477,			0.987,			0.499
207,	1,	157.0,	238.535,			1.455,			0.97,			0.97,			1.47,			0.975,			0.501
208,	2,	230.0,	240.792,			2.293,			0.098,			0.098,			2.288,			0.098,			0.051
209,	2,	209.0,	241.084,			2.315,			0.099,			0.099,			2.3,			0.103,			0.049
210,	1,	146.0,	241.272,			1.462,			0.969,			0.969,			1.456,			0.955,			0.501
211,	1,	6.0,	243.229,			1.458,			0.962,			0.962,			1.463,			0.962,			0.5
212,	1,	387.0,	243.953,			1.463,			0.976,			0.976,			1.458,			0.973,			0.5
213,	2,	158.0,	244.562,			2.309,			0.099,			0.099,			2.302,			0.109,			0.049
214,	1,	7.0,	245.003,			1.454,			0.974,			0.974,			1.459,			0.964,			0.501
215,	1,	387.0,	245.249,			1.453,			0.978,			0.978,			1.436,			0.977,			0.501
216,	1,	559.0,	248.807,			1.456,			0.986,			0.986,			1.456,			0.983,			0.501
217,	1,	10.0,	249.045,			1.462,			0.956,			0.956,			1.455,			0.974,			0.499
218,	1,	6.0,	250.017,			1.445,			0.98,			0.98,			1.454,			0.981,			0.498
219,	1,	7.0,	250.155,			1.471,			0.964,			0.964,			1.44,			0.971,			0.498
220,	2,	103.0,	251.748,			2.299,			0.1,			0.1,			2.297,			0.097,			0.05
221,	2,	201.0,	255.793,			2.313,			0.097,			0.097,			2.288,			0.101,			0.051
222,	1,	559.0,	256.049,			1.455,			0.975,			0.975,			1.442,			0.966,			0.5
223,	1,	7.0,	256.426,			1.468,			0.954,			0.954,			1.464,			0.96,			0.5
224,	1,	126.0,	256.868,			1.469,			0.973,			0.973,			1.478,			0.955,			0.502
225,	1,	379.0,	258.088,			1.462,			0.979,			0.979,			1.447,			0.982,			0.499
226,	2,	238.0,	258.447,			2.303,			0.098,			0.098,			2.309,			0.097,			0.05
227,	2,	198.0,	258.657,			2.314,			0.103,			0.103,			2.311,			0.096,			0.051
228,	2,	126.0,	259.438,			2.303,			0.109,			0.109,			2.288,			0.105,			0.049
229,	1,	95.0,	259.489,			1.474,			0.965,			0.965,			1.467,			0.978,			0.498
230,	1,	559.0,	261.293,			1.452,			0.968,			0.968,			1.467,			0.986,			0.501
231,	1,	7.0,	262.591,			1.458,			0.97,			0.97,			1.463,			0.983,			0.502
232,	2,	296.0,	262.857,			2.294,			0.107,			0.107,			2.308,			0.094,			0.05
233,	2,	281.0,	269.669,			2.301,			0.102,			0.102,			2.305,			0.096,			0.048
234,	1,	6.0,	269.674,			1.446,			0.967,			0.967,			1.458,			0.969,			0.5
235,	2,	227.0,	270.386,			2.295,			0.101,			0.101,			2.31,			0.106,			0.051
236,	1,	7.0,	271.632,			1.447,			0.969,			0.969,			1.45,			0.955,			0.501
237,	1,	387.0,	272.774,			1.461,			0.97,			0.97,			1.436,			0.975,			0.501
238,	1,	7.0,	273.277,			1.468,			0.958,			0.958,			1.461,			0.96,			0.498
239,	2,	228.0,	274.774,			2.31,			0.117,			0.117,			2.306,			0.098,			0.051
240,	1,	387.0,	275.255,			1.454,			0.981,			0.981,			1.451,			0.965,			0.502
241,	3,	63.2,	280.628,			5.503,			1.519,			1.519,			5.506,			1.511,			0.902
242,	3,	734.6,	281.422,			5.512,			1.492,			1.492,			5.503,			1.51,			0.898
243,	2,	206.0,	281.764,			2.306,			0.103,			0.103,			2.287,			0.096,			0.05
244,	3,	156.0,	281.992,			5.487,			1.5,			1.5,			5.501,			1.492,			0.897
245,	3,	496.2,	282.128,			5.515,			1.498,			1.498,			5.514,			1.499,			0.893
246,	3,	169.0,	282.35,			5.503,			1.492,			1.492,			5.515,			1.504,			0.891
247,	2,	270.0,	282.664,			2.304,			0.094,			0.094,			2.305,			0.094,			0.05
248,	1,	44.0,	282.917,			1.442,			0.979,			0.979,			1.452,			0.966,			0.501
249,	3,	286.2,	282.937,			5.491,			1.486,			1.486,			5.528,			1.52,			0.91
250,	3,	192.7,	283.661,			5.502,			1.502,			1.502,			5.498,			1.498,			0.905
251,	1,	387.0,	283.991,			1.473,			0.964,			0.964,			1.464,			0.953,			0.5
252,	3,	62.4,	284.249,			5.5,			1.49,			1.49,			5.509,			1.504,			0.9
253,	3,	230.7,	284.357,			5.496,			1.504,			1.504,			5.507,			1.515,			0.893
254,	3,	462.3,	284.565,			5.489,			1.517,			1.517,			5.492,			1.48,			0.9
255,	2,	231.0,	284.602,			2.302,			0.108,			0.108,			2.306,			0.106,			0.049
256,	1,	13.0,	284.704,			1.443,			0.98,			0.98,			1.442,			0.974,			0.501
257,	2,	220.0,	285.13,			2.304,			0.095,			0.095,			2.295,			0.096,			0.051
258,	2,	185.0,	285.908,			2.304,			0.105,			0.105,			2.292,			0.096,			0.049
259,	2,	147.0,	286.15,			2.306,			0.106,			0.106,			2.302,			0.107,			0.051
260,	2,	75.0,	287.129,			2.289,			0.098,			0.098,			2.308,			0.104,			0.049
261,	2,	166.0,	288.14,			2.286,			0.103,			0.103,			2.297,			0.101,			0.051
262,	1,	6.0,	288.753,			1.446,			0.96,			0.96,			1.462,			0.965,			0.5
263,	2,	237.0,	289.495,			2.331,			0.1,			0.1,			2.307,			0.098,			0.049
264,	1,	13.0,	289.632,			1.462,			0.976,			0.976,			1.451,			0.968,			0.501
265,	1,	13.0,	292.228,			1.472,			0.972,			0.972,			1.453,			0.972,			0.5
266,	2,	114.0,	292.321,			2.297,			0.107,			0.107,			2.292,			0.104,			0.053
267,	1,	59.0,	292.975,			1.45,			0.966,			0.966,			1.47,			0.975,			0.502
268,	2,	124.0,	292.997,			2.306,			0.097,			0.097,			2.29,			0.104,			0.051
269,	2,	145.0,	293.459,			2.309,			0.101,			0.101,			2.28,			0.096,			0.05
270,	1,	49.0,	297.53,			1.46,			0.971,			0.971,			1.456,			0.971,			0.499
271,	1,	7.0,	297.856,			1.445,			0.986,			0.986,			1.488,			0.964,			0.5
272,	1,	16.0,	300.055,			1.457,			0.965,			0.965,			1.457,			0.962,			0.5
273,	1,	146.0,	302.264,			1.454,			1.003,			1.003,			1.462,			0.967,			0.501
274,	1,	7.0,	304.704,			1.467,			0.963,			0.963,			1.464,			0.98,			0.499
275,	1,	7.0,	305.264,			1.459,			0.977,			0.977,			1.462,			0.962,			0.5
276,	1,	44.0,	306.134,			1.478,			0.964,			0.964,			1.45,			0.96,			0.503
277,	1,	13.0,	306.391,			1.459,			0.961,			0.961,			1.456,			0.975,			0.499
278,	2,	52.0,	308.951,			2.293,			0.101,			0.101,			2.316,			0.095,			0.05
279,	2,	289.0,	309.617,			2.3,			0.1,			0.1,			2.287,			0.101,			0.049
280,	1,	30.0,	311.409,			1.453,			1.005,			1.005,			1.454,			0.971,			0.5
281,	1,	379.0,	312.678,			1.449,			0.972,			0.972,			1.468,			0.983,			0.501
282,	1,	7.0,	314.25,			1.454,			0.971,			0.971,			1.467,			0.953,			0.502
283,	2,	186.0,	315.55,			2.311,			0.098,			0.098,			2.283,			0.092,			0.05
284,	1,	157.0,	317.47,			1.475,			0.982,			0.982,			1.45,			0.965,			0.5
285,	1,	559.0,	317.615,			1.461,			0.983,			0.983,			1.46,			0.972,			0.499
286,	2,	174.0,	317.859,			2.311,			0.105,			0.105,			2.287,			0.104,			0.05
287,	2,	127.0,	320.56,			2.311,			0.102,			0.102,			2.31,			0.1,			0.051
288,	1,	16.0,	323.623,			1.472,			0.969,			0.969,			1.468,			0.972,			0.5
289,	1,	10.0,	327.789,			1.46,			0.974,			0.974,			1.463,			0.961,			0.501
290,	1,	44.0,	328.091,			1.461,			0.974,			0.974,			1.473,			0.97,			0.501
291,	1,	7.0,	329.002,			1.436,			0.985,			0.985,			1.455,			0.948,			0.498
292,	1,	44.0,	330.523,			1.451,			0.965,			0.965,			1.483,			0.975,			0.499
293,	1,	59.0,	330.994,			1.464,			0.972,			0.972,			1.466,			0.977,			0.499
294,	1,	447.0,	333.03,			1.447,			0.956,			0.956,			1.494,			0.973,			0.501
295,	2,	104.0,	333.217,			2.29,			0.106,			0.106,			2.289,			0.099,			0.05
296,	1,	6.0,	333.565,			1.456,			0.983,			0.983,			1.441,			0.975,			0.5
297,	2,	197.0,	333.967,			2.299,			0.106,			0.106,			2.29,			0.097,			0.05
298,	2,	108.0,	334.756,			2.28,			0.098,			0.098,			2.304,			0.1,			0.05
299,	1,	95.0,	337.48,			1.468,			0.977,			0.977,			1.458,			0.973,			0.5
300,	1,	169.0,	338.267,			1.462,			0.982,			0.982,			1.462,			0.974,			0.5
301,	2,	332.0,	339.326,			2.291,			0.097,			0.097,			2.311,			0.117,			0.051
302,	1,	559.0,	340.085,			1.455,			0.958,			0.958,			1.463,			0.959,			0.501
303,	1,	49.0,	340.635,			1.454,			0.97,			0.97,			1.467,			0.968,			0.5
304,	2,	255.0,	342.545,			2.298,			0.096,			0.096,			2.298,			0.101,			0.051
305,	1,	95.0,	342.623,			1.458,			0.981,			0.981,			1.458,			0.963,			0.501
306,	1,	447.0,	343.405,			1.467,			0.969,			0.969,			1.468,			0.951,			0.5
307,	2,	322.0,	344.236,			2.295,			0.099,			0.099,			2.311,			0.102,			0.051
308,	1,	169.0,	345.261,			1.479,			0.981,			0.981,			1.452,			0.954,			0.5
309,	1,	120.0,	346.776,			1.466,			0.95,			0.95,			1.458,			0.949,			0.501
310,	2,	131.0,	347.697,			2.284,			0.094,			0.094,			2.304,			0.102,			0.051
311,	2,	281.0,	348.09,			2.291,			0.093,			0.093,			2.304,			0.101,			0.051
312,	2,	133.0,	353.155,			2.288,			0.096,			0.096,			2.298,			0.102,			0.052
313,	1,	7.0,	353.209,			1.457,			0.974,			0.974,			1.453,			0.963,			0.5
314,	2,	162.0,	353.42,			2.312,			0.105,			0.105,			2.301,			0.102,			0.05
315,	1,	59.0,	354.757,			1.452,			0.961,			0.961,			1.464,			0.952,			0.501
316,	2,	114.0,	357.175,			2.308,			0.1,			0.1,			2.31,			0.098,			0.052
317,	1,	49.0,	358.334,			1.446,			0.989,			0.989,			1.451,			0.98,			0.501
318,	2,	188.0,	358.45,			2.307,			0.098,			0.098,			2.292,			0.092,			0.05
319,	1,	6.0,	361.982,			1.479,			0.965,			0.965,			1.462,			0.979,			0.501
320,	1,	214.0,	362.99,			1.441,			0.977,			0.977,			1.465,			0.977,			0.499
321,	1,	512.0,	363.602,			1.476,			0.986,			0.986,			1.447,			0.971,			0.5
322,	2,	45.0,	364.214,			2.286,			0.105,			0.105,			2.311,			0.093,			0.05
323,	2,	170.0,	364.512,			2.294,			0.091,			0.091,			2.301,			0.106,			0.049
324,	2,	67.0,	364.696,			2.29,			0.095,			0.095,			2.276,			0.109,			0.049
325,	2,	75.0,	366.532,			2.297,			0.1,			0.1,			2.314,			0.094,			0.051
326,	1,	30.0,	369.07,			1.45,			0.969,			0.969,			1.441,			0.97,			0.5
327,	2,	133.0,	370.447,			2.289,			0.106,			0.106,			2.296,			0.1,			0.05
328,	2,	131.0,	370.805,			2.29,			0.096,			0.096,			2.296,			0.1,			0.052
329,	1,	30.0,	371.311,			1.445,			0.98,			0.98,			1.474,			0.969,			0.501
330,	1,	28.0,	372.06,			1.473,			0.966,			0.966,			1.452,			0.989,			0.5
331,	2,	68.0,	375.325,			2.301,			0.107,			0.107,			2.307,			0.1,			0.05
332,	1,	126.0,	375.369,			1.456,			0.986,			0.986,			1.463,			0.969,			0.5
333,	1,	7.0,	376.255,			1.482,			0.963,			0.963,			1.462,			0.958,			0.499
334,	2,	110.0,	377.239,			2.286,			0.1,			0.1,			2.295,			0.098,			0.051
335,	2,	260.0,	385.372,			2.288,			0.108,			0.108,			2.293,			0.099,			0.049
336,	1,	120.0,	385.529,			1.473,			0.97,			0.97,			1.457,			0.953,			0.499
337,	1,	95.0,	386.5,			1.447,			0.964,			0.964,			1.482,			0.966,			0.498
338,	1,	7.0,	387.106,			1.466,			0.963,			0.963,			1.454,			0.983,			0.501
339,	1,	7.0,	388.191,			1.477,			0.967,			0.967,			1.473,			0.983,			0.502
340,	2,	164.0,	388.27,			2.291,			0.11,			0.11,			2.303,			0.099,			0.051
341,	2,	155.0,	389.28,			2.313,			0.108,			0.108,			2.297,			0.094,			0.049
342,	1,	512.0,	390.267,			1.451,			0.96,			0.96,			1.459,			0.984,			0.5
343,	1,	7.0,	392.002,			1.459,			0.959,			0.959,			1.463,			0.974,			0.5
344,	1,	387.0,	395.888,			1.464,			0.972,			0.972,			1.461,			0.957,			0.499
345,	1,	157.0,	397.168,			1.467,			0.955,			0.955,			1.451,			0.981,			0.501
346,	2,	177.0,	397.173,			2.303,			0.105,			0.105,			2.279,			0.102,			0.05
347,	1,	512.0,	400.922,			1.465,			0.978,			0.978,			1.465,			0.974,			0.5
348,	1,	214.0,	401.765,			1.443,			0.976,			0.976,			1.452,			0.984,			0.5
349,	1,	379.0,	402.258,			1.463,			0.969,			0.969,			1.478,			0.966,			0.501
350,	2,	91.0,	402.38,			2.292,			0.101,			0.101,			2.298,			0.103,			0.049
351,	1,	13.0,	403.954,			1.471,			0.965,			0.965,			1.456,			0.958,			0.5
352,	1,	30.0,	404.173,			1.467,			0.953,			0.953,			1.446,			0.971,			0.501
353,	1,	157.0,	405.211,			1.461,			0.961,			0.961,			1.457,			0.97,			0.5
354,	1,	214.0,	405.899,			1.457,			0.952,			0.952,			1.464,			0.956,			0.501
355,	2,	130.0,	406.227,			2.316,			0.097,			0.097,			2.292,			0.106,			0.05
356,	1,	7.0,	406.783,			1.446,			0.955,			0.955,			1.447,			0.984,			0.499
357,	2,	203.0,	407.475,			2.302,			0.102,			0.102,			2.294,			0.094,			0.05
358,	1,	95.0,	408.046,			1.457,			0.965,			0.965,			1.454,			0.98,			0.499
359,	2,	331.0,	410.553,			2.313,			0.095,			0.095,			2.303,			0.103,			0.051
360,	1,	7.0,	412.056,			1.453,			0.969,			0.969,			1.454,			0.982,			0.5
361,	1,	169.0,	412.213,			1.461,			0.984,			0.984,			1.454,			0.953,			0.5
362,	1,	95.0,	412.396,			1.462,			0.947,			0.947,			1.448,			0.964,			0.499
363,	1,	6.0,	413.553,			1.458,			0.987,			0.987,			1.457,			0.968,			0.499
364,	2,	293.0,	419.104,			2.304,			0.098,			0.098,			2.31,			0.091,			0.048
365,	1,	559.0,	421.648,			1.453,			0.978,			0.978,			1.446,			0.974,			0.5
366,	2,	160.0,	422.134,			2.291,			0.098,			0.098,			2.314,			0.1,			0.05
367,	2,	146.0,	423.595,			2.312,			0.096,			0.096,			2.311,			0.1,			0.05
368,	3,	96.8,	424.345,			5.494,			1.499,			1.499,			5.504,			1.487,			0.899
369,	3,	102.6,	424.472,			5.51,			1.509,			1.509,			5.51,			1.505,			0.898
370,	3,	467.1,	424.473,			5.506,			1.503,			1.503,			5.505,			1.507,			0.893
371,	3,	313.2,	424.475,			5.483,			1.496,			1.496,			5.502,			1.494,			0.902
372,	3,	77.6,	424.485,			5.502,			1.489,			1.489,			5.498,			1.492,			0.89
373,	3,	171.5,	424.557,			5.504,			1.508,			1.508,			5.504,			1.513,			0.905
374,	3,	115.7,	424.664,			5.515,			1.515,			1.515,			5.493,			1.499,			0.901
375,	1,	7.0,	424.829,			1.466,			0.969,			0.969,			1.463,			0.983,			0.502
376,	3,	58.5,	424.845,			5.512,			1.489,			1.489,			5.513,			1.5,			0.909
377,	3,	155.9,	424.865,			5.499,			1.487,			1.487,			5.491,			1.49,			0.901
378,	3,	467.1,	424.869,			5.505,			1.499,			1.499,			5.506,			1.496,			0.9
379,	3,	398.7,	424.992,			5.495,			1.5,			1.5,			5.498,			1.526,			0.906
380,	3,	96.3,	425.121,			5.512,			1.521,			1.521,			5.498,			1.505,			0.906
381,	3,	91.5,	425.16,			5.493,			1.492,			1.492,			5.502,			1.488,			0.902
382,	3,	58.5,	425.169,			5.531,			1.492,			1.492,			5.499,			1.487,			0.9
383,	3,	266.0,	425.249,			5.498,			1.5,			1.5,			5.496,			1.517,			0.901
384,	3,	441.6,	425.261,			5.493,			1.504,			1.504,			5.509,			1.508,			0.903
385,	3,	210.4,	425.353,			5.507,			1.513,			1.513,			5.501,			1.5,			0.904
386,	3,	278.4,	425.507,			5.491,			1.503,			1.503,			5.517,			1.517,			0.904
387,	3,	342.1,	425.708,			5.501,			1.501,			1.501,			5.495,			1.501,			0.897
388,	3,	375.9,	425.711,			5.516,			1.505,			1.505,			5.496,			1.494,			0.901
389,	3,	218.8,	425.839,			5.508,			1.503,			1.503,			5.495,			1.516,			0.899
390,	3,	764.1,	425.965,			5.493,			1.496,			1.496,			5.512,			1.488,			0.885
391,	3,	65.4,	426.022,			5.501,			1.498,			1.498,			5.503,			1.499,			0.898
392,	3,	636.8,	426.165,			5.496,			1.504,			1.504,			5.495,			1.488,			0.904
393,	3,	143.8,	426.482,			5.501,			1.48,			1.48,			5.487,			1.508,			0.903
394,	3,	121.3,	426.539,			5.487,			1.51,			1.51,			5.5,			1.512,			0.905
395,	3,	938.8,	426.69,			5.485,			1.499,			1.499,			5.501,			1.493,			0.901
396,	3,	134.3,	426.752,			5.514,			1.488,			1.488,			5.487,			1.509,			0.907
397,	3,	54.5,	426.926,			5.511,			1.51,			1.51,			5.498,			1.513,			0.905
398,	3,	130.1,	426.935,			5.499,			1.512,			1.512,			5.495,			1.501,			0.898
399,	3,	175.5,	426.976,			5.487,			1.5,			1.5,			5.495,			1.507,			0.895
400,	3,	266.0,	427.05,			5.5,			1.513,			1.513,			5.481,			1.486,			0.904
401,	3,	112.3,	427.063,			5.502,			1.501,			1.501,			5.491,			1.483,			0.905
402,	3,	215.9,	427.154,			5.515,			1.482,			1.482,			5.483,			1.507,			0.9
403,	3,	134.0,	427.173,			5.512,			1.501,			1.501,			5.497,			1.51,			0.902
404,	3,	247.4,	427.277,			5.511,			1.489,			1.489,			5.505,			1.493,			0.912
405,	3,	275.9,	427.314,			5.499,			1.497,			1.497,			5.494,			1.499,			0.901
406,	3,	93.7,	427.37,			5.496,			1.497,			1.497,			5.506,			1.493,			0.905
407,	3,	59.9,	427.419,			5.508,			1.488,			1.488,			5.503,			1.485,			0.912
408,	1,	120.0,	427.466,			1.482,			0.98,			0.98,			1.473,			0.968,			0.499
409,	3,	145.9,	427.65,			5.498,			1.485,			1.485,			5.492,			1.489,			0.902
410,	3,	79.1,	427.677,			5.509,			1.49,			1.49,			5.506,			1.489,			0.888
411,	2,	61.0,	427.877,			2.303,			0.094,			0.094,			2.309,			0.101,			0.05
412,	3,	59.6,	427.987,			5.502,			1.521,			1.521,			5.494,			1.492,			0.901
413,	3,	248.5,	428.236,			5.487,			1.496,			1.496,			5.502,			1.492,			0.89
414,	3,	431.0,	428.263,			5.493,			1.489,			1.489,			5.5,			1.489,			0.896
415,	3,	92.7,	428.513,			5.504,			1.488,			1.488,			5.532,			1.488,			0.899
416,	3,	244.9,	428.755,			5.513,			1.485,			1.485,			5.509,			1.49,			0.904
417,	3,	281.2,	428.856,			5.502,			1.497,			1.497,			5.493,			1.489,			0.895
418,	3,	91.8,	428.969,			5.487,			1.481,			1.481,			5.5,			1.487,			0.902
419,	3,	212.6,	429.191,			5.49,			1.502,			1.502,			5.489,			1.5,			0.902
420,	3,	364.1,	429.338,			5.505,			1.497,			1.497,			5.515,			1.506,			0.898
421,	2,	229.0,	431.885,			2.317,			0.094,			0.094,			2.311,			0.102,			0.049
422,	1,	6.0,	432.044,			1.453,			0.977,			0.977,			1.466,			0.976,			0.5
423,	2,	193.0,	432.46,			2.283,			0.094,			0.094,			2.286,			0.104,			0.05
424,	1,	559.0,	432.659,			1.452,			0.975,			0.975,			1.451,			0.962,			0.5
425,	1,	28.0,	432.803,			1.459,			0.98,			0.98,			1.456,			0.979,			0.501
426,	1,	59.0,	433.533,			1.484,			0.964,			0.964,			1.454,			0.974,			0.501
427,	1,	379.0,	435.126,			1.449,			0.968,			0.968,			1.454,			0.98,			0.5
428,	1,	16.0,	435.405,			1.461,			0.961,			0.961,			1.464,			0.974,			0.5
429,	1,	169.0,	436.423,			1.457,			0.968,			0.968,			1.464,			0.982,			0.5
430,	1,	30.0,	437.829,			1.456,			0.948,			0.948,			1.451,			0.974,			0.498
431,	1,	7.0,	438.168,			1.451,			0.961,			0.961,			1.461,			0.971,			0.501
432,	1,	6.0,	438.64,			1.465,			0.991,			0.991,			1.464,			0.976,			0.499
433,	2,	90.0,	438.768,			2.301,			0.103,			0.103,			2.306,			0.105,			0.049
434,	2,	222.0,	439.333,			2.321,			0.103,			0.103,			2.318,			0.092,			0.05
435,	1,	126.0,	441.293,			1.449,			0.972,			0.972,			1.451,			0.978,			0.499
436,	1,	379.0,	443.256,			1.48,			0.972,			0.972,			1.463,			0.947,			0.499
437,	1,	28.0,	443.443,			1.45,			0.962,			0.962,			1.456,			0.955,			0.501
438,	1,	512.0,	444.078,			1.465,			0.974,			0.974,			1.467,			0.963,			0.502
439,	2,	198.0,	444.656,			2.309,			0.108,			0.108,			2.302,			0.102,			0.048
440,	1,	7.0,	444.703,			1.453,			0.971,			0.971,			1.465,			0.958,			0.5
441,	2,	145.0,	445.553,			2.328,			0.11,			0.11,			2.299,			0.103,			0.052
442,	1,	120.0,	447.537,			1.456,			0.956,			0.956,			1.443,			0.979,			0.499
443,	1,	44.0,	448.002,			1.457,			0.967,			0.967,			1.472,			0.97,			0.498
444,	1,	512.0,	450.99,			1.459,			0.956,			0.956,			1.444,			0.962,			0.5
445,	1,	7.0,	452.437,			1.464,			0.984,			0.984,			1.443,			0.963,			0.499
446,	2,	139.0,	453.086,			2.312,			0.103,			0.103,			2.316,			0.098,			0.049
447,	2,	186.0,	453.444,			2.29,			0.107,			0.107,			2.31,			0.09,			0.049
448,	1,	379.0,	455.287,			1.46,			0.957,			0.957,			1.465,			0.982,			0.501
449,	1,	7.0,	456.604,			1.458,			0.961,			0.961,			1.452,			0.971,			0.501
450,	1,	10.0,	456.818,			1.441,			0.969,			0.969,			1.45,			0.979,			0.5
451,	1,	49.0,	457.189,			1.456,			0.99,			0.99,			1.463,			0.967,			0.501
452,	1,	512.0,	457.468,			1.47,			0.973,			0.973,			1.47,			0.976,			0.499
453,	1,	95.0,	458.835,			1.482,			0.979,			0.979,			1.468,			0.958,			0.501
454,	2,	125.0,	458.943,			2.303,			0.1,			0.1,			2.316,			0.088,			0.051
455,	1,	28.0,	460.18,			1.461,			0.958,			0.958,			1.439,			0.99,			0.5
456,	1,	7.0,	462.342,			1.468,			0.957,			0.957,			1.455,			0.975,			0.501
457,	2,	117.0,	462.69,			2.289,			0.092,			0.092,			2.308,			0.095,			0.051
458,	1,	7.0,	463.366,			1.462,			0.968,			0.968,			1.463,			0.967,			0.5
459,	1,	146.0,	464.509,			1.461,			0.972,			0.972,			1.461,			0.967,			0.5
460,	1,	157.0,	467.191,			1.466,			0.978,			0.978,			1.459,			0.977,			0.501
461,	1,	7.0,	468.125,			1.457,			0.953,			0.953,			1.451,			0.968,			0.5
462,	1,	559.0,	470.639,			1.462,			0.961,			0.961,			1.455,			0.972,			0.5
463,	1,	447.0,	470.949,			1.445,			0.971,			0.971,			1.456,			0.97,			0.502
464,	2,	127.0,	472.837,			2.311,			0.106,			0.106,			2.297,			0.106,			0.051
465,	1,	387.0,	473.111,			1.46,			0.98,			0.98,			1.461,			0.966,			0.5
466,	1,	214.0,	473.562,			1.464,			0.974,			0.974,			1.471,			0.952,			0.499
467,	2,	120.0,	473.648,			2.303,			0.096,			0.096,			2.295,			0.107,			0.05
468,	2,	245.0,	474.373,			2.316,			0.101,			0.101,			2.304,			0.104,			0.052
469,	1,	16.0,	474.574,			1.45,			0.964,			0.964,			1.455,			0.989,			0.499
470,	2,	214.0,	476.847,			2.298,			0.09,			0.09,			2.318,			0.093,			0.05
471,	2,	228.0,	477.028,			2.294,			0.101,			0.101,			2.289,			0.103,			0.049
472,	2,	67.0,	478.038,			2.282,			0.095,			0.095,			2.312,			0.1,			0.051
473,	1,	13.0,	480.853,			1.461,			0.964,			0.964,			1.453,			0.975,			0.5
474,	1,	146.0,	481.12,			1.464,			0.958,			0.958,			1.455,			0.967,			0.501
475,	2,	90.0,	482.912,			2.297,			0.111,			0.111,			2.298,			0.105,			0.051
476,	1,	30.0,	483.258,			1.463,			0.982,			0.982,			1.462,			0.962,			0.498
477,	2,	62.0,	485.161,			2.306,			0.096,			0.096,			2.294,			0.099,			0.049
478,	1,	169.0,	486.204,			1.469,			0.975,			0.975,			1.455,			0.962,			0.501
479,	2,	227.0,	487.503,			2.284,			0.095,			0.095,			2.304,			0.1,			0.049
480,	1,	214.0,	487.751,			1.494,			0.972,			0.972,			1.457,			0.95,			0.501
481,	2,	134.0,	492.909,			2.305,			0.098,			0.098,			2.299,			0.099,			0.051
482,	3,	229.3,	492.957,			5.503,			1.498,			1.498,			5.501,			1.521,			0.894
483,	3,	299.0,	492.976,			5.488,			1.526,			1.526,			5.508,			1.502,			0.901
484,	3,	217.7,	493.151,			5.484,			1.501,			1.501,			5.511,			1.492,			0.905
485,	3,	273.4,	493.283,			5.508,			1.497,			1.497,			5.516,			1.499,			0.901
486,	3,	74.1,	493.3,			5.505,			1.503,			1.503,			5.489,			1.501,			0.898
487,	3,	431.0,	493.458,			5.504,			1.489,			1.489,			5.51,			1.498,			0.902
488,	3,	275.9,	493.632,			5.503,			1.486,			1.486,			5.504,			1.504,			0.892
489,	3,	550.2,	493.746,			5.489,			1.5,			1.5,			5.503,			1.514,			0.9
490,	3,	92.3,	494.345,			5.504,			1.503,			1.503,			5.528,			1.495,			0.908
491,	3,	451.6,	494.545,			5.517,			1.517,			1.517,			5.485,			1.498,			0.897
492,	3,	95.1,	495.677,			5.489,			1.5,			1.5,			5.495,			1.513,			0.9
493,	3,	306.8,	495.792,			5.492,			1.506,			1.506,			5.512,			1.491,			0.899
494,	3,	218.4,	496.07,			5.507,			1.5,			1.5,			5.513,			1.502,			0.902
495,	3,	66.0,	496.366,			5.503,			1.497,			1.497,			5.487,			1.488,			0.899
496,	1,	10.0,	497.006,			1.462,			0.978,			0.978,			1.466,			0.961,			0.499
497,	2,	135.0,	497.827,			2.289,			0.1,			0.1,			2.298,			0.107,			0.049
498,	1,	157.0,	498.049,			1.453,			0.964,			0.964,			1.451,			0.979,			0.502
499,	1,	169.0,	498.283,			1.467,			0.954,			0.954,			1.446,			0.968,			0.5
500,	1,	90.0,	498.521,			1.477,			0.982,			0.982,			1.466,			0.989,			0.499
