#, task_type_id, size, arrival_time,	execution_time_cpu,	execution_time_gpu,	execution_time_CLOUD
1,	2,	195.0,	0.24,			14.393,			1.42,			0.138
2,	2,	169.0,	0.415,			12.155,			1.204,			0.188
3,	2,	244.0,	2.194,			12.019,			1.424,			0.106
4,	2,	98.0,	9.6,			13.136,			1.45,			0.138
5,	2,	90.0,	10.636,			14.809,			1.431,			0.197
6,	2,	201.0,	11.015,			11.28,			1.175,			0.105
7,	2,	229.0,	11.589,			12.069,			1.141,			0.118
8,	2,	73.0,	12.068,			12.329,			1.399,			0.174
9,	1,	7.0,	12.787,			2.252,			0.287,			0.053
10,	2,	229.0,	16.881,			14.135,			1.049,			0.159
11,	2,	213.0,	18.222,			14.136,			1.329,			0.165
12,	2,	105.0,	18.5,			13.186,			1.347,			0.103
13,	1,	157.0,	19.037,			2.149,			0.149,			0.052
14,	2,	171.0,	20.691,			14.916,			1.452,			0.136
15,	2,	186.0,	21.493,			12.368,			1.299,			0.114
16,	2,	113.0,	22.934,			12.401,			1.363,			0.171
17,	2,	154.0,	23.137,			10.521,			1.323,			0.166
18,	2,	58.0,	24.075,			11.3,			1.0,			0.112
19,	1,	7.0,	25.981,			1.864,			0.243,			0.054
20,	1,	10.0,	28.267,			1.736,			0.299,			0.055
21,	1,	13.0,	29.569,			1.353,			0.111,			0.058
22,	1,	447.0,	29.956,			1.947,			0.125,			0.054
23,	1,	6.0,	31.306,			1.204,			0.16,			0.059
24,	1,	498.0,	31.76,			2.555,			0.187,			0.06
25,	2,	185.0,	32.161,			12.594,			1.008,			0.185
26,	2,	88.0,	34.807,			14.658,			1.075,			0.148
27,	1,	49.0,	36.085,			2.645,			0.229,			0.057
28,	1,	387.0,	36.591,			2.954,			0.113,			0.051
29,	2,	135.0,	36.592,			11.229,			1.216,			0.121
30,	2,	93.0,	36.603,			13.379,			1.484,			0.199
31,	2,	196.0,	36.722,			14.146,			1.229,			0.129
32,	1,	44.0,	39.78,			2.492,			0.239,			0.058
33,	2,	147.0,	41.558,			12.351,			1.416,			0.136
34,	1,	6.0,	43.665,			2.765,			0.217,			0.053
35,	2,	127.0,	44.018,			14.002,			1.23,			0.104
36,	2,	120.0,	44.806,			11.229,			1.456,			0.135
37,	2,	242.0,	44.89,			11.878,			1.116,			0.112
38,	2,	177.0,	45.733,			10.316,			1.362,			0.187
39,	2,	76.0,	46.688,			12.809,			1.067,			0.199
40,	1,	28.0,	47.362,			2.832,			0.271,			0.055
41,	2,	139.0,	47.986,			12.733,			1.109,			0.142
42,	1,	30.0,	49.416,			1.76,			0.211,			0.052
43,	2,	196.0,	54.042,			10.758,			1.291,			0.195
44,	1,	146.0,	54.928,			1.701,			0.236,			0.058
45,	2,	182.0,	54.99,			12.591,			1.029,			0.194
46,	2,	74.0,	55.128,			11.34,			1.261,			0.176
47,	1,	126.0,	55.632,			1.14,			0.149,			0.053
48,	2,	60.0,	55.843,			12.174,			1.051,			0.178
49,	1,	126.0,	56.796,			1.148,			0.192,			0.06
50,	2,	50.0,	57.333,			10.223,			1.055,			0.186
51,	2,	116.0,	57.723,			10.681,			1.206,			0.137
52,	1,	512.0,	58.089,			1.364,			0.133,			0.055
53,	1,	13.0,	58.251,			1.828,			0.133,			0.05
54,	1,	30.0,	59.347,			1.495,			0.238,			0.051
55,	2,	197.0,	59.91,			10.27,			1.461,			0.123
56,	1,	559.0,	60.645,			1.717,			0.129,			0.058
57,	2,	125.0,	60.787,			12.064,			1.409,			0.155
58,	1,	90.0,	61.458,			1.737,			0.284,			0.06
59,	2,	160.0,	61.807,			13.449,			1.488,			0.161
60,	2,	167.0,	62.24,			13.602,			1.192,			0.125
61,	1,	7.0,	62.963,			2.647,			0.202,			0.056
62,	2,	140.0,	63.099,			11.229,			1.05,			0.137
63,	2,	187.0,	63.876,			13.027,			1.114,			0.122
64,	2,	146.0,	63.877,			14.931,			1.465,			0.178
65,	1,	90.0,	64.062,			1.112,			0.222,			0.053
66,	2,	93.0,	64.424,			14.889,			1.308,			0.167
67,	1,	169.0,	64.53,			1.095,			0.117,			0.055
68,	1,	49.0,	64.587,			1.128,			0.205,			0.051
69,	1,	120.0,	64.602,			2.645,			0.123,			0.054
70,	1,	44.0,	66.26,			2.714,			0.21,			0.059
71,	1,	146.0,	66.518,			2.304,			0.166,			0.052
72,	1,	387.0,	66.625,			2.03,			0.296,			0.056
73,	2,	169.0,	66.861,			13.369,			1.192,			0.106
74,	1,	13.0,	67.275,			2.276,			0.167,			0.052
75,	1,	559.0,	67.639,			1.684,			0.162,			0.051
76,	2,	200.0,	68.078,			11.46,			1.164,			0.135
77,	1,	157.0,	68.347,			2.238,			0.196,			0.058
78,	1,	44.0,	69.057,			1.523,			0.149,			0.051
79,	1,	512.0,	69.35,			2.103,			0.174,			0.056
80,	2,	64.0,	69.425,			12.617,			1.409,			0.185
81,	1,	13.0,	70.474,			1.116,			0.29,			0.055
82,	2,	108.0,	70.482,			13.449,			1.326,			0.199
83,	2,	182.0,	70.482,			11.387,			1.102,			0.152
84,	1,	379.0,	70.805,			1.609,			0.169,			0.058
85,	1,	13.0,	71.05,			2.652,			0.227,			0.056
86,	1,	28.0,	71.306,			1.523,			0.174,			0.051
87,	1,	44.0,	71.466,			2.133,			0.164,			0.059
88,	1,	387.0,	71.605,			2.225,			0.282,			0.051
89,	1,	7.0,	72.078,			1.61,			0.158,			0.055
90,	1,	90.0,	72.317,			1.417,			0.134,			0.051
91,	1,	6.0,	72.428,			1.878,			0.117,			0.057
92,	1,	95.0,	72.43,			2.187,			0.213,			0.058
93,	2,	166.0,	72.491,			11.247,			1.011,			0.102
94,	1,	126.0,	72.648,			1.531,			0.193,			0.054
95,	1,	214.0,	73.32,			2.914,			0.241,			0.06
96,	1,	28.0,	73.507,			1.044,			0.159,			0.05
97,	1,	169.0,	74.072,			2.18,			0.263,			0.05
98,	1,	7.0,	74.167,			1.921,			0.244,			0.051
99,	1,	6.0,	74.349,			2.525,			0.14,			0.051
100,	1,	214.0,	74.565,			1.575,			0.187,			0.052
101,	1,	157.0,	74.953,			1.014,			0.239,			0.052
102,	1,	7.0,	75.059,			2.014,			0.161,			0.053
103,	1,	28.0,	75.171,			1.245,			0.106,			0.06
104,	1,	498.0,	75.346,			1.97,			0.2,			0.058
105,	1,	498.0,	75.696,			2.702,			0.112,			0.057
106,	1,	379.0,	75.721,			1.215,			0.259,			0.059
107,	1,	559.0,	76.213,			2.465,			0.223,			0.053
108,	1,	7.0,	77.976,			2.467,			0.29,			0.06
109,	1,	7.0,	78.916,			2.928,			0.248,			0.059
110,	1,	44.0,	79.731,			1.722,			0.189,			0.06
111,	1,	49.0,	79.94,			2.691,			0.133,			0.058
112,	1,	16.0,	80.329,			2.509,			0.205,			0.051
113,	1,	447.0,	80.34,			1.386,			0.103,			0.054
114,	1,	146.0,	81.015,			2.647,			0.129,			0.054
115,	2,	194.0,	81.205,			11.583,			1.24,			0.151
116,	1,	6.0,	81.385,			1.97,			0.117,			0.058
117,	1,	7.0,	83.263,			1.509,			0.122,			0.057
118,	1,	16.0,	83.627,			2.018,			0.252,			0.057
119,	1,	28.0,	83.782,			2.282,			0.173,			0.051
120,	1,	10.0,	84.108,			1.103,			0.161,			0.054
121,	1,	214.0,	84.159,			2.8,			0.185,			0.055
122,	1,	90.0,	85.509,			2.407,			0.133,			0.058
123,	2,	134.0,	85.542,			14.82,			1.433,			0.184
124,	1,	447.0,	85.647,			2.454,			0.152,			0.051
125,	1,	7.0,	85.906,			1.853,			0.274,			0.052
126,	1,	59.0,	85.959,			1.911,			0.165,			0.059
127,	1,	103.0,	86.662,			2.448,			0.177,			0.057
128,	1,	126.0,	86.691,			1.859,			0.286,			0.052
129,	2,	125.0,	86.717,			12.136,			1.401,			0.145
130,	1,	7.0,	86.74,			1.861,			0.185,			0.056
131,	1,	512.0,	87.299,			1.441,			0.195,			0.06
132,	1,	146.0,	87.739,			1.398,			0.2,			0.054
133,	1,	7.0,	88.041,			2.153,			0.185,			0.059
134,	1,	447.0,	88.233,			2.844,			0.266,			0.059
135,	1,	120.0,	88.245,			2.446,			0.262,			0.059
136,	2,	268.0,	88.712,			14.576,			1.02,			0.131
137,	1,	214.0,	88.813,			2.063,			0.233,			0.058
138,	1,	214.0,	89.129,			1.9,			0.174,			0.057
139,	1,	16.0,	89.591,			2.888,			0.221,			0.052
140,	1,	16.0,	89.806,			1.857,			0.156,			0.053
141,	1,	498.0,	90.001,			1.188,			0.244,			0.055
142,	1,	169.0,	90.011,			2.232,			0.107,			0.051
143,	2,	306.0,	90.205,			13.478,			1.021,			0.182
144,	2,	189.0,	90.348,			11.92,			1.471,			0.1
145,	1,	214.0,	90.356,			2.278,			0.2,			0.057
146,	1,	95.0,	90.377,			2.954,			0.23,			0.056
147,	1,	44.0,	90.72,			2.893,			0.162,			0.051
148,	1,	387.0,	90.746,			1.155,			0.124,			0.055
149,	1,	6.0,	90.846,			1.42,			0.217,			0.051
150,	2,	330.0,	91.218,			11.248,			1.236,			0.2
151,	1,	379.0,	91.638,			1.426,			0.258,			0.059
152,	2,	163.0,	91.963,			13.958,			1.026,			0.154
153,	2,	480.0,	92.195,			13.262,			1.261,			0.185
154,	2,	155.0,	92.455,			13.456,			1.053,			0.128
155,	1,	169.0,	92.602,			1.525,			0.206,			0.06
156,	1,	498.0,	92.789,			1.683,			0.154,			0.058
157,	1,	7.0,	92.809,			1.252,			0.164,			0.055
158,	2,	171.0,	92.948,			11.598,			1.053,			0.187
159,	2,	139.0,	94.037,			12.564,			1.187,			0.108
160,	2,	221.0,	94.521,			13.195,			1.046,			0.15
161,	2,	244.0,	94.533,			14.735,			1.096,			0.184
162,	1,	169.0,	94.565,			1.325,			0.221,			0.055
163,	1,	13.0,	94.763,			2.288,			0.242,			0.058
164,	1,	10.0,	94.99,			1.637,			0.125,			0.057
165,	2,	202.0,	95.02,			10.316,			1.063,			0.155
166,	1,	44.0,	95.542,			1.409,			0.186,			0.05
167,	2,	164.0,	95.624,			13.735,			1.202,			0.188
168,	1,	49.0,	95.652,			1.828,			0.224,			0.051
169,	1,	7.0,	95.84,			2.014,			0.279,			0.057
170,	1,	447.0,	95.998,			2.381,			0.113,			0.055
171,	1,	44.0,	96.266,			1.158,			0.221,			0.053
172,	1,	6.0,	96.377,			2.768,			0.113,			0.058
173,	1,	387.0,	96.838,			2.43,			0.299,			0.058
174,	1,	120.0,	96.982,			1.582,			0.282,			0.058
175,	1,	103.0,	97.0,			1.432,			0.107,			0.051
176,	1,	95.0,	97.073,			2.661,			0.159,			0.056
177,	1,	447.0,	97.177,			2.154,			0.152,			0.057
178,	1,	379.0,	97.275,			1.204,			0.17,			0.056
179,	1,	95.0,	97.547,			1.422,			0.289,			0.057
180,	1,	44.0,	97.771,			1.965,			0.294,			0.056
181,	1,	559.0,	97.846,			1.821,			0.207,			0.052
182,	1,	512.0,	97.923,			1.425,			0.175,			0.053
183,	1,	6.0,	98.112,			2.448,			0.249,			0.056
184,	1,	28.0,	98.428,			2.149,			0.158,			0.052
185,	1,	28.0,	98.431,			1.27,			0.151,			0.059
186,	2,	298.0,	98.551,			14.005,			1.053,			0.134
187,	1,	387.0,	98.684,			1.672,			0.151,			0.058
188,	1,	7.0,	98.689,			2.861,			0.169,			0.053
189,	1,	214.0,	98.9,			1.144,			0.101,			0.051
190,	1,	7.0,	98.925,			1.883,			0.237,			0.053
191,	1,	90.0,	98.948,			2.104,			0.3,			0.052
192,	1,	7.0,	99.069,			1.61,			0.214,			0.052
193,	1,	7.0,	99.17,			1.008,			0.185,			0.054
194,	1,	169.0,	100.09,			1.047,			0.232,			0.055
195,	1,	49.0,	100.198,			2.138,			0.229,			0.051
196,	1,	169.0,	100.333,			1.245,			0.22,			0.06
197,	2,	140.0,	100.61,			14.206,			1.254,			0.117
198,	1,	59.0,	101.082,			2.636,			0.215,			0.059
199,	1,	157.0,	101.577,			2.768,			0.109,			0.059
200,	1,	169.0,	101.721,			2.874,			0.293,			0.053
201,	1,	16.0,	101.788,			1.08,			0.295,			0.058
202,	1,	103.0,	101.998,			1.722,			0.2,			0.052
203,	1,	30.0,	102.081,			2.237,			0.118,			0.054
204,	1,	146.0,	102.105,			1.262,			0.259,			0.056
205,	1,	120.0,	102.342,			1.653,			0.226,			0.051
206,	1,	157.0,	102.535,			1.996,			0.206,			0.057
207,	1,	498.0,	102.615,			1.011,			0.125,			0.055
208,	1,	379.0,	102.68,			1.411,			0.166,			0.053
209,	1,	498.0,	102.699,			2.954,			0.267,			0.05
210,	1,	95.0,	102.712,			1.134,			0.25,			0.053
211,	1,	6.0,	102.787,			1.928,			0.258,			0.058
212,	1,	214.0,	102.897,			2.9,			0.267,			0.056
213,	1,	559.0,	103.006,			1.942,			0.208,			0.057
214,	1,	13.0,	103.127,			1.605,			0.221,			0.054
215,	1,	30.0,	103.839,			1.309,			0.26,			0.055
216,	1,	95.0,	103.875,			1.835,			0.214,			0.051
217,	1,	44.0,	104.089,			1.825,			0.149,			0.057
218,	1,	214.0,	104.572,			2.19,			0.124,			0.051
219,	1,	126.0,	104.639,			2.301,			0.192,			0.05
220,	1,	559.0,	105.018,			1.005,			0.131,			0.056
221,	2,	144.0,	105.105,			14.206,			1.202,			0.136
222,	1,	447.0,	105.338,			2.0,			0.166,			0.052
223,	1,	59.0,	105.373,			1.651,			0.127,			0.057
224,	1,	559.0,	105.854,			1.981,			0.229,			0.059
225,	2,	226.0,	106.058,			10.485,			1.349,			0.178
226,	1,	512.0,	106.422,			2.377,			0.26,			0.058
227,	2,	180.0,	107.134,			12.375,			1.049,			0.169
228,	1,	498.0,	107.385,			1.4,			0.12,			0.054
229,	1,	7.0,	107.413,			2.249,			0.172,			0.052
230,	2,	117.0,	107.645,			11.896,			1.031,			0.196
231,	1,	10.0,	107.948,			2.554,			0.218,			0.051
232,	2,	182.0,	108.181,			14.39,			1.236,			0.145
233,	1,	498.0,	108.604,			2.424,			0.256,			0.053
234,	1,	387.0,	108.649,			2.09,			0.225,			0.056
235,	1,	157.0,	108.663,			2.298,			0.254,			0.053
236,	1,	59.0,	108.718,			1.169,			0.103,			0.06
237,	1,	6.0,	109.076,			1.595,			0.211,			0.05
238,	1,	6.0,	109.167,			2.235,			0.184,			0.054
239,	1,	120.0,	109.325,			1.226,			0.271,			0.054
240,	1,	7.0,	109.643,			1.45,			0.131,			0.055
241,	1,	6.0,	110.227,			2.0,			0.139,			0.052
242,	1,	49.0,	110.559,			2.95,			0.233,			0.055
243,	1,	6.0,	110.712,			1.504,			0.207,			0.05
244,	1,	157.0,	111.253,			2.407,			0.113,			0.057
245,	1,	44.0,	111.254,			2.288,			0.136,			0.051
246,	2,	138.0,	111.587,			11.334,			1.284,			0.119
247,	1,	7.0,	111.622,			1.13,			0.225,			0.053
248,	1,	59.0,	111.777,			2.377,			0.176,			0.055
249,	1,	59.0,	111.902,			2.776,			0.242,			0.053
250,	1,	30.0,	111.944,			1.283,			0.175,			0.058
251,	2,	272.0,	112.161,			14.14,			1.036,			0.142
252,	1,	16.0,	112.2,			2.598,			0.173,			0.052
253,	1,	512.0,	112.259,			1.22,			0.175,			0.057
254,	1,	7.0,	112.696,			1.581,			0.225,			0.054
255,	2,	146.0,	112.802,			10.788,			1.175,			0.124
256,	1,	126.0,	112.983,			1.969,			0.256,			0.059
257,	2,	204.0,	113.229,			10.912,			1.487,			0.135
258,	1,	214.0,	113.304,			1.007,			0.166,			0.051
259,	2,	113.0,	113.321,			11.027,			1.294,			0.164
260,	1,	44.0,	113.334,			1.245,			0.109,			0.051
261,	1,	379.0,	113.42,			1.191,			0.192,			0.054
262,	1,	6.0,	113.602,			2.638,			0.184,			0.056
263,	2,	187.0,	113.684,			14.289,			1.056,			0.123
264,	1,	7.0,	113.779,			2.576,			0.245,			0.058
265,	1,	95.0,	114.267,			1.566,			0.242,			0.051
266,	1,	6.0,	114.422,			1.557,			0.285,			0.054
267,	1,	59.0,	114.427,			1.03,			0.211,			0.059
268,	1,	49.0,	114.458,			1.119,			0.119,			0.057
269,	1,	214.0,	114.667,			1.67,			0.288,			0.056
270,	1,	59.0,	114.924,			2.321,			0.114,			0.052
271,	1,	95.0,	114.988,			1.75,			0.11,			0.057
272,	1,	447.0,	115.04,			2.914,			0.282,			0.059
273,	2,	208.0,	115.099,			14.187,			1.433,			0.148
274,	1,	59.0,	115.163,			2.317,			0.133,			0.054
275,	1,	28.0,	115.184,			1.596,			0.244,			0.056
276,	1,	7.0,	115.965,			2.123,			0.292,			0.056
277,	1,	214.0,	116.661,			1.096,			0.281,			0.056
278,	1,	44.0,	116.677,			2.328,			0.108,			0.058
279,	1,	120.0,	116.912,			1.816,			0.124,			0.057
280,	1,	7.0,	116.937,			2.542,			0.262,			0.052
281,	1,	44.0,	116.952,			2.366,			0.136,			0.058
282,	1,	126.0,	116.977,			2.366,			0.234,			0.052
283,	1,	169.0,	117.013,			2.489,			0.16,			0.05
284,	1,	90.0,	117.176,			1.029,			0.17,			0.05
285,	1,	214.0,	117.506,			1.164,			0.208,			0.051
286,	1,	13.0,	117.51,			1.783,			0.279,			0.057
287,	1,	512.0,	117.627,			2.645,			0.234,			0.052
288,	1,	44.0,	117.717,			1.343,			0.299,			0.057
289,	1,	169.0,	117.793,			2.034,			0.173,			0.052
290,	2,	115.0,	118.167,			13.05,			1.492,			0.122
291,	1,	49.0,	118.344,			1.367,			0.247,			0.052
292,	1,	387.0,	118.386,			1.578,			0.297,			0.058
293,	1,	126.0,	118.484,			2.813,			0.263,			0.05
294,	1,	157.0,	118.504,			2.889,			0.256,			0.056
295,	1,	7.0,	118.531,			2.153,			0.15,			0.059
296,	1,	214.0,	118.713,			2.627,			0.242,			0.057
297,	1,	379.0,	118.865,			1.105,			0.106,			0.053
298,	1,	7.0,	118.969,			2.1,			0.209,			0.06
299,	1,	157.0,	118.975,			1.756,			0.292,			0.056
300,	1,	10.0,	119.094,			1.722,			0.189,			0.055
301,	1,	447.0,	119.377,			2.153,			0.164,			0.054
302,	1,	7.0,	119.524,			2.249,			0.232,			0.054
303,	1,	59.0,	119.729,			2.155,			0.12,			0.052
304,	1,	13.0,	120.003,			2.241,			0.145,			0.052
305,	1,	379.0,	120.286,			2.014,			0.177,			0.052
306,	1,	103.0,	120.531,			2.479,			0.296,			0.058
307,	1,	214.0,	120.775,			2.571,			0.139,			0.051
308,	1,	7.0,	120.789,			2.92,			0.249,			0.051
309,	1,	7.0,	121.002,			2.914,			0.151,			0.054
310,	1,	28.0,	121.578,			1.524,			0.157,			0.055
311,	1,	559.0,	121.585,			2.9,			0.294,			0.056
312,	1,	44.0,	121.62,			1.445,			0.195,			0.055
313,	1,	13.0,	121.939,			2.889,			0.231,			0.05
314,	1,	10.0,	121.996,			1.488,			0.124,			0.055
315,	1,	387.0,	122.163,			1.708,			0.216,			0.058
316,	1,	103.0,	122.505,			2.448,			0.135,			0.058
317,	1,	13.0,	122.626,			1.402,			0.292,			0.055
318,	1,	95.0,	122.729,			1.291,			0.23,			0.058
319,	1,	169.0,	122.742,			1.844,			0.165,			0.052
320,	1,	6.0,	122.816,			2.249,			0.292,			0.057
321,	1,	7.0,	122.859,			2.857,			0.232,			0.056
322,	1,	157.0,	122.989,			1.571,			0.27,			0.059
323,	1,	379.0,	123.017,			2.645,			0.254,			0.06
324,	1,	49.0,	123.027,			1.482,			0.202,			0.056
325,	1,	512.0,	123.082,			1.078,			0.278,			0.058
326,	1,	44.0,	123.438,			1.914,			0.285,			0.055
327,	1,	498.0,	123.504,			1.683,			0.238,			0.053
328,	1,	498.0,	124.183,			2.179,			0.237,			0.058
329,	1,	146.0,	124.53,			1.729,			0.118,			0.051
330,	1,	13.0,	124.644,			2.497,			0.192,			0.056
331,	1,	559.0,	125.191,			2.757,			0.169,			0.058
332,	1,	49.0,	125.402,			2.986,			0.162,			0.052
333,	1,	49.0,	125.587,			1.464,			0.173,			0.051
334,	1,	7.0,	126.252,			1.126,			0.239,			0.057
335,	1,	379.0,	126.392,			1.612,			0.146,			0.055
336,	1,	512.0,	126.443,			1.203,			0.122,			0.05
337,	1,	387.0,	126.461,			2.43,			0.228,			0.052
338,	1,	30.0,	126.639,			2.345,			0.208,			0.06
339,	1,	10.0,	126.798,			2.454,			0.185,			0.057
340,	1,	90.0,	126.861,			2.194,			0.222,			0.055
341,	1,	512.0,	126.917,			2.09,			0.103,			0.058
342,	1,	157.0,	127.075,			2.549,			0.169,			0.056
343,	1,	10.0,	127.118,			1.447,			0.215,			0.053
344,	1,	559.0,	127.142,			1.331,			0.217,			0.056
345,	1,	90.0,	127.571,			2.346,			0.286,			0.06
346,	1,	512.0,	127.593,			1.252,			0.215,			0.051
347,	1,	10.0,	127.645,			1.504,			0.106,			0.057
348,	1,	49.0,	127.714,			1.164,			0.188,			0.053
349,	1,	498.0,	127.81,			2.323,			0.252,			0.053
350,	1,	7.0,	127.944,			2.885,			0.281,			0.05
351,	1,	16.0,	127.981,			2.541,			0.206,			0.055
352,	1,	59.0,	128.595,			1.62,			0.163,			0.051
353,	1,	44.0,	128.629,			2.412,			0.249,			0.06
354,	1,	126.0,	128.636,			1.134,			0.177,			0.054
355,	1,	28.0,	128.64,			1.174,			0.215,			0.053
356,	1,	10.0,	128.87,			2.237,			0.148,			0.056
357,	1,	59.0,	128.926,			1.153,			0.18,			0.06
358,	1,	30.0,	129.359,			1.596,			0.248,			0.051
359,	1,	126.0,	129.413,			1.111,			0.154,			0.052
360,	1,	103.0,	129.728,			2.655,			0.202,			0.053
361,	1,	10.0,	129.891,			1.009,			0.241,			0.052
362,	1,	59.0,	130.085,			1.511,			0.145,			0.057
363,	1,	146.0,	130.197,			2.794,			0.21,			0.059
364,	1,	30.0,	130.217,			2.509,			0.295,			0.055
365,	1,	7.0,	130.355,			1.353,			0.153,			0.059
366,	1,	379.0,	130.463,			1.393,			0.205,			0.059
367,	1,	7.0,	130.638,			2.223,			0.168,			0.058
368,	1,	44.0,	130.703,			2.599,			0.165,			0.05
369,	1,	7.0,	130.724,			1.609,			0.173,			0.055
370,	1,	559.0,	130.979,			1.204,			0.257,			0.051
371,	1,	30.0,	131.098,			1.681,			0.148,			0.057
372,	1,	157.0,	131.099,			2.598,			0.231,			0.052
373,	1,	7.0,	131.178,			2.846,			0.29,			0.054
374,	1,	10.0,	131.462,			1.62,			0.164,			0.053
375,	1,	214.0,	131.516,			1.169,			0.17,			0.057
376,	1,	7.0,	131.832,			1.786,			0.272,			0.059
377,	1,	95.0,	131.862,			1.566,			0.175,			0.051
378,	1,	7.0,	131.875,			1.313,			0.162,			0.05
379,	1,	10.0,	131.892,			2.712,			0.199,			0.058
380,	1,	7.0,	131.981,			2.088,			0.156,			0.056
381,	1,	10.0,	132.632,			1.535,			0.137,			0.052
382,	1,	7.0,	132.705,			2.014,			0.139,			0.056
383,	1,	49.0,	132.731,			2.678,			0.104,			0.053
384,	1,	7.0,	133.216,			1.116,			0.106,			0.057
385,	1,	379.0,	133.321,			2.461,			0.207,			0.058
386,	1,	90.0,	133.333,			2.852,			0.136,			0.052
387,	1,	7.0,	133.463,			1.841,			0.205,			0.057
388,	1,	146.0,	133.657,			2.09,			0.253,			0.059
389,	1,	13.0,	133.882,			1.362,			0.247,			0.058
390,	1,	59.0,	134.555,			1.756,			0.189,			0.059
391,	1,	498.0,	134.595,			1.327,			0.151,			0.054
392,	1,	512.0,	134.726,			2.441,			0.275,			0.052
393,	1,	16.0,	134.795,			2.378,			0.103,			0.05
394,	1,	7.0,	135.076,			2.398,			0.267,			0.051
395,	1,	387.0,	135.368,			2.606,			0.11,			0.057
396,	1,	59.0,	135.657,			2.893,			0.26,			0.051
397,	1,	447.0,	135.782,			1.655,			0.212,			0.055
398,	2,	189.0,	135.841,			10.63,			1.224,			0.196
399,	1,	44.0,	136.157,			1.211,			0.293,			0.052
400,	1,	28.0,	136.163,			2.226,			0.295,			0.055
401,	1,	16.0,	136.294,			1.283,			0.201,			0.052
402,	1,	379.0,	136.516,			2.532,			0.184,			0.056
403,	1,	30.0,	136.703,			2.634,			0.158,			0.059
404,	1,	103.0,	136.715,			1.548,			0.272,			0.059
405,	2,	47.0,	136.961,			13.277,			1.308,			0.155
406,	1,	498.0,	137.012,			1.056,			0.186,			0.058
407,	2,	102.0,	137.233,			10.226,			1.285,			0.135
408,	1,	30.0,	137.273,			2.377,			0.283,			0.055
409,	1,	10.0,	137.278,			1.423,			0.288,			0.056
410,	2,	175.0,	137.413,			14.646,			1.295,			0.139
411,	1,	13.0,	137.682,			1.337,			0.231,			0.055
412,	1,	7.0,	137.995,			2.322,			0.168,			0.057
413,	1,	44.0,	138.034,			2.486,			0.267,			0.056
414,	1,	103.0,	138.121,			1.27,			0.21,			0.052
415,	1,	59.0,	138.353,			1.864,			0.209,			0.05
416,	1,	169.0,	138.714,			1.982,			0.167,			0.054
417,	1,	146.0,	139.081,			1.952,			0.231,			0.051
418,	1,	13.0,	139.361,			1.701,			0.206,			0.052
419,	1,	95.0,	139.507,			2.36,			0.282,			0.055
420,	1,	498.0,	139.519,			1.42,			0.202,			0.057
421,	1,	559.0,	139.57,			2.037,			0.188,			0.057
422,	1,	49.0,	139.606,			1.464,			0.107,			0.055
423,	1,	559.0,	139.69,			1.043,			0.273,			0.054
424,	1,	13.0,	139.87,			1.25,			0.269,			0.057
425,	1,	7.0,	140.398,			1.707,			0.198,			0.06
426,	1,	126.0,	140.429,			2.852,			0.23,			0.052
427,	1,	126.0,	140.656,			2.565,			0.227,			0.051
428,	1,	44.0,	140.671,			1.742,			0.136,			0.052
429,	1,	30.0,	140.782,			1.791,			0.254,			0.051
430,	1,	44.0,	141.015,			2.418,			0.228,			0.05
431,	1,	126.0,	141.115,			2.055,			0.244,			0.05
432,	1,	16.0,	141.473,			2.415,			0.169,			0.056
433,	1,	120.0,	141.582,			1.16,			0.262,			0.056
434,	1,	103.0,	141.601,			1.575,			0.244,			0.059
435,	1,	126.0,	141.651,			1.111,			0.183,			0.057
436,	1,	28.0,	141.656,			2.448,			0.113,			0.054
437,	1,	126.0,	142.042,			2.776,			0.162,			0.055
438,	2,	127.0,	142.069,			11.707,			1.491,			0.111
439,	1,	126.0,	142.099,			1.886,			0.236,			0.056
440,	2,	142.0,	142.106,			14.624,			1.051,			0.148
441,	2,	117.0,	142.134,			10.548,			1.454,			0.112
442,	1,	44.0,	142.328,			1.732,			0.192,			0.05
443,	1,	59.0,	142.409,			1.59,			0.228,			0.06
444,	1,	49.0,	142.758,			2.436,			0.29,			0.055
445,	1,	146.0,	142.803,			2.364,			0.173,			0.053
446,	1,	28.0,	142.905,			2.549,			0.207,			0.058
447,	1,	447.0,	143.008,			2.299,			0.196,			0.054
448,	1,	90.0,	143.039,			2.03,			0.161,			0.057
449,	1,	103.0,	143.368,			1.096,			0.162,			0.054
450,	1,	379.0,	143.76,			1.052,			0.225,			0.057
451,	1,	146.0,	143.811,			2.582,			0.225,			0.055
452,	1,	7.0,	143.902,			1.495,			0.228,			0.051
453,	1,	44.0,	143.909,			1.826,			0.107,			0.051
454,	1,	49.0,	143.975,			2.9,			0.291,			0.052
455,	1,	59.0,	144.112,			2.19,			0.219,			0.053
456,	1,	44.0,	144.214,			1.841,			0.214,			0.053
457,	1,	498.0,	144.417,			1.643,			0.15,			0.054
458,	1,	146.0,	144.541,			1.17,			0.239,			0.058
459,	1,	126.0,	144.556,			2.131,			0.28,			0.059
460,	1,	6.0,	144.585,			1.029,			0.158,			0.054
461,	1,	120.0,	144.589,			2.144,			0.17,			0.052
462,	1,	7.0,	144.737,			2.342,			0.284,			0.053
463,	1,	379.0,	144.753,			1.822,			0.275,			0.06
464,	1,	120.0,	144.76,			1.313,			0.161,			0.056
465,	1,	6.0,	145.041,			1.61,			0.133,			0.059
466,	1,	379.0,	145.204,			2.973,			0.173,			0.054
467,	1,	146.0,	145.262,			1.639,			0.182,			0.05
468,	1,	44.0,	145.307,			1.613,			0.134,			0.054
469,	1,	28.0,	145.369,			2.645,			0.159,			0.057
470,	1,	90.0,	145.406,			1.477,			0.202,			0.058
471,	1,	7.0,	145.423,			1.702,			0.206,			0.056
472,	1,	44.0,	145.781,			1.08,			0.187,			0.053
473,	1,	6.0,	145.815,			2.794,			0.125,			0.057
474,	2,	172.0,	145.834,			11.719,			1.459,			0.153
475,	1,	44.0,	146.024,			1.707,			0.275,			0.055
476,	2,	100.0,	146.199,			12.174,			1.453,			0.122
477,	1,	157.0,	146.3,			1.875,			0.235,			0.056
478,	1,	44.0,	146.496,			2.659,			0.169,			0.052
479,	2,	110.0,	146.57,			10.598,			1.433,			0.104
480,	1,	126.0,	146.655,			1.024,			0.158,			0.059
481,	1,	7.0,	146.713,			2.18,			0.136,			0.055
482,	1,	103.0,	146.807,			2.386,			0.161,			0.052
483,	1,	387.0,	146.919,			2.278,			0.24,			0.052
484,	1,	7.0,	147.427,			1.169,			0.225,			0.052
485,	1,	387.0,	147.481,			1.962,			0.103,			0.056
486,	1,	214.0,	147.696,			1.483,			0.2,			0.054
487,	1,	146.0,	147.705,			1.076,			0.151,			0.059
488,	1,	379.0,	148.024,			1.886,			0.13,			0.052
489,	2,	109.0,	148.235,			14.204,			1.39,			0.147
490,	1,	379.0,	148.922,			2.158,			0.189,			0.058
491,	1,	44.0,	149.469,			1.626,			0.174,			0.059
492,	2,	130.0,	149.549,			10.074,			1.479,			0.154
493,	1,	30.0,	149.693,			2.576,			0.109,			0.057
494,	1,	512.0,	149.77,			2.709,			0.235,			0.059
495,	1,	120.0,	149.771,			1.414,			0.186,			0.059
496,	1,	498.0,	149.996,			2.579,			0.239,			0.054
497,	1,	7.0,	150.134,			1.732,			0.206,			0.052
498,	1,	13.0,	150.25,			2.973,			0.28,			0.054
499,	1,	44.0,	150.315,			2.149,			0.274,			0.058
500,	1,	10.0,	150.403,			1.26,			0.106,			0.056
501,	1,	126.0,	150.429,			2.969,			0.119,			0.059
502,	1,	7.0,	150.5,			2.219,			0.104,			0.052
503,	1,	447.0,	150.629,			2.701,			0.151,			0.054
504,	1,	49.0,	150.761,			2.427,			0.201,			0.059
505,	2,	172.0,	150.905,			11.011,			1.239,			0.138
506,	1,	559.0,	150.921,			2.986,			0.248,			0.052
507,	1,	7.0,	151.216,			1.73,			0.245,			0.056
508,	2,	112.0,	151.284,			11.411,			1.471,			0.101
509,	1,	512.0,	151.315,			1.537,			0.2,			0.06
510,	1,	157.0,	151.374,			2.985,			0.139,			0.058
511,	1,	214.0,	151.498,			2.438,			0.159,			0.058
512,	1,	120.0,	151.922,			1.76,			0.249,			0.052
513,	1,	13.0,	151.94,			2.636,			0.166,			0.052
514,	2,	141.0,	151.991,			13.174,			1.01,			0.141
515,	1,	169.0,	152.066,			1.488,			0.244,			0.055
516,	1,	7.0,	152.5,			2.661,			0.194,			0.057
517,	2,	58.0,	152.578,			12.93,			1.482,			0.14
518,	2,	269.0,	152.588,			10.886,			1.361,			0.113
519,	1,	103.0,	153.124,			2.249,			0.16,			0.056
520,	1,	16.0,	153.309,			2.232,			0.144,			0.055
521,	1,	44.0,	153.455,			1.203,			0.135,			0.054
522,	1,	512.0,	153.456,			2.618,			0.158,			0.059
523,	1,	44.0,	153.601,			2.345,			0.193,			0.059
524,	2,	321.0,	153.711,			11.71,			1.359,			0.176
525,	1,	28.0,	153.745,			2.35,			0.299,			0.058
526,	1,	49.0,	153.831,			1.107,			0.177,			0.057
527,	1,	6.0,	154.518,			2.055,			0.155,			0.051
528,	1,	28.0,	154.521,			2.14,			0.12,			0.06
529,	1,	59.0,	154.881,			2.102,			0.253,			0.053
530,	1,	169.0,	154.99,			2.796,			0.261,			0.052
531,	1,	379.0,	155.346,			2.491,			0.189,			0.058
532,	1,	49.0,	155.494,			1.07,			0.2,			0.056
533,	1,	387.0,	156.018,			2.557,			0.143,			0.054
534,	1,	30.0,	156.229,			2.18,			0.177,			0.057
535,	1,	447.0,	156.306,			1.728,			0.19,			0.054
536,	1,	6.0,	156.326,			1.653,			0.102,			0.053
537,	1,	447.0,	156.328,			1.325,			0.151,			0.059
538,	1,	95.0,	156.422,			2.634,			0.171,			0.051
539,	1,	7.0,	156.532,			2.388,			0.109,			0.06
540,	1,	169.0,	156.579,			1.411,			0.177,			0.055
541,	1,	16.0,	156.764,			1.277,			0.207,			0.051
542,	1,	28.0,	156.852,			2.69,			0.2,			0.05
543,	1,	90.0,	157.16,			2.104,			0.134,			0.054
544,	1,	447.0,	157.422,			2.968,			0.257,			0.051
545,	1,	379.0,	157.439,			1.104,			0.157,			0.053
546,	1,	6.0,	157.493,			1.277,			0.15,			0.057
547,	1,	6.0,	157.627,			1.571,			0.19,			0.05
548,	1,	379.0,	157.629,			1.277,			0.252,			0.054
549,	1,	146.0,	157.637,			1.909,			0.107,			0.054
550,	1,	6.0,	157.67,			1.807,			0.129,			0.058
551,	1,	157.0,	157.764,			1.982,			0.208,			0.051
552,	2,	193.0,	157.932,			12.973,			1.056,			0.183
553,	1,	120.0,	158.018,			1.844,			0.159,			0.052
554,	1,	103.0,	158.039,			1.639,			0.27,			0.052
555,	1,	379.0,	158.047,			1.869,			0.219,			0.054
556,	1,	7.0,	158.227,			2.491,			0.269,			0.059
557,	1,	95.0,	158.232,			1.327,			0.172,			0.055
558,	1,	90.0,	158.312,			1.706,			0.29,			0.054
559,	1,	30.0,	158.501,			1.631,			0.19,			0.058
560,	1,	49.0,	158.836,			2.794,			0.103,			0.06
561,	1,	126.0,	159.177,			2.225,			0.15,			0.055
562,	1,	44.0,	159.643,			1.672,			0.299,			0.052
563,	2,	68.0,	159.664,			11.027,			1.435,			0.102
564,	1,	7.0,	159.844,			1.966,			0.234,			0.056
565,	1,	10.0,	159.855,			2.945,			0.216,			0.057
566,	1,	13.0,	159.988,			1.027,			0.21,			0.053
567,	1,	49.0,	160.084,			2.954,			0.162,			0.053
568,	1,	7.0,	160.087,			1.932,			0.202,			0.054
569,	1,	214.0,	160.251,			1.302,			0.294,			0.055
570,	1,	59.0,	160.486,			2.055,			0.244,			0.051
571,	1,	559.0,	160.525,			2.69,			0.209,			0.051
572,	1,	7.0,	160.728,			1.473,			0.173,			0.052
573,	1,	6.0,	160.925,			2.296,			0.202,			0.054
574,	1,	28.0,	161.143,			1.173,			0.153,			0.054
575,	1,	6.0,	161.164,			2.842,			0.232,			0.057
576,	1,	559.0,	161.234,			1.612,			0.205,			0.054
577,	1,	30.0,	161.577,			2.068,			0.149,			0.059
578,	1,	146.0,	161.941,			2.726,			0.299,			0.054
579,	1,	44.0,	161.975,			2.057,			0.15,			0.055
580,	1,	59.0,	162.133,			1.532,			0.192,			0.054
581,	1,	95.0,	162.264,			1.869,			0.279,			0.054
582,	2,	134.0,	162.63,			12.733,			1.065,			0.197
583,	2,	83.0,	162.657,			13.784,			1.287,			0.117
584,	1,	28.0,	162.774,			1.052,			0.191,			0.05
585,	1,	7.0,	162.89,			2.618,			0.205,			0.051
586,	2,	332.0,	163.325,			14.682,			1.203,			0.143
587,	1,	379.0,	163.336,			1.554,			0.13,			0.056
588,	1,	6.0,	163.36,			1.403,			0.141,			0.059
589,	1,	103.0,	163.409,			2.926,			0.222,			0.051
590,	1,	7.0,	163.556,			1.733,			0.246,			0.052
591,	1,	559.0,	163.808,			1.844,			0.102,			0.059
592,	1,	559.0,	164.235,			1.908,			0.133,			0.06
593,	1,	13.0,	164.468,			1.01,			0.17,			0.054
594,	2,	254.0,	164.469,			11.027,			1.463,			0.154
595,	1,	103.0,	164.55,			2.197,			0.228,			0.06
596,	1,	169.0,	164.693,			1.447,			0.277,			0.058
597,	1,	7.0,	164.773,			1.484,			0.173,			0.056
598,	1,	379.0,	164.918,			2.819,			0.239,			0.06
599,	1,	90.0,	165.034,			1.86,			0.233,			0.052
600,	1,	7.0,	165.279,			2.842,			0.192,			0.054
601,	1,	90.0,	165.307,			1.504,			0.179,			0.057
602,	1,	7.0,	165.36,			1.805,			0.256,			0.054
603,	1,	49.0,	165.375,			2.321,			0.139,			0.055
604,	1,	7.0,	165.717,			2.757,			0.174,			0.057
605,	1,	447.0,	165.85,			1.956,			0.151,			0.051
606,	1,	10.0,	165.904,			2.598,			0.216,			0.056
607,	1,	16.0,	166.035,			1.112,			0.15,			0.052
608,	1,	6.0,	166.145,			1.343,			0.295,			0.055
609,	1,	512.0,	166.241,			2.555,			0.146,			0.05
610,	1,	90.0,	166.402,			1.991,			0.255,			0.06
611,	1,	7.0,	167.034,			1.477,			0.185,			0.059
612,	1,	512.0,	167.043,			1.162,			0.132,			0.053
613,	1,	28.0,	167.107,			2.635,			0.174,			0.055
614,	1,	44.0,	167.134,			2.346,			0.123,			0.056
615,	1,	214.0,	167.146,			1.372,			0.236,			0.05
616,	1,	214.0,	167.527,			2.301,			0.121,			0.055
617,	2,	241.0,	167.605,			10.463,			1.333,			0.198
618,	1,	146.0,	167.736,			2.154,			0.222,			0.051
619,	1,	498.0,	167.807,			2.127,			0.124,			0.06
620,	1,	379.0,	167.884,			1.028,			0.166,			0.057
621,	1,	7.0,	167.966,			2.143,			0.287,			0.055
622,	1,	120.0,	168.186,			2.167,			0.215,			0.053
623,	1,	214.0,	168.254,			2.057,			0.216,			0.051
624,	1,	559.0,	168.472,			1.394,			0.11,			0.056
625,	1,	120.0,	168.803,			1.861,			0.26,			0.052
626,	1,	447.0,	168.841,			1.096,			0.283,			0.05
627,	1,	512.0,	168.904,			1.575,			0.135,			0.057
628,	1,	6.0,	169.039,			1.249,			0.162,			0.058
629,	1,	498.0,	169.406,			2.41,			0.272,			0.058
630,	1,	169.0,	169.599,			2.675,			0.216,			0.051
631,	1,	7.0,	169.857,			2.314,			0.3,			0.052
632,	1,	7.0,	169.884,			1.868,			0.266,			0.053
633,	1,	13.0,	170.36,			2.681,			0.162,			0.057
634,	1,	49.0,	170.481,			2.753,			0.201,			0.06
635,	2,	303.0,	170.519,			13.635,			1.202,			0.191
636,	1,	559.0,	170.67,			1.409,			0.174,			0.052
637,	1,	146.0,	170.701,			2.984,			0.177,			0.051
638,	1,	30.0,	170.782,			2.415,			0.124,			0.055
639,	1,	49.0,	170.958,			2.11,			0.184,			0.058
640,	1,	49.0,	170.986,			1.522,			0.112,			0.057
641,	1,	7.0,	171.158,			2.393,			0.125,			0.053
642,	2,	164.0,	171.175,			11.69,			1.391,			0.194
643,	2,	190.0,	171.661,			11.404,			1.246,			0.143
644,	1,	447.0,	171.831,			1.631,			0.166,			0.058
645,	1,	379.0,	172.24,			1.625,			0.293,			0.057
646,	2,	140.0,	172.367,			14.464,			1.465,			0.178
647,	1,	7.0,	172.651,			1.719,			0.244,			0.051
648,	1,	7.0,	172.969,			2.95,			0.147,			0.054
649,	2,	130.0,	172.986,			12.069,			1.369,			0.175
650,	1,	103.0,	173.348,			2.184,			0.21,			0.056
651,	1,	6.0,	173.415,			1.225,			0.108,			0.05
652,	2,	250.0,	173.506,			11.403,			1.076,			0.165
653,	1,	49.0,	173.51,			2.102,			0.125,			0.059
654,	1,	214.0,	173.595,			1.591,			0.259,			0.06
655,	1,	7.0,	173.613,			2.955,			0.186,			0.052
656,	1,	126.0,	174.034,			2.907,			0.231,			0.054
657,	1,	49.0,	174.088,			2.065,			0.259,			0.052
658,	2,	58.0,	174.116,			13.225,			1.107,			0.139
659,	1,	28.0,	174.127,			1.431,			0.205,			0.058
660,	1,	16.0,	174.23,			2.711,			0.162,			0.055
661,	1,	59.0,	174.234,			2.489,			0.228,			0.055
662,	1,	447.0,	174.311,			1.12,			0.165,			0.058
663,	2,	103.0,	174.514,			10.399,			1.018,			0.106
664,	1,	59.0,	174.668,			2.278,			0.295,			0.054
665,	1,	95.0,	174.882,			1.204,			0.142,			0.059
666,	2,	80.0,	175.132,			11.866,			1.044,			0.137
667,	1,	95.0,	175.417,			2.013,			0.133,			0.058
668,	2,	141.0,	175.426,			11.92,			1.033,			0.11
669,	1,	387.0,	175.556,			2.691,			0.236,			0.051
670,	1,	7.0,	176.101,			1.914,			0.105,			0.057
671,	1,	44.0,	176.286,			1.801,			0.244,			0.051
672,	1,	16.0,	176.289,			1.513,			0.299,			0.057
673,	1,	16.0,	176.78,			2.711,			0.166,			0.06
674,	1,	49.0,	176.82,			2.627,			0.282,			0.06
675,	1,	379.0,	176.835,			2.457,			0.226,			0.06
676,	1,	387.0,	176.84,			2.606,			0.21,			0.058
677,	1,	16.0,	177.162,			2.727,			0.249,			0.057
678,	1,	7.0,	177.242,			2.596,			0.283,			0.056
679,	1,	498.0,	177.282,			1.756,			0.234,			0.055
680,	1,	7.0,	177.35,			1.86,			0.238,			0.054
681,	1,	214.0,	177.362,			2.33,			0.248,			0.056
682,	1,	7.0,	177.618,			1.655,			0.27,			0.053
683,	1,	512.0,	178.001,			2.219,			0.101,			0.05
684,	1,	169.0,	178.23,			1.716,			0.148,			0.055
685,	1,	6.0,	178.362,			1.395,			0.17,			0.06
686,	2,	130.0,	178.389,			13.953,			1.171,			0.168
687,	1,	30.0,	178.469,			1.732,			0.111,			0.056
688,	1,	379.0,	178.488,			2.016,			0.238,			0.059
689,	1,	95.0,	178.505,			1.841,			0.228,			0.051
690,	1,	146.0,	178.537,			1.692,			0.116,			0.053
691,	1,	7.0,	178.58,			1.597,			0.277,			0.057
692,	1,	157.0,	178.701,			2.751,			0.278,			0.052
693,	1,	7.0,	178.825,			2.947,			0.228,			0.052
694,	1,	120.0,	179.18,			1.553,			0.157,			0.052
695,	1,	44.0,	179.351,			2.509,			0.114,			0.059
696,	1,	6.0,	180.351,			1.434,			0.152,			0.058
697,	1,	59.0,	180.554,			2.241,			0.132,			0.055
698,	1,	169.0,	180.71,			1.22,			0.162,			0.053
699,	1,	6.0,	180.919,			2.972,			0.277,			0.053
700,	1,	28.0,	180.998,			1.018,			0.169,			0.057
701,	1,	44.0,	181.129,			1.371,			0.187,			0.055
702,	1,	559.0,	181.445,			1.716,			0.215,			0.056
703,	1,	7.0,	181.793,			1.155,			0.206,			0.056
704,	2,	88.0,	182.024,			10.9,			1.453,			0.13
705,	1,	387.0,	182.787,			1.245,			0.133,			0.06
706,	1,	6.0,	183.016,			1.985,			0.244,			0.057
707,	1,	126.0,	183.263,			1.008,			0.292,			0.055
708,	1,	95.0,	183.265,			1.155,			0.272,			0.059
709,	1,	214.0,	183.913,			2.034,			0.233,			0.056
710,	1,	90.0,	184.028,			2.628,			0.124,			0.059
711,	1,	28.0,	184.229,			1.816,			0.255,			0.06
712,	1,	95.0,	184.32,			2.438,			0.279,			0.059
713,	1,	59.0,	184.421,			2.795,			0.263,			0.056
714,	1,	512.0,	184.625,			2.911,			0.189,			0.059
715,	1,	214.0,	184.749,			1.701,			0.138,			0.054
716,	1,	126.0,	184.945,			1.313,			0.22,			0.057
717,	1,	498.0,	185.084,			2.556,			0.276,			0.054
718,	1,	146.0,	185.164,			1.988,			0.154,			0.06
719,	1,	95.0,	185.299,			2.879,			0.281,			0.059
720,	1,	157.0,	185.381,			2.301,			0.129,			0.058
721,	1,	44.0,	185.536,			1.495,			0.135,			0.053
722,	1,	146.0,	185.557,			1.733,			0.186,			0.057
723,	1,	44.0,	185.676,			2.415,			0.139,			0.057
724,	1,	10.0,	186.042,			1.913,			0.19,			0.055
725,	1,	13.0,	186.197,			2.838,			0.108,			0.058
726,	2,	223.0,	186.915,			12.141,			1.064,			0.154
727,	1,	157.0,	187.145,			2.796,			0.288,			0.06
728,	1,	214.0,	187.198,			2.025,			0.244,			0.056
729,	1,	16.0,	187.311,			2.322,			0.172,			0.06
730,	2,	117.0,	187.478,			10.654,			1.21,			0.112
731,	1,	126.0,	187.651,			1.188,			0.228,			0.055
732,	1,	559.0,	187.683,			2.268,			0.128,			0.054
733,	1,	157.0,	187.705,			2.425,			0.207,			0.055
734,	1,	126.0,	188.371,			2.016,			0.238,			0.051
735,	1,	16.0,	188.474,			1.719,			0.231,			0.059
736,	2,	77.0,	188.9,			13.933,			1.033,			0.101
737,	1,	6.0,	189.043,			1.907,			0.275,			0.057
738,	1,	120.0,	189.448,			2.661,			0.258,			0.058
739,	1,	44.0,	189.835,			1.309,			0.108,			0.053
740,	1,	447.0,	189.952,			2.612,			0.165,			0.055
741,	1,	59.0,	190.085,			2.735,			0.216,			0.051
742,	1,	103.0,	190.221,			1.211,			0.273,			0.052
743,	1,	59.0,	190.4,			2.976,			0.183,			0.059
744,	2,	195.0,	190.584,			11.405,			1.136,			0.175
745,	1,	120.0,	190.861,			1.056,			0.263,			0.059
746,	2,	296.0,	190.917,			11.478,			1.463,			0.125
747,	1,	559.0,	191.048,			2.465,			0.199,			0.059
748,	1,	126.0,	191.076,			2.157,			0.166,			0.058
749,	1,	146.0,	191.41,			1.421,			0.193,			0.052
750,	1,	387.0,	191.957,			2.345,			0.217,			0.055
751,	1,	7.0,	192.032,			2.18,			0.154,			0.06
752,	2,	140.0,	192.503,			11.186,			1.351,			0.137
753,	1,	387.0,	192.607,			2.225,			0.253,			0.053
754,	1,	146.0,	192.837,			2.695,			0.19,			0.051
755,	1,	157.0,	193.012,			2.888,			0.223,			0.054
756,	1,	7.0,	193.316,			1.078,			0.169,			0.052
757,	1,	103.0,	193.333,			2.881,			0.251,			0.054
758,	1,	16.0,	193.528,			2.103,			0.289,			0.052
759,	1,	120.0,	193.699,			1.485,			0.217,			0.053
760,	1,	7.0,	193.745,			1.217,			0.293,			0.055
761,	1,	44.0,	193.84,			2.973,			0.14,			0.056
762,	1,	7.0,	194.032,			2.393,			0.283,			0.05
763,	1,	13.0,	194.227,			1.12,			0.2,			0.056
764,	1,	59.0,	194.265,			1.437,			0.203,			0.054
765,	1,	49.0,	194.709,			2.751,			0.143,			0.059
766,	1,	6.0,	195.133,			1.625,			0.208,			0.051
767,	1,	49.0,	195.195,			1.827,			0.25,			0.056
768,	1,	95.0,	195.23,			1.431,			0.162,			0.055
769,	1,	103.0,	195.46,			2.661,			0.239,			0.052
770,	1,	379.0,	195.526,			2.777,			0.121,			0.053
771,	1,	379.0,	195.574,			2.748,			0.161,			0.059
772,	1,	7.0,	195.65,			1.186,			0.234,			0.05
773,	1,	6.0,	195.805,			2.441,			0.104,			0.057
774,	1,	387.0,	195.893,			2.972,			0.141,			0.055
775,	2,	231.0,	195.922,			11.027,			1.407,			0.114
776,	1,	447.0,	195.976,			1.626,			0.254,			0.057
777,	1,	7.0,	195.981,			2.711,			0.202,			0.054
778,	2,	132.0,	196.179,			11.666,			1.275,			0.141
779,	1,	498.0,	196.31,			1.816,			0.249,			0.055
780,	1,	7.0,	196.552,			2.669,			0.195,			0.057
781,	1,	90.0,	196.992,			2.404,			0.169,			0.054
782,	1,	559.0,	197.97,			1.108,			0.125,			0.056
783,	2,	241.0,	198.016,			10.383,			1.45,			0.121
784,	1,	49.0,	198.095,			1.325,			0.116,			0.06
785,	1,	28.0,	198.643,			2.579,			0.165,			0.051
786,	1,	126.0,	198.657,			1.051,			0.272,			0.057
787,	1,	59.0,	198.665,			2.969,			0.207,			0.052
788,	1,	13.0,	198.707,			1.915,			0.224,			0.052
789,	1,	10.0,	199.432,			2.779,			0.177,			0.054
790,	1,	126.0,	199.461,			1.505,			0.249,			0.056
791,	1,	126.0,	200.358,			2.534,			0.248,			0.053
792,	1,	49.0,	200.955,			2.922,			0.211,			0.053
793,	1,	146.0,	201.012,			1.981,			0.105,			0.059
794,	1,	44.0,	201.065,			1.609,			0.179,			0.057
795,	1,	157.0,	201.086,			2.638,			0.13,			0.056
796,	1,	6.0,	201.131,			1.448,			0.112,			0.054
797,	1,	126.0,	201.32,			1.816,			0.294,			0.053
798,	1,	559.0,	201.508,			1.972,			0.168,			0.056
799,	1,	95.0,	201.632,			2.936,			0.124,			0.06
800,	1,	95.0,	201.679,			1.969,			0.29,			0.056
801,	1,	28.0,	201.7,			1.879,			0.265,			0.058
802,	1,	95.0,	201.974,			2.328,			0.148,			0.057
803,	1,	49.0,	201.985,			1.933,			0.284,			0.051
804,	1,	169.0,	202.268,			1.681,			0.109,			0.058
805,	2,	113.0,	202.858,			13.15,			1.067,			0.185
806,	2,	247.0,	202.907,			11.93,			1.033,			0.157
807,	1,	7.0,	203.106,			1.59,			0.221,			0.055
808,	1,	7.0,	203.111,			2.843,			0.235,			0.054
809,	1,	7.0,	203.185,			2.757,			0.266,			0.052
810,	2,	178.0,	203.502,			12.893,			1.321,			0.177
811,	2,	120.0,	203.815,			10.524,			1.322,			0.19
812,	1,	28.0,	204.053,			1.215,			0.298,			0.059
813,	2,	106.0,	205.0,			13.921,			1.03,			0.155
814,	1,	447.0,	205.04,			2.09,			0.179,			0.055
815,	1,	7.0,	205.064,			2.305,			0.237,			0.056
816,	1,	7.0,	205.315,			1.03,			0.227,			0.052
817,	1,	157.0,	205.481,			2.393,			0.27,			0.056
818,	1,	157.0,	205.625,			2.314,			0.17,			0.051
819,	1,	512.0,	205.648,			2.384,			0.239,			0.058
820,	1,	44.0,	205.683,			2.838,			0.131,			0.052
821,	2,	172.0,	205.703,			10.792,			1.046,			0.182
822,	1,	95.0,	206.11,			1.188,			0.282,			0.051
823,	1,	103.0,	206.205,			2.846,			0.282,			0.053
824,	1,	120.0,	206.444,			1.722,			0.109,			0.058
825,	1,	28.0,	206.674,			2.559,			0.189,			0.056
826,	1,	10.0,	206.793,			2.939,			0.252,			0.056
827,	1,	7.0,	206.83,			1.395,			0.274,			0.055
828,	1,	10.0,	206.876,			1.826,			0.282,			0.052
829,	1,	49.0,	207.064,			1.969,			0.212,			0.056
830,	1,	447.0,	207.088,			1.733,			0.231,			0.055
831,	1,	387.0,	207.211,			1.814,			0.245,			0.06
832,	1,	44.0,	207.228,			2.194,			0.17,			0.059
833,	1,	379.0,	207.46,			1.486,			0.135,			0.052
834,	2,	119.0,	208.025,			13.45,			1.357,			0.134
835,	1,	44.0,	209.269,			1.114,			0.278,			0.051
836,	1,	16.0,	209.422,			2.288,			0.128,			0.053
837,	1,	120.0,	209.715,			2.727,			0.208,			0.053
838,	2,	109.0,	209.92,			11.717,			1.461,			0.11
839,	2,	199.0,	210.277,			13.622,			1.41,			0.2
840,	1,	6.0,	210.621,			2.717,			0.134,			0.054
841,	2,	168.0,	210.674,			11.658,			1.44,			0.196
842,	1,	49.0,	211.082,			2.288,			0.131,			0.058
843,	1,	16.0,	211.568,			1.914,			0.228,			0.056
844,	1,	28.0,	211.708,			2.838,			0.256,			0.057
845,	2,	138.0,	211.877,			10.654,			1.011,			0.188
846,	2,	217.0,	212.711,			10.484,			1.07,			0.198
847,	1,	7.0,	212.886,			1.716,			0.299,			0.054
848,	1,	10.0,	214.378,			1.956,			0.192,			0.059
849,	1,	169.0,	214.721,			2.01,			0.263,			0.052
850,	1,	7.0,	214.756,			1.025,			0.267,			0.06
851,	1,	559.0,	215.041,			1.605,			0.196,			0.06
852,	1,	49.0,	215.129,			1.869,			0.183,			0.051
853,	2,	137.0,	215.255,			12.014,			1.183,			0.157
854,	1,	7.0,	215.43,			2.436,			0.268,			0.06
855,	1,	7.0,	215.798,			2.56,			0.216,			0.057
856,	2,	162.0,	216.085,			12.024,			1.454,			0.113
857,	1,	90.0,	216.207,			1.879,			0.241,			0.052
858,	1,	447.0,	216.252,			1.173,			0.212,			0.058
859,	1,	498.0,	216.645,			2.056,			0.194,			0.053
860,	1,	30.0,	217.384,			1.581,			0.108,			0.058
861,	1,	44.0,	217.387,			2.283,			0.142,			0.056
862,	2,	221.0,	217.501,			13.136,			1.268,			0.166
863,	1,	6.0,	218.068,			2.857,			0.257,			0.059
864,	1,	379.0,	218.366,			2.685,			0.165,			0.051
865,	2,	220.0,	218.647,			12.576,			1.166,			0.176
866,	1,	7.0,	218.788,			1.783,			0.121,			0.057
867,	1,	90.0,	219.287,			2.148,			0.244,			0.057
868,	1,	7.0,	220.168,			2.318,			0.107,			0.055
869,	1,	559.0,	220.321,			2.843,			0.177,			0.054
870,	1,	49.0,	220.324,			1.913,			0.197,			0.055
871,	1,	120.0,	220.6,			1.039,			0.234,			0.058
872,	1,	95.0,	220.644,			2.922,			0.261,			0.054
873,	2,	332.0,	220.715,			12.386,			1.347,			0.166
874,	1,	59.0,	221.033,			2.167,			0.238,			0.058
875,	1,	16.0,	221.442,			2.366,			0.222,			0.052
876,	1,	44.0,	221.747,			2.18,			0.207,			0.06
877,	1,	59.0,	221.759,			2.911,			0.129,			0.057
878,	1,	379.0,	221.835,			1.968,			0.297,			0.054
879,	1,	379.0,	222.279,			2.18,			0.19,			0.052
880,	1,	28.0,	222.39,			1.968,			0.109,			0.05
881,	2,	145.0,	222.515,			11.761,			1.299,			0.157
882,	1,	44.0,	223.241,			1.494,			0.29,			0.057
883,	2,	88.0,	223.341,			10.4,			1.49,			0.153
884,	1,	6.0,	223.864,			1.501,			0.215,			0.055
885,	1,	157.0,	224.143,			2.759,			0.101,			0.058
886,	2,	198.0,	224.796,			13.36,			1.445,			0.188
887,	2,	173.0,	224.937,			13.664,			1.356,			0.121
888,	1,	30.0,	225.175,			1.411,			0.184,			0.05
889,	1,	379.0,	225.606,			1.413,			0.175,			0.054
890,	1,	169.0,	226.869,			1.039,			0.259,			0.051
891,	1,	512.0,	227.117,			1.106,			0.211,			0.051
892,	1,	44.0,	227.2,			2.795,			0.17,			0.052
893,	1,	44.0,	227.371,			2.907,			0.277,			0.057
894,	1,	387.0,	227.731,			2.151,			0.124,			0.054
895,	1,	7.0,	227.889,			1.981,			0.208,			0.056
896,	1,	447.0,	227.962,			2.169,			0.118,			0.055
897,	1,	59.0,	228.252,			1.72,			0.14,			0.059
898,	1,	512.0,	228.434,			1.009,			0.123,			0.052
899,	1,	120.0,	228.669,			1.424,			0.233,			0.058
900,	1,	169.0,	229.94,			2.534,			0.13,			0.052
901,	1,	10.0,	230.008,			1.45,			0.216,			0.059
902,	1,	126.0,	230.09,			2.349,			0.222,			0.06
903,	1,	120.0,	230.194,			1.597,			0.182,			0.051
904,	2,	181.0,	231.026,			10.067,			1.292,			0.125
905,	2,	112.0,	231.476,			14.649,			1.438,			0.186
906,	1,	7.0,	232.17,			2.457,			0.143,			0.059
907,	1,	7.0,	232.672,			2.556,			0.124,			0.053
908,	1,	16.0,	233.083,			1.019,			0.285,			0.053
909,	1,	214.0,	233.098,			2.006,			0.294,			0.052
910,	1,	95.0,	233.259,			2.88,			0.226,			0.051
911,	2,	192.0,	234.261,			14.276,			1.011,			0.102
912,	1,	13.0,	234.885,			1.756,			0.258,			0.051
913,	1,	146.0,	235.049,			1.581,			0.12,			0.05
914,	1,	30.0,	235.38,			1.504,			0.211,			0.058
915,	1,	6.0,	235.551,			1.825,			0.244,			0.056
916,	2,	88.0,	235.63,			12.33,			1.333,			0.11
917,	1,	90.0,	236.205,			2.642,			0.209,			0.053
918,	1,	169.0,	236.267,			1.915,			0.107,			0.059
919,	1,	59.0,	236.604,			2.702,			0.209,			0.058
920,	1,	7.0,	237.032,			2.324,			0.2,			0.06
921,	1,	10.0,	237.357,			2.283,			0.144,			0.058
922,	1,	498.0,	238.438,			2.131,			0.244,			0.052
923,	2,	264.0,	238.464,			13.129,			1.101,			0.111
924,	2,	81.0,	239.054,			11.834,			1.166,			0.106
925,	1,	120.0,	239.815,			1.173,			0.163,			0.057
926,	1,	169.0,	241.066,			1.883,			0.102,			0.054
927,	2,	167.0,	241.637,			14.722,			1.418,			0.107
928,	2,	124.0,	242.186,			11.957,			1.299,			0.199
929,	2,	60.0,	242.19,			10.114,			1.349,			0.145
930,	2,	141.0,	242.795,			14.534,			1.244,			0.13
931,	1,	30.0,	242.877,			1.981,			0.186,			0.054
932,	2,	42.0,	244.709,			12.89,			1.362,			0.137
933,	1,	146.0,	245.645,			2.22,			0.241,			0.053
934,	1,	379.0,	247.233,			1.662,			0.208,			0.057
935,	1,	498.0,	248.221,			2.438,			0.109,			0.058
936,	1,	387.0,	249.048,			2.149,			0.282,			0.052
937,	1,	169.0,	249.19,			1.398,			0.162,			0.052
938,	2,	103.0,	249.342,			11.153,			1.072,			0.122
939,	1,	498.0,	251.609,			2.659,			0.142,			0.054
940,	2,	125.0,	251.856,			11.876,			1.47,			0.124
941,	1,	6.0,	253.911,			2.33,			0.177,			0.056
942,	1,	7.0,	254.072,			2.268,			0.165,			0.059
943,	2,	62.0,	254.091,			11.876,			1.282,			0.133
944,	2,	118.0,	254.918,			12.654,			1.22,			0.174
945,	1,	59.0,	256.054,			1.848,			0.112,			0.06
946,	2,	201.0,	258.58,			14.871,			1.477,			0.12
947,	2,	227.0,	259.736,			13.148,			1.17,			0.182
948,	2,	241.0,	260.11,			13.437,			1.253,			0.166
949,	1,	44.0,	260.558,			2.074,			0.148,			0.056
950,	2,	71.0,	260.889,			13.681,			1.104,			0.138
951,	1,	169.0,	261.185,			1.005,			0.126,			0.06
952,	1,	559.0,	261.443,			1.394,			0.289,			0.058
953,	2,	149.0,	263.476,			14.741,			1.239,			0.177
954,	1,	7.0,	263.716,			2.378,			0.296,			0.059
955,	2,	139.0,	263.889,			14.715,			1.463,			0.132
956,	1,	44.0,	264.327,			2.103,			0.107,			0.052
957,	1,	28.0,	264.381,			2.874,			0.168,			0.058
958,	2,	217.0,	264.779,			14.958,			1.25,			0.116
959,	1,	214.0,	265.39,			2.194,			0.246,			0.058
960,	2,	113.0,	265.511,			11.915,			1.315,			0.17
961,	2,	132.0,	266.418,			10.553,			1.067,			0.12
962,	2,	123.0,	266.586,			13.703,			1.301,			0.103
963,	2,	130.0,	266.707,			12.581,			1.375,			0.119
964,	2,	217.0,	266.984,			10.621,			1.445,			0.143
965,	2,	299.0,	267.261,			11.872,			1.166,			0.127
966,	1,	6.0,	268.121,			2.01,			0.241,			0.054
967,	1,	126.0,	268.252,			2.761,			0.182,			0.052
968,	1,	447.0,	268.818,			2.709,			0.217,			0.058
969,	2,	144.0,	269.121,			13.943,			1.147,			0.138
970,	1,	103.0,	269.122,			2.634,			0.174,			0.055
971,	2,	149.0,	269.558,			14.135,			1.334,			0.188
972,	2,	273.0,	269.643,			11.383,			1.304,			0.117
973,	2,	133.0,	270.601,			11.11,			1.247,			0.154
974,	1,	49.0,	270.625,			2.298,			0.182,			0.053
975,	1,	16.0,	271.566,			1.157,			0.267,			0.051
976,	1,	10.0,	274.336,			1.383,			0.17,			0.052
977,	2,	174.0,	275.077,			13.437,			1.255,			0.135
978,	2,	153.0,	275.242,			14.083,			1.229,			0.121
979,	2,	118.0,	276.395,			13.3,			1.026,			0.11
980,	1,	7.0,	277.33,			2.534,			0.142,			0.05
981,	2,	145.0,	277.591,			11.617,			1.306,			0.108
982,	2,	95.0,	278.581,			10.442,			1.116,			0.145
983,	2,	156.0,	279.882,			10.96,			1.334,			0.119
984,	2,	81.0,	280.8,			12.134,			1.406,			0.195
985,	2,	212.0,	281.048,			13.478,			1.28,			0.113
986,	2,	229.0,	282.592,			12.664,			1.343,			0.129
987,	1,	49.0,	283.91,			2.317,			0.156,			0.051
988,	2,	92.0,	284.562,			11.884,			1.33,			0.138
989,	2,	141.0,	285.718,			10.205,			1.218,			0.104
990,	2,	76.0,	287.563,			11.864,			1.083,			0.178
991,	2,	79.0,	287.881,			12.676,			1.121,			0.166
992,	2,	161.0,	288.919,			13.086,			1.091,			0.124
993,	2,	155.0,	289.368,			11.164,			1.423,			0.173
994,	2,	235.0,	290.433,			10.443,			1.343,			0.187
995,	2,	149.0,	291.417,			10.957,			1.053,			0.166
996,	2,	186.0,	291.625,			10.974,			1.275,			0.158
997,	2,	162.0,	291.861,			12.971,			1.179,			0.1
998,	2,	77.0,	293.867,			10.269,			1.324,			0.125
999,	2,	152.0,	298.526,			13.747,			1.319,			0.136
1000,	2,	146.0,	299.831,			11.706,			1.397,			0.185
