#, task_type_id, size, arrival_time,	execution_time_cpu,	execution_time_gpu,	execution_time_CLOUD
1,	1,	157.0,	0.0,			1.432,			0.161,			0.055
2,	2,	192.0,	1.689,			14.39,			1.425,			0.154
3,	2,	154.0,	2.425,			10.415,			1.47,			0.108
4,	2,	150.0,	2.642,			12.792,			1.481,			0.128
5,	2,	155.0,	3.123,			10.78,			1.219,			0.137
6,	2,	120.0,	4.048,			13.038,			1.394,			0.187
7,	2,	63.0,	4.933,			12.287,			1.12,			0.173
8,	2,	181.0,	5.743,			10.77,			1.32,			0.149
9,	2,	213.0,	8.054,			14.729,			1.407,			0.104
10,	2,	92.0,	10.117,			14.942,			1.491,			0.142
11,	2,	185.0,	11.221,			13.669,			1.055,			0.171
12,	2,	164.0,	11.276,			13.908,			1.208,			0.174
13,	2,	38.0,	12.692,			10.316,			1.438,			0.197
14,	2,	126.0,	12.948,			14.083,			1.018,			0.145
15,	1,	7.0,	13.682,			1.303,			0.203,			0.05
16,	2,	254.0,	13.882,			13.15,			1.069,			0.145
17,	2,	140.0,	14.19,			12.421,			1.404,			0.179
18,	2,	128.0,	14.965,			11.423,			1.222,			0.125
19,	2,	171.0,	15.82,			13.579,			1.403,			0.121
20,	1,	7.0,	19.57,			2.56,			0.241,			0.055
21,	2,	174.0,	21.311,			11.027,			1.262,			0.196
22,	2,	158.0,	21.437,			11.639,			1.229,			0.14
23,	1,	44.0,	22.288,			2.143,			0.12,			0.052
24,	2,	187.0,	25.337,			11.245,			1.441,			0.194
25,	1,	7.0,	25.424,			1.277,			0.138,			0.054
26,	1,	30.0,	29.984,			1.703,			0.186,			0.055
27,	1,	169.0,	31.684,			2.761,			0.146,			0.05
28,	2,	132.0,	31.786,			10.877,			1.375,			0.131
29,	1,	7.0,	33.096,			1.078,			0.272,			0.052
30,	2,	245.0,	34.012,			13.963,			1.091,			0.173
31,	2,	176.0,	34.405,			12.421,			1.335,			0.174
32,	1,	30.0,	34.816,			1.853,			0.133,			0.058
33,	1,	90.0,	37.58,			1.188,			0.146,			0.056
34,	1,	7.0,	38.301,			1.337,			0.272,			0.057
35,	1,	169.0,	38.327,			2.768,			0.228,			0.058
36,	2,	189.0,	38.634,			11.39,			1.24,			0.163
37,	1,	10.0,	40.116,			2.659,			0.194,			0.055
38,	2,	241.0,	40.884,			13.415,			1.116,			0.127
39,	2,	151.0,	41.453,			11.385,			1.121,			0.163
40,	1,	7.0,	42.821,			2.776,			0.136,			0.051
41,	2,	100.0,	43.417,			12.934,			1.148,			0.168
42,	1,	13.0,	44.021,			2.051,			0.138,			0.06
43,	2,	141.0,	44.466,			12.155,			1.109,			0.195
44,	1,	30.0,	44.56,			2.645,			0.183,			0.053
45,	1,	28.0,	44.577,			2.759,			0.124,			0.059
46,	1,	7.0,	46.14,			1.626,			0.118,			0.06
47,	1,	512.0,	46.66,			1.609,			0.133,			0.057
48,	1,	28.0,	47.436,			2.18,			0.231,			0.055
49,	1,	49.0,	47.725,			1.988,			0.249,			0.057
50,	1,	120.0,	47.891,			1.97,			0.2,			0.055
51,	2,	188.0,	49.271,			11.672,			1.43,			0.145
52,	1,	157.0,	50.555,			2.103,			0.168,			0.052
53,	1,	59.0,	50.709,			2.265,			0.217,			0.054
54,	1,	120.0,	51.094,			1.283,			0.172,			0.058
55,	2,	126.0,	51.419,			14.424,			1.117,			0.143
56,	1,	146.0,	51.796,			1.539,			0.268,			0.052
57,	1,	387.0,	53.296,			2.832,			0.23,			0.053
58,	2,	103.0,	53.398,			14.323,			1.266,			0.175
59,	1,	59.0,	53.669,			2.41,			0.292,			0.059
60,	1,	559.0,	53.726,			2.903,			0.171,			0.059
61,	1,	7.0,	53.812,			1.919,			0.123,			0.058
62,	2,	140.0,	54.906,			14.582,			1.5,			0.144
63,	2,	131.0,	54.931,			11.036,			1.484,			0.145
64,	2,	134.0,	55.529,			14.929,			1.216,			0.137
65,	1,	90.0,	55.806,			2.727,			0.226,			0.054
66,	1,	7.0,	56.871,			2.647,			0.171,			0.053
67,	1,	28.0,	57.134,			2.969,			0.202,			0.056
68,	1,	120.0,	57.155,			1.548,			0.18,			0.057
69,	2,	145.0,	58.361,			10.043,			1.144,			0.186
70,	1,	7.0,	58.715,			1.314,			0.216,			0.056
71,	1,	10.0,	58.832,			2.914,			0.285,			0.06
72,	1,	6.0,	59.074,			1.485,			0.141,			0.054
73,	1,	120.0,	59.399,			1.653,			0.104,			0.056
74,	1,	16.0,	61.103,			2.096,			0.124,			0.051
75,	1,	90.0,	61.377,			1.728,			0.131,			0.056
76,	1,	447.0,	62.646,			1.972,			0.279,			0.05
77,	1,	146.0,	62.886,			2.655,			0.123,			0.059
78,	1,	169.0,	63.301,			1.766,			0.244,			0.06
79,	1,	59.0,	64.272,			2.556,			0.222,			0.057
80,	2,	206.0,	65.535,			10.172,			1.453,			0.197
81,	1,	103.0,	65.647,			1.115,			0.291,			0.057
82,	2,	200.0,	66.014,			10.178,			1.094,			0.184
83,	1,	59.0,	66.132,			2.14,			0.296,			0.05
84,	1,	6.0,	66.221,			2.244,			0.174,			0.052
85,	2,	180.0,	66.991,			13.778,			1.136,			0.152
86,	2,	153.0,	67.426,			10.594,			1.455,			0.123
87,	1,	30.0,	68.911,			1.356,			0.192,			0.056
88,	1,	126.0,	69.308,			1.146,			0.272,			0.052
89,	1,	7.0,	69.822,			2.673,			0.277,			0.06
90,	1,	447.0,	69.94,			1.203,			0.177,			0.05
91,	2,	111.0,	70.322,			10.979,			1.265,			0.177
92,	1,	16.0,	70.589,			2.991,			0.288,			0.05
93,	1,	214.0,	72.294,			2.2,			0.221,			0.053
94,	1,	10.0,	72.624,			2.555,			0.256,			0.059
95,	1,	6.0,	72.952,			1.16,			0.152,			0.05
96,	1,	7.0,	73.234,			1.532,			0.114,			0.057
97,	1,	157.0,	73.314,			1.484,			0.168,			0.051
98,	2,	150.0,	73.411,			13.452,			1.12,			0.129
99,	1,	16.0,	75.019,			2.522,			0.215,			0.053
100,	1,	157.0,	75.157,			1.432,			0.257,			0.058
101,	1,	28.0,	75.238,			2.598,			0.127,			0.054
102,	1,	447.0,	76.137,			1.16,			0.134,			0.054
103,	1,	120.0,	76.735,			1.283,			0.208,			0.059
104,	1,	379.0,	76.775,			2.084,			0.288,			0.057
105,	1,	103.0,	76.839,			1.61,			0.245,			0.056
106,	1,	30.0,	76.971,			1.119,			0.107,			0.055
107,	2,	117.0,	77.119,			10.77,			1.051,			0.196
108,	2,	178.0,	77.486,			13.449,			1.025,			0.2
109,	1,	44.0,	78.304,			1.422,			0.299,			0.054
110,	2,	199.0,	78.342,			11.508,			1.189,			0.149
111,	1,	103.0,	79.005,			1.683,			0.164,			0.054
112,	2,	203.0,	79.155,			14.653,			1.374,			0.197
113,	2,	129.0,	79.258,			14.351,			1.248,			0.178
114,	1,	90.0,	80.029,			2.576,			0.279,			0.059
115,	1,	44.0,	80.349,			2.509,			0.231,			0.056
116,	1,	7.0,	81.301,			2.756,			0.133,			0.052
117,	2,	302.0,	82.12,			10.037,			1.041,			0.166
118,	1,	10.0,	82.512,			2.223,			0.207,			0.052
119,	2,	134.0,	82.685,			12.668,			1.142,			0.106
120,	2,	338.0,	83.225,			11.459,			1.212,			0.199
121,	2,	128.0,	83.787,			14.682,			1.258,			0.183
122,	1,	90.0,	83.959,			1.558,			0.138,			0.056
123,	2,	136.0,	84.526,			13.639,			1.356,			0.134
124,	1,	6.0,	84.922,			1.774,			0.2,			0.059
125,	1,	6.0,	85.276,			2.703,			0.19,			0.052
126,	1,	214.0,	85.452,			2.955,			0.244,			0.051
127,	1,	379.0,	85.643,			1.581,			0.147,			0.054
128,	1,	103.0,	85.908,			2.418,			0.15,			0.058
129,	1,	59.0,	86.004,			2.296,			0.29,			0.052
130,	2,	120.0,	86.107,			11.228,			1.46,			0.107
131,	1,	95.0,	86.271,			1.031,			0.183,			0.058
132,	1,	30.0,	86.333,			1.663,			0.141,			0.055
133,	2,	193.0,	86.56,			13.136,			1.067,			0.158
134,	1,	379.0,	86.87,			1.719,			0.173,			0.051
135,	2,	218.0,	87.098,			12.635,			1.361,			0.197
136,	1,	387.0,	87.569,			1.99,			0.118,			0.057
137,	1,	146.0,	87.571,			2.425,			0.192,			0.058
138,	1,	169.0,	87.664,			2.293,			0.134,			0.05
139,	1,	44.0,	88.317,			1.173,			0.142,			0.059
140,	1,	6.0,	88.872,			2.412,			0.121,			0.059
141,	1,	7.0,	88.977,			1.791,			0.162,			0.051
142,	2,	210.0,	89.128,			11.968,			1.349,			0.164
143,	1,	13.0,	89.828,			1.952,			0.129,			0.057
144,	1,	30.0,	90.005,			2.131,			0.114,			0.057
145,	1,	120.0,	90.256,			1.008,			0.177,			0.059
146,	1,	30.0,	90.398,			2.819,			0.188,			0.059
147,	2,	80.0,	90.477,			14.737,			1.455,			0.139
148,	1,	169.0,	90.616,			2.249,			0.235,			0.052
149,	1,	7.0,	91.142,			2.565,			0.243,			0.053
150,	1,	16.0,	91.357,			1.827,			0.187,			0.056
151,	2,	226.0,	92.01,			12.242,			1.206,			0.137
152,	1,	13.0,	92.669,			2.346,			0.292,			0.055
153,	1,	559.0,	92.783,			1.009,			0.145,			0.055
154,	1,	28.0,	92.908,			2.31,			0.129,			0.055
155,	1,	90.0,	93.768,			1.653,			0.161,			0.053
156,	1,	214.0,	94.103,			1.756,			0.128,			0.053
157,	1,	44.0,	94.123,			1.364,			0.189,			0.057
158,	1,	379.0,	94.612,			1.783,			0.135,			0.053
159,	1,	498.0,	94.976,			1.702,			0.101,			0.058
160,	1,	559.0,	95.167,			2.408,			0.122,			0.05
161,	1,	28.0,	95.586,			1.784,			0.154,			0.06
162,	1,	6.0,	96.038,			2.197,			0.184,			0.058
163,	2,	108.0,	96.126,			11.478,			1.314,			0.159
164,	1,	447.0,	96.644,			2.973,			0.227,			0.059
165,	1,	512.0,	96.669,			2.407,			0.114,			0.055
166,	1,	498.0,	96.68,			2.695,			0.238,			0.06
167,	1,	59.0,	96.902,			2.559,			0.257,			0.058
168,	1,	103.0,	97.286,			1.719,			0.274,			0.052
169,	1,	6.0,	97.443,			1.694,			0.131,			0.06
170,	1,	7.0,	97.539,			2.132,			0.133,			0.06
171,	1,	498.0,	97.625,			2.568,			0.109,			0.052
172,	1,	6.0,	97.932,			2.761,			0.299,			0.056
173,	1,	214.0,	98.027,			2.385,			0.297,			0.057
174,	1,	7.0,	98.529,			1.639,			0.118,			0.052
175,	1,	387.0,	99.254,			1.9,			0.275,			0.057
176,	1,	6.0,	99.599,			1.67,			0.154,			0.059
177,	1,	6.0,	100.183,			2.256,			0.117,			0.059
178,	2,	225.0,	100.489,			13.088,			1.285,			0.133
179,	1,	169.0,	100.592,			1.875,			0.18,			0.054
180,	1,	387.0,	100.608,			2.084,			0.142,			0.059
181,	1,	126.0,	100.872,			2.225,			0.169,			0.057
182,	1,	13.0,	100.986,			1.883,			0.237,			0.059
183,	1,	447.0,	101.318,			2.222,			0.235,			0.057
184,	1,	379.0,	101.32,			1.828,			0.256,			0.054
185,	1,	44.0,	101.509,			2.751,			0.152,			0.055
186,	1,	379.0,	101.944,			2.303,			0.258,			0.058
187,	1,	59.0,	102.063,			2.167,			0.14,			0.055
188,	1,	44.0,	102.093,			1.921,			0.16,			0.052
189,	1,	379.0,	102.355,			2.928,			0.242,			0.053
190,	1,	7.0,	102.407,			1.67,			0.121,			0.06
191,	1,	13.0,	102.592,			2.103,			0.249,			0.054
192,	1,	95.0,	102.806,			1.483,			0.218,			0.051
193,	1,	16.0,	102.972,			2.973,			0.176,			0.058
194,	2,	260.0,	103.131,			10.9,			1.2,			0.173
195,	1,	6.0,	103.565,			2.369,			0.17,			0.05
196,	1,	7.0,	103.684,			2.173,			0.193,			0.058
197,	1,	6.0,	103.734,			1.886,			0.105,			0.06
198,	1,	120.0,	103.823,			1.63,			0.295,			0.056
199,	2,	96.0,	103.883,			13.476,			1.374,			0.194
200,	1,	16.0,	104.051,			1.367,			0.133,			0.055
201,	1,	379.0,	104.08,			1.927,			0.105,			0.058
202,	1,	95.0,	104.133,			1.807,			0.101,			0.052
203,	1,	120.0,	104.169,			1.625,			0.248,			0.055
204,	2,	217.0,	104.263,			11.537,			1.179,			0.166
205,	1,	28.0,	104.341,			1.168,			0.255,			0.054
206,	1,	28.0,	104.357,			1.883,			0.15,			0.051
207,	1,	214.0,	104.427,			1.717,			0.179,			0.056
208,	1,	90.0,	105.219,			1.929,			0.259,			0.056
209,	1,	7.0,	105.726,			1.709,			0.211,			0.051
210,	1,	7.0,	105.913,			1.031,			0.153,			0.059
211,	1,	13.0,	105.951,			2.553,			0.2,			0.052
212,	2,	175.0,	106.406,			12.608,			1.056,			0.131
213,	1,	7.0,	106.434,			2.131,			0.15,			0.057
214,	1,	7.0,	107.262,			2.149,			0.268,			0.058
215,	1,	16.0,	107.427,			1.988,			0.229,			0.057
216,	1,	126.0,	107.475,			2.661,			0.257,			0.057
217,	1,	7.0,	107.927,			2.36,			0.215,			0.059
218,	1,	16.0,	108.039,			1.488,			0.208,			0.057
219,	1,	7.0,	108.134,			1.985,			0.216,			0.057
220,	1,	512.0,	108.346,			2.278,			0.29,			0.06
221,	1,	157.0,	108.498,			1.371,			0.2,			0.052
222,	1,	7.0,	108.521,			2.532,			0.174,			0.055
223,	2,	182.0,	108.635,			12.152,			1.03,			0.167
224,	1,	7.0,	108.71,			2.834,			0.186,			0.058
225,	1,	30.0,	108.927,			2.846,			0.116,			0.053
226,	1,	30.0,	109.452,			2.659,			0.146,			0.054
227,	1,	157.0,	109.504,			1.969,			0.235,			0.052
228,	1,	157.0,	109.535,			2.533,			0.276,			0.057
229,	1,	214.0,	109.785,			2.735,			0.164,			0.054
230,	1,	447.0,	109.87,			1.879,			0.234,			0.058
231,	1,	120.0,	110.229,			1.134,			0.299,			0.058
232,	1,	16.0,	110.357,			2.866,			0.162,			0.055
233,	1,	387.0,	110.37,			1.587,			0.195,			0.054
234,	2,	106.0,	110.41,			10.146,			1.373,			0.12
235,	1,	49.0,	110.531,			1.908,			0.222,			0.056
236,	2,	154.0,	110.535,			14.582,			1.029,			0.141
237,	1,	59.0,	110.603,			1.486,			0.138,			0.055
238,	1,	16.0,	111.021,			1.692,			0.222,			0.052
239,	1,	126.0,	111.154,			1.028,			0.217,			0.057
240,	1,	44.0,	111.27,			2.772,			0.169,			0.057
241,	1,	157.0,	111.524,			2.88,			0.271,			0.058
242,	1,	146.0,	111.779,			2.055,			0.214,			0.058
243,	1,	6.0,	111.816,			2.03,			0.17,			0.056
244,	1,	44.0,	111.993,			2.548,			0.284,			0.051
245,	1,	28.0,	112.11,			2.305,			0.148,			0.059
246,	1,	7.0,	112.381,			1.609,			0.237,			0.055
247,	1,	103.0,	112.489,			2.548,			0.116,			0.051
248,	2,	118.0,	112.575,			12.463,			1.376,			0.124
249,	1,	7.0,	112.64,			2.454,			0.133,			0.055
250,	1,	28.0,	112.653,			1.071,			0.267,			0.051
251,	1,	169.0,	112.683,			2.235,			0.297,			0.051
252,	1,	120.0,	112.812,			2.9,			0.191,			0.051
253,	2,	130.0,	112.866,			13.209,			1.238,			0.145
254,	1,	559.0,	113.099,			1.731,			0.292,			0.059
255,	1,	498.0,	113.112,			1.435,			0.284,			0.051
256,	1,	7.0,	113.154,			1.464,			0.151,			0.053
257,	1,	44.0,	113.423,			2.802,			0.119,			0.053
258,	1,	126.0,	113.453,			2.576,			0.114,			0.05
259,	1,	498.0,	114.38,			1.134,			0.158,			0.058
260,	1,	512.0,	114.779,			2.637,			0.266,			0.06
261,	1,	126.0,	114.78,			1.23,			0.234,			0.052
262,	1,	95.0,	114.938,			2.779,			0.279,			0.054
263,	1,	169.0,	114.949,			1.249,			0.139,			0.057
264,	1,	59.0,	115.017,			1.81,			0.21,			0.058
265,	1,	90.0,	115.056,			1.086,			0.131,			0.06
266,	1,	387.0,	115.395,			2.893,			0.244,			0.052
267,	2,	131.0,	115.476,			13.456,			1.489,			0.118
268,	1,	95.0,	115.671,			2.167,			0.195,			0.059
269,	1,	44.0,	115.996,			1.103,			0.125,			0.051
270,	1,	59.0,	116.456,			2.795,			0.116,			0.056
271,	1,	120.0,	116.751,			1.028,			0.108,			0.051
272,	1,	59.0,	116.96,			1.383,			0.112,			0.059
273,	1,	103.0,	117.499,			1.522,			0.184,			0.052
274,	1,	447.0,	117.583,			1.684,			0.109,			0.057
275,	1,	103.0,	117.683,			2.364,			0.289,			0.052
276,	2,	199.0,	117.816,			13.961,			1.419,			0.166
277,	1,	30.0,	117.929,			1.173,			0.103,			0.059
278,	1,	6.0,	118.243,			2.602,			0.233,			0.056
279,	1,	44.0,	118.833,			2.179,			0.249,			0.055
280,	1,	146.0,	118.922,			2.438,			0.211,			0.058
281,	1,	95.0,	119.089,			2.948,			0.233,			0.058
282,	1,	13.0,	119.202,			1.551,			0.109,			0.051
283,	1,	126.0,	119.204,			1.61,			0.177,			0.052
284,	2,	237.0,	119.449,			12.79,			1.194,			0.197
285,	1,	512.0,	119.902,			2.631,			0.108,			0.055
286,	2,	194.0,	120.506,			13.297,			1.011,			0.125
287,	1,	146.0,	120.677,			1.403,			0.148,			0.057
288,	1,	7.0,	120.787,			2.288,			0.231,			0.054
289,	1,	13.0,	120.843,			1.75,			0.167,			0.053
290,	1,	10.0,	120.932,			1.929,			0.107,			0.058
291,	1,	44.0,	120.949,			2.296,			0.165,			0.052
292,	1,	559.0,	121.073,			2.78,			0.101,			0.059
293,	1,	498.0,	121.084,			2.103,			0.214,			0.051
294,	1,	157.0,	121.115,			1.45,			0.178,			0.056
295,	1,	498.0,	121.186,			2.819,			0.154,			0.052
296,	1,	214.0,	121.457,			1.051,			0.184,			0.056
297,	1,	10.0,	121.463,			1.868,			0.1,			0.054
298,	1,	387.0,	121.53,			2.293,			0.206,			0.058
299,	1,	30.0,	121.689,			2.757,			0.116,			0.056
300,	1,	13.0,	121.712,			2.681,			0.275,			0.06
301,	1,	7.0,	121.733,			1.051,			0.234,			0.054
302,	1,	379.0,	121.756,			1.394,			0.124,			0.056
303,	1,	6.0,	122.37,			1.62,			0.275,			0.053
304,	1,	120.0,	122.697,			2.429,			0.251,			0.06
305,	1,	169.0,	122.716,			1.104,			0.268,			0.057
306,	1,	7.0,	122.889,			1.356,			0.184,			0.057
307,	1,	49.0,	122.938,			2.302,			0.132,			0.055
308,	1,	95.0,	123.118,			2.102,			0.235,			0.057
309,	1,	6.0,	123.338,			2.768,			0.276,			0.059
310,	2,	109.0,	123.75,			12.458,			1.403,			0.145
311,	1,	28.0,	123.793,			1.807,			0.259,			0.058
312,	2,	143.0,	124.076,			12.438,			1.251,			0.12
313,	1,	7.0,	124.136,			1.86,			0.263,			0.051
314,	1,	28.0,	124.257,			2.398,			0.112,			0.051
315,	1,	44.0,	125.082,			1.437,			0.22,			0.057
316,	2,	167.0,	125.091,			11.658,			1.426,			0.166
317,	1,	387.0,	125.12,			1.107,			0.235,			0.057
318,	1,	6.0,	125.459,			2.149,			0.238,			0.056
319,	1,	95.0,	125.46,			1.394,			0.233,			0.054
320,	1,	498.0,	125.662,			1.717,			0.157,			0.059
321,	1,	16.0,	125.711,			2.559,			0.15,			0.052
322,	1,	379.0,	125.781,			2.28,			0.21,			0.05
323,	1,	90.0,	125.842,			1.809,			0.272,			0.06
324,	1,	6.0,	125.914,			2.753,			0.166,			0.057
325,	1,	7.0,	125.977,			1.911,			0.254,			0.055
326,	2,	110.0,	125.999,			14.842,			1.435,			0.127
327,	1,	512.0,	126.296,			2.96,			0.264,			0.057
328,	1,	95.0,	126.567,			1.434,			0.138,			0.051
329,	1,	44.0,	126.74,			1.857,			0.159,			0.054
330,	1,	512.0,	126.914,			2.037,			0.193,			0.057
331,	1,	559.0,	126.971,			1.875,			0.256,			0.056
332,	2,	146.0,	127.076,			13.148,			1.108,			0.123
333,	1,	59.0,	127.116,			1.566,			0.151,			0.055
334,	1,	90.0,	127.222,			1.541,			0.104,			0.058
335,	1,	44.0,	127.947,			1.626,			0.243,			0.057
336,	1,	28.0,	128.216,			1.67,			0.172,			0.054
337,	1,	498.0,	128.225,			2.1,			0.139,			0.052
338,	1,	10.0,	128.402,			1.078,			0.207,			0.059
339,	1,	44.0,	128.424,			2.976,			0.249,			0.052
340,	1,	146.0,	128.43,			2.438,			0.297,			0.054
341,	1,	126.0,	128.436,			2.418,			0.252,			0.054
342,	1,	498.0,	128.831,			2.797,			0.177,			0.057
343,	1,	90.0,	129.129,			1.784,			0.289,			0.059
344,	1,	10.0,	129.153,			2.9,			0.257,			0.055
345,	1,	6.0,	129.153,			2.889,			0.187,			0.052
346,	2,	133.0,	129.201,			10.659,			1.119,			0.176
347,	1,	95.0,	129.263,			1.516,			0.262,			0.053
348,	1,	30.0,	129.527,			1.679,			0.128,			0.055
349,	1,	103.0,	129.537,			1.048,			0.222,			0.057
350,	1,	169.0,	129.544,			1.575,			0.117,			0.057
351,	1,	146.0,	129.672,			1.932,			0.253,			0.051
352,	1,	95.0,	129.723,			1.331,			0.16,			0.056
353,	1,	126.0,	129.751,			1.105,			0.299,			0.057
354,	1,	44.0,	129.772,			1.472,			0.235,			0.06
355,	1,	59.0,	129.87,			1.08,			0.291,			0.053
356,	1,	512.0,	129.953,			1.309,			0.101,			0.05
357,	1,	49.0,	130.059,			2.454,			0.228,			0.056
358,	1,	44.0,	130.07,			2.219,			0.212,			0.058
359,	1,	559.0,	130.119,			2.175,			0.186,			0.05
360,	1,	157.0,	130.282,			2.706,			0.174,			0.055
361,	1,	95.0,	130.306,			2.276,			0.215,			0.05
362,	1,	169.0,	130.314,			2.903,			0.296,			0.054
363,	1,	44.0,	130.334,			2.038,			0.272,			0.053
364,	1,	6.0,	130.353,			1.044,			0.258,			0.058
365,	1,	6.0,	130.621,			1.639,			0.237,			0.056
366,	1,	120.0,	130.677,			1.103,			0.162,			0.053
367,	1,	95.0,	131.351,			2.881,			0.166,			0.056
368,	1,	7.0,	131.367,			1.376,			0.276,			0.052
369,	1,	44.0,	131.581,			1.698,			0.252,			0.058
370,	1,	7.0,	131.779,			1.963,			0.217,			0.057
371,	2,	156.0,	131.816,			11.598,			1.222,			0.123
372,	1,	59.0,	131.881,			1.908,			0.139,			0.054
373,	1,	559.0,	132.109,			2.834,			0.139,			0.055
374,	1,	214.0,	132.499,			1.965,			0.256,			0.055
375,	1,	7.0,	132.639,			1.915,			0.193,			0.054
376,	1,	169.0,	132.66,			1.654,			0.29,			0.05
377,	1,	7.0,	132.876,			1.505,			0.222,			0.051
378,	1,	7.0,	132.913,			1.044,			0.277,			0.053
379,	1,	90.0,	133.277,			2.701,			0.226,			0.055
380,	1,	49.0,	133.349,			2.544,			0.159,			0.051
381,	1,	49.0,	134.073,			2.8,			0.169,			0.057
382,	2,	172.0,	134.184,			11.588,			1.203,			0.129
383,	1,	44.0,	134.321,			2.95,			0.139,			0.054
384,	1,	7.0,	134.383,			1.204,			0.186,			0.059
385,	1,	157.0,	134.407,			2.705,			0.157,			0.051
386,	1,	13.0,	134.559,			1.956,			0.216,			0.054
387,	1,	7.0,	134.574,			2.441,			0.151,			0.055
388,	1,	512.0,	134.657,			2.41,			0.176,			0.058
389,	1,	95.0,	135.258,			2.599,			0.292,			0.055
390,	2,	59.0,	135.331,			11.138,			1.0,			0.175
391,	1,	7.0,	135.374,			2.705,			0.29,			0.054
392,	1,	447.0,	135.497,			1.941,			0.203,			0.051
393,	1,	30.0,	135.54,			1.612,			0.148,			0.054
394,	1,	44.0,	135.668,			2.542,			0.221,			0.058
395,	1,	447.0,	135.869,			1.667,			0.3,			0.052
396,	1,	44.0,	135.919,			2.895,			0.21,			0.054
397,	1,	512.0,	136.501,			1.816,			0.255,			0.056
398,	1,	379.0,	136.679,			1.008,			0.123,			0.052
399,	1,	120.0,	136.783,			1.483,			0.139,			0.057
400,	1,	16.0,	136.871,			2.562,			0.217,			0.054
401,	1,	95.0,	136.976,			2.301,			0.252,			0.05
402,	1,	7.0,	137.178,			1.962,			0.111,			0.05
403,	1,	6.0,	137.511,			1.733,			0.223,			0.051
404,	1,	146.0,	137.988,			1.76,			0.159,			0.057
405,	1,	512.0,	138.032,			2.635,			0.109,			0.06
406,	1,	10.0,	138.086,			1.977,			0.245,			0.054
407,	1,	28.0,	138.195,			2.602,			0.182,			0.052
408,	1,	379.0,	138.432,			2.532,			0.167,			0.056
409,	2,	232.0,	138.543,			11.587,			1.015,			0.126
410,	1,	214.0,	138.705,			1.464,			0.104,			0.057
411,	1,	95.0,	138.758,			1.106,			0.192,			0.051
412,	1,	28.0,	138.77,			1.737,			0.147,			0.052
413,	1,	387.0,	139.091,			1.256,			0.238,			0.057
414,	2,	225.0,	139.307,			10.895,			1.249,			0.119
415,	1,	10.0,	139.375,			2.852,			0.138,			0.058
416,	1,	7.0,	139.446,			1.708,			0.218,			0.058
417,	1,	59.0,	139.465,			2.88,			0.186,			0.052
418,	1,	59.0,	139.523,			2.084,			0.281,			0.053
419,	1,	447.0,	139.569,			1.473,			0.28,			0.053
420,	1,	498.0,	139.587,			1.875,			0.275,			0.051
421,	1,	6.0,	140.003,			1.283,			0.114,			0.059
422,	1,	559.0,	140.023,			1.128,			0.273,			0.056
423,	1,	120.0,	140.072,			2.366,			0.274,			0.053
424,	1,	7.0,	140.128,			2.576,			0.247,			0.05
425,	1,	498.0,	140.329,			1.752,			0.167,			0.055
426,	2,	120.0,	140.388,			11.138,			1.306,			0.114
427,	1,	90.0,	140.414,			1.501,			0.155,			0.057
428,	1,	90.0,	140.847,			1.434,			0.173,			0.059
429,	1,	559.0,	140.864,			2.999,			0.289,			0.053
430,	1,	28.0,	140.908,			1.031,			0.172,			0.052
431,	2,	112.0,	140.941,			10.697,			1.12,			0.131
432,	1,	387.0,	141.253,			1.372,			0.161,			0.059
433,	1,	28.0,	141.433,			1.671,			0.182,			0.053
434,	1,	498.0,	141.519,			1.353,			0.128,			0.054
435,	1,	59.0,	141.956,			1.044,			0.139,			0.052
436,	2,	122.0,	141.993,			11.393,			1.261,			0.153
437,	1,	447.0,	142.204,			2.057,			0.228,			0.057
438,	1,	447.0,	142.255,			1.158,			0.21,			0.051
439,	1,	103.0,	142.306,			1.539,			0.242,			0.052
440,	1,	30.0,	142.403,			2.69,			0.109,			0.054
441,	1,	13.0,	142.758,			1.086,			0.217,			0.058
442,	1,	49.0,	143.122,			2.385,			0.256,			0.052
443,	1,	447.0,	143.123,			1.748,			0.217,			0.052
444,	1,	28.0,	143.253,			1.496,			0.136,			0.055
445,	1,	28.0,	143.352,			2.525,			0.221,			0.053
446,	1,	214.0,	143.473,			2.973,			0.225,			0.06
447,	1,	13.0,	143.641,			2.618,			0.217,			0.06
448,	1,	387.0,	143.742,			2.388,			0.209,			0.054
449,	1,	103.0,	143.835,			2.799,			0.29,			0.055
450,	2,	26.0,	143.884,			10.162,			1.175,			0.154
451,	2,	208.0,	143.934,			14.216,			1.239,			0.171
452,	1,	7.0,	143.977,			2.014,			0.12,			0.057
453,	1,	44.0,	144.139,			1.075,			0.285,			0.051
454,	1,	498.0,	144.269,			1.116,			0.151,			0.055
455,	2,	160.0,	144.316,			12.909,			1.008,			0.18
456,	1,	7.0,	144.466,			2.706,			0.152,			0.055
457,	1,	214.0,	144.647,			2.276,			0.106,			0.058
458,	1,	387.0,	144.69,			2.843,			0.174,			0.053
459,	1,	214.0,	144.798,			2.232,			0.298,			0.057
460,	1,	10.0,	144.816,			1.637,			0.259,			0.058
461,	1,	7.0,	144.864,			1.662,			0.215,			0.055
462,	1,	13.0,	144.909,			2.385,			0.216,			0.059
463,	1,	44.0,	145.023,			2.197,			0.125,			0.059
464,	1,	512.0,	145.064,			1.985,			0.254,			0.052
465,	1,	44.0,	145.111,			1.334,			0.244,			0.051
466,	1,	120.0,	145.325,			1.213,			0.189,			0.057
467,	1,	6.0,	145.547,			2.457,			0.142,			0.055
468,	1,	49.0,	145.558,			1.011,			0.22,			0.055
469,	2,	66.0,	145.774,			11.69,			1.212,			0.164
470,	1,	120.0,	145.904,			1.353,			0.222,			0.052
471,	1,	126.0,	146.013,			2.324,			0.237,			0.054
472,	1,	379.0,	146.172,			1.12,			0.117,			0.051
473,	1,	6.0,	146.216,			2.872,			0.206,			0.059
474,	1,	512.0,	146.224,			2.065,			0.236,			0.057
475,	1,	157.0,	146.25,			1.651,			0.221,			0.053
476,	2,	58.0,	146.352,			14.809,			1.023,			0.124
477,	1,	10.0,	146.421,			1.499,			0.179,			0.054
478,	1,	95.0,	146.496,			2.991,			0.11,			0.051
479,	1,	7.0,	146.567,			1.516,			0.139,			0.052
480,	1,	498.0,	147.233,			2.675,			0.139,			0.059
481,	1,	44.0,	147.413,			1.144,			0.222,			0.055
482,	1,	214.0,	147.473,			1.148,			0.121,			0.051
483,	2,	160.0,	147.605,			12.809,			1.492,			0.134
484,	1,	559.0,	147.877,			1.952,			0.13,			0.05
485,	1,	13.0,	148.077,			2.047,			0.152,			0.058
486,	1,	7.0,	148.308,			2.241,			0.216,			0.055
487,	1,	90.0,	148.371,			1.075,			0.159,			0.059
488,	1,	44.0,	148.383,			2.618,			0.17,			0.056
489,	1,	512.0,	148.397,			1.684,			0.17,			0.056
490,	1,	559.0,	148.507,			1.402,			0.131,			0.06
491,	1,	146.0,	148.633,			1.755,			0.166,			0.059
492,	1,	6.0,	149.014,			2.776,			0.134,			0.059
493,	1,	103.0,	149.025,			1.366,			0.19,			0.053
494,	2,	249.0,	149.22,			14.36,			1.024,			0.164
495,	1,	214.0,	149.586,			1.26,			0.187,			0.056
496,	1,	95.0,	149.648,			1.056,			0.182,			0.059
497,	2,	138.0,	149.684,			12.661,			1.465,			0.108
498,	1,	44.0,	149.823,			2.556,			0.202,			0.057
499,	1,	16.0,	149.847,			2.303,			0.174,			0.054
500,	1,	16.0,	150.139,			1.443,			0.177,			0.054
501,	1,	169.0,	150.357,			2.991,			0.165,			0.06
502,	1,	6.0,	150.432,			1.162,			0.208,			0.053
503,	1,	28.0,	150.61,			1.766,			0.162,			0.059
504,	1,	387.0,	150.764,			1.575,			0.272,			0.051
505,	1,	169.0,	151.239,			1.667,			0.238,			0.056
506,	1,	126.0,	151.309,			1.304,			0.151,			0.059
507,	1,	498.0,	151.477,			2.279,			0.226,			0.052
508,	1,	7.0,	151.667,			2.265,			0.275,			0.055
509,	2,	160.0,	152.085,			14.39,			1.075,			0.158
510,	1,	169.0,	152.123,			2.759,			0.209,			0.052
511,	1,	6.0,	152.439,			2.14,			0.262,			0.059
512,	1,	95.0,	152.445,			2.632,			0.17,			0.058
513,	1,	169.0,	152.462,			2.637,			0.11,			0.06
514,	1,	95.0,	152.566,			2.427,			0.184,			0.058
515,	1,	512.0,	152.639,			1.383,			0.298,			0.058
516,	1,	146.0,	152.858,			1.16,			0.281,			0.059
517,	1,	498.0,	153.034,			2.321,			0.203,			0.054
518,	1,	44.0,	153.059,			1.761,			0.299,			0.055
519,	1,	95.0,	153.523,			1.981,			0.203,			0.051
520,	2,	108.0,	153.57,			12.146,			1.321,			0.112
521,	1,	90.0,	153.653,			2.533,			0.125,			0.051
522,	1,	214.0,	153.692,			1.448,			0.185,			0.051
523,	1,	6.0,	154.031,			2.457,			0.185,			0.053
524,	1,	387.0,	154.108,			1.144,			0.15,			0.052
525,	1,	44.0,	154.334,			2.554,			0.215,			0.06
526,	1,	49.0,	154.442,			1.748,			0.295,			0.051
527,	1,	169.0,	154.52,			1.211,			0.141,			0.06
528,	1,	379.0,	154.528,			2.612,			0.223,			0.052
529,	1,	387.0,	154.545,			1.671,			0.146,			0.057
530,	1,	7.0,	154.553,			1.091,			0.227,			0.057
531,	1,	169.0,	154.62,			1.535,			0.244,			0.05
532,	1,	44.0,	154.826,			2.936,			0.224,			0.056
533,	1,	6.0,	154.861,			1.039,			0.246,			0.057
534,	1,	157.0,	155.01,			1.211,			0.223,			0.059
535,	1,	103.0,	155.109,			2.114,			0.214,			0.05
536,	1,	7.0,	155.25,			1.158,			0.185,			0.051
537,	1,	28.0,	155.562,			2.879,			0.101,			0.055
538,	1,	214.0,	155.707,			1.262,			0.214,			0.051
539,	1,	7.0,	156.179,			1.651,			0.229,			0.057
540,	1,	59.0,	156.604,			1.935,			0.285,			0.05
541,	2,	226.0,	156.768,			12.789,			1.296,			0.134
542,	1,	103.0,	156.859,			1.343,			0.124,			0.051
543,	1,	16.0,	156.975,			2.252,			0.275,			0.05
544,	1,	447.0,	157.236,			1.826,			0.268,			0.052
545,	1,	498.0,	157.348,			1.111,			0.179,			0.052
546,	1,	146.0,	157.393,			1.857,			0.145,			0.059
547,	1,	7.0,	157.428,			2.013,			0.295,			0.056
548,	2,	255.0,	157.498,			14.289,			1.053,			0.136
549,	1,	103.0,	157.582,			1.805,			0.268,			0.051
550,	1,	498.0,	157.584,			2.91,			0.267,			0.055
551,	1,	44.0,	157.794,			2.634,			0.236,			0.055
552,	1,	169.0,	157.945,			1.42,			0.239,			0.059
553,	1,	7.0,	158.531,			2.316,			0.198,			0.051
554,	1,	447.0,	158.571,			1.398,			0.112,			0.055
555,	1,	95.0,	158.584,			1.607,			0.174,			0.057
556,	1,	95.0,	158.788,			1.701,			0.216,			0.054
557,	1,	146.0,	158.989,			1.409,			0.2,			0.054
558,	1,	16.0,	159.225,			1.097,			0.171,			0.053
559,	1,	379.0,	159.265,			2.088,			0.222,			0.052
560,	1,	7.0,	159.714,			1.733,			0.139,			0.06
561,	1,	30.0,	159.724,			1.907,			0.181,			0.052
562,	1,	10.0,	159.824,			1.516,			0.129,			0.058
563,	1,	95.0,	159.928,			2.697,			0.202,			0.054
564,	1,	49.0,	160.14,			1.64,			0.298,			0.05
565,	1,	512.0,	160.208,			2.286,			0.165,			0.055
566,	1,	90.0,	160.244,			1.756,			0.137,			0.052
567,	1,	95.0,	160.254,			2.238,			0.151,			0.06
568,	2,	197.0,	160.486,			13.647,			1.137,			0.155
569,	1,	7.0,	160.548,			1.86,			0.172,			0.058
570,	1,	7.0,	160.792,			1.86,			0.216,			0.05
571,	1,	6.0,	161.087,			1.807,			0.214,			0.056
572,	1,	44.0,	161.11,			1.134,			0.221,			0.057
573,	1,	16.0,	161.438,			1.591,			0.109,			0.057
574,	1,	120.0,	161.496,			1.014,			0.139,			0.057
575,	1,	169.0,	161.577,			2.26,			0.282,			0.051
576,	2,	233.0,	162.049,			12.146,			1.13,			0.169
577,	1,	7.0,	162.053,			1.249,			0.218,			0.051
578,	1,	28.0,	162.106,			1.114,			0.16,			0.058
579,	1,	120.0,	162.219,			1.883,			0.212,			0.054
580,	1,	49.0,	162.43,			1.99,			0.243,			0.056
581,	1,	447.0,	162.52,			1.698,			0.145,			0.052
582,	1,	512.0,	163.158,			1.539,			0.141,			0.054
583,	1,	512.0,	163.331,			1.019,			0.184,			0.053
584,	2,	142.0,	163.536,			10.415,			1.322,			0.107
585,	1,	7.0,	163.618,			2.525,			0.14,			0.059
586,	1,	44.0,	164.36,			1.557,			0.113,			0.058
587,	1,	379.0,	164.638,			2.378,			0.129,			0.057
588,	1,	7.0,	164.651,			2.384,			0.256,			0.05
589,	1,	169.0,	164.708,			2.684,			0.114,			0.053
590,	1,	512.0,	164.93,			1.875,			0.23,			0.059
591,	2,	157.0,	165.35,			13.3,			1.47,			0.156
592,	1,	447.0,	165.427,			1.111,			0.165,			0.059
593,	1,	447.0,	165.456,			1.364,			0.207,			0.057
594,	1,	90.0,	165.724,			2.288,			0.248,			0.051
595,	1,	44.0,	165.774,			2.726,			0.266,			0.055
596,	1,	6.0,	165.83,			1.028,			0.172,			0.051
597,	1,	6.0,	165.926,			1.807,			0.21,			0.058
598,	1,	30.0,	165.988,			1.607,			0.167,			0.052
599,	1,	146.0,	166.055,			2.827,			0.206,			0.059
600,	1,	214.0,	166.092,			1.187,			0.233,			0.051
601,	1,	447.0,	166.121,			1.653,			0.153,			0.06
602,	1,	59.0,	166.237,			1.393,			0.298,			0.053
603,	1,	157.0,	166.248,			1.965,			0.103,			0.053
604,	1,	387.0,	166.354,			2.76,			0.288,			0.057
605,	1,	447.0,	166.496,			1.578,			0.277,			0.06
606,	1,	49.0,	166.871,			1.491,			0.16,			0.053
607,	1,	49.0,	167.059,			2.759,			0.105,			0.059
608,	1,	447.0,	167.101,			1.203,			0.108,			0.06
609,	1,	6.0,	167.201,			1.709,			0.107,			0.06
610,	1,	30.0,	167.385,			2.33,			0.15,			0.058
611,	1,	6.0,	167.499,			1.988,			0.258,			0.057
612,	1,	7.0,	167.551,			1.314,			0.127,			0.058
613,	1,	379.0,	167.771,			1.681,			0.283,			0.055
614,	1,	559.0,	167.793,			2.407,			0.231,			0.059
615,	1,	126.0,	167.877,			1.028,			0.155,			0.052
616,	1,	90.0,	168.541,			2.198,			0.205,			0.051
617,	1,	16.0,	168.794,			2.895,			0.195,			0.051
618,	1,	6.0,	168.841,			2.858,			0.299,			0.055
619,	2,	109.0,	168.855,			12.145,			1.188,			0.187
620,	1,	559.0,	168.873,			2.158,			0.133,			0.052
621,	1,	30.0,	169.156,			1.952,			0.288,			0.059
622,	1,	379.0,	169.207,			1.01,			0.165,			0.055
623,	1,	13.0,	169.366,			1.106,			0.136,			0.057
624,	1,	146.0,	169.604,			2.244,			0.263,			0.058
625,	1,	30.0,	169.743,			1.515,			0.299,			0.052
626,	1,	387.0,	170.008,			1.61,			0.112,			0.057
627,	2,	172.0,	170.294,			10.526,			1.039,			0.191
628,	1,	7.0,	170.315,			1.097,			0.122,			0.057
629,	1,	7.0,	170.334,			1.99,			0.263,			0.053
630,	2,	262.0,	170.645,			13.299,			1.164,			0.14
631,	1,	157.0,	170.67,			1.963,			0.231,			0.057
632,	1,	44.0,	171.007,			2.695,			0.238,			0.053
633,	1,	13.0,	171.031,			2.796,			0.297,			0.057
634,	1,	387.0,	171.044,			2.302,			0.217,			0.055
635,	1,	28.0,	171.187,			2.144,			0.176,			0.054
636,	2,	86.0,	171.805,			12.54,			1.305,			0.107
637,	2,	199.0,	171.975,			13.528,			1.248,			0.162
638,	2,	210.0,	172.304,			12.004,			1.441,			0.12
639,	1,	59.0,	172.514,			2.441,			0.125,			0.052
640,	1,	498.0,	172.617,			1.907,			0.154,			0.053
641,	1,	10.0,	172.714,			1.733,			0.136,			0.055
642,	2,	101.0,	172.74,			14.682,			1.311,			0.108
643,	1,	16.0,	172.989,			1.523,			0.139,			0.058
644,	1,	214.0,	173.223,			1.737,			0.231,			0.056
645,	1,	10.0,	173.456,			2.509,			0.235,			0.051
646,	2,	124.0,	173.585,			14.337,			1.295,			0.113
647,	1,	169.0,	173.588,			1.692,			0.16,			0.056
648,	1,	169.0,	173.794,			1.437,			0.19,			0.05
649,	1,	447.0,	173.927,			2.487,			0.151,			0.06
650,	1,	103.0,	174.165,			1.715,			0.151,			0.058
651,	1,	30.0,	174.298,			1.293,			0.147,			0.053
652,	1,	387.0,	174.312,			2.685,			0.147,			0.051
653,	1,	126.0,	174.506,			1.495,			0.211,			0.059
654,	1,	44.0,	174.827,			2.252,			0.147,			0.056
655,	1,	214.0,	174.95,			1.756,			0.174,			0.056
656,	1,	7.0,	174.959,			2.102,			0.263,			0.053
657,	2,	268.0,	175.01,			14.814,			1.33,			0.138
658,	1,	120.0,	175.07,			1.111,			0.203,			0.052
659,	1,	146.0,	175.171,			1.67,			0.122,			0.058
660,	2,	108.0,	175.489,			12.33,			1.104,			0.197
661,	1,	28.0,	176.041,			1.841,			0.244,			0.054
662,	1,	7.0,	176.277,			2.103,			0.12,			0.05
663,	1,	126.0,	176.293,			1.575,			0.15,			0.057
664,	1,	103.0,	176.419,			1.112,			0.103,			0.054
665,	1,	447.0,	176.526,			2.709,			0.231,			0.056
666,	1,	169.0,	176.587,			2.31,			0.177,			0.056
667,	1,	28.0,	176.65,			2.187,			0.213,			0.057
668,	1,	512.0,	176.747,			2.761,			0.292,			0.06
669,	1,	95.0,	176.81,			2.58,			0.25,			0.06
670,	1,	6.0,	176.928,			1.596,			0.274,			0.058
671,	1,	126.0,	177.023,			1.667,			0.122,			0.051
672,	1,	7.0,	177.064,			1.729,			0.27,			0.05
673,	1,	214.0,	177.138,			1.857,			0.289,			0.057
674,	1,	447.0,	177.232,			1.496,			0.159,			0.05
675,	1,	512.0,	177.281,			1.155,			0.161,			0.051
676,	1,	16.0,	177.358,			1.213,			0.162,			0.057
677,	1,	28.0,	177.39,			2.26,			0.15,			0.05
678,	1,	59.0,	177.44,			2.972,			0.225,			0.057
679,	2,	148.0,	177.666,			12.26,			1.4,			0.119
680,	1,	447.0,	177.942,			1.061,			0.299,			0.052
681,	1,	44.0,	178.473,			1.642,			0.23,			0.057
682,	1,	59.0,	178.613,			1.372,			0.205,			0.051
683,	1,	7.0,	178.632,			2.063,			0.247,			0.056
684,	1,	214.0,	178.641,			2.702,			0.256,			0.055
685,	1,	214.0,	178.79,			2.384,			0.207,			0.051
686,	1,	59.0,	178.91,			2.976,			0.213,			0.053
687,	1,	59.0,	178.987,			2.104,			0.105,			0.055
688,	2,	171.0,	179.215,			14.663,			1.051,			0.136
689,	2,	192.0,	179.428,			13.854,			1.162,			0.144
690,	1,	30.0,	179.682,			2.155,			0.133,			0.059
691,	1,	126.0,	179.797,			1.019,			0.262,			0.052
692,	1,	387.0,	180.115,			2.133,			0.219,			0.056
693,	1,	30.0,	180.118,			2.385,			0.235,			0.058
694,	1,	6.0,	180.226,			1.144,			0.219,			0.05
695,	1,	146.0,	180.228,			2.509,			0.174,			0.056
696,	1,	379.0,	180.396,			1.671,			0.291,			0.051
697,	1,	146.0,	180.567,			1.968,			0.108,			0.051
698,	1,	146.0,	180.757,			2.813,			0.162,			0.053
699,	1,	214.0,	181.426,			1.434,			0.113,			0.053
700,	1,	16.0,	181.62,			1.869,			0.13,			0.057
701,	1,	16.0,	181.734,			2.11,			0.206,			0.054
702,	1,	44.0,	181.752,			2.378,			0.106,			0.057
703,	1,	28.0,	181.99,			1.121,			0.275,			0.056
704,	1,	59.0,	182.482,			2.293,			0.192,			0.057
705,	2,	141.0,	182.801,			10.789,			1.325,			0.112
706,	1,	7.0,	182.973,			2.154,			0.172,			0.052
707,	1,	30.0,	183.313,			2.999,			0.119,			0.053
708,	1,	95.0,	183.588,			1.537,			0.294,			0.05
709,	2,	225.0,	183.589,			13.476,			1.294,			0.127
710,	1,	10.0,	183.605,			1.425,			0.211,			0.055
711,	1,	59.0,	183.672,			2.9,			0.279,			0.06
712,	1,	498.0,	183.799,			2.051,			0.279,			0.051
713,	1,	7.0,	183.9,			1.158,			0.133,			0.051
714,	1,	169.0,	184.231,			1.07,			0.129,			0.058
715,	1,	6.0,	184.373,			2.96,			0.272,			0.056
716,	1,	214.0,	184.913,			2.448,			0.142,			0.055
717,	1,	7.0,	185.198,			2.645,			0.283,			0.05
718,	1,	95.0,	185.214,			2.14,			0.254,			0.058
719,	1,	126.0,	185.692,			2.358,			0.294,			0.052
720,	1,	30.0,	185.769,			2.52,			0.202,			0.052
721,	1,	44.0,	185.917,			1.748,			0.142,			0.058
722,	1,	95.0,	186.431,			2.753,			0.182,			0.055
723,	1,	44.0,	186.432,			2.596,			0.248,			0.052
724,	1,	498.0,	186.467,			1.509,			0.15,			0.052
725,	1,	6.0,	186.592,			2.288,			0.235,			0.058
726,	1,	30.0,	186.601,			1.61,			0.279,			0.059
727,	1,	169.0,	186.804,			1.525,			0.283,			0.058
728,	1,	379.0,	186.936,			2.777,			0.134,			0.055
729,	1,	7.0,	187.035,			1.962,			0.268,			0.057
730,	1,	28.0,	187.26,			2.407,			0.124,			0.056
731,	1,	90.0,	187.801,			1.543,			0.156,			0.057
732,	1,	169.0,	187.873,			2.9,			0.121,			0.051
733,	1,	28.0,	187.889,			2.616,			0.299,			0.052
734,	1,	120.0,	187.966,			2.861,			0.125,			0.056
735,	1,	103.0,	188.415,			2.296,			0.195,			0.051
736,	1,	13.0,	188.54,			2.087,			0.211,			0.056
737,	2,	99.0,	188.945,			10.592,			1.172,			0.167
738,	1,	498.0,	189.352,			2.393,			0.227,			0.057
739,	1,	6.0,	189.515,			1.23,			0.227,			0.056
740,	1,	30.0,	189.797,			2.318,			0.267,			0.06
741,	1,	13.0,	190.158,			1.702,			0.172,			0.057
742,	2,	154.0,	190.275,			10.819,			1.407,			0.139
743,	1,	498.0,	190.284,			1.924,			0.207,			0.051
744,	1,	90.0,	190.337,			2.858,			0.254,			0.06
745,	2,	88.0,	190.581,			14.253,			1.454,			0.165
746,	1,	157.0,	190.674,			1.768,			0.142,			0.053
747,	1,	146.0,	190.773,			1.35,			0.139,			0.054
748,	1,	169.0,	190.926,			2.441,			0.22,			0.051
749,	1,	90.0,	190.949,			1.942,			0.287,			0.059
750,	2,	138.0,	191.141,			10.6,			1.354,			0.157
751,	1,	214.0,	191.445,			2.631,			0.216,			0.055
752,	1,	7.0,	191.656,			2.358,			0.158,			0.05
753,	1,	16.0,	191.717,			2.772,			0.293,			0.05
754,	1,	16.0,	192.259,			1.722,			0.221,			0.051
755,	1,	7.0,	192.482,			1.844,			0.239,			0.052
756,	2,	205.0,	192.571,			10.215,			1.115,			0.132
757,	1,	16.0,	192.705,			1.516,			0.156,			0.054
758,	1,	447.0,	192.935,			1.304,			0.285,			0.052
759,	1,	6.0,	192.96,			2.345,			0.166,			0.054
760,	1,	30.0,	193.408,			2.037,			0.215,			0.053
761,	1,	44.0,	193.413,			2.659,			0.272,			0.056
762,	1,	90.0,	193.731,			2.449,			0.156,			0.059
763,	1,	6.0,	193.732,			2.932,			0.296,			0.057
764,	1,	30.0,	193.861,			2.725,			0.256,			0.06
765,	1,	30.0,	194.206,			2.01,			0.277,			0.056
766,	1,	146.0,	194.244,			2.901,			0.28,			0.056
767,	1,	16.0,	194.477,			1.213,			0.124,			0.054
768,	1,	49.0,	194.63,			1.516,			0.284,			0.057
769,	1,	157.0,	194.653,			1.869,			0.247,			0.055
770,	1,	28.0,	194.852,			2.448,			0.203,			0.057
771,	1,	447.0,	194.913,			1.655,			0.233,			0.057
772,	1,	146.0,	195.058,			2.686,			0.161,			0.055
773,	1,	126.0,	195.077,			2.627,			0.104,			0.056
774,	1,	447.0,	195.584,			1.947,			0.223,			0.057
775,	1,	59.0,	195.648,			1.756,			0.147,			0.051
776,	1,	7.0,	195.716,			1.731,			0.26,			0.055
777,	2,	151.0,	195.958,			10.717,			1.411,			0.137
778,	1,	44.0,	196.098,			1.592,			0.292,			0.052
779,	1,	103.0,	196.114,			2.377,			0.111,			0.053
780,	1,	7.0,	196.347,			2.323,			0.109,			0.059
781,	1,	6.0,	196.405,			1.525,			0.268,			0.056
782,	1,	6.0,	196.809,			2.761,			0.288,			0.051
783,	1,	103.0,	196.967,			1.698,			0.185,			0.051
784,	1,	512.0,	197.351,			2.273,			0.16,			0.059
785,	1,	6.0,	197.504,			1.36,			0.206,			0.054
786,	1,	7.0,	197.804,			1.962,			0.258,			0.054
787,	1,	214.0,	197.901,			2.398,			0.161,			0.057
788,	1,	6.0,	198.082,			1.72,			0.288,			0.059
789,	1,	44.0,	198.186,			2.834,			0.139,			0.051
790,	1,	95.0,	198.441,			1.157,			0.107,			0.053
791,	1,	447.0,	198.486,			2.18,			0.231,			0.055
792,	1,	559.0,	198.664,			2.596,			0.206,			0.051
793,	1,	13.0,	198.674,			1.441,			0.165,			0.059
794,	1,	146.0,	199.033,			2.865,			0.185,			0.059
795,	2,	236.0,	199.121,			12.085,			1.255,			0.19
796,	1,	120.0,	199.563,			2.761,			0.108,			0.053
797,	1,	103.0,	199.564,			1.437,			0.214,			0.05
798,	1,	90.0,	199.731,			1.825,			0.215,			0.057
799,	1,	379.0,	199.857,			2.241,			0.202,			0.054
800,	1,	120.0,	200.102,			2.813,			0.289,			0.05
801,	1,	10.0,	200.259,			1.86,			0.202,			0.051
802,	1,	95.0,	201.056,			1.489,			0.2,			0.058
803,	1,	103.0,	201.127,			2.945,			0.154,			0.056
804,	1,	6.0,	201.768,			2.711,			0.255,			0.054
805,	1,	95.0,	201.905,			1.083,			0.279,			0.053
806,	2,	94.0,	202.164,			13.074,			1.325,			0.174
807,	1,	559.0,	202.295,			2.127,			0.209,			0.057
808,	1,	6.0,	202.851,			2.414,			0.119,			0.058
809,	1,	7.0,	202.987,			1.116,			0.297,			0.053
810,	1,	90.0,	203.734,			1.859,			0.233,			0.05
811,	1,	90.0,	204.02,			1.869,			0.17,			0.056
812,	1,	157.0,	204.049,			1.537,			0.258,			0.058
813,	1,	7.0,	204.065,			1.485,			0.168,			0.054
814,	1,	379.0,	204.414,			1.553,			0.272,			0.057
815,	1,	6.0,	204.758,			1.408,			0.249,			0.06
816,	1,	44.0,	205.337,			2.525,			0.208,			0.051
817,	1,	214.0,	205.464,			2.025,			0.189,			0.051
818,	1,	169.0,	205.486,			1.477,			0.233,			0.05
819,	1,	169.0,	205.495,			2.438,			0.237,			0.053
820,	1,	7.0,	205.976,			2.016,			0.22,			0.05
821,	2,	366.0,	206.23,			14.45,			1.062,			0.131
822,	1,	7.0,	206.391,			1.706,			0.157,			0.052
823,	1,	157.0,	206.922,			2.957,			0.152,			0.059
824,	2,	193.0,	206.948,			13.131,			1.217,			0.121
825,	1,	44.0,	207.228,			1.825,			0.142,			0.052
826,	2,	198.0,	207.302,			13.222,			1.369,			0.167
827,	1,	7.0,	207.49,			2.222,			0.125,			0.052
828,	1,	512.0,	207.793,			1.919,			0.113,			0.052
829,	1,	157.0,	207.918,			2.034,			0.298,			0.058
830,	1,	44.0,	208.167,			2.412,			0.194,			0.055
831,	1,	7.0,	208.253,			1.915,			0.111,			0.053
832,	2,	192.0,	208.457,			12.48,			1.254,			0.153
833,	1,	49.0,	208.851,			1.402,			0.168,			0.052
834,	1,	6.0,	209.669,			2.534,			0.263,			0.054
835,	1,	49.0,	210.056,			1.092,			0.177,			0.056
836,	1,	7.0,	210.18,			2.659,			0.103,			0.053
837,	2,	142.0,	210.996,			12.286,			1.162,			0.107
838,	2,	225.0,	211.055,			12.648,			1.346,			0.188
839,	1,	126.0,	211.118,			1.933,			0.139,			0.055
840,	2,	110.0,	211.258,			13.034,			1.231,			0.135
841,	1,	44.0,	211.492,			2.479,			0.161,			0.051
842,	1,	95.0,	211.663,			2.795,			0.17,			0.053
843,	1,	6.0,	212.017,			1.75,			0.14,			0.055
844,	1,	28.0,	212.111,			1.277,			0.254,			0.056
845,	1,	95.0,	212.934,			1.325,			0.211,			0.058
846,	1,	379.0,	213.787,			2.014,			0.237,			0.054
847,	2,	136.0,	213.862,			12.89,			1.246,			0.197
848,	2,	175.0,	213.924,			10.173,			1.292,			0.195
849,	1,	157.0,	214.409,			1.515,			0.172,			0.051
850,	1,	44.0,	214.586,			1.67,			0.281,			0.058
851,	1,	6.0,	214.762,			1.805,			0.149,			0.057
852,	1,	10.0,	214.776,			1.121,			0.198,			0.052
853,	1,	379.0,	214.806,			1.164,			0.238,			0.055
854,	2,	210.0,	214.836,			11.878,			1.408,			0.176
855,	1,	512.0,	215.078,			2.661,			0.152,			0.06
856,	1,	7.0,	215.125,			1.477,			0.198,			0.055
857,	1,	379.0,	215.285,			2.085,			0.137,			0.057
858,	1,	10.0,	215.817,			2.802,			0.278,			0.052
859,	1,	6.0,	216.213,			2.799,			0.288,			0.057
860,	1,	126.0,	216.271,			2.09,			0.22,			0.056
861,	1,	146.0,	216.948,			2.415,			0.236,			0.06
862,	1,	103.0,	217.102,			2.533,			0.182,			0.052
863,	1,	6.0,	217.248,			1.263,			0.207,			0.052
864,	2,	99.0,	217.287,			12.581,			1.444,			0.137
865,	2,	162.0,	217.605,			12.424,			1.239,			0.161
866,	2,	207.0,	217.701,			13.101,			1.499,			0.136
867,	1,	512.0,	218.063,			1.969,			0.121,			0.05
868,	2,	79.0,	218.237,			12.463,			1.058,			0.129
869,	1,	44.0,	218.746,			1.45,			0.271,			0.055
870,	1,	49.0,	218.802,			1.702,			0.216,			0.052
871,	1,	30.0,	219.025,			1.043,			0.131,			0.051
872,	1,	6.0,	219.232,			2.911,			0.11,			0.051
873,	1,	169.0,	219.281,			1.249,			0.231,			0.057
874,	1,	28.0,	219.52,			1.458,			0.135,			0.056
875,	1,	59.0,	219.579,			2.879,			0.255,			0.055
876,	1,	498.0,	219.721,			2.279,			0.132,			0.058
877,	1,	103.0,	219.83,			2.223,			0.103,			0.058
878,	2,	123.0,	220.046,			11.328,			1.346,			0.177
879,	2,	155.0,	220.233,			11.884,			1.136,			0.182
880,	2,	139.0,	220.451,			11.229,			1.167,			0.169
881,	2,	146.0,	220.684,			12.331,			1.046,			0.196
882,	1,	6.0,	221.22,			1.683,			0.238,			0.055
883,	1,	7.0,	221.714,			2.048,			0.116,			0.056
884,	1,	59.0,	223.455,			1.442,			0.252,			0.06
885,	1,	379.0,	224.284,			2.065,			0.136,			0.058
886,	1,	28.0,	224.457,			2.286,			0.284,			0.052
887,	1,	126.0,	224.498,			2.776,			0.102,			0.056
888,	1,	6.0,	224.988,			1.393,			0.215,			0.053
889,	2,	117.0,	225.22,			13.195,			1.299,			0.111
890,	2,	95.0,	225.224,			11.643,			1.027,			0.145
891,	2,	144.0,	225.291,			11.207,			1.088,			0.152
892,	1,	512.0,	225.522,			2.412,			0.193,			0.055
893,	1,	387.0,	225.923,			1.422,			0.192,			0.052
894,	1,	120.0,	226.102,			1.22,			0.161,			0.056
895,	1,	90.0,	226.331,			1.755,			0.292,			0.054
896,	1,	44.0,	226.456,			2.366,			0.223,			0.056
897,	2,	80.0,	227.313,			10.307,			1.05,			0.175
898,	1,	146.0,	228.106,			2.158,			0.282,			0.053
899,	1,	7.0,	228.215,			2.194,			0.136,			0.053
900,	1,	59.0,	228.486,			2.78,			0.163,			0.052
901,	2,	198.0,	228.748,			10.826,			1.447,			0.124
902,	2,	128.0,	228.978,			10.316,			1.207,			0.176
903,	2,	156.0,	229.311,			11.685,			1.304,			0.14
904,	2,	249.0,	229.647,			11.878,			1.382,			0.11
905,	1,	10.0,	229.752,			1.394,			0.186,			0.057
906,	2,	177.0,	231.899,			12.421,			1.073,			0.106
907,	1,	214.0,	232.756,			2.645,			0.242,			0.06
908,	2,	152.0,	233.214,			14.245,			1.426,			0.112
909,	1,	49.0,	233.251,			1.317,			0.225,			0.051
910,	2,	143.0,	233.428,			11.405,			1.369,			0.18
911,	2,	102.0,	234.701,			13.528,			1.409,			0.196
912,	1,	90.0,	234.743,			1.45,			0.131,			0.059
913,	1,	146.0,	235.809,			2.675,			0.116,			0.059
914,	1,	7.0,	236.251,			1.144,			0.172,			0.054
915,	1,	28.0,	236.681,			2.632,			0.19,			0.054
916,	1,	90.0,	237.227,			1.708,			0.24,			0.057
917,	2,	59.0,	237.525,			11.677,			1.312,			0.127
918,	1,	7.0,	237.599,			2.386,			0.222,			0.054
919,	1,	120.0,	237.648,			1.467,			0.222,			0.051
920,	2,	194.0,	237.838,			11.178,			1.191,			0.147
921,	1,	379.0,	239.471,			1.108,			0.209,			0.055
922,	1,	95.0,	240.129,			2.533,			0.222,			0.055
923,	1,	90.0,	240.521,			2.454,			0.23,			0.056
924,	1,	44.0,	241.181,			1.876,			0.231,			0.05
925,	2,	264.0,	241.287,			11.864,			1.092,			0.157
926,	1,	157.0,	242.392,			2.554,			0.231,			0.054
927,	2,	45.0,	242.983,			10.475,			1.463,			0.125
928,	2,	162.0,	243.352,			13.404,			1.425,			0.145
929,	2,	149.0,	243.546,			11.658,			1.115,			0.152
930,	1,	169.0,	244.103,			1.841,			0.292,			0.05
931,	1,	90.0,	245.241,			2.19,			0.288,			0.053
932,	1,	447.0,	245.437,			1.844,			0.161,			0.055
933,	2,	127.0,	245.571,			13.613,			1.463,			0.158
934,	2,	119.0,	246.77,			11.164,			1.315,			0.139
935,	1,	146.0,	246.935,			1.879,			0.254,			0.052
936,	2,	234.0,	247.255,			10.146,			1.082,			0.14
937,	1,	28.0,	247.475,			1.413,			0.185,			0.056
938,	1,	447.0,	248.218,			2.284,			0.192,			0.054
939,	1,	13.0,	250.085,			2.661,			0.266,			0.054
940,	1,	498.0,	251.083,			1.653,			0.244,			0.055
941,	1,	387.0,	251.49,			1.092,			0.214,			0.055
942,	1,	30.0,	252.283,			2.36,			0.224,			0.052
943,	2,	118.0,	252.421,			12.786,			1.474,			0.157
944,	2,	257.0,	253.204,			13.273,			1.175,			0.169
945,	1,	387.0,	253.393,			2.556,			0.187,			0.056
946,	1,	59.0,	254.488,			2.932,			0.2,			0.052
947,	1,	59.0,	254.54,			1.857,			0.109,			0.052
948,	1,	49.0,	254.695,			2.565,			0.113,			0.057
949,	1,	387.0,	255.128,			1.283,			0.113,			0.052
950,	2,	96.0,	255.295,			13.792,			1.488,			0.118
951,	2,	204.0,	255.656,			14.49,			1.168,			0.139
952,	2,	172.0,	258.396,			11.331,			1.029,			0.176
953,	1,	447.0,	258.471,			2.568,			0.28,			0.052
954,	2,	203.0,	258.643,			12.475,			1.311,			0.169
955,	1,	90.0,	258.776,			2.753,			0.137,			0.052
956,	1,	387.0,	259.106,			2.349,			0.284,			0.056
957,	2,	246.0,	260.463,			10.598,			1.239,			0.119
958,	1,	30.0,	261.197,			2.973,			0.191,			0.06
959,	1,	90.0,	264.513,			2.087,			0.267,			0.052
960,	2,	157.0,	265.567,			12.301,			1.244,			0.113
961,	2,	113.0,	265.695,			14.611,			1.239,			0.181
962,	2,	60.0,	265.786,			12.999,			1.073,			0.171
963,	2,	202.0,	266.292,			11.247,			1.456,			0.192
964,	2,	98.0,	268.889,			11.335,			1.282,			0.177
965,	2,	210.0,	269.095,			13.953,			1.231,			0.155
966,	2,	125.0,	269.682,			10.837,			1.022,			0.125
967,	2,	110.0,	270.691,			11.92,			1.049,			0.103
968,	2,	114.0,	270.781,			11.54,			1.108,			0.156
969,	2,	94.0,	271.407,			13.941,			1.251,			0.126
970,	1,	379.0,	272.866,			1.679,			0.215,			0.056
971,	2,	127.0,	272.943,			11.81,			1.349,			0.136
972,	1,	103.0,	273.32,			1.322,			0.103,			0.059
973,	1,	387.0,	274.007,			1.477,			0.231,			0.054
974,	1,	498.0,	275.356,			2.503,			0.189,			0.059
975,	2,	235.0,	275.519,			12.676,			1.0,			0.172
976,	1,	379.0,	276.798,			2.449,			0.207,			0.058
977,	2,	208.0,	277.803,			10.42,			1.321,			0.168
978,	2,	109.0,	278.506,			13.59,			1.409,			0.107
979,	2,	128.0,	278.624,			11.628,			1.104,			0.139
980,	1,	559.0,	280.622,			1.833,			0.158,			0.052
981,	2,	184.0,	280.862,			14.39,			1.384,			0.109
982,	2,	108.0,	283.016,			14.439,			1.264,			0.121
983,	1,	7.0,	283.882,			2.148,			0.261,			0.053
984,	2,	252.0,	287.199,			14.908,			1.459,			0.165
985,	2,	214.0,	287.314,			13.602,			1.319,			0.109
986,	1,	10.0,	288.687,			1.597,			0.112,			0.06
987,	1,	44.0,	290.234,			2.691,			0.164,			0.056
988,	2,	155.0,	290.733,			13.823,			1.161,			0.188
989,	2,	101.0,	292.121,			11.772,			1.491,			0.133
990,	1,	379.0,	292.299,			1.809,			0.174,			0.06
991,	2,	172.0,	292.948,			12.801,			1.363,			0.16
992,	2,	124.0,	292.98,			14.85,			1.231,			0.186
993,	2,	233.0,	294.368,			14.917,			1.073,			0.171
994,	2,	190.0,	295.181,			11.508,			1.379,			0.139
995,	2,	52.0,	295.555,			13.249,			1.065,			0.117
996,	2,	79.0,	295.772,			13.288,			1.405,			0.137
997,	2,	145.0,	298.903,			10.054,			1.07,			0.105
998,	2,	109.0,	299.91,			11.658,			1.272,			0.102
999,	1,	146.0,	300.0,			1.402,			0.141,			0.051
1000,	1,	387.0,	300.0,			2.284,			0.173,			0.057
