#, task_type_id, size, arrival_time,	execution_time_cpu,	execution_time_gpu,	execution_time_CLOUD
1,	1,	7.0,	0.0,			2.193,			0.233,			0.052
2,	2,	221.0,	2.383,			13.778,			1.323,			0.133
3,	2,	252.0,	7.429,			10.6,			1.477,			0.105
4,	2,	291.0,	8.008,			13.92,			1.175,			0.111
5,	2,	99.0,	8.825,			11.54,			1.369,			0.116
6,	2,	151.0,	9.07,			11.81,			1.356,			0.14
7,	2,	142.0,	9.238,			10.177,			1.0,			0.109
8,	2,	135.0,	12.041,			11.598,			1.186,			0.16
9,	2,	96.0,	12.346,			10.485,			1.316,			0.143
10,	2,	176.0,	12.949,			10.485,			1.397,			0.125
11,	2,	109.0,	13.588,			12.835,			1.471,			0.151
12,	1,	126.0,	18.226,			1.027,			0.13,			0.054
13,	2,	264.0,	18.613,			13.602,			1.424,			0.129
14,	2,	176.0,	20.124,			13.3,			1.275,			0.113
15,	2,	193.0,	28.403,			13.574,			1.226,			0.155
16,	1,	103.0,	29.409,			1.929,			0.202,			0.057
17,	2,	118.0,	30.283,			13.348,			1.469,			0.195
18,	2,	139.0,	30.418,			13.06,			1.262,			0.105
19,	2,	127.0,	31.041,			10.666,			1.273,			0.197
20,	1,	120.0,	32.522,			2.832,			0.233,			0.052
21,	2,	223.0,	34.347,			14.76,			1.139,			0.159
22,	2,	50.0,	34.857,			10.279,			1.253,			0.143
23,	2,	168.0,	35.066,			11.85,			1.361,			0.148
24,	1,	7.0,	36.112,			1.203,			0.107,			0.051
25,	2,	90.0,	36.417,			13.025,			1.27,			0.182
26,	2,	133.0,	37.443,			13.095,			1.2,			0.196
27,	2,	126.0,	38.11,			14.859,			1.421,			0.164
28,	2,	62.0,	40.642,			11.81,			1.157,			0.14
29,	1,	387.0,	40.81,			2.621,			0.215,			0.058
30,	2,	116.0,	41.089,			13.76,			1.086,			0.141
31,	2,	105.0,	42.592,			12.463,			1.03,			0.163
32,	1,	103.0,	45.17,			1.625,			0.224,			0.058
33,	2,	153.0,	49.585,			13.557,			1.05,			0.166
34,	1,	95.0,	50.068,			1.624,			0.183,			0.052
35,	2,	205.0,	50.651,			12.286,			1.258,			0.197
36,	1,	214.0,	51.289,			2.323,			0.279,			0.051
37,	2,	138.0,	52.165,			13.071,			1.456,			0.194
38,	1,	214.0,	52.962,			1.554,			0.249,			0.052
39,	1,	10.0,	54.016,			2.796,			0.244,			0.058
40,	1,	44.0,	54.18,			1.733,			0.234,			0.05
41,	1,	126.0,	54.209,			1.112,			0.106,			0.059
42,	1,	28.0,	55.575,			2.903,			0.283,			0.059
43,	1,	447.0,	55.724,			1.657,			0.223,			0.05
44,	1,	44.0,	56.74,			1.523,			0.119,			0.055
45,	1,	49.0,	57.362,			2.346,			0.14,			0.052
46,	2,	112.0,	57.377,			10.782,			1.114,			0.125
47,	1,	49.0,	57.6,			2.636,			0.177,			0.057
48,	1,	13.0,	57.681,			1.515,			0.16,			0.057
49,	2,	123.0,	58.88,			10.784,			1.107,			0.127
50,	1,	44.0,	59.028,			1.719,			0.161,			0.053
51,	1,	126.0,	60.264,			1.814,			0.245,			0.055
52,	1,	7.0,	60.364,			2.085,			0.201,			0.05
53,	1,	387.0,	60.533,			1.435,			0.116,			0.054
54,	1,	512.0,	61.02,			1.679,			0.15,			0.052
55,	1,	49.0,	61.353,			1.226,			0.215,			0.059
56,	1,	28.0,	61.435,			2.194,			0.108,			0.056
57,	1,	7.0,	61.618,			1.984,			0.287,			0.051
58,	1,	103.0,	61.765,			2.709,			0.298,			0.052
59,	1,	7.0,	62.741,			2.926,			0.236,			0.058
60,	1,	90.0,	63.735,			2.652,			0.144,			0.052
61,	1,	7.0,	64.724,			2.116,			0.133,			0.057
62,	2,	107.0,	65.314,			10.339,			1.0,			0.142
63,	1,	44.0,	65.68,			1.551,			0.267,			0.052
64,	2,	281.0,	65.684,			12.809,			1.048,			0.194
65,	1,	379.0,	68.309,			1.044,			0.197,			0.054
66,	1,	6.0,	69.077,			1.402,			0.162,			0.059
67,	1,	90.0,	70.095,			2.91,			0.245,			0.059
68,	1,	6.0,	70.583,			2.318,			0.258,			0.054
69,	2,	105.0,	70.599,			14.008,			1.421,			0.147
70,	1,	512.0,	70.775,			2.686,			0.262,			0.055
71,	1,	379.0,	71.195,			2.08,			0.228,			0.052
72,	1,	214.0,	71.74,			1.115,			0.116,			0.052
73,	2,	214.0,	71.951,			12.351,			1.077,			0.139
74,	1,	28.0,	72.775,			1.609,			0.16,			0.054
75,	1,	214.0,	73.071,			2.847,			0.131,			0.051
76,	1,	6.0,	74.238,			1.188,			0.142,			0.059
77,	2,	157.0,	75.266,			13.86,			1.447,			0.121
78,	1,	95.0,	75.312,			2.385,			0.151,			0.054
79,	1,	146.0,	75.334,			1.844,			0.258,			0.06
80,	1,	214.0,	75.876,			1.554,			0.172,			0.051
81,	1,	103.0,	75.98,			2.9,			0.161,			0.055
82,	2,	224.0,	76.448,			10.332,			1.226,			0.108
83,	1,	103.0,	77.092,			1.929,			0.106,			0.051
84,	2,	230.0,	77.107,			10.702,			1.323,			0.116
85,	2,	73.0,	77.544,			12.934,			1.302,			0.185
86,	1,	126.0,	77.596,			1.455,			0.287,			0.059
87,	1,	16.0,	77.711,			2.798,			0.21,			0.056
88,	1,	169.0,	78.054,			2.866,			0.233,			0.05
89,	2,	80.0,	78.075,			12.741,			1.409,			0.105
90,	1,	120.0,	78.257,			1.011,			0.289,			0.057
91,	2,	220.0,	78.685,			13.557,			1.117,			0.158
92,	1,	379.0,	78.77,			1.048,			0.174,			0.052
93,	1,	6.0,	78.97,			2.976,			0.293,			0.057
94,	1,	169.0,	78.97,			1.006,			0.135,			0.056
95,	1,	7.0,	79.132,			1.969,			0.293,			0.051
96,	2,	175.0,	79.145,			11.488,			1.108,			0.175
97,	1,	6.0,	79.21,			1.581,			0.224,			0.053
98,	2,	142.0,	79.399,			14.658,			1.098,			0.137
99,	1,	44.0,	79.424,			2.819,			0.172,			0.058
100,	1,	16.0,	80.126,			2.842,			0.208,			0.058
101,	1,	7.0,	80.639,			2.154,			0.241,			0.054
102,	2,	323.0,	81.39,			13.266,			1.384,			0.176
103,	1,	146.0,	81.864,			1.947,			0.139,			0.059
104,	1,	169.0,	81.905,			1.61,			0.267,			0.05
105,	1,	7.0,	82.264,			1.314,			0.233,			0.053
106,	1,	7.0,	82.325,			2.08,			0.194,			0.056
107,	2,	181.0,	82.427,			12.835,			1.25,			0.111
108,	2,	238.0,	83.002,			10.114,			1.231,			0.103
109,	1,	169.0,	83.097,			1.742,			0.295,			0.051
110,	1,	387.0,	83.114,			2.548,			0.163,			0.052
111,	2,	190.0,	83.215,			13.828,			1.328,			0.181
112,	1,	7.0,	83.278,			1.229,			0.221,			0.055
113,	1,	214.0,	83.444,			1.857,			0.228,			0.059
114,	2,	383.0,	83.9,			12.286,			1.377,			0.125
115,	1,	379.0,	83.965,			2.241,			0.184,			0.05
116,	2,	147.0,	84.1,			11.34,			1.252,			0.199
117,	1,	90.0,	84.32,			1.84,			0.214,			0.053
118,	1,	379.0,	84.789,			1.188,			0.28,			0.051
119,	1,	169.0,	84.885,			2.819,			0.131,			0.057
120,	1,	379.0,	85.355,			2.149,			0.172,			0.058
121,	1,	214.0,	85.378,			1.376,			0.278,			0.054
122,	1,	6.0,	85.386,			1.841,			0.12,			0.059
123,	1,	387.0,	85.44,			2.534,			0.128,			0.06
124,	1,	7.0,	85.59,			1.907,			0.256,			0.051
125,	1,	6.0,	85.635,			1.985,			0.111,			0.059
126,	2,	135.0,	85.686,			13.908,			1.015,			0.194
127,	1,	49.0,	85.689,			1.587,			0.238,			0.052
128,	1,	214.0,	86.24,			1.733,			0.119,			0.059
129,	2,	119.0,	86.314,			13.963,			1.363,			0.149
130,	1,	387.0,	86.472,			2.404,			0.176,			0.058
131,	1,	512.0,	86.514,			1.499,			0.106,			0.05
132,	1,	95.0,	87.225,			2.158,			0.161,			0.054
133,	1,	157.0,	87.501,			1.097,			0.244,			0.053
134,	1,	7.0,	87.909,			2.947,			0.129,			0.058
135,	1,	7.0,	88.397,			2.09,			0.279,			0.051
136,	2,	153.0,	88.409,			11.248,			1.141,			0.19
137,	1,	103.0,	88.595,			1.173,			0.287,			0.057
138,	1,	126.0,	88.948,			2.991,			0.151,			0.055
139,	1,	559.0,	88.986,			1.151,			0.161,			0.058
140,	1,	49.0,	89.215,			1.245,			0.168,			0.06
141,	1,	120.0,	89.271,			1.144,			0.13,			0.059
142,	1,	120.0,	89.298,			1.467,			0.219,			0.057
143,	2,	220.0,	89.305,			11.178,			1.308,			0.177
144,	1,	28.0,	89.383,			1.083,			0.163,			0.053
145,	1,	90.0,	89.44,			1.367,			0.298,			0.056
146,	1,	44.0,	89.548,			2.598,			0.148,			0.052
147,	2,	102.0,	89.694,			13.92,			1.304,			0.15
148,	1,	6.0,	89.947,			1.868,			0.175,			0.052
149,	1,	6.0,	90.021,			1.919,			0.162,			0.05
150,	2,	133.0,	90.361,			13.154,			1.213,			0.145
151,	2,	122.0,	90.365,			12.576,			1.046,			0.171
152,	1,	49.0,	90.582,			1.783,			0.28,			0.057
153,	1,	120.0,	90.881,			1.086,			0.164,			0.056
154,	1,	44.0,	90.914,			1.516,			0.194,			0.056
155,	1,	120.0,	91.075,			1.631,			0.123,			0.057
156,	1,	44.0,	91.096,			1.241,			0.244,			0.059
157,	2,	162.0,	91.528,			12.815,			1.103,			0.188
158,	2,	195.0,	91.616,			11.63,			1.208,			0.125
159,	2,	87.0,	92.038,			14.064,			1.379,			0.147
160,	1,	13.0,	92.126,			2.588,			0.19,			0.059
161,	1,	6.0,	92.222,			2.555,			0.272,			0.055
162,	1,	6.0,	92.229,			1.515,			0.238,			0.056
163,	1,	16.0,	93.003,			2.048,			0.223,			0.054
164,	1,	169.0,	93.041,			1.291,			0.192,			0.055
165,	1,	126.0,	93.525,			1.024,			0.124,			0.06
166,	1,	90.0,	93.596,			2.621,			0.106,			0.055
167,	2,	81.0,	93.988,			12.661,			1.205,			0.125
168,	2,	132.0,	94.205,			10.837,			1.468,			0.162
169,	1,	7.0,	94.302,			1.095,			0.228,			0.051
170,	1,	157.0,	94.435,			2.999,			0.195,			0.059
171,	1,	126.0,	94.469,			1.996,			0.162,			0.055
172,	1,	157.0,	94.555,			1.613,			0.221,			0.06
173,	1,	387.0,	94.632,			2.404,			0.267,			0.058
174,	1,	214.0,	94.857,			2.328,			0.149,			0.058
175,	1,	379.0,	94.869,			1.61,			0.2,			0.057
176,	1,	146.0,	95.334,			2.907,			0.289,			0.051
177,	1,	90.0,	95.636,			1.985,			0.298,			0.052
178,	1,	59.0,	95.73,			1.643,			0.249,			0.059
179,	1,	379.0,	96.061,			1.523,			0.181,			0.052
180,	2,	102.0,	96.162,			12.421,			1.492,			0.11
181,	1,	95.0,	96.409,			2.241,			0.209,			0.058
182,	1,	157.0,	96.722,			1.164,			0.187,			0.056
183,	1,	7.0,	96.9,			1.128,			0.214,			0.057
184,	1,	146.0,	97.087,			1.581,			0.206,			0.053
185,	1,	512.0,	97.1,			2.321,			0.198,			0.057
186,	1,	28.0,	97.174,			1.968,			0.271,			0.052
187,	1,	13.0,	97.309,			1.535,			0.216,			0.051
188,	1,	120.0,	97.384,			2.154,			0.282,			0.057
189,	1,	90.0,	97.572,			1.277,			0.287,			0.055
190,	1,	59.0,	98.193,			2.858,			0.136,			0.057
191,	2,	242.0,	98.618,			12.741,			1.119,			0.177
192,	1,	16.0,	98.925,			1.605,			0.22,			0.057
193,	1,	49.0,	99.214,			2.874,			0.203,			0.06
194,	1,	7.0,	99.294,			1.742,			0.241,			0.057
195,	1,	44.0,	99.385,			2.553,			0.112,			0.051
196,	2,	132.0,	99.551,			11.54,			1.438,			0.18
197,	1,	379.0,	99.769,			1.659,			0.235,			0.051
198,	1,	103.0,	100.017,			1.26,			0.215,			0.057
199,	1,	16.0,	100.622,			2.088,			0.103,			0.052
200,	1,	6.0,	101.12,			2.623,			0.19,			0.052
201,	1,	7.0,	101.249,			1.86,			0.245,			0.055
202,	1,	49.0,	101.539,			1.428,			0.103,			0.057
203,	1,	44.0,	101.611,			2.842,			0.281,			0.059
204,	1,	28.0,	101.645,			1.467,			0.109,			0.057
205,	1,	13.0,	102.057,			2.302,			0.277,			0.06
206,	1,	157.0,	102.074,			1.153,			0.256,			0.058
207,	1,	7.0,	102.335,			1.991,			0.275,			0.058
208,	2,	148.0,	102.35,			14.767,			1.294,			0.125
209,	1,	447.0,	102.59,			1.633,			0.294,			0.06
210,	1,	126.0,	102.663,			2.256,			0.296,			0.052
211,	1,	214.0,	102.739,			2.901,			0.203,			0.051
212,	2,	151.0,	103.142,			11.402,			1.254,			0.125
213,	2,	130.0,	103.192,			10.707,			1.317,			0.154
214,	1,	512.0,	103.584,			1.69,			0.211,			0.054
215,	1,	16.0,	103.794,			1.448,			0.29,			0.055
216,	1,	10.0,	103.811,			2.398,			0.252,			0.051
217,	1,	49.0,	103.826,			2.557,			0.258,			0.06
218,	2,	147.0,	103.888,			12.924,			1.322,			0.12
219,	1,	379.0,	104.346,			2.103,			0.151,			0.054
220,	1,	169.0,	105.203,			2.576,			0.152,			0.058
221,	1,	44.0,	105.289,			2.479,			0.118,			0.051
222,	1,	169.0,	105.564,			2.492,			0.208,			0.06
223,	1,	7.0,	105.73,			1.187,			0.275,			0.058
224,	1,	59.0,	106.168,			1.631,			0.192,			0.06
225,	1,	10.0,	106.201,			1.394,			0.125,			0.052
226,	1,	28.0,	106.387,			1.173,			0.296,			0.053
227,	1,	7.0,	106.62,			2.322,			0.148,			0.053
228,	2,	92.0,	106.659,			11.581,			1.164,			0.106
229,	1,	512.0,	107.295,			1.039,			0.182,			0.051
230,	1,	90.0,	107.532,			2.579,			0.211,			0.056
231,	1,	126.0,	107.652,			1.188,			0.293,			0.059
232,	1,	44.0,	107.797,			2.983,			0.283,			0.051
233,	1,	7.0,	108.045,			2.559,			0.223,			0.051
234,	1,	559.0,	108.173,			1.626,			0.172,			0.051
235,	1,	214.0,	108.216,			1.663,			0.295,			0.06
236,	2,	286.0,	108.461,			10.307,			1.403,			0.122
237,	1,	379.0,	108.833,			2.459,			0.151,			0.06
238,	1,	146.0,	108.919,			1.791,			0.238,			0.051
239,	1,	146.0,	109.116,			1.933,			0.205,			0.056
240,	1,	126.0,	109.67,			2.926,			0.223,			0.052
241,	1,	387.0,	109.838,			1.607,			0.288,			0.053
242,	1,	379.0,	109.86,			2.14,			0.105,			0.059
243,	1,	146.0,	110.411,			2.901,			0.274,			0.059
244,	1,	512.0,	110.518,			1.73,			0.299,			0.057
245,	1,	512.0,	110.718,			1.551,			0.285,			0.057
246,	1,	7.0,	111.052,			1.72,			0.195,			0.052
247,	1,	7.0,	111.392,			1.488,			0.267,			0.054
248,	1,	103.0,	111.393,			1.322,			0.299,			0.052
249,	1,	59.0,	111.584,			2.874,			0.127,			0.05
250,	1,	559.0,	111.906,			1.709,			0.158,			0.052
251,	1,	447.0,	112.032,			2.838,			0.249,			0.057
252,	1,	169.0,	112.203,			1.516,			0.268,			0.052
253,	1,	7.0,	112.219,			2.256,			0.27,			0.053
254,	1,	7.0,	112.256,			2.936,			0.179,			0.057
255,	1,	44.0,	112.723,			1.9,			0.138,			0.055
256,	1,	6.0,	113.093,			1.395,			0.111,			0.057
257,	2,	90.0,	113.113,			11.917,			1.421,			0.181
258,	1,	6.0,	113.358,			2.143,			0.241,			0.051
259,	1,	90.0,	113.368,			2.293,			0.221,			0.051
260,	2,	282.0,	113.375,			13.185,			1.423,			0.13
261,	1,	95.0,	113.593,			2.91,			0.27,			0.059
262,	1,	59.0,	114.051,			2.198,			0.244,			0.051
263,	1,	498.0,	114.095,			2.459,			0.237,			0.052
264,	1,	157.0,	114.369,			2.525,			0.152,			0.059
265,	1,	7.0,	114.436,			1.985,			0.197,			0.057
266,	1,	169.0,	114.522,			1.805,			0.214,			0.052
267,	1,	379.0,	114.563,			1.391,			0.201,			0.057
268,	2,	124.0,	114.919,			12.738,			1.474,			0.134
269,	1,	7.0,	115.177,			1.601,			0.196,			0.057
270,	1,	498.0,	115.271,			2.903,			0.125,			0.059
271,	1,	559.0,	115.486,			2.155,			0.192,			0.06
272,	1,	7.0,	115.511,			1.111,			0.217,			0.053
273,	1,	447.0,	115.534,			2.76,			0.248,			0.053
274,	1,	498.0,	115.657,			1.296,			0.29,			0.05
275,	1,	13.0,	115.675,			1.844,			0.247,			0.054
276,	1,	44.0,	115.814,			2.104,			0.161,			0.051
277,	1,	103.0,	116.05,			2.252,			0.173,			0.055
278,	1,	126.0,	116.334,			2.954,			0.173,			0.057
279,	1,	447.0,	116.551,			1.025,			0.122,			0.06
280,	1,	512.0,	116.597,			1.22,			0.257,			0.052
281,	1,	214.0,	116.746,			1.947,			0.217,			0.052
282,	2,	205.0,	116.749,			13.111,			1.454,			0.107
283,	1,	214.0,	116.918,			1.613,			0.16,			0.053
284,	1,	6.0,	117.227,			1.609,			0.209,			0.059
285,	2,	203.0,	118.02,			10.909,			1.385,			0.19
286,	2,	155.0,	118.213,			10.697,			1.285,			0.147
287,	1,	126.0,	118.322,			1.736,			0.102,			0.06
288,	1,	90.0,	118.461,			2.303,			0.157,			0.056
289,	1,	379.0,	118.611,			1.692,			0.292,			0.054
290,	1,	103.0,	118.787,			1.786,			0.292,			0.055
291,	1,	95.0,	118.861,			1.075,			0.152,			0.056
292,	1,	7.0,	118.88,			2.407,			0.161,			0.054
293,	1,	103.0,	118.985,			2.545,			0.154,			0.053
294,	1,	379.0,	119.094,			2.631,			0.222,			0.059
295,	1,	379.0,	119.531,			1.204,			0.152,			0.057
296,	1,	7.0,	119.636,			1.729,			0.109,			0.055
297,	1,	90.0,	119.642,			1.455,			0.103,			0.058
298,	2,	201.0,	119.775,			12.33,			1.275,			0.151
299,	1,	559.0,	119.921,			2.525,			0.174,			0.05
300,	1,	44.0,	120.273,			1.605,			0.166,			0.052
301,	1,	387.0,	120.367,			2.163,			0.259,			0.053
302,	1,	7.0,	120.677,			2.31,			0.111,			0.057
303,	1,	28.0,	120.767,			1.968,			0.211,			0.054
304,	1,	7.0,	120.792,			2.181,			0.16,			0.058
305,	1,	44.0,	120.957,			2.398,			0.282,			0.051
306,	1,	7.0,	121.254,			1.914,			0.202,			0.05
307,	1,	103.0,	121.336,			1.247,			0.112,			0.056
308,	1,	16.0,	121.346,			1.61,			0.237,			0.055
309,	2,	84.0,	121.459,			14.366,			1.297,			0.177
310,	1,	214.0,	121.622,			2.487,			0.205,			0.05
311,	1,	28.0,	121.695,			2.541,			0.121,			0.057
312,	1,	7.0,	121.697,			1.998,			0.221,			0.058
313,	1,	387.0,	121.916,			2.972,			0.129,			0.053
314,	1,	16.0,	121.953,			1.241,			0.227,			0.06
315,	1,	95.0,	122.229,			1.096,			0.206,			0.055
316,	1,	59.0,	122.447,			2.415,			0.185,			0.053
317,	1,	44.0,	122.521,			2.176,			0.249,			0.059
318,	2,	171.0,	122.552,			13.016,			1.437,			0.115
319,	1,	16.0,	122.907,			2.103,			0.119,			0.051
320,	1,	49.0,	122.966,			1.277,			0.168,			0.051
321,	1,	512.0,	123.017,			1.22,			0.195,			0.055
322,	1,	120.0,	123.047,			1.875,			0.198,			0.058
323,	1,	6.0,	123.101,			1.97,			0.211,			0.052
324,	1,	6.0,	123.286,			2.763,			0.165,			0.055
325,	2,	130.0,	123.53,			10.837,			1.012,			0.155
326,	1,	146.0,	123.557,			1.607,			0.139,			0.059
327,	1,	6.0,	123.63,			2.127,			0.229,			0.059
328,	1,	169.0,	123.783,			1.969,			0.277,			0.055
329,	1,	214.0,	124.212,			2.345,			0.139,			0.059
330,	1,	59.0,	124.213,			1.186,			0.201,			0.052
331,	1,	559.0,	124.559,			2.491,			0.21,			0.051
332,	1,	559.0,	124.821,			2.813,			0.151,			0.055
333,	1,	387.0,	124.879,			1.277,			0.248,			0.054
334,	1,	16.0,	125.029,			1.981,			0.242,			0.054
335,	1,	379.0,	125.426,			2.623,			0.169,			0.06
336,	1,	387.0,	125.435,			1.211,			0.189,			0.059
337,	1,	379.0,	126.127,			1.517,			0.28,			0.05
338,	1,	559.0,	126.561,			1.269,			0.182,			0.051
339,	1,	6.0,	127.038,			1.302,			0.252,			0.054
340,	1,	49.0,	127.164,			1.688,			0.192,			0.059
341,	1,	6.0,	127.219,			2.398,			0.133,			0.057
342,	1,	28.0,	127.617,			2.706,			0.14,			0.057
343,	1,	7.0,	127.747,			1.024,			0.191,			0.058
344,	1,	146.0,	127.813,			2.034,			0.276,			0.054
345,	1,	7.0,	127.823,			2.386,			0.186,			0.056
346,	1,	214.0,	128.005,			1.411,			0.201,			0.06
347,	1,	7.0,	128.556,			1.663,			0.236,			0.052
348,	1,	103.0,	128.595,			2.653,			0.247,			0.054
349,	1,	498.0,	128.611,			2.18,			0.142,			0.059
350,	1,	6.0,	128.634,			2.322,			0.249,			0.057
351,	1,	120.0,	128.664,			2.95,			0.214,			0.055
352,	1,	7.0,	128.748,			1.148,			0.139,			0.06
353,	1,	214.0,	128.904,			2.636,			0.138,			0.051
354,	1,	126.0,	128.988,			2.252,			0.15,			0.053
355,	1,	16.0,	129.043,			1.911,			0.126,			0.051
356,	1,	7.0,	129.232,			1.748,			0.109,			0.055
357,	2,	165.0,	129.433,			10.63,			1.461,			0.195
358,	2,	90.0,	129.461,			14.372,			1.491,			0.152
359,	1,	387.0,	129.58,			2.761,			0.202,			0.052
360,	1,	16.0,	129.975,			1.73,			0.217,			0.051
361,	1,	10.0,	130.442,			1.728,			0.112,			0.053
362,	1,	214.0,	130.74,			1.42,			0.287,			0.055
363,	2,	69.0,	130.746,			11.11,			1.488,			0.135
364,	1,	7.0,	130.768,			2.404,			0.172,			0.05
365,	1,	157.0,	130.82,			1.911,			0.2,			0.052
366,	1,	13.0,	130.84,			2.084,			0.149,			0.056
367,	1,	120.0,	131.264,			1.643,			0.217,			0.055
368,	1,	10.0,	131.339,			1.417,			0.21,			0.052
369,	1,	7.0,	131.493,			1.541,			0.244,			0.052
370,	1,	90.0,	131.568,			1.433,			0.116,			0.051
371,	1,	6.0,	131.582,			2.388,			0.12,			0.051
372,	1,	95.0,	131.606,			1.864,			0.233,			0.05
373,	1,	103.0,	131.678,			2.487,			0.171,			0.057
374,	1,	59.0,	131.964,			1.709,			0.284,			0.058
375,	1,	498.0,	132.005,			2.642,			0.205,			0.054
376,	1,	157.0,	132.072,			2.596,			0.26,			0.058
377,	1,	120.0,	132.277,			1.692,			0.159,			0.054
378,	1,	214.0,	132.668,			1.009,			0.288,			0.05
379,	1,	13.0,	132.708,			2.8,			0.15,			0.051
380,	1,	387.0,	133.016,			2.637,			0.239,			0.057
381,	1,	49.0,	133.361,			1.141,			0.215,			0.052
382,	1,	95.0,	133.437,			1.859,			0.243,			0.052
383,	1,	447.0,	133.466,			1.203,			0.124,			0.053
384,	1,	90.0,	133.505,			1.752,			0.249,			0.051
385,	1,	103.0,	133.681,			1.776,			0.222,			0.058
386,	1,	6.0,	133.727,			1.672,			0.236,			0.051
387,	1,	379.0,	133.848,			1.406,			0.298,			0.051
388,	1,	6.0,	134.13,			1.496,			0.287,			0.052
389,	1,	7.0,	134.239,			2.148,			0.254,			0.053
390,	1,	7.0,	134.442,			1.561,			0.217,			0.056
391,	1,	157.0,	134.457,			2.316,			0.203,			0.054
392,	1,	95.0,	134.555,			1.657,			0.202,			0.052
393,	1,	6.0,	134.611,			2.872,			0.131,			0.058
394,	1,	157.0,	134.767,			2.857,			0.22,			0.053
395,	2,	175.0,	135.058,			12.533,			1.411,			0.109
396,	2,	92.0,	135.168,			12.206,			1.261,			0.107
397,	1,	169.0,	135.22,			1.756,			0.289,			0.059
398,	1,	157.0,	135.357,			2.635,			0.225,			0.057
399,	1,	49.0,	135.365,			1.719,			0.147,			0.053
400,	1,	379.0,	135.469,			2.08,			0.198,			0.052
401,	1,	379.0,	135.517,			1.942,			0.138,			0.051
402,	2,	112.0,	135.646,			10.717,			1.013,			0.153
403,	1,	7.0,	135.828,			2.76,			0.139,			0.059
404,	1,	387.0,	136.05,			1.63,			0.214,			0.052
405,	1,	13.0,	136.076,			1.679,			0.117,			0.057
406,	1,	7.0,	136.194,			1.561,			0.142,			0.051
407,	1,	10.0,	136.263,			2.232,			0.136,			0.054
408,	1,	214.0,	136.654,			1.672,			0.254,			0.05
409,	2,	193.0,	136.733,			11.449,			1.251,			0.15
410,	2,	114.0,	136.931,			12.027,			1.499,			0.137
411,	1,	10.0,	137.202,			1.915,			0.186,			0.06
412,	1,	90.0,	137.22,			1.047,			0.243,			0.051
413,	1,	59.0,	137.233,			2.301,			0.279,			0.054
414,	1,	6.0,	137.26,			1.153,			0.263,			0.053
415,	1,	7.0,	137.311,			1.719,			0.161,			0.056
416,	1,	6.0,	137.363,			1.007,			0.212,			0.05
417,	1,	103.0,	137.985,			1.486,			0.176,			0.056
418,	1,	6.0,	138.519,			1.582,			0.14,			0.055
419,	1,	16.0,	138.529,			2.659,			0.226,			0.054
420,	1,	103.0,	138.782,			1.364,			0.292,			0.055
421,	1,	44.0,	138.856,			1.523,			0.268,			0.051
422,	2,	139.0,	139.191,			13.75,			1.136,			0.195
423,	1,	28.0,	139.257,			1.486,			0.234,			0.058
424,	1,	30.0,	139.547,			1.841,			0.117,			0.059
425,	1,	447.0,	139.558,			2.691,			0.114,			0.052
426,	1,	90.0,	139.598,			2.252,			0.239,			0.054
427,	1,	6.0,	140.02,			2.241,			0.195,			0.056
428,	1,	44.0,	140.041,			1.304,			0.226,			0.053
429,	1,	7.0,	140.116,			2.864,			0.206,			0.053
430,	1,	95.0,	140.133,			1.715,			0.271,			0.053
431,	1,	126.0,	140.134,			1.639,			0.132,			0.056
432,	1,	49.0,	140.273,			1.643,			0.293,			0.051
433,	2,	200.0,	140.937,			12.662,			1.149,			0.11
434,	1,	146.0,	141.209,			2.91,			0.145,			0.058
435,	1,	49.0,	141.255,			1.826,			0.131,			0.059
436,	2,	130.0,	141.31,			13.348,			1.302,			0.158
437,	1,	49.0,	141.645,			1.402,			0.112,			0.059
438,	1,	95.0,	141.734,			1.956,			0.131,			0.057
439,	1,	7.0,	141.747,			1.928,			0.205,			0.055
440,	1,	90.0,	141.87,			2.288,			0.263,			0.053
441,	1,	16.0,	141.873,			1.331,			0.134,			0.05
442,	2,	87.0,	141.944,			11.26,			1.372,			0.103
443,	1,	7.0,	141.985,			2.199,			0.159,			0.055
444,	1,	30.0,	142.367,			1.247,			0.267,			0.055
445,	1,	7.0,	142.557,			2.509,			0.277,			0.051
446,	1,	559.0,	142.565,			2.794,			0.251,			0.053
447,	1,	512.0,	142.598,			1.128,			0.175,			0.057
448,	1,	7.0,	142.715,			1.504,			0.222,			0.056
449,	1,	379.0,	142.721,			1.431,			0.176,			0.053
450,	1,	7.0,	142.832,			1.848,			0.166,			0.055
451,	1,	49.0,	142.933,			2.446,			0.147,			0.06
452,	1,	7.0,	143.016,			1.488,			0.107,			0.055
453,	1,	30.0,	143.177,			2.479,			0.151,			0.059
454,	1,	90.0,	143.432,			1.61,			0.23,			0.051
455,	1,	7.0,	143.527,			2.786,			0.122,			0.052
456,	1,	7.0,	143.684,			1.86,			0.227,			0.06
457,	1,	559.0,	143.862,			1.296,			0.221,			0.058
458,	1,	13.0,	144.061,			2.598,			0.185,			0.05
459,	1,	379.0,	144.29,			2.612,			0.217,			0.055
460,	1,	498.0,	144.361,			2.92,			0.228,			0.059
461,	1,	157.0,	144.432,			1.969,			0.217,			0.053
462,	1,	169.0,	145.154,			2.193,			0.202,			0.06
463,	1,	7.0,	145.304,			1.009,			0.109,			0.058
464,	1,	10.0,	145.308,			1.406,			0.169,			0.051
465,	1,	7.0,	145.43,			2.532,			0.124,			0.059
466,	1,	498.0,	145.666,			1.111,			0.299,			0.053
467,	1,	30.0,	145.709,			1.166,			0.249,			0.055
468,	1,	44.0,	145.962,			1.005,			0.252,			0.053
469,	1,	16.0,	145.997,			2.748,			0.229,			0.052
470,	1,	157.0,	146.038,			1.188,			0.184,			0.06
471,	1,	447.0,	146.114,			1.907,			0.238,			0.051
472,	1,	16.0,	146.34,			1.597,			0.21,			0.058
473,	1,	214.0,	146.646,			1.883,			0.289,			0.06
474,	1,	157.0,	146.73,			2.345,			0.165,			0.054
475,	1,	169.0,	146.773,			1.933,			0.245,			0.057
476,	1,	44.0,	146.8,			1.869,			0.235,			0.05
477,	1,	447.0,	146.898,			2.369,			0.262,			0.06
478,	1,	103.0,	146.932,			1.164,			0.244,			0.06
479,	1,	7.0,	147.075,			1.343,			0.161,			0.055
480,	2,	88.0,	147.207,			12.648,			1.477,			0.2
481,	1,	13.0,	147.225,			2.525,			0.112,			0.051
482,	1,	146.0,	147.366,			2.386,			0.282,			0.056
483,	1,	90.0,	147.818,			1.654,			0.209,			0.06
484,	1,	6.0,	147.874,			2.316,			0.161,			0.059
485,	1,	30.0,	148.057,			1.749,			0.139,			0.052
486,	1,	59.0,	148.068,			2.465,			0.123,			0.055
487,	1,	7.0,	148.222,			2.35,			0.289,			0.053
488,	1,	6.0,	148.574,			1.263,			0.172,			0.056
489,	1,	387.0,	148.655,			1.67,			0.169,			0.051
490,	1,	103.0,	149.63,			2.874,			0.203,			0.056
491,	1,	95.0,	149.769,			2.548,			0.267,			0.051
492,	1,	146.0,	149.996,			2.714,			0.125,			0.056
493,	1,	387.0,	150.11,			1.226,			0.279,			0.057
494,	1,	498.0,	150.224,			2.265,			0.139,			0.058
495,	1,	559.0,	150.637,			1.883,			0.173,			0.057
496,	1,	59.0,	150.656,			2.194,			0.202,			0.051
497,	1,	169.0,	150.677,			2.138,			0.145,			0.053
498,	1,	214.0,	150.979,			2.133,			0.213,			0.06
499,	1,	6.0,	151.043,			1.186,			0.138,			0.054
500,	1,	103.0,	151.113,			1.36,			0.18,			0.057
501,	2,	111.0,	151.22,			10.316,			1.011,			0.148
502,	1,	7.0,	151.248,			1.876,			0.165,			0.058
503,	1,	44.0,	151.515,			2.284,			0.133,			0.058
504,	1,	7.0,	151.532,			1.671,			0.247,			0.055
505,	1,	10.0,	151.693,			1.848,			0.244,			0.052
506,	1,	7.0,	151.762,			1.031,			0.256,			0.054
507,	1,	28.0,	151.866,			1.609,			0.181,			0.056
508,	1,	49.0,	151.958,			1.484,			0.219,			0.057
509,	1,	90.0,	152.037,			1.489,			0.179,			0.051
510,	1,	16.0,	152.131,			2.034,			0.108,			0.055
511,	1,	169.0,	152.243,			1.981,			0.138,			0.057
512,	1,	498.0,	152.254,			1.407,			0.217,			0.057
513,	1,	7.0,	152.312,			1.119,			0.145,			0.053
514,	1,	6.0,	152.333,			2.984,			0.106,			0.058
515,	1,	120.0,	152.652,			2.326,			0.199,			0.057
516,	1,	6.0,	152.677,			2.0,			0.257,			0.052
517,	1,	30.0,	152.975,			2.388,			0.14,			0.058
518,	1,	16.0,	153.068,			1.868,			0.206,			0.058
519,	2,	171.0,	153.22,			11.744,			1.054,			0.102
520,	1,	498.0,	153.304,			2.621,			0.184,			0.053
521,	1,	10.0,	153.564,			1.729,			0.28,			0.052
522,	1,	512.0,	153.693,			1.913,			0.219,			0.051
523,	1,	126.0,	153.742,			1.403,			0.117,			0.06
524,	1,	120.0,	153.855,			2.709,			0.208,			0.056
525,	1,	44.0,	154.045,			2.378,			0.121,			0.054
526,	1,	7.0,	154.231,			2.288,			0.272,			0.057
527,	1,	59.0,	154.344,			2.103,			0.249,			0.056
528,	1,	559.0,	154.616,			1.515,			0.133,			0.058
529,	1,	30.0,	154.787,			1.309,			0.15,			0.055
530,	1,	214.0,	154.824,			1.825,			0.246,			0.058
531,	1,	30.0,	154.838,			1.988,			0.104,			0.05
532,	1,	30.0,	155.198,			2.635,			0.23,			0.052
533,	2,	209.0,	155.544,			13.59,			1.377,			0.109
534,	1,	214.0,	155.558,			2.26,			0.222,			0.052
535,	1,	379.0,	155.567,			1.928,			0.228,			0.057
536,	1,	157.0,	155.869,			1.26,			0.108,			0.058
537,	1,	30.0,	156.164,			1.64,			0.124,			0.053
538,	1,	126.0,	156.373,			1.966,			0.208,			0.057
539,	1,	7.0,	156.521,			1.581,			0.146,			0.059
540,	1,	387.0,	156.629,			1.226,			0.218,			0.059
541,	1,	7.0,	156.636,			2.939,			0.11,			0.055
542,	1,	6.0,	156.79,			1.313,			0.214,			0.05
543,	1,	59.0,	157.121,			1.843,			0.281,			0.053
544,	1,	169.0,	157.174,			2.901,			0.244,			0.056
545,	1,	13.0,	157.241,			1.443,			0.256,			0.057
546,	1,	379.0,	157.252,			1.009,			0.152,			0.052
547,	2,	89.0,	157.347,			13.75,			1.489,			0.155
548,	1,	157.0,	157.53,			2.318,			0.256,			0.05
549,	2,	68.0,	157.619,			14.918,			1.296,			0.134
550,	1,	6.0,	157.721,			2.598,			0.228,			0.054
551,	1,	447.0,	157.766,			1.25,			0.103,			0.06
552,	2,	120.0,	157.799,			13.162,			1.444,			0.161
553,	1,	214.0,	157.806,			2.31,			0.25,			0.053
554,	1,	169.0,	157.854,			1.011,			0.135,			0.057
555,	1,	44.0,	157.878,			2.957,			0.199,			0.055
556,	1,	49.0,	157.974,			2.872,			0.146,			0.054
557,	1,	13.0,	158.229,			1.582,			0.259,			0.057
558,	1,	7.0,	158.318,			2.055,			0.2,			0.055
559,	1,	90.0,	158.593,			1.314,			0.114,			0.051
560,	1,	6.0,	158.728,			1.211,			0.251,			0.056
561,	1,	498.0,	158.811,			2.013,			0.212,			0.056
562,	1,	28.0,	159.127,			2.384,			0.124,			0.054
563,	2,	38.0,	159.148,			14.942,			1.172,			0.175
564,	1,	6.0,	159.313,			2.631,			0.179,			0.056
565,	1,	95.0,	159.363,			1.048,			0.179,			0.056
566,	1,	120.0,	159.373,			2.579,			0.138,			0.05
567,	1,	7.0,	159.603,			1.561,			0.284,			0.059
568,	1,	90.0,	159.726,			1.879,			0.267,			0.055
569,	1,	44.0,	159.802,			2.222,			0.223,			0.051
570,	1,	49.0,	159.93,			1.516,			0.166,			0.057
571,	1,	59.0,	159.979,			1.653,			0.169,			0.052
572,	1,	126.0,	160.087,			1.303,			0.293,			0.052
573,	1,	6.0,	160.192,			2.278,			0.14,			0.051
574,	1,	126.0,	160.32,			1.313,			0.28,			0.052
575,	1,	214.0,	160.489,			1.844,			0.127,			0.06
576,	2,	259.0,	160.54,			10.178,			1.438,			0.12
577,	1,	387.0,	160.716,			2.407,			0.199,			0.051
578,	1,	30.0,	160.836,			2.991,			0.224,			0.052
579,	1,	447.0,	160.849,			1.61,			0.202,			0.055
580,	1,	59.0,	160.884,			1.524,			0.247,			0.051
581,	1,	28.0,	160.927,			2.155,			0.237,			0.053
582,	1,	7.0,	161.134,			1.952,			0.216,			0.057
583,	2,	108.0,	161.519,			13.528,			1.124,			0.127
584,	1,	49.0,	161.65,			1.174,			0.254,			0.059
585,	1,	16.0,	161.721,			1.091,			0.218,			0.051
586,	1,	157.0,	161.772,			1.314,			0.107,			0.053
587,	1,	10.0,	161.884,			1.104,			0.235,			0.05
588,	1,	379.0,	161.922,			2.914,			0.228,			0.053
589,	1,	6.0,	162.04,			1.928,			0.1,			0.056
590,	1,	146.0,	162.312,			1.709,			0.272,			0.051
591,	1,	6.0,	162.551,			2.852,			0.114,			0.058
592,	1,	498.0,	162.666,			1.79,			0.145,			0.051
593,	1,	447.0,	162.731,			1.108,			0.26,			0.056
594,	1,	90.0,	162.769,			1.651,			0.174,			0.055
595,	1,	214.0,	162.884,			2.984,			0.244,			0.059
596,	2,	169.0,	163.067,			14.789,			1.302,			0.137
597,	1,	7.0,	163.075,			1.933,			0.133,			0.056
598,	1,	120.0,	163.317,			2.366,			0.177,			0.051
599,	1,	7.0,	163.448,			1.467,			0.165,			0.051
600,	1,	6.0,	163.559,			2.948,			0.298,			0.054
601,	1,	44.0,	163.712,			2.051,			0.106,			0.056
602,	1,	157.0,	163.753,			2.03,			0.243,			0.06
603,	1,	512.0,	163.89,			2.653,			0.29,			0.056
604,	1,	387.0,	163.953,			1.024,			0.225,			0.055
605,	1,	379.0,	163.986,			1.376,			0.149,			0.057
606,	1,	6.0,	164.082,			1.566,			0.156,			0.051
607,	1,	146.0,	164.212,			1.307,			0.116,			0.06
608,	1,	44.0,	164.246,			2.14,			0.234,			0.058
609,	1,	44.0,	164.291,			2.144,			0.206,			0.051
610,	1,	13.0,	164.356,			1.869,			0.211,			0.057
611,	1,	6.0,	164.415,			2.346,			0.257,			0.059
612,	1,	7.0,	164.57,			2.616,			0.163,			0.057
613,	1,	44.0,	164.631,			1.472,			0.239,			0.051
614,	1,	387.0,	164.982,			1.316,			0.195,			0.055
615,	1,	169.0,	164.998,			1.996,			0.174,			0.053
616,	1,	559.0,	165.045,			1.407,			0.278,			0.051
617,	1,	7.0,	165.286,			1.654,			0.162,			0.054
618,	2,	129.0,	165.382,			13.021,			1.222,			0.137
619,	1,	169.0,	165.507,			2.872,			0.162,			0.057
620,	1,	90.0,	165.624,			2.881,			0.268,			0.054
621,	1,	512.0,	166.01,			1.075,			0.174,			0.059
622,	1,	447.0,	166.097,			1.307,			0.192,			0.059
623,	2,	109.0,	166.228,			12.521,			1.205,			0.106
624,	1,	126.0,	166.355,			2.102,			0.205,			0.052
625,	1,	30.0,	166.426,			1.996,			0.29,			0.054
626,	1,	90.0,	166.784,			2.342,			0.206,			0.056
627,	1,	13.0,	166.803,			1.481,			0.165,			0.057
628,	1,	126.0,	166.908,			2.03,			0.238,			0.059
629,	2,	210.0,	166.949,			11.819,			1.483,			0.147
630,	1,	13.0,	167.016,			2.454,			0.275,			0.058
631,	1,	559.0,	167.017,			2.006,			0.123,			0.055
632,	1,	10.0,	167.017,			1.828,			0.135,			0.051
633,	2,	95.0,	167.134,			10.792,			1.029,			0.135
634,	1,	59.0,	167.344,			1.805,			0.203,			0.059
635,	1,	30.0,	167.571,			1.994,			0.166,			0.051
636,	1,	6.0,	167.995,			1.968,			0.294,			0.055
637,	2,	138.0,	168.014,			11.81,			1.454,			0.127
638,	2,	205.0,	168.403,			12.89,			1.187,			0.154
639,	1,	498.0,	168.484,			2.947,			0.239,			0.056
640,	1,	447.0,	168.549,			1.667,			0.182,			0.057
641,	1,	103.0,	168.661,			2.78,			0.187,			0.051
642,	1,	447.0,	169.152,			2.198,			0.114,			0.053
643,	1,	126.0,	169.389,			1.119,			0.234,			0.052
644,	1,	157.0,	169.637,			1.188,			0.26,			0.054
645,	2,	137.0,	170.241,			12.649,			1.419,			0.102
646,	1,	7.0,	170.256,			2.795,			0.164,			0.056
647,	1,	28.0,	170.569,			2.95,			0.116,			0.057
648,	1,	44.0,	170.674,			2.018,			0.176,			0.055
649,	1,	387.0,	170.765,			1.45,			0.116,			0.059
650,	1,	498.0,	170.985,			2.237,			0.193,			0.05
651,	2,	140.0,	171.034,			13.129,			1.242,			0.157
652,	1,	387.0,	171.322,			1.607,			0.121,			0.056
653,	1,	498.0,	171.349,			2.8,			0.185,			0.055
654,	1,	7.0,	171.414,			2.893,			0.272,			0.056
655,	1,	16.0,	171.484,			1.158,			0.116,			0.051
656,	2,	315.0,	171.566,			13.17,			1.233,			0.113
657,	1,	16.0,	171.624,			1.543,			0.125,			0.055
658,	1,	16.0,	171.711,			2.03,			0.229,			0.055
659,	1,	169.0,	171.772,			2.532,			0.216,			0.056
660,	1,	6.0,	171.908,			1.807,			0.198,			0.052
661,	1,	95.0,	172.095,			1.362,			0.203,			0.051
662,	1,	6.0,	172.126,			1.376,			0.192,			0.057
663,	1,	447.0,	172.286,			2.031,			0.148,			0.051
664,	2,	110.0,	172.975,			11.28,			1.195,			0.133
665,	2,	142.0,	173.065,			13.684,			1.053,			0.199
666,	1,	379.0,	173.627,			1.566,			0.298,			0.056
667,	1,	16.0,	173.708,			1.256,			0.119,			0.051
668,	1,	103.0,	173.834,			2.681,			0.157,			0.06
669,	1,	7.0,	173.862,			1.005,			0.136,			0.055
670,	1,	44.0,	173.867,			2.8,			0.228,			0.053
671,	1,	7.0,	173.948,			1.168,			0.159,			0.055
672,	1,	95.0,	174.041,			1.061,			0.223,			0.054
673,	1,	387.0,	174.34,			1.969,			0.197,			0.056
674,	1,	7.0,	174.499,			2.968,			0.253,			0.056
675,	2,	238.0,	174.507,			11.89,			1.029,			0.14
676,	1,	498.0,	174.517,			2.893,			0.133,			0.057
677,	2,	138.0,	174.617,			10.484,			1.051,			0.182
678,	1,	59.0,	174.671,			2.968,			0.284,			0.051
679,	1,	120.0,	175.178,			2.765,			0.165,			0.059
680,	1,	90.0,	175.262,			2.632,			0.149,			0.058
681,	1,	16.0,	175.598,			2.393,			0.249,			0.054
682,	1,	7.0,	175.64,			2.553,			0.296,			0.055
683,	1,	120.0,	175.862,			2.381,			0.195,			0.059
684,	2,	210.0,	176.137,			11.886,			1.373,			0.159
685,	2,	150.0,	176.171,			13.346,			1.346,			0.109
686,	2,	172.0,	176.209,			14.387,			1.376,			0.114
687,	1,	95.0,	176.324,			2.415,			0.263,			0.05
688,	2,	127.0,	177.186,			13.574,			1.498,			0.138
689,	1,	169.0,	177.392,			1.422,			0.1,			0.057
690,	1,	7.0,	177.486,			1.535,			0.112,			0.053
691,	1,	6.0,	177.589,			2.232,			0.161,			0.054
692,	1,	103.0,	177.693,			2.252,			0.162,			0.059
693,	1,	6.0,	177.699,			2.096,			0.256,			0.052
694,	1,	214.0,	177.799,			1.61,			0.244,			0.053
695,	1,	126.0,	177.925,			1.098,			0.169,			0.055
696,	1,	559.0,	178.008,			1.014,			0.249,			0.053
697,	1,	512.0,	178.417,			1.337,			0.153,			0.058
698,	1,	512.0,	178.937,			1.146,			0.292,			0.055
699,	1,	44.0,	179.055,			1.625,			0.162,			0.051
700,	1,	120.0,	179.239,			2.599,			0.11,			0.06
701,	1,	59.0,	179.439,			2.199,			0.113,			0.051
702,	1,	7.0,	179.611,			1.651,			0.297,			0.055
703,	1,	30.0,	179.63,			2.238,			0.207,			0.05
704,	1,	90.0,	179.756,			1.362,			0.21,			0.057
705,	1,	95.0,	180.225,			2.947,			0.217,			0.054
706,	1,	146.0,	180.261,			1.36,			0.283,			0.054
707,	1,	95.0,	180.351,			1.561,			0.284,			0.059
708,	1,	7.0,	180.556,			1.204,			0.21,			0.059
709,	1,	95.0,	180.628,			1.827,			0.231,			0.056
710,	1,	7.0,	180.927,			1.679,			0.129,			0.058
711,	1,	498.0,	181.177,			2.314,			0.295,			0.055
712,	1,	6.0,	181.207,			2.653,			0.15,			0.052
713,	1,	13.0,	181.369,			1.485,			0.167,			0.051
714,	1,	49.0,	181.391,			2.555,			0.133,			0.058
715,	1,	6.0,	181.598,			2.025,			0.215,			0.051
716,	1,	95.0,	182.146,			2.084,			0.236,			0.052
717,	1,	120.0,	182.239,			1.075,			0.114,			0.059
718,	1,	559.0,	182.293,			2.055,			0.247,			0.058
719,	1,	157.0,	182.362,			2.342,			0.108,			0.053
720,	1,	6.0,	182.416,			2.153,			0.297,			0.051
721,	1,	10.0,	182.493,			1.031,			0.174,			0.051
722,	2,	79.0,	182.553,			12.789,			1.021,			0.167
723,	1,	13.0,	182.679,			1.293,			0.285,			0.055
724,	1,	157.0,	182.824,			1.956,			0.281,			0.052
725,	1,	157.0,	183.108,			1.467,			0.289,			0.056
726,	1,	44.0,	183.162,			1.031,			0.201,			0.053
727,	1,	7.0,	183.526,			1.909,			0.222,			0.056
728,	2,	218.0,	183.778,			14.407,			1.114,			0.168
729,	1,	44.0,	183.8,			1.988,			0.117,			0.052
730,	1,	49.0,	183.865,			2.446,			0.217,			0.051
731,	1,	44.0,	184.063,			2.761,			0.232,			0.056
732,	1,	512.0,	184.27,			2.879,			0.272,			0.054
733,	1,	44.0,	184.873,			2.408,			0.236,			0.052
734,	1,	379.0,	184.926,			1.217,			0.208,			0.055
735,	2,	133.0,	185.4,			11.886,			1.086,			0.122
736,	1,	6.0,	185.549,			1.075,			0.149,			0.06
737,	1,	146.0,	185.599,			2.522,			0.179,			0.057
738,	1,	7.0,	185.941,			1.515,			0.268,			0.054
739,	1,	44.0,	186.251,			1.914,			0.137,			0.058
740,	1,	559.0,	186.344,			1.056,			0.16,			0.051
741,	2,	194.0,	186.574,			13.36,			1.096,			0.175
742,	1,	95.0,	186.656,			2.947,			0.29,			0.052
743,	1,	103.0,	186.808,			1.681,			0.241,			0.057
744,	2,	86.0,	187.244,			10.686,			1.029,			0.176
745,	1,	44.0,	187.312,			2.016,			0.221,			0.054
746,	1,	6.0,	187.331,			2.947,			0.293,			0.059
747,	1,	169.0,	187.732,			2.885,			0.262,			0.054
748,	1,	28.0,	188.147,			2.056,			0.275,			0.055
749,	1,	16.0,	188.202,			1.188,			0.182,			0.059
750,	1,	214.0,	188.795,			1.343,			0.216,			0.056
751,	1,	44.0,	189.101,			1.651,			0.253,			0.053
752,	1,	7.0,	190.229,			2.114,			0.27,			0.055
753,	1,	49.0,	190.239,			2.1,			0.26,			0.057
754,	1,	379.0,	190.741,			1.168,			0.105,			0.053
755,	1,	559.0,	191.147,			2.819,			0.162,			0.06
756,	1,	6.0,	191.201,			2.314,			0.177,			0.057
757,	1,	387.0,	191.263,			2.122,			0.106,			0.058
758,	1,	6.0,	191.676,			2.446,			0.281,			0.056
759,	1,	7.0,	191.934,			1.07,			0.284,			0.059
760,	1,	447.0,	192.32,			1.505,			0.122,			0.057
761,	1,	379.0,	192.763,			2.379,			0.297,			0.055
762,	1,	146.0,	192.94,			1.307,			0.2,			0.053
763,	1,	498.0,	193.088,			1.737,			0.192,			0.051
764,	1,	7.0,	193.104,			2.2,			0.238,			0.051
765,	1,	6.0,	193.225,			2.317,			0.221,			0.051
766,	1,	126.0,	193.408,			1.657,			0.188,			0.055
767,	1,	7.0,	193.508,			1.774,			0.256,			0.057
768,	1,	512.0,	194.2,			2.857,			0.272,			0.056
769,	1,	6.0,	194.34,			2.748,			0.253,			0.052
770,	1,	7.0,	194.473,			1.316,			0.2,			0.06
771,	1,	7.0,	194.52,			1.571,			0.136,			0.054
772,	1,	90.0,	194.773,			2.872,			0.146,			0.055
773,	1,	44.0,	195.238,			2.073,			0.18,			0.055
774,	1,	49.0,	195.559,			1.984,			0.19,			0.051
775,	1,	157.0,	195.569,			2.225,			0.15,			0.05
776,	1,	13.0,	195.72,			1.761,			0.19,			0.057
777,	1,	157.0,	195.779,			1.566,			0.121,			0.053
778,	1,	6.0,	196.018,			2.726,			0.131,			0.056
779,	1,	379.0,	196.112,			1.266,			0.165,			0.052
780,	1,	214.0,	196.22,			2.827,			0.216,			0.053
781,	2,	188.0,	196.319,			11.864,			1.452,			0.145
782,	1,	95.0,	196.528,			1.481,			0.195,			0.052
783,	1,	44.0,	196.701,			1.835,			0.182,			0.052
784,	1,	103.0,	196.762,			2.276,			0.241,			0.051
785,	2,	155.0,	196.887,			10.365,			1.222,			0.132
786,	1,	120.0,	197.004,			2.636,			0.221,			0.053
787,	1,	10.0,	197.324,			2.09,			0.298,			0.057
788,	2,	141.0,	197.576,			14.289,			1.327,			0.142
789,	1,	447.0,	198.021,			1.791,			0.184,			0.057
790,	2,	268.0,	198.042,			14.624,			1.297,			0.126
791,	1,	214.0,	198.328,			2.838,			0.248,			0.058
792,	1,	126.0,	198.485,			1.481,			0.19,			0.055
793,	1,	7.0,	198.654,			1.188,			0.275,			0.053
794,	1,	7.0,	198.737,			1.868,			0.245,			0.05
795,	1,	126.0,	198.773,			1.011,			0.283,			0.051
796,	1,	498.0,	199.241,			1.784,			0.259,			0.051
797,	1,	59.0,	199.373,			1.035,			0.107,			0.06
798,	1,	387.0,	199.528,			1.42,			0.279,			0.059
799,	1,	498.0,	199.561,			1.639,			0.272,			0.059
800,	1,	7.0,	199.697,			1.485,			0.192,			0.051
801,	1,	157.0,	199.846,			1.111,			0.139,			0.052
802,	1,	498.0,	199.883,			2.19,			0.288,			0.055
803,	1,	28.0,	199.9,			2.645,			0.109,			0.056
804,	2,	194.0,	199.983,			12.648,			1.202,			0.103
805,	2,	184.0,	200.028,			11.753,			1.43,			0.191
806,	2,	232.0,	200.33,			11.402,			1.349,			0.105
807,	1,	90.0,	200.546,			2.786,			0.206,			0.05
808,	1,	120.0,	200.557,			2.509,			0.177,			0.054
809,	1,	157.0,	200.61,			1.337,			0.165,			0.051
810,	2,	137.0,	200.685,			12.424,			1.029,			0.196
811,	1,	512.0,	201.243,			1.188,			0.238,			0.058
812,	1,	16.0,	201.405,			1.908,			0.108,			0.056
813,	1,	30.0,	201.741,			1.67,			0.254,			0.051
814,	1,	7.0,	201.863,			1.683,			0.285,			0.051
815,	1,	95.0,	202.046,			1.006,			0.279,			0.058
816,	1,	7.0,	202.05,			1.701,			0.237,			0.059
817,	2,	225.0,	202.186,			10.672,			1.384,			0.144
818,	1,	7.0,	202.302,			1.499,			0.121,			0.052
819,	1,	512.0,	202.326,			2.545,			0.111,			0.058
820,	1,	28.0,	203.217,			2.305,			0.189,			0.052
821,	1,	95.0,	203.371,			1.05,			0.206,			0.058
822,	1,	214.0,	204.41,			1.024,			0.129,			0.057
823,	1,	49.0,	204.451,			1.164,			0.244,			0.05
824,	2,	201.0,	204.612,			11.134,			1.154,			0.178
825,	1,	10.0,	204.615,			1.63,			0.289,			0.057
826,	1,	157.0,	204.911,			2.795,			0.186,			0.057
827,	2,	176.0,	205.068,			12.608,			1.018,			0.152
828,	2,	24.0,	205.075,			10.586,			1.185,			0.195
829,	1,	387.0,	205.348,			2.084,			0.116,			0.058
830,	1,	498.0,	205.429,			2.303,			0.275,			0.053
831,	1,	44.0,	205.443,			1.662,			0.289,			0.06
832,	1,	90.0,	205.627,			1.659,			0.265,			0.056
833,	1,	7.0,	205.708,			1.23,			0.279,			0.052
834,	1,	387.0,	205.861,			1.007,			0.288,			0.052
835,	1,	28.0,	205.943,			1.455,			0.161,			0.058
836,	2,	125.0,	206.08,			11.587,			1.401,			0.139
837,	1,	559.0,	206.476,			1.105,			0.167,			0.051
838,	1,	44.0,	206.663,			2.857,			0.184,			0.057
839,	1,	44.0,	206.88,			2.269,			0.112,			0.05
840,	1,	6.0,	207.032,			1.07,			0.23,			0.055
841,	1,	512.0,	207.064,			2.796,			0.223,			0.051
842,	1,	447.0,	207.569,			2.628,			0.135,			0.053
843,	1,	157.0,	207.735,			1.807,			0.161,			0.053
844,	2,	106.0,	207.765,			10.225,			1.311,			0.125
845,	1,	49.0,	207.818,			1.879,			0.27,			0.052
846,	1,	6.0,	207.826,			2.18,			0.272,			0.059
847,	1,	44.0,	207.938,			1.542,			0.21,			0.055
848,	1,	157.0,	208.228,			2.318,			0.104,			0.051
849,	1,	30.0,	208.39,			2.549,			0.129,			0.057
850,	1,	6.0,	208.62,			2.956,			0.127,			0.057
851,	1,	512.0,	208.879,			1.111,			0.254,			0.054
852,	1,	13.0,	208.941,			2.034,			0.241,			0.058
853,	2,	182.0,	209.101,			10.523,			1.143,			0.142
854,	1,	512.0,	209.642,			2.449,			0.271,			0.055
855,	1,	7.0,	209.82,			2.299,			0.262,			0.054
856,	1,	447.0,	209.952,			1.609,			0.138,			0.055
857,	1,	95.0,	210.283,			1.455,			0.186,			0.056
858,	1,	214.0,	210.339,			2.757,			0.134,			0.054
859,	1,	90.0,	210.395,			2.703,			0.244,			0.056
860,	1,	30.0,	210.431,			2.838,			0.243,			0.058
861,	1,	90.0,	210.659,			1.008,			0.114,			0.054
862,	1,	559.0,	210.886,			1.471,			0.192,			0.056
863,	1,	559.0,	210.999,			2.726,			0.237,			0.06
864,	1,	6.0,	211.159,			1.932,			0.237,			0.052
865,	1,	447.0,	211.326,			1.455,			0.101,			0.05
866,	1,	559.0,	211.626,			1.679,			0.195,			0.051
867,	1,	30.0,	212.105,			1.715,			0.262,			0.057
868,	1,	146.0,	212.342,			1.701,			0.135,			0.051
869,	1,	512.0,	212.567,			2.104,			0.17,			0.05
870,	1,	169.0,	212.709,			1.681,			0.244,			0.053
871,	1,	90.0,	213.398,			1.07,			0.179,			0.054
872,	1,	379.0,	213.519,			1.542,			0.124,			0.058
873,	1,	95.0,	213.929,			2.612,			0.131,			0.057
874,	1,	13.0,	213.938,			1.588,			0.135,			0.057
875,	2,	260.0,	214.05,			12.821,			1.312,			0.155
876,	1,	512.0,	214.931,			1.651,			0.208,			0.055
877,	1,	214.0,	215.095,			2.238,			0.192,			0.059
878,	2,	332.0,	216.897,			12.701,			1.167,			0.119
879,	1,	44.0,	218.039,			1.749,			0.131,			0.054
880,	1,	157.0,	218.399,			1.314,			0.192,			0.057
881,	1,	30.0,	219.719,			1.844,			0.176,			0.056
882,	2,	289.0,	219.977,			10.751,			1.139,			0.112
883,	1,	44.0,	221.103,			1.071,			0.222,			0.058
884,	1,	387.0,	221.277,			1.437,			0.206,			0.059
885,	1,	7.0,	221.282,			1.883,			0.255,			0.051
886,	1,	126.0,	221.295,			1.188,			0.108,			0.052
887,	2,	109.0,	221.393,			12.299,			1.321,			0.147
888,	1,	169.0,	221.564,			2.163,			0.195,			0.053
889,	1,	28.0,	222.057,			2.832,			0.22,			0.05
890,	2,	125.0,	222.437,			13.871,			1.0,			0.153
891,	1,	214.0,	222.481,			1.596,			0.109,			0.053
892,	2,	235.0,	222.937,			14.633,			1.013,			0.164
893,	1,	379.0,	222.946,			2.09,			0.267,			0.058
894,	1,	44.0,	223.672,			1.168,			0.161,			0.059
895,	1,	95.0,	223.69,			2.509,			0.195,			0.056
896,	2,	143.0,	224.077,			10.392,			1.148,			0.133
897,	1,	498.0,	225.046,			1.097,			0.28,			0.056
898,	1,	7.0,	225.484,			2.449,			0.119,			0.055
899,	1,	387.0,	226.32,			1.187,			0.138,			0.055
900,	1,	59.0,	226.405,			1.357,			0.114,			0.058
901,	1,	7.0,	226.822,			1.467,			0.3,			0.057
902,	1,	95.0,	228.291,			1.869,			0.289,			0.05
903,	1,	6.0,	228.826,			2.181,			0.148,			0.052
904,	1,	10.0,	229.46,			1.776,			0.108,			0.054
905,	1,	379.0,	230.579,			1.424,			0.17,			0.057
906,	2,	105.0,	231.766,			10.27,			1.067,			0.103
907,	1,	559.0,	232.028,			1.879,			0.22,			0.057
908,	1,	559.0,	232.084,			1.801,			0.235,			0.051
909,	2,	118.0,	232.174,			11.215,			1.01,			0.195
910,	1,	447.0,	232.214,			1.302,			0.146,			0.06
911,	1,	169.0,	232.28,			1.722,			0.183,			0.053
912,	1,	28.0,	233.801,			1.445,			0.145,			0.06
913,	2,	73.0,	233.85,			11.433,			1.187,			0.133
914,	1,	498.0,	234.462,			1.541,			0.206,			0.06
915,	1,	447.0,	234.822,			2.885,			0.233,			0.056
916,	1,	7.0,	235.496,			2.616,			0.284,			0.054
917,	2,	118.0,	236.556,			11.573,			1.362,			0.106
918,	1,	387.0,	236.946,			2.712,			0.272,			0.055
919,	1,	559.0,	237.568,			2.273,			0.244,			0.05
920,	2,	160.0,	237.977,			14.32,			1.166,			0.1
921,	2,	207.0,	239.493,			11.649,			1.12,			0.137
922,	2,	128.0,	239.784,			11.289,			1.427,			0.19
923,	1,	7.0,	239.909,			1.672,			0.244,			0.06
924,	2,	138.0,	239.942,			10.584,			1.031,			0.172
925,	2,	131.0,	240.14,			13.487,			1.191,			0.107
926,	2,	84.0,	240.364,			12.33,			1.425,			0.184
927,	1,	146.0,	240.813,			2.283,			0.146,			0.058
928,	1,	387.0,	241.446,			2.144,			0.145,			0.058
929,	2,	148.0,	242.407,			11.661,			1.161,			0.107
930,	2,	133.0,	243.761,			14.859,			1.194,			0.102
931,	1,	28.0,	243.937,			1.164,			0.239,			0.057
932,	1,	126.0,	244.559,			2.509,			0.12,			0.059
933,	1,	103.0,	244.817,			2.786,			0.238,			0.059
934,	1,	16.0,	245.311,			2.377,			0.215,			0.056
935,	2,	181.0,	246.321,			13.111,			1.196,			0.11
936,	2,	130.0,	246.583,			10.584,			1.013,			0.125
937,	1,	7.0,	246.655,			1.69,			0.215,			0.054
938,	1,	49.0,	246.938,			2.169,			0.288,			0.06
939,	1,	157.0,	247.167,			2.034,			0.179,			0.053
940,	1,	120.0,	247.535,			2.249,			0.186,			0.06
941,	1,	120.0,	248.756,			1.269,			0.139,			0.051
942,	2,	66.0,	249.331,			10.893,			1.45,			0.121
943,	1,	6.0,	249.838,			1.651,			0.133,			0.054
944,	1,	447.0,	250.462,			1.395,			0.156,			0.059
945,	1,	10.0,	250.78,			1.909,			0.147,			0.054
946,	1,	13.0,	251.629,			2.076,			0.17,			0.054
947,	2,	195.0,	252.28,			13.587,			1.362,			0.105
948,	1,	120.0,	252.853,			2.862,			0.161,			0.05
949,	2,	181.0,	253.49,			12.107,			1.256,			0.133
950,	1,	13.0,	253.575,			2.748,			0.289,			0.051
951,	1,	498.0,	253.867,			2.985,			0.151,			0.058
952,	2,	186.0,	255.067,			13.288,			1.022,			0.107
953,	1,	512.0,	256.986,			1.985,			0.226,			0.051
954,	2,	146.0,	258.126,			10.527,			1.364,			0.111
955,	1,	44.0,	258.515,			1.732,			0.125,			0.051
956,	1,	95.0,	258.527,			1.035,			0.229,			0.051
957,	2,	131.0,	260.688,			13.348,			1.111,			0.15
958,	1,	49.0,	261.151,			2.155,			0.205,			0.054
959,	2,	226.0,	261.385,			14.692,			1.463,			0.16
960,	2,	122.0,	262.544,			14.666,			1.425,			0.196
961,	2,	174.0,	264.084,			14.314,			1.092,			0.15
962,	1,	126.0,	264.177,			2.799,			0.21,			0.051
963,	2,	145.0,	265.794,			12.134,			1.416,			0.113
964,	2,	209.0,	265.875,			10.187,			1.491,			0.113
965,	2,	162.0,	267.507,			13.224,			1.285,			0.165
966,	1,	49.0,	267.93,			1.019,			0.17,			0.052
967,	1,	169.0,	268.335,			2.509,			0.129,			0.051
968,	2,	89.0,	268.401,			12.26,			1.236,			0.136
969,	2,	122.0,	270.0,			11.3,			1.416,			0.134
970,	2,	151.0,	270.144,			14.48,			1.226,			0.138
971,	1,	126.0,	270.65,			2.1,			0.173,			0.054
972,	2,	177.0,	270.863,			10.707,			1.182,			0.107
973,	2,	115.0,	273.857,			11.194,			1.137,			0.118
974,	2,	82.0,	275.37,			14.509,			1.192,			0.176
975,	2,	163.0,	277.204,			10.319,			1.304,			0.19
976,	2,	188.0,	278.42,			10.316,			1.489,			0.139
977,	1,	120.0,	278.861,			1.121,			0.113,			0.06
978,	1,	387.0,	279.843,			1.256,			0.299,			0.055
979,	2,	36.0,	280.232,			10.782,			1.381,			0.196
980,	2,	180.0,	280.443,			11.302,			1.463,			0.161
981,	2,	128.0,	280.518,			11.816,			1.493,			0.114
982,	2,	151.0,	281.019,			13.911,			1.411,			0.145
983,	1,	6.0,	281.333,			2.675,			0.251,			0.056
984,	2,	168.0,	282.421,			13.645,			1.388,			0.148
985,	2,	100.0,	282.659,			13.345,			1.393,			0.104
986,	2,	171.0,	283.045,			14.646,			1.474,			0.155
987,	2,	90.0,	283.744,			14.334,			1.282,			0.125
988,	2,	117.0,	284.453,			14.235,			1.197,			0.114
989,	2,	287.0,	284.583,			10.957,			1.293,			0.127
990,	2,	198.0,	289.016,			10.78,			1.416,			0.166
991,	2,	223.0,	289.817,			14.528,			1.49,			0.181
992,	2,	204.0,	290.276,			13.743,			1.008,			0.1
993,	2,	104.0,	291.975,			10.651,			1.261,			0.198
994,	2,	135.0,	292.49,			11.93,			1.304,			0.134
995,	2,	144.0,	293.321,			11.383,			1.121,			0.194
996,	2,	148.0,	293.384,			14.961,			1.21,			0.111
997,	1,	10.0,	294.831,			1.523,			0.191,			0.058
998,	2,	122.0,	295.472,			12.924,			1.012,			0.147
999,	2,	117.0,	296.149,			12.271,			1.407,			0.138
1000,	2,	225.0,	299.515,			11.772,			1.053,			0.119
