#, task_type_id, size, arrival_time,	execution_time_cpu,	execution_time_gpu,	execution_time_CLOUD
1,	1,	7.0,	0.0,			2.598,			0.243,			0.051
2,	1,	7.0,	0.0,			1.038,			0.222,			0.054
3,	2,	82.0,	5.947,			12.649,			1.253,			0.132
4,	2,	184.0,	6.357,			11.392,			1.482,			0.16
5,	2,	114.0,	6.393,			11.438,			1.486,			0.117
6,	2,	220.0,	7.059,			10.77,			1.198,			0.183
7,	1,	146.0,	8.336,			2.28,			0.263,			0.06
8,	2,	136.0,	8.738,			11.392,			1.394,			0.198
9,	2,	128.0,	9.601,			13.168,			1.05,			0.11
10,	2,	148.0,	10.9,			10.902,			1.468,			0.155
11,	1,	10.0,	12.66,			2.866,			0.236,			0.055
12,	2,	204.0,	13.236,			13.816,			1.397,			0.101
13,	1,	13.0,	14.611,			2.377,			0.201,			0.051
14,	2,	170.0,	15.793,			10.627,			1.386,			0.177
15,	2,	109.0,	16.218,			13.961,			1.452,			0.106
16,	2,	180.0,	19.358,			11.772,			1.304,			0.125
17,	1,	103.0,	24.217,			1.581,			0.166,			0.057
18,	1,	120.0,	25.149,			2.756,			0.161,			0.052
19,	2,	144.0,	27.14,			13.299,			1.251,			0.157
20,	2,	136.0,	28.016,			10.475,			1.103,			0.141
21,	2,	168.0,	28.309,			11.719,			1.322,			0.152
22,	1,	379.0,	32.622,			1.42,			0.247,			0.059
23,	1,	95.0,	33.108,			1.643,			0.27,			0.052
24,	1,	214.0,	34.781,			2.874,			0.14,			0.053
25,	2,	193.0,	35.486,			12.458,			1.212,			0.151
26,	2,	172.0,	35.732,			11.662,			1.491,			0.139
27,	1,	379.0,	36.473,			1.561,			0.288,			0.052
28,	2,	183.0,	36.821,			12.363,			1.297,			0.19
29,	2,	269.0,	37.499,			14.948,			1.109,			0.113
30,	1,	447.0,	39.535,			2.222,			0.139,			0.05
31,	1,	6.0,	39.545,			1.841,			0.251,			0.052
32,	1,	95.0,	39.883,			1.005,			0.124,			0.06
33,	2,	86.0,	40.752,			10.778,			1.463,			0.121
34,	2,	136.0,	40.911,			10.383,			1.171,			0.184
35,	1,	16.0,	42.676,			2.8,			0.199,			0.051
36,	1,	7.0,	43.177,			1.541,			0.175,			0.052
37,	2,	228.0,	43.868,			10.78,			1.398,			0.125
38,	1,	120.0,	44.293,			1.805,			0.272,			0.059
39,	2,	213.0,	44.838,			10.6,			1.241,			0.168
40,	2,	116.0,	45.172,			10.778,			1.325,			0.159
41,	1,	6.0,	47.59,			2.256,			0.215,			0.057
42,	2,	177.0,	49.452,			10.84,			1.012,			0.166
43,	2,	225.0,	50.761,			13.369,			1.229,			0.125
44,	1,	10.0,	50.811,			1.364,			0.109,			0.051
45,	2,	118.0,	51.633,			11.915,			1.451,			0.185
46,	1,	95.0,	51.828,			1.164,			0.117,			0.057
47,	2,	69.0,	52.431,			12.145,			1.45,			0.115
48,	2,	15.0,	53.48,			13.837,			1.218,			0.151
49,	2,	171.0,	53.539,			12.146,			1.075,			0.179
50,	1,	44.0,	53.923,			1.752,			0.25,			0.057
51,	2,	197.0,	54.76,			13.528,			1.112,			0.155
52,	1,	44.0,	55.386,			1.262,			0.281,			0.053
53,	2,	138.0,	55.772,			10.837,			1.49,			0.195
54,	2,	219.0,	58.711,			11.696,			1.425,			0.123
55,	1,	7.0,	60.556,			1.663,			0.177,			0.053
56,	1,	387.0,	60.774,			2.896,			0.116,			0.054
57,	1,	16.0,	61.948,			1.733,			0.219,			0.058
58,	1,	559.0,	62.008,			2.799,			0.287,			0.056
59,	1,	157.0,	62.388,			1.749,			0.218,			0.057
60,	1,	120.0,	63.266,			2.991,			0.21,			0.056
61,	1,	7.0,	63.301,			2.149,			0.208,			0.05
62,	2,	87.0,	63.537,			14.936,			1.235,			0.144
63,	2,	143.0,	64.089,			13.89,			1.481,			0.108
64,	1,	7.0,	64.437,			2.449,			0.135,			0.055
65,	2,	149.0,	65.14,			14.011,			1.416,			0.18
66,	1,	512.0,	65.58,			1.128,			0.137,			0.06
67,	2,	184.0,	65.756,			13.854,			1.044,			0.126
68,	1,	559.0,	66.275,			1.76,			0.262,			0.054
69,	1,	49.0,	66.32,			1.56,			0.251,			0.055
70,	1,	169.0,	66.383,			1.056,			0.202,			0.06
71,	1,	44.0,	66.402,			1.742,			0.123,			0.053
72,	1,	447.0,	67.723,			1.245,			0.284,			0.056
73,	1,	59.0,	67.765,			2.298,			0.178,			0.058
74,	2,	148.0,	69.843,			11.488,			1.047,			0.109
75,	1,	7.0,	69.924,			1.13,			0.185,			0.051
76,	2,	77.0,	70.167,			12.909,			1.139,			0.185
77,	2,	179.0,	70.327,			13.288,			1.205,			0.163
78,	1,	10.0,	70.916,			2.948,			0.253,			0.052
79,	2,	171.0,	71.29,			11.658,			1.374,			0.195
80,	2,	101.0,	71.433,			11.043,			1.178,			0.191
81,	1,	169.0,	71.959,			2.914,			0.187,			0.054
82,	1,	30.0,	72.062,			2.568,			0.249,			0.054
83,	1,	214.0,	72.348,			1.553,			0.147,			0.05
84,	1,	30.0,	72.508,			1.509,			0.262,			0.053
85,	1,	387.0,	72.841,			1.485,			0.283,			0.052
86,	1,	447.0,	72.952,			2.838,			0.154,			0.056
87,	2,	366.0,	73.3,			12.93,			1.404,			0.194
88,	1,	7.0,	74.311,			2.52,			0.16,			0.053
89,	1,	214.0,	75.182,			2.759,			0.133,			0.059
90,	1,	7.0,	75.601,			2.948,			0.145,			0.05
91,	1,	7.0,	76.163,			1.875,			0.174,			0.053
92,	1,	126.0,	76.352,			1.467,			0.27,			0.051
93,	2,	187.0,	76.654,			12.144,			1.438,			0.169
94,	1,	28.0,	76.996,			1.494,			0.245,			0.052
95,	1,	169.0,	77.389,			1.719,			0.185,			0.053
96,	1,	146.0,	77.411,			1.719,			0.113,			0.05
97,	1,	559.0,	77.464,			1.841,			0.124,			0.058
98,	2,	69.0,	78.892,			13.943,			1.282,			0.173
99,	1,	103.0,	79.1,			1.671,			0.116,			0.053
100,	1,	28.0,	79.419,			2.874,			0.21,			0.052
101,	1,	95.0,	80.646,			1.383,			0.263,			0.06
102,	1,	49.0,	80.979,			1.774,			0.149,			0.059
103,	1,	214.0,	81.584,			2.065,			0.215,			0.055
104,	1,	30.0,	82.007,			1.914,			0.11,			0.055
105,	1,	447.0,	82.225,			1.262,			0.271,			0.057
106,	1,	379.0,	82.697,			1.08,			0.206,			0.059
107,	1,	30.0,	82.894,			1.816,			0.158,			0.051
108,	1,	6.0,	84.013,			2.684,			0.285,			0.051
109,	1,	498.0,	84.212,			1.467,			0.284,			0.057
110,	2,	182.0,	84.655,			14.546,			1.321,			0.189
111,	1,	13.0,	84.908,			2.984,			0.247,			0.054
112,	1,	447.0,	84.979,			1.08,			0.21,			0.057
113,	1,	90.0,	85.468,			1.431,			0.148,			0.057
114,	2,	177.0,	86.08,			11.89,			1.116,			0.109
115,	2,	115.0,	86.663,			11.28,			1.13,			0.136
116,	1,	103.0,	86.714,			2.268,			0.206,			0.059
117,	1,	7.0,	87.01,			1.052,			0.272,			0.055
118,	1,	169.0,	87.026,			2.492,			0.259,			0.057
119,	1,	498.0,	87.049,			2.14,			0.208,			0.057
120,	1,	10.0,	87.084,			2.278,			0.12,			0.055
121,	1,	447.0,	87.155,			1.588,			0.219,			0.057
122,	1,	6.0,	87.201,			2.541,			0.215,			0.058
123,	1,	44.0,	87.557,			2.58,			0.159,			0.055
124,	1,	157.0,	87.57,			1.386,			0.153,			0.053
125,	1,	90.0,	87.612,			1.977,			0.267,			0.06
126,	1,	146.0,	87.665,			1.169,			0.183,			0.06
127,	1,	146.0,	87.75,			2.986,			0.165,			0.055
128,	1,	95.0,	87.892,			2.888,			0.22,			0.056
129,	1,	28.0,	87.948,			1.748,			0.162,			0.056
130,	1,	447.0,	88.011,			2.14,			0.169,			0.052
131,	1,	44.0,	88.104,			2.407,			0.224,			0.057
132,	1,	6.0,	88.544,			1.609,			0.114,			0.055
133,	1,	6.0,	88.868,			1.442,			0.191,			0.058
134,	1,	49.0,	89.104,			2.055,			0.192,			0.056
135,	1,	103.0,	89.192,			2.299,			0.187,			0.052
136,	1,	16.0,	89.386,			2.78,			0.147,			0.054
137,	1,	10.0,	89.534,			1.769,			0.259,			0.056
138,	1,	30.0,	89.701,			2.896,			0.217,			0.056
139,	1,	95.0,	89.825,			2.681,			0.249,			0.058
140,	1,	157.0,	90.221,			1.14,			0.154,			0.051
141,	1,	146.0,	90.635,			1.774,			0.21,			0.059
142,	1,	49.0,	90.767,			2.18,			0.29,			0.057
143,	1,	10.0,	91.195,			2.799,			0.279,			0.059
144,	2,	281.0,	91.25,			13.224,			1.376,			0.182
145,	1,	10.0,	91.359,			2.631,			0.173,			0.057
146,	1,	447.0,	91.53,			1.107,			0.191,			0.058
147,	1,	379.0,	91.588,			2.76,			0.105,			0.06
148,	1,	379.0,	92.191,			2.866,			0.142,			0.058
149,	1,	49.0,	92.816,			2.486,			0.249,			0.052
150,	2,	233.0,	93.247,			14.576,			1.154,			0.179
151,	1,	7.0,	93.309,			2.706,			0.159,			0.056
152,	1,	559.0,	93.726,			1.024,			0.295,			0.059
153,	1,	95.0,	93.759,			2.31,			0.215,			0.051
154,	2,	155.0,	93.935,			14.771,			1.391,			0.133
155,	1,	7.0,	94.002,			1.612,			0.26,			0.05
156,	1,	6.0,	94.286,			2.219,			0.134,			0.059
157,	1,	6.0,	94.342,			2.398,			0.118,			0.053
158,	1,	28.0,	94.53,			1.105,			0.121,			0.057
159,	1,	7.0,	95.777,			2.175,			0.167,			0.05
160,	2,	191.0,	96.169,			11.449,			1.429,			0.11
161,	1,	146.0,	96.561,			2.265,			0.29,			0.059
162,	1,	7.0,	96.678,			2.454,			0.248,			0.051
163,	1,	120.0,	96.747,			2.114,			0.168,			0.053
164,	1,	214.0,	96.774,			2.074,			0.147,			0.06
165,	1,	7.0,	96.851,			1.403,			0.162,			0.051
166,	1,	49.0,	97.173,			2.1,			0.144,			0.057
167,	1,	7.0,	97.762,			1.114,			0.161,			0.055
168,	1,	157.0,	98.577,			1.683,			0.231,			0.052
169,	1,	7.0,	98.681,			2.974,			0.18,			0.051
170,	1,	30.0,	98.807,			2.794,			0.146,			0.05
171,	1,	103.0,	98.916,			1.45,			0.174,			0.051
172,	1,	126.0,	98.976,			2.8,			0.123,			0.058
173,	1,	498.0,	99.135,			2.559,			0.206,			0.059
174,	1,	169.0,	99.198,			2.985,			0.137,			0.06
175,	1,	16.0,	99.374,			1.814,			0.219,			0.06
176,	2,	130.0,	99.403,			14.215,			1.444,			0.116
177,	1,	28.0,	99.466,			1.203,			0.298,			0.052
178,	2,	369.0,	99.525,			13.849,			1.483,			0.197
179,	1,	44.0,	99.546,			2.027,			0.231,			0.057
180,	1,	387.0,	99.877,			2.36,			0.114,			0.053
181,	1,	7.0,	100.184,			1.009,			0.146,			0.05
182,	1,	103.0,	100.938,			1.972,			0.172,			0.058
183,	1,	6.0,	101.0,			2.799,			0.224,			0.056
184,	1,	6.0,	101.257,			1.833,			0.222,			0.057
185,	1,	7.0,	101.42,			2.219,			0.177,			0.058
186,	1,	387.0,	101.54,			1.364,			0.15,			0.05
187,	1,	214.0,	101.581,			1.651,			0.21,			0.051
188,	1,	49.0,	101.835,			1.269,			0.148,			0.056
189,	1,	169.0,	101.888,			2.412,			0.245,			0.059
190,	1,	157.0,	101.897,			2.509,			0.108,			0.05
191,	1,	90.0,	102.164,			1.816,			0.101,			0.05
192,	1,	157.0,	102.373,			1.908,			0.183,			0.057
193,	1,	498.0,	102.516,			2.004,			0.124,			0.057
194,	1,	49.0,	102.655,			2.557,			0.182,			0.056
195,	1,	103.0,	102.657,			1.988,			0.244,			0.055
196,	1,	447.0,	102.79,			1.232,			0.154,			0.052
197,	1,	379.0,	102.92,			1.868,			0.174,			0.053
198,	2,	114.0,	103.032,			12.801,			1.116,			0.134
199,	2,	84.0,	103.112,			12.924,			1.304,			0.155
200,	1,	498.0,	103.257,			1.857,			0.259,			0.051
201,	1,	126.0,	103.358,			2.429,			0.164,			0.054
202,	1,	126.0,	103.686,			1.64,			0.182,			0.059
203,	2,	206.0,	103.75,			11.215,			1.366,			0.114
204,	2,	184.0,	104.114,			14.323,			1.426,			0.17
205,	1,	7.0,	104.139,			2.479,			0.116,			0.057
206,	1,	6.0,	104.233,			2.288,			0.267,			0.051
207,	1,	49.0,	104.475,			2.76,			0.288,			0.058
208,	1,	169.0,	104.935,			1.645,			0.117,			0.055
209,	2,	213.0,	104.946,			13.298,			1.055,			0.196
210,	2,	89.0,	104.948,			12.064,			1.492,			0.194
211,	1,	447.0,	105.083,			2.52,			0.172,			0.054
212,	1,	30.0,	105.085,			2.645,			0.172,			0.051
213,	1,	44.0,	105.859,			1.478,			0.124,			0.051
214,	2,	148.0,	105.876,			12.581,			1.051,			0.134
215,	1,	447.0,	106.218,			1.752,			0.277,			0.052
216,	2,	79.0,	106.291,			11.12,			1.361,			0.122
217,	1,	49.0,	106.401,			1.126,			0.297,			0.052
218,	1,	90.0,	106.545,			1.104,			0.257,			0.055
219,	2,	155.0,	106.707,			11.864,			1.064,			0.156
220,	1,	44.0,	106.83,			1.091,			0.244,			0.056
221,	1,	6.0,	107.01,			2.893,			0.187,			0.059
222,	1,	126.0,	107.034,			1.731,			0.109,			0.053
223,	2,	120.0,	107.145,			10.721,			1.021,			0.149
224,	1,	13.0,	107.32,			1.024,			0.164,			0.052
225,	1,	379.0,	107.331,			1.313,			0.287,			0.052
226,	1,	7.0,	107.613,			2.393,			0.14,			0.054
227,	1,	59.0,	107.613,			1.662,			0.22,			0.059
228,	1,	103.0,	107.824,			1.742,			0.193,			0.052
229,	1,	103.0,	108.018,			1.104,			0.244,			0.058
230,	1,	120.0,	108.058,			1.814,			0.206,			0.05
231,	1,	103.0,	108.342,			2.33,			0.132,			0.054
232,	1,	10.0,	108.439,			1.213,			0.288,			0.053
233,	1,	7.0,	108.474,			1.458,			0.28,			0.054
234,	1,	6.0,	108.496,			2.983,			0.278,			0.055
235,	1,	447.0,	109.046,			1.121,			0.183,			0.053
236,	2,	105.0,	109.451,			13.027,			1.247,			0.113
237,	1,	16.0,	109.68,			1.115,			0.281,			0.051
238,	2,	365.0,	109.915,			12.127,			1.456,			0.108
239,	1,	103.0,	109.949,			1.014,			0.279,			0.059
240,	1,	7.0,	110.008,			1.128,			0.266,			0.056
241,	1,	379.0,	110.396,			1.671,			0.234,			0.054
242,	2,	273.0,	110.453,			10.912,			1.426,			0.18
243,	1,	7.0,	110.548,			2.939,			0.166,			0.052
244,	1,	214.0,	110.571,			1.25,			0.177,			0.055
245,	1,	7.0,	110.643,			2.726,			0.263,			0.057
246,	1,	30.0,	111.34,			2.555,			0.146,			0.055
247,	1,	7.0,	111.489,			1.004,			0.121,			0.051
248,	1,	7.0,	111.652,			1.494,			0.249,			0.053
249,	1,	10.0,	112.082,			2.761,			0.281,			0.053
250,	2,	217.0,	112.136,			10.586,			1.288,			0.156
251,	1,	13.0,	112.287,			1.509,			0.182,			0.052
252,	1,	103.0,	112.362,			2.757,			0.183,			0.059
253,	1,	498.0,	113.032,			1.807,			0.281,			0.053
254,	1,	387.0,	113.076,			1.382,			0.128,			0.054
255,	1,	447.0,	113.092,			1.548,			0.145,			0.057
256,	1,	10.0,	113.182,			1.031,			0.277,			0.06
257,	1,	49.0,	113.236,			2.636,			0.138,			0.053
258,	1,	387.0,	113.255,			1.731,			0.133,			0.054
259,	1,	498.0,	113.342,			2.544,			0.222,			0.056
260,	1,	498.0,	113.439,			1.688,			0.108,			0.057
261,	1,	7.0,	113.523,			1.366,			0.152,			0.056
262,	1,	28.0,	113.631,			1.26,			0.133,			0.052
263,	1,	7.0,	113.662,			1.799,			0.139,			0.053
264,	1,	387.0,	113.738,			1.432,			0.217,			0.054
265,	1,	16.0,	113.874,			1.651,			0.275,			0.056
266,	1,	10.0,	114.568,			1.232,			0.112,			0.059
267,	1,	7.0,	114.581,			2.11,			0.143,			0.056
268,	1,	30.0,	114.644,			1.869,			0.268,			0.053
269,	1,	447.0,	115.036,			1.186,			0.116,			0.06
270,	1,	90.0,	115.35,			2.303,			0.162,			0.054
271,	1,	387.0,	115.465,			1.708,			0.228,			0.059
272,	1,	447.0,	115.563,			1.581,			0.161,			0.055
273,	1,	7.0,	115.734,			2.612,			0.299,			0.06
274,	1,	6.0,	116.117,			1.279,			0.292,			0.05
275,	1,	103.0,	116.147,			1.225,			0.217,			0.054
276,	1,	169.0,	116.391,			1.186,			0.272,			0.05
277,	1,	90.0,	116.558,			2.557,			0.281,			0.057
278,	1,	498.0,	117.356,			1.582,			0.146,			0.051
279,	1,	103.0,	117.488,			2.697,			0.109,			0.056
280,	1,	447.0,	117.697,			1.816,			0.238,			0.055
281,	1,	169.0,	118.28,			2.034,			0.249,			0.055
282,	1,	157.0,	118.361,			1.158,			0.148,			0.055
283,	1,	7.0,	118.662,			2.057,			0.175,			0.057
284,	1,	13.0,	118.668,			1.305,			0.114,			0.058
285,	1,	146.0,	118.815,			1.807,			0.257,			0.05
286,	1,	214.0,	118.889,			1.933,			0.217,			0.052
287,	1,	95.0,	119.069,			2.11,			0.129,			0.051
288,	1,	387.0,	119.508,			2.055,			0.295,			0.054
289,	1,	498.0,	119.584,			1.968,			0.15,			0.055
290,	1,	126.0,	119.982,			1.841,			0.151,			0.059
291,	1,	387.0,	119.993,			1.211,			0.192,			0.054
292,	1,	90.0,	120.039,			2.637,			0.295,			0.057
293,	2,	210.0,	120.05,			11.71,			1.026,			0.142
294,	1,	157.0,	120.14,			1.663,			0.146,			0.051
295,	1,	7.0,	120.425,			2.675,			0.254,			0.053
296,	1,	214.0,	120.667,			1.61,			0.121,			0.059
297,	1,	157.0,	120.845,			1.776,			0.244,			0.057
298,	1,	7.0,	120.926,			1.911,			0.108,			0.058
299,	1,	6.0,	121.016,			1.742,			0.169,			0.052
300,	1,	157.0,	121.122,			1.038,			0.29,			0.058
301,	1,	44.0,	121.212,			2.555,			0.256,			0.058
302,	1,	103.0,	121.316,			2.181,			0.129,			0.056
303,	1,	95.0,	121.466,			1.756,			0.16,			0.053
304,	1,	447.0,	121.494,			2.602,			0.187,			0.055
305,	1,	146.0,	121.692,			2.328,			0.145,			0.052
306,	1,	214.0,	121.737,			1.532,			0.2,			0.051
307,	1,	10.0,	121.741,			1.08,			0.164,			0.058
308,	1,	49.0,	121.806,			1.442,			0.16,			0.059
309,	1,	6.0,	122.063,			2.813,			0.122,			0.051
310,	1,	6.0,	122.367,			2.055,			0.244,			0.057
311,	2,	231.0,	122.788,			13.162,			1.418,			0.123
312,	1,	447.0,	122.878,			1.393,			0.257,			0.052
313,	1,	44.0,	123.163,			2.612,			0.284,			0.05
314,	1,	6.0,	123.185,			1.031,			0.131,			0.056
315,	1,	120.0,	123.262,			1.515,			0.192,			0.058
316,	1,	90.0,	123.279,			2.984,			0.108,			0.051
317,	1,	120.0,	123.285,			1.174,			0.102,			0.055
318,	1,	559.0,	123.421,			2.298,			0.128,			0.056
319,	1,	7.0,	123.445,			2.087,			0.131,			0.059
320,	1,	512.0,	123.475,			2.968,			0.107,			0.057
321,	1,	512.0,	123.702,			2.914,			0.151,			0.058
322,	2,	153.0,	123.838,			13.816,			1.32,			0.195
323,	1,	7.0,	124.12,			2.582,			0.215,			0.051
324,	1,	214.0,	124.173,			1.285,			0.279,			0.052
325,	1,	49.0,	124.418,			1.76,			0.2,			0.057
326,	2,	231.0,	124.48,			10.014,			1.416,			0.189
327,	2,	127.0,	124.9,			13.038,			1.341,			0.153
328,	1,	120.0,	125.069,			2.454,			0.244,			0.052
329,	2,	141.0,	125.134,			14.23,			1.29,			0.191
330,	1,	30.0,	125.259,			2.525,			0.107,			0.058
331,	1,	512.0,	125.404,			1.737,			0.27,			0.057
332,	1,	10.0,	125.632,			1.709,			0.293,			0.053
333,	1,	126.0,	125.643,			2.057,			0.227,			0.051
334,	1,	512.0,	125.652,			1.435,			0.211,			0.054
335,	1,	28.0,	125.654,			2.068,			0.107,			0.059
336,	1,	44.0,	125.806,			1.857,			0.291,			0.051
337,	1,	559.0,	125.928,			2.581,			0.215,			0.055
338,	1,	6.0,	126.077,			2.643,			0.122,			0.05
339,	2,	160.0,	126.124,			13.75,			1.467,			0.122
340,	1,	95.0,	126.458,			1.356,			0.254,			0.055
341,	1,	512.0,	126.55,			2.879,			0.14,			0.059
342,	1,	7.0,	126.585,			2.31,			0.179,			0.053
343,	1,	7.0,	126.591,			2.425,			0.168,			0.055
344,	1,	44.0,	126.657,			2.03,			0.122,			0.052
345,	1,	95.0,	126.798,			2.567,			0.139,			0.057
346,	1,	6.0,	126.826,			1.81,			0.206,			0.054
347,	2,	109.0,	126.864,			11.696,			1.322,			0.167
348,	2,	159.0,	127.373,			14.737,			1.2,			0.174
349,	1,	387.0,	127.731,			2.568,			0.175,			0.052
350,	1,	6.0,	127.979,			1.435,			0.176,			0.056
351,	2,	185.0,	128.045,			13.998,			1.114,			0.104
352,	2,	78.0,	128.219,			14.249,			1.0,			0.142
353,	1,	44.0,	128.258,			2.096,			0.192,			0.06
354,	1,	28.0,	128.279,			1.467,			0.157,			0.053
355,	1,	95.0,	128.377,			1.364,			0.235,			0.058
356,	1,	30.0,	128.466,			1.27,			0.123,			0.054
357,	1,	16.0,	128.725,			1.371,			0.205,			0.059
358,	1,	10.0,	128.815,			1.979,			0.266,			0.054
359,	1,	49.0,	129.105,			2.461,			0.258,			0.054
360,	1,	214.0,	129.12,			2.269,			0.183,			0.058
361,	1,	379.0,	129.278,			2.757,			0.228,			0.056
362,	1,	95.0,	129.437,			2.503,			0.278,			0.053
363,	1,	10.0,	129.647,			1.327,			0.25,			0.055
364,	1,	7.0,	129.729,			2.316,			0.144,			0.058
365,	1,	214.0,	130.033,			2.151,			0.15,			0.058
366,	1,	103.0,	130.172,			2.193,			0.283,			0.054
367,	1,	7.0,	130.936,			1.523,			0.277,			0.055
368,	1,	28.0,	131.817,			1.17,			0.226,			0.059
369,	2,	228.0,	131.949,			11.957,			1.169,			0.121
370,	1,	146.0,	132.009,			2.314,			0.147,			0.05
371,	1,	13.0,	132.332,			1.187,			0.208,			0.053
372,	1,	90.0,	132.35,			1.822,			0.142,			0.051
373,	1,	7.0,	132.411,			1.869,			0.134,			0.052
374,	1,	498.0,	132.535,			2.351,			0.134,			0.058
375,	1,	95.0,	132.685,			2.388,			0.216,			0.053
376,	1,	6.0,	132.881,			1.376,			0.151,			0.05
377,	1,	7.0,	133.04,			1.423,			0.109,			0.057
378,	2,	166.0,	133.326,			13.288,			1.356,			0.155
379,	1,	6.0,	133.468,			2.265,			0.177,			0.059
380,	1,	59.0,	133.614,			2.861,			0.189,			0.052
381,	1,	126.0,	134.151,			1.907,			0.126,			0.057
382,	1,	7.0,	134.16,			1.128,			0.269,			0.054
383,	1,	146.0,	134.206,			2.087,			0.241,			0.054
384,	1,	44.0,	134.225,			1.353,			0.214,			0.059
385,	1,	559.0,	134.379,			1.121,			0.231,			0.05
386,	1,	169.0,	134.51,			1.044,			0.129,			0.058
387,	1,	498.0,	134.642,			1.16,			0.26,			0.053
388,	1,	13.0,	134.8,			2.143,			0.27,			0.053
389,	2,	241.0,	134.993,			10.554,			1.376,			0.141
390,	1,	146.0,	135.063,			2.858,			0.133,			0.051
391,	1,	7.0,	135.079,			2.436,			0.111,			0.057
392,	2,	220.0,	135.15,			11.423,			1.155,			0.141
393,	1,	6.0,	135.261,			2.819,			0.281,			0.06
394,	1,	7.0,	135.392,			1.605,			0.222,			0.051
395,	1,	120.0,	135.492,			1.014,			0.267,			0.057
396,	2,	111.0,	135.594,			13.735,			1.038,			0.138
397,	1,	103.0,	136.044,			2.102,			0.121,			0.06
398,	2,	197.0,	136.111,			13.061,			1.262,			0.155
399,	1,	559.0,	136.561,			2.943,			0.206,			0.057
400,	2,	76.0,	136.735,			11.617,			1.268,			0.161
401,	2,	153.0,	137.292,			12.421,			1.244,			0.101
402,	1,	559.0,	137.579,			2.711,			0.267,			0.054
403,	1,	30.0,	137.856,			2.415,			0.16,			0.058
404,	1,	16.0,	138.16,			1.188,			0.226,			0.051
405,	1,	10.0,	138.279,			1.99,			0.198,			0.054
406,	1,	7.0,	138.287,			2.598,			0.241,			0.054
407,	1,	6.0,	138.303,			2.606,			0.162,			0.056
408,	1,	30.0,	138.379,			1.669,			0.108,			0.06
409,	2,	185.0,	138.53,			10.269,			1.477,			0.199
410,	2,	80.0,	138.821,			12.876,			1.012,			0.166
411,	1,	512.0,	138.84,			1.9,			0.222,			0.052
412,	1,	44.0,	138.969,			1.631,			0.275,			0.05
413,	1,	157.0,	139.122,			1.408,			0.103,			0.055
414,	1,	559.0,	139.27,			2.922,			0.202,			0.052
415,	2,	169.0,	139.336,			14.921,			1.493,			0.115
416,	1,	498.0,	139.377,			1.472,			0.113,			0.054
417,	2,	133.0,	139.382,			10.074,			1.219,			0.126
418,	1,	103.0,	139.419,			1.45,			0.139,			0.054
419,	1,	157.0,	139.427,			2.757,			0.274,			0.056
420,	1,	214.0,	139.453,			1.558,			0.153,			0.058
421,	1,	512.0,	139.555,			1.119,			0.294,			0.052
422,	1,	44.0,	139.638,			1.554,			0.237,			0.059
423,	1,	7.0,	139.681,			2.302,			0.184,			0.05
424,	1,	6.0,	139.703,			1.841,			0.21,			0.053
425,	1,	7.0,	139.722,			1.104,			0.122,			0.055
426,	1,	379.0,	139.945,			1.226,			0.221,			0.058
427,	1,	13.0,	140.007,			1.03,			0.219,			0.059
428,	1,	169.0,	140.053,			2.256,			0.119,			0.056
429,	1,	16.0,	140.098,			1.681,			0.292,			0.057
430,	1,	146.0,	140.167,			1.166,			0.165,			0.059
431,	1,	214.0,	140.357,			1.811,			0.237,			0.051
432,	1,	126.0,	140.642,			1.566,			0.277,			0.052
433,	1,	559.0,	140.663,			1.752,			0.221,			0.057
434,	1,	512.0,	140.715,			1.883,			0.147,			0.053
435,	1,	6.0,	140.723,			1.655,			0.167,			0.051
436,	1,	7.0,	141.032,			1.464,			0.224,			0.054
437,	1,	95.0,	141.074,			1.121,			0.164,			0.054
438,	1,	512.0,	141.106,			2.238,			0.244,			0.059
439,	1,	103.0,	141.375,			2.76,			0.28,			0.06
440,	1,	157.0,	141.509,			2.522,			0.118,			0.053
441,	1,	146.0,	141.79,			1.9,			0.184,			0.055
442,	1,	95.0,	142.007,			1.701,			0.182,			0.053
443,	1,	44.0,	142.093,			1.505,			0.119,			0.059
444,	1,	44.0,	142.139,			2.414,			0.168,			0.06
445,	1,	512.0,	142.163,			2.832,			0.234,			0.054
446,	1,	169.0,	142.521,			1.672,			0.101,			0.054
447,	1,	16.0,	142.821,			1.484,			0.222,			0.056
448,	1,	120.0,	142.823,			1.719,			0.12,			0.055
449,	2,	198.0,	142.872,			10.686,			1.295,			0.168
450,	2,	180.0,	143.07,			10.666,			1.479,			0.149
451,	1,	7.0,	143.154,			1.679,			0.264,			0.054
452,	1,	44.0,	143.313,			1.841,			0.159,			0.058
453,	1,	379.0,	143.64,			2.879,			0.131,			0.056
454,	1,	16.0,	143.69,			1.009,			0.23,			0.058
455,	1,	379.0,	143.771,			1.613,			0.257,			0.057
456,	1,	7.0,	143.875,			2.618,			0.188,			0.055
457,	1,	126.0,	144.016,			1.86,			0.15,			0.059
458,	1,	6.0,	144.076,			1.408,			0.236,			0.051
459,	1,	59.0,	144.25,			2.346,			0.278,			0.055
460,	1,	498.0,	144.336,			1.613,			0.131,			0.053
461,	1,	30.0,	144.452,			1.364,			0.173,			0.059
462,	1,	28.0,	144.823,			1.172,			0.114,			0.058
463,	1,	498.0,	144.823,			2.691,			0.119,			0.053
464,	1,	44.0,	145.043,			1.981,			0.244,			0.051
465,	2,	126.0,	145.055,			12.909,			1.438,			0.125
466,	1,	498.0,	145.077,			1.226,			0.283,			0.056
467,	1,	6.0,	145.133,			2.542,			0.189,			0.051
468,	1,	44.0,	145.172,			1.731,			0.131,			0.057
469,	1,	28.0,	145.213,			2.175,			0.216,			0.052
470,	2,	76.0,	145.791,			10.979,			1.456,			0.107
471,	1,	126.0,	146.457,			2.148,			0.255,			0.059
472,	1,	559.0,	146.528,			1.105,			0.107,			0.052
473,	1,	90.0,	147.027,			2.047,			0.173,			0.059
474,	1,	498.0,	147.138,			2.048,			0.294,			0.057
475,	1,	44.0,	147.201,			1.786,			0.191,			0.054
476,	1,	49.0,	147.227,			2.533,			0.162,			0.051
477,	1,	95.0,	147.271,			2.914,			0.238,			0.057
478,	1,	6.0,	147.587,			1.126,			0.153,			0.056
479,	1,	7.0,	147.957,			1.683,			0.248,			0.06
480,	1,	379.0,	148.022,			2.76,			0.177,			0.058
481,	1,	7.0,	148.209,			2.33,			0.128,			0.055
482,	1,	387.0,	148.247,			2.408,			0.237,			0.053
483,	1,	49.0,	148.252,			2.799,			0.263,			0.058
484,	1,	447.0,	148.328,			2.751,			0.288,			0.052
485,	1,	90.0,	148.354,			2.103,			0.189,			0.057
486,	1,	157.0,	148.576,			2.895,			0.257,			0.053
487,	1,	559.0,	148.577,			1.128,			0.189,			0.059
488,	1,	157.0,	148.581,			2.2,			0.227,			0.059
489,	2,	44.0,	148.67,			10.952,			1.029,			0.125
490,	1,	126.0,	148.776,			2.388,			0.239,			0.05
491,	2,	185.0,	148.833,			10.769,			1.131,			0.121
492,	1,	6.0,	148.847,			1.733,			0.287,			0.051
493,	1,	126.0,	149.236,			2.636,			0.299,			0.056
494,	1,	157.0,	149.446,			1.605,			0.238,			0.059
495,	1,	7.0,	149.514,			2.69,			0.239,			0.053
496,	1,	10.0,	149.809,			2.084,			0.221,			0.055
497,	1,	157.0,	150.19,			1.853,			0.129,			0.051
498,	1,	16.0,	150.345,			1.709,			0.23,			0.055
499,	1,	169.0,	150.639,			2.193,			0.132,			0.057
500,	1,	49.0,	150.66,			2.301,			0.162,			0.056
501,	1,	44.0,	150.726,			2.705,			0.29,			0.053
502,	2,	290.0,	150.773,			14.464,			1.422,			0.187
503,	1,	512.0,	150.839,			1.81,			0.215,			0.056
504,	1,	59.0,	150.982,			1.36,			0.19,			0.05
505,	1,	447.0,	151.033,			2.479,			0.136,			0.057
506,	1,	103.0,	151.141,			2.244,			0.186,			0.054
507,	1,	7.0,	151.453,			1.204,			0.189,			0.057
508,	1,	16.0,	151.624,			1.484,			0.146,			0.06
509,	1,	28.0,	151.639,			1.213,			0.27,			0.055
510,	1,	126.0,	151.818,			2.342,			0.106,			0.051
511,	1,	447.0,	152.303,			2.795,			0.124,			0.051
512,	1,	13.0,	152.419,			2.872,			0.146,			0.055
513,	1,	498.0,	152.5,			1.158,			0.182,			0.059
514,	2,	266.0,	152.674,			14.172,			1.066,			0.166
515,	1,	379.0,	152.903,			2.972,			0.192,			0.052
516,	1,	157.0,	153.016,			2.131,			0.161,			0.06
517,	1,	49.0,	153.106,			1.566,			0.29,			0.054
518,	1,	379.0,	153.116,			2.727,			0.22,			0.06
519,	1,	95.0,	153.117,			2.265,			0.224,			0.054
520,	1,	214.0,	153.307,			1.662,			0.113,			0.051
521,	1,	6.0,	153.612,			1.643,			0.164,			0.056
522,	1,	6.0,	153.692,			2.28,			0.233,			0.058
523,	1,	559.0,	153.753,			2.852,			0.15,			0.051
524,	1,	10.0,	153.876,			1.875,			0.255,			0.054
525,	1,	7.0,	153.925,			1.56,			0.131,			0.051
526,	2,	133.0,	154.083,			10.886,			1.349,			0.134
527,	1,	6.0,	154.128,			2.879,			0.193,			0.059
528,	1,	59.0,	154.147,			2.298,			0.111,			0.056
529,	1,	59.0,	154.204,			1.356,			0.187,			0.056
530,	1,	512.0,	154.25,			1.343,			0.208,			0.051
531,	1,	498.0,	154.302,			2.795,			0.212,			0.058
532,	1,	103.0,	154.454,			1.807,			0.288,			0.059
533,	1,	13.0,	154.688,			2.143,			0.248,			0.053
534,	1,	7.0,	154.695,			1.134,			0.28,			0.057
535,	1,	103.0,	154.704,			1.394,			0.209,			0.055
536,	1,	157.0,	154.745,			2.922,			0.231,			0.055
537,	1,	512.0,	154.747,			1.631,			0.29,			0.051
538,	1,	28.0,	154.782,			2.556,			0.226,			0.06
539,	2,	156.0,	154.797,			10.808,			1.222,			0.175
540,	1,	7.0,	155.006,			1.667,			0.234,			0.059
541,	2,	144.0,	155.27,			14.337,			1.426,			0.104
542,	1,	7.0,	155.33,			2.681,			0.147,			0.053
543,	1,	126.0,	155.409,			2.757,			0.2,			0.056
544,	1,	49.0,	155.743,			1.382,			0.212,			0.056
545,	1,	447.0,	155.815,			1.13,			0.241,			0.053
546,	1,	146.0,	156.008,			1.791,			0.222,			0.05
547,	1,	44.0,	156.179,			2.618,			0.218,			0.053
548,	1,	7.0,	156.279,			2.282,			0.246,			0.055
549,	1,	44.0,	156.427,			2.169,			0.136,			0.051
550,	1,	7.0,	156.534,			1.367,			0.12,			0.055
551,	1,	120.0,	156.612,			1.382,			0.279,			0.058
552,	1,	59.0,	156.777,			2.223,			0.28,			0.058
553,	1,	16.0,	156.914,			1.653,			0.16,			0.056
554,	1,	44.0,	156.926,			2.345,			0.241,			0.055
555,	1,	90.0,	156.928,			2.532,			0.172,			0.056
556,	1,	498.0,	157.012,			1.366,			0.145,			0.052
557,	1,	103.0,	157.382,			1.561,			0.217,			0.053
558,	1,	120.0,	157.405,			2.114,			0.199,			0.057
559,	1,	6.0,	157.428,			1.078,			0.174,			0.054
560,	1,	28.0,	157.492,			2.2,			0.233,			0.058
561,	1,	7.0,	157.582,			1.148,			0.114,			0.052
562,	1,	214.0,	157.62,			1.719,			0.278,			0.06
563,	1,	49.0,	157.636,			2.321,			0.282,			0.057
564,	1,	387.0,	157.921,			1.014,			0.28,			0.055
565,	1,	559.0,	157.931,			1.981,			0.19,			0.052
566,	1,	559.0,	158.069,			1.229,			0.228,			0.052
567,	1,	559.0,	158.072,			1.557,			0.231,			0.051
568,	1,	6.0,	158.175,			1.729,			0.212,			0.055
569,	1,	387.0,	158.183,			1.485,			0.161,			0.051
570,	1,	30.0,	158.217,			2.945,			0.176,			0.051
571,	1,	559.0,	158.488,			1.302,			0.252,			0.06
572,	2,	162.0,	158.505,			13.437,			1.367,			0.137
573,	2,	108.0,	158.621,			13.977,			1.168,			0.133
574,	1,	16.0,	158.872,			2.438,			0.121,			0.056
575,	1,	103.0,	158.888,			2.92,			0.216,			0.059
576,	1,	44.0,	158.89,			1.056,			0.212,			0.055
577,	1,	512.0,	159.067,			1.13,			0.234,			0.054
578,	1,	44.0,	159.432,			2.199,			0.249,			0.053
579,	1,	28.0,	159.449,			1.486,			0.278,			0.059
580,	1,	95.0,	159.62,			2.935,			0.256,			0.056
581,	1,	90.0,	159.98,			1.447,			0.236,			0.055
582,	1,	126.0,	160.041,			1.679,			0.275,			0.051
583,	2,	118.0,	160.077,			13.266,			1.314,			0.133
584,	1,	90.0,	160.173,			2.503,			0.159,			0.055
585,	1,	16.0,	160.178,			1.756,			0.122,			0.051
586,	1,	126.0,	160.219,			2.625,			0.249,			0.058
587,	1,	7.0,	160.257,			2.385,			0.202,			0.06
588,	1,	387.0,	160.28,			2.606,			0.12,			0.053
589,	1,	512.0,	160.328,			2.122,			0.174,			0.057
590,	1,	28.0,	160.452,			1.174,			0.151,			0.06
591,	2,	69.0,	160.453,			10.235,			1.346,			0.113
592,	1,	157.0,	160.805,			2.388,			0.279,			0.055
593,	1,	214.0,	161.101,			1.386,			0.25,			0.056
594,	1,	7.0,	161.121,			1.263,			0.162,			0.051
595,	1,	16.0,	161.877,			2.534,			0.172,			0.059
596,	1,	49.0,	161.988,			2.199,			0.195,			0.054
597,	2,	161.0,	161.989,			14.4,			1.217,			0.133
598,	1,	16.0,	162.411,			1.516,			0.162,			0.058
599,	1,	44.0,	162.512,			2.238,			0.259,			0.054
600,	1,	28.0,	162.574,			1.107,			0.275,			0.054
601,	1,	30.0,	162.656,			1.289,			0.206,			0.054
602,	1,	7.0,	162.724,			2.349,			0.234,			0.059
603,	1,	7.0,	162.828,			2.304,			0.236,			0.06
604,	1,	95.0,	163.306,			2.973,			0.121,			0.059
605,	1,	7.0,	163.446,			1.99,			0.254,			0.052
606,	1,	49.0,	163.475,			1.148,			0.101,			0.054
607,	1,	10.0,	163.499,			2.598,			0.125,			0.056
608,	1,	512.0,	163.74,			1.679,			0.244,			0.056
609,	1,	7.0,	163.89,			2.013,			0.293,			0.053
610,	1,	103.0,	163.966,			2.932,			0.169,			0.054
611,	1,	169.0,	164.02,			2.684,			0.108,			0.057
612,	1,	28.0,	164.365,			2.819,			0.262,			0.056
613,	1,	498.0,	164.489,			2.114,			0.171,			0.053
614,	2,	93.0,	164.765,			11.339,			1.456,			0.181
615,	1,	6.0,	164.846,			1.489,			0.203,			0.054
616,	1,	387.0,	164.991,			1.334,			0.241,			0.054
617,	1,	146.0,	165.073,			1.708,			0.172,			0.051
618,	1,	214.0,	165.109,			1.402,			0.209,			0.059
619,	1,	49.0,	165.333,			1.737,			0.287,			0.057
620,	1,	44.0,	165.552,			2.675,			0.231,			0.059
621,	1,	95.0,	165.795,			1.303,			0.253,			0.058
622,	1,	16.0,	165.916,			1.314,			0.152,			0.05
623,	2,	258.0,	166.388,			11.63,			1.053,			0.143
624,	1,	157.0,	166.398,			1.553,			0.103,			0.059
625,	1,	7.0,	166.798,			2.047,			0.112,			0.051
626,	1,	447.0,	166.887,			2.888,			0.135,			0.059
627,	1,	157.0,	167.374,			2.379,			0.254,			0.052
628,	1,	169.0,	167.42,			2.661,			0.239,			0.05
629,	1,	120.0,	167.552,			1.289,			0.145,			0.06
630,	1,	13.0,	167.837,			1.309,			0.297,			0.052
631,	1,	169.0,	167.917,			2.748,			0.16,			0.054
632,	1,	120.0,	167.954,			2.268,			0.17,			0.058
633,	1,	512.0,	168.874,			2.131,			0.157,			0.051
634,	1,	7.0,	169.039,			1.72,			0.217,			0.05
635,	1,	103.0,	169.141,			1.962,			0.231,			0.056
636,	2,	109.0,	169.53,			11.289,			1.197,			0.127
637,	1,	169.0,	169.742,			2.076,			0.206,			0.055
638,	1,	559.0,	169.745,			1.051,			0.112,			0.058
639,	1,	44.0,	170.045,			2.879,			0.183,			0.054
640,	1,	95.0,	170.367,			2.273,			0.222,			0.055
641,	1,	146.0,	170.372,			1.821,			0.161,			0.059
642,	1,	44.0,	170.388,			1.637,			0.125,			0.056
643,	1,	90.0,	170.417,			1.731,			0.268,			0.057
644,	1,	10.0,	170.434,			2.408,			0.114,			0.057
645,	1,	95.0,	170.523,			2.522,			0.287,			0.057
646,	1,	59.0,	170.863,			1.245,			0.285,			0.055
647,	1,	169.0,	171.119,			2.857,			0.235,			0.053
648,	1,	49.0,	171.131,			2.448,			0.227,			0.056
649,	1,	44.0,	171.147,			2.013,			0.104,			0.057
650,	1,	559.0,	171.184,			2.449,			0.28,			0.06
651,	2,	148.0,	171.724,			10.84,			1.334,			0.196
652,	1,	16.0,	171.751,			2.861,			0.227,			0.053
653,	1,	49.0,	171.886,			1.293,			0.158,			0.058
654,	1,	6.0,	171.974,			1.128,			0.223,			0.053
655,	1,	95.0,	172.027,			1.076,			0.142,			0.056
656,	2,	112.0,	172.084,			10.871,			1.407,			0.104
657,	1,	157.0,	172.294,			2.144,			0.287,			0.052
658,	1,	7.0,	172.336,			1.285,			0.133,			0.057
659,	1,	559.0,	172.457,			2.09,			0.103,			0.051
660,	1,	7.0,	172.484,			1.018,			0.205,			0.058
661,	1,	95.0,	172.659,			2.663,			0.268,			0.051
662,	1,	512.0,	172.683,			1.431,			0.133,			0.052
663,	1,	6.0,	172.796,			2.398,			0.109,			0.052
664,	1,	146.0,	172.946,			2.143,			0.216,			0.054
665,	1,	7.0,	173.064,			1.086,			0.166,			0.055
666,	2,	138.0,	173.127,			12.809,			1.422,			0.16
667,	2,	141.0,	173.245,			10.223,			1.456,			0.142
668,	1,	44.0,	173.382,			2.318,			0.161,			0.054
669,	1,	379.0,	173.535,			1.031,			0.116,			0.057
670,	2,	164.0,	173.831,			11.328,			1.282,			0.182
671,	1,	95.0,	174.205,			2.712,			0.142,			0.056
672,	1,	6.0,	174.229,			1.631,			0.115,			0.055
673,	1,	10.0,	174.535,			1.46,			0.121,			0.057
674,	1,	103.0,	174.573,			2.027,			0.189,			0.054
675,	1,	447.0,	174.947,			2.542,			0.205,			0.052
676,	1,	146.0,	175.325,			2.074,			0.299,			0.055
677,	2,	121.0,	175.678,			13.718,			1.295,			0.148
678,	1,	30.0,	175.834,			2.317,			0.119,			0.055
679,	2,	172.0,	175.915,			14.135,			1.207,			0.195
680,	1,	90.0,	176.05,			1.61,			0.219,			0.054
681,	1,	6.0,	176.066,			1.027,			0.131,			0.052
682,	1,	44.0,	176.283,			2.748,			0.206,			0.053
683,	1,	16.0,	176.43,			2.725,			0.154,			0.059
684,	1,	7.0,	176.716,			1.539,			0.231,			0.052
685,	1,	512.0,	176.818,			2.301,			0.275,			0.05
686,	1,	146.0,	176.968,			2.555,			0.212,			0.056
687,	1,	6.0,	177.077,			2.52,			0.295,			0.052
688,	1,	498.0,	177.345,			1.631,			0.225,			0.053
689,	2,	115.0,	177.543,			14.511,			1.438,			0.158
690,	2,	176.0,	177.598,			11.885,			1.117,			0.129
691,	1,	10.0,	177.738,			2.047,			0.107,			0.056
692,	2,	208.0,	178.07,			13.794,			1.398,			0.156
693,	1,	103.0,	178.074,			1.464,			0.27,			0.058
694,	1,	95.0,	178.475,			2.701,			0.292,			0.057
695,	2,	172.0,	178.689,			13.288,			1.076,			0.168
696,	1,	498.0,	178.692,			2.928,			0.206,			0.056
697,	1,	90.0,	179.04,			1.543,			0.217,			0.053
698,	1,	169.0,	179.229,			1.694,			0.124,			0.059
699,	1,	6.0,	179.692,			1.262,			0.28,			0.051
700,	1,	214.0,	179.88,			2.621,			0.103,			0.052
701,	1,	44.0,	179.964,			1.091,			0.217,			0.057
702,	1,	28.0,	180.043,			2.779,			0.234,			0.051
703,	2,	206.0,	180.226,			13.224,			1.411,			0.132
704,	1,	379.0,	180.313,			1.932,			0.298,			0.058
705,	1,	169.0,	180.316,			2.465,			0.205,			0.055
706,	1,	169.0,	180.341,			2.328,			0.205,			0.052
707,	1,	16.0,	180.424,			1.483,			0.195,			0.057
708,	1,	169.0,	180.487,			2.197,			0.219,			0.05
709,	1,	6.0,	180.582,			1.204,			0.143,			0.054
710,	1,	10.0,	180.596,			1.581,			0.11,			0.051
711,	1,	6.0,	180.627,			2.427,			0.195,			0.051
712,	2,	87.0,	180.986,			12.145,			1.074,			0.141
713,	1,	7.0,	181.537,			2.438,			0.114,			0.054
714,	1,	16.0,	181.998,			2.034,			0.249,			0.058
715,	1,	379.0,	182.03,			1.513,			0.177,			0.057
716,	1,	146.0,	182.272,			1.979,			0.185,			0.053
717,	1,	447.0,	182.608,			1.056,			0.262,			0.053
718,	2,	83.0,	182.861,			13.163,			1.421,			0.151
719,	1,	512.0,	182.879,			2.525,			0.177,			0.056
720,	1,	10.0,	183.188,			1.914,			0.21,			0.058
721,	2,	131.0,	183.367,			13.476,			1.232,			0.161
722,	1,	6.0,	183.58,			1.542,			0.236,			0.06
723,	1,	49.0,	183.631,			1.078,			0.232,			0.054
724,	1,	126.0,	184.391,			1.928,			0.106,			0.051
725,	1,	44.0,	184.43,			2.635,			0.298,			0.058
726,	1,	379.0,	184.464,			1.406,			0.24,			0.058
727,	1,	157.0,	184.881,			1.148,			0.203,			0.054
728,	1,	10.0,	184.947,			1.659,			0.209,			0.053
729,	2,	154.0,	185.032,			14.624,			1.107,			0.194
730,	1,	559.0,	185.058,			2.127,			0.209,			0.05
731,	1,	126.0,	185.102,			2.928,			0.212,			0.052
732,	1,	103.0,	185.555,			2.651,			0.222,			0.051
733,	1,	6.0,	185.7,			1.411,			0.286,			0.059
734,	2,	41.0,	185.736,			10.277,			1.231,			0.181
735,	1,	387.0,	185.791,			2.489,			0.144,			0.056
736,	1,	379.0,	185.803,			1.091,			0.136,			0.059
737,	2,	309.0,	186.068,			11.504,			1.175,			0.151
738,	1,	90.0,	186.166,			2.914,			0.28,			0.056
739,	1,	13.0,	186.201,			1.283,			0.139,			0.058
740,	1,	157.0,	186.375,			1.155,			0.205,			0.05
741,	1,	7.0,	186.504,			1.706,			0.101,			0.056
742,	2,	232.0,	187.053,			11.411,			1.474,			0.179
743,	1,	90.0,	187.245,			2.813,			0.238,			0.059
744,	1,	10.0,	187.312,			2.954,			0.155,			0.056
745,	1,	44.0,	187.342,			2.298,			0.255,			0.052
746,	1,	169.0,	187.35,			1.366,			0.287,			0.054
747,	1,	13.0,	187.568,			1.358,			0.209,			0.053
748,	1,	6.0,	187.685,			1.998,			0.137,			0.06
749,	1,	7.0,	187.708,			2.103,			0.177,			0.055
750,	1,	7.0,	187.952,			2.225,			0.208,			0.057
751,	1,	7.0,	187.986,			2.893,			0.189,			0.05
752,	1,	30.0,	188.07,			1.121,			0.139,			0.059
753,	1,	103.0,	188.26,			1.921,			0.279,			0.054
754,	2,	152.0,	188.722,			12.648,			1.196,			0.107
755,	1,	6.0,	188.904,			2.132,			0.229,			0.059
756,	1,	90.0,	189.418,			1.146,			0.193,			0.054
757,	1,	387.0,	189.505,			2.945,			0.226,			0.055
758,	1,	59.0,	189.875,			1.968,			0.201,			0.059
759,	1,	7.0,	190.066,			2.9,			0.117,			0.057
760,	1,	13.0,	190.193,			1.107,			0.124,			0.054
761,	1,	498.0,	190.303,			2.645,			0.119,			0.055
762,	1,	498.0,	190.466,			2.847,			0.18,			0.058
763,	1,	7.0,	190.476,			2.014,			0.214,			0.052
764,	1,	7.0,	191.125,			2.844,			0.223,			0.06
765,	1,	120.0,	191.329,			2.326,			0.221,			0.052
766,	1,	120.0,	191.795,			1.499,			0.147,			0.053
767,	1,	387.0,	192.051,			2.819,			0.268,			0.053
768,	1,	169.0,	192.966,			1.843,			0.206,			0.057
769,	1,	6.0,	192.988,			2.945,			0.148,			0.054
770,	1,	512.0,	193.112,			1.263,			0.162,			0.053
771,	1,	59.0,	193.894,			2.751,			0.11,			0.053
772,	2,	97.0,	193.924,			10.146,			1.451,			0.195
773,	1,	447.0,	194.186,			1.908,			0.139,			0.051
774,	1,	7.0,	194.423,			1.111,			0.247,			0.056
775,	1,	169.0,	194.816,			2.58,			0.272,			0.053
776,	1,	49.0,	194.952,			2.602,			0.205,			0.056
777,	1,	157.0,	194.979,			2.154,			0.299,			0.059
778,	1,	7.0,	195.271,			1.186,			0.214,			0.057
779,	1,	6.0,	195.284,			1.624,			0.238,			0.05
780,	1,	6.0,	195.395,			1.458,			0.285,			0.051
781,	1,	59.0,	195.648,			1.947,			0.241,			0.051
782,	1,	44.0,	195.698,			1.541,			0.142,			0.05
783,	1,	95.0,	195.7,			1.035,			0.131,			0.06
784,	1,	28.0,	195.94,			2.194,			0.161,			0.057
785,	1,	447.0,	196.291,			1.756,			0.281,			0.05
786,	1,	146.0,	196.41,			2.638,			0.268,			0.056
787,	1,	90.0,	196.49,			1.523,			0.203,			0.051
788,	1,	157.0,	196.496,			2.874,			0.238,			0.054
789,	1,	157.0,	196.612,			2.631,			0.142,			0.053
790,	1,	103.0,	197.236,			2.533,			0.227,			0.057
791,	1,	6.0,	197.296,			2.43,			0.109,			0.05
792,	2,	118.0,	197.484,			10.526,			1.433,			0.162
793,	1,	10.0,	197.499,			1.667,			0.257,			0.059
794,	1,	95.0,	197.9,			1.516,			0.139,			0.057
795,	1,	214.0,	198.164,			1.757,			0.152,			0.05
796,	1,	44.0,	198.424,			2.283,			0.162,			0.057
797,	1,	7.0,	198.52,			2.381,			0.133,			0.058
798,	2,	130.0,	198.853,			10.751,			1.041,			0.174
799,	1,	387.0,	198.876,			2.269,			0.251,			0.053
800,	2,	120.0,	198.885,			10.173,			1.103,			0.125
801,	2,	122.0,	199.031,			12.914,			1.333,			0.145
802,	2,	144.0,	199.464,			11.001,			1.223,			0.196
803,	1,	103.0,	199.522,			1.991,			0.151,			0.054
804,	1,	7.0,	199.735,			1.386,			0.103,			0.051
805,	1,	7.0,	199.812,			2.943,			0.166,			0.06
806,	2,	221.0,	199.838,			13.647,			1.037,			0.139
807,	1,	120.0,	199.882,			1.409,			0.172,			0.055
808,	1,	7.0,	200.154,			1.653,			0.159,			0.052
809,	1,	169.0,	200.249,			1.613,			0.234,			0.059
810,	2,	111.0,	200.403,			11.878,			1.197,			0.111
811,	2,	170.0,	200.947,			10.78,			1.222,			0.109
812,	1,	10.0,	201.0,			2.765,			0.2,			0.06
813,	1,	90.0,	201.044,			1.024,			0.227,			0.056
814,	1,	379.0,	201.46,			2.524,			0.267,			0.057
815,	1,	16.0,	201.6,			2.911,			0.207,			0.058
816,	1,	7.0,	202.799,			2.038,			0.295,			0.053
817,	1,	169.0,	203.181,			1.672,			0.213,			0.055
818,	1,	7.0,	203.41,			2.278,			0.185,			0.054
819,	1,	103.0,	203.714,			1.083,			0.129,			0.057
820,	2,	200.0,	203.848,			11.449,			1.498,			0.172
821,	2,	294.0,	204.014,			13.478,			1.463,			0.151
822,	1,	10.0,	204.335,			1.203,			0.103,			0.059
823,	1,	10.0,	204.609,			2.76,			0.111,			0.053
824,	1,	6.0,	205.17,			1.409,			0.12,			0.052
825,	1,	10.0,	205.199,			1.965,			0.12,			0.054
826,	1,	44.0,	205.604,			2.725,			0.169,			0.059
827,	1,	512.0,	205.707,			2.813,			0.214,			0.055
828,	2,	160.0,	205.714,			12.627,			1.044,			0.123
829,	2,	233.0,	206.279,			10.269,			1.396,			0.181
830,	1,	28.0,	206.341,			2.798,			0.251,			0.054
831,	1,	90.0,	206.796,			1.4,			0.217,			0.058
832,	1,	6.0,	206.928,			1.756,			0.187,			0.052
833,	1,	44.0,	207.347,			1.489,			0.194,			0.06
834,	1,	6.0,	207.386,			1.128,			0.137,			0.056
835,	2,	202.0,	207.493,			13.92,			1.024,			0.131
836,	1,	7.0,	207.697,			1.828,			0.106,			0.051
837,	1,	447.0,	207.813,			2.03,			0.132,			0.059
838,	1,	28.0,	208.677,			2.8,			0.174,			0.054
839,	1,	214.0,	208.923,			1.833,			0.272,			0.051
840,	2,	114.0,	209.007,			10.273,			1.073,			0.158
841,	1,	59.0,	209.383,			1.403,			0.206,			0.056
842,	1,	120.0,	209.559,			2.415,			0.199,			0.056
843,	2,	130.0,	209.956,			11.028,			1.098,			0.169
844,	1,	126.0,	210.074,			1.869,			0.116,			0.053
845,	2,	264.0,	210.141,			13.463,			1.053,			0.156
846,	1,	379.0,	210.192,			2.252,			0.174,			0.056
847,	1,	10.0,	210.61,			1.076,			0.249,			0.057
848,	1,	90.0,	210.816,			1.979,			0.289,			0.054
849,	1,	7.0,	211.077,			2.622,			0.293,			0.058
850,	1,	157.0,	211.281,			1.671,			0.273,			0.06
851,	1,	169.0,	211.812,			1.766,			0.107,			0.053
852,	1,	59.0,	212.136,			1.645,			0.203,			0.053
853,	1,	379.0,	212.503,			1.663,			0.104,			0.053
854,	2,	198.0,	212.512,			14.399,			1.05,			0.112
855,	1,	6.0,	212.653,			2.525,			0.292,			0.055
856,	1,	6.0,	212.94,			2.303,			0.173,			0.053
857,	1,	498.0,	213.06,			2.756,			0.158,			0.057
858,	1,	13.0,	213.526,			1.106,			0.195,			0.057
859,	2,	103.0,	214.276,			11.933,			1.403,			0.174
860,	2,	123.0,	214.676,			10.463,			1.435,			0.111
861,	1,	103.0,	214.805,			2.154,			0.294,			0.054
862,	1,	7.0,	215.274,			1.702,			0.136,			0.055
863,	1,	10.0,	215.61,			2.404,			0.146,			0.05
864,	1,	498.0,	215.704,			1.282,			0.29,			0.052
865,	1,	169.0,	216.659,			2.881,			0.202,			0.053
866,	1,	49.0,	217.161,			2.454,			0.276,			0.053
867,	1,	512.0,	217.376,			2.09,			0.12,			0.051
868,	1,	103.0,	217.543,			2.223,			0.15,			0.058
869,	1,	120.0,	217.875,			1.509,			0.209,			0.052
870,	1,	44.0,	218.582,			1.737,			0.256,			0.055
871,	1,	13.0,	218.945,			2.22,			0.278,			0.058
872,	1,	13.0,	219.025,			2.9,			0.198,			0.059
873,	1,	498.0,	219.848,			2.948,			0.238,			0.053
874,	1,	214.0,	220.488,			1.08,			0.115,			0.057
875,	1,	7.0,	220.781,			1.517,			0.146,			0.051
876,	1,	387.0,	220.817,			2.256,			0.15,			0.051
877,	1,	30.0,	221.255,			2.467,			0.283,			0.059
878,	1,	498.0,	221.809,			2.797,			0.184,			0.052
879,	1,	126.0,	221.95,			2.772,			0.27,			0.053
880,	1,	7.0,	222.24,			1.282,			0.163,			0.058
881,	1,	30.0,	222.499,			1.988,			0.212,			0.052
882,	1,	13.0,	222.784,			2.304,			0.221,			0.05
883,	2,	286.0,	223.321,			13.148,			1.353,			0.115
884,	1,	7.0,	224.624,			1.372,			0.252,			0.052
885,	1,	7.0,	224.694,			1.868,			0.279,			0.059
886,	1,	559.0,	224.965,			1.715,			0.162,			0.05
887,	1,	16.0,	225.051,			2.278,			0.283,			0.05
888,	1,	90.0,	225.459,			2.881,			0.162,			0.051
889,	2,	248.0,	225.491,			13.61,			1.04,			0.19
890,	1,	7.0,	225.616,			2.0,			0.205,			0.05
891,	1,	7.0,	225.641,			1.708,			0.187,			0.055
892,	1,	49.0,	225.898,			2.1,			0.15,			0.058
893,	1,	559.0,	227.429,			2.237,			0.251,			0.06
894,	1,	16.0,	227.658,			1.523,			0.238,			0.05
895,	1,	7.0,	227.788,			1.541,			0.187,			0.06
896,	1,	59.0,	227.816,			2.408,			0.222,			0.05
897,	2,	287.0,	228.011,			14.117,			1.353,			0.135
898,	1,	126.0,	228.317,			2.627,			0.146,			0.054
899,	1,	447.0,	228.389,			2.414,			0.222,			0.055
900,	1,	447.0,	228.606,			1.168,			0.162,			0.058
901,	1,	10.0,	229.505,			2.414,			0.253,			0.06
902,	1,	7.0,	230.312,			1.75,			0.203,			0.053
903,	2,	178.0,	230.479,			11.441,			1.042,			0.129
904,	1,	379.0,	230.912,			1.485,			0.118,			0.054
905,	1,	379.0,	231.611,			1.645,			0.121,			0.056
906,	1,	214.0,	231.754,			2.751,			0.272,			0.058
907,	1,	120.0,	232.758,			2.562,			0.253,			0.054
908,	1,	16.0,	232.843,			2.643,			0.272,			0.058
909,	2,	139.0,	233.663,			13.148,			1.289,			0.129
910,	1,	169.0,	234.983,			1.103,			0.114,			0.054
911,	1,	90.0,	235.502,			2.52,			0.141,			0.06
912,	1,	103.0,	236.05,			2.796,			0.3,			0.054
913,	2,	100.0,	237.005,			10.96,			1.154,			0.111
914,	1,	95.0,	237.456,			2.02,			0.146,			0.051
915,	1,	559.0,	238.03,			1.488,			0.187,			0.051
916,	1,	13.0,	238.921,			2.377,			0.118,			0.057
917,	2,	171.0,	238.926,			12.027,			1.364,			0.197
918,	1,	7.0,	238.987,			1.455,			0.241,			0.051
919,	2,	222.0,	239.009,			13.449,			1.175,			0.149
920,	1,	120.0,	239.782,			2.317,			0.191,			0.059
921,	1,	6.0,	241.546,			1.052,			0.187,			0.052
922,	1,	447.0,	242.118,			2.701,			0.133,			0.057
923,	1,	379.0,	242.177,			1.67,			0.292,			0.055
924,	1,	7.0,	242.355,			1.515,			0.295,			0.054
925,	1,	559.0,	242.426,			2.167,			0.276,			0.054
926,	2,	131.0,	242.452,			13.75,			1.392,			0.19
927,	1,	498.0,	242.513,			1.086,			0.127,			0.058
928,	2,	108.0,	242.536,			11.484,			1.332,			0.138
929,	2,	197.0,	243.371,			13.92,			1.382,			0.137
930,	1,	7.0,	244.025,			2.296,			0.24,			0.057
931,	1,	95.0,	244.745,			1.575,			0.169,			0.053
932,	1,	7.0,	244.782,			2.085,			0.124,			0.059
933,	1,	146.0,	244.862,			1.243,			0.249,			0.05
934,	1,	7.0,	245.463,			1.425,			0.174,			0.053
935,	1,	120.0,	246.155,			2.571,			0.199,			0.05
936,	1,	214.0,	246.441,			1.969,			0.243,			0.054
937,	1,	559.0,	246.671,			1.99,			0.183,			0.055
938,	2,	70.0,	247.436,			13.961,			1.144,			0.159
939,	2,	112.0,	247.709,			12.146,			1.171,			0.183
940,	1,	157.0,	248.256,			1.316,			0.124,			0.056
941,	1,	7.0,	248.862,			2.133,			0.277,			0.06
942,	2,	196.0,	249.672,			11.429,			1.285,			0.14
943,	2,	185.0,	250.219,			13.916,			1.359,			0.134
944,	2,	232.0,	251.836,			13.262,			1.039,			0.125
945,	1,	7.0,	251.936,			2.509,			0.215,			0.052
946,	1,	95.0,	252.553,			2.276,			0.15,			0.05
947,	2,	150.0,	253.179,			13.137,			1.053,			0.19
948,	2,	147.0,	253.408,			13.154,			1.322,			0.181
949,	2,	169.0,	254.932,			10.117,			1.413,			0.181
950,	2,	127.0,	255.287,			12.02,			1.326,			0.179
951,	1,	498.0,	256.127,			1.004,			0.253,			0.057
952,	2,	168.0,	256.381,			11.058,			1.252,			0.132
953,	1,	95.0,	257.524,			2.651,			0.164,			0.057
954,	1,	7.0,	257.92,			2.568,			0.113,			0.054
955,	1,	44.0,	258.972,			1.483,			0.162,			0.058
956,	2,	125.0,	261.366,			14.057,			1.385,			0.19
957,	1,	28.0,	261.424,			1.631,			0.198,			0.056
958,	2,	66.0,	263.647,			13.671,			1.285,			0.136
959,	2,	149.0,	264.26,			14.135,			1.388,			0.122
960,	2,	138.0,	264.471,			12.463,			1.279,			0.132
961,	2,	237.0,	265.363,			13.549,			1.175,			0.126
962,	1,	7.0,	265.748,			2.602,			0.277,			0.056
963,	2,	126.0,	265.849,			14.704,			1.027,			0.19
964,	2,	349.0,	266.317,			14.057,			1.25,			0.136
965,	2,	295.0,	266.32,			11.28,			1.241,			0.152
966,	2,	116.0,	266.344,			10.978,			1.07,			0.158
967,	2,	103.0,	266.572,			11.709,			1.269,			0.184
968,	2,	105.0,	267.274,			11.915,			1.346,			0.156
969,	2,	90.0,	269.326,			14.576,			1.171,			0.127
970,	2,	88.0,	269.821,			13.528,			1.47,			0.18
971,	2,	173.0,	271.558,			11.993,			1.466,			0.16
972,	1,	559.0,	271.721,			1.543,			0.109,			0.058
973,	1,	169.0,	274.054,			2.116,			0.133,			0.051
974,	1,	214.0,	274.158,			2.143,			0.289,			0.06
975,	2,	99.0,	274.485,			12.085,			1.374,			0.143
976,	1,	512.0,	275.227,			1.168,			0.128,			0.054
977,	2,	349.0,	275.802,			11.689,			1.483,			0.131
978,	1,	16.0,	276.588,			1.61,			0.292,			0.057
979,	1,	103.0,	277.836,			1.645,			0.166,			0.056
980,	2,	97.0,	279.199,			11.001,			1.438,			0.2
981,	2,	103.0,	280.199,			14.967,			1.345,			0.123
982,	2,	332.0,	280.37,			10.146,			1.49,			0.107
983,	2,	127.0,	281.833,			14.436,			1.48,			0.155
984,	1,	512.0,	282.155,			1.784,			0.126,			0.053
985,	2,	155.0,	282.651,			13.225,			1.477,			0.15
986,	1,	44.0,	283.644,			2.627,			0.108,			0.052
987,	2,	117.0,	283.918,			11.215,			1.489,			0.194
988,	2,	104.0,	284.44,			11.536,			1.123,			0.104
989,	1,	126.0,	284.747,			2.625,			0.263,			0.056
990,	2,	155.0,	285.215,			11.993,			1.356,			0.168
991,	2,	95.0,	286.274,			12.438,			1.058,			0.182
992,	1,	13.0,	286.811,			2.304,			0.209,			0.055
993,	2,	133.0,	288.561,			14.705,			1.335,			0.11
994,	2,	88.0,	289.986,			10.721,			1.268,			0.141
995,	2,	266.0,	290.069,			13.129,			1.059,			0.197
996,	2,	134.0,	291.218,			11.54,			1.481,			0.179
997,	1,	559.0,	294.306,			1.128,			0.101,			0.06
998,	2,	175.0,	295.426,			12.761,			1.442,			0.122
999,	1,	6.0,	298.114,			1.639,			0.164,			0.051
1000,	1,	214.0,	299.38,			1.801,			0.259,			0.057
