#, task_type_id, size, arrival_time,	execution_time_cpu,	execution_time_gpu,	execution_time_CLOUD
1,	1,	7.0,	0.0,			2.663,			0.135,			0.053
2,	1,	169.0,	0.0,			1.489,			0.164,			0.053
3,	2,	184.0,	0.918,			11.957,			1.346,			0.103
4,	2,	72.0,	1.868,			11.696,			1.333,			0.123
5,	2,	96.0,	1.95,			11.202,			1.447,			0.104
6,	2,	144.0,	4.303,			11.135,			1.248,			0.174
7,	2,	170.0,	5.136,			13.349,			1.299,			0.13
8,	2,	34.0,	6.864,			11.342,			1.008,			0.177
9,	1,	7.0,	7.076,			2.889,			0.206,			0.054
10,	2,	194.0,	7.456,			10.884,			1.229,			0.113
11,	2,	145.0,	7.724,			14.666,			1.214,			0.19
12,	2,	185.0,	10.513,			14.147,			1.431,			0.166
13,	2,	204.0,	11.55,			12.445,			1.297,			0.121
14,	2,	179.0,	12.112,			11.706,			1.041,			0.152
15,	2,	110.0,	13.019,			11.392,			1.189,			0.198
16,	2,	111.0,	16.795,			11.239,			1.246,			0.172
17,	2,	146.0,	16.895,			11.248,			1.411,			0.17
18,	1,	10.0,	18.691,			1.522,			0.108,			0.053
19,	1,	7.0,	18.798,			2.567,			0.295,			0.059
20,	1,	559.0,	19.88,			1.402,			0.289,			0.058
21,	2,	172.0,	20.864,			12.015,			1.108,			0.135
22,	1,	59.0,	22.738,			2.525,			0.187,			0.058
23,	2,	127.0,	23.31,			10.074,			1.199,			0.118
24,	2,	164.0,	25.265,			11.957,			1.053,			0.114
25,	2,	92.0,	27.567,			13.908,			1.349,			0.184
26,	1,	157.0,	28.151,			2.28,			0.152,			0.052
27,	2,	210.0,	29.122,			13.298,			1.326,			0.149
28,	2,	131.0,	29.593,			13.372,			1.452,			0.182
29,	2,	96.0,	30.436,			11.707,			1.169,			0.156
30,	2,	205.0,	30.625,			11.289,			1.405,			0.188
31,	2,	125.0,	31.014,			13.629,			1.351,			0.124
32,	2,	315.0,	31.938,			13.059,			1.011,			0.15
33,	1,	6.0,	32.789,			1.908,			0.28,			0.055
34,	2,	104.0,	33.244,			12.406,			1.012,			0.186
35,	1,	49.0,	33.598,			2.984,			0.2,			0.057
36,	2,	144.0,	34.546,			11.441,			1.427,			0.138
37,	2,	136.0,	34.642,			14.977,			1.308,			0.145
38,	2,	79.0,	34.797,			13.595,			1.115,			0.149
39,	1,	7.0,	35.084,			2.193,			0.237,			0.056
40,	2,	128.0,	37.627,			10.978,			1.219,			0.19
41,	2,	189.0,	39.6,			12.801,			1.326,			0.168
42,	1,	379.0,	40.138,			2.073,			0.267,			0.055
43,	2,	261.0,	40.435,			11.342,			1.481,			0.121
44,	2,	106.0,	42.596,			13.303,			1.053,			0.16
45,	2,	222.0,	44.334,			11.193,			1.284,			0.144
46,	2,	68.0,	44.347,			13.998,			1.433,			0.193
47,	2,	179.0,	44.797,			10.521,			1.299,			0.136
48,	2,	103.0,	44.865,			10.223,			1.164,			0.108
49,	1,	7.0,	46.626,			1.539,			0.26,			0.059
50,	2,	122.0,	47.183,			11.982,			1.364,			0.188
51,	1,	157.0,	47.484,			1.007,			0.145,			0.058
52,	1,	157.0,	47.866,			1.128,			0.1,			0.058
53,	2,	141.0,	48.912,			11.917,			1.303,			0.17
54,	1,	7.0,	49.194,			1.575,			0.161,			0.058
55,	1,	559.0,	49.52,			1.431,			0.283,			0.056
56,	1,	90.0,	50.678,			1.501,			0.23,			0.052
57,	2,	127.0,	52.031,			11.276,			1.121,			0.101
58,	2,	198.0,	52.127,			10.84,			1.216,			0.179
59,	2,	103.0,	52.879,			10.083,			1.347,			0.158
60,	2,	165.0,	53.947,			10.782,			1.202,			0.167
61,	1,	387.0,	54.415,			2.798,			0.207,			0.058
62,	2,	162.0,	55.621,			11.46,			1.232,			0.155
63,	1,	169.0,	56.068,			2.56,			0.202,			0.051
64,	1,	28.0,	56.173,			1.304,			0.233,			0.052
65,	2,	154.0,	57.315,			13.438,			1.134,			0.107
66,	1,	10.0,	57.527,			1.408,			0.152,			0.054
67,	2,	138.0,	57.836,			14.49,			1.142,			0.149
68,	1,	214.0,	58.515,			1.657,			0.281,			0.056
69,	2,	126.0,	58.585,			13.998,			1.354,			0.169
70,	2,	76.0,	58.676,			12.179,			1.01,			0.108
71,	1,	44.0,	59.371,			2.509,			0.248,			0.059
72,	1,	498.0,	59.556,			2.388,			0.198,			0.054
73,	2,	90.0,	60.148,			12.301,			1.294,			0.111
74,	1,	7.0,	60.994,			2.407,			0.287,			0.051
75,	2,	131.0,	61.345,			14.546,			1.374,			0.184
76,	1,	6.0,	61.759,			2.759,			0.284,			0.057
77,	1,	146.0,	61.901,			1.669,			0.12,			0.055
78,	1,	95.0,	62.009,			1.748,			0.209,			0.051
79,	2,	138.0,	62.079,			14.908,			1.282,			0.161
80,	1,	126.0,	62.452,			2.92,			0.233,			0.057
81,	1,	120.0,	62.615,			1.047,			0.207,			0.054
82,	1,	16.0,	62.915,			2.976,			0.295,			0.058
83,	1,	512.0,	62.973,			2.598,			0.281,			0.052
84,	1,	59.0,	62.991,			2.138,			0.174,			0.056
85,	2,	63.0,	63.522,			13.889,			1.353,			0.174
86,	1,	30.0,	63.604,			2.08,			0.29,			0.059
87,	2,	205.0,	63.659,			11.392,			1.404,			0.2
88,	2,	152.0,	64.083,			12.701,			1.285,			0.195
89,	1,	13.0,	65.138,			2.757,			0.238,			0.059
90,	1,	214.0,	66.362,			2.016,			0.27,			0.051
91,	1,	169.0,	66.493,			1.291,			0.254,			0.057
92,	1,	214.0,	66.622,			2.503,			0.186,			0.054
93,	1,	559.0,	66.837,			2.627,			0.184,			0.051
94,	1,	7.0,	67.232,			2.545,			0.198,			0.059
95,	1,	6.0,	67.522,			1.391,			0.125,			0.054
96,	1,	169.0,	67.574,			2.324,			0.294,			0.05
97,	1,	6.0,	68.299,			2.524,			0.112,			0.052
98,	1,	120.0,	68.35,			1.421,			0.247,			0.05
99,	1,	498.0,	68.37,			1.26,			0.201,			0.057
100,	1,	387.0,	68.536,			1.028,			0.184,			0.059
101,	1,	126.0,	68.787,			1.291,			0.288,			0.052
102,	2,	123.0,	70.269,			12.615,			1.402,			0.123
103,	1,	59.0,	71.104,			2.973,			0.181,			0.053
104,	2,	134.0,	72.186,			14.918,			1.438,			0.111
105,	1,	379.0,	72.378,			2.797,			0.185,			0.053
106,	1,	90.0,	72.452,			1.625,			0.178,			0.057
107,	1,	90.0,	72.688,			1.27,			0.203,			0.052
108,	1,	120.0,	72.749,			2.321,			0.138,			0.052
109,	1,	387.0,	73.154,			1.908,			0.2,			0.053
110,	1,	13.0,	73.54,			2.025,			0.247,			0.054
111,	2,	207.0,	73.816,			13.074,			1.341,			0.115
112,	1,	49.0,	74.018,			2.914,			0.229,			0.058
113,	1,	59.0,	74.133,			1.613,			0.121,			0.06
114,	1,	90.0,	74.221,			1.588,			0.258,			0.056
115,	1,	103.0,	74.232,			2.22,			0.228,			0.06
116,	1,	214.0,	74.268,			1.761,			0.263,			0.053
117,	2,	148.0,	74.573,			14.704,			1.191,			0.173
118,	1,	7.0,	74.626,			2.889,			0.112,			0.054
119,	1,	7.0,	74.74,			1.424,			0.233,			0.059
120,	1,	6.0,	75.103,			1.13,			0.299,			0.052
121,	1,	387.0,	75.185,			1.807,			0.134,			0.058
122,	1,	90.0,	75.724,			2.184,			0.284,			0.056
123,	1,	49.0,	75.974,			1.331,			0.236,			0.053
124,	1,	447.0,	76.149,			2.123,			0.214,			0.059
125,	1,	559.0,	76.362,			1.203,			0.177,			0.052
126,	1,	49.0,	76.379,			2.576,			0.155,			0.054
127,	1,	7.0,	76.655,			1.485,			0.228,			0.057
128,	1,	28.0,	76.98,			2.866,			0.28,			0.057
129,	1,	7.0,	77.167,			1.291,			0.16,			0.054
130,	1,	559.0,	77.573,			2.197,			0.245,			0.052
131,	1,	214.0,	78.602,			1.702,			0.249,			0.051
132,	1,	44.0,	80.264,			2.621,			0.242,			0.051
133,	2,	73.0,	80.744,			14.604,			1.202,			0.11
134,	1,	387.0,	80.804,			2.76,			0.158,			0.057
135,	1,	13.0,	80.971,			1.249,			0.188,			0.058
136,	1,	387.0,	80.974,			2.006,			0.122,			0.052
137,	2,	97.0,	80.992,			10.399,			1.286,			0.128
138,	1,	7.0,	81.543,			2.379,			0.118,			0.051
139,	1,	7.0,	81.597,			2.28,			0.146,			0.051
140,	1,	157.0,	81.672,			2.52,			0.125,			0.059
141,	1,	103.0,	81.823,			1.46,			0.234,			0.055
142,	1,	7.0,	82.702,			1.535,			0.272,			0.057
143,	1,	214.0,	82.99,			2.436,			0.282,			0.057
144,	1,	7.0,	83.412,			1.204,			0.298,			0.056
145,	1,	146.0,	83.428,			1.625,			0.164,			0.05
146,	1,	44.0,	83.481,			1.67,			0.129,			0.053
147,	1,	120.0,	83.721,			1.213,			0.258,			0.051
148,	1,	44.0,	83.803,			2.795,			0.122,			0.057
149,	1,	512.0,	83.806,			1.394,			0.231,			0.051
150,	1,	7.0,	84.066,			1.364,			0.141,			0.056
151,	2,	89.0,	84.125,			10.036,			1.382,			0.142
152,	1,	559.0,	84.143,			2.175,			0.227,			0.053
153,	1,	126.0,	84.165,			1.701,			0.239,			0.06
154,	1,	30.0,	84.229,			1.596,			0.209,			0.056
155,	1,	169.0,	84.35,			1.841,			0.212,			0.054
156,	1,	498.0,	84.791,			1.166,			0.164,			0.056
157,	1,	559.0,	85.573,			2.143,			0.129,			0.058
158,	1,	7.0,	85.695,			1.752,			0.228,			0.057
159,	1,	7.0,	85.707,			2.149,			0.108,			0.058
160,	2,	102.0,	85.846,			10.316,			1.219,			0.141
161,	1,	44.0,	86.773,			1.929,			0.244,			0.059
162,	1,	44.0,	86.817,			1.169,			0.262,			0.051
163,	1,	44.0,	86.865,			2.695,			0.234,			0.059
164,	1,	7.0,	86.986,			2.973,			0.176,			0.054
165,	1,	498.0,	87.428,			1.16,			0.156,			0.058
166,	2,	140.0,	87.445,			14.576,			1.198,			0.106
167,	2,	259.0,	87.899,			13.737,			1.053,			0.16
168,	2,	170.0,	88.241,			12.057,			1.471,			0.143
169,	1,	59.0,	88.439,			2.31,			0.27,			0.051
170,	1,	120.0,	88.584,			1.191,			0.263,			0.05
171,	2,	174.0,	88.771,			14.185,			1.275,			0.1
172,	1,	559.0,	88.877,			1.535,			0.223,			0.056
173,	1,	447.0,	89.174,			2.11,			0.27,			0.06
174,	1,	498.0,	89.174,			1.245,			0.285,			0.057
175,	1,	49.0,	89.28,			2.686,			0.114,			0.051
176,	1,	28.0,	89.344,			1.366,			0.151,			0.055
177,	1,	126.0,	89.381,			1.62,			0.174,			0.057
178,	1,	512.0,	90.085,			2.522,			0.299,			0.055
179,	1,	7.0,	90.199,			2.509,			0.202,			0.054
180,	2,	226.0,	90.617,			12.654,			1.199,			0.156
181,	1,	120.0,	90.964,			1.681,			0.216,			0.057
182,	1,	30.0,	91.28,			2.598,			0.12,			0.052
183,	1,	44.0,	91.463,			1.104,			0.181,			0.052
184,	2,	149.0,	91.533,			11.639,			1.486,			0.129
185,	1,	103.0,	92.168,			1.304,			0.214,			0.059
186,	1,	7.0,	92.375,			2.303,			0.223,			0.056
187,	1,	10.0,	92.818,			1.076,			0.2,			0.057
188,	2,	130.0,	93.504,			13.136,			1.417,			0.175
189,	1,	28.0,	93.546,			1.119,			0.225,			0.055
190,	2,	95.0,	93.676,			10.159,			1.333,			0.139
191,	2,	112.0,	94.087,			12.206,			1.429,			0.107
192,	1,	559.0,	94.521,			1.73,			0.154,			0.058
193,	2,	225.0,	94.787,			11.89,			1.45,			0.179
194,	1,	59.0,	94.869,			2.273,			0.125,			0.054
195,	1,	95.0,	95.215,			1.757,			0.199,			0.056
196,	1,	44.0,	95.379,			2.799,			0.2,			0.058
197,	1,	7.0,	95.39,			1.985,			0.233,			0.057
198,	1,	126.0,	95.912,			2.014,			0.167,			0.057
199,	2,	91.0,	96.561,			13.038,			1.409,			0.114
200,	1,	30.0,	96.615,			2.22,			0.279,			0.057
201,	1,	169.0,	96.623,			1.115,			0.242,			0.055
202,	1,	498.0,	97.16,			1.289,			0.257,			0.056
203,	1,	30.0,	98.708,			1.006,			0.228,			0.053
204,	1,	49.0,	99.305,			1.426,			0.288,			0.057
205,	2,	66.0,	99.884,			14.853,			1.343,			0.117
206,	1,	157.0,	99.911,			1.513,			0.165,			0.058
207,	1,	16.0,	100.243,			2.076,			0.249,			0.054
208,	1,	90.0,	100.567,			1.097,			0.231,			0.057
209,	1,	44.0,	100.722,			2.99,			0.23,			0.058
210,	1,	498.0,	100.857,			1.019,			0.138,			0.052
211,	1,	59.0,	100.999,			1.061,			0.183,			0.056
212,	1,	44.0,	101.297,			1.581,			0.108,			0.06
213,	1,	59.0,	101.353,			1.024,			0.276,			0.05
214,	1,	447.0,	101.454,			1.302,			0.183,			0.057
215,	2,	141.0,	102.957,			11.433,			1.356,			0.165
216,	1,	512.0,	103.517,			1.919,			0.283,			0.06
217,	1,	28.0,	103.576,			2.2,			0.126,			0.056
218,	1,	44.0,	103.695,			2.799,			0.131,			0.058
219,	2,	136.0,	104.088,			11.247,			1.322,			0.195
220,	2,	213.0,	104.17,			10.083,			1.27,			0.163
221,	2,	273.0,	104.19,			14.903,			1.086,			0.111
222,	1,	7.0,	104.217,			2.999,			0.119,			0.054
223,	1,	120.0,	104.814,			2.655,			0.251,			0.056
224,	1,	7.0,	104.992,			1.293,			0.162,			0.051
225,	1,	559.0,	105.446,			2.415,			0.298,			0.055
226,	1,	44.0,	105.476,			1.688,			0.164,			0.055
227,	1,	103.0,	105.659,			2.753,			0.203,			0.057
228,	1,	126.0,	105.809,			1.776,			0.228,			0.052
229,	1,	387.0,	105.926,			2.123,			0.155,			0.05
230,	1,	214.0,	106.309,			1.435,			0.275,			0.051
231,	1,	30.0,	106.537,			2.907,			0.287,			0.05
232,	1,	6.0,	106.998,			2.503,			0.192,			0.06
233,	1,	6.0,	107.285,			2.366,			0.2,			0.05
234,	1,	95.0,	107.41,			1.407,			0.201,			0.054
235,	1,	7.0,	107.456,			1.314,			0.238,			0.057
236,	1,	95.0,	107.811,			2.127,			0.171,			0.058
237,	1,	6.0,	108.064,			1.104,			0.172,			0.05
238,	1,	95.0,	108.197,			2.284,			0.149,			0.055
239,	1,	49.0,	108.252,			2.509,			0.118,			0.057
240,	2,	112.0,	108.416,			14.666,			1.47,			0.156
241,	1,	44.0,	108.888,			1.748,			0.117,			0.059
242,	1,	379.0,	108.932,			1.091,			0.166,			0.058
243,	1,	95.0,	109.41,			1.145,			0.193,			0.054
244,	1,	7.0,	109.611,			2.58,			0.165,			0.055
245,	1,	28.0,	109.819,			1.776,			0.151,			0.054
246,	1,	157.0,	110.027,			2.076,			0.133,			0.052
247,	1,	498.0,	110.628,			1.749,			0.138,			0.051
248,	1,	7.0,	110.909,			2.279,			0.16,			0.052
249,	1,	498.0,	110.978,			2.819,			0.236,			0.057
250,	1,	559.0,	111.494,			2.802,			0.159,			0.057
251,	1,	10.0,	112.436,			2.565,			0.131,			0.058
252,	2,	110.0,	112.595,			10.16,			1.333,			0.168
253,	1,	498.0,	112.875,			2.149,			0.209,			0.059
254,	1,	146.0,	112.962,			2.675,			0.195,			0.054
255,	1,	559.0,	112.996,			1.667,			0.146,			0.052
256,	1,	95.0,	113.054,			1.929,			0.246,			0.056
257,	1,	6.0,	113.445,			2.643,			0.2,			0.053
258,	1,	7.0,	113.536,			1.484,			0.166,			0.055
259,	1,	498.0,	113.623,			2.524,			0.253,			0.053
260,	2,	133.0,	113.803,			13.379,			1.321,			0.136
261,	1,	146.0,	114.269,			2.326,			0.238,			0.059
262,	1,	157.0,	114.292,			1.69,			0.166,			0.056
263,	1,	7.0,	115.141,			2.616,			0.117,			0.053
264,	1,	59.0,	115.45,			1.731,			0.201,			0.053
265,	1,	28.0,	115.534,			1.394,			0.241,			0.056
266,	1,	90.0,	115.558,			1.103,			0.27,			0.053
267,	1,	6.0,	115.672,			1.121,			0.222,			0.054
268,	2,	120.0,	115.902,			13.021,			1.453,			0.165
269,	1,	7.0,	116.061,			2.381,			0.154,			0.054
270,	1,	10.0,	116.267,			2.084,			0.142,			0.053
271,	1,	28.0,	116.447,			2.571,			0.162,			0.059
272,	1,	49.0,	116.692,			1.605,			0.17,			0.054
273,	1,	7.0,	116.736,			1.121,			0.103,			0.055
274,	1,	10.0,	116.963,			1.609,			0.239,			0.058
275,	1,	16.0,	117.074,			2.222,			0.12,			0.052
276,	1,	7.0,	117.131,			2.772,			0.256,			0.058
277,	2,	80.0,	117.291,			10.146,			1.429,			0.152
278,	1,	7.0,	117.76,			1.291,			0.279,			0.054
279,	1,	7.0,	117.788,			2.866,			0.121,			0.057
280,	1,	7.0,	117.877,			2.436,			0.299,			0.058
281,	1,	103.0,	118.123,			2.88,			0.237,			0.059
282,	1,	13.0,	118.682,			2.486,			0.287,			0.059
283,	1,	13.0,	118.959,			1.028,			0.286,			0.055
284,	1,	379.0,	118.966,			2.038,			0.175,			0.059
285,	1,	90.0,	119.187,			2.866,			0.258,			0.057
286,	1,	120.0,	119.29,			2.903,			0.288,			0.051
287,	1,	169.0,	119.687,			1.128,			0.237,			0.053
288,	1,	559.0,	119.714,			2.565,			0.288,			0.055
289,	1,	90.0,	119.717,			2.318,			0.116,			0.051
290,	1,	90.0,	119.746,			2.181,			0.2,			0.059
291,	1,	498.0,	119.848,			2.984,			0.156,			0.056
292,	1,	146.0,	119.97,			1.838,			0.235,			0.051
293,	1,	120.0,	120.012,			2.398,			0.276,			0.058
294,	1,	103.0,	120.06,			2.074,			0.275,			0.058
295,	1,	512.0,	120.155,			2.03,			0.168,			0.056
296,	1,	59.0,	120.181,			1.096,			0.287,			0.055
297,	1,	512.0,	120.328,			2.22,			0.21,			0.059
298,	1,	59.0,	120.353,			1.107,			0.151,			0.055
299,	1,	7.0,	120.822,			2.557,			0.116,			0.052
300,	1,	7.0,	120.895,			1.076,			0.165,			0.052
301,	1,	498.0,	120.917,			1.742,			0.19,			0.052
302,	1,	379.0,	121.278,			1.575,			0.241,			0.056
303,	1,	7.0,	121.491,			2.748,			0.149,			0.054
304,	1,	16.0,	122.174,			2.509,			0.133,			0.057
305,	1,	10.0,	122.767,			2.955,			0.215,			0.054
306,	1,	90.0,	122.774,			2.286,			0.237,			0.051
307,	1,	95.0,	122.794,			1.486,			0.192,			0.055
308,	1,	30.0,	122.86,			1.935,			0.267,			0.059
309,	1,	13.0,	122.92,			2.284,			0.221,			0.054
310,	1,	214.0,	122.966,			2.973,			0.295,			0.055
311,	1,	44.0,	123.063,			1.581,			0.275,			0.052
312,	2,	123.0,	123.14,			10.099,			1.124,			0.139
313,	1,	559.0,	123.373,			2.346,			0.267,			0.059
314,	2,	107.0,	123.52,			12.594,			1.449,			0.177
315,	1,	447.0,	123.555,			1.128,			0.227,			0.053
316,	1,	7.0,	123.569,			1.112,			0.195,			0.06
317,	1,	16.0,	123.668,			2.03,			0.206,			0.05
318,	1,	7.0,	124.131,			2.076,			0.176,			0.057
319,	1,	7.0,	124.139,			1.148,			0.222,			0.058
320,	1,	379.0,	124.312,			2.28,			0.254,			0.055
321,	1,	7.0,	124.638,			1.869,			0.103,			0.056
322,	2,	87.0,	124.824,			14.946,			1.193,			0.101
323,	2,	221.0,	125.314,			11.429,			1.015,			0.122
324,	1,	126.0,	125.339,			2.004,			0.134,			0.052
325,	1,	157.0,	125.454,			1.245,			0.157,			0.055
326,	1,	169.0,	125.591,			1.835,			0.217,			0.06
327,	1,	146.0,	125.707,			2.9,			0.101,			0.058
328,	1,	498.0,	125.732,			2.381,			0.173,			0.053
329,	1,	10.0,	126.161,			2.935,			0.21,			0.055
330,	1,	7.0,	126.162,			1.144,			0.14,			0.057
331,	1,	95.0,	126.321,			1.45,			0.267,			0.056
332,	2,	174.0,	126.467,			14.136,			1.456,			0.196
333,	1,	512.0,	126.499,			2.047,			0.296,			0.05
334,	1,	157.0,	126.574,			2.524,			0.212,			0.056
335,	1,	44.0,	126.618,			2.653,			0.297,			0.056
336,	1,	6.0,	126.715,			1.091,			0.239,			0.051
337,	1,	7.0,	126.902,			1.104,			0.234,			0.059
338,	1,	169.0,	127.318,			2.827,			0.197,			0.058
339,	1,	44.0,	127.611,			2.799,			0.122,			0.055
340,	1,	16.0,	127.65,			1.972,			0.107,			0.058
341,	1,	30.0,	128.044,			1.078,			0.267,			0.053
342,	1,	157.0,	128.212,			2.303,			0.108,			0.052
343,	2,	102.0,	128.509,			10.984,			1.226,			0.177
344,	1,	95.0,	129.021,			2.936,			0.284,			0.053
345,	1,	169.0,	129.343,			1.786,			0.133,			0.059
346,	1,	6.0,	129.743,			1.707,			0.273,			0.057
347,	1,	95.0,	129.944,			1.019,			0.165,			0.057
348,	1,	498.0,	130.222,			2.123,			0.232,			0.055
349,	1,	10.0,	130.341,			1.681,			0.29,			0.057
350,	1,	103.0,	130.721,			1.783,			0.108,			0.053
351,	1,	13.0,	130.911,			1.841,			0.231,			0.059
352,	1,	30.0,	130.991,			2.408,			0.225,			0.056
353,	1,	7.0,	131.026,			1.483,			0.204,			0.052
354,	1,	6.0,	131.108,			2.637,			0.122,			0.057
355,	2,	105.0,	131.15,			12.912,			1.343,			0.122
356,	1,	95.0,	131.353,			1.667,			0.182,			0.059
357,	1,	7.0,	131.419,			1.252,			0.186,			0.059
358,	1,	90.0,	131.439,			1.969,			0.284,			0.057
359,	1,	169.0,	131.485,			2.576,			0.251,			0.06
360,	2,	232.0,	131.897,			13.381,			1.056,			0.142
361,	1,	10.0,	132.111,			1.473,			0.195,			0.056
362,	1,	49.0,	132.141,			2.377,			0.252,			0.056
363,	1,	103.0,	132.151,			2.935,			0.106,			0.05
364,	1,	214.0,	132.156,			1.69,			0.136,			0.052
365,	1,	49.0,	132.241,			2.441,			0.114,			0.053
366,	1,	28.0,	132.294,			1.728,			0.287,			0.055
367,	1,	512.0,	132.354,			2.759,			0.239,			0.057
368,	1,	169.0,	132.555,			2.645,			0.254,			0.059
369,	1,	7.0,	132.67,			1.435,			0.298,			0.059
370,	1,	157.0,	132.928,			1.114,			0.128,			0.054
371,	1,	157.0,	132.951,			1.505,			0.195,			0.052
372,	1,	16.0,	133.059,			2.827,			0.207,			0.057
373,	1,	95.0,	133.126,			2.661,			0.282,			0.053
374,	1,	447.0,	133.191,			1.485,			0.187,			0.054
375,	1,	214.0,	133.201,			2.26,			0.214,			0.054
376,	1,	7.0,	133.35,			1.612,			0.291,			0.055
377,	1,	28.0,	133.364,			1.382,			0.16,			0.057
378,	1,	7.0,	133.489,			1.056,			0.299,			0.058
379,	2,	193.0,	133.694,			13.45,			1.254,			0.169
380,	2,	106.0,	133.852,			13.792,			1.2,			0.132
381,	1,	120.0,	133.919,			2.454,			0.185,			0.055
382,	1,	44.0,	134.1,			1.589,			0.241,			0.053
383,	1,	512.0,	134.255,			2.661,			0.217,			0.051
384,	1,	379.0,	134.429,			2.52,			0.209,			0.051
385,	1,	30.0,	134.474,			1.078,			0.171,			0.053
386,	1,	10.0,	134.642,			1.701,			0.23,			0.059
387,	1,	146.0,	134.831,			2.1,			0.202,			0.052
388,	2,	233.0,	134.915,			14.283,			1.127,			0.128
389,	1,	7.0,	134.961,			2.879,			0.186,			0.057
390,	1,	28.0,	135.046,			2.579,			0.153,			0.055
391,	1,	157.0,	135.09,			2.486,			0.228,			0.057
392,	1,	103.0,	135.183,			1.186,			0.146,			0.058
393,	1,	169.0,	135.271,			1.458,			0.189,			0.057
394,	1,	30.0,	135.331,			1.539,			0.116,			0.055
395,	1,	59.0,	135.406,			2.127,			0.284,			0.051
396,	1,	379.0,	135.428,			2.369,			0.162,			0.06
397,	1,	30.0,	135.464,			2.991,			0.206,			0.057
398,	1,	512.0,	135.496,			1.522,			0.197,			0.058
399,	1,	10.0,	135.654,			2.789,			0.205,			0.051
400,	1,	44.0,	135.773,			1.805,			0.245,			0.059
401,	1,	10.0,	135.827,			2.874,			0.195,			0.054
402,	1,	59.0,	135.843,			2.678,			0.186,			0.056
403,	1,	30.0,	135.851,			2.446,			0.124,			0.06
404,	1,	512.0,	135.859,			1.933,			0.258,			0.057
405,	2,	276.0,	135.861,			13.163,			1.413,			0.151
406,	1,	90.0,	136.252,			2.866,			0.157,			0.052
407,	1,	387.0,	136.372,			1.509,			0.299,			0.057
408,	1,	49.0,	136.446,			1.112,			0.221,			0.057
409,	1,	103.0,	136.515,			1.701,			0.193,			0.057
410,	1,	6.0,	136.716,			1.486,			0.171,			0.05
411,	2,	273.0,	136.857,			10.484,			1.33,			0.164
412,	2,	88.0,	136.873,			13.743,			1.499,			0.117
413,	1,	447.0,	136.982,			2.799,			0.247,			0.056
414,	1,	95.0,	137.175,			2.565,			0.177,			0.051
415,	1,	146.0,	137.292,			2.407,			0.109,			0.059
416,	1,	7.0,	137.376,			1.655,			0.271,			0.058
417,	1,	16.0,	137.438,			2.862,			0.255,			0.06
418,	1,	59.0,	137.588,			1.76,			0.247,			0.053
419,	1,	379.0,	137.89,			2.388,			0.134,			0.058
420,	1,	447.0,	138.127,			1.9,			0.294,			0.06
421,	1,	559.0,	138.334,			1.119,			0.298,			0.058
422,	1,	16.0,	138.788,			2.184,			0.254,			0.055
423,	1,	59.0,	138.81,			1.828,			0.101,			0.055
424,	1,	7.0,	138.902,			1.46,			0.222,			0.06
425,	1,	10.0,	138.91,			1.561,			0.228,			0.051
426,	1,	387.0,	138.92,			1.314,			0.234,			0.057
427,	1,	512.0,	138.966,			1.843,			0.268,			0.054
428,	1,	44.0,	139.14,			2.301,			0.175,			0.052
429,	1,	90.0,	139.174,			1.571,			0.211,			0.051
430,	1,	157.0,	139.281,			2.457,			0.255,			0.057
431,	1,	44.0,	139.322,			2.303,			0.169,			0.05
432,	1,	379.0,	139.617,			1.416,			0.256,			0.053
433,	1,	6.0,	139.659,			2.838,			0.186,			0.051
434,	1,	387.0,	140.263,			2.861,			0.195,			0.058
435,	1,	6.0,	141.043,			1.561,			0.169,			0.055
436,	1,	157.0,	141.056,			1.406,			0.282,			0.054
437,	1,	512.0,	141.261,			1.505,			0.277,			0.053
438,	1,	13.0,	141.39,			1.211,			0.197,			0.051
439,	1,	6.0,	141.602,			2.193,			0.284,			0.052
440,	1,	379.0,	141.866,			1.736,			0.145,			0.058
441,	2,	90.0,	141.892,			12.286,			1.458,			0.117
442,	1,	120.0,	142.111,			1.67,			0.2,			0.057
443,	1,	498.0,	142.28,			2.865,			0.156,			0.056
444,	1,	95.0,	142.456,			2.954,			0.163,			0.059
445,	1,	7.0,	142.501,			1.331,			0.234,			0.055
446,	1,	103.0,	142.555,			2.398,			0.162,			0.057
447,	1,	6.0,	142.804,			1.464,			0.136,			0.056
448,	1,	447.0,	142.938,			1.963,			0.166,			0.056
449,	1,	126.0,	143.254,			1.844,			0.206,			0.055
450,	1,	30.0,	143.326,			1.857,			0.14,			0.052
451,	1,	7.0,	143.356,			2.697,			0.216,			0.056
452,	1,	126.0,	143.567,			1.353,			0.191,			0.057
453,	1,	16.0,	143.637,			1.115,			0.225,			0.051
454,	1,	512.0,	143.732,			2.522,			0.159,			0.059
455,	1,	90.0,	143.746,			1.612,			0.103,			0.056
456,	2,	220.0,	144.003,			12.445,			1.245,			0.119
457,	2,	99.0,	144.309,			12.767,			1.397,			0.122
458,	1,	103.0,	144.318,			1.848,			0.145,			0.054
459,	1,	157.0,	144.339,			1.886,			0.292,			0.059
460,	1,	103.0,	144.387,			2.549,			0.107,			0.051
461,	1,	498.0,	144.447,			2.36,			0.229,			0.059
462,	1,	512.0,	144.551,			2.055,			0.193,			0.06
463,	1,	6.0,	144.6,			1.969,			0.228,			0.053
464,	1,	103.0,	145.163,			2.789,			0.237,			0.058
465,	2,	81.0,	145.174,			14.682,			1.406,			0.188
466,	1,	512.0,	145.238,			1.083,			0.263,			0.055
467,	1,	146.0,	145.458,			1.07,			0.292,			0.055
468,	1,	512.0,	145.466,			1.73,			0.185,			0.057
469,	1,	30.0,	145.621,			1.981,			0.219,			0.054
470,	1,	90.0,	145.662,			1.596,			0.228,			0.05
471,	1,	7.0,	145.7,			1.733,			0.121,			0.058
472,	1,	6.0,	145.772,			2.366,			0.14,			0.06
473,	1,	95.0,	145.809,			1.733,			0.116,			0.06
474,	1,	7.0,	146.226,			2.366,			0.2,			0.054
475,	1,	7.0,	146.761,			2.114,			0.116,			0.052
476,	1,	90.0,	147.086,			2.006,			0.228,			0.06
477,	2,	89.0,	147.346,			14.162,			1.155,			0.125
478,	2,	128.0,	147.349,			13.007,			1.24,			0.164
479,	1,	10.0,	147.474,			1.226,			0.193,			0.052
480,	1,	95.0,	147.516,			2.776,			0.29,			0.054
481,	1,	498.0,	147.864,			1.809,			0.249,			0.054
482,	1,	30.0,	147.883,			2.69,			0.108,			0.056
483,	1,	379.0,	147.966,			1.962,			0.195,			0.052
484,	1,	44.0,	148.12,			1.241,			0.233,			0.055
485,	1,	44.0,	148.133,			2.832,			0.254,			0.053
486,	1,	7.0,	148.178,			2.757,			0.144,			0.051
487,	1,	169.0,	148.199,			1.825,			0.105,			0.054
488,	1,	157.0,	148.319,			1.75,			0.239,			0.059
489,	1,	498.0,	148.504,			2.199,			0.278,			0.053
490,	1,	7.0,	148.642,			1.383,			0.216,			0.056
491,	2,	134.0,	148.867,			10.4,			1.046,			0.169
492,	1,	16.0,	148.916,			2.612,			0.219,			0.053
493,	1,	157.0,	149.151,			2.143,			0.176,			0.053
494,	1,	126.0,	149.345,			1.403,			0.254,			0.053
495,	1,	169.0,	149.356,			2.757,			0.284,			0.057
496,	1,	120.0,	149.532,			2.222,			0.13,			0.051
497,	1,	7.0,	149.698,			1.425,			0.133,			0.054
498,	1,	95.0,	149.822,			2.5,			0.166,			0.054
499,	2,	166.0,	149.873,			13.034,			1.065,			0.135
500,	1,	146.0,	149.892,			2.414,			0.194,			0.059
501,	1,	146.0,	150.21,			2.847,			0.26,			0.058
502,	1,	95.0,	150.705,			2.914,			0.236,			0.057
503,	1,	10.0,	150.728,			2.36,			0.172,			0.05
504,	1,	30.0,	150.731,			2.179,			0.206,			0.059
505,	1,	59.0,	150.784,			2.582,			0.177,			0.057
506,	1,	387.0,	150.809,			2.133,			0.162,			0.059
507,	1,	447.0,	151.051,			2.751,			0.238,			0.059
508,	2,	178.0,	151.111,			14.204,			1.215,			0.118
509,	1,	126.0,	151.28,			1.358,			0.299,			0.054
510,	1,	157.0,	151.416,			2.427,			0.24,			0.06
511,	1,	126.0,	151.691,			1.01,			0.293,			0.059
512,	1,	447.0,	151.736,			1.417,			0.273,			0.054
513,	1,	16.0,	151.966,			2.832,			0.267,			0.057
514,	2,	157.0,	152.096,			14.05,			1.356,			0.198
515,	1,	387.0,	152.194,			2.838,			0.231,			0.051
516,	1,	387.0,	152.351,			1.626,			0.193,			0.055
517,	1,	7.0,	152.369,			1.581,			0.242,			0.053
518,	1,	498.0,	152.384,			1.316,			0.139,			0.051
519,	1,	7.0,	152.566,			2.794,			0.244,			0.055
520,	1,	7.0,	152.892,			1.719,			0.124,			0.059
521,	2,	203.0,	152.947,			11.622,			1.481,			0.185
522,	1,	103.0,	153.085,			1.245,			0.255,			0.056
523,	1,	512.0,	153.451,			1.862,			0.185,			0.056
524,	1,	214.0,	153.514,			2.895,			0.241,			0.057
525,	1,	44.0,	153.614,			1.612,			0.12,			0.059
526,	1,	169.0,	153.828,			1.79,			0.236,			0.057
527,	1,	146.0,	153.864,			2.1,			0.162,			0.058
528,	1,	447.0,	154.048,			1.553,			0.288,			0.056
529,	2,	132.0,	154.073,			10.978,			1.441,			0.105
530,	1,	146.0,	154.264,			1.956,			0.175,			0.055
531,	1,	49.0,	154.374,			2.133,			0.153,			0.056
532,	1,	559.0,	154.389,			1.402,			0.161,			0.053
533,	1,	559.0,	154.486,			2.436,			0.217,			0.054
534,	1,	13.0,	154.487,			2.579,			0.153,			0.059
535,	1,	49.0,	154.57,			1.27,			0.228,			0.057
536,	1,	7.0,	154.684,			2.424,			0.248,			0.05
537,	1,	146.0,	154.761,			1.516,			0.101,			0.059
538,	1,	379.0,	154.846,			1.869,			0.237,			0.056
539,	2,	93.0,	154.89,			14.087,			1.065,			0.155
540,	1,	6.0,	155.081,			2.18,			0.272,			0.054
541,	1,	90.0,	155.087,			2.038,			0.133,			0.058
542,	1,	44.0,	155.177,			1.516,			0.23,			0.057
543,	1,	498.0,	155.275,			2.857,			0.238,			0.056
544,	1,	512.0,	155.711,			2.176,			0.141,			0.059
545,	1,	13.0,	155.742,			2.01,			0.108,			0.053
546,	1,	49.0,	155.799,			2.838,			0.113,			0.05
547,	1,	120.0,	155.936,			1.816,			0.16,			0.052
548,	1,	16.0,	155.942,			1.431,			0.297,			0.057
549,	1,	387.0,	156.007,			2.843,			0.162,			0.054
550,	1,	559.0,	156.117,			1.367,			0.167,			0.059
551,	1,	28.0,	156.486,			2.576,			0.122,			0.057
552,	1,	214.0,	156.511,			1.716,			0.164,			0.05
553,	1,	95.0,	156.558,			1.681,			0.121,			0.052
554,	1,	10.0,	156.709,			1.692,			0.289,			0.051
555,	1,	49.0,	156.731,			1.406,			0.15,			0.051
556,	1,	13.0,	156.783,			2.857,			0.27,			0.051
557,	1,	157.0,	156.868,			1.168,			0.17,			0.056
558,	1,	7.0,	157.144,			1.909,			0.162,			0.052
559,	1,	169.0,	157.393,			2.378,			0.2,			0.059
560,	1,	16.0,	157.552,			2.885,			0.168,			0.055
561,	1,	120.0,	157.715,			2.957,			0.255,			0.055
562,	2,	213.0,	157.793,			14.853,			1.306,			0.107
563,	1,	146.0,	158.106,			1.166,			0.256,			0.057
564,	1,	95.0,	158.535,			1.504,			0.249,			0.06
565,	1,	7.0,	158.691,			2.631,			0.141,			0.059
566,	1,	559.0,	158.728,			2.092,			0.13,			0.054
567,	1,	16.0,	158.894,			2.268,			0.144,			0.056
568,	1,	169.0,	158.934,			1.443,			0.16,			0.05
569,	1,	7.0,	158.945,			2.103,			0.116,			0.052
570,	1,	7.0,	159.077,			2.235,			0.183,			0.054
571,	2,	103.0,	159.512,			11.793,			1.161,			0.142
572,	1,	387.0,	159.832,			2.58,			0.164,			0.052
573,	1,	387.0,	159.921,			1.434,			0.199,			0.059
574,	1,	90.0,	160.179,			1.516,			0.165,			0.05
575,	1,	95.0,	160.426,			1.263,			0.295,			0.053
576,	1,	512.0,	160.879,			2.701,			0.257,			0.056
577,	1,	379.0,	160.957,			1.009,			0.175,			0.052
578,	1,	447.0,	161.244,			2.907,			0.116,			0.054
579,	1,	214.0,	161.32,			2.321,			0.211,			0.058
580,	1,	44.0,	161.323,			2.194,			0.115,			0.052
581,	1,	387.0,	161.824,			1.561,			0.215,			0.056
582,	1,	103.0,	161.854,			2.322,			0.108,			0.056
583,	1,	126.0,	162.187,			2.697,			0.201,			0.056
584,	1,	447.0,	162.197,			2.58,			0.113,			0.051
585,	1,	7.0,	162.276,			1.509,			0.174,			0.059
586,	1,	44.0,	162.403,			1.22,			0.272,			0.055
587,	1,	447.0,	162.464,			2.598,			0.243,			0.059
588,	1,	59.0,	162.674,			2.398,			0.256,			0.056
589,	1,	30.0,	162.719,			1.028,			0.133,			0.06
590,	1,	103.0,	162.783,			2.366,			0.214,			0.05
591,	1,	387.0,	163.151,			1.371,			0.146,			0.052
592,	1,	498.0,	163.18,			1.03,			0.102,			0.055
593,	2,	97.0,	163.276,			13.86,			1.212,			0.183
594,	1,	30.0,	163.299,			1.146,			0.119,			0.058
595,	1,	559.0,	163.308,			2.58,			0.121,			0.057
596,	1,	498.0,	164.141,			2.968,			0.176,			0.058
597,	1,	498.0,	164.157,			1.886,			0.27,			0.051
598,	2,	127.0,	164.356,			10.442,			1.421,			0.142
599,	1,	512.0,	164.432,			1.914,			0.273,			0.057
600,	1,	7.0,	164.49,			2.273,			0.17,			0.053
601,	1,	7.0,	164.644,			2.796,			0.119,			0.057
602,	1,	120.0,	164.864,			1.481,			0.29,			0.051
603,	1,	379.0,	164.876,			2.879,			0.152,			0.06
604,	1,	6.0,	164.881,			1.191,			0.146,			0.056
605,	1,	13.0,	164.968,			2.01,			0.293,			0.052
606,	1,	7.0,	165.02,			2.449,			0.12,			0.057
607,	1,	59.0,	165.317,			2.865,			0.122,			0.058
608,	1,	512.0,	165.359,			1.581,			0.215,			0.051
609,	1,	44.0,	165.472,			2.288,			0.133,			0.057
610,	1,	95.0,	165.49,			2.498,			0.228,			0.058
611,	1,	6.0,	165.572,			1.962,			0.292,			0.055
612,	1,	169.0,	165.637,			1.612,			0.221,			0.056
613,	1,	379.0,	165.755,			1.681,			0.215,			0.058
614,	1,	157.0,	166.03,			2.861,			0.241,			0.052
615,	1,	214.0,	166.301,			1.086,			0.24,			0.055
616,	1,	16.0,	166.434,			1.007,			0.263,			0.059
617,	1,	447.0,	166.663,			1.927,			0.15,			0.058
618,	1,	59.0,	166.771,			1.241,			0.156,			0.058
619,	1,	447.0,	167.003,			2.8,			0.102,			0.059
620,	2,	188.0,	167.776,			11.583,			1.197,			0.123
621,	1,	120.0,	167.873,			1.972,			0.119,			0.059
622,	1,	6.0,	167.934,			2.326,			0.109,			0.056
623,	2,	203.0,	168.008,			10.586,			1.447,			0.154
624,	1,	7.0,	168.149,			1.933,			0.274,			0.051
625,	1,	44.0,	168.239,			1.979,			0.124,			0.055
626,	1,	157.0,	168.491,			2.154,			0.174,			0.057
627,	1,	146.0,	168.795,			2.571,			0.208,			0.059
628,	2,	106.0,	168.866,			14.967,			1.347,			0.186
629,	1,	498.0,	169.391,			1.828,			0.127,			0.054
630,	2,	217.0,	169.661,			13.3,			1.373,			0.168
631,	1,	498.0,	169.807,			2.914,			0.111,			0.058
632,	1,	10.0,	170.133,			1.009,			0.269,			0.054
633,	2,	165.0,	170.512,			10.669,			1.046,			0.13
634,	1,	157.0,	170.535,			2.01,			0.279,			0.05
635,	1,	16.0,	170.637,			1.537,			0.186,			0.054
636,	1,	498.0,	170.665,			1.038,			0.224,			0.055
637,	1,	512.0,	170.694,			2.41,			0.247,			0.052
638,	1,	10.0,	170.702,			2.976,			0.228,			0.055
639,	1,	214.0,	170.902,			2.556,			0.185,			0.057
640,	1,	30.0,	171.045,			2.237,			0.174,			0.055
641,	1,	13.0,	171.416,			2.916,			0.109,			0.052
642,	2,	293.0,	171.773,			11.276,			1.275,			0.155
643,	1,	7.0,	171.847,			2.984,			0.132,			0.05
644,	1,	169.0,	171.869,			2.576,			0.21,			0.053
645,	1,	169.0,	171.969,			2.813,			0.161,			0.051
646,	1,	90.0,	172.188,			2.318,			0.206,			0.055
647,	1,	90.0,	172.239,			1.309,			0.109,			0.057
648,	1,	49.0,	172.24,			2.627,			0.182,			0.052
649,	1,	44.0,	172.481,			2.318,			0.288,			0.052
650,	2,	87.0,	172.52,			12.134,			1.47,			0.2
651,	1,	10.0,	172.919,			1.64,			0.116,			0.059
652,	1,	559.0,	173.023,			2.2,			0.263,			0.052
653,	1,	103.0,	173.078,			2.33,			0.138,			0.058
654,	1,	16.0,	173.227,			1.609,			0.125,			0.052
655,	1,	44.0,	173.301,			2.985,			0.133,			0.059
656,	1,	16.0,	173.34,			2.398,			0.238,			0.06
657,	1,	447.0,	173.473,			1.694,			0.241,			0.053
658,	1,	7.0,	173.532,			2.085,			0.131,			0.05
659,	1,	49.0,	173.537,			1.291,			0.284,			0.058
660,	1,	90.0,	173.575,			1.848,			0.139,			0.054
661,	1,	28.0,	173.646,			2.103,			0.203,			0.058
662,	1,	49.0,	173.911,			1.146,			0.162,			0.054
663,	1,	7.0,	173.939,			2.838,			0.279,			0.059
664,	1,	6.0,	174.061,			1.014,			0.278,			0.05
665,	1,	44.0,	174.123,			1.394,			0.252,			0.052
666,	1,	214.0,	174.298,			1.075,			0.118,			0.054
667,	1,	214.0,	174.461,			2.486,			0.277,			0.053
668,	1,	169.0,	174.654,			1.913,			0.231,			0.057
669,	1,	120.0,	174.781,			1.028,			0.268,			0.053
670,	1,	559.0,	174.804,			2.914,			0.292,			0.058
671,	1,	379.0,	175.276,			2.298,			0.128,			0.055
672,	1,	146.0,	175.467,			1.79,			0.17,			0.06
673,	1,	169.0,	175.541,			1.121,			0.164,			0.059
674,	1,	169.0,	175.757,			1.08,			0.28,			0.06
675,	1,	512.0,	176.373,			2.968,			0.177,			0.056
676,	1,	146.0,	176.443,			1.515,			0.214,			0.051
677,	1,	169.0,	176.53,			1.655,			0.298,			0.059
678,	1,	7.0,	176.656,			1.482,			0.19,			0.054
679,	1,	7.0,	176.742,			1.523,			0.218,			0.06
680,	1,	6.0,	176.866,			2.612,			0.23,			0.054
681,	1,	214.0,	177.226,			1.155,			0.267,			0.057
682,	1,	126.0,	177.284,			2.638,			0.141,			0.051
683,	1,	44.0,	177.308,			2.379,			0.146,			0.054
684,	1,	44.0,	177.625,			2.096,			0.138,			0.056
685,	1,	90.0,	177.732,			2.02,			0.133,			0.058
686,	1,	559.0,	177.836,			2.321,			0.248,			0.054
687,	1,	157.0,	178.2,			1.473,			0.132,			0.053
688,	1,	512.0,	178.263,			2.635,			0.238,			0.053
689,	1,	7.0,	178.81,			2.225,			0.15,			0.054
690,	1,	10.0,	179.048,			1.776,			0.263,			0.058
691,	1,	126.0,	179.195,			1.035,			0.216,			0.056
692,	1,	49.0,	179.392,			1.64,			0.224,			0.052
693,	1,	49.0,	179.532,			2.709,			0.287,			0.058
694,	2,	197.0,	179.554,			10.526,			1.008,			0.172
695,	1,	16.0,	179.579,			2.634,			0.28,			0.052
696,	1,	387.0,	179.676,			2.158,			0.142,			0.056
697,	1,	13.0,	179.737,			1.731,			0.279,			0.052
698,	1,	157.0,	179.825,			1.226,			0.161,			0.056
699,	1,	157.0,	179.894,			1.672,			0.172,			0.052
700,	1,	103.0,	179.994,			1.393,			0.133,			0.053
701,	1,	559.0,	180.038,			1.203,			0.208,			0.058
702,	1,	214.0,	180.323,			1.791,			0.217,			0.058
703,	1,	7.0,	180.432,			2.163,			0.156,			0.057
704,	1,	10.0,	180.618,			1.509,			0.25,			0.056
705,	1,	90.0,	180.621,			1.091,			0.27,			0.051
706,	1,	6.0,	180.635,			1.148,			0.161,			0.05
707,	2,	210.0,	180.779,			13.76,			1.233,			0.147
708,	1,	169.0,	180.902,			1.941,			0.248,			0.05
709,	1,	10.0,	181.169,			2.565,			0.124,			0.052
710,	1,	126.0,	181.308,			2.449,			0.174,			0.053
711,	1,	30.0,	181.324,			1.443,			0.169,			0.055
712,	2,	130.0,	181.602,			14.351,			1.06,			0.143
713,	1,	16.0,	181.674,			2.415,			0.131,			0.058
714,	1,	10.0,	181.731,			1.203,			0.131,			0.054
715,	1,	103.0,	181.842,			1.434,			0.181,			0.054
716,	2,	110.0,	182.239,			10.16,			1.32,			0.186
717,	1,	157.0,	182.32,			2.143,			0.299,			0.05
718,	1,	169.0,	182.434,			1.962,			0.119,			0.051
719,	1,	7.0,	182.511,			1.283,			0.16,			0.053
720,	2,	140.0,	182.528,			14.436,			1.326,			0.127
721,	1,	13.0,	182.727,			2.33,			0.223,			0.056
722,	1,	28.0,	183.083,			2.173,			0.288,			0.054
723,	1,	512.0,	183.119,			1.478,			0.153,			0.055
724,	1,	559.0,	183.416,			2.384,			0.244,			0.06
725,	2,	113.0,	183.66,			10.316,			1.117,			0.155
726,	1,	120.0,	183.698,			1.561,			0.162,			0.05
727,	1,	447.0,	183.864,			2.149,			0.135,			0.054
728,	1,	44.0,	184.107,			1.157,			0.29,			0.054
729,	1,	59.0,	184.672,			1.153,			0.263,			0.051
730,	1,	103.0,	184.714,			1.977,			0.208,			0.06
731,	1,	7.0,	184.784,			2.284,			0.185,			0.05
732,	1,	59.0,	185.013,			2.645,			0.153,			0.053
733,	1,	512.0,	185.241,			2.194,			0.173,			0.059
734,	2,	130.0,	185.648,			14.076,			1.268,			0.2
735,	1,	387.0,	185.905,			1.358,			0.28,			0.06
736,	1,	387.0,	185.994,			2.571,			0.168,			0.05
737,	1,	7.0,	186.006,			2.438,			0.141,			0.057
738,	1,	10.0,	186.309,			2.379,			0.274,			0.06
739,	1,	13.0,	186.497,			1.688,			0.176,			0.057
740,	1,	13.0,	186.533,			1.515,			0.205,			0.06
741,	1,	7.0,	186.551,			1.962,			0.158,			0.057
742,	1,	447.0,	186.88,			2.01,			0.111,			0.058
743,	1,	59.0,	186.905,			2.288,			0.23,			0.058
744,	1,	120.0,	186.94,			1.667,			0.231,			0.052
745,	1,	512.0,	186.994,			2.819,			0.103,			0.059
746,	1,	103.0,	187.049,			2.123,			0.195,			0.056
747,	1,	387.0,	187.15,			1.334,			0.212,			0.058
748,	1,	146.0,	187.379,			1.121,			0.209,			0.054
749,	2,	101.0,	187.435,			10.36,			1.299,			0.127
750,	1,	28.0,	187.462,			1.371,			0.189,			0.055
751,	1,	28.0,	187.796,			1.609,			0.193,			0.056
752,	1,	30.0,	188.019,			2.427,			0.136,			0.059
753,	1,	7.0,	188.034,			2.612,			0.267,			0.051
754,	1,	90.0,	188.099,			1.496,			0.111,			0.053
755,	1,	10.0,	188.265,			1.859,			0.259,			0.051
756,	1,	214.0,	188.323,			1.357,			0.15,			0.053
757,	1,	169.0,	188.545,			1.756,			0.238,			0.06
758,	1,	6.0,	188.549,			1.128,			0.287,			0.057
759,	1,	16.0,	188.572,			2.288,			0.119,			0.057
760,	1,	157.0,	188.638,			1.279,			0.223,			0.055
761,	1,	95.0,	188.843,			2.222,			0.259,			0.05
762,	1,	157.0,	188.909,			1.667,			0.241,			0.054
763,	1,	7.0,	189.527,			1.588,			0.256,			0.055
764,	1,	498.0,	189.701,			2.457,			0.152,			0.06
765,	1,	6.0,	189.758,			2.2,			0.142,			0.055
766,	1,	103.0,	189.909,			1.715,			0.159,			0.057
767,	1,	95.0,	190.112,			2.973,			0.27,			0.056
768,	1,	387.0,	190.3,			1.505,			0.182,			0.051
769,	1,	7.0,	190.497,			1.869,			0.103,			0.058
770,	2,	97.0,	190.609,			13.288,			1.111,			0.133
771,	1,	447.0,	190.774,			1.398,			0.288,			0.051
772,	1,	95.0,	191.069,			2.448,			0.107,			0.058
773,	1,	214.0,	191.119,			2.491,			0.189,			0.059
774,	1,	447.0,	191.371,			2.935,			0.161,			0.05
775,	1,	146.0,	191.441,			1.783,			0.202,			0.056
776,	1,	49.0,	191.709,			1.571,			0.281,			0.054
777,	1,	7.0,	192.025,			2.14,			0.165,			0.056
778,	1,	44.0,	192.362,			1.561,			0.244,			0.056
779,	1,	120.0,	192.365,			1.364,			0.165,			0.057
780,	2,	175.0,	192.472,			10.686,			1.144,			0.177
781,	1,	126.0,	192.56,			2.922,			0.285,			0.053
782,	1,	498.0,	192.859,			1.671,			0.282,			0.059
783,	1,	7.0,	192.929,			1.141,			0.185,			0.056
784,	1,	214.0,	193.107,			2.133,			0.206,			0.052
785,	1,	13.0,	193.196,			1.553,			0.259,			0.055
786,	1,	120.0,	193.264,			1.709,			0.182,			0.055
787,	1,	49.0,	193.271,			2.895,			0.118,			0.059
788,	1,	512.0,	193.888,			1.996,			0.228,			0.055
789,	1,	447.0,	193.889,			2.545,			0.242,			0.055
790,	2,	215.0,	194.104,			10.952,			1.108,			0.103
791,	1,	10.0,	194.467,			2.379,			0.124,			0.052
792,	2,	141.0,	194.561,			14.464,			1.203,			0.189
793,	1,	447.0,	194.753,			1.633,			0.259,			0.056
794,	1,	447.0,	195.515,			1.164,			0.2,			0.053
795,	1,	30.0,	195.955,			2.08,			0.254,			0.053
796,	1,	44.0,	196.088,			2.123,			0.13,			0.05
797,	2,	89.0,	196.383,			11.082,			1.477,			0.126
798,	1,	7.0,	196.44,			2.027,			0.249,			0.052
799,	1,	146.0,	196.855,			2.26,			0.208,			0.051
800,	1,	6.0,	197.129,			2.497,			0.214,			0.055
801,	1,	95.0,	197.756,			2.976,			0.195,			0.052
802,	1,	44.0,	197.831,			2.857,			0.219,			0.06
803,	1,	30.0,	199.066,			1.566,			0.102,			0.057
804,	1,	379.0,	199.306,			1.597,			0.27,			0.051
805,	1,	157.0,	199.478,			1.018,			0.198,			0.056
806,	1,	126.0,	199.711,			2.567,			0.174,			0.051
807,	1,	28.0,	199.821,			2.103,			0.227,			0.059
808,	2,	55.0,	200.372,			11.878,			1.148,			0.199
809,	1,	512.0,	200.609,			1.423,			0.208,			0.054
810,	1,	7.0,	201.917,			1.018,			0.216,			0.057
811,	1,	10.0,	202.037,			1.701,			0.288,			0.059
812,	1,	7.0,	202.127,			1.605,			0.113,			0.058
813,	1,	7.0,	202.203,			1.612,			0.161,			0.053
814,	1,	6.0,	202.243,			2.265,			0.231,			0.056
815,	1,	379.0,	202.309,			2.832,			0.161,			0.058
816,	2,	160.0,	202.4,			11.73,			1.389,			0.112
817,	1,	447.0,	203.163,			2.369,			0.222,			0.052
818,	1,	59.0,	203.289,			2.467,			0.137,			0.059
819,	1,	95.0,	203.393,			2.273,			0.133,			0.055
820,	1,	95.0,	203.635,			1.279,			0.186,			0.05
821,	1,	59.0,	204.463,			2.727,			0.298,			0.057
822,	1,	214.0,	204.787,			2.034,			0.146,			0.054
823,	1,	447.0,	205.252,			2.636,			0.299,			0.052
824,	1,	16.0,	205.675,			2.955,			0.179,			0.056
825,	1,	13.0,	205.754,			2.11,			0.218,			0.056
826,	1,	6.0,	206.114,			1.886,			0.211,			0.051
827,	2,	90.0,	206.925,			12.615,			1.07,			0.161
828,	1,	157.0,	206.934,			1.909,			0.275,			0.055
829,	1,	103.0,	207.264,			1.327,			0.135,			0.058
830,	1,	44.0,	207.381,			1.3,			0.161,			0.05
831,	1,	10.0,	207.682,			1.883,			0.112,			0.052
832,	2,	106.0,	207.689,			11.81,			1.037,			0.187
833,	1,	10.0,	207.973,			1.844,			0.272,			0.057
834,	1,	559.0,	208.222,			1.729,			0.193,			0.057
835,	1,	447.0,	209.119,			2.559,			0.235,			0.058
836,	1,	103.0,	209.335,			1.421,			0.275,			0.053
837,	1,	214.0,	210.176,			2.194,			0.284,			0.051
838,	1,	95.0,	210.193,			2.588,			0.277,			0.055
839,	1,	559.0,	210.821,			2.8,			0.206,			0.051
840,	1,	6.0,	210.932,			1.541,			0.278,			0.05
841,	1,	126.0,	210.966,			1.876,			0.131,			0.058
842,	1,	214.0,	211.657,			2.265,			0.203,			0.058
843,	1,	214.0,	211.844,			1.859,			0.136,			0.054
844,	1,	95.0,	212.051,			1.304,			0.177,			0.059
845,	1,	447.0,	212.232,			1.174,			0.214,			0.052
846,	1,	447.0,	212.506,			2.926,			0.192,			0.059
847,	1,	559.0,	212.514,			2.2,			0.248,			0.053
848,	1,	16.0,	212.688,			2.176,			0.145,			0.056
849,	1,	157.0,	213.103,			1.01,			0.273,			0.06
850,	1,	90.0,	213.283,			1.694,			0.156,			0.05
851,	2,	103.0,	213.578,			13.703,			1.424,			0.147
852,	2,	90.0,	213.625,			13.289,			1.115,			0.117
853,	1,	7.0,	213.755,			1.485,			0.169,			0.056
854,	1,	59.0,	214.132,			1.701,			0.189,			0.057
855,	2,	113.0,	214.134,			12.841,			1.285,			0.165
856,	2,	70.0,	214.134,			13.615,			1.306,			0.108
857,	1,	6.0,	215.026,			1.553,			0.107,			0.059
858,	1,	90.0,	215.54,			2.051,			0.121,			0.056
859,	2,	199.0,	215.721,			11.339,			1.108,			0.199
860,	1,	6.0,	215.76,			1.591,			0.179,			0.06
861,	1,	6.0,	215.92,			1.035,			0.254,			0.056
862,	1,	379.0,	216.437,			1.07,			0.154,			0.06
863,	1,	10.0,	216.661,			2.582,			0.152,			0.055
864,	1,	90.0,	216.902,			1.203,			0.267,			0.06
865,	1,	44.0,	216.904,			1.684,			0.254,			0.058
866,	1,	7.0,	217.133,			1.028,			0.166,			0.058
867,	1,	7.0,	217.363,			1.12,			0.109,			0.059
868,	1,	512.0,	217.439,			2.298,			0.244,			0.052
869,	1,	126.0,	217.467,			2.153,			0.214,			0.056
870,	1,	7.0,	217.544,			2.759,			0.153,			0.053
871,	1,	103.0,	217.651,			1.875,			0.156,			0.051
872,	2,	111.0,	217.654,			12.368,			1.426,			0.112
873,	1,	44.0,	218.163,			2.427,			0.241,			0.058
874,	2,	204.0,	218.661,			13.222,			1.411,			0.102
875,	1,	7.0,	218.763,			2.047,			0.282,			0.055
876,	1,	146.0,	219.305,			1.662,			0.103,			0.055
877,	1,	120.0,	219.79,			2.579,			0.211,			0.052
878,	2,	133.0,	219.942,			11.854,			1.162,			0.195
879,	1,	7.0,	220.021,			1.031,			0.193,			0.053
880,	1,	126.0,	220.723,			2.318,			0.218,			0.051
881,	2,	256.0,	220.797,			13.595,			1.187,			0.17
882,	1,	214.0,	220.972,			1.025,			0.236,			0.053
883,	1,	90.0,	221.577,			2.798,			0.298,			0.059
884,	1,	387.0,	221.722,			1.879,			0.207,			0.051
885,	1,	95.0,	222.091,			2.02,			0.251,			0.051
886,	1,	379.0,	222.33,			2.627,			0.227,			0.058
887,	1,	44.0,	222.65,			2.709,			0.127,			0.051
888,	1,	7.0,	222.823,			2.695,			0.109,			0.05
889,	1,	28.0,	223.669,			1.114,			0.222,			0.052
890,	1,	7.0,	223.768,			1.426,			0.231,			0.053
891,	2,	266.0,	224.356,			10.777,			1.169,			0.162
892,	1,	30.0,	224.886,			1.981,			0.22,			0.05
893,	1,	169.0,	225.526,			2.148,			0.248,			0.056
894,	1,	7.0,	226.373,			2.103,			0.103,			0.05
895,	1,	10.0,	226.774,			1.947,			0.197,			0.056
896,	1,	7.0,	227.003,			1.703,			0.113,			0.052
897,	1,	512.0,	227.219,			2.786,			0.257,			0.053
898,	1,	126.0,	227.574,			1.558,			0.169,			0.058
899,	1,	90.0,	227.648,			2.827,			0.116,			0.055
900,	1,	169.0,	227.761,			1.213,			0.167,			0.053
901,	2,	127.0,	228.138,			11.764,			1.047,			0.162
902,	1,	387.0,	229.088,			1.752,			0.233,			0.055
903,	1,	379.0,	229.154,			1.875,			0.193,			0.055
904,	2,	156.0,	229.813,			10.681,			1.41,			0.156
905,	2,	110.0,	230.249,			10.742,			1.423,			0.144
906,	1,	44.0,	230.322,			2.09,			0.186,			0.055
907,	2,	110.0,	230.937,			13.316,			1.205,			0.186
908,	1,	10.0,	232.649,			1.095,			0.217,			0.06
909,	1,	10.0,	233.108,			2.364,			0.18,			0.059
910,	1,	49.0,	233.709,			2.404,			0.221,			0.054
911,	2,	108.0,	234.035,			12.421,			1.197,			0.113
912,	1,	169.0,	234.237,			1.998,			0.288,			0.058
913,	1,	30.0,	234.855,			1.737,			0.138,			0.052
914,	1,	498.0,	235.959,			2.379,			0.238,			0.06
915,	1,	16.0,	236.197,			2.318,			0.244,			0.052
916,	1,	6.0,	236.657,			2.862,			0.268,			0.056
917,	2,	117.0,	237.053,			10.491,			1.416,			0.175
918,	1,	512.0,	237.161,			2.133,			0.146,			0.058
919,	1,	90.0,	237.202,			1.105,			0.177,			0.051
920,	2,	171.0,	237.617,			10.178,			1.322,			0.187
921,	1,	447.0,	237.766,			2.193,			0.28,			0.056
922,	1,	7.0,	238.158,			2.669,			0.233,			0.05
923,	2,	201.0,	239.614,			13.404,			1.362,			0.121
924,	2,	119.0,	239.788,			11.658,			1.359,			0.154
925,	2,	132.0,	240.082,			14.722,			1.164,			0.15
926,	1,	10.0,	240.606,			2.249,			0.222,			0.06
927,	2,	96.0,	240.629,			12.902,			1.322,			0.182
928,	1,	44.0,	241.002,			2.602,			0.284,			0.057
929,	2,	180.0,	241.527,			12.024,			1.491,			0.12
930,	2,	194.0,	241.869,			11.677,			1.429,			0.18
931,	2,	123.0,	242.532,			13.329,			1.029,			0.197
932,	1,	95.0,	242.666,			2.133,			0.266,			0.057
933,	1,	379.0,	242.873,			1.965,			0.276,			0.057
934,	2,	79.0,	243.026,			11.39,			1.311,			0.158
935,	1,	214.0,	243.558,			2.027,			0.158,			0.059
936,	2,	98.0,	243.701,			12.581,			1.109,			0.132
937,	1,	157.0,	244.685,			2.712,			0.131,			0.053
938,	2,	133.0,	245.029,			11.869,			1.33,			0.105
939,	1,	16.0,	245.035,			1.952,			0.131,			0.056
940,	1,	7.0,	245.385,			1.104,			0.109,			0.053
941,	2,	134.0,	246.093,			14.969,			1.051,			0.171
942,	1,	7.0,	246.634,			1.078,			0.167,			0.057
943,	2,	181.0,	246.755,			12.75,			1.373,			0.149
944,	1,	120.0,	246.971,			1.541,			0.194,			0.052
945,	2,	112.0,	247.008,			10.178,			1.053,			0.109
946,	2,	95.0,	247.081,			14.722,			1.409,			0.19
947,	2,	92.0,	247.373,			11.059,			1.369,			0.121
948,	1,	103.0,	247.739,			1.486,			0.133,			0.056
949,	1,	95.0,	249.92,			1.104,			0.101,			0.054
950,	1,	30.0,	251.397,			2.903,			0.152,			0.059
951,	1,	6.0,	251.543,			1.029,			0.259,			0.058
952,	1,	95.0,	251.815,			1.737,			0.263,			0.056
953,	2,	181.0,	252.164,			11.248,			1.085,			0.122
954,	1,	59.0,	252.917,			1.69,			0.288,			0.056
955,	2,	268.0,	253.525,			10.728,			1.041,			0.12
956,	1,	16.0,	254.625,			2.571,			0.284,			0.058
957,	1,	7.0,	254.755,			2.509,			0.116,			0.059
958,	2,	122.0,	255.406,			11.842,			1.098,			0.151
959,	2,	71.0,	255.497,			13.193,			1.353,			0.16
960,	2,	100.0,	255.514,			10.573,			1.433,			0.131
961,	2,	83.0,	258.101,			11.878,			1.133,			0.175
962,	2,	137.0,	259.05,			14.958,			1.468,			0.139
963,	1,	6.0,	259.084,			1.083,			0.142,			0.054
964,	1,	120.0,	259.139,			1.433,			0.263,			0.057
965,	2,	149.0,	259.19,			14.76,			1.056,			0.197
966,	2,	215.0,	259.989,			13.669,			1.32,			0.111
967,	2,	125.0,	260.376,			12.174,			1.222,			0.152
968,	2,	88.0,	261.453,			13.298,			1.471,			0.111
969,	2,	228.0,	262.375,			11.207,			1.482,			0.143
970,	1,	90.0,	262.397,			1.761,			0.299,			0.053
971,	1,	7.0,	262.493,			2.131,			0.183,			0.06
972,	1,	103.0,	262.978,			2.436,			0.128,			0.059
973,	1,	103.0,	264.255,			2.846,			0.224,			0.052
974,	2,	39.0,	266.062,			14.33,			1.362,			0.124
975,	1,	7.0,	266.475,			2.622,			0.125,			0.052
976,	2,	195.0,	267.551,			10.035,			1.417,			0.17
977,	1,	16.0,	269.041,			1.442,			0.263,			0.055
978,	2,	133.0,	269.426,			14.633,			1.158,			0.197
979,	2,	69.0,	272.234,			12.809,			1.065,			0.178
980,	1,	59.0,	273.719,			2.533,			0.137,			0.057
981,	2,	82.0,	273.782,			10.215,			1.285,			0.17
982,	1,	7.0,	274.819,			2.761,			0.287,			0.051
983,	2,	120.0,	274.909,			11.537,			1.389,			0.169
984,	2,	113.0,	276.412,			11.707,			1.405,			0.174
985,	2,	135.0,	276.51,			10.592,			1.115,			0.118
986,	2,	96.0,	280.092,			10.178,			1.422,			0.141
987,	2,	121.0,	280.482,			12.363,			1.458,			0.121
988,	1,	16.0,	282.088,			2.467,			0.186,			0.059
989,	1,	13.0,	285.927,			2.187,			0.201,			0.058
990,	2,	190.0,	287.755,			12.924,			1.088,			0.156
991,	2,	141.0,	287.899,			12.581,			1.477,			0.188
992,	2,	86.0,	291.624,			12.71,			1.159,			0.15
993,	2,	264.0,	291.677,			12.649,			1.316,			0.127
994,	2,	168.0,	293.778,			10.742,			1.131,			0.136
995,	2,	149.0,	294.186,			14.604,			1.101,			0.185
996,	2,	116.0,	294.196,			10.594,			1.473,			0.112
997,	2,	330.0,	295.945,			13.535,			1.452,			0.101
998,	1,	44.0,	296.463,			2.288,			0.187,			0.057
999,	2,	151.0,	297.996,			13.743,			1.305,			0.127
1000,	1,	44.0,	300.0,			2.418,			0.16,			0.057
