#, task_type_id, size, arrival_time,	execution_time_cpu,	execution_time_gpu,	execution_time_CLOUD
1,	1,	126.0,	1.034,			1.457,			0.986,			0.986,			1.463,			0.98,			0.499
2,	1,	6.0,	1.787,			1.444,			0.978,			0.978,			1.466,			0.968,			0.502
3,	1,	10.0,	2.246,			1.472,			0.959,			0.959,			1.494,			0.963,			0.499
4,	2,	86.0,	3.815,			2.293,			0.099,			0.099,			2.31,			0.097,			0.05
5,	2,	111.0,	4.522,			2.316,			0.092,			0.092,			2.324,			0.095,			0.049
6,	1,	447.0,	5.154,			1.457,			0.979,			0.979,			1.452,			0.973,			0.5
7,	2,	89.0,	6.876,			2.308,			0.104,			0.104,			2.298,			0.093,			0.05
8,	2,	152.0,	6.904,			2.304,			0.104,			0.104,			2.303,			0.098,			0.051
9,	1,	387.0,	7.536,			1.465,			0.949,			0.949,			1.458,			0.975,			0.501
10,	1,	126.0,	7.818,			1.453,			0.957,			0.957,			1.457,			0.995,			0.501
11,	1,	44.0,	8.823,			1.455,			0.972,			0.972,			1.462,			0.97,			0.5
12,	2,	163.0,	9.106,			2.292,			0.093,			0.093,			2.297,			0.103,			0.05
13,	1,	498.0,	10.519,			1.473,			0.971,			0.971,			1.469,			0.973,			0.5
14,	1,	120.0,	10.593,			1.457,			0.958,			0.958,			1.465,			0.982,			0.5
15,	2,	142.0,	11.063,			2.289,			0.102,			0.102,			2.306,			0.095,			0.048
16,	2,	139.0,	12.041,			2.291,			0.096,			0.096,			2.311,			0.105,			0.05
17,	2,	219.0,	13.532,			2.303,			0.105,			0.105,			2.316,			0.099,			0.051
18,	1,	559.0,	15.941,			1.485,			0.957,			0.957,			1.446,			0.966,			0.5
19,	1,	498.0,	15.966,			1.457,			0.999,			0.999,			1.46,			0.972,			0.499
20,	2,	263.0,	16.846,			2.293,			0.096,			0.096,			2.3,			0.102,			0.051
21,	2,	223.0,	18.012,			2.3,			0.096,			0.096,			2.303,			0.098,			0.05
22,	1,	7.0,	19.318,			1.489,			0.973,			0.973,			1.468,			0.982,			0.499
23,	1,	95.0,	21.42,			1.47,			0.972,			0.972,			1.479,			0.949,			0.5
24,	2,	209.0,	21.466,			2.291,			0.093,			0.093,			2.296,			0.1,			0.051
25,	2,	143.0,	22.22,			2.287,			0.1,			0.1,			2.301,			0.099,			0.051
26,	1,	6.0,	22.9,			1.458,			0.959,			0.959,			1.463,			0.971,			0.499
27,	1,	7.0,	24.459,			1.458,			0.97,			0.97,			1.453,			0.975,			0.501
28,	1,	512.0,	25.116,			1.479,			0.968,			0.968,			1.462,			0.971,			0.502
29,	2,	92.0,	26.293,			2.292,			0.101,			0.101,			2.3,			0.1,			0.05
30,	1,	6.0,	26.742,			1.462,			0.968,			0.968,			1.463,			0.981,			0.499
31,	2,	225.0,	27.091,			2.295,			0.104,			0.104,			2.322,			0.106,			0.052
32,	2,	118.0,	28.675,			2.293,			0.103,			0.103,			2.299,			0.099,			0.049
33,	1,	103.0,	29.561,			1.467,			0.972,			0.972,			1.469,			0.979,			0.5
34,	2,	162.0,	30.055,			2.296,			0.1,			0.1,			2.307,			0.098,			0.05
35,	1,	30.0,	32.339,			1.45,			0.961,			0.961,			1.478,			0.975,			0.501
36,	1,	146.0,	32.541,			1.454,			0.962,			0.962,			1.457,			0.952,			0.5
37,	2,	67.0,	32.992,			2.313,			0.11,			0.11,			2.301,			0.098,			0.05
38,	1,	6.0,	36.723,			1.454,			0.983,			0.983,			1.469,			0.973,			0.501
39,	1,	6.0,	37.494,			1.464,			0.972,			0.972,			1.472,			0.958,			0.5
40,	1,	49.0,	39.081,			1.456,			0.984,			0.984,			1.446,			0.965,			0.5
41,	2,	145.0,	44.872,			2.319,			0.101,			0.101,			2.289,			0.097,			0.052
42,	1,	447.0,	45.163,			1.447,			0.98,			0.98,			1.462,			0.956,			0.501
43,	2,	191.0,	46.422,			2.3,			0.101,			0.101,			2.32,			0.097,			0.051
44,	2,	162.0,	46.469,			2.3,			0.094,			0.094,			2.312,			0.095,			0.05
45,	1,	146.0,	47.526,			1.457,			0.974,			0.974,			1.459,			0.953,			0.5
46,	1,	559.0,	48.994,			1.467,			0.981,			0.981,			1.462,			0.954,			0.499
47,	1,	90.0,	49.502,			1.472,			0.952,			0.952,			1.437,			0.968,			0.499
48,	1,	49.0,	56.634,			1.456,			0.969,			0.969,			1.459,			0.964,			0.5
49,	1,	512.0,	58.204,			1.45,			0.983,			0.983,			1.45,			0.974,			0.499
50,	2,	154.0,	58.299,			2.304,			0.099,			0.099,			2.322,			0.11,			0.05
51,	1,	7.0,	59.547,			1.455,			0.98,			0.98,			1.453,			0.976,			0.498
52,	1,	95.0,	59.829,			1.469,			0.968,			0.968,			1.451,			0.961,			0.499
53,	1,	16.0,	61.132,			1.457,			0.947,			0.947,			1.467,			0.983,			0.5
54,	1,	126.0,	61.793,			1.46,			0.96,			0.96,			1.449,			0.97,			0.501
55,	1,	103.0,	62.046,			1.446,			0.965,			0.965,			1.468,			0.994,			0.502
56,	1,	90.0,	63.305,			1.447,			0.963,			0.963,			1.444,			0.969,			0.5
57,	2,	142.0,	64.544,			2.279,			0.108,			0.108,			2.325,			0.089,			0.05
58,	1,	16.0,	68.206,			1.461,			0.983,			0.983,			1.466,			0.97,			0.5
59,	1,	169.0,	69.822,			1.473,			0.969,			0.969,			1.455,			0.992,			0.501
60,	2,	153.0,	69.994,			2.301,			0.092,			0.092,			2.304,			0.106,			0.05
61,	2,	197.0,	70.07,			2.302,			0.097,			0.097,			2.304,			0.102,			0.049
62,	2,	215.0,	71.222,			2.301,			0.101,			0.101,			2.317,			0.095,			0.048
63,	2,	189.0,	75.259,			2.313,			0.103,			0.103,			2.309,			0.104,			0.051
64,	2,	162.0,	75.312,			2.301,			0.101,			0.101,			2.317,			0.106,			0.052
65,	2,	129.0,	75.628,			2.303,			0.097,			0.097,			2.3,			0.098,			0.048
66,	2,	67.0,	76.24,			2.3,			0.096,			0.096,			2.284,			0.1,			0.052
67,	1,	498.0,	77.159,			1.45,			0.967,			0.967,			1.467,			0.975,			0.499
68,	1,	7.0,	77.172,			1.463,			0.958,			0.958,			1.447,			0.962,			0.499
69,	2,	112.0,	77.451,			2.296,			0.099,			0.099,			2.314,			0.098,			0.048
70,	2,	201.0,	77.587,			2.305,			0.099,			0.099,			2.289,			0.096,			0.05
71,	2,	122.0,	78.123,			2.294,			0.108,			0.108,			2.298,			0.102,			0.05
72,	1,	103.0,	82.188,			1.441,			0.961,			0.961,			1.455,			0.966,			0.5
73,	1,	7.0,	82.3,			1.45,			0.963,			0.963,			1.451,			0.982,			0.501
74,	3,	227.0,	83.719,			5.504,			1.489,			1.489,			5.496,			1.494,			0.908
75,	2,	90.0,	86.03,			2.307,			0.097,			0.097,			2.292,			0.096,			0.049
76,	2,	75.0,	86.554,			2.301,			0.107,			0.107,			2.304,			0.11,			0.05
77,	3,	152.7,	86.773,			5.512,			1.496,			1.496,			5.5,			1.481,			0.907
78,	1,	120.0,	87.189,			1.452,			0.961,			0.961,			1.461,			0.983,			0.5
79,	1,	498.0,	89.423,			1.424,			0.963,			0.963,			1.446,			0.971,			0.499
80,	2,	155.0,	91.038,			2.303,			0.092,			0.092,			2.307,			0.104,			0.05
81,	1,	7.0,	92.238,			1.464,			0.982,			0.982,			1.444,			0.974,			0.499
82,	1,	7.0,	92.487,			1.48,			0.951,			0.951,			1.462,			0.971,			0.499
83,	2,	159.0,	93.002,			2.302,			0.1,			0.1,			2.29,			0.1,			0.049
84,	1,	379.0,	93.793,			1.449,			0.973,			0.973,			1.449,			0.953,			0.5
85,	2,	355.0,	94.812,			2.311,			0.097,			0.097,			2.298,			0.1,			0.052
86,	1,	559.0,	95.126,			1.454,			0.965,			0.965,			1.446,			0.979,			0.501
87,	2,	133.0,	95.543,			2.293,			0.109,			0.109,			2.304,			0.093,			0.05
88,	2,	95.0,	95.602,			2.306,			0.092,			0.092,			2.297,			0.1,			0.05
89,	1,	126.0,	97.972,			1.463,			0.953,			0.953,			1.464,			0.961,			0.501
90,	1,	387.0,	101.404,			1.472,			0.964,			0.964,			1.457,			0.956,			0.5
91,	1,	512.0,	102.243,			1.457,			0.976,			0.976,			1.46,			0.973,			0.502
92,	1,	157.0,	102.639,			1.462,			0.989,			0.989,			1.452,			0.948,			0.501
93,	1,	90.0,	103.07,			1.46,			0.953,			0.953,			1.466,			0.975,			0.501
94,	1,	559.0,	103.538,			1.463,			0.971,			0.971,			1.456,			0.973,			0.499
95,	2,	230.0,	103.573,			2.297,			0.101,			0.101,			2.303,			0.096,			0.052
96,	1,	30.0,	103.645,			1.467,			0.948,			0.948,			1.473,			0.959,			0.5
97,	1,	28.0,	105.991,			1.442,			0.959,			0.959,			1.462,			0.952,			0.5
98,	2,	154.0,	106.793,			2.29,			0.106,			0.106,			2.299,			0.093,			0.048
99,	1,	512.0,	107.882,			1.44,			0.976,			0.976,			1.457,			0.991,			0.499
100,	1,	30.0,	108.813,			1.452,			0.965,			0.965,			1.472,			0.957,			0.5
101,	2,	206.0,	112.263,			2.304,			0.1,			0.1,			2.307,			0.099,			0.051
102,	1,	49.0,	113.359,			1.453,			0.975,			0.975,			1.451,			0.979,			0.498
103,	1,	498.0,	114.318,			1.468,			0.984,			0.984,			1.464,			0.967,			0.499
104,	2,	204.0,	114.702,			2.31,			0.107,			0.107,			2.31,			0.092,			0.05
105,	1,	44.0,	114.736,			1.458,			0.967,			0.967,			1.466,			0.959,			0.499
106,	2,	219.0,	117.365,			2.315,			0.1,			0.1,			2.297,			0.098,			0.05
107,	1,	498.0,	118.216,			1.456,			0.979,			0.979,			1.458,			0.963,			0.502
108,	1,	28.0,	119.363,			1.462,			0.963,			0.963,			1.465,			0.971,			0.5
109,	1,	214.0,	119.569,			1.464,			0.954,			0.954,			1.467,			0.98,			0.502
110,	2,	192.0,	121.041,			2.299,			0.095,			0.095,			2.305,			0.096,			0.049
111,	2,	109.0,	125.097,			2.307,			0.099,			0.099,			2.297,			0.106,			0.05
112,	2,	94.0,	126.168,			2.305,			0.098,			0.098,			2.304,			0.101,			0.051
113,	1,	7.0,	126.796,			1.459,			0.981,			0.981,			1.458,			0.949,			0.5
114,	2,	149.0,	126.844,			2.294,			0.096,			0.096,			2.299,			0.103,			0.05
115,	1,	103.0,	127.291,			1.444,			0.983,			0.983,			1.453,			0.961,			0.5
116,	1,	214.0,	128.3,			1.449,			0.975,			0.975,			1.471,			0.965,			0.5
117,	2,	155.0,	128.504,			2.303,			0.099,			0.099,			2.306,			0.098,			0.048
118,	2,	174.0,	128.892,			2.314,			0.095,			0.095,			2.314,			0.098,			0.049
119,	1,	44.0,	132.196,			1.473,			0.975,			0.975,			1.441,			0.975,			0.5
120,	1,	13.0,	132.635,			1.457,			0.964,			0.964,			1.455,			0.986,			0.5
121,	1,	30.0,	132.899,			1.458,			0.963,			0.963,			1.46,			0.987,			0.501
122,	1,	169.0,	133.08,			1.463,			0.986,			0.986,			1.477,			0.966,			0.5
123,	2,	141.0,	135.895,			2.307,			0.096,			0.096,			2.304,			0.1,			0.046
124,	1,	379.0,	137.346,			1.462,			0.967,			0.967,			1.447,			0.958,			0.501
125,	1,	44.0,	137.787,			1.449,			0.951,			0.951,			1.445,			0.964,			0.5
126,	1,	59.0,	139.437,			1.458,			0.956,			0.956,			1.44,			0.97,			0.498
127,	1,	7.0,	140.177,			1.441,			0.973,			0.973,			1.463,			0.973,			0.499
128,	1,	379.0,	140.787,			1.445,			0.982,			0.982,			1.457,			0.986,			0.5
129,	2,	170.0,	141.335,			2.311,			0.098,			0.098,			2.299,			0.102,			0.049
130,	1,	44.0,	144.188,			1.462,			0.968,			0.968,			1.449,			0.968,			0.5
131,	2,	145.0,	146.272,			2.294,			0.096,			0.096,			2.292,			0.104,			0.049
132,	2,	231.0,	147.035,			2.3,			0.094,			0.094,			2.305,			0.11,			0.05
133,	2,	267.0,	149.154,			2.285,			0.095,			0.095,			2.286,			0.1,			0.05
134,	1,	7.0,	149.983,			1.463,			0.974,			0.974,			1.46,			0.975,			0.5
135,	1,	6.0,	150.071,			1.468,			0.961,			0.961,			1.447,			0.971,			0.499
136,	1,	28.0,	151.995,			1.46,			0.968,			0.968,			1.451,			0.961,			0.499
137,	1,	10.0,	152.021,			1.456,			0.969,			0.969,			1.444,			0.955,			0.499
138,	3,	496.2,	153.086,			5.495,			1.489,			1.489,			5.507,			1.485,			0.908
139,	3,	152.7,	153.117,			5.5,			1.487,			1.487,			5.492,			1.497,			0.899
140,	2,	111.0,	154.154,			2.305,			0.097,			0.097,			2.308,			0.107,			0.052
141,	3,	246.2,	154.561,			5.511,			1.497,			1.497,			5.504,			1.531,			0.904
142,	2,	204.0,	154.609,			2.316,			0.104,			0.104,			2.306,			0.1,			0.049
143,	2,	137.0,	156.842,			2.291,			0.103,			0.103,			2.289,			0.111,			0.05
144,	1,	512.0,	157.683,			1.461,			0.969,			0.969,			1.481,			0.969,			0.5
145,	3,	124.5,	158.562,			5.503,			1.508,			1.508,			5.507,			1.503,			0.903
146,	1,	103.0,	159.84,			1.463,			0.971,			0.971,			1.469,			0.959,			0.5
147,	1,	498.0,	161.187,			1.455,			0.981,			0.981,			1.467,			0.952,			0.501
148,	2,	249.0,	162.187,			2.294,			0.104,			0.104,			2.294,			0.103,			0.052
149,	2,	199.0,	163.804,			2.311,			0.098,			0.098,			2.299,			0.112,			0.05
150,	2,	200.0,	165.687,			2.308,			0.105,			0.105,			2.305,			0.106,			0.052
151,	1,	214.0,	165.745,			1.467,			0.98,			0.98,			1.464,			0.974,			0.499
152,	2,	117.0,	167.55,			2.305,			0.095,			0.095,			2.314,			0.099,			0.051
153,	2,	133.0,	169.137,			2.301,			0.103,			0.103,			2.281,			0.097,			0.049
154,	1,	126.0,	170.795,			1.45,			0.956,			0.956,			1.464,			0.977,			0.497
155,	1,	387.0,	173.661,			1.456,			0.981,			0.981,			1.469,			0.961,			0.502
156,	2,	97.0,	173.782,			2.314,			0.104,			0.104,			2.301,			0.101,			0.049
157,	1,	7.0,	176.201,			1.439,			0.981,			0.981,			1.461,			0.958,			0.5
158,	2,	181.0,	177.927,			2.311,			0.1,			0.1,			2.302,			0.109,			0.05
159,	1,	387.0,	178.668,			1.457,			0.982,			0.982,			1.482,			0.948,			0.499
160,	1,	90.0,	179.074,			1.485,			0.979,			0.979,			1.453,			0.959,			0.5
161,	1,	13.0,	179.277,			1.454,			0.95,			0.95,			1.448,			0.982,			0.502
162,	1,	214.0,	181.562,			1.446,			0.956,			0.956,			1.458,			0.955,			0.501
163,	2,	171.0,	181.666,			2.312,			0.103,			0.103,			2.297,			0.104,			0.05
164,	2,	88.0,	181.732,			2.304,			0.097,			0.097,			2.307,			0.097,			0.051
165,	1,	7.0,	181.775,			1.44,			0.979,			0.979,			1.451,			0.97,			0.502
166,	1,	44.0,	183.265,			1.466,			0.954,			0.954,			1.463,			0.969,			0.501
167,	1,	387.0,	183.618,			1.474,			0.97,			0.97,			1.458,			0.955,			0.499
168,	1,	214.0,	186.073,			1.453,			0.969,			0.969,			1.442,			0.968,			0.501
169,	1,	13.0,	186.637,			1.474,			0.969,			0.969,			1.465,			0.965,			0.499
170,	2,	150.0,	187.279,			2.293,			0.099,			0.099,			2.325,			0.089,			0.05
171,	1,	103.0,	190.895,			1.462,			0.983,			0.983,			1.459,			0.982,			0.501
172,	1,	59.0,	191.035,			1.469,			0.983,			0.983,			1.472,			0.974,			0.501
173,	2,	238.0,	191.614,			2.297,			0.093,			0.093,			2.317,			0.1,			0.049
174,	2,	64.0,	193.011,			2.3,			0.102,			0.102,			2.301,			0.091,			0.051
175,	1,	6.0,	193.12,			1.466,			0.975,			0.975,			1.46,			0.968,			0.499
176,	2,	135.0,	193.538,			2.309,			0.103,			0.103,			2.295,			0.096,			0.051
177,	2,	149.0,	196.16,			2.287,			0.101,			0.101,			2.292,			0.1,			0.051
178,	1,	146.0,	196.878,			1.463,			0.975,			0.975,			1.44,			0.959,			0.499
179,	1,	13.0,	197.294,			1.464,			0.971,			0.971,			1.463,			0.975,			0.5
180,	1,	59.0,	199.857,			1.461,			0.982,			0.982,			1.462,			0.991,			0.497
181,	1,	214.0,	200.39,			1.466,			0.962,			0.962,			1.45,			0.974,			0.502
182,	1,	49.0,	200.55,			1.472,			0.97,			0.97,			1.468,			0.966,			0.502
183,	1,	512.0,	200.775,			1.467,			0.964,			0.964,			1.448,			0.968,			0.5
184,	1,	447.0,	201.5,			1.473,			0.969,			0.969,			1.478,			0.975,			0.5
185,	2,	124.0,	202.178,			2.294,			0.102,			0.102,			2.302,			0.097,			0.049
186,	1,	59.0,	204.923,			1.446,			0.983,			0.983,			1.464,			0.966,			0.501
187,	1,	379.0,	206.561,			1.475,			0.949,			0.949,			1.457,			0.977,			0.5
188,	1,	49.0,	210.586,			1.453,			0.963,			0.963,			1.469,			0.957,			0.499
189,	1,	146.0,	216.38,			1.445,			0.98,			0.98,			1.458,			0.964,			0.501
190,	1,	379.0,	216.544,			1.444,			0.973,			0.973,			1.458,			0.975,			0.5
191,	1,	95.0,	218.515,			1.448,			0.961,			0.961,			1.468,			0.969,			0.498
192,	1,	169.0,	219.281,			1.477,			0.967,			0.967,			1.457,			0.975,			0.501
193,	2,	139.0,	219.711,			2.31,			0.105,			0.105,			2.306,			0.099,			0.05
194,	1,	146.0,	221.61,			1.461,			0.98,			0.98,			1.445,			0.978,			0.501
195,	1,	95.0,	222.084,			1.457,			0.975,			0.975,			1.46,			0.963,			0.498
196,	1,	120.0,	222.104,			1.451,			0.967,			0.967,			1.443,			0.972,			0.501
197,	2,	117.0,	222.331,			2.297,			0.106,			0.106,			2.291,			0.101,			0.051
198,	2,	249.0,	228.538,			2.325,			0.1,			0.1,			2.29,			0.103,			0.049
199,	2,	193.0,	229.688,			2.319,			0.115,			0.115,			2.304,			0.092,			0.051
200,	1,	44.0,	231.045,			1.451,			0.953,			0.953,			1.468,			0.973,			0.498
201,	1,	44.0,	232.043,			1.451,			0.969,			0.969,			1.443,			0.975,			0.501
202,	1,	120.0,	232.053,			1.459,			0.969,			0.969,			1.475,			0.975,			0.498
203,	1,	44.0,	233.375,			1.453,			0.989,			0.989,			1.466,			0.972,			0.502
204,	1,	30.0,	235.824,			1.456,			0.98,			0.98,			1.451,			0.973,			0.499
205,	1,	498.0,	240.163,			1.45,			0.993,			0.993,			1.444,			0.967,			0.498
206,	1,	7.0,	240.745,			1.468,			0.95,			0.95,			1.45,			0.981,			0.5
207,	1,	559.0,	241.363,			1.469,			0.978,			0.978,			1.451,			0.968,			0.5
208,	1,	126.0,	241.627,			1.47,			0.972,			0.972,			1.462,			0.973,			0.501
209,	2,	248.0,	242.862,			2.303,			0.097,			0.097,			2.317,			0.092,			0.05
210,	2,	188.0,	243.175,			2.315,			0.102,			0.102,			2.308,			0.107,			0.051
211,	2,	126.0,	246.036,			2.292,			0.101,			0.101,			2.299,			0.106,			0.05
212,	2,	183.0,	246.66,			2.295,			0.1,			0.1,			2.298,			0.103,			0.052
213,	1,	28.0,	247.484,			1.478,			0.978,			0.978,			1.453,			0.971,			0.501
214,	1,	6.0,	250.425,			1.469,			0.963,			0.963,			1.446,			0.969,			0.5
215,	2,	123.0,	250.471,			2.306,			0.101,			0.101,			2.318,			0.093,			0.051
216,	1,	6.0,	252.686,			1.462,			0.972,			0.972,			1.461,			0.981,			0.499
217,	1,	7.0,	252.84,			1.444,			0.983,			0.983,			1.457,			0.957,			0.5
218,	1,	120.0,	253.944,			1.482,			0.974,			0.974,			1.463,			0.962,			0.5
219,	2,	247.0,	254.145,			2.303,			0.104,			0.104,			2.3,			0.098,			0.049
220,	1,	44.0,	256.084,			1.467,			0.975,			0.975,			1.462,			0.961,			0.502
221,	1,	16.0,	258.236,			1.46,			0.968,			0.968,			1.462,			0.971,			0.499
222,	1,	559.0,	258.303,			1.455,			0.968,			0.968,			1.463,			0.959,			0.5
223,	2,	99.0,	261.102,			2.303,			0.099,			0.099,			2.317,			0.1,			0.051
224,	1,	7.0,	262.465,			1.458,			0.969,			0.969,			1.449,			0.984,			0.5
225,	2,	155.0,	262.638,			2.307,			0.106,			0.106,			2.303,			0.109,			0.049
226,	2,	118.0,	263.019,			2.296,			0.1,			0.1,			2.309,			0.102,			0.051
227,	1,	7.0,	267.77,			1.449,			0.95,			0.95,			1.464,			0.958,			0.5
228,	2,	151.0,	268.246,			2.306,			0.101,			0.101,			2.309,			0.1,			0.051
229,	1,	44.0,	268.261,			1.459,			0.949,			0.949,			1.455,			0.974,			0.5
230,	1,	169.0,	269.16,			1.479,			0.975,			0.975,			1.459,			0.981,			0.5
231,	1,	146.0,	269.476,			1.457,			0.974,			0.974,			1.438,			0.978,			0.5
232,	1,	126.0,	270.324,			1.464,			0.965,			0.965,			1.471,			0.978,			0.501
233,	1,	126.0,	271.488,			1.457,			0.965,			0.965,			1.449,			0.995,			0.5
234,	1,	126.0,	273.439,			1.46,			0.983,			0.983,			1.471,			0.971,			0.499
235,	1,	13.0,	274.373,			1.462,			0.977,			0.977,			1.459,			0.972,			0.499
236,	1,	498.0,	274.412,			1.469,			0.979,			0.979,			1.44,			0.968,			0.5
237,	2,	261.0,	276.702,			2.298,			0.107,			0.107,			2.311,			0.092,			0.051
238,	2,	199.0,	277.465,			2.31,			0.105,			0.105,			2.281,			0.097,			0.049
239,	2,	186.0,	277.754,			2.294,			0.103,			0.103,			2.306,			0.089,			0.05
240,	2,	120.0,	278.024,			2.31,			0.098,			0.098,			2.296,			0.103,			0.051
241,	2,	145.0,	280.311,			2.316,			0.097,			0.097,			2.303,			0.099,			0.05
242,	1,	30.0,	284.041,			1.46,			0.963,			0.963,			1.451,			0.953,			0.501
243,	2,	225.0,	284.252,			2.316,			0.097,			0.097,			2.301,			0.093,			0.051
244,	1,	59.0,	285.678,			1.456,			0.969,			0.969,			1.461,			0.951,			0.5
245,	2,	113.0,	287.561,			2.283,			0.097,			0.097,			2.292,			0.099,			0.051
246,	2,	225.0,	288.124,			2.306,			0.101,			0.101,			2.302,			0.092,			0.051
247,	1,	7.0,	289.576,			1.454,			0.961,			0.961,			1.452,			0.969,			0.5
248,	1,	13.0,	289.672,			1.462,			0.955,			0.955,			1.467,			0.958,			0.5
249,	1,	7.0,	291.199,			1.447,			0.986,			0.986,			1.451,			0.969,			0.5
250,	1,	447.0,	292.502,			1.468,			0.966,			0.966,			1.459,			0.966,			0.5
251,	1,	559.0,	294.081,			1.462,			0.976,			0.976,			1.46,			0.981,			0.499
252,	2,	177.0,	294.691,			2.298,			0.099,			0.099,			2.284,			0.101,			0.051
253,	1,	387.0,	295.947,			1.445,			0.948,			0.948,			1.46,			0.973,			0.5
254,	2,	63.0,	296.128,			2.291,			0.092,			0.092,			2.296,			0.103,			0.05
255,	2,	97.0,	299.252,			2.289,			0.106,			0.106,			2.305,			0.102,			0.05
256,	1,	146.0,	299.571,			1.452,			0.974,			0.974,			1.46,			0.982,			0.5
257,	1,	44.0,	300.959,			1.446,			0.949,			0.949,			1.452,			0.968,			0.502
258,	1,	559.0,	301.573,			1.459,			0.99,			0.99,			1.48,			0.963,			0.5
259,	1,	103.0,	301.915,			1.479,			0.983,			0.983,			1.462,			0.967,			0.501
260,	2,	103.0,	302.321,			2.293,			0.103,			0.103,			2.305,			0.106,			0.051
261,	1,	90.0,	302.501,			1.44,			0.977,			0.977,			1.467,			0.969,			0.501
262,	2,	161.0,	302.603,			2.295,			0.101,			0.101,			2.314,			0.115,			0.049
263,	1,	512.0,	304.521,			1.471,			0.978,			0.978,			1.467,			0.974,			0.499
264,	1,	7.0,	306.09,			1.442,			0.974,			0.974,			1.451,			0.97,			0.5
265,	2,	78.0,	307.764,			2.304,			0.101,			0.101,			2.311,			0.097,			0.05
266,	1,	447.0,	307.864,			1.454,			0.959,			0.959,			1.443,			0.969,			0.502
267,	1,	44.0,	307.988,			1.457,			0.98,			0.98,			1.468,			0.979,			0.501
268,	2,	208.0,	308.54,			2.312,			0.093,			0.093,			2.305,			0.097,			0.049
269,	1,	59.0,	310.914,			1.477,			0.962,			0.962,			1.459,			0.944,			0.499
270,	1,	10.0,	312.282,			1.459,			0.968,			0.968,			1.465,			0.97,			0.501
271,	1,	95.0,	312.3,			1.461,			0.954,			0.954,			1.455,			0.963,			0.501
272,	1,	126.0,	313.434,			1.465,			0.98,			0.98,			1.449,			0.969,			0.498
273,	1,	146.0,	313.514,			1.449,			0.967,			0.967,			1.47,			0.973,			0.5
274,	2,	116.0,	314.353,			2.303,			0.099,			0.099,			2.294,			0.102,			0.049
275,	1,	90.0,	315.321,			1.478,			0.97,			0.97,			1.464,			0.971,			0.498
276,	2,	136.0,	315.912,			2.288,			0.103,			0.103,			2.304,			0.109,			0.05
277,	1,	157.0,	316.047,			1.464,			0.975,			0.975,			1.462,			0.972,			0.501
278,	1,	30.0,	317.101,			1.46,			0.973,			0.973,			1.489,			0.957,			0.5
279,	2,	160.0,	318.532,			2.308,			0.101,			0.101,			2.286,			0.101,			0.052
280,	2,	58.0,	321.552,			2.293,			0.108,			0.108,			2.291,			0.101,			0.049
281,	1,	512.0,	323.742,			1.469,			0.987,			0.987,			1.458,			0.977,			0.499
282,	1,	146.0,	323.992,			1.459,			0.96,			0.96,			1.454,			0.967,			0.5
283,	1,	44.0,	324.305,			1.466,			0.965,			0.965,			1.458,			0.971,			0.499
284,	1,	7.0,	324.568,			1.456,			0.975,			0.975,			1.461,			0.978,			0.5
285,	3,	156.3,	325.053,			5.503,			1.487,			1.487,			5.507,			1.509,			0.897
286,	3,	336.5,	325.107,			5.521,			1.482,			1.482,			5.531,			1.511,			0.895
287,	3,	227.0,	325.128,			5.506,			1.48,			1.48,			5.479,			1.497,			0.897
288,	1,	447.0,	326.844,			1.462,			0.956,			0.956,			1.453,			0.965,			0.501
289,	1,	214.0,	328.242,			1.455,			0.982,			0.982,			1.477,			0.966,			0.5
290,	1,	30.0,	329.456,			1.455,			0.966,			0.966,			1.46,			0.968,			0.498
291,	1,	169.0,	330.146,			1.468,			0.969,			0.969,			1.469,			0.968,			0.501
292,	1,	49.0,	331.607,			1.462,			0.987,			0.987,			1.461,			0.982,			0.499
293,	1,	10.0,	333.218,			1.464,			0.974,			0.974,			1.455,			0.969,			0.5
294,	1,	447.0,	333.902,			1.47,			0.974,			0.974,			1.467,			0.971,			0.501
295,	3,	303.8,	334.304,			5.512,			1.507,			1.507,			5.504,			1.498,			0.903
296,	1,	59.0,	336.258,			1.455,			0.971,			0.971,			1.461,			0.978,			0.501
297,	1,	7.0,	337.717,			1.469,			0.961,			0.961,			1.442,			0.974,			0.498
298,	2,	141.0,	340.418,			2.308,			0.103,			0.103,			2.322,			0.096,			0.05
299,	1,	28.0,	340.419,			1.468,			0.98,			0.98,			1.466,			0.962,			0.5
300,	2,	39.0,	342.47,			2.304,			0.108,			0.108,			2.296,			0.095,			0.051
301,	1,	214.0,	345.47,			1.451,			0.964,			0.964,			1.464,			0.965,			0.499
302,	2,	96.0,	346.698,			2.31,			0.098,			0.098,			2.3,			0.105,			0.049
303,	2,	193.0,	346.942,			2.306,			0.099,			0.099,			2.297,			0.098,			0.05
304,	1,	16.0,	352.287,			1.466,			0.979,			0.979,			1.476,			0.97,			0.5
305,	1,	49.0,	353.434,			1.457,			0.966,			0.966,			1.463,			0.987,			0.499
306,	2,	157.0,	354.582,			2.303,			0.108,			0.108,			2.309,			0.107,			0.05
307,	1,	214.0,	355.318,			1.444,			0.967,			0.967,			1.455,			0.981,			0.498
308,	1,	7.0,	355.371,			1.466,			0.966,			0.966,			1.455,			0.974,			0.5
309,	1,	512.0,	355.95,			1.481,			0.983,			0.983,			1.457,			0.972,			0.502
310,	2,	97.0,	356.285,			2.308,			0.099,			0.099,			2.294,			0.101,			0.051
311,	1,	169.0,	356.909,			1.462,			0.969,			0.969,			1.457,			0.974,			0.5
312,	2,	203.0,	360.289,			2.311,			0.095,			0.095,			2.283,			0.097,			0.051
313,	1,	44.0,	360.63,			1.451,			0.978,			0.978,			1.459,			0.968,			0.5
314,	1,	120.0,	363.066,			1.455,			0.969,			0.969,			1.468,			0.974,			0.502
315,	1,	6.0,	364.02,			1.459,			0.966,			0.966,			1.466,			0.971,			0.499
316,	1,	379.0,	366.438,			1.455,			0.955,			0.955,			1.474,			0.976,			0.5
317,	1,	146.0,	368.475,			1.459,			0.983,			0.983,			1.443,			0.975,			0.5
318,	1,	7.0,	368.881,			1.446,			0.979,			0.979,			1.438,			0.981,			0.502
319,	1,	7.0,	370.1,			1.463,			0.975,			0.975,			1.468,			0.983,			0.501
320,	1,	44.0,	372.081,			1.451,			0.976,			0.976,			1.456,			0.953,			0.499
321,	1,	16.0,	373.186,			1.462,			0.973,			0.973,			1.472,			0.973,			0.499
322,	1,	103.0,	373.833,			1.437,			0.974,			0.974,			1.449,			0.965,			0.5
323,	1,	6.0,	374.594,			1.442,			0.967,			0.967,			1.454,			0.983,			0.499
324,	1,	49.0,	374.793,			1.464,			0.964,			0.964,			1.476,			0.968,			0.5
325,	2,	230.0,	375.366,			2.29,			0.095,			0.095,			2.315,			0.094,			0.049
326,	1,	28.0,	377.162,			1.452,			0.969,			0.969,			1.455,			0.982,			0.501
327,	2,	302.0,	377.887,			2.302,			0.093,			0.093,			2.31,			0.095,			0.051
328,	2,	190.0,	378.014,			2.299,			0.101,			0.101,			2.287,			0.099,			0.049
329,	1,	157.0,	379.276,			1.457,			0.975,			0.975,			1.458,			0.958,			0.501
330,	1,	90.0,	382.281,			1.457,			0.976,			0.976,			1.458,			0.975,			0.5
331,	1,	157.0,	383.177,			1.463,			0.983,			0.983,			1.464,			0.967,			0.499
332,	1,	49.0,	386.258,			1.457,			0.97,			0.97,			1.462,			0.963,			0.499
333,	2,	198.0,	389.214,			2.307,			0.095,			0.095,			2.302,			0.108,			0.049
334,	2,	186.0,	390.851,			2.284,			0.105,			0.105,			2.306,			0.111,			0.049
335,	2,	162.0,	391.067,			2.305,			0.091,			0.091,			2.302,			0.105,			0.05
336,	1,	10.0,	391.948,			1.452,			0.965,			0.965,			1.445,			0.966,			0.501
337,	2,	250.0,	392.562,			2.299,			0.101,			0.101,			2.302,			0.098,			0.049
338,	2,	172.0,	393.168,			2.296,			0.099,			0.099,			2.305,			0.101,			0.05
339,	1,	214.0,	393.346,			1.458,			0.983,			0.983,			1.461,			0.983,			0.5
340,	2,	142.0,	393.42,			2.299,			0.105,			0.105,			2.3,			0.094,			0.049
341,	1,	498.0,	393.672,			1.458,			0.969,			0.969,			1.451,			0.961,			0.5
342,	1,	7.0,	395.053,			1.471,			0.955,			0.955,			1.451,			0.973,			0.5
343,	1,	559.0,	400.207,			1.464,			0.98,			0.98,			1.464,			0.95,			0.499
344,	1,	126.0,	402.097,			1.458,			0.959,			0.959,			1.461,			0.969,			0.501
345,	1,	28.0,	402.241,			1.479,			0.983,			0.983,			1.466,			0.995,			0.499
346,	2,	275.0,	404.729,			2.285,			0.089,			0.089,			2.302,			0.096,			0.049
347,	2,	64.0,	408.662,			2.292,			0.102,			0.102,			2.316,			0.102,			0.051
348,	1,	7.0,	409.184,			1.463,			0.954,			0.954,			1.447,			0.964,			0.499
349,	1,	169.0,	410.035,			1.459,			0.954,			0.954,			1.451,			0.989,			0.499
350,	1,	7.0,	410.789,			1.443,			0.97,			0.97,			1.464,			0.97,			0.5
351,	1,	28.0,	414.523,			1.466,			0.972,			0.972,			1.459,			0.958,			0.499
352,	1,	30.0,	414.596,			1.475,			0.982,			0.982,			1.464,			0.947,			0.5
353,	1,	387.0,	418.311,			1.456,			0.973,			0.973,			1.438,			0.966,			0.498
354,	2,	83.0,	419.663,			2.3,			0.108,			0.108,			2.293,			0.095,			0.05
355,	1,	10.0,	420.41,			1.459,			0.964,			0.964,			1.48,			0.973,			0.5
356,	2,	113.0,	420.463,			2.31,			0.106,			0.106,			2.297,			0.111,			0.051
357,	1,	120.0,	421.177,			1.445,			0.955,			0.955,			1.464,			0.963,			0.501
358,	2,	60.0,	421.399,			2.289,			0.091,			0.091,			2.309,			0.1,			0.049
359,	2,	64.0,	423.439,			2.292,			0.102,			0.102,			2.322,			0.107,			0.049
360,	2,	203.0,	423.503,			2.31,			0.101,			0.101,			2.303,			0.105,			0.05
361,	1,	6.0,	425.518,			1.456,			0.982,			0.982,			1.446,			0.972,			0.5
362,	2,	83.0,	425.52,			2.297,			0.099,			0.099,			2.291,			0.098,			0.049
363,	2,	178.0,	430.651,			2.288,			0.099,			0.099,			2.289,			0.092,			0.051
364,	2,	205.0,	430.848,			2.285,			0.09,			0.09,			2.298,			0.094,			0.05
365,	2,	215.0,	430.934,			2.287,			0.104,			0.104,			2.303,			0.103,			0.05
366,	2,	95.0,	434.205,			2.292,			0.101,			0.101,			2.286,			0.106,			0.051
367,	1,	13.0,	436.329,			1.469,			0.976,			0.976,			1.436,			0.963,			0.501
368,	3,	79.9,	436.337,			5.511,			1.491,			1.491,			5.499,			1.476,			0.901
369,	3,	319.8,	436.391,			5.501,			1.498,			1.498,			5.51,			1.502,			0.895
370,	3,	435.1,	436.435,			5.516,			1.513,			1.513,			5.5,			1.516,			0.901
371,	3,	243.0,	436.509,			5.498,			1.484,			1.484,			5.492,			1.498,			0.901
372,	3,	373.7,	436.689,			5.495,			1.495,			1.495,			5.502,			1.509,			0.896
373,	3,	83.0,	436.707,			5.502,			1.504,			1.504,			5.501,			1.491,			0.902
374,	3,	551.3,	436.709,			5.499,			1.489,			1.489,			5.501,			1.517,			0.897
375,	3,	217.7,	436.802,			5.502,			1.515,			1.515,			5.514,			1.497,			0.899
376,	3,	215.9,	436.864,			5.499,			1.513,			1.513,			5.498,			1.489,			0.9
377,	3,	317.4,	436.9,			5.496,			1.502,			1.502,			5.509,			1.507,			0.899
378,	3,	107.4,	437.015,			5.502,			1.497,			1.497,			5.519,			1.512,			0.898
379,	3,	304.1,	437.027,			5.507,			1.5,			1.5,			5.502,			1.515,			0.912
380,	3,	275.1,	437.062,			5.51,			1.51,			1.51,			5.511,			1.496,			0.902
381,	3,	234.8,	437.084,			5.511,			1.508,			1.508,			5.498,			1.5,			0.897
382,	3,	435.1,	437.09,			5.503,			1.509,			1.509,			5.52,			1.496,			0.9
383,	3,	115.5,	437.103,			5.502,			1.499,			1.499,			5.505,			1.497,			0.908
384,	3,	59.6,	437.151,			5.515,			1.526,			1.526,			5.495,			1.495,			0.897
385,	3,	518.7,	437.161,			5.492,			1.509,			1.509,			5.474,			1.494,			0.896
386,	3,	417.0,	437.185,			5.497,			1.497,			1.497,			5.497,			1.497,			0.911
387,	3,	226.6,	437.231,			5.523,			1.508,			1.508,			5.508,			1.509,			0.902
388,	3,	105.7,	437.307,			5.498,			1.486,			1.486,			5.517,			1.5,			0.905
389,	3,	88.8,	437.326,			5.501,			1.516,			1.516,			5.51,			1.498,			0.903
390,	3,	394.0,	437.344,			5.509,			1.508,			1.508,			5.502,			1.514,			0.902
391,	3,	657.9,	437.578,			5.502,			1.513,			1.513,			5.505,			1.495,			0.898
392,	3,	145.4,	437.628,			5.504,			1.492,			1.492,			5.499,			1.495,			0.898
393,	3,	467.1,	437.654,			5.501,			1.508,			1.508,			5.515,			1.495,			0.899
394,	3,	456.3,	437.743,			5.487,			1.509,			1.509,			5.502,			1.518,			0.906
395,	3,	118.8,	437.784,			5.494,			1.5,			1.5,			5.497,			1.5,			0.905
396,	3,	354.1,	437.869,			5.494,			1.517,			1.517,			5.485,			1.5,			0.901
397,	3,	514.5,	437.87,			5.502,			1.495,			1.495,			5.493,			1.503,			0.903
398,	3,	137.4,	437.885,			5.501,			1.488,			1.488,			5.504,			1.481,			0.891
399,	3,	152.1,	437.951,			5.498,			1.496,			1.496,			5.485,			1.492,			0.891
400,	3,	131.6,	438.016,			5.501,			1.497,			1.497,			5.499,			1.492,			0.898
401,	3,	153.4,	438.031,			5.51,			1.497,			1.497,			5.482,			1.499,			0.905
402,	3,	187.1,	438.051,			5.515,			1.495,			1.495,			5.511,			1.492,			0.905
403,	3,	184.6,	438.104,			5.501,			1.499,			1.499,			5.51,			1.51,			0.897
404,	1,	498.0,	438.147,			1.452,			0.964,			0.964,			1.451,			0.969,			0.502
405,	3,	67.4,	438.153,			5.496,			1.494,			1.494,			5.496,			1.512,			0.898
406,	3,	92.3,	438.216,			5.5,			1.498,			1.498,			5.509,			1.482,			0.901
407,	3,	236.2,	438.305,			5.483,			1.497,			1.497,			5.489,			1.49,			0.891
408,	3,	703.2,	438.413,			5.502,			1.503,			1.503,			5.5,			1.505,			0.901
409,	3,	96.0,	438.532,			5.487,			1.494,			1.494,			5.511,			1.502,			0.903
410,	3,	152.7,	438.533,			5.473,			1.485,			1.485,			5.489,			1.496,			0.904
411,	3,	104.6,	438.59,			5.483,			1.512,			1.512,			5.502,			1.509,			0.898
412,	3,	163.8,	438.631,			5.492,			1.49,			1.49,			5.508,			1.497,			0.894
413,	3,	145.9,	438.664,			5.504,			1.52,			1.52,			5.495,			1.502,			0.903
414,	3,	218.5,	438.741,			5.487,			1.509,			1.509,			5.492,			1.503,			0.899
415,	3,	53.0,	438.817,			5.474,			1.506,			1.506,			5.511,			1.494,			0.895
416,	3,	407.0,	438.853,			5.501,			1.501,			1.501,			5.513,			1.514,			0.9
417,	3,	275.9,	438.948,			5.497,			1.496,			1.496,			5.492,			1.51,			0.899
418,	1,	95.0,	438.96,			1.465,			0.97,			0.97,			1.454,			0.984,			0.501
419,	3,	331.3,	439.116,			5.495,			1.52,			1.52,			5.498,			1.508,			0.903
420,	3,	167.3,	439.135,			5.504,			1.494,			1.494,			5.5,			1.485,			0.897
421,	3,	124.8,	439.204,			5.508,			1.48,			1.48,			5.484,			1.501,			0.904
422,	3,	622.3,	439.204,			5.498,			1.49,			1.49,			5.522,			1.501,			0.89
423,	3,	170.1,	439.207,			5.482,			1.512,			1.512,			5.505,			1.5,			0.896
424,	3,	188.4,	439.3,			5.5,			1.516,			1.516,			5.497,			1.523,			0.899
425,	3,	85.9,	439.324,			5.496,			1.499,			1.499,			5.515,			1.5,			0.898
426,	3,	192.7,	439.35,			5.511,			1.5,			1.5,			5.507,			1.496,			0.905
427,	3,	130.1,	439.399,			5.51,			1.504,			1.504,			5.508,			1.501,			0.903
428,	3,	485.1,	439.555,			5.493,			1.494,			1.494,			5.514,			1.521,			0.894
429,	3,	243.7,	439.634,			5.503,			1.509,			1.509,			5.499,			1.492,			0.898
430,	3,	265.2,	439.701,			5.499,			1.499,			1.499,			5.499,			1.502,			0.893
431,	3,	472.3,	439.711,			5.498,			1.504,			1.504,			5.504,			1.498,			0.895
432,	2,	142.0,	439.723,			2.314,			0.092,			0.092,			2.297,			0.102,			0.051
433,	3,	107.4,	439.755,			5.501,			1.48,			1.48,			5.509,			1.496,			0.895
434,	3,	81.6,	439.8,			5.511,			1.497,			1.497,			5.516,			1.51,			0.909
435,	3,	636.2,	439.841,			5.499,			1.493,			1.493,			5.496,			1.501,			0.909
436,	3,	425.7,	439.908,			5.49,			1.495,			1.495,			5.5,			1.499,			0.901
437,	3,	280.7,	439.953,			5.495,			1.503,			1.503,			5.5,			1.495,			0.91
438,	3,	316.2,	439.955,			5.511,			1.5,			1.5,			5.494,			1.509,			0.903
439,	3,	346.2,	439.992,			5.505,			1.489,			1.489,			5.505,			1.507,			0.902
440,	3,	139.0,	440.002,			5.507,			1.498,			1.498,			5.484,			1.494,			0.895
441,	3,	105.7,	440.013,			5.506,			1.491,			1.491,			5.503,			1.507,			0.898
442,	3,	115.7,	440.084,			5.501,			1.492,			1.492,			5.512,			1.502,			0.901
443,	3,	205.1,	440.095,			5.485,			1.513,			1.513,			5.475,			1.498,			0.9
444,	3,	82.1,	440.279,			5.495,			1.472,			1.472,			5.513,			1.503,			0.902
445,	3,	514.5,	440.419,			5.483,			1.492,			1.492,			5.499,			1.516,			0.897
446,	3,	53.0,	440.423,			5.518,			1.503,			1.503,			5.485,			1.515,			0.905
447,	3,	57.1,	440.529,			5.509,			1.497,			1.497,			5.502,			1.521,			0.908
448,	3,	194.1,	440.602,			5.503,			1.502,			1.502,			5.514,			1.513,			0.897
449,	3,	395.7,	440.624,			5.487,			1.496,			1.496,			5.51,			1.501,			0.904
450,	3,	184.6,	440.632,			5.49,			1.486,			1.486,			5.501,			1.497,			0.892
451,	3,	97.7,	440.633,			5.495,			1.517,			1.517,			5.502,			1.492,			0.902
452,	3,	496.2,	440.676,			5.504,			1.506,			1.506,			5.501,			1.5,			0.895
453,	3,	319.8,	440.703,			5.494,			1.509,			1.509,			5.504,			1.499,			0.905
454,	3,	431.0,	440.762,			5.509,			1.494,			1.494,			5.496,			1.513,			0.897
455,	3,	151.8,	440.897,			5.489,			1.506,			1.506,			5.503,			1.507,			0.895
456,	3,	82.9,	440.954,			5.504,			1.493,			1.493,			5.492,			1.506,			0.902
457,	3,	58.5,	440.965,			5.499,			1.496,			1.496,			5.506,			1.509,			0.911
458,	3,	147.9,	441.007,			5.492,			1.506,			1.506,			5.518,			1.502,			0.904
459,	3,	180.5,	441.103,			5.513,			1.503,			1.503,			5.509,			1.479,			0.894
460,	3,	151.8,	441.183,			5.494,			1.501,			1.501,			5.495,			1.497,			0.904
461,	1,	120.0,	441.765,			1.451,			0.975,			0.975,			1.456,			0.96,			0.501
462,	2,	187.0,	443.805,			2.292,			0.102,			0.102,			2.303,			0.105,			0.051
463,	1,	387.0,	443.949,			1.46,			0.966,			0.966,			1.458,			0.954,			0.499
464,	1,	559.0,	444.034,			1.456,			0.99,			0.99,			1.453,			0.959,			0.5
465,	1,	95.0,	444.713,			1.467,			0.979,			0.979,			1.465,			0.969,			0.499
466,	1,	120.0,	446.008,			1.464,			0.966,			0.966,			1.45,			0.979,			0.5
467,	1,	59.0,	450.505,			1.447,			0.981,			0.981,			1.446,			0.951,			0.5
468,	2,	93.0,	452.93,			2.302,			0.106,			0.106,			2.291,			0.105,			0.05
469,	1,	44.0,	453.014,			1.454,			0.98,			0.98,			1.462,			0.975,			0.5
470,	1,	512.0,	455.36,			1.453,			0.975,			0.975,			1.456,			0.988,			0.5
471,	1,	7.0,	455.734,			1.468,			0.973,			0.973,			1.447,			0.967,			0.5
472,	2,	38.0,	459.499,			2.309,			0.101,			0.101,			2.305,			0.104,			0.049
473,	2,	80.0,	459.643,			2.308,			0.094,			0.094,			2.317,			0.09,			0.05
474,	2,	171.0,	466.103,			2.29,			0.11,			0.11,			2.31,			0.105,			0.05
475,	2,	248.0,	467.799,			2.298,			0.097,			0.097,			2.314,			0.097,			0.052
476,	2,	156.0,	468.203,			2.302,			0.095,			0.095,			2.309,			0.092,			0.05
477,	1,	6.0,	469.131,			1.473,			0.971,			0.971,			1.452,			0.965,			0.5
478,	2,	201.0,	470.242,			2.32,			0.101,			0.101,			2.295,			0.096,			0.049
479,	1,	498.0,	473.059,			1.467,			0.978,			0.978,			1.448,			0.975,			0.5
480,	1,	120.0,	473.07,			1.465,			0.963,			0.963,			1.456,			0.952,			0.498
481,	2,	172.0,	474.898,			2.297,			0.101,			0.101,			2.31,			0.097,			0.049
482,	2,	205.0,	475.491,			2.305,			0.096,			0.096,			2.299,			0.099,			0.05
483,	1,	59.0,	477.256,			1.465,			0.969,			0.969,			1.457,			0.948,			0.499
484,	1,	13.0,	477.905,			1.476,			0.984,			0.984,			1.458,			0.942,			0.499
485,	2,	184.0,	481.508,			2.307,			0.098,			0.098,			2.298,			0.094,			0.049
486,	1,	90.0,	482.082,			1.45,			0.987,			0.987,			1.464,			0.979,			0.501
487,	2,	87.0,	482.733,			2.286,			0.106,			0.106,			2.302,			0.104,			0.049
488,	2,	232.0,	484.899,			2.312,			0.097,			0.097,			2.302,			0.094,			0.051
489,	1,	120.0,	484.927,			1.467,			0.973,			0.973,			1.473,			0.972,			0.501
490,	1,	498.0,	485.163,			1.447,			0.963,			0.963,			1.463,			0.949,			0.501
491,	1,	7.0,	485.841,			1.474,			0.968,			0.968,			1.469,			0.983,			0.5
492,	1,	379.0,	489.139,			1.467,			0.975,			0.975,			1.462,			0.981,			0.499
493,	2,	173.0,	489.497,			2.301,			0.105,			0.105,			2.295,			0.092,			0.049
494,	1,	214.0,	490.199,			1.448,			0.969,			0.969,			1.462,			0.961,			0.501
495,	2,	122.0,	490.446,			2.299,			0.102,			0.102,			2.29,			0.095,			0.049
496,	1,	447.0,	491.055,			1.463,			0.969,			0.969,			1.453,			0.971,			0.5
497,	1,	126.0,	491.36,			1.442,			0.962,			0.962,			1.448,			0.948,			0.498
498,	1,	13.0,	494.141,			1.462,			0.967,			0.967,			1.457,			0.983,			0.501
499,	1,	13.0,	499.323,			1.459,			0.972,			0.972,			1.463,			0.976,			0.501
500,	1,	16.0,	499.519,			1.456,			0.979,			0.979,			1.464,			0.97,			0.501
