#, task_type_id, size, arrival_time,	execution_time_cpu,	execution_time_gpu,	execution_time_CLOUD
1,	2,	132.0,	1.21,			13.889,			1.392,			0.155
2,	1,	6.0,	2.237,			2.149,			0.167,			0.051
3,	2,	175.0,	3.341,			14.921,			1.096,			0.158
4,	2,	109.0,	3.971,			11.429,			1.285,			0.156
5,	2,	141.0,	4.082,			11.036,			1.304,			0.143
6,	2,	54.0,	5.902,			13.305,			1.016,			0.155
7,	2,	61.0,	8.713,			14.546,			1.47,			0.102
8,	2,	78.0,	9.047,			13.034,			1.306,			0.112
9,	2,	90.0,	11.418,			14.891,			1.196,			0.188
10,	2,	119.0,	11.619,			14.219,			1.285,			0.129
11,	2,	153.0,	11.658,			10.215,			1.015,			0.149
12,	2,	170.0,	13.935,			14.186,			1.386,			0.103
13,	1,	6.0,	15.07,			2.167,			0.2,			0.053
14,	2,	120.0,	15.113,			12.435,			1.129,			0.106
15,	2,	130.0,	16.606,			13.15,			1.101,			0.104
16,	1,	120.0,	18.549,			2.827,			0.108,			0.057
17,	1,	7.0,	19.238,			2.09,			0.291,			0.052
18,	2,	81.0,	20.052,			10.808,			1.132,			0.111
19,	2,	192.0,	20.254,			13.016,			1.296,			0.113
20,	2,	205.0,	22.021,			12.004,			1.484,			0.198
21,	2,	103.0,	22.542,			11.488,			1.466,			0.113
22,	1,	6.0,	22.99,			1.166,			0.195,			0.055
23,	1,	447.0,	25.484,			2.653,			0.247,			0.054
24,	2,	144.0,	26.898,			12.315,			1.141,			0.101
25,	2,	196.0,	27.482,			12.317,			1.075,			0.182
26,	2,	157.0,	28.298,			14.132,			1.211,			0.143
27,	2,	142.0,	29.377,			10.223,			1.376,			0.197
28,	1,	387.0,	29.65,			2.497,			0.186,			0.05
29,	2,	106.0,	30.965,			11.968,			1.023,			0.195
30,	1,	13.0,	31.194,			1.557,			0.2,			0.051
31,	2,	93.0,	31.868,			11.433,			1.136,			0.197
32,	2,	111.0,	33.144,			11.036,			1.096,			0.131
33,	2,	77.0,	37.009,			11.153,			1.349,			0.151
34,	2,	130.0,	38.33,			10.51,			1.013,			0.131
35,	1,	146.0,	39.108,			1.213,			0.215,			0.052
36,	1,	447.0,	40.339,			1.483,			0.149,			0.054
37,	2,	254.0,	40.718,			14.4,			1.187,			0.166
38,	1,	49.0,	41.505,			1.423,			0.185,			0.057
39,	2,	86.0,	42.726,			14.114,			1.301,			0.162
40,	2,	165.0,	43.242,			12.57,			1.203,			0.197
41,	2,	73.0,	43.822,			10.187,			1.323,			0.138
42,	1,	59.0,	44.9,			1.835,			0.116,			0.051
43,	2,	87.0,	44.901,			14.351,			1.261,			0.155
44,	2,	80.0,	44.997,			14.705,			1.299,			0.198
45,	1,	49.0,	47.966,			1.357,			0.121,			0.053
46,	1,	559.0,	48.516,			2.133,			0.165,			0.057
47,	1,	559.0,	48.555,			1.911,			0.251,			0.056
48,	1,	379.0,	50.388,			1.965,			0.247,			0.06
49,	1,	103.0,	50.416,			2.057,			0.266,			0.052
50,	1,	44.0,	50.529,			1.783,			0.144,			0.057
51,	2,	152.0,	50.894,			12.987,			1.44,			0.139
52,	1,	126.0,	51.467,			2.133,			0.229,			0.058
53,	1,	28.0,	52.234,			1.075,			0.101,			0.055
54,	1,	559.0,	54.602,			1.431,			0.255,			0.057
55,	1,	512.0,	54.914,			1.722,			0.159,			0.051
56,	2,	97.0,	55.291,			12.328,			1.011,			0.17
57,	2,	237.0,	55.497,			13.316,			1.161,			0.139
58,	1,	447.0,	55.789,			1.991,			0.249,			0.05
59,	1,	498.0,	57.403,			2.914,			0.296,			0.056
60,	1,	214.0,	57.522,			1.509,			0.147,			0.057
61,	2,	172.0,	59.312,			10.777,			1.319,			0.172
62,	1,	16.0,	62.949,			1.441,			0.264,			0.051
63,	1,	44.0,	62.954,			2.43,			0.141,			0.051
64,	1,	146.0,	65.195,			1.096,			0.231,			0.057
65,	1,	7.0,	65.973,			1.325,			0.133,			0.052
66,	2,	161.0,	66.277,			10.584,			1.006,			0.166
67,	1,	387.0,	66.67,			1.517,			0.205,			0.053
68,	1,	146.0,	66.849,			2.378,			0.198,			0.059
69,	1,	59.0,	66.873,			2.446,			0.13,			0.055
70,	2,	101.0,	67.272,			10.924,			1.065,			0.105
71,	1,	7.0,	67.398,			1.056,			0.154,			0.059
72,	1,	126.0,	67.485,			1.005,			0.237,			0.058
73,	1,	44.0,	67.649,			1.554,			0.15,			0.053
74,	1,	10.0,	67.884,			1.431,			0.248,			0.06
75,	1,	7.0,	67.904,			1.279,			0.206,			0.055
76,	2,	96.0,	68.025,			10.521,			1.144,			0.197
77,	2,	226.0,	68.446,			10.226,			1.492,			0.138
78,	2,	146.0,	69.488,			14.083,			1.299,			0.195
79,	1,	6.0,	69.655,			1.952,			0.221,			0.05
80,	2,	164.0,	70.077,			13.758,			1.098,			0.121
81,	1,	30.0,	70.309,			2.098,			0.194,			0.052
82,	1,	498.0,	70.721,			2.872,			0.112,			0.059
83,	1,	30.0,	71.105,			1.681,			0.16,			0.05
84,	1,	498.0,	71.314,			1.078,			0.268,			0.056
85,	1,	90.0,	71.596,			1.395,			0.27,			0.058
86,	1,	498.0,	72.285,			2.509,			0.279,			0.054
87,	1,	379.0,	73.624,			1.071,			0.282,			0.058
88,	1,	7.0,	73.794,			2.5,			0.222,			0.057
89,	2,	207.0,	74.333,			14.48,			1.083,			0.166
90,	1,	90.0,	74.503,			2.866,			0.234,			0.06
91,	1,	146.0,	75.134,			1.654,			0.131,			0.058
92,	1,	28.0,	75.25,			1.134,			0.214,			0.059
93,	2,	87.0,	75.401,			11.22,			1.067,			0.136
94,	1,	7.0,	75.504,			1.694,			0.189,			0.051
95,	1,	126.0,	75.544,			2.047,			0.245,			0.051
96,	1,	512.0,	76.187,			1.437,			0.296,			0.055
97,	1,	447.0,	76.248,			2.999,			0.282,			0.056
98,	1,	103.0,	76.279,			1.708,			0.206,			0.054
99,	1,	90.0,	76.548,			1.203,			0.173,			0.051
100,	2,	223.0,	77.689,			12.046,			1.348,			0.149
101,	1,	7.0,	77.784,			2.33,			0.222,			0.05
102,	1,	90.0,	78.029,			1.417,			0.206,			0.052
103,	2,	164.0,	78.157,			13.579,			1.374,			0.133
104,	1,	13.0,	78.67,			1.613,			0.139,			0.051
105,	1,	44.0,	78.853,			2.865,			0.17,			0.056
106,	1,	103.0,	79.049,			1.423,			0.253,			0.055
107,	1,	16.0,	79.099,			1.875,			0.158,			0.055
108,	1,	6.0,	79.286,			2.948,			0.152,			0.056
109,	2,	109.0,	79.333,			14.464,			1.327,			0.139
110,	1,	44.0,	79.851,			1.325,			0.144,			0.052
111,	1,	103.0,	80.152,			1.08,			0.27,			0.057
112,	1,	10.0,	80.787,			1.801,			0.229,			0.06
113,	1,	379.0,	80.936,			2.799,			0.298,			0.06
114,	1,	6.0,	81.307,			1.256,			0.106,			0.06
115,	1,	30.0,	81.718,			1.698,			0.247,			0.056
116,	1,	44.0,	81.938,			2.013,			0.239,			0.051
117,	1,	6.0,	82.325,			2.057,			0.211,			0.054
118,	1,	6.0,	82.78,			2.41,			0.247,			0.056
119,	1,	13.0,	82.825,			2.684,			0.102,			0.056
120,	1,	10.0,	82.983,			1.915,			0.17,			0.056
121,	1,	157.0,	83.41,			1.542,			0.168,			0.054
122,	2,	87.0,	83.623,			14.676,			1.238,			0.196
123,	1,	7.0,	85.017,			2.703,			0.262,			0.059
124,	1,	6.0,	85.386,			2.9,			0.215,			0.051
125,	1,	6.0,	85.747,			1.262,			0.296,			0.056
126,	1,	6.0,	85.989,			1.262,			0.205,			0.056
127,	1,	103.0,	86.39,			1.589,			0.225,			0.059
128,	1,	30.0,	86.531,			1.362,			0.16,			0.054
129,	1,	7.0,	86.798,			2.269,			0.148,			0.056
130,	1,	157.0,	86.88,			1.128,			0.266,			0.054
131,	1,	7.0,	87.287,			1.581,			0.113,			0.051
132,	1,	30.0,	87.573,			2.056,			0.216,			0.053
133,	1,	447.0,	87.711,			1.031,			0.252,			0.051
134,	1,	126.0,	88.067,			1.432,			0.108,			0.057
135,	1,	214.0,	88.089,			2.581,			0.168,			0.055
136,	1,	30.0,	88.722,			1.05,			0.287,			0.056
137,	1,	146.0,	88.759,			2.534,			0.124,			0.056
138,	1,	13.0,	88.813,			1.928,			0.11,			0.05
139,	1,	559.0,	89.436,			2.342,			0.134,			0.052
140,	1,	126.0,	89.453,			2.418,			0.189,			0.052
141,	1,	13.0,	89.9,			2.748,			0.111,			0.056
142,	2,	127.0,	89.916,			10.661,			1.058,			0.139
143,	1,	120.0,	90.048,			1.293,			0.285,			0.06
144,	1,	6.0,	90.312,			1.105,			0.147,			0.054
145,	1,	13.0,	90.392,			1.702,			0.136,			0.059
146,	1,	169.0,	90.421,			2.037,			0.177,			0.055
147,	2,	75.0,	90.547,			12.315,			1.106,			0.149
148,	1,	6.0,	90.701,			2.553,			0.223,			0.06
149,	1,	157.0,	90.924,			1.605,			0.211,			0.06
150,	1,	16.0,	92.636,			1.731,			0.272,			0.055
151,	1,	7.0,	93.3,			2.252,			0.171,			0.059
152,	1,	6.0,	93.565,			1.69,			0.174,			0.051
153,	1,	103.0,	93.942,			1.731,			0.272,			0.056
154,	1,	7.0,	94.495,			2.154,			0.111,			0.057
155,	1,	6.0,	94.504,			2.866,			0.288,			0.054
156,	1,	126.0,	94.538,			1.681,			0.193,			0.052
157,	1,	447.0,	95.04,			1.009,			0.222,			0.053
158,	1,	28.0,	95.35,			1.394,			0.162,			0.054
159,	1,	559.0,	95.457,			1.243,			0.259,			0.056
160,	1,	498.0,	95.532,			2.638,			0.195,			0.05
161,	1,	498.0,	95.581,			1.551,			0.197,			0.053
162,	1,	157.0,	95.766,			2.797,			0.277,			0.055
163,	1,	387.0,	96.082,			1.256,			0.251,			0.053
164,	1,	59.0,	96.331,			1.134,			0.108,			0.057
165,	1,	59.0,	96.695,			2.055,			0.137,			0.058
166,	1,	103.0,	96.728,			1.631,			0.141,			0.055
167,	1,	59.0,	96.823,			1.158,			0.225,			0.053
168,	1,	95.0,	97.021,			1.035,			0.177,			0.055
169,	1,	447.0,	97.056,			1.581,			0.139,			0.053
170,	1,	103.0,	97.472,			1.843,			0.165,			0.055
171,	2,	155.0,	97.538,			14.399,			1.111,			0.125
172,	2,	94.0,	97.57,			13.369,			1.171,			0.155
173,	1,	16.0,	97.656,			1.07,			0.249,			0.057
174,	2,	132.0,	97.715,			13.795,			1.096,			0.158
175,	1,	146.0,	97.731,			2.685,			0.194,			0.059
176,	1,	157.0,	97.978,			2.09,			0.184,			0.056
177,	1,	7.0,	98.142,			1.186,			0.109,			0.055
178,	1,	95.0,	98.175,			1.394,			0.197,			0.055
179,	1,	146.0,	98.21,			2.326,			0.15,			0.057
180,	1,	512.0,	98.343,			2.057,			0.23,			0.055
181,	1,	44.0,	98.42,			1.178,			0.108,			0.054
182,	1,	16.0,	98.467,			1.755,			0.14,			0.058
183,	1,	95.0,	98.492,			2.612,			0.16,			0.057
184,	2,	193.0,	98.569,			13.828,			1.03,			0.168
185,	2,	93.0,	98.667,			14.624,			1.299,			0.151
186,	1,	7.0,	99.282,			1.164,			0.233,			0.052
187,	1,	7.0,	99.529,			1.437,			0.289,			0.052
188,	1,	6.0,	99.571,			1.683,			0.127,			0.057
189,	1,	379.0,	100.152,			1.241,			0.116,			0.059
190,	1,	90.0,	100.208,			2.598,			0.262,			0.055
191,	1,	120.0,	100.227,			1.103,			0.127,			0.052
192,	1,	30.0,	100.464,			2.772,			0.117,			0.052
193,	2,	150.0,	100.81,			11.058,			1.2,			0.198
194,	1,	379.0,	101.176,			1.703,			0.124,			0.054
195,	1,	7.0,	101.188,			1.486,			0.18,			0.055
196,	1,	126.0,	101.204,			2.222,			0.16,			0.053
197,	2,	201.0,	101.285,			11.886,			1.321,			0.147
198,	1,	498.0,	101.439,			2.181,			0.107,			0.055
199,	1,	214.0,	101.533,			1.929,			0.29,			0.055
200,	1,	28.0,	101.62,			1.157,			0.109,			0.058
201,	1,	379.0,	101.751,			2.503,			0.189,			0.059
202,	1,	120.0,	101.788,			2.092,			0.298,			0.059
203,	1,	44.0,	101.858,			2.288,			0.287,			0.058
204,	1,	214.0,	102.116,			2.35,			0.15,			0.057
205,	2,	210.0,	102.201,			14.43,			1.067,			0.171
206,	1,	447.0,	102.204,			1.624,			0.284,			0.058
207,	1,	90.0,	102.471,			2.932,			0.247,			0.054
208,	1,	28.0,	102.519,			1.625,			0.217,			0.057
209,	1,	169.0,	102.84,			2.151,			0.288,			0.055
210,	1,	10.0,	103.098,			2.293,			0.198,			0.056
211,	2,	191.0,	103.235,			13.346,			1.103,			0.187
212,	1,	44.0,	103.321,			1.701,			0.251,			0.06
213,	1,	512.0,	103.384,			2.571,			0.262,			0.055
214,	1,	95.0,	103.418,			2.427,			0.195,			0.054
215,	1,	49.0,	103.526,			2.018,			0.272,			0.052
216,	1,	16.0,	103.728,			2.985,			0.109,			0.06
217,	1,	169.0,	103.888,			1.694,			0.185,			0.06
218,	2,	298.0,	104.663,			10.159,			1.408,			0.147
219,	1,	6.0,	104.709,			2.351,			0.2,			0.051
220,	1,	28.0,	105.53,			2.87,			0.133,			0.056
221,	1,	7.0,	105.651,			1.056,			0.238,			0.051
222,	2,	104.0,	105.817,			12.801,			1.396,			0.162
223,	1,	95.0,	105.99,			1.164,			0.298,			0.051
224,	1,	7.0,	106.058,			1.911,			0.212,			0.054
225,	2,	102.0,	106.058,			11.88,			1.29,			0.142
226,	1,	30.0,	106.068,			2.293,			0.195,			0.059
227,	1,	512.0,	106.108,			1.441,			0.178,			0.058
228,	1,	447.0,	106.43,			1.225,			0.12,			0.052
229,	1,	95.0,	106.614,			1.682,			0.154,			0.052
230,	1,	7.0,	106.926,			2.404,			0.238,			0.053
231,	1,	387.0,	107.085,			1.168,			0.131,			0.057
232,	1,	30.0,	107.088,			1.729,			0.23,			0.053
233,	1,	95.0,	107.184,			2.717,			0.131,			0.05
234,	1,	7.0,	107.286,			2.661,			0.223,			0.058
235,	1,	44.0,	107.644,			2.846,			0.13,			0.058
236,	1,	559.0,	107.681,			2.232,			0.285,			0.056
237,	1,	559.0,	107.85,			1.168,			0.187,			0.054
238,	1,	379.0,	108.328,			1.408,			0.229,			0.055
239,	1,	169.0,	108.375,			1.425,			0.168,			0.055
240,	1,	44.0,	108.536,			1.296,			0.162,			0.058
241,	2,	215.0,	108.66,			11.228,			1.042,			0.178
242,	2,	332.0,	108.799,			12.815,			1.44,			0.148
243,	1,	7.0,	108.801,			2.643,			0.216,			0.058
244,	1,	559.0,	108.906,			2.013,			0.104,			0.059
245,	1,	387.0,	109.261,			1.757,			0.27,			0.052
246,	1,	6.0,	109.37,			2.748,			0.251,			0.059
247,	1,	126.0,	109.716,			1.056,			0.272,			0.052
248,	1,	214.0,	110.008,			2.034,			0.119,			0.056
249,	1,	44.0,	110.176,			1.168,			0.251,			0.052
250,	1,	126.0,	110.449,			2.675,			0.106,			0.06
251,	1,	7.0,	110.59,			2.807,			0.113,			0.053
252,	1,	6.0,	111.025,			2.379,			0.162,			0.054
253,	1,	30.0,	111.272,			2.76,			0.142,			0.058
254,	1,	16.0,	111.423,			2.9,			0.27,			0.057
255,	1,	90.0,	111.607,			2.522,			0.238,			0.059
256,	1,	7.0,	111.62,			1.683,			0.284,			0.052
257,	1,	214.0,	111.891,			2.01,			0.242,			0.053
258,	1,	7.0,	112.046,			1.14,			0.19,			0.053
259,	1,	13.0,	112.07,			1.112,			0.292,			0.054
260,	1,	59.0,	112.621,			1.509,			0.136,			0.057
261,	1,	103.0,	112.679,			2.034,			0.147,			0.054
262,	1,	126.0,	112.837,			1.683,			0.275,			0.054
263,	1,	157.0,	112.989,			2.726,			0.272,			0.053
264,	1,	6.0,	113.008,			1.103,			0.297,			0.054
265,	1,	28.0,	113.578,			2.065,			0.217,			0.055
266,	1,	214.0,	113.809,			1.784,			0.201,			0.053
267,	1,	44.0,	114.011,			1.148,			0.193,			0.05
268,	2,	171.0,	114.649,			11.639,			1.244,			0.111
269,	2,	110.0,	114.837,			13.137,			1.192,			0.125
270,	2,	214.0,	114.977,			12.024,			1.191,			0.131
271,	1,	7.0,	115.128,			1.731,			0.251,			0.057
272,	1,	7.0,	115.202,			2.748,			0.167,			0.053
273,	1,	6.0,	115.396,			1.977,			0.298,			0.057
274,	1,	387.0,	115.399,			2.772,			0.129,			0.054
275,	1,	28.0,	115.745,			2.984,			0.275,			0.052
276,	1,	498.0,	115.761,			1.643,			0.116,			0.058
277,	1,	6.0,	115.851,			2.768,			0.244,			0.051
278,	1,	103.0,	116.323,			2.252,			0.232,			0.056
279,	2,	93.0,	116.412,			12.057,			1.015,			0.176
280,	1,	28.0,	116.731,			1.651,			0.212,			0.052
281,	2,	96.0,	116.973,			14.682,			1.083,			0.104
282,	1,	13.0,	117.052,			1.128,			0.224,			0.056
283,	2,	333.0,	117.115,			10.936,			1.203,			0.19
284,	1,	214.0,	117.128,			2.786,			0.287,			0.059
285,	1,	169.0,	117.694,			1.358,			0.191,			0.058
286,	1,	6.0,	117.801,			1.447,			0.199,			0.06
287,	1,	6.0,	117.978,			2.087,			0.28,			0.058
288,	1,	6.0,	118.007,			1.907,			0.245,			0.052
289,	1,	126.0,	118.103,			2.559,			0.233,			0.059
290,	1,	559.0,	118.486,			2.956,			0.103,			0.06
291,	2,	156.0,	118.938,			13.795,			1.374,			0.156
292,	1,	7.0,	119.161,			1.287,			0.191,			0.053
293,	1,	103.0,	119.326,			1.861,			0.195,			0.051
294,	1,	447.0,	119.527,			2.087,			0.228,			0.052
295,	2,	372.0,	119.531,			11.994,			1.453,			0.129
296,	1,	44.0,	119.573,			1.703,			0.221,			0.059
297,	1,	103.0,	119.633,			1.024,			0.194,			0.051
298,	1,	7.0,	119.893,			2.047,			0.104,			0.053
299,	1,	10.0,	120.107,			1.575,			0.147,			0.055
300,	1,	49.0,	120.16,			1.406,			0.29,			0.057
301,	1,	28.0,	120.308,			2.461,			0.257,			0.057
302,	2,	58.0,	120.675,			11.878,			1.409,			0.101
303,	1,	103.0,	121.069,			2.479,			0.264,			0.057
304,	1,	44.0,	121.118,			1.511,			0.14,			0.056
305,	2,	168.0,	121.238,			12.304,			1.086,			0.15
306,	1,	447.0,	121.27,			2.2,			0.275,			0.053
307,	1,	120.0,	121.419,			2.522,			0.253,			0.055
308,	2,	233.0,	121.437,			10.77,			1.176,			0.164
309,	1,	44.0,	121.657,			1.104,			0.107,			0.055
310,	1,	28.0,	122.009,			2.369,			0.107,			0.053
311,	2,	45.0,	122.206,			10.42,			1.392,			0.119
312,	1,	214.0,	122.689,			2.634,			0.153,			0.06
313,	1,	120.0,	122.814,			1.516,			0.118,			0.053
314,	1,	126.0,	122.87,			2.197,			0.297,			0.053
315,	1,	44.0,	122.957,			2.377,			0.293,			0.054
316,	1,	387.0,	122.963,			2.976,			0.266,			0.05
317,	1,	103.0,	123.173,			1.645,			0.277,			0.052
318,	1,	44.0,	123.188,			2.244,			0.152,			0.051
319,	2,	194.0,	123.617,			10.586,			1.124,			0.106
320,	1,	59.0,	124.051,			1.9,			0.289,			0.053
321,	1,	498.0,	124.306,			2.449,			0.177,			0.06
322,	1,	44.0,	124.39,			2.681,			0.268,			0.052
323,	1,	44.0,	124.467,			1.679,			0.129,			0.058
324,	1,	44.0,	124.714,			1.314,			0.283,			0.05
325,	1,	13.0,	124.841,			2.8,			0.284,			0.052
326,	1,	512.0,	125.007,			1.996,			0.21,			0.06
327,	1,	146.0,	125.062,			1.596,			0.149,			0.059
328,	2,	168.0,	125.088,			11.578,			1.393,			0.141
329,	1,	30.0,	125.155,			1.709,			0.231,			0.059
330,	2,	275.0,	125.327,			12.125,			1.147,			0.111
331,	2,	278.0,	125.369,			10.335,			1.363,			0.195
332,	1,	6.0,	125.371,			1.838,			0.284,			0.05
333,	1,	28.0,	125.479,			1.755,			0.169,			0.059
334,	1,	44.0,	125.535,			2.893,			0.297,			0.056
335,	1,	95.0,	125.571,			1.733,			0.138,			0.051
336,	1,	6.0,	125.608,			2.756,			0.258,			0.057
337,	1,	387.0,	125.632,			2.727,			0.157,			0.059
338,	1,	13.0,	125.644,			2.974,			0.123,			0.052
339,	1,	30.0,	125.747,			2.562,			0.244,			0.052
340,	1,	126.0,	125.889,			1.609,			0.156,			0.054
341,	1,	90.0,	126.176,			2.301,			0.22,			0.057
342,	2,	128.0,	126.248,			10.404,			1.347,			0.195
343,	1,	7.0,	126.913,			2.92,			0.116,			0.055
344,	1,	512.0,	127.195,			2.76,			0.22,			0.051
345,	1,	7.0,	127.347,			2.711,			0.104,			0.053
346,	1,	49.0,	127.738,			1.488,			0.214,			0.056
347,	2,	208.0,	127.957,			10.669,			1.167,			0.107
348,	1,	13.0,	128.051,			1.16,			0.179,			0.059
349,	1,	59.0,	128.271,			1.441,			0.164,			0.055
350,	1,	59.0,	128.377,			1.672,			0.137,			0.054
351,	1,	6.0,	128.416,			1.769,			0.249,			0.051
352,	1,	6.0,	128.416,			2.148,			0.146,			0.059
353,	1,	6.0,	128.528,			2.055,			0.114,			0.058
354,	1,	498.0,	128.615,			1.403,			0.174,			0.051
355,	1,	7.0,	128.639,			1.523,			0.254,			0.052
356,	1,	16.0,	129.263,			1.314,			0.109,			0.052
357,	1,	387.0,	129.715,			1.719,			0.122,			0.05
358,	1,	49.0,	129.825,			1.291,			0.291,			0.056
359,	1,	28.0,	129.836,			1.225,			0.211,			0.055
360,	1,	126.0,	130.072,			1.988,			0.202,			0.052
361,	1,	512.0,	130.098,			2.751,			0.286,			0.059
362,	1,	7.0,	130.144,			1.402,			0.197,			0.06
363,	1,	120.0,	130.17,			2.888,			0.23,			0.056
364,	1,	10.0,	130.389,			2.717,			0.276,			0.059
365,	1,	214.0,	130.686,			2.753,			0.239,			0.053
366,	1,	498.0,	130.822,			1.489,			0.277,			0.058
367,	1,	95.0,	131.107,			1.434,			0.232,			0.058
368,	1,	95.0,	131.18,			2.358,			0.299,			0.059
369,	1,	10.0,	131.332,			2.448,			0.221,			0.053
370,	1,	498.0,	131.392,			1.869,			0.292,			0.06
371,	1,	146.0,	131.485,			1.731,			0.198,			0.058
372,	1,	512.0,	131.521,			1.748,			0.246,			0.05
373,	1,	7.0,	131.788,			1.458,			0.179,			0.053
374,	1,	512.0,	131.809,			2.235,			0.109,			0.058
375,	1,	169.0,	131.956,			2.288,			0.192,			0.058
376,	1,	59.0,	132.125,			2.787,			0.286,			0.055
377,	1,	10.0,	132.132,			2.103,			0.212,			0.059
378,	1,	44.0,	132.28,			1.962,			0.25,			0.055
379,	1,	214.0,	132.445,			1.307,			0.292,			0.051
380,	1,	16.0,	132.461,			1.728,			0.177,			0.053
381,	1,	214.0,	132.514,			1.991,			0.121,			0.058
382,	1,	447.0,	132.548,			2.366,			0.215,			0.05
383,	1,	13.0,	132.628,			1.625,			0.14,			0.059
384,	2,	125.0,	132.892,			11.164,			1.311,			0.185
385,	1,	28.0,	133.001,			2.555,			0.261,			0.051
386,	1,	7.0,	133.002,			1.994,			0.223,			0.059
387,	1,	6.0,	133.21,			1.799,			0.124,			0.056
388,	1,	447.0,	133.308,			1.372,			0.109,			0.052
389,	1,	146.0,	133.312,			1.607,			0.108,			0.052
390,	1,	30.0,	133.512,			1.484,			0.237,			0.052
391,	1,	169.0,	133.576,			1.495,			0.166,			0.055
392,	1,	7.0,	133.807,			1.928,			0.113,			0.055
393,	2,	103.0,	133.88,			11.993,			1.291,			0.139
394,	1,	157.0,	134.097,			1.653,			0.108,			0.055
395,	1,	7.0,	134.128,			1.112,			0.124,			0.056
396,	1,	7.0,	134.196,			1.651,			0.184,			0.057
397,	1,	44.0,	134.539,			2.661,			0.12,			0.055
398,	1,	7.0,	134.56,			2.286,			0.221,			0.053
399,	1,	379.0,	134.962,			1.643,			0.157,			0.05
400,	2,	96.0,	135.127,			10.383,			1.198,			0.15
401,	1,	103.0,	135.323,			1.719,			0.259,			0.056
402,	1,	44.0,	135.331,			2.232,			0.193,			0.06
403,	1,	95.0,	135.424,			1.394,			0.275,			0.056
404,	1,	28.0,	135.758,			1.458,			0.246,			0.06
405,	2,	219.0,	135.778,			14.967,			1.104,			0.117
406,	1,	10.0,	135.866,			2.928,			0.2,			0.06
407,	1,	49.0,	135.869,			2.799,			0.146,			0.057
408,	1,	30.0,	135.886,			2.037,			0.107,			0.054
409,	1,	13.0,	135.952,			2.702,			0.294,			0.051
410,	1,	6.0,	136.011,			2.303,			0.295,			0.052
411,	1,	16.0,	136.184,			1.841,			0.28,			0.054
412,	1,	512.0,	136.561,			1.455,			0.105,			0.058
413,	2,	158.0,	136.641,			13.476,			1.255,			0.196
414,	1,	387.0,	136.822,			2.293,			0.221,			0.055
415,	2,	81.0,	136.887,			11.81,			1.191,			0.15
416,	1,	559.0,	137.244,			2.984,			0.163,			0.052
417,	1,	157.0,	137.525,			2.76,			0.175,			0.054
418,	1,	512.0,	137.791,			1.912,			0.15,			0.054
419,	2,	283.0,	137.856,			14.85,			1.321,			0.19
420,	1,	59.0,	138.096,			2.525,			0.106,			0.058
421,	1,	498.0,	138.357,			2.441,			0.267,			0.055
422,	1,	447.0,	138.617,			1.448,			0.108,			0.056
423,	1,	387.0,	138.77,			2.232,			0.235,			0.059
424,	1,	10.0,	138.896,			2.797,			0.139,			0.05
425,	1,	7.0,	138.967,			1.869,			0.195,			0.053
426,	1,	49.0,	139.051,			1.706,			0.192,			0.05
427,	1,	157.0,	139.15,			1.395,			0.174,			0.052
428,	1,	126.0,	139.249,			2.346,			0.299,			0.06
429,	1,	512.0,	139.284,			2.503,			0.127,			0.054
430,	1,	28.0,	139.467,			2.889,			0.12,			0.054
431,	1,	16.0,	139.51,			1.748,			0.259,			0.058
432,	1,	103.0,	139.553,			1.768,			0.263,			0.059
433,	1,	498.0,	139.726,			2.193,			0.158,			0.056
434,	1,	120.0,	139.885,			2.601,			0.183,			0.053
435,	1,	447.0,	139.954,			2.446,			0.232,			0.056
436,	1,	95.0,	139.995,			2.2,			0.215,			0.058
437,	1,	103.0,	140.145,			1.626,			0.247,			0.058
438,	1,	13.0,	140.245,			1.445,			0.216,			0.052
439,	1,	7.0,	140.325,			1.525,			0.158,			0.053
440,	2,	149.0,	140.333,			10.598,			1.241,			0.129
441,	1,	126.0,	140.343,			1.966,			0.279,			0.058
442,	1,	512.0,	140.846,			2.643,			0.198,			0.056
443,	1,	10.0,	140.903,			1.005,			0.216,			0.053
444,	1,	6.0,	141.257,			1.047,			0.162,			0.055
445,	1,	387.0,	141.366,			1.554,			0.268,			0.053
446,	2,	287.0,	141.393,			10.978,			1.426,			0.153
447,	1,	512.0,	141.592,			2.631,			0.106,			0.054
448,	1,	49.0,	141.659,			1.252,			0.202,			0.051
449,	1,	169.0,	141.692,			1.869,			0.158,			0.05
450,	1,	59.0,	141.778,			1.969,			0.139,			0.056
451,	1,	30.0,	141.852,			1.343,			0.244,			0.056
452,	1,	49.0,	142.023,			1.188,			0.239,			0.055
453,	1,	7.0,	142.227,			1.947,			0.153,			0.055
454,	1,	16.0,	142.247,			2.127,			0.116,			0.056
455,	1,	30.0,	142.376,			2.143,			0.137,			0.056
456,	1,	7.0,	142.542,			2.393,			0.273,			0.053
457,	1,	157.0,	142.625,			2.269,			0.203,			0.056
458,	1,	95.0,	143.243,			2.237,			0.113,			0.054
459,	1,	379.0,	143.438,			1.61,			0.111,			0.051
460,	1,	512.0,	143.5,			2.92,			0.249,			0.055
461,	1,	95.0,	143.514,			2.559,			0.17,			0.055
462,	1,	387.0,	143.871,			1.571,			0.251,			0.057
463,	1,	59.0,	144.111,			1.991,			0.268,			0.058
464,	1,	6.0,	144.426,			1.571,			0.175,			0.057
465,	1,	30.0,	144.463,			1.277,			0.2,			0.055
466,	1,	146.0,	144.739,			2.149,			0.126,			0.058
467,	1,	7.0,	144.882,			1.097,			0.23,			0.053
468,	2,	56.0,	145.067,			14.067,			1.376,			0.162
469,	1,	126.0,	145.734,			1.372,			0.179,			0.054
470,	1,	44.0,	145.75,			1.557,			0.266,			0.053
471,	1,	103.0,	145.779,			1.879,			0.267,			0.052
472,	1,	7.0,	145.809,			2.832,			0.12,			0.053
473,	1,	214.0,	145.811,			2.316,			0.123,			0.053
474,	1,	13.0,	145.835,			1.505,			0.295,			0.056
475,	1,	146.0,	146.015,			2.509,			0.18,			0.053
476,	1,	379.0,	146.033,			1.79,			0.21,			0.054
477,	1,	44.0,	146.081,			1.447,			0.267,			0.059
478,	1,	44.0,	146.302,			2.786,			0.121,			0.051
479,	1,	512.0,	146.327,			1.008,			0.251,			0.055
480,	1,	13.0,	146.356,			2.503,			0.268,			0.054
481,	1,	90.0,	146.586,			2.795,			0.278,			0.055
482,	1,	90.0,	146.87,			1.303,			0.238,			0.057
483,	1,	30.0,	146.873,			2.598,			0.241,			0.059
484,	1,	30.0,	146.985,			1.531,			0.275,			0.057
485,	2,	114.0,	146.99,			12.401,			1.166,			0.16
486,	1,	559.0,	147.118,			1.679,			0.211,			0.051
487,	1,	103.0,	147.218,			2.926,			0.267,			0.06
488,	1,	379.0,	147.392,			1.69,			0.204,			0.054
489,	1,	387.0,	147.947,			1.609,			0.141,			0.06
490,	1,	379.0,	148.168,			2.096,			0.221,			0.054
491,	1,	120.0,	148.241,			1.047,			0.237,			0.052
492,	1,	7.0,	148.289,			1.531,			0.101,			0.057
493,	1,	7.0,	148.331,			1.67,			0.258,			0.053
494,	1,	16.0,	148.625,			1.434,			0.122,			0.052
495,	1,	44.0,	148.631,			2.852,			0.103,			0.058
496,	1,	95.0,	149.345,			2.018,			0.281,			0.053
497,	1,	7.0,	149.746,			2.283,			0.285,			0.056
498,	2,	294.0,	149.907,			10.672,			1.1,			0.176
499,	1,	59.0,	149.964,			2.065,			0.177,			0.051
500,	1,	16.0,	149.994,			2.369,			0.21,			0.053
501,	1,	90.0,	150.008,			1.607,			0.123,			0.057
502,	1,	44.0,	150.077,			1.561,			0.16,			0.056
503,	1,	103.0,	150.287,			1.605,			0.147,			0.051
504,	1,	169.0,	150.43,			1.075,			0.285,			0.058
505,	1,	126.0,	150.545,			1.499,			0.203,			0.052
506,	1,	7.0,	150.762,			2.725,			0.237,			0.052
507,	1,	120.0,	150.791,			1.639,			0.288,			0.06
508,	2,	278.0,	150.883,			14.653,			1.31,			0.178
509,	1,	7.0,	150.918,			1.731,			0.258,			0.057
510,	1,	44.0,	151.072,			1.108,			0.189,			0.06
511,	1,	512.0,	151.13,			1.679,			0.236,			0.059
512,	1,	447.0,	151.167,			1.701,			0.294,			0.054
513,	1,	13.0,	151.224,			2.935,			0.164,			0.051
514,	1,	498.0,	151.284,			1.876,			0.104,			0.058
515,	1,	126.0,	151.362,			2.819,			0.124,			0.052
516,	1,	59.0,	151.581,			2.41,			0.141,			0.051
517,	1,	59.0,	151.727,			1.111,			0.151,			0.055
518,	1,	559.0,	151.811,			2.661,			0.206,			0.054
519,	1,	512.0,	151.889,			1.484,			0.241,			0.055
520,	1,	7.0,	151.912,			2.879,			0.262,			0.054
521,	1,	120.0,	152.083,			2.299,			0.105,			0.057
522,	1,	16.0,	152.171,			2.888,			0.139,			0.059
523,	1,	44.0,	152.174,			2.013,			0.208,			0.053
524,	1,	387.0,	152.299,			1.998,			0.175,			0.058
525,	1,	146.0,	152.321,			2.379,			0.127,			0.053
526,	1,	126.0,	152.543,			2.945,			0.152,			0.056
527,	1,	214.0,	152.562,			1.653,			0.215,			0.052
528,	1,	6.0,	152.709,			1.672,			0.165,			0.051
529,	1,	214.0,	153.256,			2.076,			0.211,			0.053
530,	1,	49.0,	153.398,			2.634,			0.256,			0.051
531,	1,	7.0,	153.438,			2.598,			0.162,			0.056
532,	1,	30.0,	153.525,			1.761,			0.133,			0.058
533,	1,	7.0,	153.562,			2.541,			0.217,			0.06
534,	1,	498.0,	153.607,			2.415,			0.239,			0.056
535,	1,	512.0,	153.794,			1.327,			0.255,			0.054
536,	1,	146.0,	153.959,			2.549,			0.244,			0.052
537,	1,	30.0,	154.021,			1.047,			0.238,			0.053
538,	1,	103.0,	154.066,			1.73,			0.205,			0.058
539,	1,	44.0,	154.723,			2.509,			0.165,			0.056
540,	1,	90.0,	155.09,			2.318,			0.131,			0.052
541,	1,	7.0,	155.44,			1.283,			0.262,			0.051
542,	1,	6.0,	155.457,			2.386,			0.22,			0.055
543,	2,	102.0,	155.547,			10.524,			1.338,			0.195
544,	1,	7.0,	155.862,			1.683,			0.151,			0.056
545,	2,	110.0,	155.862,			11.478,			1.421,			0.115
546,	1,	126.0,	156.012,			2.098,			0.207,			0.055
547,	1,	169.0,	156.025,			2.492,			0.225,			0.054
548,	1,	7.0,	156.06,			2.843,			0.117,			0.052
549,	1,	169.0,	156.071,			1.391,			0.113,			0.051
550,	1,	7.0,	156.14,			1.609,			0.281,			0.06
551,	1,	214.0,	156.15,			1.505,			0.163,			0.055
552,	1,	6.0,	156.158,			1.857,			0.202,			0.06
553,	1,	157.0,	156.467,			2.299,			0.193,			0.055
554,	1,	214.0,	156.723,			1.683,			0.114,			0.05
555,	1,	120.0,	156.8,			2.158,			0.222,			0.059
556,	1,	13.0,	156.982,			2.632,			0.139,			0.055
557,	2,	268.0,	157.207,			13.262,			1.104,			0.103
558,	1,	44.0,	157.418,			1.097,			0.144,			0.055
559,	1,	120.0,	157.579,			1.609,			0.241,			0.057
560,	1,	7.0,	157.803,			1.186,			0.228,			0.058
561,	1,	7.0,	157.866,			2.659,			0.181,			0.052
562,	1,	387.0,	157.979,			2.01,			0.27,			0.055
563,	1,	13.0,	158.188,			1.078,			0.154,			0.056
564,	1,	10.0,	158.225,			2.249,			0.224,			0.05
565,	1,	7.0,	158.555,			1.821,			0.113,			0.054
566,	1,	30.0,	158.609,			1.731,			0.266,			0.059
567,	1,	447.0,	158.644,			2.69,			0.189,			0.056
568,	1,	6.0,	158.736,			1.596,			0.298,			0.052
569,	1,	7.0,	158.756,			1.36,			0.215,			0.052
570,	1,	13.0,	158.899,			2.866,			0.123,			0.059
571,	1,	16.0,	158.938,			2.304,			0.18,			0.052
572,	1,	44.0,	159.064,			1.371,			0.254,			0.052
573,	1,	6.0,	159.14,			1.731,			0.254,			0.051
574,	1,	7.0,	159.612,			1.366,			0.289,			0.053
575,	1,	498.0,	159.666,			1.169,			0.272,			0.053
576,	2,	176.0,	159.727,			13.131,			1.469,			0.122
577,	1,	95.0,	159.793,			1.416,			0.202,			0.051
578,	1,	512.0,	159.894,			2.797,			0.219,			0.054
579,	1,	95.0,	160.057,			2.974,			0.212,			0.059
580,	1,	214.0,	160.196,			2.789,			0.209,			0.05
581,	1,	6.0,	160.23,			2.269,			0.218,			0.06
582,	1,	16.0,	160.287,			2.498,			0.165,			0.057
583,	1,	157.0,	160.325,			1.204,			0.183,			0.051
584,	1,	7.0,	160.504,			1.477,			0.226,			0.057
585,	1,	447.0,	160.529,			1.052,			0.225,			0.056
586,	1,	7.0,	160.556,			2.542,			0.254,			0.058
587,	1,	387.0,	160.56,			1.07,			0.247,			0.058
588,	1,	16.0,	160.758,			2.985,			0.221,			0.051
589,	1,	214.0,	161.383,			2.404,			0.291,			0.059
590,	1,	387.0,	161.448,			1.61,			0.222,			0.054
591,	1,	10.0,	161.797,			1.869,			0.254,			0.058
592,	2,	123.0,	161.848,			10.924,			1.222,			0.174
593,	2,	103.0,	162.082,			13.092,			1.397,			0.161
594,	1,	103.0,	162.124,			1.703,			0.162,			0.059
595,	1,	7.0,	162.178,			2.748,			0.231,			0.056
596,	1,	7.0,	162.243,			1.708,			0.128,			0.056
597,	1,	214.0,	162.256,			1.929,			0.215,			0.055
598,	1,	7.0,	162.328,			2.322,			0.244,			0.051
599,	1,	95.0,	162.402,			2.241,			0.163,			0.051
600,	1,	7.0,	162.497,			1.211,			0.256,			0.059
601,	1,	7.0,	162.598,			2.76,			0.135,			0.054
602,	1,	16.0,	162.638,			1.935,			0.191,			0.06
603,	1,	169.0,	162.668,			2.954,			0.171,			0.058
604,	1,	169.0,	162.754,			1.909,			0.146,			0.053
605,	1,	90.0,	162.77,			2.645,			0.267,			0.056
606,	1,	157.0,	162.901,			2.69,			0.165,			0.055
607,	1,	10.0,	162.924,			1.383,			0.139,			0.055
608,	1,	10.0,	163.751,			1.191,			0.112,			0.057
609,	1,	95.0,	163.881,			1.588,			0.142,			0.055
610,	1,	559.0,	163.994,			1.956,			0.168,			0.054
611,	2,	117.0,	164.048,			10.442,			1.286,			0.142
612,	1,	6.0,	164.111,			1.316,			0.298,			0.052
613,	1,	146.0,	164.467,			1.654,			0.246,			0.057
614,	1,	30.0,	164.59,			1.283,			0.124,			0.057
615,	2,	200.0,	164.816,			13.337,			1.351,			0.195
616,	1,	103.0,	165.037,			1.076,			0.156,			0.053
617,	1,	126.0,	165.088,			2.305,			0.109,			0.052
618,	1,	7.0,	165.189,			2.425,			0.258,			0.053
619,	1,	146.0,	165.615,			1.217,			0.28,			0.05
620,	1,	498.0,	165.779,			1.732,			0.217,			0.058
621,	1,	49.0,	166.161,			1.225,			0.231,			0.05
622,	2,	142.0,	166.187,			11.649,			1.086,			0.16
623,	1,	512.0,	166.228,			2.751,			0.217,			0.052
624,	1,	90.0,	166.243,			1.79,			0.132,			0.051
625,	1,	103.0,	166.423,			2.103,			0.288,			0.059
626,	2,	260.0,	166.653,			10.886,			1.384,			0.121
627,	1,	379.0,	166.702,			2.914,			0.171,			0.06
628,	1,	387.0,	166.967,			2.407,			0.265,			0.055
629,	1,	7.0,	167.081,			2.441,			0.125,			0.055
630,	1,	28.0,	167.103,			1.681,			0.131,			0.051
631,	1,	169.0,	167.118,			1.215,			0.133,			0.057
632,	1,	10.0,	167.144,			2.957,			0.124,			0.059
633,	1,	28.0,	167.87,			2.706,			0.13,			0.055
634,	1,	90.0,	167.898,			2.318,			0.152,			0.054
635,	1,	13.0,	168.015,			1.756,			0.201,			0.057
636,	2,	128.0,	168.122,			11.884,			1.495,			0.184
637,	1,	59.0,	168.363,			2.414,			0.215,			0.055
638,	1,	120.0,	168.77,			2.316,			0.207,			0.058
639,	1,	44.0,	169.019,			2.956,			0.209,			0.055
640,	1,	59.0,	169.37,			2.955,			0.161,			0.059
641,	1,	146.0,	169.69,			2.956,			0.177,			0.059
642,	1,	103.0,	169.979,			2.131,			0.231,			0.052
643,	1,	10.0,	170.132,			1.111,			0.154,			0.05
644,	2,	103.0,	170.459,			10.599,			1.402,			0.126
645,	1,	7.0,	170.931,			1.303,			0.162,			0.056
646,	1,	103.0,	170.982,			1.729,			0.21,			0.055
647,	1,	6.0,	171.272,			1.581,			0.189,			0.053
648,	1,	7.0,	171.288,			2.408,			0.129,			0.056
649,	1,	10.0,	171.486,			2.553,			0.123,			0.055
650,	1,	379.0,	171.743,			1.386,			0.263,			0.056
651,	1,	10.0,	172.173,			2.973,			0.154,			0.052
652,	1,	10.0,	172.204,			1.768,			0.101,			0.059
653,	1,	157.0,	172.397,			1.732,			0.13,			0.058
654,	1,	28.0,	172.778,			2.103,			0.189,			0.055
655,	1,	44.0,	172.839,			2.438,			0.292,			0.054
656,	2,	205.0,	173.147,			14.85,			1.028,			0.181
657,	1,	379.0,	173.666,			1.86,			0.17,			0.058
658,	1,	498.0,	173.705,			1.204,			0.176,			0.055
659,	2,	143.0,	173.788,			11.533,			1.026,			0.198
660,	1,	30.0,	173.818,			2.87,			0.29,			0.059
661,	1,	126.0,	173.868,			1.445,			0.225,			0.055
662,	1,	49.0,	174.156,			1.942,			0.129,			0.054
663,	1,	90.0,	174.25,			2.757,			0.153,			0.059
664,	1,	120.0,	174.26,			2.844,			0.125,			0.051
665,	1,	10.0,	174.796,			1.927,			0.276,			0.059
666,	2,	93.0,	174.879,			13.437,			1.094,			0.123
667,	1,	120.0,	174.934,			1.801,			0.111,			0.055
668,	1,	169.0,	175.043,			1.768,			0.106,			0.056
669,	1,	6.0,	175.163,			2.598,			0.175,			0.057
670,	1,	379.0,	175.957,			1.814,			0.187,			0.053
671,	1,	103.0,	176.204,			1.225,			0.267,			0.058
672,	1,	44.0,	176.484,			1.241,			0.299,			0.056
673,	1,	7.0,	176.565,			1.9,			0.238,			0.051
674,	1,	498.0,	176.655,			1.624,			0.121,			0.051
675,	2,	172.0,	176.789,			12.116,			1.232,			0.108
676,	1,	10.0,	176.862,			1.869,			0.169,			0.056
677,	1,	44.0,	176.938,			2.0,			0.235,			0.058
678,	1,	6.0,	177.133,			1.601,			0.217,			0.055
679,	1,	28.0,	177.251,			2.167,			0.117,			0.052
680,	1,	95.0,	177.282,			1.289,			0.162,			0.052
681,	1,	379.0,	177.605,			1.004,			0.297,			0.052
682,	1,	157.0,	178.01,			2.092,			0.194,			0.052
683,	1,	157.0,	178.095,			1.833,			0.223,			0.052
684,	1,	379.0,	178.35,			2.193,			0.275,			0.05
685,	1,	120.0,	178.478,			2.58,			0.267,			0.055
686,	1,	7.0,	178.502,			2.26,			0.151,			0.056
687,	1,	146.0,	178.653,			2.76,			0.135,			0.05
688,	1,	7.0,	178.742,			1.859,			0.215,			0.059
689,	2,	127.0,	178.794,			13.038,			1.488,			0.186
690,	1,	559.0,	178.863,			2.299,			0.205,			0.053
691,	2,	257.0,	179.066,			13.596,			1.41,			0.106
692,	1,	387.0,	179.068,			1.203,			0.104,			0.056
693,	1,	16.0,	179.211,			2.288,			0.21,			0.056
694,	1,	6.0,	179.509,			1.915,			0.268,			0.058
695,	1,	169.0,	179.749,			2.865,			0.144,			0.06
696,	1,	559.0,	179.81,			1.857,			0.154,			0.058
697,	1,	447.0,	179.859,			2.727,			0.228,			0.055
698,	1,	16.0,	179.876,			1.334,			0.108,			0.055
699,	2,	176.0,	180.404,			11.866,			1.373,			0.129
700,	1,	49.0,	180.465,			2.759,			0.204,			0.059
701,	1,	7.0,	180.538,			1.994,			0.256,			0.052
702,	1,	59.0,	180.686,			1.605,			0.177,			0.053
703,	1,	103.0,	180.898,			2.326,			0.109,			0.054
704,	1,	146.0,	181.165,			2.838,			0.233,			0.055
705,	1,	44.0,	181.221,			2.388,			0.212,			0.054
706,	1,	120.0,	181.297,			2.379,			0.2,			0.057
707,	1,	157.0,	181.305,			2.684,			0.254,			0.057
708,	1,	512.0,	181.31,			2.148,			0.117,			0.052
709,	1,	559.0,	181.334,			1.833,			0.292,			0.052
710,	1,	447.0,	181.379,			1.985,			0.205,			0.056
711,	1,	7.0,	181.522,			2.928,			0.194,			0.052
712,	1,	120.0,	181.678,			1.434,			0.101,			0.051
713,	1,	120.0,	181.718,			2.322,			0.217,			0.057
714,	1,	512.0,	181.795,			2.819,			0.221,			0.058
715,	1,	126.0,	182.748,			2.622,			0.244,			0.052
716,	1,	7.0,	182.751,			1.121,			0.189,			0.056
717,	2,	103.0,	183.198,			14.729,			1.487,			0.154
718,	1,	7.0,	183.289,			2.557,			0.214,			0.053
719,	1,	7.0,	183.508,			1.031,			0.17,			0.056
720,	1,	49.0,	183.522,			1.561,			0.193,			0.055
721,	1,	28.0,	183.7,			1.403,			0.205,			0.052
722,	1,	7.0,	184.105,			2.581,			0.17,			0.052
723,	1,	13.0,	184.277,			1.386,			0.276,			0.052
724,	1,	126.0,	184.282,			2.256,			0.228,			0.054
725,	1,	10.0,	184.6,			1.571,			0.265,			0.059
726,	2,	106.0,	184.754,			14.277,			1.314,			0.185
727,	1,	44.0,	184.803,			1.174,			0.197,			0.058
728,	1,	169.0,	184.805,			2.11,			0.113,			0.059
729,	1,	16.0,	184.978,			2.498,			0.187,			0.051
730,	1,	59.0,	185.063,			2.316,			0.102,			0.057
731,	1,	10.0,	185.351,			1.682,			0.167,			0.055
732,	1,	13.0,	185.401,			2.299,			0.3,			0.055
733,	1,	146.0,	185.889,			2.637,			0.112,			0.056
734,	2,	140.0,	185.938,			14.087,			1.029,			0.148
735,	1,	44.0,	185.963,			2.757,			0.221,			0.055
736,	1,	7.0,	186.03,			2.26,			0.153,			0.058
737,	1,	95.0,	186.155,			2.695,			0.223,			0.056
738,	1,	498.0,	186.178,			2.11,			0.126,			0.054
739,	1,	90.0,	186.446,			1.096,			0.205,			0.056
740,	2,	121.0,	186.511,			10.36,			1.1,			0.124
741,	1,	6.0,	186.587,			1.289,			0.27,			0.058
742,	1,	120.0,	186.627,			1.61,			0.218,			0.055
743,	1,	7.0,	186.701,			1.609,			0.251,			0.06
744,	1,	498.0,	186.899,			2.088,			0.162,			0.058
745,	1,	6.0,	187.151,			1.731,			0.21,			0.052
746,	1,	169.0,	187.257,			1.252,			0.29,			0.053
747,	1,	7.0,	188.096,			2.318,			0.259,			0.054
748,	1,	387.0,	188.174,			2.861,			0.215,			0.059
749,	1,	13.0,	189.071,			2.557,			0.244,			0.058
750,	1,	512.0,	189.131,			1.969,			0.161,			0.055
751,	1,	157.0,	189.265,			1.204,			0.297,			0.057
752,	2,	162.0,	189.32,			14.424,			1.012,			0.179
753,	1,	44.0,	189.397,			2.642,			0.169,			0.05
754,	1,	7.0,	189.405,			2.503,			0.29,			0.054
755,	1,	16.0,	189.583,			2.037,			0.289,			0.052
756,	1,	6.0,	189.599,			1.411,			0.156,			0.052
757,	1,	13.0,	189.693,			2.991,			0.19,			0.052
758,	1,	44.0,	189.778,			2.78,			0.147,			0.058
759,	2,	150.0,	191.037,			12.815,			1.273,			0.159
760,	1,	7.0,	191.067,			2.813,			0.207,			0.054
761,	2,	214.0,	191.671,			11.078,			1.356,			0.152
762,	1,	120.0,	191.877,			2.369,			0.166,			0.059
763,	1,	146.0,	192.298,			1.108,			0.206,			0.056
764,	2,	62.0,	192.435,			14.653,			1.015,			0.179
765,	1,	559.0,	192.549,			1.761,			0.191,			0.054
766,	1,	447.0,	192.673,			2.888,			0.176,			0.06
767,	1,	16.0,	192.71,			2.316,			0.162,			0.06
768,	1,	44.0,	192.804,			1.869,			0.161,			0.052
769,	1,	559.0,	193.206,			1.128,			0.271,			0.053
770,	1,	447.0,	193.354,			1.262,			0.247,			0.057
771,	1,	447.0,	193.359,			2.025,			0.139,			0.052
772,	1,	28.0,	193.496,			2.346,			0.299,			0.059
773,	1,	6.0,	193.9,			2.562,			0.173,			0.052
774,	1,	169.0,	194.08,			2.038,			0.295,			0.057
775,	1,	447.0,	194.199,			2.96,			0.228,			0.059
776,	1,	498.0,	194.524,			2.11,			0.254,			0.058
777,	1,	6.0,	194.687,			2.618,			0.29,			0.057
778,	1,	126.0,	194.73,			1.121,			0.149,			0.059
779,	1,	169.0,	195.304,			1.61,			0.197,			0.053
780,	1,	559.0,	195.334,			1.761,			0.293,			0.052
781,	1,	7.0,	195.439,			1.994,			0.164,			0.052
782,	1,	447.0,	195.505,			2.544,			0.145,			0.051
783,	1,	7.0,	195.574,			2.088,			0.223,			0.053
784,	1,	13.0,	195.653,			1.162,			0.109,			0.051
785,	1,	559.0,	195.744,			2.685,			0.251,			0.056
786,	1,	126.0,	195.788,			2.349,			0.194,			0.05
787,	1,	120.0,	195.813,			2.004,			0.211,			0.057
788,	1,	447.0,	196.156,			1.322,			0.122,			0.055
789,	2,	175.0,	196.17,			11.896,			1.374,			0.143
790,	1,	59.0,	196.195,			1.071,			0.289,			0.054
791,	1,	44.0,	196.237,			1.728,			0.257,			0.056
792,	1,	59.0,	196.241,			1.932,			0.12,			0.058
793,	1,	28.0,	196.773,			2.568,			0.236,			0.052
794,	1,	7.0,	196.948,			1.078,			0.244,			0.05
795,	1,	103.0,	197.033,			2.317,			0.22,			0.059
796,	1,	95.0,	197.29,			1.146,			0.214,			0.057
797,	1,	126.0,	197.489,			2.772,			0.289,			0.057
798,	1,	49.0,	197.555,			1.402,			0.173,			0.054
799,	1,	169.0,	197.662,			1.715,			0.255,			0.058
800,	1,	157.0,	198.316,			2.11,			0.231,			0.054
801,	2,	54.0,	198.497,			13.639,			1.285,			0.152
802,	1,	214.0,	198.53,			2.238,			0.139,			0.054
803,	1,	214.0,	198.92,			2.948,			0.177,			0.057
804,	2,	239.0,	199.192,			11.89,			1.468,			0.13
805,	1,	6.0,	199.238,			2.132,			0.259,			0.055
806,	1,	59.0,	199.569,			1.056,			0.206,			0.057
807,	1,	6.0,	200.271,			1.532,			0.23,			0.054
808,	2,	99.0,	200.814,			14.387,			1.015,			0.12
809,	2,	267.0,	200.814,			10.909,			1.255,			0.13
810,	1,	103.0,	201.308,			2.18,			0.124,			0.054
811,	1,	387.0,	201.309,			1.188,			0.167,			0.056
812,	2,	129.0,	201.376,			13.456,			1.409,			0.127
813,	1,	90.0,	201.756,			1.591,			0.284,			0.052
814,	1,	30.0,	201.972,			2.304,			0.258,			0.055
815,	1,	498.0,	202.045,			1.27,			0.15,			0.054
816,	1,	169.0,	202.24,			2.2,			0.194,			0.053
817,	1,	6.0,	202.303,			1.038,			0.25,			0.057
818,	1,	447.0,	202.686,			1.03,			0.247,			0.058
819,	1,	7.0,	202.691,			2.763,			0.25,			0.05
820,	1,	214.0,	202.717,			1.128,			0.254,			0.054
821,	1,	30.0,	202.89,			2.857,			0.131,			0.057
822,	1,	7.0,	203.102,			1.372,			0.244,			0.054
823,	1,	16.0,	203.393,			1.155,			0.135,			0.051
824,	1,	30.0,	203.553,			1.886,			0.256,			0.052
825,	1,	44.0,	204.228,			2.408,			0.229,			0.059
826,	2,	132.0,	204.383,			10.485,			1.333,			0.112
827,	1,	10.0,	204.476,			2.757,			0.242,			0.052
828,	1,	16.0,	205.146,			1.915,			0.297,			0.06
829,	1,	7.0,	205.178,			2.947,			0.141,			0.053
830,	1,	447.0,	205.437,			2.651,			0.217,			0.057
831,	2,	182.0,	205.872,			12.141,			1.268,			0.114
832,	1,	126.0,	205.922,			1.45,			0.16,			0.059
833,	1,	49.0,	206.129,			1.683,			0.141,			0.058
834,	1,	90.0,	206.725,			2.232,			0.259,			0.051
835,	1,	30.0,	206.734,			1.581,			0.114,			0.057
836,	1,	49.0,	206.846,			1.653,			0.19,			0.059
837,	1,	95.0,	206.965,			1.566,			0.108,			0.054
838,	2,	100.0,	207.341,			11.575,			1.124,			0.163
839,	2,	294.0,	207.485,			14.863,			1.245,			0.172
840,	1,	16.0,	207.488,			2.366,			0.295,			0.057
841,	1,	120.0,	207.935,			1.215,			0.103,			0.054
842,	1,	30.0,	208.001,			1.119,			0.235,			0.053
843,	1,	103.0,	208.614,			1.256,			0.167,			0.06
844,	2,	145.0,	209.855,			14.929,			1.196,			0.159
845,	2,	232.0,	210.251,			14.206,			1.174,			0.126
846,	1,	59.0,	210.258,			1.76,			0.247,			0.06
847,	1,	146.0,	210.393,			2.143,			0.263,			0.06
848,	1,	6.0,	210.419,			1.092,			0.221,			0.052
849,	1,	6.0,	210.668,			2.601,			0.193,			0.052
850,	1,	387.0,	210.783,			1.174,			0.191,			0.058
851,	1,	103.0,	210.879,			2.556,			0.295,			0.056
852,	1,	16.0,	210.997,			1.407,			0.227,			0.058
853,	1,	126.0,	211.413,			2.034,			0.222,			0.059
854,	2,	59.0,	211.452,			14.658,			1.457,			0.124
855,	1,	157.0,	211.732,			2.799,			0.136,			0.056
856,	2,	160.0,	211.992,			11.09,			1.332,			0.145
857,	1,	379.0,	212.837,			2.027,			0.204,			0.06
858,	1,	13.0,	213.391,			1.869,			0.221,			0.055
859,	2,	143.0,	213.475,			11.075,			1.492,			0.187
860,	1,	146.0,	213.762,			1.106,			0.136,			0.055
861,	1,	6.0,	213.844,			1.669,			0.184,			0.059
862,	1,	90.0,	214.138,			1.72,			0.28,			0.05
863,	1,	10.0,	214.434,			1.364,			0.141,			0.057
864,	1,	28.0,	214.495,			1.835,			0.116,			0.054
865,	1,	90.0,	214.616,			1.092,			0.124,			0.059
866,	2,	120.0,	215.097,			13.784,			1.31,			0.174
867,	1,	447.0,	215.17,			2.457,			0.2,			0.054
868,	1,	49.0,	215.403,			1.114,			0.185,			0.059
869,	2,	179.0,	215.635,			11.39,			1.066,			0.196
870,	2,	142.0,	215.662,			12.328,			1.072,			0.195
871,	1,	30.0,	215.918,			1.024,			0.172,			0.054
872,	1,	30.0,	216.315,			2.378,			0.101,			0.053
873,	2,	157.0,	216.721,			11.059,			1.048,			0.112
874,	2,	223.0,	216.823,			12.346,			1.437,			0.174
875,	1,	30.0,	216.831,			2.52,			0.26,			0.058
876,	1,	7.0,	216.997,			1.486,			0.241,			0.057
877,	1,	126.0,	217.123,			1.912,			0.188,			0.058
878,	1,	512.0,	217.192,			2.454,			0.286,			0.054
879,	1,	6.0,	217.227,			1.166,			0.124,			0.058
880,	2,	281.0,	217.611,			12.116,			1.456,			0.143
881,	1,	120.0,	218.582,			1.509,			0.108,			0.053
882,	1,	214.0,	218.868,			2.429,			0.108,			0.058
883,	2,	288.0,	218.88,			12.79,			1.389,			0.113
884,	1,	49.0,	219.101,			1.187,			0.258,			0.059
885,	2,	185.0,	219.147,			13.645,			1.212,			0.114
886,	2,	142.0,	219.406,			14.933,			1.463,			0.176
887,	2,	154.0,	219.571,			13.129,			1.213,			0.167
888,	1,	59.0,	219.75,			1.428,			0.153,			0.055
889,	1,	7.0,	219.837,			1.395,			0.205,			0.06
890,	1,	126.0,	219.999,			2.282,			0.113,			0.05
891,	1,	379.0,	220.241,			1.69,			0.294,			0.059
892,	2,	184.0,	220.306,			14.147,			1.108,			0.114
893,	1,	126.0,	220.601,			2.346,			0.181,			0.055
894,	2,	112.0,	220.821,			13.921,			1.349,			0.136
895,	1,	214.0,	220.869,			2.08,			0.137,			0.057
896,	1,	7.0,	220.925,			1.805,			0.208,			0.06
897,	2,	233.0,	221.02,			10.117,			1.284,			0.1
898,	1,	30.0,	221.559,			2.562,			0.249,			0.055
899,	1,	512.0,	221.744,			1.104,			0.134,			0.054
900,	1,	10.0,	222.218,			1.807,			0.234,			0.051
901,	1,	44.0,	222.469,			2.969,			0.235,			0.059
902,	1,	447.0,	222.503,			2.9,			0.126,			0.052
903,	1,	7.0,	222.751,			2.223,			0.256,			0.057
904,	1,	7.0,	223.691,			1.455,			0.283,			0.057
905,	1,	126.0,	224.668,			1.078,			0.174,			0.052
906,	1,	16.0,	224.67,			1.748,			0.296,			0.058
907,	1,	16.0,	224.938,			2.702,			0.246,			0.054
908,	1,	28.0,	225.407,			2.532,			0.135,			0.051
909,	2,	112.0,	226.386,			12.486,			1.302,			0.161
910,	1,	169.0,	226.461,			1.366,			0.298,			0.057
911,	1,	103.0,	226.501,			1.096,			0.107,			0.052
912,	2,	189.0,	226.773,			12.527,			1.299,			0.173
913,	1,	6.0,	226.798,			1.337,			0.15,			0.055
914,	1,	6.0,	227.185,			2.148,			0.166,			0.051
915,	2,	276.0,	228.292,			11.138,			1.096,			0.119
916,	2,	185.0,	228.416,			12.526,			1.407,			0.192
917,	1,	6.0,	228.957,			2.415,			0.287,			0.058
918,	1,	6.0,	229.172,			1.256,			0.167,			0.056
919,	1,	169.0,	229.298,			1.883,			0.263,			0.053
920,	1,	498.0,	229.545,			1.523,			0.18,			0.057
921,	2,	198.0,	229.629,			10.335,			1.202,			0.126
922,	1,	120.0,	229.686,			2.364,			0.292,			0.058
923,	1,	498.0,	231.479,			1.114,			0.231,			0.054
924,	2,	274.0,	232.764,			14.658,			1.346,			0.151
925,	1,	7.0,	233.241,			1.128,			0.248,			0.052
926,	1,	7.0,	234.351,			2.235,			0.236,			0.052
927,	2,	99.0,	235.285,			10.548,			1.126,			0.114
928,	1,	103.0,	235.963,			1.472,			0.231,			0.058
929,	1,	10.0,	236.447,			2.037,			0.225,			0.054
930,	1,	559.0,	237.855,			1.75,			0.256,			0.057
931,	2,	59.0,	238.243,			12.435,			1.324,			0.166
932,	2,	135.0,	238.426,			13.801,			1.361,			0.169
933,	2,	132.0,	238.931,			10.014,			1.2,			0.118
934,	1,	7.0,	239.606,			2.765,			0.177,			0.059
935,	2,	187.0,	241.288,			14.436,			1.101,			0.197
936,	1,	387.0,	241.384,			2.565,			0.185,			0.052
937,	1,	512.0,	241.416,			1.402,			0.221,			0.057
938,	2,	158.0,	241.561,			11.707,			1.089,			0.136
939,	2,	125.0,	242.297,			12.789,			1.47,			0.139
940,	1,	498.0,	242.899,			2.776,			0.254,			0.05
941,	1,	120.0,	243.448,			1.988,			0.251,			0.057
942,	2,	92.0,	243.491,			11.228,			1.166,			0.138
943,	1,	13.0,	243.585,			2.223,			0.27,			0.056
944,	2,	153.0,	245.011,			14.663,			1.115,			0.152
945,	2,	140.0,	245.022,			10.886,			1.421,			0.194
946,	1,	95.0,	245.094,			2.321,			0.13,			0.053
947,	2,	141.0,	245.165,			10.365,			1.401,			0.176
948,	1,	120.0,	245.86,			2.661,			0.186,			0.051
949,	2,	208.0,	247.016,			14.49,			1.065,			0.127
950,	2,	287.0,	247.194,			11.781,			1.33,			0.188
951,	2,	226.0,	250.014,			10.16,			1.409,			0.184
952,	1,	7.0,	250.524,			2.345,			0.195,			0.057
953,	2,	106.0,	251.01,			11.134,			1.24,			0.16
954,	1,	146.0,	251.156,			1.282,			0.278,			0.059
955,	1,	90.0,	251.37,			2.057,			0.181,			0.059
956,	2,	83.0,	251.884,			14.283,			1.426,			0.163
957,	1,	7.0,	252.499,			2.847,			0.129,			0.056
958,	2,	133.0,	253.285,			11.578,			1.303,			0.179
959,	1,	559.0,	255.095,			2.425,			0.142,			0.053
960,	1,	95.0,	256.599,			1.791,			0.162,			0.054
961,	1,	103.0,	257.542,			2.2,			0.251,			0.053
962,	2,	227.0,	258.538,			11.885,			1.051,			0.14
963,	2,	236.0,	259.247,			13.093,			1.389,			0.101
964,	1,	59.0,	259.9,			1.557,			0.226,			0.058
965,	2,	240.0,	260.037,			11.881,			1.039,			0.182
966,	1,	559.0,	262.565,			2.378,			0.234,			0.051
967,	1,	49.0,	263.778,			1.766,			0.121,			0.057
968,	1,	120.0,	263.795,			1.998,			0.109,			0.059
969,	2,	278.0,	264.048,			12.291,			1.011,			0.136
970,	1,	7.0,	265.247,			2.151,			0.183,			0.059
971,	2,	91.0,	266.44,			10.907,			1.441,			0.196
972,	2,	226.0,	266.538,			11.433,			1.007,			0.166
973,	2,	150.0,	267.045,			10.659,			1.086,			0.147
974,	2,	38.0,	267.716,			11.866,			1.011,			0.119
975,	2,	49.0,	268.545,			14.82,			1.44,			0.15
976,	1,	559.0,	270.874,			1.241,			0.247,			0.06
977,	2,	150.0,	271.115,			11.302,			1.287,			0.198
978,	1,	7.0,	271.818,			1.62,			0.136,			0.054
979,	1,	379.0,	275.634,			1.116,			0.235,			0.059
980,	2,	100.0,	277.703,			12.976,			1.367,			0.15
981,	1,	95.0,	284.801,			1.128,			0.272,			0.056
982,	2,	206.0,	286.354,			11.658,			1.135,			0.155
983,	2,	234.0,	286.654,			12.999,			1.051,			0.191
984,	2,	230.0,	286.833,			13.478,			1.468,			0.115
985,	2,	239.0,	288.352,			14.008,			1.167,			0.12
986,	2,	214.0,	288.98,			11.598,			1.46,			0.105
987,	2,	181.0,	289.516,			13.684,			1.294,			0.125
988,	2,	109.0,	289.78,			14.117,			1.492,			0.177
989,	1,	95.0,	291.414,			2.103,			0.28,			0.055
990,	2,	151.0,	292.038,			10.207,			1.458,			0.174
991,	2,	280.0,	292.203,			10.146,			1.361,			0.102
992,	2,	107.0,	292.61,			10.909,			1.47,			0.165
993,	2,	246.0,	293.104,			14.53,			1.258,			0.134
994,	2,	200.0,	293.915,			12.581,			1.262,			0.174
995,	1,	95.0,	295.832,			1.531,			0.148,			0.05
996,	2,	103.0,	296.682,			13.59,			1.285,			0.111
997,	2,	123.0,	298.394,			10.617,			1.124,			0.104
998,	2,	142.0,	298.574,			10.099,			1.426,			0.177
999,	2,	58.0,	299.75,			11.71,			1.133,			0.114
1000,	1,	214.0,	300.0,			1.116,			0.276,			0.056
