#, task_type_id, size, arrival_time,	execution_time_cpu,	execution_time_gpu,	execution_time_CLOUD
1,	2,	176.0,	0.895,			2.312,			0.101,			0.101,			2.279,			0.096,			0.049
2,	3,	77.6,	1.987,			5.504,			1.497,			1.497,			5.495,			1.487,			0.906
3,	3,	67.4,	2.065,			5.504,			1.512,			1.512,			5.506,			1.512,			0.896
4,	3,	220.5,	2.067,			5.506,			1.496,			1.496,			5.491,			1.501,			0.905
5,	3,	287.7,	2.106,			5.508,			1.496,			1.496,			5.502,			1.478,			0.893
6,	3,	58.5,	2.187,			5.5,			1.485,			1.485,			5.502,			1.514,			0.906
7,	3,	150.7,	2.189,			5.512,			1.511,			1.511,			5.511,			1.482,			0.898
8,	3,	271.6,	2.213,			5.502,			1.494,			1.494,			5.515,			1.491,			0.902
9,	3,	585.4,	2.255,			5.511,			1.507,			1.507,			5.502,			1.493,			0.893
10,	3,	358.8,	2.271,			5.493,			1.504,			1.504,			5.483,			1.496,			0.908
11,	3,	208.4,	2.298,			5.527,			1.517,			1.517,			5.511,			1.51,			0.898
12,	3,	202.6,	2.316,			5.517,			1.498,			1.498,			5.495,			1.516,			0.905
13,	3,	128.8,	2.352,			5.516,			1.49,			1.49,			5.509,			1.499,			0.895
14,	3,	75.5,	2.393,			5.501,			1.494,			1.494,			5.497,			1.496,			0.905
15,	3,	220.7,	2.405,			5.485,			1.491,			1.491,			5.496,			1.48,			0.904
16,	3,	176.8,	2.484,			5.496,			1.492,			1.492,			5.484,			1.488,			0.89
17,	3,	74.3,	2.503,			5.512,			1.486,			1.486,			5.491,			1.519,			0.904
18,	3,	53.0,	2.504,			5.503,			1.489,			1.489,			5.491,			1.5,			0.904
19,	3,	364.1,	2.521,			5.489,			1.5,			1.5,			5.504,			1.499,			0.906
20,	3,	441.6,	2.527,			5.491,			1.508,			1.508,			5.505,			1.484,			0.902
21,	3,	720.7,	2.54,			5.507,			1.519,			1.519,			5.497,			1.499,			0.905
22,	3,	247.4,	2.587,			5.499,			1.498,			1.498,			5.521,			1.519,			0.898
23,	3,	115.7,	2.652,			5.5,			1.512,			1.512,			5.503,			1.507,			0.906
24,	3,	90.2,	2.652,			5.502,			1.504,			1.504,			5.51,			1.499,			0.898
25,	3,	130.4,	2.702,			5.508,			1.507,			1.507,			5.496,			1.496,			0.9
26,	3,	118.2,	2.77,			5.494,			1.52,			1.52,			5.484,			1.479,			0.901
27,	3,	308.7,	2.798,			5.489,			1.505,			1.505,			5.508,			1.494,			0.905
28,	3,	585.4,	2.805,			5.501,			1.485,			1.485,			5.496,			1.524,			0.898
29,	3,	124.1,	2.81,			5.498,			1.496,			1.496,			5.501,			1.506,			0.893
30,	3,	152.6,	2.861,			5.5,			1.497,			1.497,			5.508,			1.498,			0.899
31,	3,	102.0,	2.881,			5.512,			1.521,			1.521,			5.51,			1.513,			0.909
32,	3,	492.0,	2.894,			5.507,			1.495,			1.495,			5.528,			1.522,			0.899
33,	3,	244.0,	3.023,			5.515,			1.501,			1.501,			5.509,			1.495,			0.9
34,	3,	459.9,	3.133,			5.49,			1.513,			1.513,			5.51,			1.491,			0.905
35,	3,	288.4,	3.136,			5.497,			1.494,			1.494,			5.494,			1.507,			0.901
36,	3,	234.8,	3.22,			5.495,			1.482,			1.482,			5.502,			1.485,			0.902
37,	3,	470.4,	3.243,			5.493,			1.488,			1.488,			5.496,			1.502,			0.899
38,	3,	277.4,	3.254,			5.498,			1.496,			1.496,			5.483,			1.506,			0.903
39,	2,	239.0,	3.28,			2.294,			0.094,			0.094,			2.301,			0.097,			0.049
40,	3,	115.9,	3.303,			5.499,			1.49,			1.49,			5.505,			1.502,			0.897
41,	3,	358.8,	3.328,			5.496,			1.505,			1.505,			5.499,			1.507,			0.906
42,	3,	145.1,	3.38,			5.528,			1.516,			1.516,			5.494,			1.507,			0.907
43,	3,	170.2,	3.395,			5.507,			1.499,			1.499,			5.502,			1.498,			0.895
44,	3,	149.0,	3.469,			5.511,			1.509,			1.509,			5.525,			1.5,			0.9
45,	3,	263.0,	3.481,			5.489,			1.495,			1.495,			5.512,			1.497,			0.909
46,	3,	331.3,	3.488,			5.527,			1.496,			1.496,			5.502,			1.499,			0.899
47,	3,	402.1,	3.601,			5.507,			1.511,			1.511,			5.505,			1.481,			0.903
48,	3,	144.5,	3.715,			5.5,			1.5,			1.5,			5.503,			1.496,			0.885
49,	3,	67.4,	3.739,			5.498,			1.515,			1.515,			5.513,			1.508,			0.898
50,	3,	205.2,	3.754,			5.493,			1.493,			1.493,			5.494,			1.496,			0.903
51,	2,	205.0,	3.771,			2.312,			0.105,			0.105,			2.283,			0.098,			0.051
52,	3,	130.1,	3.796,			5.481,			1.507,			1.507,			5.498,			1.508,			0.904
53,	3,	107.9,	3.804,			5.491,			1.489,			1.489,			5.508,			1.497,			0.913
54,	3,	523.0,	3.839,			5.495,			1.51,			1.51,			5.48,			1.502,			0.904
55,	3,	367.6,	3.911,			5.503,			1.493,			1.493,			5.49,			1.492,			0.901
56,	3,	436.3,	3.98,			5.491,			1.492,			1.492,			5.495,			1.495,			0.889
57,	3,	290.7,	4.015,			5.511,			1.511,			1.511,			5.503,			1.517,			0.902
58,	3,	120.2,	4.085,			5.507,			1.518,			1.518,			5.491,			1.523,			0.899
59,	3,	220.5,	4.087,			5.51,			1.515,			1.515,			5.498,			1.495,			0.902
60,	3,	265.9,	4.101,			5.49,			1.493,			1.493,			5.505,			1.496,			0.904
61,	3,	417.0,	4.111,			5.485,			1.497,			1.497,			5.515,			1.484,			0.908
62,	3,	442.9,	4.163,			5.51,			1.507,			1.507,			5.512,			1.492,			0.903
63,	3,	317.4,	4.186,			5.487,			1.5,			1.5,			5.505,			1.513,			0.898
64,	3,	80.2,	4.195,			5.499,			1.505,			1.505,			5.513,			1.489,			0.9
65,	3,	290.7,	4.263,			5.496,			1.5,			1.5,			5.528,			1.495,			0.904
66,	3,	540.2,	4.438,			5.504,			1.501,			1.501,			5.518,			1.501,			0.902
67,	3,	412.4,	4.463,			5.499,			1.509,			1.509,			5.493,			1.512,			0.907
68,	3,	102.4,	4.464,			5.51,			1.486,			1.486,			5.497,			1.501,			0.905
69,	3,	328.7,	4.519,			5.494,			1.49,			1.49,			5.493,			1.502,			0.9
70,	3,	104.6,	4.577,			5.506,			1.502,			1.502,			5.492,			1.483,			0.898
71,	3,	227.0,	4.615,			5.503,			1.482,			1.482,			5.481,			1.492,			0.912
72,	3,	142.3,	4.674,			5.506,			1.502,			1.502,			5.507,			1.5,			0.901
73,	3,	343.0,	4.674,			5.477,			1.5,			1.5,			5.504,			1.518,			0.906
74,	3,	99.8,	4.689,			5.493,			1.505,			1.505,			5.497,			1.496,			0.901
75,	3,	734.6,	4.692,			5.499,			1.502,			1.502,			5.489,			1.494,			0.9
76,	3,	298.7,	4.772,			5.502,			1.514,			1.514,			5.493,			1.494,			0.905
77,	3,	151.8,	4.852,			5.503,			1.498,			1.498,			5.513,			1.51,			0.903
78,	3,	63.2,	4.909,			5.504,			1.493,			1.493,			5.496,			1.505,			0.895
79,	3,	115.9,	5.01,			5.487,			1.491,			1.491,			5.508,			1.512,			0.889
80,	3,	256.3,	5.089,			5.506,			1.491,			1.491,			5.502,			1.511,			0.901
81,	3,	118.2,	5.092,			5.489,			1.524,			1.524,			5.484,			1.467,			0.905
82,	3,	87.0,	5.133,			5.5,			1.509,			1.509,			5.496,			1.504,			0.909
83,	3,	171.0,	5.176,			5.501,			1.508,			1.508,			5.494,			1.502,			0.904
84,	3,	93.4,	5.224,			5.484,			1.499,			1.499,			5.506,			1.499,			0.896
85,	3,	441.6,	5.287,			5.507,			1.489,			1.489,			5.508,			1.502,			0.9
86,	3,	201.8,	5.294,			5.509,			1.513,			1.513,			5.479,			1.508,			0.891
87,	3,	459.9,	5.391,			5.492,			1.504,			1.504,			5.494,			1.481,			0.901
88,	3,	69.8,	5.406,			5.514,			1.518,			1.518,			5.509,			1.485,			0.907
89,	3,	122.3,	5.424,			5.483,			1.498,			1.498,			5.496,			1.495,			0.891
90,	3,	115.7,	5.461,			5.507,			1.479,			1.479,			5.504,			1.507,			0.892
91,	3,	585.4,	5.51,			5.504,			1.492,			1.492,			5.485,			1.503,			0.906
92,	3,	550.2,	5.526,			5.494,			1.515,			1.515,			5.499,			1.501,			0.898
93,	3,	585.4,	5.55,			5.491,			1.504,			1.504,			5.504,			1.51,			0.906
94,	3,	212.4,	5.555,			5.505,			1.502,			1.502,			5.518,			1.51,			0.898
95,	3,	83.0,	5.636,			5.516,			1.498,			1.498,			5.493,			1.503,			0.899
96,	3,	81.6,	5.731,			5.51,			1.499,			1.499,			5.51,			1.52,			0.895
97,	3,	84.6,	5.735,			5.487,			1.502,			1.502,			5.501,			1.502,			0.901
98,	3,	76.2,	5.739,			5.495,			1.497,			1.497,			5.492,			1.503,			0.902
99,	3,	71.8,	5.846,			5.502,			1.488,			1.488,			5.501,			1.496,			0.896
100,	3,	80.2,	5.897,			5.503,			1.508,			1.508,			5.501,			1.49,			0.894
101,	3,	235.7,	5.92,			5.493,			1.499,			1.499,			5.496,			1.497,			0.906
102,	3,	431.3,	5.959,			5.503,			1.507,			1.507,			5.511,			1.497,			0.907
103,	3,	121.3,	5.973,			5.493,			1.498,			1.498,			5.503,			1.495,			0.903
104,	3,	227.0,	6.0,			5.509,			1.512,			1.512,			5.494,			1.501,			0.894
105,	3,	74.1,	6.089,			5.499,			1.497,			1.497,			5.508,			1.487,			0.901
106,	3,	73.7,	6.285,			5.517,			1.498,			1.498,			5.511,			1.488,			0.893
107,	3,	373.7,	6.318,			5.494,			1.495,			1.495,			5.5,			1.516,			0.901
108,	3,	105.7,	6.344,			5.495,			1.479,			1.479,			5.481,			1.513,			0.892
109,	3,	540.2,	6.422,			5.506,			1.515,			1.515,			5.515,			1.5,			0.892
110,	3,	59.9,	6.513,			5.506,			1.499,			1.499,			5.485,			1.499,			0.904
111,	3,	152.1,	6.534,			5.492,			1.491,			1.491,			5.497,			1.484,			0.896
112,	3,	653.4,	6.604,			5.498,			1.519,			1.519,			5.51,			1.507,			0.898
113,	3,	265.7,	6.608,			5.486,			1.5,			1.5,			5.494,			1.499,			0.899
114,	3,	522.6,	6.613,			5.474,			1.492,			1.492,			5.487,			1.498,			0.907
115,	3,	185.1,	6.676,			5.52,			1.505,			1.505,			5.502,			1.498,			0.899
116,	3,	231.3,	6.741,			5.492,			1.52,			1.52,			5.497,			1.502,			0.908
117,	3,	436.3,	6.786,			5.492,			1.509,			1.509,			5.51,			1.515,			0.9
118,	3,	177.1,	6.788,			5.49,			1.52,			1.52,			5.495,			1.476,			0.894
119,	3,	167.3,	6.791,			5.5,			1.492,			1.492,			5.502,			1.486,			0.904
120,	3,	87.0,	6.844,			5.513,			1.486,			1.486,			5.491,			1.482,			0.898
121,	3,	122.4,	6.875,			5.501,			1.496,			1.496,			5.5,			1.519,			0.896
122,	3,	144.6,	6.903,			5.491,			1.501,			1.501,			5.505,			1.507,			0.903
123,	3,	102.0,	6.959,			5.511,			1.512,			1.512,			5.483,			1.491,			0.901
124,	3,	229.1,	6.983,			5.499,			1.494,			1.494,			5.511,			1.509,			0.894
125,	3,	810.7,	12.379,			5.507,			1.501,			1.501,			5.502,			1.512,			0.891
126,	2,	200.0,	12.383,			2.305,			0.101,			0.101,			2.306,			0.102,			0.049
127,	2,	108.0,	13.14,			2.311,			0.095,			0.095,			2.296,			0.095,			0.05
128,	2,	190.0,	13.186,			2.287,			0.095,			0.095,			2.289,			0.101,			0.05
129,	3,	70.1,	13.448,			5.515,			1.481,			1.481,			5.496,			1.521,			0.909
130,	3,	83.0,	14.943,			5.497,			1.504,			1.504,			5.51,			1.526,			0.905
131,	2,	61.0,	15.193,			2.314,			0.101,			0.101,			2.309,			0.1,			0.05
132,	3,	208.4,	15.406,			5.508,			1.5,			1.5,			5.488,			1.504,			0.889
133,	2,	80.0,	16.729,			2.308,			0.092,			0.092,			2.307,			0.104,			0.051
134,	2,	190.0,	17.961,			2.305,			0.092,			0.092,			2.292,			0.096,			0.051
135,	2,	178.0,	18.375,			2.293,			0.092,			0.092,			2.297,			0.098,			0.05
136,	2,	233.0,	19.747,			2.301,			0.112,			0.112,			2.276,			0.1,			0.051
137,	2,	87.0,	20.51,			2.304,			0.104,			0.104,			2.309,			0.095,			0.049
138,	2,	109.0,	21.38,			2.314,			0.106,			0.106,			2.307,			0.099,			0.049
139,	2,	201.0,	21.691,			2.287,			0.103,			0.103,			2.308,			0.093,			0.049
140,	2,	103.0,	22.172,			2.307,			0.104,			0.104,			2.289,			0.102,			0.051
141,	1,	498.0,	22.743,			1.457,			0.974,			0.974,			1.462,			0.977,			0.501
142,	2,	266.0,	25.27,			2.281,			0.101,			0.101,			2.297,			0.099,			0.049
143,	2,	95.0,	26.302,			2.298,			0.098,			0.098,			2.331,			0.098,			0.049
144,	2,	332.0,	26.42,			2.311,			0.095,			0.095,			2.302,			0.102,			0.049
145,	2,	206.0,	28.79,			2.309,			0.109,			0.109,			2.298,			0.096,			0.052
146,	2,	136.0,	33.359,			2.316,			0.097,			0.097,			2.284,			0.103,			0.048
147,	2,	133.0,	33.685,			2.272,			0.095,			0.095,			2.31,			0.114,			0.05
148,	2,	195.0,	34.164,			2.306,			0.102,			0.102,			2.289,			0.099,			0.049
149,	2,	157.0,	36.288,			2.294,			0.105,			0.105,			2.295,			0.1,			0.051
150,	1,	28.0,	36.877,			1.468,			0.955,			0.955,			1.453,			0.974,			0.501
151,	2,	113.0,	37.737,			2.289,			0.102,			0.102,			2.295,			0.094,			0.049
152,	2,	142.0,	39.719,			2.288,			0.099,			0.099,			2.314,			0.094,			0.05
153,	1,	146.0,	40.398,			1.463,			0.975,			0.975,			1.459,			1.005,			0.501
154,	2,	95.0,	40.797,			2.293,			0.103,			0.103,			2.298,			0.098,			0.05
155,	2,	129.0,	41.209,			2.316,			0.105,			0.105,			2.289,			0.099,			0.052
156,	2,	197.0,	41.509,			2.317,			0.105,			0.105,			2.311,			0.095,			0.05
157,	1,	10.0,	41.79,			1.448,			0.98,			0.98,			1.45,			0.963,			0.499
158,	2,	151.0,	42.218,			2.317,			0.117,			0.117,			2.297,			0.103,			0.051
159,	2,	81.0,	44.638,			2.314,			0.101,			0.101,			2.306,			0.105,			0.049
160,	1,	6.0,	45.073,			1.461,			0.967,			0.967,			1.463,			0.975,			0.499
161,	2,	153.0,	47.699,			2.279,			0.105,			0.105,			2.302,			0.098,			0.051
162,	1,	59.0,	49.74,			1.452,			0.962,			0.962,			1.461,			0.952,			0.5
163,	2,	148.0,	50.877,			2.297,			0.093,			0.093,			2.31,			0.097,			0.05
164,	1,	16.0,	51.814,			1.459,			0.975,			0.975,			1.439,			0.959,			0.501
165,	1,	169.0,	52.306,			1.451,			0.977,			0.977,			1.466,			0.987,			0.5
166,	2,	183.0,	55.522,			2.291,			0.108,			0.108,			2.31,			0.104,			0.05
167,	1,	379.0,	57.85,			1.466,			0.971,			0.971,			1.467,			0.986,			0.5
168,	2,	126.0,	60.575,			2.308,			0.096,			0.096,			2.309,			0.094,			0.05
169,	2,	96.0,	60.716,			2.301,			0.096,			0.096,			2.308,			0.105,			0.05
170,	1,	13.0,	63.048,			1.466,			0.976,			0.976,			1.455,			0.965,			0.5
171,	2,	143.0,	63.815,			2.29,			0.098,			0.098,			2.309,			0.097,			0.051
172,	2,	138.0,	64.082,			2.308,			0.1,			0.1,			2.33,			0.105,			0.049
173,	1,	90.0,	65.478,			1.466,			0.944,			0.944,			1.457,			0.98,			0.499
174,	2,	84.0,	65.57,			2.309,			0.1,			0.1,			2.286,			0.09,			0.05
175,	2,	209.0,	66.172,			2.302,			0.098,			0.098,			2.291,			0.1,			0.049
176,	2,	109.0,	67.909,			2.289,			0.104,			0.104,			2.277,			0.099,			0.05
177,	2,	128.0,	73.96,			2.293,			0.107,			0.107,			2.295,			0.093,			0.05
178,	2,	147.0,	75.301,			2.312,			0.109,			0.109,			2.291,			0.093,			0.05
179,	1,	120.0,	75.59,			1.452,			0.975,			0.975,			1.455,			0.967,			0.501
180,	2,	198.0,	75.784,			2.301,			0.111,			0.111,			2.316,			0.097,			0.05
181,	1,	379.0,	76.365,			1.471,			0.953,			0.953,			1.458,			0.968,			0.501
182,	1,	157.0,	76.587,			1.473,			0.961,			0.961,			1.457,			0.979,			0.499
183,	2,	179.0,	77.169,			2.299,			0.098,			0.098,			2.306,			0.109,			0.049
184,	2,	130.0,	78.749,			2.29,			0.102,			0.102,			2.276,			0.102,			0.05
185,	2,	61.0,	79.198,			2.294,			0.098,			0.098,			2.284,			0.098,			0.051
186,	2,	140.0,	81.906,			2.304,			0.099,			0.099,			2.286,			0.09,			0.05
187,	1,	103.0,	83.435,			1.467,			0.973,			0.973,			1.468,			0.969,			0.5
188,	2,	234.0,	85.958,			2.316,			0.095,			0.095,			2.299,			0.095,			0.052
189,	2,	81.0,	86.87,			2.31,			0.11,			0.11,			2.294,			0.101,			0.052
190,	2,	124.0,	88.477,			2.299,			0.104,			0.104,			2.299,			0.1,			0.049
191,	2,	102.0,	91.596,			2.296,			0.101,			0.101,			2.297,			0.096,			0.051
192,	2,	203.0,	91.809,			2.295,			0.099,			0.099,			2.308,			0.096,			0.049
193,	2,	99.0,	94.255,			2.281,			0.096,			0.096,			2.304,			0.107,			0.05
194,	2,	148.0,	94.749,			2.299,			0.096,			0.096,			2.303,			0.098,			0.052
195,	1,	7.0,	95.145,			1.446,			0.968,			0.968,			1.465,			0.984,			0.499
196,	1,	447.0,	95.737,			1.458,			0.954,			0.954,			1.456,			0.981,			0.498
197,	1,	157.0,	95.896,			1.472,			0.986,			0.986,			1.444,			0.963,			0.501
198,	2,	289.0,	96.554,			2.302,			0.092,			0.092,			2.296,			0.1,			0.048
199,	2,	162.0,	96.808,			2.306,			0.103,			0.103,			2.283,			0.108,			0.048
200,	2,	139.0,	99.978,			2.297,			0.1,			0.1,			2.291,			0.105,			0.052
201,	1,	157.0,	100.016,			1.467,			0.965,			0.965,			1.456,			0.969,			0.5
202,	2,	260.0,	100.071,			2.292,			0.104,			0.104,			2.328,			0.098,			0.051
203,	2,	191.0,	100.682,			2.313,			0.102,			0.102,			2.309,			0.108,			0.049
204,	2,	139.0,	100.955,			2.312,			0.103,			0.103,			2.312,			0.109,			0.05
205,	1,	103.0,	103.298,			1.45,			0.984,			0.984,			1.454,			0.962,			0.504
206,	2,	151.0,	103.851,			2.306,			0.101,			0.101,			2.306,			0.103,			0.05
207,	2,	63.0,	104.3,			2.314,			0.095,			0.095,			2.307,			0.092,			0.051
208,	2,	127.0,	106.54,			2.293,			0.1,			0.1,			2.314,			0.099,			0.051
209,	2,	211.0,	108.03,			2.303,			0.099,			0.099,			2.313,			0.108,			0.047
210,	1,	169.0,	108.412,			1.461,			0.973,			0.973,			1.453,			0.953,			0.5
211,	1,	28.0,	109.224,			1.468,			0.979,			0.979,			1.462,			0.967,			0.5
212,	2,	99.0,	110.283,			2.305,			0.103,			0.103,			2.294,			0.098,			0.05
213,	2,	95.0,	112.569,			2.303,			0.094,			0.094,			2.31,			0.103,			0.05
214,	1,	95.0,	113.165,			1.458,			0.976,			0.976,			1.48,			0.963,			0.499
215,	1,	512.0,	114.516,			1.455,			0.963,			0.963,			1.469,			0.965,			0.499
216,	2,	176.0,	115.147,			2.309,			0.105,			0.105,			2.304,			0.103,			0.049
217,	2,	104.0,	115.774,			2.292,			0.096,			0.096,			2.302,			0.102,			0.051
218,	1,	90.0,	119.008,			1.45,			0.971,			0.971,			1.481,			0.983,			0.5
219,	2,	309.0,	120.396,			2.286,			0.1,			0.1,			2.299,			0.1,			0.051
220,	1,	6.0,	120.908,			1.441,			0.959,			0.959,			1.474,			0.967,			0.498
221,	1,	44.0,	120.979,			1.462,			0.995,			0.995,			1.454,			0.962,			0.501
222,	1,	6.0,	124.372,			1.464,			0.978,			0.978,			1.453,			0.966,			0.5
223,	1,	13.0,	124.577,			1.449,			0.972,			0.972,			1.456,			0.952,			0.498
224,	1,	28.0,	125.378,			1.473,			0.986,			0.986,			1.469,			0.96,			0.5
225,	1,	95.0,	127.521,			1.482,			0.968,			0.968,			1.462,			0.966,			0.5
226,	1,	59.0,	127.762,			1.471,			0.955,			0.955,			1.453,			0.978,			0.498
227,	1,	103.0,	127.861,			1.459,			0.966,			0.966,			1.444,			0.973,			0.499
228,	2,	49.0,	129.535,			2.315,			0.098,			0.098,			2.299,			0.103,			0.049
229,	2,	187.0,	130.024,			2.286,			0.098,			0.098,			2.308,			0.096,			0.05
230,	1,	214.0,	130.131,			1.455,			0.969,			0.969,			1.459,			0.988,			0.499
231,	1,	16.0,	130.187,			1.468,			0.971,			0.971,			1.468,			0.974,			0.502
232,	1,	7.0,	130.244,			1.425,			0.965,			0.965,			1.467,			0.969,			0.499
233,	1,	146.0,	131.409,			1.471,			0.949,			0.949,			1.468,			0.961,			0.501
234,	1,	13.0,	131.499,			1.451,			0.953,			0.953,			1.461,			0.981,			0.5
235,	1,	28.0,	131.696,			1.452,			0.971,			0.971,			1.464,			0.978,			0.499
236,	1,	28.0,	131.734,			1.465,			0.97,			0.97,			1.446,			0.982,			0.5
237,	2,	125.0,	131.861,			2.302,			0.095,			0.095,			2.296,			0.104,			0.05
238,	2,	192.0,	133.227,			2.3,			0.099,			0.099,			2.293,			0.098,			0.051
239,	2,	122.0,	133.649,			2.302,			0.102,			0.102,			2.307,			0.107,			0.049
240,	1,	10.0,	134.654,			1.463,			0.974,			0.974,			1.461,			0.983,			0.5
241,	1,	28.0,	136.13,			1.436,			0.967,			0.967,			1.479,			0.981,			0.501
242,	2,	178.0,	137.27,			2.299,			0.103,			0.103,			2.317,			0.09,			0.052
243,	2,	182.0,	137.758,			2.304,			0.103,			0.103,			2.304,			0.098,			0.049
244,	2,	193.0,	137.796,			2.31,			0.099,			0.099,			2.305,			0.111,			0.05
245,	1,	447.0,	137.994,			1.468,			0.981,			0.981,			1.461,			0.97,			0.501
246,	1,	90.0,	138.377,			1.445,			0.967,			0.967,			1.468,			0.952,			0.499
247,	1,	512.0,	138.386,			1.469,			0.965,			0.965,			1.458,			0.952,			0.499
248,	1,	7.0,	139.333,			1.453,			0.967,			0.967,			1.445,			0.967,			0.501
249,	1,	559.0,	139.65,			1.459,			0.982,			0.982,			1.466,			0.965,			0.5
250,	1,	120.0,	140.042,			1.448,			0.984,			0.984,			1.466,			0.972,			0.498
251,	2,	78.0,	140.344,			2.294,			0.096,			0.096,			2.328,			0.098,			0.05
252,	1,	379.0,	140.854,			1.452,			0.968,			0.968,			1.459,			0.975,			0.498
253,	1,	28.0,	140.897,			1.439,			0.968,			0.968,			1.449,			0.961,			0.501
254,	1,	13.0,	141.243,			1.436,			0.977,			0.977,			1.47,			0.964,			0.501
255,	2,	191.0,	141.954,			2.303,			0.104,			0.104,			2.305,			0.102,			0.05
256,	1,	6.0,	142.227,			1.466,			0.967,			0.967,			1.452,			0.98,			0.498
257,	1,	7.0,	142.609,			1.445,			0.983,			0.983,			1.449,			0.956,			0.501
258,	1,	379.0,	142.612,			1.461,			0.965,			0.965,			1.448,			0.985,			0.501
259,	1,	498.0,	142.94,			1.453,			0.95,			0.95,			1.464,			0.966,			0.5
260,	1,	103.0,	143.522,			1.469,			0.983,			0.983,			1.45,			0.973,			0.502
261,	1,	498.0,	143.902,			1.446,			0.991,			0.991,			1.456,			0.949,			0.5
262,	1,	13.0,	144.179,			1.45,			0.964,			0.964,			1.467,			0.969,			0.5
263,	1,	28.0,	145.135,			1.453,			0.967,			0.967,			1.482,			0.989,			0.499
264,	1,	90.0,	145.56,			1.482,			0.979,			0.979,			1.457,			0.963,			0.498
265,	1,	90.0,	146.249,			1.453,			0.952,			0.952,			1.457,			0.964,			0.5
266,	2,	62.0,	146.637,			2.317,			0.111,			0.111,			2.302,			0.104,			0.05
267,	2,	103.0,	146.986,			2.292,			0.092,			0.092,			2.266,			0.088,			0.049
268,	1,	28.0,	147.919,			1.455,			0.964,			0.964,			1.448,			0.979,			0.5
269,	1,	44.0,	148.032,			1.457,			0.994,			0.994,			1.463,			0.977,			0.5
270,	2,	287.0,	148.846,			2.305,			0.1,			0.1,			2.298,			0.106,			0.049
271,	2,	131.0,	148.997,			2.305,			0.103,			0.103,			2.296,			0.103,			0.049
272,	1,	59.0,	149.608,			1.467,			0.969,			0.969,			1.454,			0.976,			0.5
273,	2,	104.0,	149.996,			2.301,			0.096,			0.096,			2.3,			0.096,			0.049
274,	1,	7.0,	150.264,			1.467,			0.977,			0.977,			1.459,			0.969,			0.5
275,	1,	498.0,	150.483,			1.457,			0.963,			0.963,			1.457,			0.96,			0.5
276,	1,	44.0,	150.617,			1.457,			0.985,			0.985,			1.482,			0.977,			0.499
277,	1,	7.0,	150.642,			1.466,			0.983,			0.983,			1.473,			0.99,			0.5
278,	1,	157.0,	150.679,			1.45,			0.958,			0.958,			1.46,			0.969,			0.5
279,	1,	13.0,	150.915,			1.45,			0.989,			0.989,			1.464,			0.98,			0.5
280,	1,	13.0,	152.829,			1.446,			0.973,			0.973,			1.454,			0.977,			0.502
281,	1,	44.0,	153.074,			1.463,			0.962,			0.962,			1.459,			0.951,			0.5
282,	1,	214.0,	153.351,			1.45,			0.966,			0.966,			1.463,			0.972,			0.499
283,	2,	61.0,	153.463,			2.29,			0.1,			0.1,			2.305,			0.099,			0.05
284,	2,	132.0,	154.811,			2.295,			0.097,			0.097,			2.321,			0.094,			0.051
285,	2,	70.0,	154.815,			2.302,			0.098,			0.098,			2.307,			0.101,			0.049
286,	1,	169.0,	155.737,			1.481,			0.951,			0.951,			1.464,			0.981,			0.5
287,	1,	7.0,	156.874,			1.458,			0.967,			0.967,			1.445,			0.966,			0.5
288,	1,	559.0,	157.91,			1.459,			0.958,			0.958,			1.477,			0.954,			0.5
289,	1,	13.0,	158.357,			1.443,			0.977,			0.977,			1.469,			0.97,			0.5
290,	1,	120.0,	158.492,			1.447,			0.97,			0.97,			1.475,			0.968,			0.501
291,	2,	133.0,	158.602,			2.309,			0.094,			0.094,			2.301,			0.103,			0.052
292,	1,	126.0,	158.984,			1.475,			0.963,			0.963,			1.457,			0.968,			0.501
293,	1,	512.0,	159.238,			1.462,			0.986,			0.986,			1.463,			0.965,			0.499
294,	1,	16.0,	159.36,			1.45,			0.965,			0.965,			1.476,			0.965,			0.502
295,	2,	141.0,	159.482,			2.302,			0.115,			0.115,			2.304,			0.101,			0.05
296,	1,	7.0,	159.889,			1.447,			0.967,			0.967,			1.464,			0.966,			0.502
297,	2,	119.0,	160.949,			2.304,			0.097,			0.097,			2.314,			0.11,			0.051
298,	1,	559.0,	161.27,			1.457,			0.989,			0.989,			1.472,			0.961,			0.5
299,	1,	379.0,	161.501,			1.477,			0.974,			0.974,			1.471,			0.955,			0.502
300,	2,	129.0,	161.896,			2.306,			0.105,			0.105,			2.301,			0.092,			0.052
301,	2,	125.0,	162.182,			2.299,			0.108,			0.108,			2.322,			0.104,			0.05
302,	1,	379.0,	162.676,			1.468,			0.964,			0.964,			1.443,			0.956,			0.498
303,	1,	512.0,	163.175,			1.475,			0.98,			0.98,			1.465,			0.979,			0.502
304,	1,	13.0,	163.494,			1.451,			0.962,			0.962,			1.45,			0.967,			0.5
305,	1,	512.0,	165.053,			1.451,			0.972,			0.972,			1.465,			0.972,			0.499
306,	2,	79.0,	165.199,			2.3,			0.1,			0.1,			2.298,			0.102,			0.05
307,	1,	13.0,	165.422,			1.448,			0.974,			0.974,			1.463,			0.967,			0.5
308,	1,	157.0,	166.76,			1.451,			0.973,			0.973,			1.481,			0.953,			0.5
309,	2,	306.0,	167.091,			2.302,			0.111,			0.111,			2.3,			0.099,			0.05
310,	1,	214.0,	168.196,			1.47,			0.968,			0.968,			1.441,			0.961,			0.501
311,	1,	44.0,	168.664,			1.47,			0.962,			0.962,			1.451,			0.97,			0.5
312,	1,	30.0,	168.727,			1.479,			0.973,			0.973,			1.458,			0.963,			0.5
313,	1,	120.0,	168.982,			1.453,			0.972,			0.972,			1.444,			0.963,			0.5
314,	2,	132.0,	169.378,			2.297,			0.101,			0.101,			2.317,			0.096,			0.05
315,	1,	7.0,	171.02,			1.455,			0.975,			0.975,			1.45,			0.969,			0.499
316,	1,	6.0,	171.229,			1.468,			0.971,			0.971,			1.458,			0.971,			0.499
317,	1,	7.0,	172.019,			1.457,			0.971,			0.971,			1.454,			0.966,			0.499
318,	1,	7.0,	173.198,			1.476,			0.967,			0.967,			1.449,			0.972,			0.5
319,	1,	6.0,	174.643,			1.459,			0.981,			0.981,			1.447,			0.983,			0.498
320,	2,	184.0,	174.783,			2.306,			0.09,			0.09,			2.308,			0.104,			0.049
321,	2,	198.0,	175.197,			2.312,			0.094,			0.094,			2.295,			0.098,			0.049
322,	1,	447.0,	175.221,			1.448,			0.963,			0.963,			1.451,			0.977,			0.5
323,	1,	90.0,	175.306,			1.481,			0.974,			0.974,			1.469,			0.971,			0.501
324,	2,	275.0,	177.434,			2.303,			0.096,			0.096,			2.311,			0.099,			0.051
325,	1,	146.0,	177.808,			1.461,			0.96,			0.96,			1.458,			0.983,			0.5
326,	1,	28.0,	177.866,			1.446,			0.958,			0.958,			1.449,			0.968,			0.498
327,	1,	512.0,	178.205,			1.462,			0.963,			0.963,			1.456,			0.976,			0.503
328,	1,	6.0,	178.493,			1.451,			0.953,			0.953,			1.451,			0.978,			0.5
329,	2,	159.0,	178.521,			2.309,			0.1,			0.1,			2.31,			0.104,			0.05
330,	1,	44.0,	178.737,			1.474,			0.981,			0.981,			1.458,			0.964,			0.502
331,	1,	30.0,	180.941,			1.44,			0.957,			0.957,			1.448,			0.975,			0.499
332,	1,	387.0,	181.616,			1.47,			0.966,			0.966,			1.455,			0.974,			0.499
333,	1,	6.0,	181.859,			1.454,			0.977,			0.977,			1.465,			0.962,			0.499
334,	1,	103.0,	182.125,			1.458,			0.977,			0.977,			1.464,			0.953,			0.5
335,	1,	387.0,	182.681,			1.442,			0.958,			0.958,			1.456,			0.969,			0.501
336,	1,	559.0,	182.852,			1.453,			0.975,			0.975,			1.442,			0.963,			0.499
337,	1,	512.0,	183.969,			1.463,			0.979,			0.979,			1.458,			0.964,			0.501
338,	1,	7.0,	184.286,			1.478,			0.981,			0.981,			1.44,			0.977,			0.5
339,	2,	204.0,	184.908,			2.293,			0.091,			0.091,			2.297,			0.101,			0.049
340,	1,	126.0,	184.946,			1.459,			0.966,			0.966,			1.443,			0.96,			0.501
341,	2,	69.0,	184.965,			2.29,			0.1,			0.1,			2.293,			0.108,			0.05
342,	2,	178.0,	185.278,			2.296,			0.113,			0.113,			2.298,			0.091,			0.05
343,	1,	214.0,	185.36,			1.461,			0.971,			0.971,			1.48,			0.963,			0.5
344,	1,	7.0,	185.452,			1.463,			0.971,			0.971,			1.465,			0.969,			0.501
345,	2,	128.0,	185.704,			2.303,			0.1,			0.1,			2.311,			0.109,			0.049
346,	1,	90.0,	186.593,			1.468,			0.977,			0.977,			1.475,			0.958,			0.499
347,	1,	49.0,	186.925,			1.464,			0.958,			0.958,			1.466,			0.977,			0.501
348,	1,	120.0,	188.023,			1.45,			0.962,			0.962,			1.447,			0.969,			0.5
349,	1,	44.0,	188.317,			1.454,			0.977,			0.977,			1.45,			0.978,			0.501
350,	1,	10.0,	188.556,			1.458,			0.969,			0.969,			1.459,			0.969,			0.5
351,	1,	6.0,	189.052,			1.451,			0.969,			0.969,			1.445,			0.97,			0.501
352,	2,	98.0,	189.116,			2.296,			0.091,			0.091,			2.292,			0.104,			0.05
353,	2,	152.0,	190.051,			2.301,			0.096,			0.096,			2.309,			0.107,			0.05
354,	1,	49.0,	190.123,			1.464,			0.957,			0.957,			1.457,			0.968,			0.501
355,	1,	387.0,	190.307,			1.479,			0.968,			0.968,			1.464,			0.97,			0.501
356,	1,	120.0,	191.031,			1.455,			0.987,			0.987,			1.45,			0.966,			0.5
357,	1,	214.0,	191.038,			1.453,			0.965,			0.965,			1.454,			0.969,			0.501
358,	2,	213.0,	191.246,			2.293,			0.095,			0.095,			2.311,			0.092,			0.049
359,	1,	7.0,	191.262,			1.459,			0.983,			0.983,			1.463,			0.969,			0.5
360,	1,	498.0,	191.308,			1.455,			0.979,			0.979,			1.474,			0.965,			0.499
361,	1,	6.0,	192.937,			1.466,			0.972,			0.972,			1.47,			0.958,			0.501
362,	1,	59.0,	193.171,			1.482,			0.981,			0.981,			1.454,			0.968,			0.501
363,	2,	303.0,	193.379,			2.305,			0.099,			0.099,			2.319,			0.104,			0.051
364,	1,	103.0,	193.642,			1.451,			0.963,			0.963,			1.464,			0.993,			0.499
365,	2,	78.0,	194.327,			2.303,			0.093,			0.093,			2.308,			0.101,			0.048
366,	2,	185.0,	194.933,			2.291,			0.104,			0.104,			2.317,			0.103,			0.051
367,	2,	70.0,	195.768,			2.306,			0.099,			0.099,			2.299,			0.094,			0.052
368,	2,	227.0,	195.771,			2.293,			0.093,			0.093,			2.303,			0.102,			0.051
369,	1,	146.0,	196.278,			1.485,			0.978,			0.978,			1.462,			0.992,			0.501
370,	1,	95.0,	196.88,			1.476,			0.967,			0.967,			1.451,			0.971,			0.498
371,	1,	90.0,	197.089,			1.474,			0.973,			0.973,			1.454,			0.978,			0.501
372,	1,	6.0,	197.843,			1.471,			0.953,			0.953,			1.466,			0.979,			0.499
373,	1,	7.0,	197.905,			1.47,			0.954,			0.954,			1.458,			0.97,			0.5
374,	1,	44.0,	198.277,			1.46,			0.977,			0.977,			1.463,			0.983,			0.499
375,	1,	44.0,	199.8,			1.471,			0.98,			0.98,			1.478,			0.982,			0.501
376,	1,	59.0,	200.707,			1.464,			0.968,			0.968,			1.468,			0.986,			0.5
377,	2,	157.0,	201.787,			2.295,			0.098,			0.098,			2.3,			0.092,			0.05
378,	2,	140.0,	201.908,			2.289,			0.101,			0.101,			2.304,			0.105,			0.051
379,	1,	44.0,	202.564,			1.458,			0.982,			0.982,			1.457,			0.99,			0.499
380,	1,	157.0,	203.274,			1.451,			0.958,			0.958,			1.458,			0.966,			0.5
381,	1,	498.0,	204.214,			1.459,			0.957,			0.957,			1.461,			0.975,			0.501
382,	1,	28.0,	204.223,			1.468,			0.955,			0.955,			1.454,			0.974,			0.499
383,	1,	95.0,	204.256,			1.481,			0.987,			0.987,			1.465,			0.97,			0.499
384,	2,	232.0,	204.375,			2.311,			0.108,			0.108,			2.286,			0.095,			0.051
385,	1,	90.0,	204.466,			1.466,			0.966,			0.966,			1.454,			0.978,			0.499
386,	2,	120.0,	204.57,			2.293,			0.098,			0.098,			2.266,			0.097,			0.05
387,	1,	30.0,	204.589,			1.454,			0.99,			0.99,			1.457,			0.974,			0.501
388,	1,	44.0,	204.63,			1.446,			0.975,			0.975,			1.462,			0.968,			0.5
389,	2,	75.0,	204.699,			2.31,			0.098,			0.098,			2.303,			0.11,			0.052
390,	2,	235.0,	204.896,			2.294,			0.093,			0.093,			2.286,			0.096,			0.05
391,	1,	16.0,	204.934,			1.474,			0.984,			0.984,			1.453,			0.961,			0.499
392,	1,	7.0,	205.144,			1.452,			0.968,			0.968,			1.459,			0.962,			0.501
393,	1,	214.0,	205.209,			1.46,			0.977,			0.977,			1.447,			0.978,			0.499
394,	2,	187.0,	205.602,			2.307,			0.106,			0.106,			2.308,			0.098,			0.05
395,	1,	7.0,	206.439,			1.453,			0.974,			0.974,			1.448,			0.95,			0.5
396,	1,	6.0,	206.846,			1.452,			0.965,			0.965,			1.453,			0.965,			0.501
397,	1,	16.0,	207.142,			1.475,			0.964,			0.964,			1.463,			0.947,			0.5
398,	1,	169.0,	207.378,			1.461,			0.971,			0.971,			1.465,			0.962,			0.502
399,	2,	235.0,	207.474,			2.287,			0.104,			0.104,			2.306,			0.094,			0.049
400,	1,	95.0,	207.569,			1.451,			0.976,			0.976,			1.443,			0.984,			0.499
401,	1,	214.0,	207.793,			1.437,			0.949,			0.949,			1.456,			0.983,			0.502
402,	1,	512.0,	208.303,			1.446,			0.978,			0.978,			1.469,			0.97,			0.501
403,	1,	498.0,	208.878,			1.472,			0.969,			0.969,			1.459,			0.964,			0.502
404,	1,	498.0,	210.019,			1.462,			0.972,			0.972,			1.462,			0.965,			0.499
405,	1,	498.0,	210.084,			1.454,			0.963,			0.963,			1.465,			0.976,			0.501
406,	1,	498.0,	210.149,			1.462,			0.974,			0.974,			1.454,			0.971,			0.5
407,	1,	7.0,	210.357,			1.454,			0.967,			0.967,			1.466,			0.976,			0.499
408,	1,	447.0,	210.579,			1.453,			0.987,			0.987,			1.439,			0.982,			0.5
409,	1,	498.0,	210.752,			1.465,			0.974,			0.974,			1.464,			0.963,			0.499
410,	2,	213.0,	210.788,			2.312,			0.099,			0.099,			2.309,			0.1,			0.051
411,	1,	7.0,	211.369,			1.448,			0.955,			0.955,			1.453,			0.963,			0.498
412,	1,	30.0,	211.467,			1.462,			0.966,			0.966,			1.451,			0.962,			0.5
413,	1,	7.0,	211.587,			1.455,			0.967,			0.967,			1.46,			0.969,			0.5
414,	1,	214.0,	211.869,			1.464,			0.981,			0.981,			1.458,			0.962,			0.5
415,	2,	195.0,	212.044,			2.304,			0.097,			0.097,			2.314,			0.093,			0.051
416,	1,	44.0,	212.542,			1.476,			0.969,			0.969,			1.462,			0.971,			0.5
417,	1,	7.0,	212.773,			1.46,			0.981,			0.981,			1.472,			0.95,			0.501
418,	1,	103.0,	212.999,			1.458,			0.974,			0.974,			1.473,			0.976,			0.502
419,	1,	7.0,	213.203,			1.457,			0.953,			0.953,			1.449,			0.975,			0.5
420,	1,	28.0,	213.524,			1.469,			0.965,			0.965,			1.475,			0.961,			0.499
421,	1,	512.0,	213.734,			1.446,			0.962,			0.962,			1.477,			0.978,			0.501
422,	1,	447.0,	213.845,			1.462,			0.971,			0.971,			1.471,			0.961,			0.501
423,	1,	120.0,	213.845,			1.461,			0.947,			0.947,			1.458,			0.979,			0.5
424,	1,	498.0,	213.966,			1.437,			0.979,			0.979,			1.452,			0.966,			0.502
425,	2,	227.0,	214.409,			2.277,			0.099,			0.099,			2.298,			0.101,			0.047
426,	1,	214.0,	214.492,			1.457,			0.979,			0.979,			1.47,			0.955,			0.501
427,	1,	157.0,	215.267,			1.452,			0.963,			0.963,			1.449,			0.985,			0.501
428,	1,	49.0,	215.387,			1.467,			0.975,			0.975,			1.456,			0.97,			0.499
429,	1,	120.0,	215.766,			1.447,			0.965,			0.965,			1.46,			0.96,			0.5
430,	1,	103.0,	216.105,			1.471,			0.968,			0.968,			1.45,			0.97,			0.498
431,	1,	169.0,	216.479,			1.456,			0.981,			0.981,			1.457,			0.978,			0.499
432,	1,	44.0,	216.582,			1.451,			0.999,			0.999,			1.449,			0.959,			0.501
433,	1,	28.0,	216.723,			1.473,			0.975,			0.975,			1.469,			0.972,			0.499
434,	1,	44.0,	217.238,			1.438,			0.958,			0.958,			1.451,			0.959,			0.498
435,	1,	120.0,	217.251,			1.453,			0.981,			0.981,			1.443,			0.973,			0.5
436,	1,	95.0,	217.951,			1.462,			0.974,			0.974,			1.451,			0.966,			0.499
437,	1,	214.0,	218.329,			1.475,			0.965,			0.965,			1.468,			0.969,			0.499
438,	1,	214.0,	218.521,			1.452,			0.964,			0.964,			1.472,			0.958,			0.5
439,	1,	10.0,	218.771,			1.45,			0.963,			0.963,			1.451,			0.969,			0.501
440,	1,	6.0,	218.856,			1.464,			0.972,			0.972,			1.466,			0.966,			0.499
441,	1,	387.0,	219.886,			1.47,			0.965,			0.965,			1.475,			0.956,			0.501
442,	2,	110.0,	220.083,			2.307,			0.101,			0.101,			2.286,			0.095,			0.049
443,	1,	44.0,	220.157,			1.472,			0.972,			0.972,			1.451,			0.974,			0.498
444,	1,	90.0,	221.063,			1.449,			0.975,			0.975,			1.455,			0.952,			0.499
445,	1,	6.0,	221.154,			1.456,			0.968,			0.968,			1.45,			0.982,			0.5
446,	2,	264.0,	221.434,			2.309,			0.1,			0.1,			2.316,			0.095,			0.051
447,	1,	16.0,	221.696,			1.449,			0.965,			0.965,			1.462,			0.975,			0.5
448,	1,	126.0,	222.763,			1.462,			0.978,			0.978,			1.474,			0.967,			0.499
449,	2,	372.0,	222.983,			2.299,			0.089,			0.089,			2.294,			0.101,			0.049
450,	1,	95.0,	223.097,			1.456,			0.947,			0.947,			1.44,			0.977,			0.5
451,	1,	379.0,	223.284,			1.467,			0.967,			0.967,			1.448,			0.972,			0.498
452,	2,	37.0,	223.77,			2.307,			0.092,			0.092,			2.309,			0.1,			0.051
453,	1,	120.0,	224.026,			1.454,			0.954,			0.954,			1.456,			0.975,			0.499
454,	1,	7.0,	224.37,			1.454,			0.982,			0.982,			1.474,			0.976,			0.499
455,	2,	132.0,	224.588,			2.308,			0.098,			0.098,			2.297,			0.105,			0.05
456,	1,	95.0,	225.375,			1.477,			0.954,			0.954,			1.471,			0.954,			0.501
457,	2,	211.0,	225.698,			2.315,			0.102,			0.102,			2.304,			0.1,			0.052
458,	1,	6.0,	226.523,			1.463,			0.983,			0.983,			1.458,			0.97,			0.501
459,	1,	44.0,	226.536,			1.446,			1.005,			1.005,			1.451,			0.968,			0.498
460,	1,	16.0,	226.562,			1.463,			0.977,			0.977,			1.467,			0.975,			0.5
461,	1,	10.0,	226.58,			1.456,			0.948,			0.948,			1.44,			0.979,			0.499
462,	1,	49.0,	226.95,			1.468,			0.973,			0.973,			1.443,			0.964,			0.499
463,	1,	379.0,	228.053,			1.458,			0.965,			0.965,			1.457,			0.951,			0.501
464,	1,	44.0,	228.104,			1.485,			0.971,			0.971,			1.458,			0.983,			0.502
465,	1,	7.0,	228.482,			1.456,			0.962,			0.962,			1.461,			0.968,			0.498
466,	1,	447.0,	228.752,			1.451,			0.948,			0.948,			1.477,			0.978,			0.5
467,	1,	7.0,	228.782,			1.459,			0.964,			0.964,			1.457,			0.938,			0.5
468,	1,	6.0,	230.063,			1.458,			0.958,			0.958,			1.456,			0.971,			0.5
469,	1,	90.0,	230.345,			1.463,			0.973,			0.973,			1.464,			0.975,			0.501
470,	1,	30.0,	230.892,			1.465,			0.987,			0.987,			1.467,			0.976,			0.5
471,	1,	6.0,	231.236,			1.469,			0.97,			0.97,			1.451,			0.964,			0.498
472,	1,	28.0,	231.238,			1.467,			0.968,			0.968,			1.474,			0.959,			0.5
473,	1,	59.0,	231.644,			1.457,			0.976,			0.976,			1.457,			0.963,			0.5
474,	1,	6.0,	231.802,			1.455,			0.974,			0.974,			1.461,			0.972,			0.499
475,	1,	44.0,	231.946,			1.463,			0.972,			0.972,			1.485,			0.975,			0.5
476,	1,	7.0,	232.061,			1.471,			0.971,			0.971,			1.46,			0.971,			0.5
477,	2,	205.0,	232.477,			2.315,			0.095,			0.095,			2.301,			0.11,			0.051
478,	1,	498.0,	232.985,			1.465,			0.974,			0.974,			1.467,			0.982,			0.5
479,	1,	10.0,	233.534,			1.458,			0.954,			0.954,			1.459,			0.967,			0.501
480,	1,	59.0,	233.826,			1.446,			0.957,			0.957,			1.448,			0.955,			0.5
481,	1,	103.0,	234.624,			1.468,			0.953,			0.953,			1.444,			0.964,			0.499
482,	2,	191.0,	234.665,			2.297,			0.098,			0.098,			2.299,			0.095,			0.052
483,	1,	7.0,	234.827,			1.471,			0.986,			0.986,			1.462,			0.967,			0.5
484,	1,	7.0,	234.93,			1.445,			0.971,			0.971,			1.478,			0.962,			0.5
485,	1,	498.0,	235.681,			1.459,			0.97,			0.97,			1.476,			0.99,			0.502
486,	1,	16.0,	236.428,			1.475,			0.974,			0.974,			1.459,			0.965,			0.498
487,	1,	10.0,	236.74,			1.466,			0.991,			0.991,			1.463,			0.982,			0.498
488,	1,	44.0,	237.521,			1.46,			0.963,			0.963,			1.466,			0.968,			0.498
489,	1,	447.0,	237.766,			1.456,			0.971,			0.971,			1.446,			0.96,			0.5
490,	1,	7.0,	237.843,			1.459,			0.974,			0.974,			1.455,			0.955,			0.5
491,	1,	44.0,	237.882,			1.468,			0.968,			0.968,			1.45,			0.952,			0.5
492,	1,	146.0,	238.13,			1.46,			0.956,			0.956,			1.469,			0.977,			0.5
493,	1,	6.0,	238.261,			1.463,			0.969,			0.969,			1.439,			0.963,			0.501
494,	2,	121.0,	238.495,			2.304,			0.1,			0.1,			2.289,			0.101,			0.051
495,	1,	157.0,	238.523,			1.457,			0.976,			0.976,			1.462,			0.963,			0.501
496,	1,	44.0,	238.599,			1.459,			0.983,			0.983,			1.458,			0.978,			0.499
497,	1,	126.0,	238.835,			1.46,			0.962,			0.962,			1.475,			0.976,			0.501
498,	1,	7.0,	239.302,			1.462,			0.973,			0.973,			1.454,			0.981,			0.499
499,	2,	174.0,	239.532,			2.304,			0.094,			0.094,			2.309,			0.089,			0.05
500,	2,	155.0,	240.114,			2.309,			0.095,			0.095,			2.307,			0.098,			0.051
501,	2,	67.0,	240.13,			2.308,			0.105,			0.105,			2.301,			0.095,			0.051
502,	1,	6.0,	240.353,			1.482,			0.956,			0.956,			1.456,			0.968,			0.499
503,	1,	49.0,	240.628,			1.44,			0.969,			0.969,			1.477,			0.961,			0.5
504,	1,	10.0,	242.004,			1.454,			0.964,			0.964,			1.467,			0.966,			0.5
505,	1,	59.0,	243.203,			1.46,			0.958,			0.958,			1.444,			0.954,			0.5
506,	1,	512.0,	243.317,			1.464,			0.986,			0.986,			1.441,			0.968,			0.5
507,	1,	559.0,	243.655,			1.46,			0.967,			0.967,			1.454,			0.972,			0.502
508,	1,	6.0,	243.813,			1.469,			0.966,			0.966,			1.466,			0.955,			0.499
509,	1,	7.0,	243.9,			1.462,			0.967,			0.967,			1.452,			0.967,			0.5
510,	1,	512.0,	244.401,			1.485,			0.985,			0.985,			1.455,			0.976,			0.501
511,	1,	95.0,	244.77,			1.461,			0.968,			0.968,			1.468,			0.98,			0.502
512,	1,	387.0,	244.842,			1.451,			0.952,			0.952,			1.472,			0.975,			0.498
513,	1,	49.0,	245.65,			1.463,			0.972,			0.972,			1.463,			0.971,			0.499
514,	2,	231.0,	245.662,			2.301,			0.106,			0.106,			2.291,			0.098,			0.05
515,	1,	387.0,	246.34,			1.481,			0.979,			0.979,			1.453,			0.986,			0.501
516,	1,	120.0,	246.695,			1.473,			0.983,			0.983,			1.454,			0.981,			0.499
517,	1,	7.0,	247.039,			1.447,			0.967,			0.967,			1.449,			0.973,			0.5
518,	2,	118.0,	247.39,			2.299,			0.095,			0.095,			2.29,			0.096,			0.051
519,	1,	90.0,	247.634,			1.439,			0.975,			0.975,			1.494,			0.958,			0.501
520,	1,	6.0,	247.83,			1.457,			0.977,			0.977,			1.468,			0.973,			0.499
521,	1,	10.0,	247.957,			1.45,			0.953,			0.953,			1.466,			0.975,			0.5
522,	1,	95.0,	248.817,			1.451,			0.949,			0.949,			1.45,			0.982,			0.5
523,	1,	559.0,	249.166,			1.451,			0.976,			0.976,			1.466,			0.972,			0.499
524,	1,	447.0,	249.429,			1.459,			0.958,			0.958,			1.464,			0.963,			0.499
525,	1,	387.0,	249.742,			1.468,			0.958,			0.958,			1.462,			0.976,			0.499
526,	1,	498.0,	250.378,			1.441,			0.978,			0.978,			1.464,			0.972,			0.501
527,	1,	7.0,	250.379,			1.454,			0.967,			0.967,			1.462,			0.972,			0.499
528,	1,	169.0,	250.814,			1.463,			0.987,			0.987,			1.468,			0.982,			0.499
529,	1,	90.0,	251.084,			1.458,			0.969,			0.969,			1.469,			0.97,			0.5
530,	1,	7.0,	251.495,			1.464,			0.96,			0.96,			1.462,			0.971,			0.498
531,	1,	498.0,	252.74,			1.453,			0.995,			0.995,			1.449,			0.977,			0.5
532,	1,	95.0,	252.764,			1.463,			0.991,			0.991,			1.451,			0.974,			0.499
533,	1,	7.0,	254.674,			1.442,			0.973,			0.973,			1.467,			0.965,			0.5
534,	1,	7.0,	256.001,			1.462,			0.989,			0.989,			1.436,			0.973,			0.499
535,	1,	146.0,	257.172,			1.468,			0.959,			0.959,			1.452,			0.983,			0.5
536,	2,	79.0,	257.316,			2.289,			0.104,			0.104,			2.287,			0.098,			0.05
537,	2,	151.0,	257.43,			2.317,			0.096,			0.096,			2.312,			0.095,			0.05
538,	1,	6.0,	257.477,			1.459,			0.966,			0.966,			1.48,			0.971,			0.499
539,	1,	44.0,	257.572,			1.445,			0.997,			0.997,			1.453,			0.973,			0.501
540,	2,	120.0,	257.577,			2.311,			0.103,			0.103,			2.297,			0.098,			0.05
541,	2,	109.0,	257.634,			2.318,			0.098,			0.098,			2.306,			0.104,			0.052
542,	1,	120.0,	257.859,			1.472,			0.983,			0.983,			1.465,			0.965,			0.499
543,	2,	322.0,	257.982,			2.294,			0.105,			0.105,			2.301,			0.098,			0.049
544,	1,	512.0,	258.223,			1.452,			0.987,			0.987,			1.444,			0.969,			0.501
545,	1,	169.0,	258.294,			1.482,			0.963,			0.963,			1.44,			0.975,			0.5
546,	1,	126.0,	258.513,			1.436,			0.971,			0.971,			1.458,			0.963,			0.501
547,	1,	379.0,	258.926,			1.446,			0.982,			0.982,			1.454,			0.971,			0.499
548,	1,	7.0,	259.697,			1.456,			0.975,			0.975,			1.449,			0.972,			0.5
549,	1,	7.0,	260.075,			1.478,			0.965,			0.965,			1.424,			0.952,			0.5
550,	1,	16.0,	260.962,			1.441,			0.977,			0.977,			1.474,			0.969,			0.499
551,	1,	379.0,	261.236,			1.471,			0.985,			0.985,			1.479,			0.981,			0.501
552,	2,	232.0,	261.401,			2.302,			0.095,			0.095,			2.323,			0.095,			0.049
553,	1,	16.0,	261.436,			1.437,			0.973,			0.973,			1.464,			0.971,			0.499
554,	1,	214.0,	261.726,			1.454,			0.952,			0.952,			1.457,			0.964,			0.499
555,	1,	49.0,	261.976,			1.462,			0.969,			0.969,			1.443,			0.981,			0.5
556,	1,	7.0,	262.025,			1.443,			0.968,			0.968,			1.447,			0.967,			0.501
557,	1,	146.0,	263.029,			1.45,			0.956,			0.956,			1.467,			0.968,			0.499
558,	1,	559.0,	263.606,			1.466,			0.972,			0.972,			1.451,			0.973,			0.502
559,	2,	53.0,	263.747,			2.308,			0.101,			0.101,			2.294,			0.097,			0.05
560,	1,	16.0,	264.472,			1.465,			0.977,			0.977,			1.47,			0.952,			0.499
561,	1,	7.0,	264.56,			1.462,			0.969,			0.969,			1.468,			0.972,			0.498
562,	1,	512.0,	264.671,			1.454,			0.965,			0.965,			1.46,			0.991,			0.501
563,	2,	147.0,	264.753,			2.303,			0.094,			0.094,			2.293,			0.108,			0.049
564,	1,	59.0,	264.773,			1.429,			0.963,			0.963,			1.45,			0.997,			0.5
565,	1,	44.0,	264.779,			1.467,			0.981,			0.981,			1.457,			0.966,			0.499
566,	1,	214.0,	264.791,			1.469,			0.963,			0.963,			1.462,			0.981,			0.499
567,	1,	157.0,	264.991,			1.446,			0.958,			0.958,			1.456,			0.968,			0.5
568,	1,	103.0,	265.252,			1.457,			0.981,			0.981,			1.453,			0.964,			0.499
569,	1,	120.0,	265.446,			1.45,			0.947,			0.947,			1.472,			0.98,			0.5
570,	1,	498.0,	266.721,			1.456,			0.979,			0.979,			1.469,			0.966,			0.501
571,	1,	13.0,	267.043,			1.45,			0.971,			0.971,			1.446,			0.971,			0.5
572,	1,	49.0,	267.161,			1.459,			0.978,			0.978,			1.449,			0.982,			0.5
573,	2,	131.0,	267.321,			2.295,			0.098,			0.098,			2.304,			0.1,			0.048
574,	1,	512.0,	267.735,			1.473,			0.961,			0.961,			1.464,			0.948,			0.499
575,	2,	123.0,	267.779,			2.301,			0.096,			0.096,			2.301,			0.102,			0.049
576,	2,	165.0,	268.42,			2.282,			0.103,			0.103,			2.304,			0.091,			0.051
577,	1,	120.0,	268.424,			1.477,			0.959,			0.959,			1.466,			0.958,			0.501
578,	1,	157.0,	268.749,			1.448,			0.984,			0.984,			1.458,			0.96,			0.498
579,	1,	157.0,	268.777,			1.461,			0.968,			0.968,			1.471,			0.961,			0.499
580,	2,	89.0,	268.945,			2.304,			0.098,			0.098,			2.306,			0.1,			0.05
581,	1,	103.0,	268.995,			1.443,			0.948,			0.948,			1.45,			0.961,			0.5
582,	1,	10.0,	269.215,			1.463,			0.959,			0.959,			1.44,			0.968,			0.499
583,	1,	6.0,	269.268,			1.48,			0.966,			0.966,			1.463,			0.957,			0.5
584,	1,	447.0,	269.292,			1.45,			0.975,			0.975,			1.46,			0.981,			0.5
585,	1,	49.0,	269.425,			1.457,			0.972,			0.972,			1.456,			0.975,			0.5
586,	1,	387.0,	269.893,			1.453,			0.963,			0.963,			1.459,			0.952,			0.5
587,	1,	6.0,	270.173,			1.457,			0.977,			0.977,			1.463,			0.959,			0.5
588,	2,	77.0,	270.685,			2.313,			0.093,			0.093,			2.305,			0.098,			0.049
589,	1,	44.0,	271.347,			1.47,			0.983,			0.983,			1.458,			0.968,			0.5
590,	1,	214.0,	271.903,			1.461,			0.967,			0.967,			1.45,			0.974,			0.502
591,	1,	7.0,	272.012,			1.472,			0.961,			0.961,			1.457,			0.98,			0.499
592,	1,	59.0,	272.051,			1.473,			0.973,			0.973,			1.465,			0.964,			0.499
593,	1,	169.0,	272.207,			1.453,			0.957,			0.957,			1.452,			0.988,			0.502
594,	1,	120.0,	272.444,			1.466,			0.97,			0.97,			1.453,			0.976,			0.499
595,	1,	157.0,	272.563,			1.488,			0.965,			0.965,			1.463,			0.963,			0.499
596,	2,	255.0,	272.721,			2.288,			0.099,			0.099,			2.266,			0.098,			0.049
597,	1,	44.0,	272.723,			1.465,			0.988,			0.988,			1.466,			0.981,			0.501
598,	1,	103.0,	272.725,			1.463,			0.966,			0.966,			1.458,			0.98,			0.5
599,	1,	30.0,	272.76,			1.471,			0.988,			0.988,			1.451,			0.978,			0.5
600,	1,	59.0,	273.12,			1.462,			0.983,			0.983,			1.457,			0.966,			0.501
601,	1,	6.0,	273.687,			1.476,			0.979,			0.979,			1.452,			0.959,			0.499
602,	1,	512.0,	273.777,			1.472,			0.963,			0.963,			1.459,			0.962,			0.502
603,	1,	103.0,	273.832,			1.45,			0.98,			0.98,			1.455,			0.98,			0.501
604,	2,	341.0,	274.057,			2.308,			0.097,			0.097,			2.297,			0.094,			0.051
605,	1,	512.0,	274.706,			1.481,			0.98,			0.98,			1.458,			0.986,			0.5
606,	1,	559.0,	275.051,			1.455,			0.98,			0.98,			1.451,			0.981,			0.502
607,	2,	244.0,	275.2,			2.298,			0.108,			0.108,			2.291,			0.096,			0.05
608,	1,	157.0,	275.48,			1.463,			0.986,			0.986,			1.458,			0.979,			0.501
609,	1,	16.0,	275.55,			1.461,			0.983,			0.983,			1.454,			0.977,			0.499
610,	1,	16.0,	276.238,			1.45,			0.974,			0.974,			1.467,			0.97,			0.498
611,	1,	214.0,	276.549,			1.444,			0.962,			0.962,			1.454,			0.974,			0.5
612,	2,	66.0,	277.504,			2.291,			0.098,			0.098,			2.302,			0.097,			0.05
613,	1,	379.0,	277.618,			1.461,			0.969,			0.969,			1.442,			0.961,			0.5
614,	1,	6.0,	277.729,			1.465,			0.964,			0.964,			1.44,			0.972,			0.5
615,	2,	203.0,	277.741,			2.32,			0.096,			0.096,			2.298,			0.1,			0.05
616,	2,	223.0,	277.959,			2.304,			0.1,			0.1,			2.303,			0.093,			0.05
617,	2,	223.0,	278.292,			2.292,			0.1,			0.1,			2.295,			0.098,			0.047
618,	1,	512.0,	279.223,			1.46,			0.977,			0.977,			1.441,			0.961,			0.497
619,	1,	6.0,	279.665,			1.465,			0.98,			0.98,			1.459,			0.971,			0.5
620,	1,	44.0,	279.701,			1.463,			0.98,			0.98,			1.446,			0.982,			0.5
621,	1,	169.0,	280.413,			1.465,			0.983,			0.983,			1.455,			0.963,			0.5
622,	1,	126.0,	280.995,			1.459,			0.974,			0.974,			1.447,			0.983,			0.5
623,	2,	197.0,	281.162,			2.309,			0.096,			0.096,			2.301,			0.102,			0.051
624,	1,	44.0,	281.544,			1.453,			0.958,			0.958,			1.475,			0.975,			0.498
625,	2,	121.0,	281.59,			2.296,			0.09,			0.09,			2.305,			0.097,			0.052
626,	1,	157.0,	282.107,			1.463,			0.95,			0.95,			1.453,			0.965,			0.5
627,	1,	90.0,	282.385,			1.454,			0.964,			0.964,			1.456,			0.96,			0.499
628,	1,	49.0,	283.009,			1.482,			0.95,			0.95,			1.45,			0.962,			0.501
629,	2,	164.0,	283.523,			2.308,			0.101,			0.101,			2.298,			0.098,			0.051
630,	1,	95.0,	283.556,			1.455,			0.967,			0.967,			1.452,			0.965,			0.502
631,	1,	7.0,	284.198,			1.454,			0.962,			0.962,			1.456,			0.963,			0.5
632,	1,	214.0,	284.257,			1.439,			0.971,			0.971,			1.465,			0.978,			0.501
633,	1,	7.0,	284.609,			1.444,			0.944,			0.944,			1.456,			0.961,			0.501
634,	1,	44.0,	284.717,			1.459,			0.969,			0.969,			1.451,			0.96,			0.5
635,	2,	149.0,	285.206,			2.297,			0.097,			0.097,			2.302,			0.1,			0.051
636,	1,	512.0,	285.636,			1.477,			0.975,			0.975,			1.459,			0.974,			0.501
637,	1,	30.0,	285.976,			1.467,			0.961,			0.961,			1.451,			0.979,			0.5
638,	1,	387.0,	286.045,			1.453,			0.964,			0.964,			1.468,			0.961,			0.5
639,	2,	182.0,	286.316,			2.287,			0.098,			0.098,			2.297,			0.1,			0.051
640,	2,	108.0,	286.668,			2.303,			0.09,			0.09,			2.316,			0.088,			0.049
641,	1,	379.0,	287.319,			1.457,			0.999,			0.999,			1.443,			0.98,			0.5
642,	1,	6.0,	288.849,			1.468,			0.973,			0.973,			1.45,			0.958,			0.5
643,	2,	135.0,	289.364,			2.306,			0.108,			0.108,			2.293,			0.1,			0.05
644,	1,	28.0,	289.443,			1.456,			0.959,			0.959,			1.463,			0.955,			0.502
645,	1,	44.0,	289.836,			1.455,			0.974,			0.974,			1.478,			0.975,			0.499
646,	1,	6.0,	290.187,			1.456,			0.965,			0.965,			1.462,			0.986,			0.5
647,	1,	7.0,	290.401,			1.449,			0.982,			0.982,			1.458,			0.963,			0.499
648,	1,	512.0,	290.833,			1.483,			0.982,			0.982,			1.474,			0.983,			0.498
649,	1,	90.0,	291.583,			1.478,			0.955,			0.955,			1.454,			0.987,			0.5
650,	1,	28.0,	292.218,			1.449,			0.979,			0.979,			1.451,			0.98,			0.499
651,	1,	28.0,	292.934,			1.455,			0.976,			0.976,			1.455,			0.96,			0.501
652,	1,	90.0,	293.411,			1.446,			0.963,			0.963,			1.473,			0.978,			0.5
653,	2,	91.0,	293.736,			2.315,			0.099,			0.099,			2.302,			0.109,			0.051
654,	1,	214.0,	293.914,			1.482,			0.981,			0.981,			1.452,			0.975,			0.499
655,	2,	160.0,	293.99,			2.31,			0.097,			0.097,			2.286,			0.093,			0.049
656,	2,	184.0,	294.228,			2.286,			0.099,			0.099,			2.298,			0.109,			0.051
657,	1,	28.0,	294.763,			1.458,			0.983,			0.983,			1.466,			0.977,			0.499
658,	1,	7.0,	295.441,			1.459,			0.973,			0.973,			1.444,			0.979,			0.5
659,	1,	7.0,	296.293,			1.456,			0.954,			0.954,			1.453,			0.973,			0.501
660,	1,	90.0,	296.532,			1.463,			0.954,			0.954,			1.474,			0.971,			0.499
661,	1,	95.0,	296.755,			1.463,			0.964,			0.964,			1.458,			0.966,			0.5
662,	2,	134.0,	296.819,			2.292,			0.094,			0.094,			2.321,			0.103,			0.05
663,	2,	176.0,	297.239,			2.309,			0.092,			0.092,			2.293,			0.099,			0.049
664,	1,	126.0,	297.388,			1.471,			0.949,			0.949,			1.457,			0.973,			0.5
665,	1,	169.0,	298.163,			1.463,			0.972,			0.972,			1.46,			0.981,			0.5
666,	1,	59.0,	298.578,			1.457,			0.958,			0.958,			1.452,			0.963,			0.5
667,	2,	206.0,	299.27,			2.303,			0.104,			0.104,			2.291,			0.09,			0.051
668,	1,	512.0,	299.343,			1.449,			0.982,			0.982,			1.468,			0.949,			0.501
669,	2,	212.0,	299.435,			2.318,			0.107,			0.107,			2.301,			0.094,			0.051
670,	1,	447.0,	299.59,			1.465,			0.971,			0.971,			1.465,			0.972,			0.501
671,	1,	169.0,	299.716,			1.461,			0.978,			0.978,			1.464,			0.974,			0.501
672,	2,	105.0,	299.72,			2.319,			0.102,			0.102,			2.302,			0.105,			0.048
673,	2,	83.0,	299.772,			2.286,			0.107,			0.107,			2.305,			0.111,			0.05
674,	1,	512.0,	299.884,			1.455,			0.971,			0.971,			1.446,			0.974,			0.499
675,	1,	59.0,	300.603,			1.443,			0.965,			0.965,			1.45,			0.973,			0.5
676,	1,	44.0,	300.636,			1.456,			0.969,			0.969,			1.478,			0.954,			0.502
677,	1,	16.0,	301.059,			1.466,			0.964,			0.964,			1.461,			0.961,			0.5
678,	1,	7.0,	301.914,			1.464,			0.977,			0.977,			1.452,			0.987,			0.5
679,	1,	13.0,	302.544,			1.465,			0.981,			0.981,			1.463,			0.968,			0.499
680,	1,	6.0,	302.616,			1.458,			0.982,			0.982,			1.454,			0.973,			0.5
681,	1,	6.0,	303.104,			1.482,			0.952,			0.952,			1.474,			0.968,			0.502
682,	1,	28.0,	303.387,			1.448,			0.96,			0.96,			1.445,			0.969,			0.499
683,	1,	120.0,	303.882,			1.463,			0.969,			0.969,			1.458,			0.962,			0.499
684,	2,	138.0,	305.085,			2.301,			0.107,			0.107,			2.306,			0.105,			0.051
685,	1,	498.0,	305.66,			1.444,			0.976,			0.976,			1.463,			0.956,			0.499
686,	2,	171.0,	305.914,			2.29,			0.1,			0.1,			2.314,			0.108,			0.05
687,	1,	30.0,	305.933,			1.45,			0.963,			0.963,			1.452,			0.97,			0.501
688,	1,	44.0,	306.691,			1.458,			0.964,			0.964,			1.449,			0.976,			0.501
689,	2,	127.0,	307.122,			2.299,			0.108,			0.108,			2.298,			0.092,			0.051
690,	1,	95.0,	307.168,			1.457,			0.956,			0.956,			1.468,			0.982,			0.501
691,	1,	7.0,	307.479,			1.456,			0.983,			0.983,			1.463,			0.968,			0.499
692,	2,	162.0,	307.724,			2.301,			0.098,			0.098,			2.287,			0.092,			0.05
693,	1,	6.0,	308.067,			1.474,			0.965,			0.965,			1.44,			0.968,			0.5
694,	1,	44.0,	308.713,			1.435,			0.984,			0.984,			1.474,			0.976,			0.499
695,	2,	61.0,	311.295,			2.31,			0.089,			0.089,			2.316,			0.097,			0.051
696,	2,	149.0,	312.15,			2.299,			0.096,			0.096,			2.3,			0.102,			0.051
697,	1,	103.0,	313.497,			1.486,			0.958,			0.958,			1.451,			0.981,			0.501
698,	2,	123.0,	313.608,			2.301,			0.098,			0.098,			2.305,			0.097,			0.05
699,	1,	6.0,	314.26,			1.45,			0.963,			0.963,			1.453,			0.963,			0.501
700,	1,	379.0,	314.915,			1.451,			0.98,			0.98,			1.463,			0.965,			0.5
701,	2,	132.0,	314.992,			2.295,			0.1,			0.1,			2.299,			0.096,			0.051
702,	1,	214.0,	315.515,			1.459,			0.976,			0.976,			1.453,			0.972,			0.5
703,	1,	214.0,	315.646,			1.451,			0.976,			0.976,			1.465,			0.963,			0.5
704,	1,	7.0,	315.689,			1.464,			0.954,			0.954,			1.469,			0.973,			0.5
705,	1,	7.0,	315.785,			1.457,			0.973,			0.973,			1.459,			0.971,			0.499
706,	1,	126.0,	315.893,			1.474,			0.968,			0.968,			1.464,			0.99,			0.498
707,	1,	28.0,	316.892,			1.467,			0.981,			0.981,			1.462,			0.957,			0.5
708,	1,	10.0,	317.706,			1.454,			0.983,			0.983,			1.452,			0.963,			0.501
709,	2,	260.0,	318.377,			2.298,			0.098,			0.098,			2.298,			0.105,			0.049
710,	2,	133.0,	318.707,			2.3,			0.107,			0.107,			2.302,			0.101,			0.05
711,	1,	13.0,	319.283,			1.475,			0.968,			0.968,			1.462,			0.981,			0.499
712,	1,	7.0,	319.648,			1.476,			0.987,			0.987,			1.472,			0.962,			0.501
713,	1,	157.0,	321.099,			1.45,			0.979,			0.979,			1.463,			0.962,			0.5
714,	2,	190.0,	321.181,			2.311,			0.099,			0.099,			2.307,			0.1,			0.052
715,	1,	30.0,	321.659,			1.469,			0.978,			0.978,			1.438,			0.963,			0.5
716,	1,	146.0,	321.924,			1.461,			0.975,			0.975,			1.463,			0.963,			0.501
717,	2,	96.0,	322.054,			2.301,			0.101,			0.101,			2.296,			0.098,			0.05
718,	1,	214.0,	322.149,			1.482,			0.953,			0.953,			1.468,			0.984,			0.5
719,	2,	211.0,	322.46,			2.309,			0.098,			0.098,			2.296,			0.099,			0.05
720,	1,	30.0,	323.33,			1.473,			0.977,			0.977,			1.452,			0.965,			0.501
721,	2,	210.0,	323.514,			2.311,			0.098,			0.098,			2.314,			0.1,			0.049
722,	2,	195.0,	323.667,			2.309,			0.1,			0.1,			2.315,			0.097,			0.05
723,	1,	7.0,	324.02,			1.467,			0.972,			0.972,			1.464,			0.972,			0.5
724,	1,	49.0,	324.27,			1.453,			0.984,			0.984,			1.463,			0.979,			0.499
725,	1,	59.0,	324.598,			1.455,			0.966,			0.966,			1.47,			0.963,			0.498
726,	2,	205.0,	324.895,			2.3,			0.104,			0.104,			2.325,			0.102,			0.051
727,	2,	96.0,	325.059,			2.289,			0.101,			0.101,			2.307,			0.105,			0.049
728,	1,	10.0,	325.179,			1.456,			0.959,			0.959,			1.457,			0.973,			0.499
729,	2,	174.0,	325.276,			2.291,			0.099,			0.099,			2.295,			0.11,			0.049
730,	2,	74.0,	325.33,			2.319,			0.095,			0.095,			2.304,			0.099,			0.05
731,	1,	379.0,	325.408,			1.453,			0.984,			0.984,			1.452,			0.965,			0.5
732,	1,	146.0,	325.425,			1.458,			0.98,			0.98,			1.461,			0.956,			0.499
733,	1,	447.0,	326.565,			1.46,			0.967,			0.967,			1.451,			0.961,			0.5
734,	1,	7.0,	326.659,			1.476,			0.969,			0.969,			1.437,			0.958,			0.501
735,	1,	7.0,	326.792,			1.472,			0.979,			0.979,			1.461,			0.952,			0.5
736,	1,	7.0,	326.798,			1.455,			0.966,			0.966,			1.472,			0.956,			0.499
737,	1,	28.0,	326.855,			1.458,			0.951,			0.951,			1.468,			0.971,			0.502
738,	1,	512.0,	326.976,			1.424,			0.983,			0.983,			1.459,			0.971,			0.499
739,	1,	498.0,	326.979,			1.463,			0.974,			0.974,			1.468,			0.959,			0.499
740,	2,	180.0,	327.018,			2.316,			0.101,			0.101,			2.311,			0.091,			0.05
741,	2,	200.0,	328.545,			2.279,			0.093,			0.093,			2.301,			0.101,			0.05
742,	2,	182.0,	328.615,			2.307,			0.095,			0.095,			2.311,			0.097,			0.051
743,	1,	10.0,	328.761,			1.453,			0.995,			0.995,			1.449,			0.973,			0.5
744,	1,	447.0,	329.175,			1.448,			0.981,			0.981,			1.465,			0.988,			0.501
745,	1,	157.0,	331.234,			1.463,			0.974,			0.974,			1.469,			0.99,			0.5
746,	1,	6.0,	331.834,			1.468,			0.961,			0.961,			1.446,			0.975,			0.501
747,	1,	90.0,	332.747,			1.444,			0.98,			0.98,			1.468,			0.975,			0.501
748,	1,	30.0,	333.191,			1.461,			0.956,			0.956,			1.465,			0.971,			0.5
749,	1,	214.0,	333.47,			1.459,			0.974,			0.974,			1.454,			0.984,			0.5
750,	1,	59.0,	334.133,			1.458,			0.963,			0.963,			1.464,			0.987,			0.501
751,	2,	259.0,	334.239,			2.289,			0.092,			0.092,			2.276,			0.098,			0.051
752,	1,	559.0,	336.892,			1.47,			0.975,			0.975,			1.474,			0.986,			0.499
753,	1,	7.0,	338.333,			1.452,			0.974,			0.974,			1.468,			0.964,			0.501
754,	2,	145.0,	338.944,			2.292,			0.1,			0.1,			2.287,			0.1,			0.051
755,	1,	7.0,	339.346,			1.449,			0.989,			0.989,			1.452,			0.969,			0.498
756,	2,	70.0,	339.355,			2.293,			0.103,			0.103,			2.277,			0.101,			0.05
757,	1,	157.0,	339.674,			1.471,			0.959,			0.959,			1.453,			0.979,			0.5
758,	1,	44.0,	340.435,			1.468,			0.948,			0.948,			1.469,			0.966,			0.5
759,	2,	76.0,	340.552,			2.323,			0.107,			0.107,			2.298,			0.099,			0.05
760,	1,	7.0,	341.137,			1.465,			0.976,			0.976,			1.467,			0.977,			0.501
761,	2,	123.0,	341.218,			2.316,			0.099,			0.099,			2.295,			0.103,			0.05
762,	1,	10.0,	341.575,			1.457,			0.966,			0.966,			1.456,			0.966,			0.499
763,	3,	181.3,	342.073,			5.487,			1.515,			1.515,			5.5,			1.496,			0.894
764,	3,	441.6,	342.144,			5.509,			1.515,			1.515,			5.512,			1.508,			0.902
765,	2,	218.0,	342.813,			2.296,			0.102,			0.102,			2.294,			0.094,			0.05
766,	2,	239.0,	343.197,			2.305,			0.095,			0.095,			2.297,			0.108,			0.05
767,	1,	157.0,	343.21,			1.468,			0.967,			0.967,			1.462,			0.973,			0.5
768,	1,	512.0,	343.448,			1.461,			0.958,			0.958,			1.463,			0.957,			0.5
769,	1,	30.0,	343.468,			1.454,			0.983,			0.983,			1.468,			0.997,			0.501
770,	3,	156.8,	343.699,			5.496,			1.507,			1.507,			5.505,			1.512,			0.885
771,	1,	44.0,	343.877,			1.466,			0.971,			0.971,			1.456,			0.979,			0.499
772,	1,	498.0,	343.943,			1.444,			0.967,			0.967,			1.465,			0.97,			0.499
773,	1,	214.0,	344.312,			1.451,			0.973,			0.973,			1.461,			0.973,			0.499
774,	2,	103.0,	344.366,			2.305,			0.099,			0.099,			2.285,			0.093,			0.049
775,	1,	7.0,	344.473,			1.462,			0.959,			0.959,			1.464,			0.961,			0.499
776,	3,	195.7,	344.48,			5.519,			1.494,			1.494,			5.48,			1.502,			0.89
777,	3,	200.4,	344.995,			5.491,			1.51,			1.51,			5.532,			1.506,			0.908
778,	1,	7.0,	345.068,			1.462,			0.987,			0.987,			1.452,			0.965,			0.501
779,	3,	76.8,	345.217,			5.505,			1.509,			1.509,			5.499,			1.502,			0.897
780,	1,	169.0,	345.287,			1.46,			0.956,			0.956,			1.467,			0.976,			0.499
781,	3,	171.5,	345.481,			5.493,			1.519,			1.519,			5.486,			1.501,			0.893
782,	1,	44.0,	345.964,			1.47,			0.983,			0.983,			1.46,			0.969,			0.5
783,	3,	59.6,	346.059,			5.505,			1.528,			1.528,			5.496,			1.479,			0.901
784,	3,	115.7,	346.346,			5.499,			1.517,			1.517,			5.501,			1.484,			0.906
785,	2,	155.0,	346.764,			2.293,			0.098,			0.098,			2.302,			0.102,			0.051
786,	1,	7.0,	348.374,			1.467,			0.979,			0.979,			1.467,			0.967,			0.499
787,	2,	240.0,	348.513,			2.303,			0.096,			0.096,			2.299,			0.099,			0.051
788,	2,	128.0,	348.673,			2.303,			0.095,			0.095,			2.295,			0.1,			0.05
789,	1,	13.0,	348.85,			1.467,			0.982,			0.982,			1.47,			0.975,			0.5
790,	1,	126.0,	348.884,			1.474,			0.965,			0.965,			1.467,			0.961,			0.499
791,	2,	248.0,	349.228,			2.31,			0.105,			0.105,			2.294,			0.101,			0.048
792,	2,	298.0,	349.646,			2.29,			0.103,			0.103,			2.297,			0.105,			0.049
793,	2,	203.0,	349.869,			2.31,			0.114,			0.114,			2.305,			0.11,			0.05
794,	1,	447.0,	350.661,			1.459,			0.976,			0.976,			1.453,			0.974,			0.502
795,	1,	379.0,	350.992,			1.459,			0.966,			0.966,			1.469,			0.968,			0.501
796,	1,	146.0,	351.124,			1.449,			0.977,			0.977,			1.472,			0.978,			0.499
797,	1,	44.0,	354.595,			1.459,			0.98,			0.98,			1.454,			0.973,			0.498
798,	1,	120.0,	355.241,			1.457,			0.956,			0.956,			1.473,			0.969,			0.501
799,	1,	559.0,	355.487,			1.463,			0.968,			0.968,			1.449,			0.964,			0.501
800,	1,	16.0,	356.532,			1.451,			0.969,			0.969,			1.469,			0.96,			0.5
801,	2,	151.0,	356.922,			2.3,			0.095,			0.095,			2.302,			0.1,			0.05
802,	1,	10.0,	357.694,			1.474,			0.966,			0.966,			1.441,			0.964,			0.501
803,	2,	102.0,	358.571,			2.29,			0.099,			0.099,			2.305,			0.09,			0.05
804,	2,	155.0,	360.38,			2.296,			0.115,			0.115,			2.296,			0.101,			0.049
805,	2,	158.0,	360.889,			2.276,			0.104,			0.104,			2.317,			0.1,			0.049
806,	1,	10.0,	360.914,			1.469,			0.983,			0.983,			1.466,			0.978,			0.501
807,	1,	120.0,	361.535,			1.473,			0.965,			0.965,			1.443,			0.971,			0.502
808,	1,	6.0,	361.799,			1.458,			0.949,			0.949,			1.451,			0.955,			0.499
809,	2,	102.0,	362.142,			2.3,			0.092,			0.092,			2.29,			0.093,			0.05
810,	2,	365.0,	362.695,			2.285,			0.1,			0.1,			2.319,			0.093,			0.052
811,	1,	512.0,	362.73,			1.488,			0.967,			0.967,			1.446,			0.976,			0.5
812,	2,	210.0,	363.766,			2.305,			0.098,			0.098,			2.314,			0.108,			0.049
813,	1,	7.0,	364.417,			1.458,			0.961,			0.961,			1.46,			0.958,			0.501
814,	2,	138.0,	364.492,			2.315,			0.103,			0.103,			2.298,			0.106,			0.052
815,	2,	100.0,	364.994,			2.294,			0.104,			0.104,			2.302,			0.105,			0.048
816,	2,	120.0,	366.09,			2.295,			0.101,			0.101,			2.305,			0.09,			0.05
817,	2,	155.0,	367.777,			2.292,			0.103,			0.103,			2.316,			0.101,			0.049
818,	1,	44.0,	368.555,			1.453,			0.982,			0.982,			1.465,			0.989,			0.498
819,	2,	93.0,	368.773,			2.291,			0.107,			0.107,			2.3,			0.103,			0.051
820,	1,	7.0,	369.998,			1.463,			0.963,			0.963,			1.454,			0.975,			0.5
821,	2,	145.0,	370.028,			2.29,			0.11,			0.11,			2.295,			0.106,			0.049
822,	1,	7.0,	372.073,			1.462,			0.974,			0.974,			1.446,			0.956,			0.499
823,	2,	35.0,	372.351,			2.293,			0.096,			0.096,			2.311,			0.094,			0.049
824,	1,	16.0,	372.519,			1.444,			0.968,			0.968,			1.456,			0.981,			0.501
825,	2,	180.0,	372.742,			2.296,			0.096,			0.096,			2.281,			0.093,			0.051
826,	2,	212.0,	373.226,			2.298,			0.104,			0.104,			2.302,			0.099,			0.051
827,	2,	152.0,	375.033,			2.293,			0.096,			0.096,			2.291,			0.099,			0.05
828,	2,	187.0,	376.365,			2.311,			0.101,			0.101,			2.306,			0.099,			0.049
829,	2,	125.0,	376.715,			2.287,			0.096,			0.096,			2.32,			0.101,			0.049
830,	1,	7.0,	376.993,			1.459,			0.964,			0.964,			1.452,			0.965,			0.502
831,	1,	126.0,	377.174,			1.451,			0.968,			0.968,			1.438,			0.977,			0.5
832,	1,	512.0,	377.772,			1.449,			0.963,			0.963,			1.457,			0.96,			0.499
833,	2,	169.0,	378.885,			2.307,			0.09,			0.09,			2.29,			0.108,			0.051
834,	1,	7.0,	379.133,			1.465,			0.952,			0.952,			1.464,			0.982,			0.501
835,	3,	98.4,	379.176,			5.487,			1.506,			1.506,			5.51,			1.507,			0.898
836,	3,	180.5,	379.267,			5.496,			1.492,			1.492,			5.492,			1.503,			0.899
837,	3,	193.2,	379.39,			5.501,			1.513,			1.513,			5.501,			1.519,			0.894
838,	1,	44.0,	379.524,			1.474,			0.966,			0.966,			1.457,			0.962,			0.499
839,	3,	117.0,	379.663,			5.494,			1.489,			1.489,			5.5,			1.496,			0.902
840,	3,	229.5,	379.787,			5.498,			1.528,			1.528,			5.499,			1.501,			0.908
841,	3,	159.8,	380.023,			5.517,			1.492,			1.492,			5.491,			1.515,			0.895
842,	2,	112.0,	380.034,			2.314,			0.096,			0.096,			2.297,			0.091,			0.049
843,	3,	142.3,	380.088,			5.493,			1.474,			1.474,			5.487,			1.479,			0.902
844,	3,	596.6,	380.133,			5.504,			1.516,			1.516,			5.502,			1.51,			0.899
845,	3,	152.1,	380.977,			5.504,			1.49,			1.49,			5.488,			1.517,			0.908
846,	3,	269.0,	381.264,			5.528,			1.497,			1.497,			5.496,			1.517,			0.898
847,	1,	44.0,	381.508,			1.477,			0.955,			0.955,			1.471,			0.972,			0.5
848,	3,	501.3,	381.536,			5.505,			1.491,			1.491,			5.49,			1.497,			0.9
849,	3,	118.8,	381.86,			5.504,			1.513,			1.513,			5.51,			1.495,			0.903
850,	3,	166.3,	381.891,			5.497,			1.509,			1.509,			5.48,			1.494,			0.909
851,	3,	147.9,	382.378,			5.475,			1.487,			1.487,			5.509,			1.507,			0.902
852,	2,	242.0,	382.641,			2.302,			0.092,			0.092,			2.301,			0.096,			0.049
853,	2,	120.0,	382.811,			2.288,			0.105,			0.105,			2.305,			0.094,			0.051
854,	3,	281.2,	383.021,			5.504,			1.497,			1.497,			5.493,			1.502,			0.903
855,	3,	92.9,	383.035,			5.495,			1.519,			1.519,			5.51,			1.508,			0.891
856,	2,	317.0,	383.057,			2.295,			0.102,			0.102,			2.284,			0.098,			0.049
857,	1,	7.0,	383.189,			1.455,			0.978,			0.978,			1.455,			0.959,			0.498
858,	1,	95.0,	383.647,			1.454,			0.973,			0.973,			1.455,			0.978,			0.5
859,	3,	266.0,	383.689,			5.5,			1.487,			1.487,			5.502,			1.5,			0.904
860,	3,	145.9,	383.7,			5.501,			1.496,			1.496,			5.503,			1.496,			0.904
861,	3,	117.1,	383.742,			5.507,			1.489,			1.489,			5.483,			1.51,			0.906
862,	1,	44.0,	384.0,			1.455,			0.966,			0.966,			1.476,			0.968,			0.499
863,	1,	498.0,	384.969,			1.458,			0.976,			0.976,			1.453,			0.967,			0.5
864,	1,	7.0,	385.666,			1.456,			0.966,			0.966,			1.45,			0.964,			0.5
865,	2,	225.0,	385.719,			2.298,			0.101,			0.101,			2.296,			0.107,			0.049
866,	2,	105.0,	387.317,			2.311,			0.112,			0.112,			2.289,			0.107,			0.049
867,	2,	205.0,	387.893,			2.306,			0.105,			0.105,			2.308,			0.1,			0.05
868,	2,	176.0,	388.097,			2.306,			0.096,			0.096,			2.301,			0.101,			0.052
869,	1,	90.0,	388.103,			1.47,			0.978,			0.978,			1.436,			0.961,			0.498
870,	2,	231.0,	389.031,			2.305,			0.101,			0.101,			2.325,			0.097,			0.05
871,	1,	7.0,	389.422,			1.457,			0.983,			0.983,			1.429,			0.973,			0.5
872,	2,	184.0,	390.539,			2.323,			0.092,			0.092,			2.316,			0.101,			0.05
873,	2,	160.0,	390.946,			2.307,			0.103,			0.103,			2.306,			0.102,			0.05
874,	2,	114.0,	392.174,			2.3,			0.103,			0.103,			2.293,			0.104,			0.05
875,	1,	214.0,	392.211,			1.437,			0.968,			0.968,			1.47,			0.984,			0.5
876,	1,	146.0,	392.564,			1.451,			0.973,			0.973,			1.461,			0.98,			0.5
877,	2,	172.0,	392.714,			2.302,			0.1,			0.1,			2.299,			0.101,			0.05
878,	2,	143.0,	394.026,			2.317,			0.098,			0.098,			2.285,			0.098,			0.049
879,	1,	512.0,	394.333,			1.448,			0.957,			0.957,			1.465,			0.974,			0.501
880,	1,	7.0,	394.474,			1.449,			0.992,			0.992,			1.458,			0.965,			0.498
881,	1,	49.0,	394.827,			1.45,			0.969,			0.969,			1.44,			0.98,			0.5
882,	2,	194.0,	396.258,			2.301,			0.101,			0.101,			2.317,			0.093,			0.049
883,	1,	512.0,	397.566,			1.452,			0.967,			0.967,			1.459,			0.964,			0.499
884,	2,	165.0,	398.342,			2.289,			0.098,			0.098,			2.302,			0.102,			0.05
885,	2,	72.0,	398.761,			2.314,			0.099,			0.099,			2.298,			0.107,			0.049
886,	2,	153.0,	399.59,			2.29,			0.101,			0.101,			2.289,			0.101,			0.05
887,	2,	236.0,	400.804,			2.311,			0.095,			0.095,			2.293,			0.101,			0.049
888,	2,	206.0,	401.043,			2.302,			0.108,			0.108,			2.312,			0.095,			0.05
889,	1,	498.0,	401.238,			1.456,			0.988,			0.988,			1.456,			0.974,			0.501
890,	2,	148.0,	401.348,			2.286,			0.092,			0.092,			2.3,			0.104,			0.05
891,	2,	163.0,	401.787,			2.301,			0.096,			0.096,			2.315,			0.105,			0.052
892,	2,	141.0,	402.071,			2.289,			0.1,			0.1,			2.306,			0.103,			0.051
893,	1,	126.0,	402.54,			1.445,			0.965,			0.965,			1.459,			0.961,			0.5
894,	1,	512.0,	404.194,			1.462,			0.964,			0.964,			1.465,			0.995,			0.499
895,	2,	152.0,	404.307,			2.291,			0.105,			0.105,			2.304,			0.099,			0.051
896,	2,	176.0,	405.11,			2.317,			0.104,			0.104,			2.292,			0.094,			0.05
897,	2,	181.0,	405.179,			2.308,			0.099,			0.099,			2.315,			0.096,			0.051
898,	2,	207.0,	405.448,			2.295,			0.108,			0.108,			2.305,			0.098,			0.051
899,	1,	16.0,	405.772,			1.474,			0.971,			0.971,			1.446,			0.965,			0.501
900,	2,	58.0,	405.961,			2.276,			0.103,			0.103,			2.3,			0.098,			0.049
901,	2,	164.0,	406.169,			2.303,			0.106,			0.106,			2.286,			0.102,			0.05
902,	1,	7.0,	407.468,			1.46,			0.97,			0.97,			1.45,			0.979,			0.5
903,	1,	7.0,	409.813,			1.447,			1.005,			1.005,			1.464,			0.975,			0.501
904,	1,	6.0,	410.333,			1.451,			0.963,			0.963,			1.454,			0.973,			0.499
905,	2,	124.0,	410.871,			2.301,			0.098,			0.098,			2.298,			0.091,			0.052
906,	2,	275.0,	412.505,			2.299,			0.098,			0.098,			2.297,			0.096,			0.049
907,	2,	206.0,	413.511,			2.295,			0.103,			0.103,			2.301,			0.099,			0.051
908,	2,	75.0,	417.031,			2.312,			0.095,			0.095,			2.281,			0.103,			0.05
909,	2,	139.0,	417.536,			2.307,			0.091,			0.091,			2.312,			0.107,			0.05
910,	2,	228.0,	418.242,			2.308,			0.097,			0.097,			2.304,			0.105,			0.049
911,	2,	71.0,	418.703,			2.297,			0.101,			0.101,			2.301,			0.097,			0.049
912,	1,	59.0,	420.168,			1.46,			0.965,			0.965,			1.489,			0.965,			0.5
913,	2,	110.0,	421.465,			2.294,			0.101,			0.101,			2.3,			0.091,			0.049
914,	2,	182.0,	421.743,			2.296,			0.098,			0.098,			2.315,			0.097,			0.049
915,	1,	7.0,	421.985,			1.467,			0.977,			0.977,			1.451,			0.98,			0.502
916,	2,	192.0,	424.058,			2.29,			0.097,			0.097,			2.286,			0.097,			0.05
917,	2,	192.0,	424.287,			2.32,			0.092,			0.092,			2.3,			0.089,			0.051
918,	2,	104.0,	426.242,			2.284,			0.091,			0.091,			2.287,			0.105,			0.051
919,	1,	28.0,	427.132,			1.446,			0.978,			0.978,			1.473,			0.973,			0.499
920,	2,	133.0,	428.319,			2.3,			0.107,			0.107,			2.299,			0.095,			0.049
921,	1,	6.0,	428.524,			1.463,			0.967,			0.967,			1.476,			0.964,			0.501
922,	2,	239.0,	429.882,			2.31,			0.098,			0.098,			2.309,			0.11,			0.049
923,	2,	125.0,	432.785,			2.298,			0.094,			0.094,			2.309,			0.098,			0.05
924,	2,	62.0,	433.063,			2.313,			0.101,			0.101,			2.303,			0.102,			0.051
925,	2,	207.0,	435.126,			2.296,			0.099,			0.099,			2.306,			0.101,			0.048
926,	2,	84.0,	436.827,			2.289,			0.097,			0.097,			2.297,			0.105,			0.05
927,	2,	333.0,	436.956,			2.317,			0.089,			0.089,			2.309,			0.103,			0.05
928,	2,	171.0,	437.413,			2.317,			0.095,			0.095,			2.312,			0.108,			0.051
929,	2,	201.0,	439.233,			2.318,			0.105,			0.105,			2.298,			0.104,			0.05
930,	2,	260.0,	440.188,			2.305,			0.095,			0.095,			2.307,			0.109,			0.049
931,	2,	96.0,	442.541,			2.301,			0.099,			0.099,			2.297,			0.087,			0.051
932,	2,	346.0,	443.549,			2.296,			0.106,			0.106,			2.303,			0.091,			0.051
933,	2,	172.0,	443.88,			2.317,			0.092,			0.092,			2.288,			0.098,			0.05
934,	2,	256.0,	447.146,			2.305,			0.101,			0.101,			2.304,			0.098,			0.05
935,	2,	187.0,	447.245,			2.3,			0.109,			0.109,			2.291,			0.094,			0.051
936,	2,	156.0,	447.841,			2.307,			0.105,			0.105,			2.316,			0.108,			0.052
937,	3,	518.7,	451.681,			5.493,			1.512,			1.512,			5.496,			1.503,			0.904
938,	3,	74.1,	451.881,			5.504,			1.505,			1.505,			5.511,			1.492,			0.893
939,	3,	204.0,	451.885,			5.483,			1.48,			1.48,			5.502,			1.491,			0.903
940,	3,	234.8,	452.243,			5.503,			1.479,			1.479,			5.506,			1.492,			0.901
941,	3,	435.4,	452.651,			5.501,			1.505,			1.505,			5.497,			1.493,			0.894
942,	3,	365.4,	452.741,			5.501,			1.499,			1.499,			5.521,			1.483,			0.906
943,	3,	124.1,	453.17,			5.505,			1.507,			1.507,			5.495,			1.512,			0.907
944,	3,	287.7,	453.28,			5.519,			1.471,			1.471,			5.501,			1.488,			0.902
945,	3,	456.3,	453.329,			5.504,			1.505,			1.505,			5.507,			1.502,			0.898
946,	3,	207.1,	453.384,			5.49,			1.512,			1.512,			5.51,			1.494,			0.902
947,	3,	118.2,	453.543,			5.494,			1.513,			1.513,			5.485,			1.51,			0.902
948,	3,	103.0,	453.637,			5.502,			1.516,			1.516,			5.501,			1.504,			0.898
949,	3,	71.8,	453.691,			5.505,			1.498,			1.498,			5.515,			1.493,			0.897
950,	3,	103.7,	453.86,			5.51,			1.498,			1.498,			5.51,			1.493,			0.897
951,	3,	417.0,	453.867,			5.489,			1.482,			1.482,			5.489,			1.507,			0.901
952,	3,	596.6,	454.102,			5.514,			1.505,			1.505,			5.492,			1.5,			0.9
953,	3,	170.4,	454.143,			5.485,			1.496,			1.496,			5.494,			1.505,			0.896
954,	3,	383.0,	454.203,			5.512,			1.491,			1.491,			5.499,			1.512,			0.894
955,	3,	257.3,	454.221,			5.498,			1.489,			1.489,			5.504,			1.51,			0.911
956,	3,	144.6,	454.285,			5.497,			1.51,			1.51,			5.498,			1.496,			0.894
957,	3,	107.4,	454.368,			5.51,			1.513,			1.513,			5.492,			1.499,			0.897
958,	3,	59.6,	454.396,			5.508,			1.485,			1.485,			5.496,			1.522,			0.893
959,	1,	30.0,	454.675,			1.455,			0.983,			0.983,			1.463,			0.942,			0.501
960,	3,	115.5,	454.825,			5.488,			1.504,			1.504,			5.517,			1.514,			0.902
961,	3,	140.9,	454.842,			5.522,			1.507,			1.507,			5.509,			1.471,			0.899
962,	3,	85.7,	454.867,			5.5,			1.479,			1.479,			5.493,			1.503,			0.906
963,	3,	76.2,	454.876,			5.5,			1.526,			1.526,			5.496,			1.513,			0.889
964,	3,	233.8,	454.957,			5.495,			1.499,			1.499,			5.504,			1.494,			0.903
965,	3,	73.5,	455.062,			5.507,			1.499,			1.499,			5.486,			1.512,			0.899
966,	3,	82.0,	455.071,			5.509,			1.5,			1.5,			5.492,			1.511,			0.895
967,	3,	124.8,	455.133,			5.494,			1.482,			1.482,			5.499,			1.501,			0.905
968,	3,	220.5,	455.158,			5.492,			1.515,			1.515,			5.491,			1.492,			0.897
969,	3,	213.2,	455.163,			5.504,			1.502,			1.502,			5.496,			1.482,			0.9
970,	3,	142.3,	455.263,			5.498,			1.5,			1.5,			5.486,			1.497,			0.896
971,	3,	76.2,	455.285,			5.497,			1.509,			1.509,			5.506,			1.498,			0.911
972,	3,	148.7,	455.352,			5.492,			1.486,			1.486,			5.484,			1.484,			0.908
973,	3,	152.1,	455.4,			5.498,			1.504,			1.504,			5.496,			1.479,			0.885
974,	3,	431.0,	455.474,			5.488,			1.5,			1.5,			5.504,			1.498,			0.899
975,	3,	160.7,	455.505,			5.496,			1.491,			1.491,			5.507,			1.516,			0.899
976,	3,	199.8,	455.524,			5.489,			1.508,			1.508,			5.493,			1.507,			0.899
977,	3,	734.6,	455.56,			5.501,			1.504,			1.504,			5.511,			1.504,			0.895
978,	3,	141.6,	455.593,			5.489,			1.505,			1.505,			5.493,			1.515,			0.902
979,	3,	88.8,	455.71,			5.501,			1.521,			1.521,			5.51,			1.496,			0.9
980,	3,	193.8,	455.716,			5.513,			1.502,			1.502,			5.489,			1.508,			0.903
981,	3,	90.1,	455.721,			5.491,			1.508,			1.508,			5.501,			1.499,			0.895
982,	3,	206.3,	455.731,			5.487,			1.51,			1.51,			5.489,			1.5,			0.903
983,	3,	77.4,	455.811,			5.489,			1.506,			1.506,			5.508,			1.498,			0.908
984,	3,	104.8,	456.161,			5.5,			1.501,			1.501,			5.484,			1.507,			0.895
985,	2,	180.0,	456.314,			2.316,			0.104,			0.104,			2.3,			0.099,			0.049
986,	2,	150.0,	460.193,			2.289,			0.104,			0.104,			2.302,			0.093,			0.05
987,	2,	273.0,	461.968,			2.292,			0.096,			0.096,			2.3,			0.099,			0.049
988,	2,	93.0,	462.726,			2.323,			0.096,			0.096,			2.308,			0.093,			0.05
989,	2,	372.0,	466.054,			2.3,			0.097,			0.097,			2.304,			0.099,			0.048
990,	2,	119.0,	469.436,			2.29,			0.1,			0.1,			2.299,			0.095,			0.051
991,	2,	223.0,	472.309,			2.303,			0.106,			0.106,			2.303,			0.101,			0.05
992,	2,	168.0,	482.385,			2.302,			0.096,			0.096,			2.31,			0.106,			0.05
993,	2,	169.0,	482.681,			2.293,			0.104,			0.104,			2.309,			0.095,			0.051
994,	2,	189.0,	485.449,			2.298,			0.103,			0.103,			2.31,			0.095,			0.049
995,	2,	178.0,	486.599,			2.296,			0.096,			0.096,			2.295,			0.088,			0.051
996,	2,	144.0,	490.561,			2.311,			0.104,			0.104,			2.304,			0.104,			0.05
997,	2,	287.0,	491.974,			2.299,			0.107,			0.107,			2.32,			0.101,			0.051
998,	2,	115.0,	492.179,			2.289,			0.098,			0.098,			2.286,			0.095,			0.052
999,	1,	6.0,	497.649,			1.451,			0.975,			0.975,			1.474,			0.97,			0.499
1000,	2,	231.0,	498.423,			2.295,			0.106,			0.106,			2.305,			0.092,			0.051
