#, task_type_id, size, arrival_time,	execution_time_cpu,	execution_time_gpu,	execution_time_CLOUD
1,	1,	13.0,	1.546,			2.103,			0.156,			0.053
2,	2,	213.0,	1.683,			11.661,			1.4,			0.159
3,	1,	512.0,	1.872,			2.018,			0.252,			0.053
4,	2,	222.0,	3.082,			10.721,			1.143,			0.155
5,	2,	143.0,	4.834,			14.099,			1.363,			0.168
6,	2,	280.0,	6.262,			12.57,			1.412,			0.127
7,	2,	298.0,	9.211,			13.36,			1.086,			0.147
8,	2,	106.0,	12.063,			12.458,			1.124,			0.118
9,	2,	80.0,	14.317,			10.15,			1.356,			0.176
10,	1,	7.0,	16.302,			2.155,			0.239,			0.052
11,	2,	136.0,	16.905,			14.611,			1.33,			0.149
12,	2,	166.0,	17.841,			10.882,			1.345,			0.198
13,	2,	211.0,	20.288,			10.054,			1.018,			0.162
14,	2,	138.0,	20.614,			11.829,			1.016,			0.149
15,	2,	163.0,	20.791,			12.4,			1.376,			0.102
16,	2,	166.0,	20.966,			10.159,			1.087,			0.134
17,	2,	60.0,	23.184,			14.439,			1.097,			0.167
18,	2,	261.0,	23.761,			10.756,			1.05,			0.189
19,	2,	125.0,	24.225,			14.4,			1.323,			0.16
20,	2,	144.0,	24.286,			14.387,			1.164,			0.197
21,	2,	278.0,	26.3,			12.057,			1.223,			0.122
22,	2,	110.0,	26.651,			10.893,			1.371,			0.101
23,	2,	180.0,	27.312,			12.313,			1.195,			0.197
24,	2,	155.0,	27.829,			10.117,			1.233,			0.172
25,	2,	149.0,	28.023,			13.75,			1.258,			0.117
26,	2,	122.0,	28.906,			12.849,			1.34,			0.145
27,	2,	80.0,	30.69,			11.392,			1.302,			0.147
28,	2,	168.0,	34.641,			13.069,			1.245,			0.194
29,	2,	161.0,	35.075,			14.464,			1.245,			0.119
30,	1,	559.0,	35.953,			1.643,			0.28,			0.054
31,	2,	201.0,	36.881,			14.722,			1.32,			0.107
32,	1,	120.0,	38.892,			2.926,			0.157,			0.057
33,	1,	95.0,	39.449,			1.039,			0.114,			0.054
34,	2,	226.0,	39.542,			10.621,			1.311,			0.136
35,	1,	16.0,	41.953,			2.323,			0.266,			0.058
36,	1,	44.0,	42.897,			2.954,			0.208,			0.058
37,	2,	203.0,	44.698,			12.615,			1.115,			0.16
38,	1,	103.0,	44.926,			1.558,			0.21,			0.055
39,	1,	10.0,	45.311,			1.485,			0.13,			0.055
40,	2,	164.0,	45.34,			13.889,			1.198,			0.185
41,	2,	239.0,	45.425,			13.007,			1.326,			0.137
42,	2,	86.0,	46.071,			10.71,			1.295,			0.184
43,	2,	105.0,	46.156,			11.722,			1.346,			0.191
44,	2,	162.0,	46.248,			14.481,			1.229,			0.138
45,	1,	90.0,	46.612,			2.222,			0.26,			0.057
46,	1,	90.0,	46.971,			1.211,			0.147,			0.058
47,	1,	7.0,	47.457,			1.97,			0.267,			0.051
48,	1,	90.0,	47.838,			1.625,			0.171,			0.06
49,	1,	169.0,	48.009,			2.509,			0.151,			0.054
50,	1,	6.0,	48.471,			2.524,			0.162,			0.06
51,	1,	13.0,	49.024,			2.889,			0.127,			0.051
52,	2,	179.0,	49.837,			13.349,			1.233,			0.199
53,	1,	44.0,	51.232,			2.748,			0.277,			0.057
54,	2,	251.0,	51.271,			12.933,			1.403,			0.156
55,	1,	214.0,	51.708,			2.398,			0.263,			0.056
56,	1,	214.0,	52.261,			1.642,			0.106,			0.054
57,	2,	150.0,	53.134,			10.172,			1.067,			0.178
58,	2,	109.0,	53.246,			12.635,			1.299,			0.161
59,	2,	281.0,	54.53,			10.076,			1.441,			0.196
60,	1,	7.0,	54.887,			1.168,			0.253,			0.054
61,	1,	59.0,	55.088,			2.298,			0.167,			0.054
62,	1,	7.0,	55.59,			2.548,			0.265,			0.051
63,	1,	16.0,	57.083,			2.874,			0.236,			0.053
64,	2,	95.0,	57.389,			13.645,			1.204,			0.105
65,	1,	146.0,	57.741,			1.283,			0.238,			0.051
66,	2,	107.0,	57.783,			13.396,			1.498,			0.174
67,	1,	7.0,	57.991,			1.095,			0.256,			0.057
68,	1,	6.0,	58.267,			1.776,			0.195,			0.051
69,	2,	233.0,	58.505,			10.46,			1.355,			0.111
70,	1,	387.0,	58.642,			2.415,			0.259,			0.058
71,	2,	215.0,	59.371,			10.978,			1.302,			0.133
72,	1,	90.0,	59.481,			2.379,			0.189,			0.058
73,	1,	379.0,	59.667,			2.116,			0.172,			0.051
74,	1,	379.0,	59.782,			2.524,			0.212,			0.059
75,	2,	169.0,	60.092,			13.05,			1.28,			0.155
76,	1,	13.0,	60.333,			1.018,			0.279,			0.058
77,	1,	387.0,	60.867,			1.241,			0.252,			0.051
78,	1,	7.0,	61.834,			1.625,			0.127,			0.058
79,	1,	146.0,	63.416,			2.269,			0.133,			0.054
80,	2,	147.0,	63.457,			10.882,			1.187,			0.108
81,	1,	379.0,	63.6,			1.688,			0.147,			0.058
82,	2,	207.0,	63.875,			10.173,			1.418,			0.19
83,	1,	95.0,	64.118,			1.841,			0.228,			0.06
84,	2,	83.0,	65.498,			10.016,			1.159,			0.194
85,	1,	6.0,	65.763,			1.671,			0.184,			0.053
86,	1,	10.0,	66.646,			2.717,			0.211,			0.055
87,	1,	379.0,	66.786,			1.592,			0.232,			0.056
88,	1,	169.0,	67.201,			2.838,			0.293,			0.058
89,	2,	181.0,	68.817,			10.16,			1.122,			0.143
90,	2,	226.0,	69.63,			11.265,			1.096,			0.121
91,	1,	387.0,	69.728,			1.681,			0.227,			0.054
92,	2,	109.0,	71.017,			13.071,			1.133,			0.186
93,	1,	103.0,	71.141,			1.004,			0.202,			0.051
94,	1,	44.0,	71.198,			1.482,			0.18,			0.059
95,	2,	207.0,	71.239,			13.801,			1.335,			0.148
96,	1,	49.0,	71.311,			1.008,			0.164,			0.055
97,	1,	59.0,	71.428,			1.561,			0.286,			0.06
98,	1,	6.0,	71.686,			2.709,			0.139,			0.054
99,	1,	157.0,	71.946,			2.148,			0.207,			0.06
100,	1,	387.0,	72.411,			2.984,			0.177,			0.052
101,	1,	214.0,	72.893,			2.349,			0.161,			0.055
102,	1,	447.0,	73.106,			2.542,			0.149,			0.056
103,	2,	110.0,	73.346,			10.952,			1.064,			0.103
104,	1,	30.0,	73.407,			1.23,			0.293,			0.051
105,	2,	117.0,	73.448,			14.146,			1.07,			0.16
106,	1,	157.0,	73.72,			1.979,			0.131,			0.053
107,	1,	146.0,	74.094,			1.484,			0.256,			0.053
108,	1,	95.0,	74.238,			1.637,			0.214,			0.05
109,	1,	30.0,	74.765,			1.158,			0.106,			0.06
110,	1,	7.0,	74.901,			2.663,			0.216,			0.054
111,	1,	447.0,	75.01,			2.581,			0.131,			0.052
112,	1,	559.0,	75.67,			2.198,			0.292,			0.056
113,	1,	49.0,	75.687,			1.104,			0.201,			0.059
114,	2,	134.0,	76.155,			14.692,			1.357,			0.197
115,	1,	387.0,	76.698,			2.194,			0.287,			0.054
116,	1,	387.0,	76.789,			2.273,			0.251,			0.057
117,	1,	214.0,	77.089,			2.819,			0.164,			0.057
118,	1,	7.0,	78.961,			1.543,			0.248,			0.054
119,	1,	559.0,	79.155,			1.631,			0.252,			0.058
120,	1,	387.0,	79.46,			1.211,			0.206,			0.057
121,	1,	7.0,	79.522,			1.736,			0.279,			0.053
122,	1,	16.0,	80.444,			1.612,			0.254,			0.057
123,	1,	59.0,	80.524,			1.768,			0.12,			0.057
124,	1,	28.0,	80.745,			1.733,			0.295,			0.056
125,	2,	225.0,	80.863,			13.069,			1.176,			0.199
126,	1,	7.0,	80.913,			1.859,			0.276,			0.051
127,	2,	165.0,	81.557,			13.667,			1.322,			0.18
128,	1,	559.0,	81.832,			2.155,			0.165,			0.051
129,	1,	498.0,	82.796,			1.245,			0.108,			0.053
130,	2,	138.0,	83.074,			14.314,			1.491,			0.121
131,	1,	169.0,	83.172,			1.25,			0.268,			0.053
132,	1,	28.0,	83.3,			2.786,			0.175,			0.054
133,	1,	30.0,	83.506,			2.148,			0.174,			0.051
134,	1,	157.0,	83.832,			1.827,			0.283,			0.051
135,	1,	120.0,	84.156,			1.215,			0.239,			0.059
136,	1,	59.0,	84.41,			1.566,			0.165,			0.055
137,	1,	49.0,	84.67,			1.484,			0.206,			0.054
138,	1,	387.0,	85.026,			2.388,			0.234,			0.052
139,	1,	7.0,	85.167,			1.204,			0.101,			0.059
140,	2,	109.0,	85.577,			11.342,			1.465,			0.112
141,	1,	146.0,	85.634,			2.265,			0.152,			0.06
142,	2,	171.0,	85.891,			12.299,			1.433,			0.104
143,	1,	7.0,	85.992,			2.132,			0.113,			0.06
144,	1,	214.0,	86.142,			2.991,			0.226,			0.058
145,	1,	95.0,	87.03,			1.091,			0.288,			0.051
146,	1,	6.0,	87.148,			2.627,			0.212,			0.057
147,	1,	30.0,	87.57,			2.596,			0.299,			0.054
148,	1,	559.0,	87.846,			1.458,			0.29,			0.057
149,	2,	89.0,	87.892,			13.437,			1.438,			0.179
150,	1,	49.0,	88.069,			2.418,			0.108,			0.059
151,	1,	157.0,	88.15,			2.661,			0.254,			0.053
152,	2,	304.0,	88.275,			10.621,			1.457,			0.194
153,	1,	447.0,	88.487,			1.626,			0.185,			0.06
154,	1,	7.0,	88.699,			1.844,			0.256,			0.056
155,	1,	7.0,	89.549,			2.655,			0.285,			0.053
156,	1,	126.0,	90.107,			1.607,			0.294,			0.055
157,	2,	151.0,	90.217,			11.152,			1.102,			0.137
158,	1,	120.0,	90.499,			1.672,			0.168,			0.051
159,	1,	120.0,	90.695,			2.273,			0.117,			0.053
160,	2,	129.0,	91.193,			14.906,			1.082,			0.129
161,	1,	387.0,	91.381,			1.291,			0.225,			0.053
162,	1,	44.0,	91.556,			2.932,			0.149,			0.05
163,	1,	169.0,	91.619,			1.681,			0.138,			0.052
164,	1,	10.0,	91.764,			2.237,			0.172,			0.051
165,	1,	120.0,	92.38,			1.402,			0.218,			0.06
166,	1,	16.0,	92.49,			1.692,			0.232,			0.059
167,	1,	16.0,	92.498,			1.111,			0.146,			0.054
168,	1,	559.0,	92.65,			2.293,			0.177,			0.056
169,	1,	95.0,	92.991,			2.449,			0.255,			0.058
170,	1,	387.0,	93.188,			2.265,			0.235,			0.051
171,	2,	149.0,	93.276,			12.528,			1.199,			0.17
172,	1,	120.0,	93.586,			1.424,			0.116,			0.055
173,	1,	120.0,	93.589,			1.291,			0.12,			0.051
174,	1,	90.0,	93.612,			1.963,			0.267,			0.058
175,	1,	126.0,	94.344,			2.143,			0.272,			0.056
176,	2,	155.0,	94.388,			11.869,			1.03,			0.137
177,	1,	10.0,	94.477,			2.588,			0.193,			0.059
178,	1,	169.0,	94.581,			2.647,			0.294,			0.054
179,	1,	387.0,	95.176,			1.513,			0.145,			0.051
180,	1,	10.0,	95.51,			2.717,			0.112,			0.053
181,	1,	214.0,	95.516,			2.556,			0.195,			0.059
182,	1,	157.0,	96.684,			2.088,			0.225,			0.055
183,	1,	6.0,	96.705,			1.215,			0.165,			0.059
184,	1,	379.0,	96.862,			2.074,			0.215,			0.052
185,	1,	7.0,	96.885,			2.155,			0.275,			0.053
186,	1,	44.0,	97.206,			2.425,			0.263,			0.057
187,	1,	7.0,	97.634,			2.675,			0.299,			0.054
188,	1,	157.0,	97.882,			2.939,			0.245,			0.058
189,	1,	512.0,	98.028,			2.407,			0.206,			0.056
190,	1,	16.0,	98.221,			2.088,			0.2,			0.054
191,	1,	13.0,	98.439,			1.908,			0.213,			0.051
192,	1,	126.0,	98.555,			2.976,			0.142,			0.05
193,	1,	214.0,	98.608,			1.657,			0.269,			0.051
194,	1,	95.0,	98.979,			2.757,			0.202,			0.059
195,	1,	7.0,	99.256,			1.425,			0.155,			0.054
196,	1,	7.0,	99.381,			1.464,			0.297,			0.059
197,	1,	512.0,	99.508,			1.956,			0.121,			0.057
198,	1,	387.0,	99.75,			1.416,			0.284,			0.051
199,	2,	131.0,	99.804,			10.594,			1.065,			0.17
200,	1,	95.0,	99.894,			2.914,			0.141,			0.053
201,	1,	28.0,	100.03,			2.914,			0.244,			0.054
202,	1,	7.0,	100.175,			2.598,			0.199,			0.053
203,	1,	95.0,	100.711,			1.009,			0.267,			0.056
204,	1,	498.0,	100.873,			2.104,			0.156,			0.05
205,	1,	512.0,	101.058,			1.801,			0.214,			0.05
206,	1,	95.0,	101.138,			1.97,			0.238,			0.056
207,	1,	13.0,	102.151,			2.635,			0.23,			0.054
208,	1,	6.0,	102.479,			1.371,			0.222,			0.056
209,	1,	59.0,	102.551,			2.948,			0.29,			0.057
210,	1,	169.0,	102.669,			1.557,			0.284,			0.058
211,	2,	168.0,	102.715,			13.193,			1.163,			0.18
212,	1,	10.0,	102.782,			2.187,			0.134,			0.05
213,	2,	274.0,	102.817,			12.738,			1.101,			0.142
214,	1,	126.0,	102.943,			1.504,			0.186,			0.055
215,	1,	95.0,	103.046,			2.497,			0.188,			0.05
216,	1,	59.0,	103.216,			1.192,			0.117,			0.058
217,	1,	157.0,	103.403,			2.467,			0.198,			0.052
218,	1,	59.0,	103.403,			1.86,			0.111,			0.05
219,	1,	387.0,	103.513,			1.086,			0.283,			0.051
220,	1,	146.0,	103.611,			2.789,			0.109,			0.056
221,	1,	157.0,	103.913,			2.799,			0.284,			0.055
222,	1,	30.0,	104.247,			1.566,			0.224,			0.059
223,	1,	95.0,	104.853,			1.008,			0.295,			0.057
224,	1,	146.0,	105.341,			1.672,			0.292,			0.054
225,	2,	171.0,	105.394,			10.178,			1.397,			0.198
226,	1,	379.0,	105.532,			1.098,			0.111,			0.058
227,	1,	120.0,	105.908,			1.243,			0.128,			0.051
228,	1,	126.0,	105.994,			2.2,			0.136,			0.059
229,	2,	76.0,	106.115,			12.304,			1.196,			0.139
230,	1,	512.0,	106.739,			1.425,			0.119,			0.051
231,	1,	169.0,	106.817,			2.866,			0.146,			0.055
232,	1,	7.0,	106.944,			2.144,			0.152,			0.055
233,	2,	129.0,	107.503,			10.999,			1.128,			0.194
234,	2,	80.0,	107.694,			14.853,			1.07,			0.17
235,	1,	387.0,	108.06,			2.316,			0.267,			0.055
236,	1,	157.0,	108.294,			1.597,			0.299,			0.056
237,	2,	136.0,	108.328,			10.506,			1.247,			0.148
238,	2,	74.0,	108.55,			12.792,			1.146,			0.133
239,	1,	7.0,	108.718,			1.756,			0.206,			0.054
240,	2,	166.0,	108.93,			12.179,			1.43,			0.106
241,	1,	16.0,	109.226,			1.561,			0.254,			0.057
242,	1,	44.0,	109.695,			2.441,			0.133,			0.055
243,	1,	447.0,	109.971,			2.286,			0.222,			0.056
244,	1,	103.0,	109.983,			2.663,			0.139,			0.054
245,	1,	59.0,	110.011,			2.35,			0.107,			0.053
246,	1,	7.0,	110.212,			1.748,			0.128,			0.056
247,	1,	16.0,	110.297,			2.922,			0.142,			0.055
248,	1,	49.0,	110.343,			1.144,			0.295,			0.06
249,	1,	30.0,	110.356,			2.276,			0.135,			0.057
250,	1,	10.0,	110.596,			1.625,			0.247,			0.058
251,	1,	498.0,	110.822,			1.841,			0.23,			0.058
252,	1,	447.0,	111.561,			1.768,			0.209,			0.056
253,	1,	157.0,	111.603,			2.984,			0.204,			0.055
254,	1,	7.0,	111.627,			2.346,			0.193,			0.057
255,	1,	95.0,	111.776,			1.416,			0.198,			0.053
256,	1,	7.0,	112.044,			1.748,			0.276,			0.057
257,	1,	16.0,	112.065,			1.158,			0.114,			0.06
258,	1,	59.0,	112.157,			2.888,			0.297,			0.058
259,	1,	13.0,	112.294,			1.859,			0.234,			0.054
260,	1,	214.0,	112.346,			1.928,			0.282,			0.056
261,	2,	126.0,	112.498,			10.461,			1.102,			0.168
262,	1,	7.0,	112.711,			2.787,			0.215,			0.052
263,	1,	559.0,	112.91,			1.467,			0.185,			0.051
264,	1,	559.0,	113.102,			1.325,			0.21,			0.058
265,	1,	7.0,	113.241,			2.795,			0.131,			0.057
266,	1,	146.0,	113.259,			1.406,			0.138,			0.06
267,	2,	236.0,	113.378,			14.253,			1.073,			0.125
268,	2,	185.0,	113.547,			12.15,			1.187,			0.181
269,	1,	126.0,	113.655,			1.595,			0.292,			0.054
270,	1,	30.0,	114.428,			1.269,			0.274,			0.05
271,	1,	146.0,	114.434,			2.498,			0.129,			0.057
272,	1,	146.0,	114.796,			1.01,			0.146,			0.054
273,	1,	7.0,	114.844,			2.533,			0.273,			0.056
274,	2,	286.0,	114.958,			11.753,			1.015,			0.185
275,	1,	13.0,	115.054,			1.756,			0.299,			0.06
276,	1,	44.0,	115.147,			2.712,			0.169,			0.055
277,	1,	6.0,	115.643,			2.832,			0.248,			0.052
278,	1,	559.0,	115.745,			1.126,			0.28,			0.056
279,	1,	6.0,	115.765,			1.024,			0.266,			0.052
280,	1,	120.0,	115.89,			1.14,			0.166,			0.059
281,	1,	169.0,	115.947,			1.151,			0.168,			0.056
282,	1,	7.0,	115.97,			1.869,			0.21,			0.059
283,	1,	28.0,	116.025,			1.287,			0.226,			0.057
284,	1,	387.0,	116.336,			2.976,			0.266,			0.056
285,	1,	169.0,	116.403,			1.639,			0.123,			0.056
286,	1,	214.0,	116.469,			1.428,			0.244,			0.059
287,	1,	10.0,	116.493,			2.969,			0.159,			0.058
288,	1,	157.0,	116.696,			1.316,			0.123,			0.06
289,	1,	30.0,	117.327,			1.106,			0.228,			0.051
290,	1,	126.0,	117.375,			1.499,			0.297,			0.057
291,	1,	7.0,	117.411,			1.408,			0.186,			0.054
292,	1,	13.0,	117.414,			1.63,			0.212,			0.059
293,	2,	37.0,	117.708,			10.099,			1.099,			0.111
294,	1,	6.0,	117.989,			1.204,			0.267,			0.059
295,	1,	512.0,	118.051,			2.102,			0.217,			0.058
296,	1,	146.0,	118.115,			1.79,			0.225,			0.053
297,	1,	95.0,	118.158,			2.057,			0.109,			0.057
298,	1,	16.0,	118.666,			1.981,			0.139,			0.058
299,	1,	7.0,	119.077,			2.969,			0.198,			0.051
300,	1,	49.0,	119.153,			1.663,			0.228,			0.052
301,	1,	214.0,	119.261,			2.88,			0.287,			0.054
302,	1,	44.0,	119.304,			2.533,			0.226,			0.051
303,	1,	512.0,	119.572,			2.759,			0.285,			0.052
304,	1,	95.0,	119.641,			1.416,			0.124,			0.056
305,	1,	146.0,	119.698,			1.596,			0.158,			0.057
306,	2,	101.0,	119.826,			14.934,			1.285,			0.176
307,	1,	6.0,	119.982,			2.143,			0.136,			0.059
308,	1,	498.0,	120.008,			2.697,			0.13,			0.051
309,	1,	103.0,	120.014,			1.455,			0.29,			0.054
310,	1,	498.0,	120.016,			2.916,			0.117,			0.057
311,	1,	28.0,	120.135,			1.625,			0.218,			0.051
312,	1,	126.0,	120.184,			1.229,			0.297,			0.057
313,	1,	126.0,	120.304,			1.372,			0.105,			0.058
314,	1,	103.0,	120.458,			1.869,			0.199,			0.054
315,	1,	6.0,	120.577,			2.252,			0.228,			0.06
316,	1,	44.0,	120.744,			1.672,			0.214,			0.058
317,	1,	95.0,	120.805,			2.222,			0.231,			0.058
318,	1,	44.0,	121.064,			2.756,			0.284,			0.051
319,	2,	139.0,	121.262,			13.476,			1.075,			0.166
320,	1,	214.0,	121.319,			1.173,			0.109,			0.054
321,	1,	7.0,	121.361,			2.955,			0.143,			0.052
322,	2,	160.0,	121.439,			14.501,			1.25,			0.112
323,	1,	512.0,	121.686,			2.588,			0.162,			0.056
324,	1,	95.0,	121.876,			2.999,			0.242,			0.056
325,	1,	16.0,	122.109,			1.719,			0.255,			0.051
326,	1,	157.0,	122.187,			1.043,			0.123,			0.05
327,	2,	167.0,	122.287,			12.733,			1.349,			0.109
328,	2,	92.0,	122.419,			10.244,			1.304,			0.196
329,	2,	109.0,	122.462,			11.93,			1.223,			0.176
330,	1,	512.0,	123.563,			2.184,			0.234,			0.056
331,	1,	512.0,	124.023,			1.45,			0.217,			0.05
332,	1,	157.0,	124.136,			2.976,			0.209,			0.051
333,	1,	30.0,	124.662,			1.97,			0.139,			0.052
334,	1,	30.0,	125.122,			2.226,			0.201,			0.051
335,	1,	16.0,	125.264,			2.768,			0.285,			0.05
336,	1,	59.0,	125.317,			2.193,			0.16,			0.052
337,	1,	90.0,	125.552,			2.659,			0.168,			0.052
338,	1,	6.0,	125.56,			2.91,			0.281,			0.059
339,	1,	7.0,	126.098,			1.01,			0.283,			0.057
340,	1,	512.0,	126.11,			1.517,			0.25,			0.056
341,	2,	258.0,	126.428,			12.691,			1.166,			0.12
342,	1,	95.0,	126.495,			1.103,			0.273,			0.051
343,	1,	49.0,	126.662,			1.025,			0.114,			0.057
344,	1,	10.0,	126.698,			1.173,			0.2,			0.059
345,	1,	498.0,	127.367,			2.999,			0.267,			0.05
346,	1,	95.0,	127.399,			1.941,			0.167,			0.058
347,	2,	106.0,	127.998,			11.228,			1.065,			0.119
348,	1,	6.0,	128.05,			1.879,			0.243,			0.058
349,	1,	13.0,	128.176,			2.492,			0.12,			0.056
350,	1,	169.0,	128.784,			1.56,			0.15,			0.054
351,	1,	214.0,	129.399,			2.241,			0.175,			0.052
352,	1,	49.0,	129.584,			2.858,			0.16,			0.052
353,	1,	447.0,	129.715,			1.382,			0.233,			0.055
354,	1,	120.0,	129.832,			1.756,			0.174,			0.054
355,	1,	7.0,	130.078,			2.796,			0.279,			0.055
356,	1,	13.0,	130.376,			1.67,			0.214,			0.057
357,	1,	120.0,	130.413,			1.052,			0.272,			0.059
358,	1,	387.0,	130.491,			1.483,			0.289,			0.059
359,	1,	95.0,	130.772,			1.027,			0.124,			0.059
360,	1,	447.0,	130.861,			2.031,			0.188,			0.059
361,	1,	169.0,	131.013,			1.464,			0.152,			0.057
362,	1,	59.0,	131.183,			2.847,			0.174,			0.058
363,	1,	30.0,	131.343,			1.672,			0.202,			0.059
364,	1,	126.0,	131.485,			2.864,			0.164,			0.052
365,	1,	157.0,	131.68,			2.798,			0.284,			0.057
366,	1,	16.0,	131.711,			2.756,			0.262,			0.054
367,	1,	7.0,	131.757,			1.737,			0.176,			0.054
368,	1,	7.0,	131.998,			2.238,			0.272,			0.058
369,	1,	16.0,	132.034,			1.121,			0.136,			0.057
370,	2,	115.0,	132.168,			14.931,			1.491,			0.125
371,	1,	379.0,	132.171,			2.293,			0.298,			0.05
372,	1,	157.0,	132.171,			1.853,			0.234,			0.06
373,	1,	28.0,	132.307,			1.984,			0.177,			0.052
374,	1,	59.0,	132.463,			1.601,			0.22,			0.051
375,	2,	109.0,	132.59,			14.646,			1.227,			0.169
376,	1,	7.0,	132.84,			2.661,			0.129,			0.053
377,	1,	7.0,	132.994,			1.225,			0.285,			0.05
378,	1,	120.0,	133.053,			2.223,			0.203,			0.053
379,	1,	7.0,	133.121,			2.874,			0.223,			0.052
380,	1,	512.0,	133.673,			2.388,			0.212,			0.059
381,	1,	7.0,	133.742,			2.947,			0.283,			0.057
382,	1,	7.0,	133.757,			2.582,			0.154,			0.056
383,	1,	498.0,	133.868,			1.358,			0.217,			0.053
384,	1,	498.0,	134.026,			2.103,			0.241,			0.053
385,	2,	200.0,	134.132,			10.962,			1.447,			0.115
386,	1,	169.0,	134.19,			2.936,			0.217,			0.058
387,	1,	44.0,	134.243,			2.757,			0.284,			0.057
388,	1,	214.0,	134.348,			1.478,			0.156,			0.056
389,	1,	126.0,	134.398,			1.103,			0.272,			0.057
390,	1,	13.0,	134.464,			2.194,			0.297,			0.052
391,	1,	157.0,	134.683,			1.869,			0.282,			0.05
392,	1,	44.0,	135.383,			1.932,			0.281,			0.056
393,	2,	92.0,	135.791,			12.271,			1.055,			0.156
394,	1,	7.0,	135.907,			2.968,			0.203,			0.056
395,	1,	498.0,	135.911,			1.667,			0.177,			0.053
396,	1,	49.0,	136.292,			2.198,			0.296,			0.052
397,	1,	447.0,	136.326,			1.121,			0.166,			0.055
398,	1,	7.0,	136.419,			2.653,			0.284,			0.056
399,	1,	90.0,	136.497,			1.878,			0.278,			0.057
400,	1,	59.0,	136.63,			2.757,			0.127,			0.053
401,	2,	190.0,	136.686,			14.658,			1.176,			0.176
402,	1,	7.0,	136.781,			2.643,			0.296,			0.051
403,	1,	6.0,	136.783,			1.956,			0.215,			0.052
404,	1,	157.0,	136.794,			2.407,			0.116,			0.054
405,	1,	559.0,	137.052,			2.901,			0.172,			0.055
406,	1,	10.0,	137.139,			2.697,			0.232,			0.055
407,	1,	90.0,	137.277,			1.367,			0.161,			0.056
408,	1,	447.0,	137.473,			1.962,			0.114,			0.058
409,	1,	44.0,	137.485,			2.881,			0.219,			0.054
410,	1,	157.0,	137.748,			2.895,			0.192,			0.057
411,	1,	559.0,	137.812,			2.663,			0.2,			0.055
412,	1,	559.0,	138.087,			2.123,			0.16,			0.059
413,	1,	16.0,	138.088,			2.695,			0.289,			0.052
414,	1,	498.0,	138.132,			1.915,			0.111,			0.051
415,	1,	146.0,	138.143,			2.581,			0.236,			0.052
416,	2,	215.0,	138.3,			11.289,			1.23,			0.126
417,	1,	28.0,	138.322,			1.716,			0.133,			0.054
418,	1,	379.0,	138.588,			1.283,			0.208,			0.052
419,	1,	6.0,	139.02,			2.581,			0.217,			0.059
420,	1,	126.0,	139.209,			2.073,			0.12,			0.05
421,	1,	379.0,	139.28,			2.914,			0.252,			0.059
422,	1,	49.0,	139.429,			1.186,			0.168,			0.053
423,	2,	193.0,	139.575,			14.206,			1.333,			0.129
424,	1,	7.0,	139.584,			1.669,			0.174,			0.056
425,	1,	169.0,	139.842,			1.553,			0.286,			0.054
426,	1,	6.0,	140.267,			1.625,			0.267,			0.056
427,	1,	559.0,	140.427,			1.376,			0.103,			0.054
428,	1,	126.0,	140.457,			1.984,			0.141,			0.052
429,	1,	44.0,	140.551,			1.513,			0.288,			0.052
430,	1,	120.0,	140.879,			1.515,			0.214,			0.058
431,	1,	59.0,	140.892,			1.994,			0.114,			0.051
432,	1,	379.0,	141.075,			1.543,			0.219,			0.051
433,	1,	379.0,	141.128,			2.555,			0.162,			0.055
434,	1,	7.0,	141.135,			1.078,			0.208,			0.058
435,	2,	233.0,	141.138,			11.504,			1.05,			0.19
436,	1,	387.0,	141.248,			1.096,			0.185,			0.058
437,	1,	95.0,	141.28,			1.091,			0.133,			0.057
438,	1,	30.0,	141.307,			2.235,			0.14,			0.051
439,	1,	7.0,	141.331,			2.565,			0.263,			0.058
440,	1,	559.0,	141.405,			2.386,			0.159,			0.052
441,	1,	13.0,	141.465,			1.929,			0.214,			0.053
442,	1,	49.0,	141.571,			1.186,			0.187,			0.053
443,	1,	512.0,	141.723,			2.328,			0.272,			0.052
444,	1,	103.0,	141.763,			1.011,			0.142,			0.05
445,	1,	169.0,	142.121,			2.013,			0.266,			0.058
446,	1,	28.0,	142.202,			1.217,			0.147,			0.058
447,	1,	498.0,	142.243,			2.379,			0.253,			0.054
448,	1,	120.0,	142.307,			1.947,			0.249,			0.058
449,	1,	49.0,	142.518,			2.632,			0.134,			0.056
450,	1,	7.0,	142.549,			1.631,			0.206,			0.054
451,	1,	49.0,	142.69,			2.26,			0.23,			0.058
452,	1,	7.0,	142.775,			1.08,			0.257,			0.057
453,	1,	13.0,	142.782,			2.846,			0.22,			0.059
454,	2,	367.0,	142.91,			14.704,			1.116,			0.14
455,	1,	498.0,	143.001,			1.807,			0.249,			0.06
456,	1,	7.0,	143.026,			1.252,			0.281,			0.057
457,	1,	157.0,	143.191,			2.58,			0.156,			0.054
458,	2,	203.0,	143.403,			13.572,			1.124,			0.191
459,	1,	30.0,	143.464,			1.655,			0.201,			0.055
460,	1,	95.0,	143.475,			1.217,			0.234,			0.059
461,	1,	28.0,	143.487,			1.17,			0.177,			0.051
462,	1,	7.0,	143.543,			2.31,			0.104,			0.057
463,	1,	559.0,	143.707,			2.984,			0.211,			0.058
464,	1,	387.0,	143.782,			1.114,			0.239,			0.056
465,	1,	559.0,	143.855,			1.027,			0.235,			0.057
466,	1,	157.0,	144.139,			2.169,			0.104,			0.057
467,	1,	214.0,	144.19,			2.223,			0.146,			0.059
468,	1,	59.0,	144.637,			1.309,			0.161,			0.052
469,	1,	13.0,	145.063,			1.173,			0.116,			0.058
470,	1,	28.0,	145.132,			2.637,			0.146,			0.054
471,	1,	103.0,	145.318,			1.912,			0.271,			0.058
472,	1,	95.0,	145.415,			2.092,			0.237,			0.052
473,	1,	157.0,	145.457,			2.438,			0.226,			0.055
474,	2,	175.0,	145.53,			10.178,			1.297,			0.187
475,	1,	44.0,	145.551,			1.26,			0.163,			0.058
476,	1,	7.0,	145.718,			2.991,			0.233,			0.057
477,	1,	146.0,	145.895,			1.653,			0.172,			0.051
478,	1,	59.0,	146.044,			1.316,			0.123,			0.051
479,	2,	126.0,	146.122,			11.125,			1.065,			0.127
480,	1,	387.0,	146.474,			2.659,			0.174,			0.053
481,	2,	163.0,	146.48,			14.197,			1.192,			0.14
482,	1,	7.0,	146.673,			1.431,			0.242,			0.057
483,	2,	201.0,	146.774,			12.162,			1.477,			0.136
484,	1,	214.0,	146.872,			2.819,			0.154,			0.055
485,	2,	58.0,	147.01,			11.85,			1.304,			0.194
486,	1,	498.0,	147.275,			2.187,			0.157,			0.052
487,	1,	30.0,	147.344,			2.096,			0.176,			0.059
488,	1,	30.0,	147.378,			1.406,			0.277,			0.053
489,	1,	16.0,	147.392,			1.554,			0.288,			0.051
490,	1,	512.0,	147.548,			1.869,			0.186,			0.055
491,	1,	59.0,	147.56,			2.063,			0.185,			0.054
492,	1,	120.0,	147.712,			2.098,			0.127,			0.057
493,	1,	103.0,	147.93,			1.826,			0.117,			0.051
494,	1,	559.0,	147.945,			2.663,			0.11,			0.052
495,	1,	214.0,	148.005,			2.36,			0.231,			0.057
496,	1,	120.0,	148.377,			1.663,			0.269,			0.06
497,	1,	30.0,	148.568,			2.955,			0.193,			0.053
498,	2,	154.0,	148.57,			11.002,			1.003,			0.107
499,	2,	175.0,	148.663,			10.863,			1.258,			0.149
500,	1,	7.0,	148.74,			1.204,			0.109,			0.051
501,	1,	16.0,	148.749,			1.841,			0.107,			0.05
502,	1,	169.0,	149.03,			2.847,			0.254,			0.059
503,	1,	95.0,	149.081,			2.057,			0.249,			0.054
504,	1,	120.0,	149.217,			2.8,			0.138,			0.058
505,	1,	28.0,	149.287,			2.548,			0.101,			0.059
506,	1,	7.0,	149.363,			1.64,			0.167,			0.06
507,	1,	103.0,	149.367,			1.62,			0.125,			0.057
508,	2,	147.0,	149.553,			14.786,			1.058,			0.167
509,	1,	44.0,	149.88,			1.252,			0.297,			0.053
510,	1,	103.0,	149.956,			1.761,			0.14,			0.059
511,	1,	90.0,	150.025,			2.01,			0.136,			0.059
512,	1,	6.0,	150.17,			2.972,			0.17,			0.055
513,	1,	498.0,	150.338,			1.848,			0.299,			0.058
514,	1,	214.0,	150.421,			1.869,			0.206,			0.06
515,	2,	169.0,	150.479,			13.268,			1.208,			0.112
516,	1,	146.0,	150.737,			1.988,			0.254,			0.06
517,	1,	387.0,	150.779,			1.962,			0.16,			0.051
518,	1,	169.0,	150.791,			1.018,			0.239,			0.051
519,	2,	148.0,	151.142,			13.79,			1.146,			0.178
520,	1,	498.0,	151.324,			1.731,			0.19,			0.057
521,	1,	13.0,	151.801,			1.69,			0.113,			0.052
522,	1,	379.0,	151.901,			2.834,			0.294,			0.051
523,	1,	10.0,	152.036,			2.874,			0.246,			0.05
524,	1,	13.0,	152.167,			1.095,			0.192,			0.054
525,	2,	106.0,	152.304,			11.39,			1.086,			0.194
526,	1,	7.0,	152.396,			1.776,			0.175,			0.054
527,	1,	10.0,	152.43,			1.484,			0.225,			0.052
528,	1,	6.0,	152.623,			1.096,			0.2,			0.053
529,	1,	44.0,	152.637,			1.601,			0.19,			0.058
530,	1,	90.0,	153.152,			1.044,			0.194,			0.056
531,	1,	103.0,	153.168,			2.219,			0.143,			0.052
532,	1,	16.0,	153.299,			1.425,			0.138,			0.06
533,	1,	95.0,	153.31,			1.448,			0.183,			0.054
534,	1,	512.0,	153.715,			1.169,			0.2,			0.057
535,	1,	90.0,	154.013,			2.663,			0.269,			0.053
536,	1,	44.0,	154.376,			2.647,			0.172,			0.05
537,	1,	10.0,	154.406,			2.491,			0.123,			0.055
538,	1,	44.0,	154.729,			2.832,			0.187,			0.057
539,	1,	146.0,	154.737,			1.977,			0.133,			0.053
540,	1,	30.0,	154.782,			2.686,			0.103,			0.058
541,	1,	7.0,	154.789,			2.226,			0.12,			0.051
542,	1,	146.0,	154.902,			2.133,			0.234,			0.056
543,	1,	447.0,	154.96,			2.976,			0.108,			0.051
544,	1,	387.0,	155.233,			2.133,			0.128,			0.056
545,	1,	6.0,	155.571,			2.22,			0.223,			0.054
546,	1,	103.0,	156.009,			2.819,			0.208,			0.06
547,	1,	7.0,	156.084,			2.225,			0.234,			0.059
548,	1,	30.0,	156.115,			2.298,			0.14,			0.055
549,	1,	10.0,	156.312,			2.034,			0.292,			0.055
550,	1,	387.0,	156.351,			1.783,			0.239,			0.053
551,	1,	120.0,	156.445,			2.772,			0.285,			0.058
552,	1,	7.0,	156.583,			1.26,			0.151,			0.054
553,	1,	30.0,	156.635,			2.318,			0.141,			0.059
554,	1,	126.0,	156.668,			1.915,			0.237,			0.055
555,	1,	214.0,	156.697,			2.903,			0.289,			0.05
556,	2,	63.0,	156.724,			12.527,			1.493,			0.19
557,	1,	95.0,	156.743,			2.034,			0.114,			0.057
558,	1,	44.0,	156.783,			1.158,			0.202,			0.056
559,	1,	7.0,	157.283,			2.858,			0.268,			0.058
560,	1,	214.0,	157.341,			2.425,			0.22,			0.052
561,	1,	7.0,	157.498,			2.429,			0.106,			0.053
562,	1,	44.0,	157.571,			1.035,			0.246,			0.055
563,	1,	7.0,	157.62,			1.826,			0.292,			0.056
564,	1,	146.0,	157.74,			1.535,			0.174,			0.058
565,	1,	512.0,	158.096,			1.141,			0.214,			0.056
566,	1,	59.0,	158.19,			1.305,			0.179,			0.056
567,	1,	49.0,	158.359,			1.996,			0.136,			0.051
568,	1,	103.0,	158.483,			2.556,			0.281,			0.051
569,	1,	126.0,	158.657,			1.46,			0.284,			0.055
570,	1,	59.0,	158.902,			2.727,			0.205,			0.056
571,	1,	90.0,	158.916,			2.194,			0.104,			0.054
572,	1,	559.0,	159.178,			2.384,			0.103,			0.053
573,	1,	379.0,	159.189,			1.158,			0.106,			0.053
574,	1,	120.0,	159.346,			2.632,			0.118,			0.058
575,	1,	103.0,	159.434,			1.277,			0.285,			0.056
576,	1,	7.0,	159.571,			1.356,			0.14,			0.06
577,	1,	498.0,	159.943,			2.888,			0.107,			0.058
578,	1,	379.0,	159.972,			1.864,			0.141,			0.051
579,	1,	7.0,	160.015,			1.9,			0.172,			0.06
580,	1,	7.0,	160.204,			1.515,			0.112,			0.054
581,	1,	379.0,	160.571,			1.757,			0.126,			0.051
582,	1,	49.0,	160.607,			2.588,			0.254,			0.058
583,	1,	103.0,	160.908,			2.628,			0.202,			0.059
584,	2,	191.0,	161.044,			10.72,			1.46,			0.188
585,	1,	90.0,	161.553,			2.645,			0.197,			0.057
586,	1,	387.0,	162.032,			1.558,			0.133,			0.053
587,	1,	169.0,	162.096,			1.838,			0.142,			0.058
588,	1,	6.0,	162.298,			1.589,			0.195,			0.058
589,	1,	126.0,	162.34,			2.525,			0.144,			0.059
590,	2,	141.0,	162.368,			12.835,			1.259,			0.107
591,	1,	7.0,	163.014,			1.371,			0.236,			0.057
592,	1,	13.0,	163.06,			1.35,			0.203,			0.053
593,	1,	49.0,	163.08,			1.994,			0.207,			0.054
594,	1,	13.0,	163.094,			1.07,			0.27,			0.056
595,	1,	214.0,	163.096,			2.19,			0.272,			0.059
596,	1,	6.0,	163.257,			1.587,			0.159,			0.056
597,	1,	28.0,	163.275,			2.407,			0.289,			0.052
598,	1,	16.0,	163.335,			1.541,			0.159,			0.053
599,	1,	13.0,	163.597,			2.893,			0.209,			0.057
600,	1,	6.0,	163.828,			2.914,			0.197,			0.058
601,	2,	89.0,	163.838,			14.43,			1.379,			0.148
602,	1,	7.0,	164.02,			2.865,			0.272,			0.057
603,	1,	498.0,	164.131,			1.811,			0.106,			0.052
604,	1,	44.0,	164.232,			2.398,			0.249,			0.053
605,	1,	28.0,	164.28,			2.025,			0.198,			0.057
606,	1,	44.0,	164.331,			2.932,			0.134,			0.051
607,	1,	7.0,	164.353,			1.141,			0.203,			0.052
608,	1,	7.0,	164.444,			1.269,			0.275,			0.054
609,	1,	13.0,	164.825,			2.424,			0.226,			0.057
610,	1,	44.0,	164.865,			2.945,			0.129,			0.053
611,	1,	120.0,	164.938,			1.709,			0.17,			0.052
612,	2,	214.0,	165.062,			12.703,			1.285,			0.195
613,	2,	158.0,	165.307,			13.225,			1.189,			0.139
614,	1,	120.0,	165.464,			2.621,			0.295,			0.06
615,	1,	157.0,	165.497,			1.848,			0.18,			0.055
616,	1,	7.0,	165.665,			2.379,			0.14,			0.058
617,	1,	30.0,	165.773,			2.565,			0.123,			0.06
618,	1,	512.0,	165.955,			2.328,			0.186,			0.053
619,	1,	28.0,	165.972,			1.786,			0.172,			0.05
620,	1,	157.0,	165.976,			1.878,			0.134,			0.056
621,	1,	214.0,	166.115,			2.999,			0.215,			0.059
622,	1,	44.0,	166.12,			1.158,			0.17,			0.051
623,	2,	83.0,	166.183,			13.587,			1.456,			0.159
624,	1,	7.0,	166.189,			2.984,			0.113,			0.06
625,	1,	6.0,	166.342,			2.18,			0.104,			0.053
626,	1,	379.0,	166.373,			1.455,			0.184,			0.057
627,	1,	103.0,	166.416,			2.675,			0.104,			0.05
628,	1,	214.0,	166.786,			1.72,			0.251,			0.059
629,	1,	90.0,	167.025,			1.153,			0.273,			0.058
630,	1,	90.0,	167.039,			2.885,			0.239,			0.057
631,	1,	7.0,	167.123,			2.415,			0.129,			0.054
632,	1,	447.0,	167.461,			2.761,			0.181,			0.056
633,	1,	6.0,	167.556,			1.14,			0.169,			0.057
634,	1,	7.0,	167.805,			1.442,			0.166,			0.055
635,	1,	7.0,	168.302,			2.622,			0.124,			0.056
636,	1,	7.0,	168.614,			1.667,			0.133,			0.05
637,	1,	379.0,	168.658,			1.662,			0.298,			0.054
638,	2,	155.0,	168.927,			13.79,			1.275,			0.109
639,	1,	512.0,	169.052,			1.956,			0.11,			0.057
640,	1,	120.0,	169.235,			1.343,			0.205,			0.052
641,	1,	103.0,	169.415,			2.346,			0.116,			0.057
642,	1,	146.0,	169.428,			2.407,			0.228,			0.057
643,	2,	125.0,	169.485,			14.743,			1.208,			0.145
644,	1,	7.0,	169.614,			2.864,			0.275,			0.059
645,	1,	126.0,	169.802,			2.827,			0.145,			0.06
646,	1,	30.0,	169.985,			2.366,			0.159,			0.051
647,	2,	227.0,	170.105,			14.132,			1.094,			0.125
648,	1,	126.0,	170.181,			1.489,			0.137,			0.06
649,	2,	225.0,	170.255,			12.275,			1.409,			0.179
650,	1,	103.0,	170.508,			1.715,			0.163,			0.054
651,	1,	103.0,	171.088,			2.055,			0.152,			0.059
652,	1,	379.0,	171.308,			2.645,			0.25,			0.054
653,	1,	6.0,	171.508,			1.914,			0.252,			0.06
654,	1,	30.0,	171.757,			1.517,			0.187,			0.052
655,	1,	30.0,	171.768,			2.96,			0.158,			0.05
656,	1,	44.0,	171.821,			2.02,			0.278,			0.053
657,	1,	169.0,	171.854,			1.643,			0.277,			0.059
658,	1,	16.0,	171.976,			1.107,			0.167,			0.059
659,	1,	157.0,	172.007,			1.425,			0.292,			0.057
660,	1,	7.0,	172.148,			2.316,			0.185,			0.052
661,	1,	157.0,	172.75,			1.441,			0.124,			0.053
662,	1,	7.0,	172.968,			1.821,			0.144,			0.052
663,	1,	13.0,	173.074,			2.675,			0.245,			0.06
664,	1,	30.0,	173.169,			1.191,			0.162,			0.06
665,	2,	30.0,	173.213,			11.69,			1.39,			0.117
666,	1,	146.0,	173.356,			2.273,			0.244,			0.06
667,	1,	146.0,	173.495,			2.874,			0.142,			0.056
668,	1,	44.0,	173.744,			2.651,			0.277,			0.051
669,	1,	6.0,	173.754,			2.525,			0.227,			0.056
670,	1,	13.0,	173.759,			1.204,			0.185,			0.05
671,	1,	49.0,	174.072,			2.11,			0.299,			0.051
672,	1,	6.0,	174.163,			1.531,			0.16,			0.06
673,	1,	157.0,	174.195,			1.531,			0.281,			0.055
674,	1,	13.0,	174.54,			2.235,			0.174,			0.052
675,	1,	7.0,	174.872,			2.133,			0.207,			0.054
676,	1,	157.0,	174.969,			1.698,			0.229,			0.057
677,	1,	44.0,	175.02,			1.655,			0.214,			0.056
678,	1,	387.0,	175.379,			2.673,			0.177,			0.057
679,	2,	77.0,	175.86,			11.598,			1.453,			0.149
680,	1,	157.0,	175.982,			2.26,			0.215,			0.057
681,	1,	49.0,	176.381,			1.756,			0.165,			0.057
682,	1,	447.0,	176.443,			1.633,			0.114,			0.057
683,	1,	30.0,	176.66,			1.009,			0.11,			0.051
684,	1,	6.0,	176.729,			2.789,			0.251,			0.055
685,	1,	387.0,	176.916,			1.45,			0.294,			0.055
686,	1,	49.0,	177.266,			1.007,			0.116,			0.056
687,	1,	44.0,	177.471,			2.945,			0.201,			0.053
688,	1,	512.0,	177.474,			1.703,			0.149,			0.06
689,	1,	146.0,	177.498,			2.947,			0.162,			0.053
690,	1,	13.0,	178.064,			2.522,			0.202,			0.057
691,	1,	30.0,	178.157,			2.28,			0.182,			0.057
692,	2,	280.0,	178.442,			12.787,			1.444,			0.179
693,	1,	30.0,	178.516,			1.105,			0.251,			0.051
694,	1,	44.0,	178.523,			1.657,			0.27,			0.053
695,	1,	44.0,	178.554,			2.991,			0.188,			0.057
696,	1,	379.0,	178.653,			2.155,			0.135,			0.05
697,	1,	49.0,	178.681,			2.222,			0.189,			0.057
698,	1,	13.0,	178.719,			1.009,			0.298,			0.053
699,	1,	90.0,	178.75,			2.686,			0.241,			0.055
700,	1,	103.0,	178.816,			1.76,			0.122,			0.052
701,	1,	16.0,	178.882,			1.516,			0.129,			0.06
702,	1,	59.0,	179.014,			2.273,			0.251,			0.058
703,	1,	44.0,	179.058,			2.832,			0.116,			0.054
704,	1,	49.0,	179.202,			2.576,			0.14,			0.057
705,	1,	16.0,	179.322,			2.088,			0.162,			0.051
706,	1,	7.0,	179.481,			1.756,			0.114,			0.052
707,	1,	559.0,	179.669,			1.096,			0.268,			0.051
708,	1,	498.0,	179.89,			1.111,			0.147,			0.055
709,	1,	44.0,	179.986,			1.73,			0.107,			0.057
710,	1,	169.0,	180.001,			2.983,			0.178,			0.051
711,	1,	44.0,	180.477,			1.688,			0.288,			0.055
712,	1,	126.0,	180.504,			1.731,			0.125,			0.055
713,	1,	447.0,	180.535,			2.034,			0.203,			0.059
714,	1,	7.0,	180.639,			2.92,			0.202,			0.056
715,	1,	169.0,	180.892,			1.241,			0.233,			0.055
716,	1,	44.0,	180.937,			2.874,			0.231,			0.057
717,	1,	7.0,	181.123,			1.291,			0.234,			0.053
718,	1,	498.0,	181.163,			2.346,			0.288,			0.053
719,	1,	44.0,	181.549,			2.935,			0.2,			0.052
720,	1,	379.0,	181.554,			1.942,			0.272,			0.056
721,	1,	7.0,	181.631,			1.729,			0.277,			0.053
722,	1,	7.0,	181.785,			2.627,			0.254,			0.051
723,	1,	146.0,	181.792,			2.273,			0.149,			0.057
724,	1,	559.0,	182.014,			1.162,			0.195,			0.059
725,	2,	338.0,	182.072,			10.016,			1.409,			0.195
726,	1,	498.0,	182.321,			2.19,			0.146,			0.059
727,	1,	498.0,	182.435,			1.876,			0.195,			0.052
728,	1,	498.0,	182.508,			2.706,			0.297,			0.052
729,	1,	498.0,	182.641,			2.08,			0.162,			0.055
730,	1,	7.0,	182.945,			1.653,			0.239,			0.059
731,	1,	13.0,	183.001,			2.628,			0.29,			0.057
732,	1,	157.0,	183.105,			2.895,			0.262,			0.052
733,	1,	90.0,	183.126,			1.078,			0.194,			0.054
734,	1,	7.0,	183.21,			1.146,			0.295,			0.052
735,	1,	7.0,	183.256,			1.473,			0.204,			0.055
736,	1,	28.0,	183.382,			1.106,			0.198,			0.059
737,	1,	7.0,	183.578,			1.566,			0.292,			0.053
738,	1,	214.0,	183.973,			2.047,			0.252,			0.057
739,	1,	7.0,	183.976,			1.642,			0.106,			0.051
740,	1,	30.0,	184.719,			2.522,			0.282,			0.056
741,	1,	95.0,	184.923,			2.751,			0.113,			0.05
742,	1,	59.0,	184.943,			2.438,			0.123,			0.056
743,	1,	447.0,	185.147,			2.276,			0.26,			0.051
744,	1,	559.0,	185.784,			1.991,			0.22,			0.056
745,	1,	44.0,	185.792,			1.73,			0.152,			0.055
746,	1,	30.0,	186.135,			2.03,			0.221,			0.058
747,	1,	16.0,	186.246,			2.544,			0.167,			0.052
748,	1,	447.0,	186.357,			1.07,			0.277,			0.053
749,	1,	7.0,	186.613,			1.515,			0.247,			0.059
750,	1,	126.0,	186.746,			2.634,			0.166,			0.058
751,	1,	28.0,	187.108,			2.157,			0.134,			0.059
752,	1,	95.0,	187.135,			1.736,			0.21,			0.051
753,	2,	147.0,	187.179,			11.92,			1.396,			0.145
754,	1,	44.0,	187.473,			1.111,			0.288,			0.05
755,	1,	7.0,	188.282,			1.515,			0.207,			0.06
756,	1,	6.0,	188.324,			1.548,			0.236,			0.056
757,	2,	190.0,	188.658,			12.132,			1.242,			0.105
758,	1,	95.0,	188.846,			1.642,			0.172,			0.058
759,	1,	103.0,	188.889,			1.111,			0.215,			0.053
760,	1,	103.0,	188.968,			2.896,			0.26,			0.057
761,	2,	155.0,	189.218,			11.611,			1.065,			0.119
762,	1,	559.0,	189.264,			1.406,			0.117,			0.055
763,	1,	169.0,	189.282,			1.03,			0.235,			0.054
764,	1,	103.0,	189.339,			2.378,			0.233,			0.053
765,	1,	157.0,	189.346,			2.379,			0.104,			0.055
766,	1,	214.0,	189.753,			2.407,			0.13,			0.051
767,	1,	120.0,	189.81,			1.304,			0.234,			0.055
768,	2,	113.0,	190.025,			13.874,			1.449,			0.112
769,	2,	100.0,	190.444,			12.661,			1.191,			0.19
770,	2,	101.0,	190.7,			14.942,			1.175,			0.162
771,	2,	183.0,	190.991,			12.296,			1.075,			0.164
772,	1,	7.0,	191.064,			1.056,			0.165,			0.057
773,	1,	28.0,	191.109,			1.004,			0.14,			0.054
774,	1,	498.0,	191.289,			2.175,			0.247,			0.051
775,	1,	59.0,	191.365,			2.223,			0.164,			0.057
776,	1,	10.0,	191.393,			1.296,			0.272,			0.053
777,	1,	6.0,	191.8,			1.86,			0.299,			0.054
778,	2,	106.0,	191.802,			14.36,			1.438,			0.138
779,	1,	126.0,	191.884,			1.186,			0.233,			0.054
780,	1,	7.0,	191.888,			2.932,			0.133,			0.058
781,	1,	157.0,	192.058,			1.091,			0.205,			0.056
782,	2,	174.0,	192.067,			13.092,			1.461,			0.164
783,	1,	13.0,	192.377,			2.622,			0.279,			0.051
784,	1,	214.0,	192.604,			1.597,			0.258,			0.051
785,	1,	169.0,	192.721,			2.525,			0.15,			0.06
786,	1,	512.0,	193.151,			2.441,			0.199,			0.06
787,	1,	59.0,	193.179,			1.425,			0.111,			0.059
788,	1,	6.0,	193.526,			2.991,			0.244,			0.057
789,	2,	217.0,	193.679,			11.696,			1.351,			0.151
790,	1,	28.0,	193.756,			1.4,			0.191,			0.057
791,	1,	90.0,	193.977,			2.034,			0.281,			0.051
792,	1,	6.0,	194.01,			2.454,			0.202,			0.052
793,	2,	238.0,	194.32,			11.881,			1.119,			0.114
794,	1,	16.0,	194.388,			1.663,			0.125,			0.052
795,	1,	49.0,	194.58,			2.238,			0.121,			0.056
796,	1,	6.0,	195.271,			2.681,			0.226,			0.06
797,	1,	44.0,	195.599,			2.102,			0.195,			0.059
798,	1,	7.0,	195.816,			1.052,			0.174,			0.055
799,	1,	49.0,	195.948,			2.279,			0.15,			0.053
800,	1,	7.0,	196.27,			2.038,			0.203,			0.055
801,	1,	13.0,	196.331,			2.581,			0.152,			0.059
802,	1,	44.0,	196.451,			1.08,			0.165,			0.053
803,	2,	156.0,	196.512,			10.837,			1.303,			0.166
804,	1,	7.0,	196.745,			1.489,			0.177,			0.055
805,	2,	131.0,	196.825,			14.528,			1.492,			0.113
806,	1,	16.0,	196.827,			1.096,			0.151,			0.053
807,	1,	7.0,	197.113,			1.631,			0.2,			0.052
808,	1,	7.0,	197.559,			2.1,			0.231,			0.055
809,	1,	59.0,	197.951,			1.413,			0.186,			0.052
810,	1,	7.0,	198.15,			1.091,			0.111,			0.057
811,	1,	16.0,	198.398,			2.198,			0.277,			0.052
812,	1,	13.0,	198.476,			2.324,			0.121,			0.057
813,	1,	120.0,	199.056,			2.616,			0.187,			0.052
814,	1,	498.0,	199.602,			1.153,			0.27,			0.057
815,	1,	379.0,	199.84,			2.057,			0.137,			0.058
816,	1,	126.0,	199.876,			2.643,			0.133,			0.057
817,	1,	498.0,	199.897,			1.061,			0.222,			0.053
818,	1,	28.0,	200.222,			2.398,			0.206,			0.054
819,	1,	7.0,	200.972,			2.143,			0.281,			0.057
820,	2,	168.0,	201.02,			11.265,			1.276,			0.164
821,	1,	7.0,	201.025,			1.083,			0.131,			0.053
822,	1,	13.0,	201.208,			2.647,			0.119,			0.056
823,	1,	7.0,	201.363,			2.1,			0.116,			0.056
824,	1,	10.0,	201.367,			2.655,			0.185,			0.059
825,	1,	157.0,	201.698,			1.694,			0.284,			0.058
826,	1,	44.0,	202.044,			2.768,			0.298,			0.051
827,	1,	387.0,	202.108,			1.204,			0.277,			0.055
828,	1,	126.0,	202.169,			1.26,			0.147,			0.054
829,	1,	214.0,	202.465,			1.038,			0.151,			0.057
830,	2,	197.0,	202.577,			11.993,			1.086,			0.176
831,	1,	7.0,	202.83,			2.691,			0.174,			0.058
832,	1,	103.0,	203.0,			1.343,			0.184,			0.054
833,	1,	387.0,	203.233,			2.576,			0.15,			0.058
834,	1,	387.0,	203.409,			2.425,			0.183,			0.058
835,	1,	7.0,	203.427,			1.044,			0.125,			0.052
836,	2,	111.0,	203.662,			10.669,			1.39,			0.126
837,	1,	214.0,	203.974,			1.411,			0.125,			0.059
838,	1,	13.0,	204.553,			2.18,			0.242,			0.059
839,	1,	44.0,	204.597,			2.223,			0.185,			0.057
840,	2,	162.0,	205.279,			14.114,			1.03,			0.155
841,	1,	95.0,	205.791,			1.701,			0.292,			0.054
842,	1,	16.0,	205.922,			1.03,			0.125,			0.06
843,	1,	447.0,	206.07,			1.728,			0.227,			0.054
844,	1,	95.0,	206.73,			1.73,			0.113,			0.052
845,	1,	120.0,	206.751,			1.505,			0.116,			0.051
846,	1,	10.0,	206.884,			2.862,			0.193,			0.055
847,	1,	447.0,	206.887,			1.651,			0.162,			0.053
848,	1,	6.0,	207.269,			2.799,			0.281,			0.057
849,	1,	387.0,	207.371,			1.402,			0.238,			0.051
850,	1,	379.0,	207.811,			2.819,			0.238,			0.055
851,	2,	195.0,	208.093,			14.969,			1.497,			0.142
852,	1,	95.0,	208.315,			2.09,			0.244,			0.052
853,	2,	112.0,	208.741,			10.036,			1.017,			0.188
854,	1,	13.0,	209.547,			1.784,			0.236,			0.05
855,	1,	103.0,	209.565,			1.653,			0.239,			0.056
856,	1,	7.0,	209.774,			2.098,			0.249,			0.051
857,	2,	110.0,	210.247,			14.492,			1.248,			0.145
858,	1,	7.0,	210.723,			1.728,			0.294,			0.057
859,	1,	30.0,	210.892,			1.076,			0.135,			0.058
860,	2,	122.0,	211.223,			11.036,			1.176,			0.198
861,	2,	185.0,	211.526,			13.437,			1.015,			0.189
862,	1,	6.0,	212.01,			1.631,			0.195,			0.055
863,	1,	146.0,	212.495,			1.981,			0.217,			0.053
864,	1,	44.0,	212.951,			1.443,			0.125,			0.053
865,	1,	44.0,	213.175,			1.515,			0.246,			0.06
866,	1,	7.0,	213.352,			2.18,			0.243,			0.053
867,	1,	126.0,	213.539,			2.91,			0.253,			0.057
868,	1,	146.0,	213.754,			2.084,			0.226,			0.056
869,	2,	83.0,	214.176,			10.4,			1.159,			0.19
870,	2,	242.0,	214.498,			14.576,			1.186,			0.171
871,	1,	498.0,	215.301,			2.999,			0.231,			0.053
872,	1,	447.0,	215.378,			2.984,			0.205,			0.054
873,	1,	169.0,	215.526,			1.844,			0.14,			0.051
874,	1,	120.0,	215.637,			2.2,			0.201,			0.056
875,	2,	176.0,	216.237,			13.743,			1.438,			0.18
876,	1,	512.0,	216.297,			1.941,			0.21,			0.052
877,	1,	49.0,	216.35,			1.682,			0.249,			0.057
878,	1,	379.0,	216.671,			2.302,			0.114,			0.057
879,	1,	90.0,	216.843,			1.051,			0.16,			0.052
880,	1,	59.0,	217.009,			2.711,			0.215,			0.054
881,	1,	16.0,	217.307,			2.18,			0.237,			0.051
882,	1,	30.0,	217.364,			1.356,			0.243,			0.056
883,	1,	6.0,	217.409,			2.057,			0.154,			0.051
884,	1,	379.0,	217.512,			1.309,			0.189,			0.052
885,	2,	137.0,	217.554,			13.298,			1.198,			0.135
886,	2,	101.0,	217.592,			13.973,			1.442,			0.174
887,	1,	44.0,	217.984,			1.669,			0.136,			0.058
888,	1,	59.0,	218.009,			1.639,			0.263,			0.058
889,	1,	10.0,	218.161,			1.642,			0.183,			0.056
890,	2,	81.0,	218.228,			13.837,			1.171,			0.105
891,	1,	6.0,	218.402,			2.047,			0.136,			0.052
892,	2,	311.0,	218.442,			10.921,			1.326,			0.122
893,	1,	90.0,	219.755,			2.974,			0.146,			0.058
894,	1,	498.0,	220.153,			2.727,			0.109,			0.054
895,	1,	7.0,	220.707,			2.651,			0.215,			0.053
896,	1,	7.0,	221.947,			2.553,			0.186,			0.057
897,	2,	356.0,	222.066,			13.162,			1.22,			0.114
898,	1,	7.0,	222.072,			2.669,			0.241,			0.056
899,	1,	387.0,	222.225,			1.325,			0.134,			0.053
900,	1,	44.0,	222.552,			1.482,			0.255,			0.052
901,	1,	13.0,	222.654,			1.61,			0.166,			0.053
902,	1,	447.0,	223.334,			2.454,			0.227,			0.058
903,	1,	103.0,	223.403,			2.684,			0.289,			0.055
904,	2,	235.0,	223.886,			13.135,			1.046,			0.163
905,	1,	7.0,	224.181,			1.825,			0.298,			0.054
906,	1,	7.0,	224.313,			2.548,			0.22,			0.056
907,	1,	7.0,	224.986,			1.141,			0.263,			0.059
908,	2,	178.0,	225.232,			13.456,			1.111,			0.18
909,	1,	146.0,	225.264,			2.114,			0.187,			0.053
910,	2,	117.0,	225.402,			13.801,			1.35,			0.146
911,	1,	28.0,	226.033,			1.84,			0.275,			0.054
912,	1,	95.0,	226.308,			2.691,			0.246,			0.058
913,	2,	276.0,	226.638,			14.245,			1.1,			0.125
914,	1,	157.0,	226.71,			2.862,			0.173,			0.051
915,	1,	120.0,	227.677,			1.009,			0.167,			0.054
916,	1,	387.0,	227.743,			2.407,			0.128,			0.057
917,	1,	16.0,	228.412,			1.115,			0.174,			0.058
918,	1,	447.0,	228.416,			2.645,			0.154,			0.051
919,	1,	90.0,	228.626,			1.722,			0.156,			0.052
920,	1,	49.0,	229.915,			1.932,			0.152,			0.058
921,	1,	7.0,	229.952,			2.491,			0.288,			0.054
922,	2,	157.0,	230.058,			11.727,			1.35,			0.131
923,	2,	104.0,	230.574,			12.608,			1.437,			0.167
924,	2,	80.0,	231.02,			13.961,			1.268,			0.169
925,	2,	148.0,	231.232,			13.794,			1.279,			0.102
926,	1,	157.0,	231.423,			1.756,			0.283,			0.057
927,	1,	28.0,	231.585,			1.756,			0.277,			0.057
928,	1,	7.0,	232.168,			2.759,			0.275,			0.057
929,	1,	49.0,	232.422,			1.305,			0.221,			0.051
930,	1,	95.0,	232.752,			2.879,			0.241,			0.058
931,	1,	6.0,	233.349,			2.323,			0.287,			0.051
932,	2,	69.0,	233.556,			11.289,			1.162,			0.145
933,	1,	95.0,	234.807,			1.071,			0.192,			0.058
934,	1,	387.0,	235.786,			1.151,			0.119,			0.054
935,	1,	7.0,	235.791,			1.62,			0.145,			0.051
936,	1,	512.0,	236.699,			2.448,			0.133,			0.052
937,	1,	28.0,	237.482,			1.486,			0.235,			0.056
938,	2,	115.0,	238.46,			13.396,			1.103,			0.125
939,	1,	214.0,	239.124,			1.247,			0.24,			0.052
940,	1,	16.0,	239.382,			2.116,			0.295,			0.052
941,	2,	169.0,	239.454,			10.255,			1.108,			0.162
942,	2,	63.0,	240.112,			13.718,			1.109,			0.17
943,	1,	13.0,	241.374,			1.716,			0.284,			0.051
944,	1,	103.0,	241.761,			2.618,			0.207,			0.056
945,	1,	559.0,	242.428,			2.947,			0.288,			0.058
946,	2,	132.0,	242.547,			13.681,			1.261,			0.179
947,	1,	498.0,	242.799,			2.843,			0.233,			0.056
948,	1,	7.0,	242.814,			1.038,			0.137,			0.057
949,	1,	6.0,	243.235,			1.03,			0.244,			0.059
950,	1,	512.0,	244.3,			2.673,			0.101,			0.059
951,	1,	214.0,	245.35,			2.379,			0.298,			0.05
952,	2,	143.0,	245.446,			11.668,			1.275,			0.119
953,	1,	126.0,	247.192,			2.549,			0.15,			0.054
954,	1,	13.0,	247.195,			2.232,			0.119,			0.058
955,	2,	139.0,	247.765,			11.11,			1.259,			0.125
956,	2,	100.0,	248.517,			11.152,			1.285,			0.177
957,	2,	106.0,	248.712,			13.349,			1.117,			0.137
958,	2,	97.0,	250.634,			12.286,			1.482,			0.197
959,	1,	498.0,	251.413,			1.343,			0.133,			0.053
960,	2,	109.0,	252.599,			10.442,			1.029,			0.135
961,	2,	110.0,	252.887,			11.658,			1.421,			0.142
962,	2,	120.0,	252.943,			13.798,			1.492,			0.135
963,	1,	103.0,	253.216,			2.768,			0.148,			0.058
964,	1,	387.0,	253.487,			1.169,			0.28,			0.06
965,	1,	512.0,	255.43,			2.26,			0.128,			0.06
966,	2,	122.0,	257.549,			12.144,			1.184,			0.188
967,	2,	117.0,	260.145,			13.266,			1.174,			0.129
968,	2,	71.0,	260.636,			12.155,			1.445,			0.186
969,	2,	84.0,	262.032,			11.717,			1.13,			0.144
970,	1,	447.0,	262.393,			1.435,			0.16,			0.057
971,	1,	512.0,	262.927,			1.052,			0.17,			0.052
972,	1,	49.0,	263.615,			2.414,			0.176,			0.051
973,	1,	59.0,	263.669,			1.654,			0.203,			0.052
974,	2,	184.0,	263.998,			12.144,			1.466,			0.165
975,	2,	122.0,	264.26,			12.271,			1.223,			0.134
976,	1,	559.0,	265.184,			1.031,			0.135,			0.053
977,	2,	104.0,	265.293,			11.316,			1.488,			0.111
978,	2,	73.0,	267.474,			13.249,			1.33,			0.125
979,	1,	7.0,	269.272,			1.188,			0.136,			0.053
980,	2,	100.0,	270.993,			11.331,			1.5,			0.102
981,	1,	7.0,	271.139,			1.164,			0.238,			0.057
982,	2,	144.0,	272.423,			10.654,			1.368,			0.108
983,	2,	225.0,	273.457,			12.537,			1.487,			0.139
984,	2,	282.0,	273.806,			13.933,			1.333,			0.105
985,	2,	98.0,	275.383,			12.933,			1.386,			0.148
986,	2,	105.0,	278.07,			12.787,			1.053,			0.151
987,	1,	120.0,	278.478,			1.424,			0.234,			0.057
988,	2,	273.0,	282.861,			13.639,			1.423,			0.168
989,	2,	224.0,	283.494,			11.589,			1.205,			0.113
990,	2,	203.0,	283.628,			10.011,			1.302,			0.169
991,	2,	127.0,	285.651,			10.011,			1.003,			0.166
992,	2,	103.0,	286.196,			12.4,			1.202,			0.154
993,	2,	135.0,	287.673,			14.45,			1.131,			0.139
994,	2,	210.0,	288.823,			13.154,			1.308,			0.172
995,	2,	152.0,	289.182,			13.854,			1.431,			0.14
996,	2,	264.0,	289.465,			14.658,			1.239,			0.107
997,	1,	512.0,	290.503,			1.998,			0.172,			0.057
998,	2,	63.0,	292.91,			14.576,			1.31,			0.168
999,	2,	241.0,	294.445,			12.116,			1.075,			0.111
1000,	1,	95.0,	300.0,			2.651,			0.113,			0.051
