#, task_type_id, size, arrival_time,	execution_time_cpu,	execution_time_gpu,	execution_time_CLOUD
1,	1,	16.0,	0.0,			2.772,			0.165,			0.059
2,	1,	7.0,	0.0,			2.509,			0.161,			0.054
3,	1,	126.0,	0.0,			1.653,			0.169,			0.058
4,	1,	49.0,	0.0,			2.304,			0.134,			0.053
5,	2,	198.0,	0.337,			11.878,			1.291,			0.139
6,	2,	168.0,	0.489,			13.784,			1.166,			0.112
7,	2,	234.0,	1.394,			11.557,			1.128,			0.118
8,	1,	146.0,	4.521,			2.08,			0.22,			0.052
9,	2,	72.0,	4.628,			11.19,			1.188,			0.126
10,	2,	107.0,	5.567,			12.815,			1.039,			0.138
11,	2,	140.0,	7.033,			13.45,			1.46,			0.195
12,	2,	172.0,	7.457,			10.484,			1.015,			0.134
13,	2,	195.0,	7.528,			14.804,			1.075,			0.16
14,	2,	193.0,	7.957,			13.095,			1.278,			0.187
15,	2,	158.0,	9.455,			10.565,			1.187,			0.101
16,	1,	95.0,	10.431,			1.879,			0.222,			0.054
17,	2,	332.0,	11.944,			13.86,			1.282,			0.107
18,	2,	236.0,	14.205,			13.747,			1.053,			0.17
19,	2,	168.0,	17.977,			13.349,			1.315,			0.131
20,	2,	125.0,	18.001,			14.49,			1.074,			0.16
21,	2,	266.0,	19.62,			14.961,			1.029,			0.156
22,	2,	333.0,	20.555,			14.716,			1.139,			0.16
23,	2,	93.0,	22.107,			13.557,			1.278,			0.178
24,	1,	10.0,	25.627,			1.485,			0.268,			0.059
25,	2,	109.0,	26.808,			14.276,			1.025,			0.117
26,	1,	44.0,	27.351,			1.921,			0.241,			0.059
27,	1,	387.0,	27.511,			1.096,			0.284,			0.056
28,	2,	338.0,	28.206,			12.346,			1.44,			0.149
29,	2,	127.0,	29.814,			11.488,			1.099,			0.152
30,	1,	447.0,	30.672,			1.876,			0.168,			0.057
31,	1,	120.0,	31.467,			1.393,			0.183,			0.06
32,	1,	498.0,	32.379,			2.638,			0.125,			0.059
33,	2,	205.0,	35.648,			12.057,			1.212,			0.128
34,	2,	117.0,	36.108,			13.899,			1.287,			0.126
35,	1,	16.0,	37.132,			1.376,			0.142,			0.055
36,	2,	215.0,	38.221,			13.268,			1.101,			0.182
37,	2,	221.0,	38.598,			13.06,			1.49,			0.177
38,	1,	6.0,	39.428,			2.525,			0.222,			0.054
39,	2,	91.0,	39.619,			11.611,			1.491,			0.143
40,	2,	115.0,	40.053,			12.662,			1.094,			0.113
41,	2,	101.0,	40.24,			14.969,			1.089,			0.177
42,	2,	145.0,	40.419,			10.681,			1.219,			0.156
43,	2,	175.0,	40.637,			14.969,			1.119,			0.185
44,	2,	230.0,	43.035,			12.385,			1.191,			0.104
45,	1,	559.0,	43.535,			1.605,			0.155,			0.056
46,	1,	387.0,	43.777,			2.321,			0.141,			0.052
47,	2,	162.0,	44.863,			13.288,			1.262,			0.105
48,	1,	28.0,	45.196,			2.88,			0.231,			0.052
49,	1,	49.0,	45.658,			1.807,			0.279,			0.06
50,	1,	90.0,	45.719,			2.922,			0.114,			0.052
51,	1,	44.0,	45.752,			1.092,			0.129,			0.057
52,	2,	98.0,	47.355,			12.146,			1.128,			0.18
53,	1,	387.0,	48.574,			2.057,			0.159,			0.05
54,	2,	143.0,	48.782,			11.248,			1.123,			0.125
55,	2,	112.0,	50.002,			10.443,			1.279,			0.149
56,	1,	6.0,	50.33,			1.672,			0.167,			0.052
57,	1,	7.0,	50.915,			2.761,			0.206,			0.052
58,	1,	44.0,	51.701,			2.057,			0.238,			0.057
59,	1,	6.0,	51.725,			2.013,			0.186,			0.053
60,	1,	44.0,	52.086,			2.102,			0.158,			0.057
61,	1,	28.0,	52.684,			2.318,			0.183,			0.059
62,	1,	44.0,	53.187,			1.473,			0.231,			0.054
63,	1,	16.0,	53.392,			2.014,			0.14,			0.053
64,	1,	387.0,	53.511,			1.442,			0.109,			0.055
65,	2,	105.0,	53.559,			13.137,			1.146,			0.181
66,	2,	115.0,	53.665,			14.771,			1.222,			0.125
67,	1,	146.0,	53.809,			1.083,			0.142,			0.055
68,	1,	7.0,	54.295,			2.385,			0.107,			0.058
69,	1,	49.0,	56.048,			1.868,			0.231,			0.056
70,	1,	44.0,	56.66,			1.408,			0.231,			0.055
71,	1,	559.0,	57.174,			1.024,			0.159,			0.056
72,	1,	7.0,	57.975,			2.415,			0.201,			0.056
73,	1,	498.0,	58.249,			1.56,			0.186,			0.058
74,	1,	44.0,	58.302,			1.343,			0.27,			0.051
75,	1,	10.0,	58.546,			1.631,			0.103,			0.058
76,	1,	559.0,	59.242,			2.436,			0.223,			0.05
77,	2,	180.0,	59.366,			10.71,			1.465,			0.107
78,	2,	346.0,	59.426,			10.621,			1.457,			0.162
79,	2,	172.0,	60.15,			11.539,			1.025,			0.186
80,	2,	220.0,	60.441,			13.671,			1.115,			0.136
81,	1,	13.0,	60.874,			2.544,			0.131,			0.054
82,	2,	92.0,	61.23,			11.171,			1.303,			0.189
83,	2,	120.0,	61.262,			13.823,			1.324,			0.14
84,	1,	7.0,	61.738,			1.485,			0.103,			0.053
85,	1,	498.0,	62.211,			1.291,			0.292,			0.056
86,	2,	274.0,	62.342,			14.323,			1.108,			0.156
87,	2,	121.0,	62.462,			13.574,			1.456,			0.125
88,	2,	163.0,	63.176,			12.594,			1.021,			0.133
89,	2,	131.0,	65.261,			11.124,			1.212,			0.197
90,	2,	241.0,	65.563,			12.792,			1.246,			0.136
91,	1,	214.0,	65.69,			2.148,			0.247,			0.05
92,	2,	232.0,	65.976,			12.581,			1.065,			0.198
93,	1,	447.0,	65.98,			2.404,			0.142,			0.05
94,	1,	95.0,	66.548,			1.56,			0.24,			0.057
95,	1,	49.0,	66.586,			1.927,			0.133,			0.057
96,	1,	13.0,	67.367,			2.569,			0.225,			0.057
97,	1,	146.0,	67.492,			2.418,			0.138,			0.053
98,	1,	59.0,	67.795,			1.204,			0.244,			0.06
99,	1,	120.0,	68.342,			2.907,			0.225,			0.053
100,	1,	379.0,	68.568,			2.669,			0.279,			0.051
101,	2,	74.0,	68.826,			13.998,			1.251,			0.159
102,	1,	387.0,	68.985,			2.8,			0.17,			0.059
103,	1,	7.0,	70.065,			1.485,			0.292,			0.055
104,	1,	7.0,	70.187,			1.283,			0.184,			0.05
105,	1,	59.0,	70.386,			1.962,			0.157,			0.057
106,	2,	85.0,	70.687,			12.165,			1.262,			0.129
107,	1,	512.0,	70.854,			2.568,			0.163,			0.057
108,	1,	16.0,	71.548,			2.241,			0.297,			0.055
109,	1,	103.0,	72.547,			1.981,			0.189,			0.052
110,	1,	6.0,	72.772,			1.597,			0.203,			0.05
111,	1,	6.0,	72.811,			1.211,			0.294,			0.053
112,	1,	157.0,	73.723,			1.732,			0.118,			0.053
113,	1,	103.0,	73.734,			1.517,			0.289,			0.053
114,	1,	169.0,	73.802,			1.947,			0.283,			0.053
115,	2,	103.0,	74.433,			14.147,			1.165,			0.168
116,	1,	512.0,	75.086,			2.88,			0.198,			0.054
117,	1,	28.0,	75.186,			1.601,			0.288,			0.057
118,	1,	512.0,	75.527,			1.188,			0.223,			0.059
119,	2,	137.0,	75.752,			12.046,			1.016,			0.195
120,	1,	498.0,	75.994,			1.61,			0.252,			0.052
121,	2,	108.0,	76.33,			14.767,			1.207,			0.125
122,	1,	30.0,	76.983,			2.492,			0.13,			0.06
123,	1,	126.0,	77.126,			2.637,			0.27,			0.057
124,	1,	49.0,	77.495,			2.225,			0.236,			0.055
125,	1,	59.0,	77.93,			2.326,			0.106,			0.051
126,	1,	559.0,	78.794,			1.827,			0.13,			0.05
127,	1,	157.0,	79.265,			1.679,			0.231,			0.052
128,	1,	95.0,	79.572,			1.119,			0.277,			0.053
129,	2,	184.0,	79.575,			11.816,			1.199,			0.142
130,	1,	95.0,	79.619,			1.631,			0.263,			0.058
131,	2,	155.0,	79.803,			11.706,			1.139,			0.185
132,	1,	16.0,	79.913,			2.846,			0.299,			0.057
133,	1,	120.0,	80.241,			2.143,			0.27,			0.052
134,	1,	6.0,	80.623,			1.01,			0.104,			0.06
135,	2,	205.0,	80.955,			14.366,			1.03,			0.158
136,	1,	13.0,	80.957,			1.683,			0.273,			0.053
137,	1,	146.0,	81.099,			2.232,			0.253,			0.054
138,	2,	103.0,	81.621,			13.946,			1.242,			0.106
139,	2,	341.0,	81.679,			10.718,			1.241,			0.112
140,	1,	6.0,	82.268,			2.565,			0.124,			0.052
141,	2,	144.0,	82.331,			13.437,			1.453,			0.133
142,	1,	7.0,	82.925,			2.947,			0.144,			0.057
143,	1,	30.0,	83.247,			2.303,			0.146,			0.055
144,	2,	134.0,	83.466,			12.116,			1.368,			0.137
145,	1,	7.0,	83.764,			1.612,			0.149,			0.057
146,	1,	90.0,	83.932,			2.735,			0.217,			0.053
147,	2,	151.0,	84.077,			11.929,			1.131,			0.17
148,	2,	206.0,	84.083,			13.386,			1.39,			0.114
149,	1,	214.0,	84.122,			1.879,			0.183,			0.052
150,	1,	498.0,	84.318,			1.158,			0.155,			0.051
151,	1,	6.0,	85.073,			2.063,			0.222,			0.051
152,	1,	59.0,	85.105,			1.557,			0.206,			0.054
153,	1,	7.0,	85.208,			2.235,			0.195,			0.053
154,	1,	169.0,	85.31,			2.956,			0.289,			0.057
155,	1,	512.0,	86.006,			1.801,			0.235,			0.054
156,	2,	220.0,	86.168,			11.164,			1.094,			0.171
157,	2,	107.0,	86.59,			11.328,			1.051,			0.148
158,	1,	28.0,	86.628,			1.654,			0.179,			0.056
159,	2,	176.0,	86.821,			12.551,			1.394,			0.101
160,	1,	103.0,	87.1,			1.097,			0.256,			0.053
161,	1,	10.0,	87.137,			1.445,			0.171,			0.059
162,	1,	214.0,	87.969,			1.291,			0.244,			0.054
163,	1,	120.0,	88.714,			1.848,			0.272,			0.055
164,	2,	138.0,	88.842,			14.918,			1.016,			0.178
165,	1,	6.0,	89.077,			1.749,			0.29,			0.06
166,	1,	7.0,	89.146,			2.756,			0.162,			0.052
167,	2,	141.0,	89.158,			12.973,			1.373,			0.158
168,	1,	512.0,	89.619,			1.907,			0.292,			0.059
169,	1,	7.0,	89.714,			1.848,			0.239,			0.059
170,	2,	141.0,	89.864,			12.826,			1.06,			0.121
171,	1,	120.0,	90.04,			2.681,			0.134,			0.057
172,	2,	131.0,	90.054,			10.63,			1.02,			0.19
173,	2,	225.0,	90.416,			10.666,			1.252,			0.177
174,	2,	191.0,	90.812,			14.931,			1.117,			0.188
175,	1,	49.0,	90.864,			2.695,			0.167,			0.056
176,	1,	95.0,	90.9,			2.143,			0.194,			0.056
177,	1,	126.0,	91.099,			1.625,			0.198,			0.059
178,	1,	447.0,	91.629,			2.346,			0.107,			0.053
179,	2,	71.0,	91.659,			11.829,			1.109,			0.184
180,	2,	155.0,	91.692,			11.124,			1.011,			0.103
181,	1,	13.0,	91.716,			1.499,			0.174,			0.05
182,	1,	10.0,	91.821,			1.304,			0.104,			0.054
183,	1,	103.0,	91.959,			1.252,			0.183,			0.058
184,	1,	126.0,	92.041,			1.561,			0.108,			0.06
185,	1,	126.0,	92.149,			2.553,			0.189,			0.051
186,	2,	139.0,	92.314,			14.464,			1.187,			0.139
187,	2,	86.0,	92.38,			14.162,			1.098,			0.19
188,	1,	95.0,	92.456,			1.394,			0.221,			0.056
189,	2,	177.0,	92.671,			10.194,			1.017,			0.104
190,	1,	49.0,	92.719,			2.509,			0.161,			0.052
191,	1,	95.0,	93.103,			1.432,			0.146,			0.05
192,	1,	214.0,	93.108,			1.111,			0.17,			0.052
193,	2,	110.0,	93.368,			11.411,			1.423,			0.145
194,	1,	126.0,	93.559,			1.756,			0.145,			0.051
195,	1,	559.0,	94.087,			1.481,			0.28,			0.058
196,	2,	155.0,	94.293,			11.411,			1.437,			0.137
197,	1,	7.0,	94.443,			1.981,			0.133,			0.052
198,	1,	10.0,	94.559,			1.291,			0.276,			0.06
199,	1,	10.0,	94.993,			2.01,			0.287,			0.056
200,	1,	7.0,	94.996,			2.318,			0.283,			0.055
201,	1,	447.0,	95.168,			1.325,			0.169,			0.052
202,	1,	387.0,	95.511,			2.661,			0.108,			0.057
203,	1,	7.0,	95.604,			2.76,			0.109,			0.052
204,	1,	214.0,	95.721,			1.968,			0.243,			0.054
205,	1,	6.0,	95.733,			2.273,			0.16,			0.056
206,	1,	13.0,	95.815,			2.31,			0.235,			0.055
207,	1,	120.0,	95.827,			1.07,			0.191,			0.051
208,	2,	152.0,	95.843,			12.155,			1.184,			0.174
209,	2,	102.0,	96.064,			11.722,			1.31,			0.168
210,	1,	95.0,	96.286,			1.924,			0.259,			0.053
211,	1,	90.0,	96.561,			2.074,			0.195,			0.057
212,	1,	59.0,	96.746,			1.977,			0.152,			0.059
213,	1,	559.0,	96.792,			1.963,			0.108,			0.051
214,	1,	7.0,	97.07,			2.928,			0.203,			0.059
215,	2,	272.0,	97.134,			11.994,			1.325,			0.165
216,	1,	126.0,	97.222,			2.379,			0.272,			0.055
217,	1,	7.0,	97.295,			2.18,			0.292,			0.05
218,	1,	7.0,	97.485,			2.844,			0.137,			0.058
219,	2,	200.0,	97.818,			11.929,			1.421,			0.103
220,	1,	157.0,	97.863,			1.416,			0.166,			0.054
221,	1,	30.0,	97.916,			1.56,			0.269,			0.054
222,	1,	126.0,	98.237,			1.651,			0.166,			0.06
223,	1,	30.0,	98.409,			1.969,			0.208,			0.055
224,	1,	10.0,	98.55,			1.609,			0.142,			0.053
225,	1,	379.0,	98.583,			1.637,			0.251,			0.051
226,	2,	69.0,	99.451,			14.136,			1.262,			0.141
227,	1,	126.0,	99.464,			2.298,			0.256,			0.055
228,	1,	512.0,	99.972,			1.23,			0.176,			0.051
229,	1,	559.0,	100.019,			1.398,			0.192,			0.052
230,	1,	120.0,	100.446,			2.2,			0.268,			0.051
231,	1,	7.0,	100.634,			2.655,			0.275,			0.059
232,	1,	126.0,	101.203,			2.288,			0.249,			0.052
233,	1,	214.0,	101.271,			2.52,			0.198,			0.053
234,	1,	44.0,	101.331,			1.581,			0.3,			0.058
235,	1,	157.0,	101.383,			1.962,			0.119,			0.052
236,	1,	49.0,	101.411,			2.548,			0.162,			0.058
237,	2,	59.0,	101.484,			11.834,			1.454,			0.145
238,	1,	16.0,	102.442,			2.457,			0.147,			0.056
239,	1,	7.0,	102.496,			1.153,			0.131,			0.053
240,	1,	49.0,	102.821,			2.132,			0.145,			0.053
241,	1,	169.0,	102.989,			1.119,			0.215,			0.054
242,	1,	7.0,	103.039,			1.56,			0.13,			0.057
243,	1,	387.0,	103.356,			2.241,			0.239,			0.054
244,	1,	7.0,	103.676,			1.103,			0.193,			0.051
245,	2,	98.0,	103.704,			14.692,			1.109,			0.11
246,	1,	49.0,	103.946,			1.908,			0.299,			0.057
247,	2,	203.0,	104.265,			10.784,			1.277,			0.104
248,	1,	44.0,	104.364,			1.173,			0.249,			0.058
249,	2,	184.0,	104.729,			11.689,			1.382,			0.168
250,	2,	299.0,	104.845,			14.087,			1.17,			0.198
251,	1,	30.0,	105.079,			1.051,			0.247,			0.056
252,	1,	10.0,	105.324,			2.35,			0.281,			0.051
253,	1,	120.0,	105.744,			1.679,			0.292,			0.058
254,	2,	73.0,	105.812,			14.931,			1.324,			0.177
255,	1,	7.0,	105.82,			1.595,			0.249,			0.053
256,	2,	63.0,	105.864,			14.535,			1.037,			0.139
257,	1,	126.0,	105.948,			2.834,			0.184,			0.052
258,	2,	349.0,	106.264,			10.84,			1.175,			0.186
259,	2,	102.0,	106.31,			10.553,			1.218,			0.111
260,	1,	447.0,	106.459,			1.495,			0.288,			0.054
261,	1,	103.0,	106.585,			2.838,			0.172,			0.05
262,	1,	6.0,	106.684,			1.748,			0.275,			0.057
263,	1,	157.0,	106.914,			2.879,			0.2,			0.053
264,	1,	16.0,	107.37,			2.509,			0.186,			0.057
265,	1,	95.0,	107.628,			2.895,			0.239,			0.053
266,	1,	7.0,	107.896,			1.766,			0.126,			0.051
267,	1,	7.0,	107.949,			1.03,			0.292,			0.055
268,	1,	30.0,	108.322,			1.245,			0.12,			0.051
269,	1,	214.0,	108.35,			1.091,			0.173,			0.053
270,	1,	95.0,	108.429,			2.398,			0.226,			0.053
271,	1,	7.0,	108.846,			1.756,			0.234,			0.057
272,	1,	10.0,	109.074,			2.282,			0.187,			0.054
273,	1,	447.0,	109.498,			2.588,			0.22,			0.058
274,	1,	6.0,	109.785,			2.675,			0.116,			0.059
275,	1,	387.0,	110.113,			1.841,			0.252,			0.053
276,	1,	7.0,	110.209,			2.025,			0.268,			0.05
277,	1,	10.0,	110.272,			2.249,			0.249,			0.054
278,	1,	512.0,	110.454,			2.244,			0.231,			0.055
279,	1,	7.0,	110.499,			1.435,			0.198,			0.057
280,	1,	16.0,	110.542,			2.813,			0.11,			0.052
281,	1,	120.0,	110.683,			1.155,			0.247,			0.05
282,	1,	157.0,	111.29,			2.509,			0.156,			0.052
283,	1,	28.0,	111.545,			1.111,			0.232,			0.058
284,	1,	169.0,	111.758,			2.454,			0.29,			0.058
285,	1,	120.0,	111.798,			2.872,			0.256,			0.058
286,	1,	44.0,	112.027,			2.181,			0.205,			0.054
287,	2,	128.0,	112.127,			11.842,			1.333,			0.153
288,	1,	95.0,	112.194,			1.024,			0.119,			0.059
289,	1,	387.0,	112.408,			2.388,			0.217,			0.053
290,	1,	7.0,	112.804,			1.445,			0.172,			0.051
291,	1,	10.0,	113.153,			1.522,			0.179,			0.052
292,	1,	90.0,	113.364,			2.226,			0.142,			0.06
293,	1,	7.0,	113.61,			2.155,			0.102,			0.05
294,	1,	13.0,	113.704,			1.289,			0.161,			0.056
295,	1,	379.0,	113.715,			1.748,			0.293,			0.05
296,	1,	7.0,	113.868,			1.505,			0.272,			0.051
297,	1,	103.0,	113.896,			1.639,			0.275,			0.054
298,	1,	512.0,	113.947,			1.513,			0.174,			0.055
299,	1,	90.0,	114.016,			1.942,			0.109,			0.051
300,	1,	44.0,	114.063,			2.874,			0.245,			0.06
301,	1,	559.0,	114.11,			1.667,			0.202,			0.058
302,	1,	28.0,	114.206,			1.701,			0.201,			0.052
303,	1,	559.0,	114.245,			1.698,			0.138,			0.056
304,	1,	447.0,	114.45,			1.625,			0.227,			0.055
305,	2,	164.0,	114.477,			13.747,			1.376,			0.192
306,	2,	161.0,	114.555,			13.303,			1.381,			0.125
307,	2,	154.0,	114.571,			14.936,			1.397,			0.196
308,	1,	214.0,	114.894,			2.36,			0.216,			0.053
309,	2,	164.0,	115.374,			11.829,			1.206,			0.145
310,	1,	7.0,	115.476,			1.861,			0.119,			0.059
311,	1,	44.0,	115.584,			2.983,			0.12,			0.055
312,	1,	44.0,	115.752,			1.027,			0.195,			0.058
313,	1,	498.0,	116.46,			2.057,			0.195,			0.054
314,	1,	387.0,	116.54,			1.702,			0.187,			0.054
315,	2,	177.0,	116.595,			12.576,			1.236,			0.167
316,	1,	49.0,	116.786,			2.635,			0.133,			0.054
317,	1,	7.0,	116.819,			1.35,			0.2,			0.053
318,	1,	44.0,	116.826,			2.88,			0.287,			0.056
319,	1,	7.0,	116.845,			1.513,			0.219,			0.054
320,	2,	244.0,	116.942,			12.105,			1.239,			0.178
321,	1,	49.0,	117.092,			2.063,			0.239,			0.058
322,	1,	103.0,	117.209,			1.875,			0.245,			0.055
323,	1,	6.0,	117.282,			2.304,			0.166,			0.057
324,	1,	6.0,	117.397,			1.035,			0.262,			0.06
325,	1,	28.0,	117.501,			1.061,			0.198,			0.052
326,	2,	122.0,	117.578,			10.962,			1.296,			0.12
327,	1,	387.0,	118.348,			1.23,			0.113,			0.059
328,	1,	214.0,	118.677,			1.407,			0.128,			0.057
329,	1,	59.0,	118.714,			1.61,			0.16,			0.058
330,	1,	387.0,	118.924,			1.612,			0.164,			0.058
331,	1,	28.0,	118.97,			2.524,			0.1,			0.057
332,	1,	6.0,	119.05,			1.553,			0.119,			0.058
333,	1,	59.0,	119.306,			1.382,			0.274,			0.051
334,	1,	44.0,	119.685,			1.148,			0.112,			0.058
335,	1,	120.0,	119.785,			2.318,			0.289,			0.058
336,	1,	498.0,	119.817,			1.639,			0.243,			0.06
337,	1,	95.0,	119.879,			2.276,			0.126,			0.054
338,	1,	49.0,	120.037,			2.02,			0.132,			0.052
339,	1,	379.0,	120.207,			1.095,			0.285,			0.055
340,	1,	95.0,	120.307,			1.633,			0.184,			0.053
341,	1,	30.0,	120.318,			1.316,			0.278,			0.051
342,	1,	6.0,	120.557,			2.78,			0.222,			0.051
343,	1,	95.0,	120.855,			2.127,			0.214,			0.052
344,	1,	95.0,	120.915,			2.765,			0.235,			0.052
345,	2,	90.0,	121.001,			10.475,			1.294,			0.137
346,	1,	28.0,	121.299,			1.942,			0.154,			0.06
347,	1,	6.0,	121.321,			2.986,			0.251,			0.059
348,	1,	126.0,	121.519,			2.33,			0.204,			0.058
349,	1,	59.0,	121.851,			2.366,			0.111,			0.055
350,	1,	10.0,	122.031,			2.144,			0.16,			0.059
351,	1,	103.0,	122.13,			2.879,			0.214,			0.053
352,	1,	120.0,	122.144,			1.801,			0.177,			0.058
353,	1,	512.0,	122.225,			2.588,			0.191,			0.058
354,	1,	6.0,	122.254,			1.313,			0.152,			0.05
355,	1,	498.0,	122.544,			2.968,			0.132,			0.052
356,	1,	49.0,	122.699,			1.651,			0.203,			0.058
357,	1,	559.0,	122.965,			1.291,			0.17,			0.05
358,	1,	7.0,	123.03,			2.832,			0.208,			0.057
359,	1,	169.0,	123.216,			1.464,			0.266,			0.054
360,	1,	30.0,	123.238,			1.232,			0.169,			0.057
361,	1,	169.0,	123.338,			1.241,			0.163,			0.053
362,	1,	214.0,	123.55,			1.499,			0.299,			0.054
363,	1,	7.0,	123.893,			2.158,			0.189,			0.059
364,	1,	214.0,	123.943,			1.653,			0.154,			0.056
365,	1,	7.0,	124.153,			2.158,			0.138,			0.055
366,	1,	169.0,	124.278,			1.64,			0.284,			0.058
367,	1,	13.0,	124.302,			2.138,			0.117,			0.055
368,	1,	7.0,	124.61,			2.414,			0.169,			0.052
369,	1,	169.0,	124.742,			1.293,			0.296,			0.058
370,	1,	387.0,	124.876,			2.986,			0.101,			0.051
371,	1,	44.0,	124.987,			2.304,			0.298,			0.058
372,	2,	136.0,	125.005,			13.933,			1.067,			0.194
373,	1,	49.0,	125.01,			1.609,			0.202,			0.051
374,	1,	169.0,	125.243,			2.366,			0.133,			0.057
375,	1,	379.0,	125.501,			1.861,			0.248,			0.054
376,	1,	379.0,	125.546,			1.103,			0.109,			0.055
377,	1,	10.0,	125.568,			1.408,			0.161,			0.053
378,	1,	559.0,	125.859,			1.425,			0.29,			0.059
379,	1,	95.0,	125.915,			1.203,			0.221,			0.059
380,	2,	118.0,	126.004,			10.523,			1.368,			0.184
381,	1,	103.0,	126.202,			1.879,			0.195,			0.05
382,	1,	6.0,	126.234,			1.589,			0.132,			0.054
383,	1,	120.0,	126.418,			1.282,			0.125,			0.057
384,	1,	95.0,	126.519,			2.651,			0.209,			0.052
385,	1,	44.0,	126.614,			1.358,			0.23,			0.052
386,	1,	44.0,	126.735,			1.153,			0.234,			0.06
387,	1,	7.0,	126.848,			1.406,			0.133,			0.058
388,	1,	169.0,	126.91,			1.364,			0.258,			0.055
389,	1,	103.0,	127.296,			1.587,			0.297,			0.058
390,	1,	379.0,	127.361,			2.384,			0.175,			0.054
391,	2,	143.0,	127.504,			14.948,			1.46,			0.112
392,	1,	103.0,	127.769,			2.326,			0.164,			0.053
393,	1,	120.0,	127.776,			1.008,			0.287,			0.055
394,	1,	559.0,	127.828,			2.018,			0.28,			0.05
395,	1,	126.0,	128.292,			2.847,			0.125,			0.059
396,	1,	7.0,	128.446,			1.119,			0.144,			0.054
397,	1,	44.0,	128.455,			1.407,			0.177,			0.053
398,	1,	49.0,	128.479,			1.766,			0.224,			0.051
399,	1,	16.0,	128.773,			2.037,			0.241,			0.055
400,	1,	44.0,	128.911,			2.08,			0.293,			0.057
401,	1,	59.0,	128.938,			1.447,			0.158,			0.057
402,	1,	49.0,	129.081,			2.098,			0.209,			0.051
403,	2,	104.0,	129.112,			11.239,			1.096,			0.107
404,	1,	7.0,	129.174,			1.393,			0.2,			0.058
405,	2,	197.0,	129.276,			14.368,			1.072,			0.101
406,	1,	214.0,	129.324,			1.571,			0.161,			0.06
407,	1,	559.0,	129.33,			2.063,			0.158,			0.052
408,	1,	169.0,	129.545,			1.716,			0.108,			0.057
409,	1,	44.0,	129.564,			1.69,			0.27,			0.051
410,	2,	142.0,	129.77,			10.481,			1.029,			0.154
411,	1,	95.0,	129.881,			1.875,			0.255,			0.055
412,	1,	379.0,	130.015,			1.935,			0.265,			0.053
413,	2,	217.0,	130.076,			11.202,			1.361,			0.172
414,	1,	30.0,	130.086,			1.9,			0.292,			0.054
415,	1,	28.0,	130.138,			1.816,			0.17,			0.05
416,	1,	157.0,	130.271,			2.282,			0.19,			0.051
417,	1,	498.0,	130.362,			1.981,			0.111,			0.055
418,	1,	7.0,	130.658,			1.191,			0.215,			0.051
419,	1,	7.0,	130.88,			1.952,			0.268,			0.059
420,	1,	512.0,	131.056,			1.883,			0.298,			0.052
421,	1,	498.0,	131.138,			2.761,			0.134,			0.052
422,	1,	10.0,	131.257,			1.784,			0.294,			0.059
423,	1,	157.0,	131.293,			1.853,			0.263,			0.057
424,	1,	157.0,	131.437,			2.18,			0.184,			0.054
425,	1,	512.0,	131.626,			1.701,			0.275,			0.055
426,	1,	146.0,	131.685,			1.861,			0.234,			0.057
427,	1,	498.0,	131.748,			1.539,			0.214,			0.054
428,	1,	7.0,	131.891,			1.213,			0.233,			0.059
429,	1,	90.0,	131.939,			2.296,			0.259,			0.054
430,	1,	95.0,	132.307,			2.057,			0.188,			0.059
431,	1,	6.0,	132.334,			2.249,			0.28,			0.055
432,	1,	512.0,	132.369,			1.683,			0.272,			0.06
433,	1,	120.0,	132.409,			1.511,			0.135,			0.052
434,	2,	108.0,	132.467,			14.633,			1.115,			0.116
435,	1,	49.0,	132.733,			2.903,			0.225,			0.051
436,	1,	7.0,	132.959,			1.296,			0.222,			0.053
437,	1,	16.0,	133.008,			2.197,			0.174,			0.057
438,	1,	512.0,	133.145,			2.799,			0.188,			0.054
439,	1,	95.0,	133.145,			2.907,			0.175,			0.056
440,	1,	387.0,	133.223,			2.316,			0.147,			0.057
441,	1,	59.0,	133.236,			2.278,			0.119,			0.052
442,	1,	13.0,	133.301,			1.653,			0.183,			0.057
443,	1,	120.0,	133.343,			2.407,			0.174,			0.058
444,	1,	103.0,	133.367,			1.651,			0.12,			0.058
445,	1,	7.0,	133.539,			1.807,			0.135,			0.058
446,	1,	512.0,	133.593,			1.981,			0.244,			0.058
447,	1,	59.0,	134.22,			2.415,			0.293,			0.058
448,	1,	6.0,	134.31,			2.366,			0.142,			0.055
449,	1,	146.0,	134.475,			2.103,			0.14,			0.057
450,	1,	120.0,	135.279,			2.991,			0.15,			0.057
451,	1,	214.0,	135.313,			1.73,			0.279,			0.056
452,	1,	7.0,	136.113,			1.537,			0.131,			0.052
453,	1,	44.0,	136.235,			1.631,			0.244,			0.05
454,	1,	126.0,	136.578,			2.11,			0.15,			0.06
455,	1,	49.0,	136.594,			1.844,			0.2,			0.06
456,	1,	7.0,	136.644,			2.314,			0.145,			0.055
457,	1,	95.0,	136.736,			2.415,			0.267,			0.053
458,	1,	214.0,	136.904,			1.23,			0.214,			0.056
459,	1,	103.0,	136.956,			1.886,			0.216,			0.053
460,	1,	512.0,	137.105,			2.768,			0.206,			0.059
461,	1,	7.0,	137.277,			2.318,			0.2,			0.058
462,	1,	559.0,	137.332,			2.896,			0.254,			0.051
463,	1,	7.0,	137.334,			1.356,			0.294,			0.052
464,	1,	512.0,	137.391,			1.985,			0.195,			0.06
465,	1,	379.0,	137.515,			1.027,			0.206,			0.05
466,	1,	7.0,	137.873,			2.004,			0.261,			0.058
467,	1,	7.0,	138.031,			1.431,			0.217,			0.058
468,	1,	214.0,	138.203,			1.861,			0.164,			0.057
469,	1,	30.0,	138.42,			2.449,			0.209,			0.051
470,	1,	59.0,	138.434,			1.69,			0.236,			0.058
471,	1,	146.0,	138.476,			2.832,			0.298,			0.053
472,	2,	116.0,	138.787,			11.339,			1.482,			0.168
473,	1,	16.0,	138.846,			2.151,			0.192,			0.055
474,	1,	7.0,	138.847,			1.67,			0.215,			0.05
475,	1,	10.0,	139.074,			1.981,			0.146,			0.057
476,	1,	95.0,	139.834,			1.121,			0.289,			0.052
477,	1,	512.0,	140.664,			1.186,			0.285,			0.05
478,	1,	7.0,	140.801,			2.864,			0.124,			0.054
479,	1,	28.0,	140.965,			2.509,			0.268,			0.057
480,	2,	101.0,	141.206,			13.778,			1.207,			0.185
481,	1,	28.0,	141.333,			1.769,			0.298,			0.056
482,	1,	214.0,	141.442,			1.464,			0.294,			0.058
483,	1,	7.0,	141.805,			2.381,			0.174,			0.06
484,	1,	30.0,	141.848,			1.827,			0.223,			0.054
485,	1,	120.0,	142.058,			1.256,			0.129,			0.059
486,	1,	6.0,	142.149,			2.678,			0.127,			0.052
487,	1,	6.0,	142.229,			2.025,			0.216,			0.055
488,	1,	214.0,	142.268,			1.4,			0.152,			0.051
489,	1,	214.0,	142.296,			1.241,			0.176,			0.052
490,	1,	13.0,	142.311,			1.485,			0.112,			0.058
491,	1,	169.0,	142.55,			2.838,			0.284,			0.057
492,	1,	30.0,	142.763,			1.191,			0.16,			0.052
493,	1,	7.0,	142.763,			2.711,			0.1,			0.054
494,	1,	146.0,	142.799,			1.625,			0.286,			0.058
495,	1,	6.0,	142.908,			1.114,			0.211,			0.053
496,	1,	59.0,	143.161,			1.104,			0.116,			0.054
497,	2,	127.0,	143.394,			13.239,			1.261,			0.169
498,	1,	7.0,	143.506,			1.69,			0.282,			0.057
499,	1,	7.0,	143.674,			2.533,			0.292,			0.059
500,	1,	126.0,	143.982,			1.861,			0.111,			0.05
501,	1,	95.0,	144.033,			1.522,			0.21,			0.057
502,	1,	103.0,	144.121,			1.431,			0.122,			0.056
503,	1,	44.0,	144.288,			2.947,			0.281,			0.051
504,	1,	16.0,	144.426,			2.857,			0.3,			0.051
505,	1,	103.0,	144.448,			2.244,			0.217,			0.051
506,	1,	16.0,	144.466,			2.157,			0.164,			0.057
507,	1,	379.0,	144.936,			2.317,			0.215,			0.05
508,	1,	498.0,	145.137,			2.448,			0.279,			0.051
509,	1,	7.0,	145.141,			1.009,			0.253,			0.052
510,	1,	120.0,	145.221,			1.187,			0.125,			0.057
511,	2,	234.0,	145.249,			10.39,			1.47,			0.169
512,	1,	379.0,	145.299,			1.633,			0.106,			0.053
513,	1,	7.0,	145.305,			2.8,			0.239,			0.059
514,	1,	90.0,	145.495,			1.694,			0.206,			0.055
515,	1,	28.0,	145.808,			1.601,			0.13,			0.054
516,	1,	146.0,	145.935,			2.541,			0.185,			0.053
517,	1,	6.0,	146.118,			2.08,			0.284,			0.056
518,	1,	16.0,	146.171,			2.813,			0.226,			0.055
519,	1,	10.0,	146.417,			2.1,			0.14,			0.057
520,	1,	7.0,	146.494,			2.802,			0.108,			0.056
521,	1,	157.0,	146.499,			2.903,			0.208,			0.057
522,	2,	77.0,	146.781,			10.067,			1.482,			0.188
523,	1,	30.0,	146.782,			1.217,			0.263,			0.056
524,	1,	7.0,	146.804,			2.497,			0.178,			0.059
525,	1,	44.0,	146.81,			1.651,			0.267,			0.05
526,	1,	90.0,	147.26,			1.966,			0.251,			0.057
527,	1,	7.0,	147.745,			1.757,			0.169,			0.051
528,	1,	379.0,	147.915,			1.517,			0.254,			0.058
529,	1,	120.0,	147.946,			2.914,			0.175,			0.055
530,	1,	6.0,	147.946,			2.711,			0.137,			0.051
531,	1,	126.0,	147.987,			2.932,			0.103,			0.057
532,	1,	120.0,	148.026,			2.91,			0.123,			0.056
533,	1,	120.0,	148.093,			1.078,			0.15,			0.052
534,	2,	112.0,	148.21,			13.437,			1.392,			0.164
535,	1,	169.0,	148.311,			1.126,			0.233,			0.053
536,	1,	126.0,	148.435,			1.61,			0.289,			0.056
537,	1,	498.0,	148.895,			2.163,			0.16,			0.06
538,	1,	6.0,	149.045,			1.612,			0.133,			0.057
539,	1,	126.0,	149.21,			1.972,			0.236,			0.057
540,	2,	151.0,	149.42,			11.484,			1.498,			0.139
541,	1,	169.0,	149.511,			2.197,			0.292,			0.051
542,	1,	379.0,	149.563,			1.996,			0.249,			0.053
543,	1,	30.0,	149.732,			2.448,			0.139,			0.053
544,	1,	126.0,	150.04,			2.278,			0.27,			0.058
545,	1,	49.0,	150.136,			1.203,			0.297,			0.052
546,	1,	387.0,	150.183,			1.597,			0.254,			0.05
547,	1,	7.0,	150.342,			1.447,			0.135,			0.054
548,	1,	7.0,	150.531,			2.757,			0.185,			0.056
549,	1,	6.0,	150.593,			1.395,			0.28,			0.05
550,	1,	59.0,	150.878,			2.819,			0.139,			0.059
551,	1,	10.0,	151.153,			1.426,			0.104,			0.057
552,	1,	44.0,	151.313,			1.478,			0.27,			0.059
553,	1,	7.0,	151.437,			2.407,			0.232,			0.057
554,	1,	7.0,	151.461,			2.096,			0.175,			0.058
555,	1,	120.0,	151.789,			1.525,			0.109,			0.058
556,	1,	7.0,	151.807,			1.719,			0.231,			0.051
557,	2,	480.0,	152.146,			10.176,			1.218,			0.186
558,	1,	7.0,	152.172,			1.609,			0.107,			0.054
559,	1,	120.0,	152.18,			2.487,			0.199,			0.054
560,	1,	7.0,	152.252,			2.509,			0.104,			0.056
561,	1,	44.0,	152.379,			1.316,			0.228,			0.054
562,	1,	95.0,	152.577,			2.301,			0.154,			0.052
563,	1,	44.0,	152.66,			1.043,			0.194,			0.057
564,	1,	379.0,	152.701,			2.454,			0.177,			0.057
565,	1,	44.0,	153.015,			1.157,			0.129,			0.059
566,	1,	498.0,	153.198,			2.176,			0.212,			0.06
567,	1,	157.0,	153.543,			1.719,			0.228,			0.059
568,	1,	16.0,	153.694,			1.103,			0.246,			0.051
569,	1,	379.0,	153.741,			2.36,			0.177,			0.059
570,	1,	10.0,	153.749,			1.485,			0.2,			0.056
571,	1,	126.0,	153.797,			2.467,			0.216,			0.051
572,	1,	7.0,	154.177,			1.505,			0.248,			0.056
573,	1,	169.0,	154.241,			2.922,			0.221,			0.06
574,	1,	28.0,	154.334,			1.22,			0.265,			0.059
575,	2,	158.0,	154.384,			11.668,			1.4,			0.103
576,	1,	13.0,	154.46,			1.756,			0.248,			0.05
577,	1,	13.0,	154.472,			1.114,			0.171,			0.056
578,	1,	6.0,	154.736,			1.612,			0.233,			0.058
579,	1,	126.0,	154.776,			1.61,			0.133,			0.057
580,	1,	6.0,	154.822,			1.548,			0.156,			0.053
581,	1,	157.0,	155.432,			2.861,			0.24,			0.052
582,	1,	387.0,	155.477,			1.861,			0.133,			0.057
583,	1,	214.0,	155.496,			2.795,			0.29,			0.051
584,	1,	13.0,	155.562,			1.482,			0.111,			0.054
585,	1,	169.0,	155.599,			1.153,			0.159,			0.054
586,	1,	10.0,	155.647,			2.316,			0.292,			0.054
587,	1,	512.0,	155.776,			2.896,			0.194,			0.057
588,	1,	379.0,	155.862,			2.404,			0.293,			0.052
589,	1,	44.0,	155.987,			1.578,			0.172,			0.06
590,	1,	13.0,	156.194,			2.155,			0.191,			0.052
591,	1,	6.0,	156.211,			2.01,			0.287,			0.052
592,	1,	447.0,	156.314,			1.907,			0.125,			0.05
593,	1,	44.0,	156.346,			1.73,			0.189,			0.051
594,	1,	120.0,	156.66,			1.982,			0.201,			0.051
595,	1,	103.0,	156.972,			1.883,			0.162,			0.06
596,	1,	13.0,	157.111,			1.083,			0.28,			0.058
597,	1,	6.0,	157.158,			1.809,			0.129,			0.05
598,	1,	559.0,	157.249,			2.076,			0.153,			0.055
599,	1,	120.0,	157.548,			1.784,			0.128,			0.057
600,	1,	10.0,	157.681,			1.566,			0.205,			0.057
601,	1,	120.0,	157.846,			1.357,			0.106,			0.052
602,	1,	30.0,	158.262,			2.557,			0.15,			0.06
603,	1,	49.0,	158.312,			1.266,			0.172,			0.06
604,	1,	44.0,	158.332,			2.194,			0.163,			0.052
605,	1,	13.0,	158.687,			1.612,			0.285,			0.057
606,	1,	59.0,	158.709,			1.432,			0.111,			0.053
607,	1,	6.0,	158.836,			2.686,			0.284,			0.053
608,	1,	214.0,	159.205,			2.096,			0.278,			0.055
609,	1,	120.0,	159.55,			1.79,			0.175,			0.052
610,	2,	111.0,	160.416,			14.836,			1.227,			0.171
611,	1,	7.0,	160.895,			1.08,			0.238,			0.052
612,	1,	44.0,	161.614,			1.706,			0.255,			0.053
613,	1,	44.0,	161.661,			2.678,			0.221,			0.055
614,	1,	447.0,	161.862,			1.952,			0.148,			0.052
615,	1,	28.0,	161.895,			2.232,			0.175,			0.056
616,	1,	6.0,	161.962,			2.304,			0.138,			0.053
617,	1,	387.0,	162.176,			2.366,			0.154,			0.056
618,	1,	10.0,	162.248,			2.969,			0.145,			0.052
619,	1,	379.0,	162.426,			1.915,			0.272,			0.053
620,	2,	174.0,	162.505,			10.984,			1.289,			0.137
621,	1,	10.0,	162.521,			2.542,			0.26,			0.057
622,	1,	7.0,	162.591,			1.769,			0.228,			0.051
623,	2,	105.0,	162.836,			13.093,			1.276,			0.14
624,	1,	120.0,	163.027,			1.356,			0.293,			0.052
625,	1,	30.0,	163.294,			1.394,			0.125,			0.055
626,	1,	44.0,	163.488,			2.034,			0.246,			0.057
627,	1,	169.0,	163.521,			2.36,			0.195,			0.054
628,	1,	6.0,	163.811,			2.926,			0.17,			0.057
629,	1,	7.0,	164.311,			2.638,			0.256,			0.053
630,	1,	7.0,	164.35,			1.756,			0.23,			0.052
631,	1,	103.0,	164.471,			2.131,			0.203,			0.05
632,	1,	214.0,	164.64,			1.979,			0.244,			0.06
633,	1,	6.0,	164.921,			2.58,			0.124,			0.053
634,	1,	49.0,	164.931,			2.438,			0.294,			0.053
635,	1,	7.0,	165.199,			1.801,			0.242,			0.058
636,	1,	28.0,	165.405,			1.968,			0.21,			0.052
637,	1,	16.0,	165.759,			2.235,			0.218,			0.059
638,	1,	10.0,	165.931,			2.318,			0.18,			0.055
639,	1,	7.0,	166.09,			1.9,			0.288,			0.054
640,	1,	44.0,	166.409,			1.748,			0.11,			0.052
641,	1,	13.0,	166.508,			1.285,			0.297,			0.058
642,	1,	95.0,	166.628,			1.883,			0.135,			0.058
643,	1,	214.0,	166.784,			1.733,			0.238,			0.057
644,	2,	98.0,	166.868,			14.276,			1.453,			0.161
645,	1,	7.0,	166.933,			2.123,			0.155,			0.059
646,	2,	120.0,	167.416,			13.161,			1.165,			0.166
647,	2,	139.0,	167.498,			13.369,			1.164,			0.18
648,	1,	49.0,	167.712,			2.798,			0.16,			0.057
649,	1,	126.0,	167.821,			1.155,			0.112,			0.052
650,	1,	16.0,	167.842,			2.148,			0.262,			0.053
651,	1,	13.0,	167.899,			1.886,			0.157,			0.056
652,	1,	7.0,	168.002,			1.25,			0.299,			0.055
653,	1,	6.0,	168.029,			2.768,			0.265,			0.05
654,	1,	379.0,	168.148,			2.19,			0.285,			0.056
655,	2,	278.0,	168.582,			14.948,			1.027,			0.128
656,	1,	44.0,	168.605,			1.12,			0.122,			0.05
657,	1,	30.0,	168.635,			2.901,			0.133,			0.057
658,	1,	447.0,	168.91,			2.776,			0.107,			0.055
659,	1,	7.0,	169.321,			2.58,			0.133,			0.05
660,	1,	10.0,	169.371,			1.226,			0.275,			0.05
661,	1,	7.0,	169.474,			1.402,			0.12,			0.057
662,	1,	7.0,	169.476,			1.883,			0.142,			0.056
663,	1,	7.0,	169.48,			1.22,			0.133,			0.052
664,	2,	145.0,	169.48,			14.152,			1.049,			0.172
665,	1,	146.0,	169.657,			2.862,			0.283,			0.055
666,	1,	49.0,	169.683,			2.69,			0.142,			0.054
667,	1,	10.0,	169.887,			2.323,			0.183,			0.059
668,	1,	6.0,	170.081,			2.765,			0.184,			0.058
669,	1,	379.0,	170.111,			1.994,			0.133,			0.05
670,	1,	44.0,	170.472,			2.852,			0.221,			0.054
671,	2,	169.0,	170.713,			13.262,			1.015,			0.166
672,	1,	16.0,	170.986,			2.459,			0.146,			0.051
673,	1,	103.0,	171.042,			1.316,			0.221,			0.055
674,	1,	59.0,	171.047,			2.628,			0.195,			0.053
675,	1,	6.0,	171.159,			1.736,			0.26,			0.052
676,	1,	146.0,	171.427,			2.366,			0.151,			0.051
677,	2,	99.0,	171.469,			13.154,			1.065,			0.197
678,	1,	6.0,	171.678,			1.116,			0.247,			0.059
679,	1,	7.0,	171.737,			2.342,			0.2,			0.05
680,	1,	169.0,	171.85,			1.64,			0.161,			0.054
681,	1,	13.0,	171.957,			1.044,			0.13,			0.052
682,	2,	91.0,	171.957,			12.146,			1.363,			0.164
683,	1,	146.0,	172.011,			2.151,			0.133,			0.057
684,	1,	7.0,	172.212,			1.217,			0.254,			0.051
685,	1,	10.0,	172.388,			2.323,			0.297,			0.055
686,	1,	126.0,	172.609,			1.483,			0.139,			0.06
687,	1,	157.0,	172.683,			1.325,			0.125,			0.052
688,	1,	7.0,	172.799,			1.981,			0.174,			0.06
689,	1,	103.0,	172.847,			1.597,			0.186,			0.051
690,	1,	157.0,	173.059,			1.353,			0.192,			0.059
691,	1,	13.0,	173.083,			1.809,			0.232,			0.056
692,	1,	7.0,	173.29,			2.852,			0.165,			0.056
693,	1,	6.0,	173.356,			2.862,			0.166,			0.052
694,	1,	103.0,	173.357,			1.659,			0.175,			0.059
695,	1,	379.0,	173.466,			1.62,			0.146,			0.053
696,	1,	512.0,	173.711,			2.911,			0.112,			0.054
697,	1,	16.0,	173.817,			2.663,			0.285,			0.059
698,	1,	95.0,	173.893,			2.568,			0.133,			0.058
699,	1,	379.0,	174.02,			2.691,			0.198,			0.059
700,	1,	120.0,	174.19,			2.11,			0.129,			0.058
701,	1,	512.0,	174.209,			1.056,			0.254,			0.054
702,	1,	16.0,	174.353,			1.531,			0.241,			0.059
703,	1,	6.0,	174.478,			2.652,			0.163,			0.055
704,	1,	214.0,	174.526,			1.486,			0.229,			0.051
705,	1,	16.0,	175.172,			1.431,			0.16,			0.056
706,	1,	512.0,	175.364,			1.26,			0.201,			0.058
707,	1,	169.0,	175.612,			1.814,			0.166,			0.058
708,	1,	30.0,	175.719,			1.669,			0.174,			0.056
709,	2,	249.0,	175.722,			11.917,			1.178,			0.111
710,	1,	49.0,	175.822,			2.073,			0.27,			0.052
711,	1,	120.0,	175.825,			2.498,			0.125,			0.056
712,	1,	512.0,	175.833,			2.497,			0.185,			0.057
713,	1,	16.0,	176.07,			2.76,			0.161,			0.058
714,	1,	6.0,	176.14,			2.795,			0.151,			0.051
715,	1,	447.0,	176.198,			1.626,			0.106,			0.059
716,	1,	10.0,	176.585,			2.968,			0.15,			0.059
717,	2,	150.0,	176.594,			13.111,			1.084,			0.179
718,	1,	126.0,	176.847,			1.9,			0.255,			0.059
719,	1,	447.0,	177.141,			1.968,			0.113,			0.058
720,	1,	498.0,	177.494,			1.424,			0.158,			0.051
721,	1,	49.0,	177.657,			2.143,			0.293,			0.053
722,	1,	7.0,	178.231,			2.449,			0.277,			0.056
723,	2,	118.0,	178.495,			13.189,			1.431,			0.122
724,	1,	49.0,	178.576,			2.976,			0.275,			0.059
725,	1,	28.0,	178.88,			2.78,			0.198,			0.059
726,	1,	95.0,	179.929,			1.148,			0.222,			0.053
727,	1,	146.0,	179.983,			2.013,			0.228,			0.053
728,	1,	146.0,	180.055,			1.128,			0.289,			0.051
729,	1,	7.0,	180.294,			2.893,			0.185,			0.055
730,	1,	16.0,	180.412,			1.81,			0.255,			0.052
731,	1,	512.0,	180.542,			2.385,			0.228,			0.057
732,	1,	146.0,	180.641,			2.702,			0.132,			0.055
733,	1,	90.0,	180.816,			2.874,			0.272,			0.052
734,	1,	28.0,	181.302,			2.957,			0.139,			0.059
735,	1,	559.0,	181.408,			2.034,			0.2,			0.052
736,	1,	146.0,	181.473,			2.326,			0.186,			0.055
737,	1,	379.0,	181.521,			2.976,			0.152,			0.054
738,	1,	7.0,	181.614,			1.08,			0.287,			0.052
739,	1,	146.0,	181.679,			1.736,			0.235,			0.053
740,	2,	149.0,	182.206,			14.132,			1.23,			0.1
741,	2,	187.0,	182.333,			10.177,			1.22,			0.136
742,	1,	120.0,	182.355,			1.367,			0.116,			0.052
743,	2,	105.0,	182.562,			12.421,			1.394,			0.148
744,	1,	7.0,	183.154,			1.972,			0.182,			0.056
745,	1,	7.0,	183.37,			2.256,			0.239,			0.058
746,	1,	44.0,	183.541,			2.879,			0.208,			0.051
747,	1,	103.0,	183.713,			1.663,			0.206,			0.056
748,	1,	498.0,	183.84,			2.847,			0.218,			0.053
749,	1,	28.0,	184.313,			2.813,			0.27,			0.059
750,	1,	447.0,	184.336,			1.756,			0.2,			0.051
751,	1,	387.0,	184.362,			2.265,			0.297,			0.055
752,	2,	227.0,	184.66,			10.96,			1.273,			0.101
753,	1,	16.0,	184.912,			1.702,			0.183,			0.058
754,	1,	59.0,	184.917,			2.232,			0.243,			0.053
755,	1,	49.0,	185.038,			1.657,			0.233,			0.056
756,	1,	13.0,	185.502,			2.956,			0.195,			0.052
757,	1,	13.0,	185.645,			1.612,			0.293,			0.056
758,	1,	379.0,	186.717,			1.287,			0.174,			0.051
759,	2,	170.0,	186.912,			12.463,			1.139,			0.104
760,	1,	13.0,	187.241,			2.379,			0.206,			0.053
761,	1,	146.0,	187.439,			2.301,			0.218,			0.051
762,	1,	120.0,	187.462,			1.103,			0.182,			0.054
763,	1,	28.0,	187.602,			1.471,			0.103,			0.052
764,	1,	28.0,	187.884,			2.675,			0.186,			0.056
765,	1,	157.0,	188.417,			1.192,			0.207,			0.057
766,	2,	113.0,	188.482,			11.92,			1.108,			0.118
767,	1,	7.0,	188.6,			1.883,			0.248,			0.06
768,	1,	49.0,	189.083,			1.553,			0.15,			0.059
769,	1,	10.0,	189.169,			1.155,			0.2,			0.057
770,	1,	379.0,	189.173,			2.454,			0.231,			0.054
771,	1,	103.0,	189.721,			2.706,			0.156,			0.055
772,	1,	6.0,	189.856,			1.213,			0.128,			0.052
773,	1,	44.0,	189.923,			1.719,			0.197,			0.057
774,	2,	79.0,	190.254,			11.265,			1.055,			0.156
775,	1,	120.0,	190.598,			2.467,			0.113,			0.057
776,	1,	6.0,	190.645,			1.915,			0.174,			0.052
777,	1,	7.0,	191.593,			2.525,			0.228,			0.051
778,	1,	44.0,	191.857,			2.896,			0.289,			0.054
779,	1,	16.0,	191.905,			2.31,			0.142,			0.056
780,	1,	7.0,	192.934,			2.697,			0.241,			0.055
781,	1,	90.0,	193.119,			2.149,			0.23,			0.059
782,	1,	44.0,	193.191,			1.814,			0.136,			0.055
783,	1,	559.0,	193.538,			1.587,			0.296,			0.057
784,	1,	379.0,	193.554,			2.199,			0.139,			0.058
785,	1,	146.0,	193.608,			2.013,			0.116,			0.056
786,	1,	169.0,	194.435,			1.019,			0.25,			0.051
787,	1,	6.0,	194.651,			1.783,			0.137,			0.059
788,	1,	7.0,	194.91,			2.479,			0.233,			0.058
789,	1,	169.0,	195.076,			1.64,			0.248,			0.05
790,	1,	44.0,	195.113,			2.532,			0.198,			0.056
791,	1,	44.0,	195.172,			2.025,			0.266,			0.058
792,	1,	16.0,	195.236,			2.772,			0.183,			0.051
793,	1,	120.0,	195.47,			1.019,			0.198,			0.05
794,	1,	7.0,	195.611,			1.932,			0.138,			0.053
795,	1,	30.0,	195.756,			2.903,			0.29,			0.056
796,	1,	49.0,	195.818,			1.044,			0.225,			0.057
797,	1,	13.0,	195.911,			2.398,			0.292,			0.054
798,	1,	512.0,	195.973,			2.78,			0.299,			0.054
799,	1,	10.0,	196.125,			1.914,			0.293,			0.056
800,	1,	59.0,	196.315,			2.14,			0.274,			0.059
801,	1,	44.0,	196.466,			2.056,			0.225,			0.052
802,	1,	512.0,	196.569,			1.655,			0.212,			0.057
803,	1,	44.0,	196.583,			2.772,			0.168,			0.058
804,	1,	44.0,	197.988,			1.561,			0.288,			0.051
805,	1,	7.0,	198.095,			1.024,			0.17,			0.06
806,	1,	146.0,	198.426,			1.749,			0.116,			0.059
807,	1,	44.0,	198.676,			2.014,			0.208,			0.052
808,	1,	120.0,	198.894,			1.566,			0.248,			0.059
809,	1,	559.0,	199.318,			1.076,			0.142,			0.055
810,	2,	229.0,	199.995,			13.185,			1.01,			0.169
811,	1,	30.0,	200.038,			2.554,			0.225,			0.057
812,	1,	387.0,	200.244,			2.52,			0.279,			0.054
813,	1,	447.0,	201.034,			2.844,			0.139,			0.05
814,	1,	7.0,	201.255,			1.406,			0.22,			0.054
815,	1,	95.0,	201.261,			2.414,			0.257,			0.059
816,	1,	146.0,	201.306,			1.432,			0.141,			0.058
817,	1,	214.0,	201.53,			1.509,			0.29,			0.057
818,	1,	126.0,	201.803,			2.935,			0.135,			0.056
819,	1,	49.0,	201.812,			1.67,			0.242,			0.058
820,	1,	44.0,	201.842,			1.942,			0.192,			0.055
821,	1,	7.0,	201.853,			1.827,			0.151,			0.051
822,	1,	146.0,	201.866,			1.471,			0.171,			0.052
823,	1,	7.0,	201.942,			1.173,			0.278,			0.058
824,	1,	498.0,	202.037,			1.437,			0.229,			0.051
825,	1,	103.0,	202.129,			1.631,			0.201,			0.059
826,	1,	387.0,	202.154,			1.097,			0.277,			0.059
827,	1,	146.0,	202.287,			1.187,			0.2,			0.055
828,	1,	379.0,	202.804,			2.88,			0.214,			0.054
829,	1,	103.0,	202.848,			2.872,			0.162,			0.056
830,	1,	120.0,	203.015,			1.303,			0.124,			0.055
831,	1,	559.0,	203.307,			1.494,			0.166,			0.051
832,	1,	214.0,	203.596,			1.963,			0.15,			0.057
833,	1,	214.0,	203.849,			1.371,			0.29,			0.052
834,	1,	103.0,	204.19,			2.404,			0.202,			0.06
835,	1,	7.0,	204.236,			2.013,			0.254,			0.052
836,	1,	512.0,	204.507,			2.11,			0.254,			0.056
837,	1,	146.0,	205.348,			1.551,			0.258,			0.057
838,	1,	157.0,	205.492,			2.184,			0.187,			0.054
839,	1,	59.0,	205.867,			2.776,			0.101,			0.052
840,	1,	146.0,	206.432,			2.068,			0.241,			0.051
841,	1,	447.0,	207.051,			2.198,			0.134,			0.057
842,	1,	95.0,	207.122,			1.262,			0.108,			0.054
843,	2,	118.0,	207.294,			12.046,			1.07,			0.182
844,	1,	28.0,	207.486,			1.029,			0.29,			0.053
845,	1,	6.0,	208.141,			1.232,			0.177,			0.059
846,	1,	512.0,	208.23,			1.477,			0.151,			0.055
847,	1,	387.0,	208.237,			2.055,			0.281,			0.05
848,	1,	44.0,	208.267,			2.084,			0.145,			0.052
849,	1,	44.0,	208.546,			1.467,			0.275,			0.059
850,	1,	7.0,	208.792,			1.972,			0.217,			0.056
851,	1,	30.0,	209.791,			2.479,			0.29,			0.052
852,	1,	28.0,	209.811,			2.655,			0.121,			0.057
853,	1,	169.0,	209.826,			1.006,			0.107,			0.052
854,	2,	155.0,	209.855,			12.733,			1.23,			0.162
855,	1,	387.0,	210.081,			2.87,			0.134,			0.05
856,	1,	169.0,	210.149,			2.087,			0.109,			0.053
857,	1,	7.0,	210.584,			2.415,			0.236,			0.053
858,	1,	7.0,	210.85,			1.625,			0.16,			0.059
859,	1,	214.0,	210.977,			1.756,			0.117,			0.059
860,	2,	341.0,	211.061,			12.973,			1.247,			0.184
861,	2,	122.0,	211.103,			10.627,			1.393,			0.117
862,	2,	194.0,	211.464,			13.186,			1.288,			0.127
863,	1,	559.0,	211.862,			1.203,			0.299,			0.059
864,	1,	512.0,	212.676,			1.269,			0.197,			0.052
865,	1,	120.0,	213.269,			1.188,			0.222,			0.056
866,	1,	103.0,	213.685,			1.006,			0.122,			0.058
867,	1,	44.0,	214.179,			2.047,			0.207,			0.056
868,	1,	95.0,	214.573,			2.858,			0.202,			0.057
869,	1,	7.0,	214.847,			1.245,			0.125,			0.053
870,	1,	214.0,	214.964,			2.179,			0.277,			0.053
871,	2,	193.0,	214.984,			12.654,			1.008,			0.129
872,	1,	120.0,	215.415,			1.541,			0.279,			0.055
873,	1,	7.0,	215.485,			2.116,			0.265,			0.057
874,	1,	103.0,	215.701,			1.36,			0.236,			0.054
875,	1,	498.0,	215.927,			2.074,			0.173,			0.06
876,	1,	447.0,	216.098,			2.063,			0.283,			0.059
877,	1,	6.0,	216.293,			2.525,			0.2,			0.056
878,	2,	278.0,	216.684,			14.268,			1.184,			0.111
879,	2,	162.0,	217.591,			14.891,			1.47,			0.133
880,	1,	559.0,	217.597,			1.571,			0.217,			0.051
881,	1,	512.0,	218.186,			1.968,			0.284,			0.053
882,	1,	379.0,	219.25,			2.404,			0.136,			0.056
883,	1,	512.0,	219.261,			1.178,			0.119,			0.055
884,	1,	157.0,	219.292,			1.969,			0.274,			0.054
885,	1,	103.0,	219.496,			1.447,			0.244,			0.05
886,	1,	157.0,	219.676,			1.799,			0.121,			0.052
887,	1,	6.0,	219.685,			1.043,			0.263,			0.056
888,	1,	16.0,	219.885,			1.243,			0.235,			0.057
889,	1,	559.0,	220.508,			1.188,			0.106,			0.055
890,	1,	16.0,	220.518,			1.116,			0.2,			0.053
891,	1,	30.0,	220.682,			1.192,			0.222,			0.052
892,	1,	16.0,	220.787,			2.819,			0.151,			0.052
893,	1,	387.0,	221.476,			1.078,			0.237,			0.06
894,	2,	122.0,	221.569,			11.46,			1.35,			0.157
895,	1,	120.0,	222.387,			1.566,			0.158,			0.051
896,	1,	379.0,	222.592,			2.712,			0.292,			0.056
897,	1,	95.0,	223.316,			1.588,			0.292,			0.056
898,	1,	559.0,	223.317,			1.72,			0.279,			0.056
899,	1,	13.0,	223.413,			2.637,			0.134,			0.056
900,	1,	30.0,	223.497,			2.415,			0.151,			0.055
901,	2,	109.0,	223.548,			14.842,			1.188,			0.199
902,	2,	103.0,	224.089,			14.187,			1.086,			0.16
903,	1,	7.0,	224.866,			1.988,			0.15,			0.06
904,	1,	379.0,	224.996,			1.028,			0.133,			0.055
905,	1,	13.0,	225.077,			1.81,			0.135,			0.051
906,	2,	134.0,	225.137,			12.411,			1.363,			0.187
907,	1,	10.0,	225.44,			1.225,			0.292,			0.052
908,	2,	111.0,	225.448,			13.439,			1.029,			0.146
909,	1,	7.0,	225.552,			1.128,			0.146,			0.057
910,	1,	59.0,	225.608,			2.358,			0.208,			0.051
911,	1,	169.0,	225.923,			1.966,			0.177,			0.055
912,	2,	181.0,	227.017,			10.118,			1.124,			0.141
913,	1,	7.0,	227.241,			1.027,			0.226,			0.058
914,	1,	6.0,	227.699,			1.283,			0.125,			0.054
915,	1,	387.0,	227.864,			2.265,			0.113,			0.05
916,	2,	106.0,	228.944,			10.432,			1.427,			0.178
917,	1,	44.0,	229.601,			1.631,			0.152,			0.05
918,	1,	10.0,	230.166,			2.78,			0.187,			0.058
919,	1,	157.0,	230.28,			1.591,			0.294,			0.06
920,	2,	235.0,	230.907,			11.744,			1.489,			0.198
921,	1,	120.0,	230.936,			2.479,			0.125,			0.056
922,	1,	120.0,	232.197,			2.065,			0.162,			0.06
923,	1,	16.0,	232.492,			1.672,			0.262,			0.059
924,	1,	13.0,	234.46,			2.857,			0.202,			0.057
925,	1,	146.0,	234.706,			1.672,			0.187,			0.053
926,	1,	16.0,	234.796,			2.235,			0.114,			0.055
927,	2,	159.0,	234.903,			10.178,			1.136,			0.173
928,	2,	117.0,	235.751,			14.43,			1.379,			0.191
929,	1,	387.0,	235.978,			1.331,			0.161,			0.056
930,	2,	299.0,	236.159,			10.742,			1.264,			0.142
931,	1,	157.0,	236.425,			2.138,			0.193,			0.051
932,	2,	106.0,	236.575,			11.537,			1.384,			0.192
933,	1,	512.0,	236.783,			1.557,			0.232,			0.055
934,	2,	85.0,	236.855,			12.786,			1.431,			0.148
935,	1,	28.0,	236.857,			1.03,			0.244,			0.056
936,	2,	193.0,	237.286,			13.337,			1.45,			0.118
937,	1,	157.0,	238.475,			1.442,			0.158,			0.052
938,	2,	137.0,	239.033,			14.511,			1.333,			0.199
939,	1,	6.0,	239.69,			1.505,			0.186,			0.059
940,	1,	6.0,	240.737,			1.495,			0.142,			0.054
941,	1,	447.0,	241.474,			1.191,			0.114,			0.06
942,	2,	104.0,	241.701,			13.254,			1.016,			0.16
943,	1,	146.0,	241.761,			1.924,			0.125,			0.052
944,	2,	240.0,	241.785,			10.573,			1.375,			0.142
945,	2,	241.0,	241.808,			11.263,			1.441,			0.155
946,	1,	7.0,	241.952,			2.91,			0.142,			0.058
947,	2,	109.0,	244.886,			14.906,			1.186,			0.116
948,	1,	13.0,	246.114,			1.46,			0.228,			0.058
949,	1,	157.0,	246.25,			2.316,			0.147,			0.057
950,	1,	13.0,	246.571,			2.014,			0.125,			0.056
951,	2,	166.0,	246.714,			13.667,			1.467,			0.179
952,	2,	182.0,	247.131,			14.967,			1.35,			0.125
953,	1,	16.0,	247.814,			2.576,			0.267,			0.051
954,	1,	7.0,	247.954,			1.81,			0.205,			0.056
955,	1,	49.0,	248.958,			2.369,			0.129,			0.057
956,	1,	214.0,	249.627,			2.772,			0.124,			0.055
957,	1,	120.0,	251.991,			1.679,			0.284,			0.06
958,	1,	214.0,	253.579,			2.181,			0.106,			0.059
959,	1,	28.0,	254.495,			2.524,			0.272,			0.058
960,	1,	44.0,	254.618,			1.164,			0.177,			0.058
961,	2,	92.0,	255.011,			13.61,			1.085,			0.162
962,	1,	16.0,	256.108,			1.581,			0.119,			0.06
963,	2,	122.0,	256.785,			10.146,			1.444,			0.154
964,	2,	35.0,	257.118,			10.718,			1.279,			0.149
965,	2,	114.0,	257.267,			13.33,			1.431,			0.12
966,	2,	74.0,	257.874,			13.703,			1.359,			0.123
967,	2,	135.0,	259.961,			10.784,			1.023,			0.128
968,	2,	366.0,	260.12,			13.027,			1.465,			0.143
969,	2,	182.0,	260.282,			11.696,			1.04,			0.109
970,	1,	214.0,	260.835,			2.004,			0.267,			0.057
971,	2,	160.0,	261.903,			11.772,			1.32,			0.177
972,	2,	147.0,	263.147,			11.99,			1.265,			0.186
973,	2,	158.0,	264.05,			10.16,			1.015,			0.169
974,	2,	181.0,	265.834,			13.263,			1.388,			0.122
975,	2,	89.0,	266.398,			11.81,			1.416,			0.162
976,	2,	333.0,	266.9,			11.696,			1.351,			0.17
977,	2,	106.0,	266.998,			13.943,			1.231,			0.128
978,	1,	6.0,	267.433,			1.914,			0.211,			0.057
979,	2,	111.0,	270.142,			14.235,			1.064,			0.168
980,	2,	105.0,	271.743,			14.146,			1.218,			0.15
981,	2,	164.0,	272.023,			14.511,			1.206,			0.137
982,	2,	103.0,	272.042,			11.658,			1.047,			0.107
983,	1,	7.0,	275.861,			1.188,			0.169,			0.058
984,	2,	36.0,	278.304,			11.536,			1.467,			0.174
985,	2,	245.0,	279.226,			12.973,			1.323,			0.129
986,	1,	59.0,	279.984,			2.302,			0.246,			0.053
987,	2,	127.0,	281.22,			11.884,			1.255,			0.119
988,	2,	177.0,	284.122,			14.741,			1.279,			0.163
989,	2,	202.0,	284.243,			13.45,			1.135,			0.195
990,	1,	6.0,	284.806,			1.857,			0.289,			0.054
991,	2,	105.0,	284.955,			13.933,			1.071,			0.179
992,	2,	287.0,	286.798,			11.707,			1.208,			0.194
993,	1,	10.0,	288.235,			1.84,			0.128,			0.051
994,	2,	238.0,	294.506,			11.19,			1.376,			0.15
995,	1,	30.0,	295.821,			2.33,			0.15,			0.051
996,	2,	206.0,	297.505,			12.363,			1.062,			0.197
997,	2,	141.0,	297.981,			14.604,			1.359,			0.125
998,	2,	235.0,	298.94,			10.443,			1.031,			0.126
999,	2,	164.0,	299.693,			11.707,			1.326,			0.111
1000,	1,	44.0,	300.0,			1.245,			0.108,			0.057
