#, task_type_id, size, arrival_time,	execution_time_cpu,	execution_time_gpu,	execution_time_CLOUD
1,	1,	379.0,	0.0,			1.575,			0.192,			0.057
2,	2,	176.0,	1.798,			14.906,			1.12,			0.2
3,	2,	129.0,	4.466,			13.224,			1.486,			0.125
4,	2,	95.0,	4.818,			12.521,			1.029,			0.137
5,	1,	387.0,	5.308,			1.698,			0.223,			0.058
6,	2,	232.0,	7.693,			11.135,			1.341,			0.155
7,	2,	144.0,	10.138,			10.36,			1.029,			0.105
8,	1,	95.0,	11.748,			1.761,			0.268,			0.06
9,	1,	13.0,	14.634,			1.924,			0.289,			0.055
10,	1,	7.0,	18.162,			1.719,			0.145,			0.055
11,	2,	94.0,	19.519,			11.248,			1.201,			0.119
12,	2,	143.0,	21.673,			12.909,			1.324,			0.172
13,	1,	10.0,	23.051,			1.631,			0.29,			0.051
14,	2,	173.0,	23.74,			10.547,			1.425,			0.16
15,	2,	114.0,	23.848,			13.396,			1.273,			0.118
16,	2,	213.0,	24.38,			12.363,			1.381,			0.14
17,	2,	190.0,	25.1,			13.038,			1.231,			0.198
18,	1,	30.0,	25.364,			2.467,			0.167,			0.056
19,	2,	169.0,	25.727,			11.819,			1.392,			0.104
20,	2,	104.0,	26.049,			13.761,			1.022,			0.169
21,	2,	121.0,	26.685,			12.15,			1.239,			0.176
22,	1,	7.0,	27.28,			1.768,			0.174,			0.052
23,	2,	119.0,	27.56,			12.89,			1.444,			0.121
24,	1,	157.0,	27.932,			2.018,			0.293,			0.051
25,	2,	201.0,	28.777,			10.255,			1.021,			0.166
26,	2,	142.0,	28.99,			13.583,			1.468,			0.163
27,	2,	80.0,	29.94,			10.742,			1.457,			0.131
28,	2,	70.0,	30.161,			13.535,			1.03,			0.12
29,	1,	146.0,	30.251,			1.445,			0.165,			0.058
30,	1,	30.0,	32.547,			1.814,			0.297,			0.055
31,	1,	379.0,	32.987,			2.318,			0.146,			0.059
32,	2,	253.0,	33.315,			10.55,			1.183,			0.113
33,	2,	209.0,	36.4,			12.664,			1.296,			0.139
34,	2,	129.0,	43.192,			14.146,			1.417,			0.155
35,	1,	6.0,	44.511,			1.868,			0.107,			0.055
36,	1,	44.0,	44.536,			1.217,			0.298,			0.06
37,	1,	512.0,	45.116,			1.822,			0.241,			0.055
38,	1,	44.0,	45.771,			1.548,			0.192,			0.058
39,	1,	44.0,	47.211,			1.515,			0.299,			0.053
40,	1,	169.0,	48.218,			1.303,			0.128,			0.059
41,	1,	6.0,	48.72,			1.981,			0.237,			0.057
42,	1,	7.0,	49.346,			2.935,			0.216,			0.054
43,	1,	387.0,	50.125,			2.235,			0.109,			0.052
44,	2,	100.0,	50.198,			10.16,			1.491,			0.123
45,	1,	7.0,	52.17,			1.657,			0.11,			0.059
46,	2,	205.0,	52.32,			11.689,			1.064,			0.105
47,	1,	169.0,	52.351,			2.096,			0.17,			0.055
48,	2,	101.0,	52.432,			11.194,			1.466,			0.131
49,	1,	103.0,	53.444,			1.998,			0.149,			0.058
50,	1,	44.0,	53.727,			2.522,			0.287,			0.058
51,	1,	90.0,	54.105,			2.454,			0.141,			0.053
52,	1,	169.0,	54.432,			2.686,			0.293,			0.052
53,	2,	58.0,	54.799,			12.386,			1.13,			0.141
54,	2,	177.0,	54.829,			10.617,			1.096,			0.129
55,	1,	6.0,	55.062,			2.907,			0.221,			0.055
56,	2,	166.0,	55.183,			14.216,			1.431,			0.106
57,	2,	198.0,	55.427,			11.22,			1.049,			0.148
58,	2,	242.0,	55.551,			14.85,			1.084,			0.135
59,	1,	28.0,	55.814,			1.42,			0.112,			0.056
60,	1,	120.0,	55.987,			2.03,			0.166,			0.053
61,	1,	59.0,	56.324,			2.765,			0.161,			0.057
62,	2,	170.0,	56.766,			12.54,			1.141,			0.161
63,	1,	169.0,	57.273,			1.748,			0.28,			0.059
64,	2,	243.0,	57.451,			11.557,			1.136,			0.111
65,	1,	16.0,	57.683,			1.485,			0.165,			0.05
66,	1,	559.0,	57.787,			1.654,			0.219,			0.055
67,	1,	559.0,	58.483,			1.025,			0.202,			0.054
68,	1,	13.0,	60.097,			2.398,			0.223,			0.057
69,	2,	217.0,	60.267,			10.178,			1.164,			0.176
70,	2,	128.0,	60.286,			10.335,			1.421,			0.166
71,	1,	13.0,	60.657,			2.907,			0.162,			0.051
72,	1,	95.0,	60.894,			1.883,			0.202,			0.055
73,	1,	387.0,	61.303,			1.655,			0.136,			0.058
74,	2,	72.0,	61.431,			14.77,			1.431,			0.152
75,	1,	49.0,	61.807,			2.19,			0.202,			0.052
76,	1,	512.0,	62.185,			1.581,			0.265,			0.051
77,	1,	49.0,	62.754,			1.245,			0.161,			0.054
78,	2,	217.0,	63.71,			14.804,			1.391,			0.121
79,	2,	366.0,	63.914,			11.404,			1.058,			0.195
80,	1,	6.0,	64.506,			1.554,			0.214,			0.058
81,	1,	90.0,	64.596,			2.038,			0.203,			0.055
82,	1,	28.0,	64.734,			2.167,			0.225,			0.054
83,	1,	7.0,	65.576,			1.833,			0.226,			0.055
84,	1,	7.0,	65.948,			2.697,			0.212,			0.054
85,	1,	120.0,	66.283,			1.283,			0.274,			0.059
86,	1,	44.0,	66.978,			2.776,			0.133,			0.052
87,	1,	49.0,	67.168,			2.102,			0.189,			0.051
88,	2,	85.0,	67.827,			14.528,			1.03,			0.179
89,	1,	10.0,	68.178,			2.149,			0.159,			0.051
90,	1,	44.0,	68.262,			1.092,			0.159,			0.055
91,	2,	133.0,	69.274,			12.02,			1.254,			0.155
92,	1,	7.0,	69.591,			2.569,			0.256,			0.059
93,	1,	44.0,	69.903,			2.063,			0.256,			0.059
94,	1,	44.0,	69.98,			1.924,			0.2,			0.053
95,	1,	28.0,	70.271,			2.33,			0.129,			0.053
96,	1,	498.0,	71.598,			1.408,			0.169,			0.057
97,	1,	498.0,	71.698,			1.513,			0.15,			0.059
98,	1,	447.0,	71.775,			2.305,			0.208,			0.055
99,	1,	103.0,	71.872,			2.509,			0.259,			0.051
100,	1,	146.0,	72.305,			2.173,			0.236,			0.057
101,	1,	95.0,	73.153,			1.343,			0.205,			0.058
102,	1,	146.0,	73.186,			2.316,			0.266,			0.055
103,	1,	6.0,	73.651,			2.554,			0.22,			0.057
104,	1,	447.0,	73.696,			1.249,			0.277,			0.058
105,	1,	44.0,	74.257,			1.425,			0.161,			0.056
106,	1,	379.0,	74.971,			2.88,			0.181,			0.056
107,	1,	6.0,	75.346,			2.955,			0.139,			0.053
108,	1,	559.0,	75.762,			1.72,			0.292,			0.057
109,	1,	6.0,	76.01,			2.037,			0.208,			0.057
110,	1,	157.0,	76.354,			1.096,			0.266,			0.057
111,	1,	379.0,	76.415,			2.926,			0.216,			0.051
112,	1,	7.0,	76.433,			1.883,			0.288,			0.054
113,	1,	379.0,	76.621,			2.568,			0.216,			0.051
114,	1,	13.0,	76.714,			1.828,			0.289,			0.053
115,	1,	6.0,	77.986,			2.498,			0.212,			0.058
116,	2,	174.0,	78.616,			13.595,			1.108,			0.103
117,	1,	214.0,	78.921,			1.028,			0.237,			0.057
118,	1,	10.0,	78.947,			2.847,			0.209,			0.053
119,	2,	247.0,	79.286,			12.271,			1.063,			0.16
120,	1,	28.0,	79.662,			2.438,			0.272,			0.051
121,	2,	120.0,	79.72,			11.429,			1.219,			0.166
122,	1,	103.0,	79.861,			2.943,			0.241,			0.052
123,	1,	146.0,	79.987,			1.702,			0.167,			0.057
124,	1,	44.0,	80.063,			2.973,			0.299,			0.059
125,	1,	379.0,	80.2,			1.296,			0.266,			0.051
126,	1,	559.0,	80.88,			1.869,			0.166,			0.052
127,	2,	199.0,	80.915,			11.488,			1.421,			0.125
128,	1,	498.0,	82.05,			1.166,			0.167,			0.057
129,	1,	7.0,	82.058,			1.455,			0.166,			0.05
130,	1,	28.0,	82.276,			1.553,			0.182,			0.06
131,	1,	59.0,	82.894,			2.013,			0.113,			0.057
132,	1,	90.0,	83.041,			1.756,			0.162,			0.051
133,	1,	103.0,	83.061,			2.459,			0.197,			0.056
134,	1,	6.0,	83.109,			1.998,			0.169,			0.059
135,	1,	7.0,	83.931,			2.104,			0.15,			0.055
136,	1,	10.0,	83.981,			1.249,			0.189,			0.051
137,	2,	249.0,	84.078,			10.819,			1.341,			0.176
138,	1,	44.0,	84.09,			2.256,			0.205,			0.054
139,	1,	512.0,	84.229,			1.425,			0.186,			0.054
140,	1,	16.0,	84.236,			1.031,			0.235,			0.058
141,	1,	44.0,	84.669,			1.417,			0.282,			0.059
142,	2,	207.0,	84.95,			14.253,			1.484,			0.105
143,	1,	498.0,	85.196,			1.643,			0.112,			0.051
144,	1,	169.0,	85.27,			2.554,			0.236,			0.055
145,	2,	80.0,	85.36,			11.54,			1.401,			0.149
146,	2,	181.0,	85.867,			13.899,			1.06,			0.195
147,	1,	7.0,	85.981,			2.388,			0.259,			0.06
148,	2,	125.0,	86.069,			13.669,			1.022,			0.177
149,	1,	10.0,	86.084,			1.044,			0.298,			0.051
150,	1,	6.0,	86.221,			1.554,			0.231,			0.051
151,	2,	155.0,	86.416,			10.322,			1.398,			0.198
152,	1,	126.0,	86.573,			1.933,			0.195,			0.055
153,	1,	95.0,	87.108,			1.464,			0.166,			0.057
154,	1,	44.0,	87.628,			1.561,			0.219,			0.054
155,	1,	6.0,	87.694,			2.366,			0.135,			0.052
156,	2,	182.0,	88.196,			12.406,			1.222,			0.145
157,	1,	10.0,	88.456,			2.296,			0.154,			0.053
158,	1,	59.0,	88.85,			2.945,			0.126,			0.057
159,	1,	44.0,	89.366,			2.889,			0.174,			0.057
160,	2,	109.0,	90.206,			11.581,			1.357,			0.108
161,	2,	213.0,	90.683,			14.272,			1.178,			0.122
162,	1,	214.0,	91.148,			1.709,			0.161,			0.056
163,	1,	498.0,	91.356,			1.096,			0.297,			0.058
164,	1,	7.0,	91.723,			2.763,			0.225,			0.052
165,	1,	28.0,	92.299,			2.154,			0.289,			0.056
166,	1,	387.0,	92.334,			1.488,			0.287,			0.054
167,	1,	59.0,	92.464,			1.337,			0.205,			0.051
168,	2,	137.0,	92.739,			10.443,			1.321,			0.173
169,	2,	158.0,	92.962,			11.429,			1.055,			0.182
170,	1,	7.0,	93.069,			2.252,			0.185,			0.056
171,	1,	28.0,	93.427,			2.786,			0.147,			0.057
172,	2,	117.0,	93.705,			12.271,			1.128,			0.13
173,	1,	49.0,	93.842,			2.559,			0.15,			0.059
174,	1,	7.0,	94.012,			2.479,			0.226,			0.052
175,	1,	95.0,	94.804,			1.956,			0.284,			0.057
176,	1,	95.0,	95.442,			1.007,			0.174,			0.052
177,	1,	6.0,	95.606,			2.09,			0.177,			0.05
178,	1,	49.0,	95.851,			2.659,			0.2,			0.058
179,	1,	7.0,	95.992,			1.965,			0.168,			0.055
180,	2,	173.0,	96.422,			12.503,			1.121,			0.185
181,	1,	30.0,	96.584,			2.459,			0.28,			0.059
182,	1,	6.0,	96.774,			2.143,			0.152,			0.057
183,	1,	7.0,	97.047,			1.225,			0.169,			0.055
184,	2,	142.0,	97.143,			11.39,			1.137,			0.128
185,	1,	95.0,	97.616,			1.979,			0.12,			0.056
186,	1,	30.0,	97.728,			2.157,			0.29,			0.057
187,	1,	10.0,	98.005,			1.464,			0.161,			0.053
188,	1,	7.0,	98.18,			2.103,			0.226,			0.058
189,	1,	379.0,	98.303,			1.985,			0.161,			0.056
190,	1,	126.0,	98.387,			2.52,			0.191,			0.055
191,	1,	10.0,	98.501,			1.104,			0.117,			0.057
192,	1,	16.0,	98.558,			1.225,			0.201,			0.059
193,	1,	498.0,	98.729,			1.597,			0.185,			0.05
194,	1,	16.0,	98.756,			1.422,			0.234,			0.05
195,	1,	90.0,	98.974,			2.945,			0.105,			0.052
196,	1,	512.0,	100.264,			1.162,			0.133,			0.051
197,	1,	447.0,	100.397,			2.984,			0.283,			0.052
198,	1,	49.0,	100.634,			1.245,			0.237,			0.051
199,	1,	559.0,	101.195,			2.78,			0.203,			0.055
200,	2,	193.0,	101.481,			14.99,			1.23,			0.178
201,	2,	306.0,	101.832,			13.703,			1.165,			0.2
202,	1,	7.0,	101.917,			1.753,			0.179,			0.053
203,	1,	157.0,	102.116,			1.947,			0.178,			0.053
204,	1,	7.0,	102.349,			2.22,			0.168,			0.059
205,	1,	559.0,	102.487,			1.158,			0.146,			0.059
206,	1,	120.0,	102.822,			2.569,			0.162,			0.058
207,	1,	7.0,	103.085,			1.597,			0.237,			0.055
208,	1,	6.0,	103.128,			1.495,			0.236,			0.055
209,	1,	512.0,	103.275,			1.671,			0.172,			0.058
210,	2,	184.0,	103.279,			11.171,			1.25,			0.195
211,	1,	379.0,	103.485,			2.149,			0.202,			0.051
212,	1,	7.0,	103.577,			1.014,			0.149,			0.051
213,	1,	559.0,	103.788,			2.179,			0.2,			0.053
214,	1,	28.0,	104.068,			1.682,			0.225,			0.057
215,	1,	28.0,	104.551,			2.568,			0.106,			0.051
216,	1,	387.0,	105.457,			2.554,			0.131,			0.057
217,	1,	447.0,	105.682,			2.807,			0.272,			0.055
218,	1,	10.0,	105.725,			2.637,			0.103,			0.056
219,	1,	44.0,	105.779,			2.625,			0.175,			0.057
220,	1,	95.0,	105.852,			2.635,			0.186,			0.058
221,	1,	6.0,	106.053,			1.153,			0.247,			0.056
222,	1,	169.0,	106.559,			1.928,			0.207,			0.057
223,	1,	559.0,	106.64,			2.879,			0.278,			0.052
224,	2,	155.0,	107.16,			10.789,			1.157,			0.196
225,	1,	379.0,	107.284,			1.343,			0.196,			0.055
226,	1,	126.0,	107.332,			2.269,			0.275,			0.052
227,	1,	512.0,	107.345,			2.321,			0.226,			0.054
228,	1,	44.0,	107.377,			2.576,			0.221,			0.054
229,	1,	30.0,	107.487,			1.166,			0.119,			0.053
230,	1,	44.0,	108.293,			2.795,			0.122,			0.052
231,	1,	44.0,	108.716,			1.431,			0.245,			0.051
232,	1,	447.0,	108.853,			1.203,			0.177,			0.06
233,	2,	127.0,	109.023,			12.627,			1.469,			0.114
234,	1,	120.0,	109.299,			2.345,			0.223,			0.054
235,	2,	63.0,	109.342,			10.599,			1.243,			0.125
236,	1,	90.0,	109.353,			2.684,			0.292,			0.057
237,	1,	6.0,	109.421,			2.298,			0.255,			0.059
238,	1,	7.0,	109.481,			2.976,			0.273,			0.052
239,	1,	126.0,	109.863,			1.701,			0.142,			0.057
240,	1,	126.0,	110.239,			1.293,			0.114,			0.056
241,	1,	379.0,	110.368,			1.293,			0.189,			0.055
242,	1,	10.0,	110.454,			1.651,			0.249,			0.05
243,	1,	126.0,	110.688,			1.009,			0.273,			0.051
244,	1,	49.0,	111.078,			2.087,			0.283,			0.05
245,	2,	120.0,	111.814,			12.57,			1.407,			0.102
246,	1,	379.0,	111.838,			1.561,			0.199,			0.057
247,	1,	559.0,	112.189,			2.031,			0.154,			0.052
248,	1,	447.0,	112.272,			2.322,			0.139,			0.052
249,	1,	90.0,	112.332,			2.33,			0.133,			0.051
250,	1,	498.0,	112.503,			1.044,			0.13,			0.058
251,	1,	28.0,	112.565,			2.324,			0.177,			0.06
252,	1,	7.0,	113.035,			2.18,			0.22,			0.06
253,	1,	7.0,	113.207,			1.833,			0.271,			0.059
254,	1,	214.0,	113.275,			2.427,			0.105,			0.06
255,	1,	447.0,	113.516,			2.765,			0.174,			0.06
256,	2,	180.0,	113.532,			13.854,			1.124,			0.142
257,	1,	6.0,	113.59,			2.457,			0.272,			0.059
258,	1,	90.0,	113.775,			1.447,			0.113,			0.053
259,	1,	7.0,	114.407,			1.211,			0.206,			0.054
260,	1,	126.0,	114.672,			2.305,			0.289,			0.052
261,	1,	7.0,	115.043,			2.489,			0.202,			0.056
262,	2,	208.0,	115.046,			11.872,			1.171,			0.176
263,	1,	59.0,	115.099,			1.541,			0.255,			0.055
264,	1,	49.0,	115.901,			1.861,			0.293,			0.053
265,	1,	16.0,	115.98,			1.441,			0.272,			0.051
266,	1,	7.0,	115.998,			1.672,			0.21,			0.051
267,	2,	108.0,	116.043,			11.494,			1.41,			0.118
268,	1,	169.0,	116.05,			1.698,			0.284,			0.06
269,	1,	6.0,	116.101,			2.241,			0.134,			0.058
270,	1,	49.0,	116.157,			2.556,			0.247,			0.056
271,	1,	49.0,	116.416,			1.805,			0.186,			0.056
272,	1,	6.0,	116.439,			1.633,			0.121,			0.054
273,	2,	139.0,	116.769,			10.984,			1.266,			0.102
274,	2,	200.0,	117.105,			12.127,			1.297,			0.187
275,	2,	200.0,	117.188,			10.55,			1.044,			0.127
276,	1,	49.0,	117.232,			1.651,			0.103,			0.056
277,	1,	7.0,	117.33,			1.096,			0.189,			0.057
278,	1,	512.0,	117.667,			1.76,			0.205,			0.053
279,	1,	120.0,	117.811,			2.9,			0.242,			0.059
280,	1,	44.0,	117.821,			1.3,			0.185,			0.055
281,	1,	157.0,	117.88,			1.807,			0.161,			0.057
282,	2,	96.0,	118.112,			12.54,			1.268,			0.12
283,	1,	90.0,	118.127,			1.631,			0.103,			0.053
284,	1,	169.0,	118.194,			2.153,			0.183,			0.058
285,	1,	49.0,	118.301,			1.625,			0.272,			0.057
286,	2,	107.0,	118.302,			14.524,			1.356,			0.114
287,	1,	16.0,	118.356,			1.655,			0.226,			0.055
288,	1,	214.0,	118.495,			1.597,			0.162,			0.055
289,	1,	126.0,	118.519,			2.11,			0.188,			0.051
290,	1,	6.0,	119.124,			2.181,			0.159,			0.057
291,	1,	44.0,	119.226,			1.031,			0.145,			0.056
292,	1,	49.0,	119.357,			1.485,			0.116,			0.058
293,	1,	120.0,	119.59,			2.299,			0.147,			0.055
294,	1,	10.0,	119.591,			1.413,			0.202,			0.057
295,	1,	10.0,	119.789,			2.265,			0.261,			0.052
296,	1,	157.0,	120.055,			1.358,			0.296,			0.051
297,	1,	103.0,	120.276,			2.847,			0.242,			0.058
298,	1,	157.0,	120.316,			1.191,			0.133,			0.051
299,	1,	103.0,	120.533,			1.729,			0.28,			0.053
300,	1,	387.0,	120.652,			2.681,			0.152,			0.054
301,	2,	116.0,	120.976,			11.819,			1.421,			0.132
302,	1,	59.0,	121.063,			2.102,			0.133,			0.057
303,	1,	16.0,	121.23,			1.981,			0.173,			0.05
304,	2,	156.0,	121.334,			12.79,			1.086,			0.112
305,	1,	95.0,	121.525,			1.998,			0.272,			0.055
306,	1,	95.0,	121.667,			1.486,			0.181,			0.055
307,	1,	49.0,	121.711,			2.525,			0.141,			0.059
308,	1,	16.0,	121.781,			2.647,			0.179,			0.059
309,	1,	16.0,	121.889,			1.625,			0.131,			0.057
310,	1,	512.0,	121.901,			2.509,			0.231,			0.057
311,	1,	512.0,	121.946,			1.119,			0.101,			0.055
312,	1,	103.0,	121.966,			1.956,			0.119,			0.059
313,	1,	90.0,	122.713,			2.544,			0.166,			0.054
314,	1,	169.0,	122.788,			1.108,			0.27,			0.057
315,	1,	10.0,	122.997,			1.654,			0.214,			0.054
316,	1,	512.0,	123.061,			1.417,			0.13,			0.058
317,	2,	98.0,	123.202,			10.035,			1.226,			0.139
318,	1,	7.0,	123.237,			2.714,			0.248,			0.052
319,	1,	44.0,	123.238,			1.625,			0.27,			0.058
320,	1,	126.0,	123.756,			1.654,			0.238,			0.053
321,	1,	44.0,	124.048,			1.293,			0.277,			0.057
322,	1,	387.0,	124.198,			1.719,			0.166,			0.053
323,	1,	146.0,	124.223,			1.853,			0.202,			0.054
324,	1,	7.0,	124.466,			1.501,			0.189,			0.052
325,	2,	127.0,	124.621,			14.789,			1.303,			0.185
326,	1,	7.0,	124.942,			1.921,			0.297,			0.054
327,	1,	30.0,	125.111,			2.226,			0.29,			0.055
328,	1,	30.0,	125.134,			1.75,			0.258,			0.059
329,	1,	126.0,	125.174,			2.9,			0.135,			0.051
330,	1,	498.0,	126.196,			1.08,			0.156,			0.055
331,	1,	103.0,	126.292,			2.222,			0.141,			0.059
332,	1,	146.0,	126.662,			2.58,			0.223,			0.052
333,	1,	512.0,	126.804,			2.895,			0.238,			0.055
334,	1,	214.0,	126.961,			2.779,			0.145,			0.051
335,	1,	30.0,	127.72,			2.556,			0.26,			0.057
336,	1,	379.0,	127.761,			1.821,			0.201,			0.059
337,	1,	28.0,	127.78,			2.813,			0.289,			0.055
338,	1,	13.0,	128.065,			1.485,			0.119,			0.052
339,	1,	559.0,	128.163,			2.911,			0.12,			0.06
340,	1,	379.0,	128.229,			2.088,			0.17,			0.056
341,	1,	498.0,	128.29,			1.912,			0.175,			0.06
342,	1,	44.0,	128.298,			1.857,			0.161,			0.058
343,	1,	6.0,	128.322,			1.188,			0.133,			0.053
344,	2,	68.0,	128.364,			10.297,			1.262,			0.176
345,	1,	6.0,	128.423,			1.126,			0.125,			0.054
346,	1,	44.0,	128.48,			2.378,			0.244,			0.058
347,	1,	13.0,	128.568,			1.291,			0.29,			0.056
348,	1,	379.0,	128.58,			2.622,			0.265,			0.058
349,	2,	110.0,	128.583,			12.317,			1.239,			0.104
350,	2,	157.0,	128.785,			14.43,			1.154,			0.142
351,	1,	498.0,	128.891,			1.395,			0.179,			0.058
352,	2,	264.0,	129.51,			10.146,			1.489,			0.136
353,	1,	10.0,	129.537,			1.494,			0.234,			0.051
354,	1,	44.0,	129.661,			1.226,			0.174,			0.053
355,	1,	214.0,	129.81,			1.869,			0.252,			0.055
356,	1,	95.0,	129.988,			2.298,			0.111,			0.051
357,	1,	126.0,	130.046,			2.304,			0.179,			0.055
358,	2,	286.0,	130.073,			12.296,			1.392,			0.19
359,	1,	49.0,	130.269,			1.844,			0.131,			0.053
360,	1,	95.0,	130.492,			1.471,			0.114,			0.053
361,	1,	146.0,	130.514,			1.869,			0.207,			0.06
362,	1,	387.0,	130.606,			1.609,			0.222,			0.056
363,	1,	44.0,	131.179,			1.293,			0.281,			0.051
364,	1,	7.0,	131.378,			2.133,			0.25,			0.058
365,	1,	559.0,	131.541,			2.047,			0.147,			0.052
366,	2,	200.0,	131.608,			12.93,			1.285,			0.126
367,	1,	90.0,	131.848,			2.58,			0.135,			0.053
368,	1,	126.0,	131.921,			2.256,			0.174,			0.059
369,	1,	95.0,	131.942,			2.948,			0.141,			0.058
370,	1,	44.0,	132.061,			1.653,			0.153,			0.053
371,	1,	512.0,	132.503,			2.727,			0.189,			0.056
372,	1,	120.0,	132.544,			2.498,			0.174,			0.05
373,	1,	90.0,	132.597,			2.532,			0.164,			0.056
374,	1,	120.0,	132.741,			2.598,			0.243,			0.052
375,	1,	44.0,	132.791,			2.252,			0.257,			0.051
376,	1,	10.0,	133.306,			2.652,			0.279,			0.055
377,	1,	95.0,	133.363,			2.459,			0.118,			0.056
378,	2,	109.0,	133.523,			13.136,			1.054,			0.19
379,	2,	168.0,	133.682,			14.492,			1.293,			0.118
380,	1,	120.0,	133.747,			1.078,			0.17,			0.053
381,	1,	126.0,	133.798,			1.164,			0.147,			0.051
382,	1,	512.0,	134.175,			2.154,			0.156,			0.055
383,	1,	49.0,	134.193,			2.779,			0.24,			0.06
384,	1,	30.0,	134.242,			2.569,			0.293,			0.055
385,	2,	127.0,	134.293,			10.443,			1.392,			0.172
386,	2,	125.0,	134.352,			14.314,			1.236,			0.108
387,	1,	214.0,	134.367,			1.252,			0.263,			0.054
388,	1,	559.0,	134.392,			1.114,			0.161,			0.057
389,	1,	6.0,	134.432,			2.047,			0.141,			0.059
390,	1,	157.0,	134.515,			1.561,			0.225,			0.056
391,	1,	169.0,	134.571,			1.371,			0.109,			0.055
392,	1,	498.0,	134.831,			1.128,			0.192,			0.055
393,	1,	7.0,	135.066,			2.503,			0.109,			0.06
394,	1,	44.0,	135.285,			2.673,			0.116,			0.058
395,	1,	387.0,	135.643,			2.09,			0.106,			0.06
396,	1,	120.0,	135.739,			1.031,			0.279,			0.06
397,	1,	157.0,	135.794,			1.878,			0.121,			0.053
398,	1,	49.0,	136.021,			2.616,			0.2,			0.058
399,	1,	44.0,	136.23,			2.073,			0.263,			0.056
400,	1,	126.0,	136.659,			2.226,			0.207,			0.053
401,	1,	95.0,	136.701,			2.131,			0.179,			0.051
402,	1,	214.0,	136.853,			2.534,			0.291,			0.058
403,	1,	157.0,	137.049,			1.651,			0.258,			0.055
404,	1,	44.0,	137.181,			2.598,			0.124,			0.056
405,	1,	13.0,	137.299,			2.686,			0.124,			0.06
406,	1,	7.0,	137.343,			1.835,			0.153,			0.06
407,	1,	7.0,	137.478,			1.841,			0.271,			0.053
408,	1,	6.0,	137.554,			2.345,			0.135,			0.052
409,	1,	44.0,	137.665,			1.663,			0.214,			0.055
410,	1,	512.0,	137.7,			1.908,			0.252,			0.058
411,	1,	95.0,	138.05,			1.657,			0.237,			0.057
412,	1,	10.0,	138.315,			1.204,			0.113,			0.055
413,	1,	7.0,	138.361,			2.701,			0.159,			0.053
414,	1,	16.0,	138.555,			2.955,			0.108,			0.06
415,	1,	28.0,	138.565,			1.809,			0.215,			0.054
416,	1,	498.0,	138.647,			1.911,			0.211,			0.054
417,	1,	498.0,	138.679,			1.486,			0.166,			0.054
418,	1,	16.0,	138.785,			1.588,			0.127,			0.051
419,	2,	115.0,	138.871,			12.101,			1.051,			0.16
420,	1,	498.0,	139.716,			1.106,			0.135,			0.057
421,	1,	6.0,	139.734,			1.844,			0.104,			0.059
422,	1,	387.0,	140.186,			1.499,			0.152,			0.051
423,	1,	7.0,	140.192,			2.5,			0.292,			0.06
424,	1,	7.0,	140.232,			1.769,			0.198,			0.051
425,	1,	44.0,	140.374,			2.852,			0.121,			0.055
426,	1,	95.0,	140.521,			1.626,			0.228,			0.051
427,	1,	7.0,	140.55,			2.302,			0.154,			0.051
428,	1,	7.0,	140.616,			2.789,			0.288,			0.055
429,	1,	7.0,	140.768,			1.044,			0.252,			0.06
430,	1,	16.0,	141.045,			2.298,			0.293,			0.055
431,	1,	49.0,	141.192,			2.179,			0.284,			0.05
432,	1,	16.0,	141.198,			1.119,			0.145,			0.052
433,	1,	214.0,	141.374,			2.427,			0.21,			0.052
434,	1,	30.0,	141.436,			1.192,			0.11,			0.052
435,	1,	7.0,	141.437,			1.285,			0.13,			0.054
436,	2,	271.0,	141.586,			13.437,			1.175,			0.196
437,	1,	146.0,	142.037,			1.192,			0.105,			0.051
438,	1,	6.0,	142.116,			2.642,			0.232,			0.053
439,	1,	59.0,	142.218,			1.495,			0.278,			0.052
440,	1,	90.0,	142.341,			2.349,			0.252,			0.054
441,	2,	109.0,	142.411,			14.836,			1.238,			0.198
442,	1,	103.0,	142.566,			1.63,			0.258,			0.056
443,	1,	379.0,	142.672,			2.013,			0.233,			0.053
444,	1,	30.0,	142.729,			1.688,			0.297,			0.057
445,	1,	13.0,	142.895,			2.87,			0.145,			0.057
446,	1,	103.0,	143.057,			1.464,			0.268,			0.053
447,	1,	512.0,	143.375,			1.981,			0.129,			0.059
448,	1,	7.0,	143.45,			1.908,			0.218,			0.052
449,	1,	146.0,	143.486,			1.467,			0.226,			0.051
450,	1,	28.0,	143.522,			2.846,			0.138,			0.058
451,	1,	6.0,	143.576,			1.009,			0.215,			0.057
452,	1,	120.0,	143.71,			2.565,			0.146,			0.051
453,	1,	95.0,	143.806,			2.907,			0.158,			0.053
454,	2,	135.0,	143.866,			12.242,			1.382,			0.189
455,	1,	169.0,	143.954,			1.269,			0.279,			0.054
456,	1,	126.0,	143.994,			1.204,			0.284,			0.052
457,	1,	7.0,	144.002,			1.36,			0.113,			0.055
458,	1,	7.0,	144.098,			2.09,			0.101,			0.053
459,	1,	59.0,	144.1,			1.516,			0.222,			0.052
460,	1,	49.0,	144.262,			2.911,			0.296,			0.051
461,	1,	387.0,	144.343,			1.523,			0.212,			0.055
462,	1,	379.0,	144.741,			1.098,			0.214,			0.052
463,	1,	214.0,	144.812,			2.659,			0.244,			0.053
464,	2,	152.0,	144.832,			11.125,			1.124,			0.117
465,	1,	157.0,	145.108,			1.467,			0.127,			0.057
466,	2,	201.0,	145.6,			12.443,			1.008,			0.135
467,	1,	103.0,	145.658,			1.769,			0.107,			0.052
468,	1,	387.0,	145.665,			2.235,			0.178,			0.056
469,	1,	169.0,	145.678,			1.086,			0.133,			0.057
470,	2,	83.0,	145.976,			13.669,			1.239,			0.161
471,	1,	126.0,	145.998,			2.973,			0.191,			0.051
472,	1,	447.0,	146.456,			1.952,			0.146,			0.055
473,	1,	28.0,	146.471,			2.525,			0.161,			0.05
474,	1,	44.0,	146.556,			2.631,			0.195,			0.059
475,	1,	30.0,	146.73,			2.366,			0.223,			0.056
476,	1,	103.0,	147.336,			1.581,			0.103,			0.056
477,	1,	126.0,	147.567,			2.772,			0.224,			0.058
478,	1,	44.0,	147.689,			2.625,			0.16,			0.052
479,	1,	379.0,	147.726,			2.175,			0.182,			0.053
480,	1,	13.0,	148.072,			2.256,			0.166,			0.051
481,	1,	10.0,	148.238,			2.407,			0.138,			0.056
482,	1,	28.0,	148.551,			1.996,			0.166,			0.059
483,	1,	126.0,	148.681,			1.841,			0.231,			0.058
484,	1,	44.0,	148.743,			1.655,			0.29,			0.059
485,	1,	44.0,	148.814,			1.587,			0.206,			0.055
486,	2,	125.0,	148.847,			13.476,			1.285,			0.179
487,	2,	120.0,	148.875,			13.801,			1.49,			0.19
488,	2,	76.0,	148.952,			14.387,			1.208,			0.114
489,	1,	7.0,	149.316,			1.807,			0.275,			0.054
490,	1,	95.0,	149.797,			2.568,			0.282,			0.055
491,	1,	559.0,	149.935,			2.268,			0.164,			0.052
492,	1,	103.0,	149.974,			2.0,			0.226,			0.055
493,	1,	559.0,	149.982,			1.151,			0.17,			0.057
494,	1,	90.0,	149.988,			1.864,			0.202,			0.058
495,	1,	95.0,	150.44,			2.684,			0.111,			0.052
496,	1,	157.0,	150.762,			1.008,			0.289,			0.058
497,	2,	101.0,	150.942,			11.968,			1.131,			0.121
498,	1,	103.0,	151.054,			1.027,			0.138,			0.054
499,	1,	379.0,	151.128,			2.522,			0.105,			0.054
500,	2,	176.0,	151.612,			14.566,			1.211,			0.123
501,	1,	44.0,	151.777,			1.581,			0.129,			0.051
502,	1,	379.0,	151.816,			1.393,			0.116,			0.058
503,	1,	28.0,	151.937,			1.174,			0.214,			0.06
504,	1,	498.0,	152.116,			2.278,			0.176,			0.053
505,	1,	44.0,	152.184,			2.896,			0.238,			0.059
506,	1,	28.0,	152.521,			2.549,			0.211,			0.051
507,	1,	7.0,	153.093,			2.753,			0.163,			0.052
508,	2,	297.0,	153.193,			14.076,			1.075,			0.167
509,	1,	90.0,	153.318,			2.199,			0.191,			0.051
510,	2,	168.0,	153.374,			11.533,			1.452,			0.13
511,	1,	95.0,	153.769,			2.143,			0.192,			0.052
512,	1,	498.0,	153.806,			2.318,			0.275,			0.053
513,	1,	512.0,	153.871,			1.071,			0.113,			0.053
514,	1,	44.0,	154.053,			2.36,			0.298,			0.051
515,	1,	559.0,	154.133,			1.63,			0.116,			0.058
516,	1,	10.0,	154.457,			2.304,			0.125,			0.055
517,	1,	103.0,	154.624,			1.128,			0.194,			0.06
518,	1,	16.0,	154.702,			1.447,			0.232,			0.059
519,	1,	44.0,	154.81,			2.5,			0.249,			0.052
520,	1,	169.0,	154.925,			1.038,			0.234,			0.054
521,	1,	559.0,	154.982,			2.702,			0.249,			0.057
522,	1,	498.0,	154.994,			2.819,			0.152,			0.05
523,	1,	379.0,	155.121,			2.087,			0.214,			0.055
524,	1,	7.0,	155.229,			2.479,			0.203,			0.056
525,	1,	95.0,	155.363,			2.799,			0.165,			0.051
526,	1,	379.0,	155.367,			2.02,			0.239,			0.05
527,	1,	103.0,	155.612,			2.866,			0.228,			0.053
528,	1,	6.0,	155.838,			2.283,			0.145,			0.055
529,	1,	6.0,	155.971,			1.671,			0.293,			0.052
530,	1,	7.0,	156.018,			2.378,			0.236,			0.053
531,	1,	157.0,	156.149,			1.422,			0.168,			0.051
532,	1,	447.0,	156.271,			1.386,			0.242,			0.06
533,	1,	10.0,	156.291,			2.947,			0.159,			0.059
534,	1,	512.0,	156.444,			2.706,			0.259,			0.054
535,	1,	7.0,	156.551,			1.605,			0.168,			0.058
536,	1,	103.0,	157.035,			1.994,			0.226,			0.054
537,	1,	10.0,	157.092,			2.534,			0.277,			0.05
538,	1,	7.0,	157.278,			1.909,			0.156,			0.058
539,	1,	95.0,	157.343,			1.639,			0.222,			0.06
540,	1,	157.0,	157.559,			1.092,			0.18,			0.06
541,	1,	59.0,	157.619,			1.748,			0.295,			0.055
542,	2,	194.0,	157.735,			10.909,			1.056,			0.162
543,	1,	146.0,	157.822,			2.346,			0.2,			0.059
544,	1,	59.0,	158.005,			2.377,			0.185,			0.054
545,	1,	146.0,	158.333,			2.104,			0.16,			0.054
546,	1,	59.0,	158.351,			1.157,			0.192,			0.057
547,	1,	7.0,	158.367,			2.407,			0.139,			0.053
548,	1,	169.0,	158.406,			2.948,			0.176,			0.05
549,	1,	379.0,	158.545,			1.736,			0.108,			0.05
550,	1,	146.0,	158.744,			1.591,			0.152,			0.056
551,	1,	146.0,	159.425,			2.844,			0.237,			0.056
552,	1,	10.0,	159.544,			2.487,			0.273,			0.059
553,	1,	146.0,	159.594,			1.027,			0.278,			0.052
554,	1,	7.0,	159.665,			2.553,			0.175,			0.056
555,	1,	214.0,	159.667,			1.386,			0.103,			0.057
556,	1,	7.0,	159.843,			1.625,			0.111,			0.058
557,	1,	169.0,	159.951,			2.18,			0.182,			0.054
558,	1,	6.0,	160.153,			1.719,			0.14,			0.054
559,	1,	214.0,	160.292,			1.249,			0.133,			0.052
560,	1,	28.0,	160.313,			1.97,			0.256,			0.06
561,	1,	10.0,	160.327,			2.454,			0.152,			0.053
562,	1,	169.0,	160.727,			1.164,			0.197,			0.053
563,	1,	7.0,	160.856,			2.881,			0.218,			0.059
564,	2,	105.0,	160.864,			12.331,			1.086,			0.184
565,	1,	13.0,	161.112,			2.556,			0.239,			0.058
566,	1,	126.0,	161.145,			2.622,			0.245,			0.058
567,	1,	157.0,	161.235,			2.016,			0.227,			0.054
568,	1,	16.0,	161.52,			1.927,			0.209,			0.053
569,	1,	90.0,	161.58,			1.187,			0.249,			0.056
570,	2,	89.0,	161.674,			11.494,			1.12,			0.126
571,	1,	28.0,	161.919,			1.708,			0.124,			0.059
572,	1,	7.0,	161.964,			2.057,			0.294,			0.053
573,	2,	141.0,	161.989,			12.242,			1.453,			0.196
574,	1,	103.0,	162.007,			2.509,			0.103,			0.053
575,	1,	30.0,	162.711,			2.116,			0.193,			0.058
576,	1,	16.0,	162.747,			1.566,			0.227,			0.051
577,	1,	10.0,	162.799,			2.143,			0.152,			0.058
578,	1,	157.0,	163.015,			1.708,			0.165,			0.056
579,	1,	16.0,	163.144,			2.346,			0.22,			0.053
580,	1,	387.0,	163.146,			2.711,			0.109,			0.058
581,	1,	146.0,	163.47,			2.407,			0.258,			0.057
582,	1,	512.0,	163.733,			1.509,			0.205,			0.06
583,	1,	169.0,	163.818,			1.01,			0.221,			0.051
584,	2,	119.0,	164.095,			12.317,			1.178,			0.168
585,	2,	74.0,	164.31,			12.088,			1.015,			0.181
586,	1,	169.0,	164.325,			2.709,			0.259,			0.06
587,	1,	13.0,	164.362,			1.283,			0.217,			0.053
588,	1,	6.0,	164.401,			1.482,			0.174,			0.055
589,	1,	95.0,	164.452,			1.578,			0.117,			0.052
590,	1,	120.0,	164.479,			2.404,			0.131,			0.052
591,	1,	44.0,	164.586,			2.524,			0.198,			0.051
592,	1,	120.0,	164.641,			2.157,			0.247,			0.057
593,	1,	16.0,	164.852,			1.76,			0.297,			0.054
594,	1,	7.0,	165.162,			1.913,			0.177,			0.054
595,	1,	7.0,	165.522,			1.172,			0.127,			0.054
596,	1,	7.0,	165.709,			2.35,			0.212,			0.059
597,	1,	49.0,	165.866,			2.645,			0.141,			0.051
598,	1,	28.0,	165.869,			2.76,			0.123,			0.051
599,	1,	387.0,	165.899,			2.398,			0.222,			0.051
600,	1,	7.0,	166.323,			1.111,			0.133,			0.06
601,	1,	126.0,	166.422,			1.431,			0.139,			0.051
602,	1,	447.0,	166.667,			2.057,			0.295,			0.058
603,	1,	30.0,	166.718,			2.567,			0.209,			0.06
604,	1,	512.0,	166.866,			1.445,			0.129,			0.053
605,	1,	10.0,	166.894,			1.215,			0.291,			0.05
606,	1,	44.0,	166.973,			1.509,			0.262,			0.054
607,	1,	169.0,	167.189,			1.494,			0.245,			0.059
608,	2,	76.0,	167.291,			13.758,			1.068,			0.151
609,	1,	512.0,	167.329,			1.998,			0.272,			0.055
610,	1,	16.0,	167.368,			1.08,			0.195,			0.053
611,	1,	103.0,	167.387,			1.988,			0.179,			0.053
612,	2,	250.0,	167.443,			10.742,			1.189,			0.148
613,	1,	157.0,	167.945,			2.973,			0.21,			0.055
614,	1,	120.0,	167.945,			1.669,			0.256,			0.054
615,	1,	7.0,	168.132,			1.005,			0.299,			0.053
616,	1,	559.0,	168.171,			2.076,			0.174,			0.053
617,	2,	226.0,	168.221,			13.224,			1.116,			0.116
618,	1,	30.0,	168.501,			1.861,			0.189,			0.059
619,	1,	28.0,	168.619,			1.36,			0.163,			0.051
620,	1,	157.0,	168.777,			1.835,			0.245,			0.054
621,	1,	90.0,	168.895,			2.857,			0.275,			0.054
622,	2,	201.0,	169.174,			10.114,			1.261,			0.197
623,	1,	49.0,	169.224,			1.671,			0.142,			0.051
624,	1,	30.0,	169.56,			1.413,			0.13,			0.054
625,	1,	498.0,	169.695,			1.501,			0.289,			0.052
626,	1,	59.0,	169.776,			1.73,			0.172,			0.051
627,	2,	239.0,	169.973,			11.994,			1.264,			0.133
628,	1,	559.0,	170.022,			1.801,			0.267,			0.055
629,	1,	13.0,	170.158,			2.643,			0.17,			0.058
630,	1,	7.0,	170.215,			1.203,			0.139,			0.056
631,	1,	49.0,	170.261,			1.285,			0.177,			0.05
632,	1,	6.0,	170.263,			2.412,			0.106,			0.059
633,	1,	157.0,	170.616,			2.534,			0.177,			0.056
634,	1,	10.0,	170.712,			1.35,			0.272,			0.052
635,	1,	49.0,	170.875,			1.657,			0.111,			0.059
636,	1,	512.0,	170.906,			2.366,			0.193,			0.054
637,	1,	44.0,	171.172,			1.927,			0.228,			0.056
638,	1,	90.0,	171.189,			1.921,			0.297,			0.06
639,	1,	30.0,	171.219,			1.192,			0.225,			0.057
640,	1,	157.0,	171.53,			2.328,			0.189,			0.057
641,	1,	169.0,	171.641,			1.448,			0.18,			0.05
642,	1,	120.0,	171.681,			1.168,			0.137,			0.058
643,	1,	157.0,	171.763,			2.298,			0.276,			0.059
644,	1,	90.0,	171.874,			1.659,			0.108,			0.059
645,	1,	126.0,	172.158,			1.097,			0.196,			0.052
646,	1,	59.0,	172.417,			1.956,			0.299,			0.057
647,	1,	6.0,	172.565,			2.553,			0.252,			0.057
648,	2,	174.0,	172.571,			14.524,			1.31,			0.133
649,	1,	30.0,	172.743,			1.908,			0.299,			0.057
650,	1,	6.0,	173.077,			2.553,			0.195,			0.052
651,	1,	387.0,	173.165,			1.736,			0.226,			0.058
652,	2,	88.0,	173.338,			14.49,			1.05,			0.186
653,	1,	7.0,	173.417,			1.626,			0.258,			0.058
654,	1,	44.0,	173.958,			1.158,			0.146,			0.059
655,	1,	95.0,	174.038,			2.858,			0.174,			0.055
656,	1,	387.0,	174.078,			1.672,			0.214,			0.057
657,	1,	28.0,	174.085,			2.249,			0.141,			0.055
658,	1,	90.0,	174.152,			2.385,			0.237,			0.058
659,	1,	44.0,	174.172,			1.625,			0.232,			0.054
660,	1,	169.0,	174.518,			2.479,			0.217,			0.051
661,	1,	16.0,	174.522,			1.681,			0.108,			0.055
662,	1,	10.0,	174.676,			1.187,			0.121,			0.057
663,	1,	379.0,	174.985,			2.133,			0.193,			0.055
664,	1,	49.0,	175.051,			1.805,			0.12,			0.052
665,	2,	209.0,	175.071,			11.717,			1.081,			0.2
666,	1,	59.0,	175.249,			1.314,			0.133,			0.06
667,	1,	6.0,	175.786,			1.458,			0.251,			0.051
668,	1,	90.0,	175.957,			2.714,			0.251,			0.058
669,	2,	90.0,	176.227,			12.649,			1.321,			0.125
670,	1,	10.0,	176.293,			1.581,			0.154,			0.056
671,	1,	498.0,	176.443,			1.663,			0.158,			0.058
672,	1,	214.0,	176.522,			2.318,			0.288,			0.055
673,	1,	146.0,	176.6,			1.044,			0.206,			0.054
674,	2,	82.0,	176.626,			11.164,			1.175,			0.2
675,	1,	6.0,	177.385,			2.874,			0.187,			0.054
676,	1,	169.0,	177.433,			1.86,			0.129,			0.052
677,	1,	103.0,	177.485,			1.307,			0.146,			0.059
678,	1,	103.0,	177.602,			1.805,			0.183,			0.056
679,	1,	59.0,	177.678,			1.99,			0.3,			0.052
680,	1,	13.0,	177.733,			1.164,			0.202,			0.055
681,	2,	168.0,	177.744,			12.155,			1.095,			0.126
682,	1,	169.0,	177.867,			1.667,			0.218,			0.057
683,	2,	80.0,	178.224,			12.662,			1.353,			0.189
684,	1,	379.0,	178.358,			1.864,			0.293,			0.054
685,	1,	214.0,	178.562,			1.289,			0.114,			0.053
686,	1,	559.0,	178.612,			1.827,			0.28,			0.055
687,	1,	498.0,	178.943,			1.424,			0.151,			0.058
688,	1,	7.0,	179.036,			1.876,			0.12,			0.05
689,	2,	173.0,	179.784,			11.869,			1.286,			0.119
690,	1,	146.0,	180.294,			2.92,			0.17,			0.051
691,	1,	447.0,	180.309,			2.565,			0.137,			0.051
692,	1,	120.0,	180.371,			1.679,			0.182,			0.053
693,	1,	59.0,	180.376,			1.965,			0.106,			0.054
694,	1,	59.0,	180.42,			2.759,			0.234,			0.054
695,	1,	559.0,	180.743,			1.719,			0.244,			0.053
696,	1,	30.0,	181.048,			1.08,			0.296,			0.05
697,	1,	7.0,	181.161,			1.924,			0.277,			0.057
698,	1,	7.0,	181.254,			2.709,			0.242,			0.055
699,	1,	7.0,	181.275,			2.038,			0.167,			0.055
700,	1,	95.0,	181.435,			1.028,			0.114,			0.051
701,	1,	6.0,	181.596,			1.071,			0.21,			0.051
702,	1,	49.0,	181.627,			1.996,			0.127,			0.055
703,	1,	559.0,	181.788,			2.1,			0.179,			0.053
704,	1,	103.0,	181.911,			2.148,			0.121,			0.051
705,	1,	146.0,	182.153,			2.048,			0.239,			0.056
706,	2,	148.0,	182.228,			14.921,			1.452,			0.129
707,	1,	447.0,	182.357,			1.46,			0.195,			0.056
708,	1,	16.0,	182.501,			2.486,			0.133,			0.06
709,	1,	95.0,	182.779,			2.163,			0.15,			0.052
710,	1,	30.0,	183.027,			1.303,			0.124,			0.053
711,	1,	387.0,	183.036,			1.107,			0.231,			0.055
712,	1,	44.0,	183.234,			1.515,			0.152,			0.054
713,	1,	7.0,	183.37,			1.155,			0.29,			0.052
714,	1,	157.0,	183.47,			2.759,			0.298,			0.06
715,	1,	169.0,	183.578,			2.379,			0.131,			0.053
716,	1,	28.0,	183.609,			1.116,			0.241,			0.053
717,	1,	6.0,	183.982,			2.685,			0.297,			0.052
718,	1,	28.0,	184.15,			2.92,			0.154,			0.058
719,	1,	7.0,	184.168,			1.382,			0.174,			0.058
720,	1,	379.0,	184.274,			2.286,			0.256,			0.052
721,	1,	559.0,	184.556,			1.213,			0.276,			0.054
722,	1,	44.0,	184.835,			2.95,			0.233,			0.052
723,	1,	498.0,	184.848,			2.711,			0.299,			0.057
724,	1,	7.0,	184.853,			2.895,			0.101,			0.056
725,	1,	103.0,	184.876,			1.679,			0.27,			0.053
726,	1,	498.0,	184.897,			2.465,			0.255,			0.058
727,	1,	512.0,	185.128,			1.731,			0.153,			0.053
728,	1,	559.0,	185.13,			2.288,			0.236,			0.059
729,	1,	379.0,	185.323,			2.976,			0.114,			0.05
730,	1,	28.0,	185.349,			1.103,			0.165,			0.052
731,	1,	387.0,	185.396,			2.425,			0.263,			0.052
732,	2,	57.0,	185.505,			11.968,			1.306,			0.113
733,	2,	217.0,	185.557,			10.176,			1.042,			0.146
734,	2,	196.0,	185.587,			14.334,			1.247,			0.195
735,	1,	59.0,	185.604,			1.186,			0.195,			0.051
736,	1,	387.0,	185.707,			1.609,			0.154,			0.055
737,	1,	90.0,	185.708,			1.952,			0.249,			0.051
738,	1,	16.0,	185.939,			1.757,			0.14,			0.053
739,	1,	95.0,	185.941,			1.515,			0.252,			0.058
740,	1,	6.0,	187.235,			2.58,			0.158,			0.057
741,	1,	13.0,	187.333,			1.761,			0.235,			0.052
742,	1,	126.0,	187.567,			2.063,			0.135,			0.056
743,	1,	559.0,	187.681,			1.59,			0.289,			0.05
744,	1,	214.0,	187.808,			2.122,			0.269,			0.058
745,	1,	146.0,	187.958,			2.377,			0.202,			0.054
746,	1,	157.0,	188.515,			2.252,			0.221,			0.052
747,	1,	7.0,	188.595,			2.95,			0.279,			0.052
748,	1,	13.0,	188.768,			2.269,			0.287,			0.055
749,	1,	13.0,	188.79,			1.464,			0.202,			0.059
750,	1,	214.0,	189.012,			2.424,			0.111,			0.056
751,	1,	13.0,	189.085,			2.153,			0.211,			0.053
752,	1,	44.0,	189.225,			1.464,			0.117,			0.052
753,	1,	512.0,	189.622,			2.301,			0.258,			0.051
754,	1,	103.0,	189.682,			1.106,			0.156,			0.052
755,	1,	95.0,	189.701,			2.69,			0.171,			0.057
756,	1,	498.0,	189.775,			1.445,			0.184,			0.059
757,	1,	169.0,	189.912,			2.18,			0.283,			0.057
758,	1,	6.0,	190.1,			1.56,			0.131,			0.058
759,	1,	13.0,	190.389,			2.627,			0.136,			0.054
760,	1,	30.0,	190.437,			1.416,			0.171,			0.052
761,	1,	126.0,	190.557,			1.595,			0.154,			0.059
762,	1,	103.0,	190.806,			2.92,			0.183,			0.057
763,	2,	230.0,	190.985,			11.591,			1.053,			0.111
764,	1,	512.0,	191.333,			1.681,			0.251,			0.055
765,	1,	498.0,	191.457,			1.886,			0.233,			0.06
766,	1,	169.0,	191.763,			1.822,			0.135,			0.053
767,	1,	126.0,	192.156,			1.592,			0.275,			0.051
768,	1,	169.0,	192.215,			2.58,			0.187,			0.052
769,	1,	214.0,	192.251,			2.579,			0.297,			0.052
770,	1,	28.0,	192.526,			1.994,			0.137,			0.051
771,	1,	7.0,	192.654,			1.737,			0.28,			0.051
772,	2,	287.0,	192.679,			10.103,			1.47,			0.105
773,	1,	126.0,	192.836,			1.703,			0.265,			0.054
774,	1,	498.0,	192.886,			2.622,			0.247,			0.057
775,	1,	512.0,	193.165,			1.075,			0.137,			0.054
776,	1,	512.0,	193.316,			1.4,			0.161,			0.055
777,	1,	49.0,	193.458,			2.398,			0.113,			0.055
778,	1,	447.0,	193.542,			2.326,			0.206,			0.06
779,	2,	219.0,	193.575,			12.564,			1.349,			0.198
780,	1,	120.0,	194.313,			1.317,			0.139,			0.054
781,	1,	157.0,	194.316,			1.769,			0.276,			0.058
782,	1,	44.0,	194.672,			2.581,			0.155,			0.057
783,	1,	7.0,	194.685,			1.736,			0.244,			0.059
784,	2,	245.0,	194.797,			11.643,			1.042,			0.2
785,	1,	10.0,	194.816,			1.009,			0.204,			0.05
786,	1,	7.0,	195.323,			2.346,			0.145,			0.055
787,	1,	447.0,	195.569,			1.742,			0.183,			0.058
788,	1,	6.0,	195.755,			1.211,			0.108,			0.055
789,	1,	59.0,	195.795,			1.095,			0.212,			0.056
790,	1,	10.0,	195.823,			2.249,			0.298,			0.053
791,	1,	7.0,	197.386,			1.302,			0.251,			0.056
792,	1,	379.0,	197.395,			1.394,			0.162,			0.059
793,	1,	387.0,	197.567,			2.175,			0.182,			0.054
794,	1,	512.0,	197.776,			2.414,			0.125,			0.052
795,	1,	6.0,	197.979,			2.948,			0.196,			0.052
796,	2,	103.0,	198.116,			14.984,			1.013,			0.104
797,	2,	47.0,	198.498,			14.511,			1.053,			0.191
798,	1,	498.0,	198.619,			2.645,			0.129,			0.053
799,	2,	58.0,	198.637,			11.587,			1.215,			0.194
800,	1,	90.0,	198.735,			2.642,			0.109,			0.056
801,	1,	146.0,	198.932,			1.141,			0.13,			0.051
802,	1,	169.0,	198.999,			1.028,			0.209,			0.057
803,	2,	181.0,	199.225,			13.478,			1.12,			0.133
804,	1,	447.0,	199.878,			2.276,			0.216,			0.056
805,	1,	7.0,	199.949,			1.942,			0.253,			0.057
806,	1,	49.0,	200.015,			1.61,			0.146,			0.057
807,	1,	6.0,	200.098,			1.204,			0.214,			0.059
808,	1,	95.0,	200.12,			1.243,			0.112,			0.055
809,	1,	498.0,	200.188,			2.169,			0.286,			0.054
810,	2,	302.0,	200.206,			11.761,			1.33,			0.154
811,	1,	7.0,	200.28,			1.489,			0.195,			0.052
812,	2,	94.0,	200.335,			13.224,			1.011,			0.166
813,	1,	59.0,	200.361,			1.071,			0.249,			0.053
814,	1,	169.0,	200.392,			2.238,			0.159,			0.053
815,	1,	7.0,	200.412,			1.663,			0.174,			0.051
816,	1,	28.0,	200.474,			2.599,			0.221,			0.051
817,	2,	113.0,	200.552,			14.646,			1.447,			0.109
818,	1,	7.0,	200.698,			1.719,			0.174,			0.054
819,	1,	7.0,	201.066,			1.151,			0.157,			0.052
820,	2,	136.0,	201.093,			11.553,			1.246,			0.19
821,	1,	214.0,	201.606,			2.562,			0.286,			0.056
822,	1,	146.0,	201.801,			1.928,			0.199,			0.06
823,	1,	7.0,	202.258,			1.97,			0.165,			0.059
824,	1,	7.0,	202.671,			1.811,			0.252,			0.058
825,	1,	49.0,	203.799,			1.178,			0.203,			0.054
826,	1,	6.0,	204.123,			2.11,			0.139,			0.055
827,	1,	126.0,	204.131,			2.034,			0.223,			0.058
828,	1,	120.0,	204.135,			1.909,			0.131,			0.059
829,	1,	559.0,	204.309,			2.797,			0.173,			0.057
830,	1,	7.0,	204.527,			1.483,			0.191,			0.053
831,	2,	213.0,	205.417,			13.095,			1.311,			0.176
832,	1,	59.0,	205.436,			2.703,			0.152,			0.056
833,	1,	157.0,	205.611,			1.756,			0.221,			0.053
834,	1,	169.0,	205.66,			1.612,			0.174,			0.052
835,	1,	498.0,	205.778,			2.222,			0.277,			0.056
836,	1,	126.0,	206.445,			1.325,			0.263,			0.06
837,	1,	44.0,	206.585,			1.187,			0.228,			0.054
838,	1,	7.0,	207.563,			2.87,			0.108,			0.055
839,	1,	126.0,	207.801,			1.406,			0.106,			0.06
840,	1,	126.0,	207.825,			1.249,			0.231,			0.056
841,	1,	120.0,	208.511,			2.116,			0.161,			0.059
842,	1,	447.0,	208.731,			1.59,			0.203,			0.057
843,	1,	95.0,	208.936,			2.555,			0.159,			0.051
844,	1,	498.0,	208.954,			1.402,			0.254,			0.054
845,	2,	91.0,	209.044,			10.912,			1.099,			0.17
846,	2,	165.0,	209.195,			11.578,			1.278,			0.198
847,	2,	108.0,	209.37,			14.135,			1.47,			0.134
848,	1,	59.0,	209.505,			2.532,			0.225,			0.058
849,	1,	379.0,	209.635,			1.935,			0.279,			0.059
850,	1,	146.0,	209.655,			1.848,			0.2,			0.05
851,	1,	120.0,	209.659,			2.623,			0.108,			0.052
852,	1,	16.0,	209.907,			2.819,			0.298,			0.052
853,	2,	85.0,	209.908,			13.17,			1.174,			0.176
854,	1,	126.0,	210.426,			1.651,			0.166,			0.057
855,	1,	126.0,	210.438,			2.711,			0.188,			0.051
856,	1,	6.0,	211.223,			2.761,			0.247,			0.056
857,	1,	44.0,	212.615,			2.568,			0.279,			0.052
858,	2,	198.0,	212.635,			14.393,			1.399,			0.162
859,	1,	169.0,	213.333,			2.198,			0.251,			0.053
860,	1,	7.0,	213.517,			2.562,			0.187,			0.057
861,	2,	98.0,	213.565,			11.993,			1.172,			0.159
862,	2,	103.0,	213.668,			14.984,			1.482,			0.182
863,	1,	90.0,	214.423,			1.532,			0.114,			0.052
864,	1,	49.0,	214.546,			2.621,			0.298,			0.058
865,	1,	30.0,	214.988,			2.834,			0.125,			0.057
866,	1,	49.0,	215.15,			2.533,			0.153,			0.051
867,	1,	95.0,	215.252,			1.728,			0.195,			0.059
868,	2,	480.0,	215.329,			13.979,			1.219,			0.112
869,	1,	126.0,	215.386,			2.832,			0.124,			0.052
870,	2,	190.0,	215.668,			11.504,			1.326,			0.16
871,	1,	103.0,	216.361,			1.356,			0.289,			0.052
872,	1,	146.0,	216.448,			1.05,			0.168,			0.058
873,	2,	69.0,	217.208,			11.441,			1.016,			0.137
874,	1,	559.0,	217.391,			1.103,			0.107,			0.058
875,	1,	16.0,	217.412,			2.874,			0.238,			0.056
876,	1,	7.0,	218.152,			1.166,			0.126,			0.06
877,	1,	7.0,	218.195,			1.613,			0.106,			0.056
878,	1,	16.0,	218.459,			1.478,			0.195,			0.053
879,	1,	7.0,	218.805,			2.232,			0.294,			0.059
880,	1,	379.0,	219.686,			2.802,			0.153,			0.058
881,	1,	146.0,	219.701,			1.801,			0.161,			0.052
882,	2,	89.0,	220.017,			14.936,			1.445,			0.143
883,	1,	13.0,	220.141,			1.252,			0.266,			0.052
884,	1,	59.0,	220.415,			1.174,			0.111,			0.059
885,	2,	105.0,	220.548,			11.649,			1.171,			0.198
886,	1,	387.0,	220.855,			1.225,			0.167,			0.051
887,	2,	153.0,	220.913,			12.789,			1.296,			0.137
888,	1,	498.0,	220.936,			2.802,			0.27,			0.052
889,	1,	7.0,	221.585,			1.447,			0.154,			0.052
890,	1,	7.0,	221.89,			2.686,			0.228,			0.054
891,	1,	498.0,	222.171,			2.158,			0.222,			0.058
892,	1,	44.0,	222.171,			2.366,			0.192,			0.051
893,	1,	447.0,	222.262,			1.407,			0.277,			0.057
894,	1,	146.0,	222.462,			1.996,			0.166,			0.054
895,	1,	13.0,	222.72,			2.969,			0.128,			0.052
896,	2,	158.0,	222.917,			13.958,			1.483,			0.169
897,	1,	10.0,	223.135,			2.669,			0.108,			0.054
898,	1,	7.0,	223.149,			1.816,			0.162,			0.059
899,	1,	30.0,	225.199,			2.148,			0.165,			0.053
900,	1,	214.0,	225.551,			2.776,			0.203,			0.059
901,	2,	175.0,	226.277,			13.3,			1.324,			0.187
902,	1,	6.0,	226.564,			2.143,			0.248,			0.059
903,	1,	10.0,	226.689,			1.098,			0.265,			0.053
904,	2,	117.0,	226.948,			12.165,			1.453,			0.164
905,	1,	103.0,	227.157,			2.675,			0.251,			0.052
906,	1,	6.0,	227.836,			2.985,			0.186,			0.056
907,	2,	120.0,	227.938,			14.908,			1.067,			0.155
908,	1,	59.0,	229.247,			1.875,			0.161,			0.058
909,	1,	95.0,	229.358,			2.031,			0.231,			0.051
910,	2,	106.0,	229.601,			13.596,			1.083,			0.14
911,	2,	194.0,	229.79,			14.187,			1.421,			0.156
912,	1,	559.0,	230.184,			2.601,			0.272,			0.051
913,	1,	169.0,	231.995,			1.728,			0.152,			0.06
914,	1,	6.0,	232.913,			2.056,			0.28,			0.052
915,	2,	94.0,	233.119,			11.484,			1.055,			0.145
916,	1,	169.0,	233.771,			2.58,			0.243,			0.055
917,	1,	214.0,	234.289,			2.702,			0.198,			0.055
918,	1,	120.0,	234.495,			1.968,			0.289,			0.056
919,	1,	28.0,	234.504,			2.322,			0.146,			0.052
920,	1,	559.0,	234.777,			1.364,			0.154,			0.059
921,	1,	126.0,	234.915,			2.832,			0.271,			0.057
922,	2,	217.0,	235.014,			11.864,			1.403,			0.136
923,	1,	447.0,	235.114,			1.941,			0.138,			0.056
924,	1,	447.0,	235.276,			2.779,			0.167,			0.054
925,	2,	127.0,	236.386,			12.296,			1.354,			0.133
926,	1,	6.0,	236.85,			1.353,			0.2,			0.056
927,	1,	103.0,	237.089,			2.819,			0.237,			0.059
928,	1,	387.0,	238.228,			2.415,			0.167,			0.053
929,	2,	109.0,	240.076,			12.115,			1.321,			0.194
930,	1,	13.0,	240.993,			2.582,			0.256,			0.051
931,	2,	204.0,	241.158,			13.878,			1.431,			0.151
932,	2,	132.0,	241.312,			12.608,			1.128,			0.132
933,	2,	149.0,	241.319,			10.789,			1.445,			0.172
934,	1,	447.0,	242.052,			1.01,			0.158,			0.053
935,	1,	498.0,	243.613,			1.908,			0.195,			0.056
936,	2,	120.0,	244.027,			11.215,			1.103,			0.102
937,	1,	214.0,	244.501,			2.681,			0.2,			0.053
938,	1,	90.0,	246.171,			1.353,			0.125,			0.058
939,	1,	44.0,	246.414,			1.45,			0.271,			0.057
940,	1,	126.0,	246.648,			1.353,			0.257,			0.058
941,	1,	6.0,	247.74,			1.875,			0.158,			0.06
942,	1,	90.0,	248.162,			2.198,			0.214,			0.053
943,	1,	169.0,	248.736,			2.169,			0.177,			0.06
944,	2,	130.0,	249.039,			11.125,			1.354,			0.191
945,	2,	196.0,	249.296,			14.676,			1.327,			0.178
946,	1,	157.0,	249.703,			1.921,			0.146,			0.053
947,	2,	127.0,	249.829,			10.782,			1.183,			0.16
948,	2,	111.0,	250.5,			13.778,			1.419,			0.142
949,	1,	90.0,	251.175,			1.613,			0.112,			0.056
950,	1,	498.0,	251.642,			1.187,			0.259,			0.058
951,	2,	175.0,	252.885,			12.48,			1.124,			0.145
952,	2,	237.0,	254.089,			10.365,			1.117,			0.103
953,	2,	214.0,	254.8,			10.244,			1.479,			0.113
954,	1,	7.0,	255.762,			1.969,			0.217,			0.058
955,	1,	447.0,	257.414,			2.711,			0.253,			0.055
956,	2,	90.0,	259.159,			13.303,			1.171,			0.164
957,	1,	30.0,	259.354,			2.328,			0.215,			0.057
958,	2,	130.0,	259.493,			11.387,			1.129,			0.182
959,	2,	125.0,	260.171,			11.61,			1.322,			0.15
960,	2,	68.0,	261.147,			10.952,			1.1,			0.175
961,	2,	160.0,	261.233,			14.509,			1.063,			0.176
962,	2,	68.0,	261.286,			10.298,			1.253,			0.125
963,	1,	59.0,	263.673,			2.143,			0.226,			0.054
964,	1,	16.0,	263.777,			1.488,			0.103,			0.058
965,	1,	28.0,	263.915,			2.748,			0.237,			0.056
966,	2,	122.0,	263.931,			14.011,			1.251,			0.147
967,	1,	7.0,	264.409,			1.433,			0.101,			0.059
968,	1,	387.0,	264.585,			1.73,			0.285,			0.052
969,	2,	127.0,	267.23,			10.782,			1.41,			0.115
970,	2,	60.0,	267.385,			11.668,			1.25,			0.171
971,	2,	53.0,	269.248,			10.778,			1.251,			0.127
972,	2,	275.0,	270.912,			13.871,			1.037,			0.108
973,	2,	94.0,	272.219,			10.176,			1.332,			0.128
974,	1,	512.0,	272.44,			2.52,			0.251,			0.055
975,	1,	10.0,	272.865,			1.791,			0.2,			0.051
976,	1,	90.0,	272.925,			2.655,			0.198,			0.055
977,	2,	187.0,	272.962,			12.546,			1.375,			0.13
978,	2,	254.0,	273.354,			14.658,			1.389,			0.17
979,	1,	44.0,	273.523,			1.998,			0.108,			0.051
980,	2,	77.0,	276.536,			13.193,			1.139,			0.139
981,	2,	193.0,	278.053,			13.161,			1.218,			0.107
982,	1,	7.0,	278.443,			2.916,			0.195,			0.059
983,	2,	154.0,	278.665,			13.639,			1.299,			0.144
984,	2,	213.0,	278.738,			14.572,			1.106,			0.136
985,	2,	193.0,	278.987,			10.173,			1.259,			0.198
986,	2,	169.0,	281.894,			11.829,			1.311,			0.169
987,	2,	170.0,	282.639,			10.043,			1.492,			0.116
988,	2,	271.0,	284.305,			13.639,			1.017,			0.196
989,	2,	192.0,	285.94,			12.317,			1.093,			0.125
990,	2,	90.0,	286.331,			12.643,			1.427,			0.16
991,	2,	211.0,	287.012,			14.276,			1.161,			0.126
992,	1,	95.0,	287.227,			1.441,			0.108,			0.054
993,	2,	131.0,	289.725,			14.149,			1.232,			0.105
994,	2,	206.0,	291.223,			11.393,			1.198,			0.148
995,	2,	205.0,	292.73,			11.677,			1.253,			0.199
996,	2,	255.0,	293.768,			10.871,			1.231,			0.18
997,	2,	174.0,	294.045,			12.617,			1.037,			0.195
998,	1,	512.0,	295.903,			1.998,			0.146,			0.057
999,	1,	447.0,	297.365,			2.187,			0.108,			0.05
1000,	1,	95.0,	300.0,			2.712,			0.122,			0.054
