#, task_type_id, size, arrival_time,	execution_time_cpu,	execution_time_gpu,	execution_time_CLOUD
1,	1,	447.0,	0.0,			1.698,			0.235,			0.051
2,	2,	143.0,	1.41,			13.193,			1.18,			0.164
3,	2,	225.0,	2.039,			13.569,			1.046,			0.14
4,	2,	197.0,	3.45,			12.069,			1.063,			0.142
5,	2,	239.0,	3.712,			10.936,			1.119,			0.179
6,	2,	141.0,	3.767,			13.135,			1.438,			0.125
7,	2,	175.0,	3.876,			14.268,			1.347,			0.196
8,	2,	144.0,	4.607,			10.96,			1.207,			0.118
9,	2,	166.0,	5.292,			12.786,			1.494,			0.157
10,	2,	104.0,	7.135,			13.316,			1.033,			0.11
11,	2,	149.0,	8.268,			10.099,			1.332,			0.118
12,	2,	127.0,	8.793,			11.334,			1.009,			0.138
13,	2,	195.0,	9.282,			11.854,			1.357,			0.197
14,	2,	141.0,	9.84,			10.721,			1.108,			0.185
15,	2,	166.0,	10.798,			12.014,			1.075,			0.118
16,	2,	97.0,	11.262,			12.331,			1.222,			0.145
17,	2,	87.0,	11.76,			11.328,			1.497,			0.127
18,	2,	209.0,	14.407,			10.319,			1.385,			0.151
19,	2,	108.0,	16.595,			13.348,			1.421,			0.123
20,	2,	130.0,	17.003,			10.84,			1.291,			0.165
21,	2,	208.0,	22.082,			10.279,			1.398,			0.166
22,	2,	252.0,	22.237,			13.222,			1.087,			0.155
23,	2,	45.0,	22.73,			10.491,			1.425,			0.179
24,	1,	90.0,	23.295,			1.862,			0.214,			0.053
25,	2,	165.0,	24.494,			14.48,			1.175,			0.16
26,	2,	238.0,	25.232,			11.604,			1.008,			0.125
27,	1,	7.0,	27.55,			1.061,			0.234,			0.06
28,	2,	167.0,	28.514,			13.747,			1.116,			0.163
29,	2,	109.0,	28.842,			10.895,			1.108,			0.188
30,	2,	203.0,	31.056,			10.225,			1.164,			0.167
31,	1,	7.0,	32.384,			1.853,			0.186,			0.059
32,	2,	162.0,	33.454,			11.276,			1.012,			0.154
33,	1,	7.0,	34.514,			2.418,			0.243,			0.059
34,	1,	30.0,	34.661,			1.08,			0.16,			0.055
35,	1,	30.0,	38.721,			2.09,			0.258,			0.055
36,	2,	207.0,	39.129,			10.702,			1.02,			0.125
37,	1,	90.0,	39.871,			1.203,			0.284,			0.06
38,	1,	103.0,	40.019,			1.204,			0.251,			0.056
39,	2,	203.0,	41.403,			11.915,			1.231,			0.145
40,	1,	157.0,	42.615,			1.966,			0.139,			0.057
41,	2,	210.0,	42.74,			13.664,			1.494,			0.157
42,	2,	133.0,	43.031,			13.602,			1.189,			0.131
43,	1,	6.0,	43.685,			1.499,			0.216,			0.06
44,	2,	157.0,	43.907,			13.239,			1.231,			0.125
45,	2,	203.0,	44.109,			11.864,			1.138,			0.13
46,	1,	387.0,	44.985,			1.386,			0.127,			0.052
47,	2,	82.0,	46.371,			10.661,			1.139,			0.146
48,	1,	7.0,	46.728,			1.263,			0.112,			0.055
49,	1,	7.0,	46.984,			2.302,			0.104,			0.056
50,	2,	49.0,	47.326,			11.99,			1.046,			0.142
51,	2,	207.0,	47.384,			11.383,			1.025,			0.137
52,	2,	207.0,	47.462,			11.722,			1.015,			0.108
53,	1,	59.0,	48.496,			2.789,			0.26,			0.06
54,	1,	44.0,	48.938,			2.565,			0.145,			0.055
55,	1,	7.0,	49.599,			1.969,			0.189,			0.058
56,	1,	447.0,	49.609,			1.047,			0.252,			0.055
57,	1,	7.0,	49.834,			2.09,			0.166,			0.053
58,	2,	84.0,	52.585,			14.139,			1.236,			0.157
59,	2,	103.0,	53.646,			11.496,			1.076,			0.133
60,	2,	305.0,	54.321,			12.54,			1.421,			0.109
61,	2,	126.0,	54.368,			10.78,			1.127,			0.159
62,	1,	95.0,	56.141,			1.631,			0.272,			0.056
63,	2,	78.0,	56.374,			11.598,			1.306,			0.184
64,	1,	16.0,	56.427,			2.286,			0.264,			0.059
65,	1,	95.0,	56.453,			1.481,			0.241,			0.055
66,	2,	121.0,	56.501,			13.596,			1.207,			0.19
67,	1,	169.0,	56.523,			2.33,			0.297,			0.054
68,	2,	283.0,	56.652,			14.277,			1.452,			0.148
69,	2,	117.0,	56.699,			10.826,			1.231,			0.106
70,	2,	216.0,	56.77,			11.666,			1.245,			0.172
71,	1,	387.0,	56.823,			2.457,			0.29,			0.058
72,	1,	16.0,	58.246,			2.092,			0.228,			0.06
73,	2,	133.0,	58.389,			10.909,			1.326,			0.164
74,	1,	44.0,	58.504,			2.799,			0.235,			0.052
75,	2,	142.0,	59.17,			12.383,			1.084,			0.155
76,	1,	6.0,	59.726,			1.821,			0.108,			0.054
77,	1,	559.0,	59.809,			2.407,			0.202,			0.053
78,	1,	10.0,	60.202,			2.653,			0.22,			0.059
79,	1,	44.0,	61.997,			1.051,			0.255,			0.056
80,	2,	147.0,	62.954,			14.12,			1.211,			0.168
81,	1,	90.0,	63.612,			2.974,			0.192,			0.054
82,	2,	84.0,	64.874,			10.672,			1.108,			0.151
83,	1,	7.0,	65.67,			1.909,			0.284,			0.055
84,	1,	59.0,	66.067,			1.76,			0.107,			0.054
85,	1,	13.0,	66.809,			2.457,			0.123,			0.058
86,	1,	7.0,	67.127,			1.501,			0.12,			0.051
87,	1,	28.0,	67.72,			2.11,			0.27,			0.058
88,	2,	250.0,	67.808,			11.864,			1.055,			0.143
89,	1,	7.0,	69.108,			2.293,			0.148,			0.058
90,	1,	120.0,	70.126,			1.667,			0.215,			0.057
91,	1,	30.0,	70.165,			1.448,			0.158,			0.057
92,	1,	512.0,	70.403,			1.875,			0.238,			0.058
93,	1,	6.0,	70.53,			1.921,			0.232,			0.051
94,	1,	120.0,	71.228,			1.044,			0.166,			0.055
95,	1,	146.0,	71.497,			1.263,			0.231,			0.052
96,	1,	7.0,	71.801,			1.625,			0.132,			0.052
97,	2,	95.0,	71.836,			14.185,			1.295,			0.143
98,	1,	559.0,	71.914,			1.291,			0.157,			0.051
99,	1,	16.0,	73.232,			2.321,			0.282,			0.06
100,	2,	189.0,	73.446,			11.237,			1.31,			0.136
101,	1,	90.0,	75.069,			1.672,			0.102,			0.054
102,	1,	126.0,	76.418,			1.575,			0.184,			0.052
103,	1,	28.0,	77.355,			2.525,			0.28,			0.057
104,	1,	559.0,	77.913,			1.941,			0.118,			0.059
105,	1,	559.0,	77.98,			1.432,			0.106,			0.058
106,	1,	10.0,	78.107,			1.047,			0.153,			0.058
107,	2,	62.0,	78.8,			14.729,			1.465,			0.113
108,	1,	214.0,	78.843,			2.957,			0.112,			0.055
109,	1,	512.0,	78.908,			1.682,			0.151,			0.053
110,	2,	115.0,	79.014,			12.463,			1.483,			0.145
111,	2,	128.0,	79.031,			12.537,			1.12,			0.154
112,	2,	183.0,	79.382,			11.781,			1.262,			0.193
113,	1,	6.0,	79.552,			2.232,			0.214,			0.05
114,	1,	30.0,	80.543,			1.988,			0.203,			0.05
115,	1,	512.0,	80.805,			1.204,			0.264,			0.058
116,	1,	28.0,	81.278,			2.366,			0.275,			0.059
117,	1,	6.0,	81.37,			1.732,			0.155,			0.058
118,	1,	30.0,	81.538,			1.531,			0.287,			0.055
119,	2,	76.0,	81.691,			11.075,			1.065,			0.151
120,	2,	149.0,	81.757,			11.207,			1.092,			0.138
121,	1,	90.0,	81.777,			1.981,			0.103,			0.058
122,	2,	160.0,	81.797,			14.283,			1.067,			0.12
123,	1,	7.0,	81.877,			1.277,			0.159,			0.06
124,	2,	162.0,	81.934,			10.978,			1.306,			0.133
125,	1,	44.0,	82.353,			2.638,			0.131,			0.057
126,	1,	157.0,	82.36,			1.414,			0.171,			0.051
127,	2,	87.0,	82.64,			13.671,			1.066,			0.175
128,	1,	95.0,	82.708,			2.88,			0.197,			0.054
129,	1,	10.0,	83.515,			2.116,			0.278,			0.059
130,	1,	387.0,	84.155,			1.005,			0.19,			0.059
131,	1,	28.0,	84.156,			2.425,			0.235,			0.057
132,	1,	120.0,	84.662,			2.143,			0.106,			0.06
133,	2,	258.0,	84.922,			14.4,			1.189,			0.114
134,	1,	169.0,	85.077,			1.637,			0.199,			0.052
135,	2,	192.0,	85.175,			13.396,			1.469,			0.109
136,	2,	151.0,	85.198,			11.587,			1.022,			0.198
137,	1,	6.0,	85.421,			2.681,			0.243,			0.059
138,	1,	59.0,	85.636,			2.895,			0.153,			0.051
139,	1,	6.0,	85.642,			2.273,			0.259,			0.057
140,	1,	28.0,	86.051,			1.985,			0.151,			0.056
141,	1,	512.0,	86.335,			2.911,			0.272,			0.058
142,	1,	447.0,	86.549,			2.304,			0.2,			0.056
143,	1,	559.0,	86.766,			2.787,			0.249,			0.053
144,	2,	146.0,	86.803,			12.162,			1.4,			0.134
145,	1,	157.0,	86.82,			2.085,			0.287,			0.055
146,	1,	30.0,	86.823,			1.554,			0.274,			0.053
147,	1,	6.0,	87.015,			1.933,			0.192,			0.054
148,	1,	16.0,	87.088,			1.517,			0.124,			0.051
149,	1,	169.0,	87.263,			1.367,			0.258,			0.053
150,	2,	111.0,	87.266,			14.715,			1.065,			0.198
151,	1,	559.0,	87.338,			2.448,			0.184,			0.053
152,	1,	126.0,	87.844,			1.395,			0.106,			0.052
153,	1,	126.0,	88.026,			2.798,			0.184,			0.057
154,	2,	165.0,	88.568,			12.184,			1.305,			0.14
155,	1,	387.0,	88.637,			1.442,			0.135,			0.051
156,	2,	181.0,	89.019,			10.523,			1.264,			0.102
157,	1,	44.0,	89.038,			1.232,			0.101,			0.059
158,	1,	169.0,	89.516,			2.448,			0.113,			0.051
159,	1,	6.0,	90.316,			2.896,			0.293,			0.052
160,	1,	559.0,	90.852,			1.291,			0.104,			0.054
161,	1,	169.0,	91.115,			2.016,			0.133,			0.051
162,	1,	7.0,	91.498,			2.866,			0.238,			0.052
163,	1,	157.0,	91.627,			2.03,			0.27,			0.05
164,	1,	103.0,	91.719,			1.158,			0.244,			0.051
165,	1,	59.0,	92.029,			1.409,			0.195,			0.058
166,	2,	205.0,	92.09,			11.478,			1.053,			0.134
167,	1,	214.0,	92.81,			1.134,			0.121,			0.055
168,	1,	7.0,	93.254,			2.436,			0.192,			0.057
169,	1,	379.0,	93.476,			1.624,			0.202,			0.06
170,	1,	157.0,	93.615,			1.801,			0.258,			0.051
171,	2,	122.0,	93.684,			13.795,			1.388,			0.162
172,	1,	7.0,	93.746,			2.717,			0.294,			0.06
173,	1,	44.0,	94.215,			2.709,			0.119,			0.055
174,	1,	7.0,	94.333,			1.095,			0.258,			0.05
175,	1,	7.0,	94.489,			1.61,			0.136,			0.052
176,	1,	512.0,	94.57,			1.403,			0.29,			0.057
177,	1,	7.0,	95.236,			1.269,			0.162,			0.05
178,	1,	126.0,	95.309,			2.457,			0.279,			0.054
179,	1,	30.0,	95.571,			2.073,			0.16,			0.056
180,	1,	6.0,	95.672,			2.489,			0.166,			0.056
181,	1,	44.0,	95.866,			1.857,			0.136,			0.052
182,	1,	7.0,	96.113,			2.415,			0.193,			0.051
183,	1,	120.0,	96.124,			1.269,			0.28,			0.055
184,	1,	126.0,	96.835,			1.488,			0.292,			0.056
185,	1,	157.0,	96.945,			1.096,			0.15,			0.053
186,	1,	387.0,	97.052,			1.211,			0.29,			0.059
187,	1,	103.0,	97.139,			1.158,			0.215,			0.054
188,	1,	214.0,	97.22,			2.441,			0.174,			0.053
189,	1,	447.0,	97.222,			1.786,			0.184,			0.055
190,	1,	13.0,	97.433,			1.642,			0.21,			0.058
191,	1,	95.0,	97.623,			2.222,			0.133,			0.059
192,	1,	10.0,	97.784,			1.266,			0.204,			0.055
193,	1,	10.0,	97.89,			2.018,			0.299,			0.06
194,	1,	559.0,	98.198,			1.395,			0.11,			0.052
195,	1,	6.0,	98.235,			1.523,			0.184,			0.053
196,	1,	6.0,	98.506,			2.772,			0.284,			0.059
197,	2,	90.0,	98.598,			11.639,			1.106,			0.179
198,	1,	16.0,	98.825,			2.628,			0.204,			0.06
199,	1,	44.0,	99.493,			1.969,			0.22,			0.06
200,	1,	559.0,	99.737,			1.69,			0.272,			0.059
201,	2,	76.0,	99.872,			11.872,			1.431,			0.155
202,	1,	7.0,	99.959,			2.282,			0.257,			0.054
203,	1,	90.0,	100.145,			2.379,			0.206,			0.052
204,	1,	559.0,	100.203,			1.211,			0.151,			0.059
205,	1,	157.0,	100.499,			2.697,			0.252,			0.053
206,	1,	7.0,	100.934,			1.981,			0.232,			0.05
207,	1,	6.0,	101.037,			2.726,			0.215,			0.054
208,	1,	146.0,	101.397,			2.09,			0.231,			0.052
209,	2,	136.0,	101.415,			14.002,			1.363,			0.176
210,	1,	120.0,	102.056,			2.429,			0.292,			0.05
211,	1,	49.0,	102.246,			1.561,			0.124,			0.055
212,	1,	157.0,	102.487,			2.184,			0.105,			0.054
213,	1,	512.0,	102.581,			2.288,			0.279,			0.051
214,	1,	28.0,	102.598,			1.592,			0.116,			0.056
215,	1,	6.0,	102.71,			1.445,			0.122,			0.058
216,	1,	120.0,	103.042,			1.868,			0.289,			0.055
217,	1,	6.0,	103.322,			1.307,			0.174,			0.052
218,	2,	121.0,	103.507,			10.586,			1.289,			0.196
219,	1,	559.0,	103.787,			2.318,			0.197,			0.059
220,	2,	208.0,	103.796,			10.491,			1.094,			0.16
221,	1,	126.0,	103.855,			1.716,			0.263,			0.06
222,	1,	28.0,	103.934,			2.544,			0.228,			0.05
223,	1,	7.0,	103.984,			1.083,			0.137,			0.055
224,	1,	16.0,	104.046,			1.061,			0.133,			0.056
225,	1,	7.0,	104.17,			1.64,			0.15,			0.058
226,	1,	7.0,	104.23,			1.969,			0.228,			0.056
227,	1,	498.0,	104.759,			1.531,			0.228,			0.051
228,	1,	126.0,	104.773,			2.557,			0.21,			0.06
229,	1,	30.0,	104.878,			1.485,			0.184,			0.06
230,	1,	103.0,	104.91,			1.924,			0.162,			0.051
231,	1,	103.0,	104.939,			1.679,			0.267,			0.055
232,	2,	181.0,	105.171,			11.793,			1.285,			0.113
233,	1,	59.0,	105.319,			1.114,			0.16,			0.05
234,	1,	7.0,	105.33,			2.846,			0.29,			0.057
235,	2,	101.0,	105.45,			13.747,			1.44,			0.167
236,	1,	214.0,	105.462,			2.865,			0.157,			0.053
237,	1,	6.0,	105.546,			1.485,			0.254,			0.058
238,	1,	16.0,	105.652,			1.398,			0.135,			0.054
239,	1,	7.0,	105.803,			2.398,			0.231,			0.052
240,	1,	95.0,	106.059,			1.769,			0.267,			0.056
241,	1,	10.0,	106.13,			1.488,			0.186,			0.058
242,	1,	157.0,	106.234,			1.364,			0.299,			0.059
243,	1,	90.0,	106.362,			2.606,			0.294,			0.052
244,	2,	62.0,	106.773,			13.629,			1.024,			0.133
245,	1,	10.0,	107.008,			2.765,			0.133,			0.055
246,	1,	44.0,	107.088,			2.798,			0.208,			0.056
247,	1,	28.0,	107.314,			1.447,			0.289,			0.05
248,	1,	7.0,	107.328,			1.571,			0.272,			0.053
249,	1,	6.0,	107.389,			2.316,			0.269,			0.056
250,	1,	103.0,	107.431,			2.322,			0.167,			0.05
251,	1,	59.0,	107.778,			2.103,			0.226,			0.06
252,	1,	103.0,	108.017,			2.449,			0.247,			0.056
253,	1,	7.0,	108.144,			1.232,			0.2,			0.058
254,	1,	59.0,	108.408,			1.006,			0.101,			0.053
255,	1,	6.0,	108.446,			2.065,			0.284,			0.056
256,	1,	498.0,	108.562,			2.768,			0.131,			0.052
257,	1,	44.0,	108.846,			1.692,			0.209,			0.05
258,	1,	28.0,	109.016,			2.565,			0.142,			0.058
259,	1,	7.0,	109.195,			2.096,			0.244,			0.051
260,	1,	447.0,	109.298,			2.148,			0.298,			0.058
261,	1,	10.0,	109.546,			1.134,			0.249,			0.055
262,	1,	95.0,	109.943,			1.051,			0.106,			0.056
263,	1,	95.0,	110.156,			2.768,			0.243,			0.055
264,	1,	120.0,	110.447,			1.566,			0.178,			0.058
265,	1,	379.0,	110.51,			1.25,			0.278,			0.055
266,	1,	44.0,	110.537,			1.431,			0.226,			0.058
267,	1,	59.0,	110.629,			2.623,			0.108,			0.055
268,	1,	7.0,	110.74,			1.302,			0.279,			0.058
269,	1,	512.0,	110.795,			1.293,			0.103,			0.058
270,	1,	7.0,	111.168,			1.005,			0.259,			0.055
271,	2,	96.0,	111.621,			14.436,			1.489,			0.173
272,	1,	44.0,	112.014,			1.103,			0.215,			0.056
273,	1,	16.0,	112.828,			1.612,			0.263,			0.059
274,	1,	59.0,	112.834,			1.119,			0.242,			0.055
275,	1,	6.0,	113.038,			1.252,			0.138,			0.058
276,	1,	387.0,	113.102,			2.92,			0.12,			0.05
277,	1,	512.0,	113.425,			2.063,			0.209,			0.054
278,	1,	157.0,	113.508,			2.316,			0.114,			0.055
279,	1,	16.0,	113.649,			2.379,			0.174,			0.054
280,	1,	6.0,	113.667,			1.148,			0.232,			0.058
281,	1,	16.0,	113.812,			1.706,			0.161,			0.051
282,	1,	16.0,	114.008,			2.299,			0.279,			0.057
283,	1,	44.0,	114.278,			1.653,			0.206,			0.059
284,	1,	6.0,	114.32,			1.612,			0.284,			0.052
285,	1,	28.0,	114.404,			1.304,			0.195,			0.055
286,	1,	169.0,	114.498,			2.048,			0.21,			0.052
287,	1,	90.0,	114.518,			1.828,			0.12,			0.053
288,	1,	44.0,	114.532,			2.223,			0.124,			0.059
289,	1,	90.0,	114.638,			2.705,			0.2,			0.057
290,	1,	103.0,	114.731,			2.606,			0.229,			0.059
291,	1,	6.0,	114.897,			1.031,			0.215,			0.058
292,	1,	6.0,	114.991,			2.318,			0.215,			0.056
293,	1,	13.0,	115.095,			2.184,			0.102,			0.051
294,	1,	44.0,	115.463,			1.736,			0.228,			0.059
295,	1,	30.0,	115.529,			1.252,			0.262,			0.054
296,	1,	59.0,	115.637,			1.07,			0.197,			0.055
297,	1,	447.0,	115.74,			1.13,			0.166,			0.055
298,	1,	214.0,	115.781,			1.172,			0.128,			0.052
299,	1,	10.0,	116.174,			1.009,			0.125,			0.054
300,	1,	95.0,	116.222,			2.349,			0.257,			0.051
301,	1,	447.0,	116.445,			1.155,			0.106,			0.054
302,	1,	7.0,	117.013,			1.134,			0.132,			0.05
303,	1,	13.0,	117.083,			1.343,			0.235,			0.052
304,	1,	387.0,	117.133,			1.031,			0.252,			0.057
305,	1,	6.0,	117.135,			1.425,			0.272,			0.056
306,	1,	157.0,	117.169,			1.703,			0.284,			0.059
307,	1,	49.0,	117.358,			1.362,			0.22,			0.057
308,	1,	49.0,	117.929,			2.004,			0.283,			0.053
309,	2,	96.0,	118.092,			12.909,			1.291,			0.164
310,	1,	44.0,	118.286,			1.489,			0.295,			0.058
311,	1,	157.0,	118.463,			2.169,			0.167,			0.055
312,	1,	7.0,	118.497,			1.886,			0.222,			0.058
313,	1,	44.0,	118.671,			1.662,			0.158,			0.06
314,	2,	158.0,	118.786,			10.999,			1.474,			0.148
315,	1,	103.0,	118.983,			1.581,			0.259,			0.055
316,	1,	103.0,	119.14,			1.187,			0.216,			0.054
317,	1,	120.0,	119.149,			2.78,			0.265,			0.058
318,	1,	6.0,	119.154,			2.074,			0.159,			0.057
319,	1,	13.0,	119.271,			2.198,			0.139,			0.052
320,	1,	559.0,	119.338,			1.213,			0.151,			0.056
321,	1,	16.0,	119.38,			2.342,			0.228,			0.059
322,	2,	103.0,	119.569,			10.756,			1.461,			0.194
323,	1,	44.0,	119.712,			1.716,			0.277,			0.055
324,	2,	256.0,	120.325,			14.127,			1.33,			0.171
325,	1,	6.0,	120.468,			2.305,			0.186,			0.056
326,	1,	28.0,	120.698,			2.968,			0.252,			0.056
327,	1,	13.0,	120.897,			2.225,			0.28,			0.059
328,	1,	146.0,	120.918,			2.226,			0.117,			0.051
329,	1,	498.0,	121.499,			1.554,			0.215,			0.051
330,	1,	512.0,	121.553,			2.983,			0.15,			0.056
331,	1,	90.0,	121.711,			2.132,			0.259,			0.052
332,	1,	59.0,	121.733,			1.146,			0.2,			0.051
333,	2,	190.0,	121.783,			11.73,			1.285,			0.137
334,	2,	178.0,	121.797,			10.595,			1.261,			0.125
335,	1,	103.0,	122.111,			1.211,			0.254,			0.06
336,	1,	49.0,	122.276,			2.685,			0.132,			0.051
337,	1,	498.0,	122.307,			1.103,			0.237,			0.056
338,	1,	7.0,	122.514,			1.398,			0.261,			0.054
339,	1,	28.0,	122.572,			2.846,			0.103,			0.052
340,	1,	6.0,	122.736,			2.366,			0.206,			0.056
341,	1,	49.0,	122.761,			1.833,			0.101,			0.051
342,	1,	498.0,	122.794,			1.719,			0.13,			0.057
343,	1,	379.0,	122.795,			1.282,			0.152,			0.056
344,	1,	6.0,	123.136,			1.366,			0.29,			0.055
345,	2,	139.0,	123.161,			10.175,			1.121,			0.119
346,	1,	44.0,	123.284,			1.633,			0.226,			0.058
347,	1,	379.0,	123.8,			2.144,			0.149,			0.051
348,	1,	16.0,	123.929,			1.799,			0.116,			0.054
349,	1,	90.0,	123.962,			2.346,			0.207,			0.056
350,	2,	118.0,	124.019,			10.481,			1.07,			0.188
351,	1,	379.0,	124.124,			2.986,			0.17,			0.056
352,	1,	214.0,	124.491,			1.913,			0.262,			0.051
353,	1,	126.0,	124.532,			2.78,			0.246,			0.058
354,	1,	157.0,	125.225,			1.825,			0.212,			0.056
355,	1,	10.0,	125.345,			1.496,			0.272,			0.058
356,	1,	7.0,	125.454,			2.862,			0.152,			0.053
357,	1,	126.0,	125.478,			1.828,			0.179,			0.058
358,	1,	90.0,	125.632,			1.291,			0.204,			0.053
359,	1,	49.0,	125.949,			1.681,			0.233,			0.058
360,	1,	6.0,	125.968,			1.289,			0.211,			0.056
361,	1,	214.0,	126.128,			2.879,			0.224,			0.059
362,	1,	379.0,	126.494,			1.322,			0.241,			0.06
363,	1,	146.0,	126.623,			1.805,			0.29,			0.053
364,	1,	16.0,	126.903,			1.252,			0.14,			0.057
365,	1,	6.0,	127.177,			2.014,			0.263,			0.051
366,	1,	95.0,	127.511,			1.031,			0.174,			0.055
367,	1,	30.0,	127.519,			1.998,			0.292,			0.05
368,	1,	146.0,	127.61,			2.364,			0.195,			0.05
369,	1,	49.0,	128.071,			2.984,			0.244,			0.055
370,	1,	103.0,	128.122,			1.025,			0.106,			0.057
371,	1,	59.0,	128.392,			2.479,			0.174,			0.056
372,	1,	512.0,	128.399,			1.72,			0.289,			0.054
373,	1,	559.0,	128.514,			2.711,			0.222,			0.054
374,	1,	120.0,	128.546,			2.777,			0.104,			0.056
375,	1,	7.0,	128.58,			1.367,			0.203,			0.05
376,	1,	7.0,	130.039,			2.628,			0.146,			0.056
377,	1,	387.0,	130.146,			2.427,			0.161,			0.055
378,	1,	126.0,	130.248,			1.994,			0.187,			0.059
379,	1,	120.0,	130.253,			2.388,			0.241,			0.051
380,	1,	559.0,	130.319,			1.343,			0.297,			0.059
381,	1,	28.0,	130.48,			2.819,			0.203,			0.058
382,	1,	44.0,	130.626,			2.252,			0.222,			0.053
383,	1,	10.0,	130.662,			1.105,			0.259,			0.058
384,	1,	30.0,	130.666,			1.719,			0.254,			0.056
385,	1,	559.0,	130.761,			2.879,			0.22,			0.058
386,	1,	7.0,	130.962,			1.45,			0.156,			0.052
387,	1,	6.0,	131.028,			2.935,			0.225,			0.051
388,	1,	59.0,	131.251,			1.63,			0.285,			0.054
389,	2,	98.0,	131.618,			11.617,			1.161,			0.132
390,	1,	10.0,	131.706,			1.491,			0.187,			0.057
391,	1,	13.0,	131.747,			1.715,			0.287,			0.06
392,	1,	559.0,	131.766,			2.926,			0.176,			0.051
393,	1,	44.0,	131.786,			1.356,			0.129,			0.054
394,	1,	6.0,	131.884,			2.525,			0.133,			0.053
395,	1,	95.0,	131.97,			1.769,			0.16,			0.06
396,	1,	559.0,	132.57,			1.827,			0.129,			0.059
397,	1,	44.0,	132.584,			2.256,			0.103,			0.06
398,	1,	103.0,	132.602,			2.768,			0.187,			0.055
399,	1,	7.0,	132.745,			1.249,			0.21,			0.06
400,	2,	124.0,	133.39,			13.273,			1.374,			0.182
401,	1,	214.0,	133.764,			2.9,			0.285,			0.055
402,	1,	6.0,	133.765,			1.631,			0.168,			0.059
403,	1,	387.0,	133.901,			2.777,			0.284,			0.059
404,	1,	95.0,	133.974,			1.977,			0.222,			0.055
405,	1,	120.0,	133.984,			2.449,			0.285,			0.057
406,	1,	103.0,	134.586,			1.924,			0.133,			0.057
407,	1,	146.0,	134.833,			1.417,			0.229,			0.052
408,	1,	7.0,	134.973,			2.768,			0.216,			0.054
409,	1,	559.0,	135.294,			1.407,			0.273,			0.052
410,	1,	387.0,	135.478,			2.568,			0.228,			0.058
411,	1,	512.0,	135.613,			1.162,			0.194,			0.057
412,	1,	126.0,	135.668,			2.534,			0.118,			0.06
413,	1,	49.0,	136.195,			1.654,			0.245,			0.052
414,	1,	49.0,	136.204,			1.314,			0.121,			0.05
415,	1,	28.0,	136.223,			1.467,			0.239,			0.059
416,	1,	103.0,	136.262,			1.186,			0.136,			0.05
417,	1,	120.0,	136.299,			1.337,			0.124,			0.051
418,	1,	387.0,	136.544,			2.556,			0.277,			0.054
419,	2,	201.0,	136.697,			13.684,			1.356,			0.175
420,	1,	512.0,	136.766,			1.078,			0.241,			0.054
421,	1,	498.0,	136.804,			2.911,			0.101,			0.052
422,	1,	169.0,	137.039,			1.571,			0.194,			0.056
423,	1,	6.0,	137.1,			2.588,			0.288,			0.051
424,	1,	95.0,	137.198,			2.369,			0.137,			0.053
425,	1,	157.0,	137.222,			2.562,			0.278,			0.057
426,	1,	387.0,	137.226,			2.358,			0.109,			0.052
427,	1,	7.0,	137.26,			1.035,			0.186,			0.057
428,	1,	447.0,	137.36,			1.908,			0.109,			0.06
429,	1,	13.0,	137.386,			2.969,			0.148,			0.059
430,	1,	49.0,	137.622,			1.768,			0.206,			0.056
431,	1,	95.0,	137.645,			1.981,			0.19,			0.052
432,	1,	103.0,	137.797,			2.714,			0.139,			0.054
433,	1,	6.0,	137.873,			2.58,			0.258,			0.059
434,	1,	6.0,	138.049,			1.942,			0.108,			0.056
435,	2,	108.0,	138.357,			11.238,			1.193,			0.102
436,	1,	379.0,	138.452,			1.653,			0.234,			0.054
437,	1,	6.0,	138.512,			2.709,			0.253,			0.052
438,	1,	16.0,	138.606,			1.669,			0.204,			0.054
439,	1,	13.0,	138.789,			1.435,			0.135,			0.054
440,	1,	512.0,	138.896,			2.148,			0.173,			0.052
441,	1,	44.0,	138.904,			2.412,			0.29,			0.056
442,	1,	13.0,	138.984,			2.194,			0.276,			0.057
443,	1,	95.0,	139.241,			2.862,			0.208,			0.057
444,	1,	498.0,	139.272,			1.662,			0.247,			0.056
445,	1,	28.0,	139.295,			1.928,			0.238,			0.051
446,	2,	76.0,	139.675,			10.172,			1.353,			0.173
447,	2,	172.0,	139.925,			10.707,			1.175,			0.146
448,	1,	559.0,	139.953,			1.688,			0.156,			0.051
449,	2,	106.0,	140.053,			13.837,			1.33,			0.191
450,	1,	28.0,	140.084,			1.115,			0.146,			0.059
451,	1,	6.0,	140.129,			2.556,			0.12,			0.053
452,	1,	169.0,	140.364,			1.327,			0.177,			0.057
453,	1,	214.0,	140.535,			1.912,			0.27,			0.053
454,	2,	202.0,	140.889,			12.242,			1.033,			0.138
455,	1,	559.0,	141.051,			1.919,			0.247,			0.059
456,	1,	95.0,	141.645,			1.435,			0.223,			0.052
457,	1,	30.0,	141.733,			1.005,			0.17,			0.057
458,	1,	6.0,	141.782,			1.17,			0.263,			0.055
459,	1,	44.0,	141.795,			2.369,			0.249,			0.051
460,	1,	7.0,	141.804,			1.488,			0.235,			0.058
461,	1,	30.0,	141.905,			2.498,			0.236,			0.051
462,	1,	512.0,	141.993,			1.596,			0.16,			0.058
463,	1,	512.0,	142.367,			2.797,			0.109,			0.051
464,	1,	16.0,	142.465,			2.709,			0.211,			0.055
465,	1,	44.0,	142.504,			2.659,			0.212,			0.059
466,	1,	13.0,	142.521,			1.408,			0.147,			0.059
467,	1,	13.0,	142.676,			1.701,			0.29,			0.052
468,	1,	44.0,	142.86,			2.479,			0.207,			0.056
469,	1,	16.0,	142.867,			2.947,			0.249,			0.055
470,	1,	16.0,	143.04,			2.623,			0.296,			0.056
471,	1,	44.0,	143.166,			1.86,			0.159,			0.051
472,	1,	30.0,	143.212,			1.188,			0.129,			0.054
473,	1,	512.0,	143.545,			2.748,			0.265,			0.054
474,	1,	447.0,	143.677,			2.565,			0.221,			0.051
475,	1,	146.0,	143.716,			1.07,			0.1,			0.054
476,	1,	7.0,	143.78,			2.144,			0.16,			0.053
477,	1,	512.0,	144.033,			2.384,			0.131,			0.053
478,	1,	120.0,	144.175,			1.996,			0.189,			0.057
479,	1,	7.0,	144.256,			2.631,			0.248,			0.055
480,	1,	7.0,	144.494,			1.692,			0.254,			0.051
481,	1,	59.0,	145.254,			1.672,			0.172,			0.051
482,	1,	6.0,	145.343,			1.241,			0.185,			0.051
483,	1,	49.0,	145.366,			2.555,			0.186,			0.054
484,	1,	169.0,	145.492,			1.484,			0.145,			0.052
485,	1,	30.0,	145.547,			2.864,			0.133,			0.051
486,	1,	7.0,	145.637,			2.568,			0.132,			0.059
487,	1,	7.0,	145.683,			1.262,			0.187,			0.05
488,	1,	146.0,	146.31,			1.483,			0.232,			0.055
489,	1,	13.0,	146.311,			2.772,			0.29,			0.057
490,	1,	559.0,	146.387,			1.908,			0.253,			0.059
491,	1,	7.0,	146.474,			2.865,			0.234,			0.057
492,	1,	6.0,	146.583,			1.582,			0.159,			0.057
493,	2,	195.0,	146.667,			10.506,			1.386,			0.106
494,	1,	379.0,	146.743,			2.92,			0.252,			0.058
495,	1,	28.0,	146.748,			1.911,			0.222,			0.054
496,	1,	379.0,	146.857,			1.128,			0.11,			0.054
497,	1,	13.0,	147.226,			2.799,			0.245,			0.057
498,	1,	169.0,	147.285,			2.522,			0.235,			0.058
499,	1,	387.0,	147.993,			1.835,			0.275,			0.055
500,	1,	103.0,	148.231,			1.031,			0.19,			0.056
501,	2,	176.0,	148.243,			13.148,			1.217,			0.184
502,	1,	28.0,	148.863,			1.103,			0.13,			0.051
503,	1,	214.0,	148.925,			1.3,			0.133,			0.058
504,	1,	7.0,	148.982,			2.798,			0.12,			0.054
505,	1,	13.0,	148.986,			2.673,			0.107,			0.055
506,	1,	59.0,	149.005,			1.291,			0.241,			0.054
507,	1,	44.0,	149.051,			2.157,			0.151,			0.052
508,	1,	559.0,	149.073,			1.05,			0.284,			0.051
509,	1,	44.0,	149.27,			2.553,			0.277,			0.058
510,	1,	447.0,	149.463,			1.9,			0.279,			0.058
511,	1,	7.0,	149.686,			2.018,			0.221,			0.057
512,	1,	6.0,	150.007,			2.293,			0.107,			0.056
513,	2,	135.0,	150.174,			13.329,			1.39,			0.122
514,	2,	176.0,	150.184,			12.933,			1.154,			0.166
515,	1,	16.0,	150.29,			1.643,			0.275,			0.058
516,	1,	28.0,	150.34,			1.435,			0.122,			0.051
517,	1,	157.0,	150.445,			2.928,			0.161,			0.059
518,	1,	498.0,	150.513,			1.525,			0.216,			0.058
519,	1,	120.0,	150.557,			1.024,			0.2,			0.05
520,	1,	7.0,	150.623,			1.213,			0.161,			0.059
521,	1,	16.0,	150.902,			1.157,			0.186,			0.058
522,	1,	120.0,	151.123,			1.816,			0.15,			0.056
523,	1,	447.0,	151.127,			2.276,			0.101,			0.052
524,	1,	512.0,	151.173,			1.822,			0.248,			0.058
525,	1,	13.0,	151.361,			1.039,			0.199,			0.054
526,	1,	559.0,	151.613,			2.954,			0.133,			0.05
527,	1,	126.0,	151.661,			1.217,			0.139,			0.052
528,	2,	72.0,	151.674,			12.152,			1.232,			0.118
529,	1,	90.0,	151.994,			2.047,			0.142,			0.054
530,	1,	16.0,	152.011,			1.471,			0.268,			0.051
531,	1,	6.0,	152.634,			2.492,			0.21,			0.057
532,	1,	157.0,	152.782,			2.063,			0.194,			0.056
533,	1,	7.0,	152.874,			2.194,			0.289,			0.056
534,	1,	169.0,	153.225,			2.928,			0.175,			0.056
535,	1,	6.0,	153.35,			1.45,			0.14,			0.051
536,	1,	44.0,	153.387,			1.631,			0.131,			0.06
537,	1,	103.0,	153.492,			2.293,			0.28,			0.058
538,	1,	28.0,	153.554,			1.799,			0.141,			0.054
539,	1,	7.0,	153.587,			2.163,			0.199,			0.059
540,	1,	44.0,	153.792,			1.915,			0.132,			0.053
541,	1,	7.0,	153.856,			1.024,			0.294,			0.051
542,	1,	95.0,	153.986,			1.516,			0.253,			0.052
543,	1,	10.0,	154.034,			1.76,			0.139,			0.059
544,	1,	7.0,	154.18,			1.148,			0.15,			0.058
545,	1,	146.0,	154.266,			1.784,			0.277,			0.057
546,	1,	387.0,	154.338,			2.223,			0.175,			0.05
547,	1,	103.0,	154.524,			1.768,			0.206,			0.059
548,	2,	193.0,	154.537,			11.207,			1.031,			0.2
549,	1,	44.0,	154.619,			1.909,			0.238,			0.058
550,	1,	157.0,	154.62,			2.148,			0.255,			0.06
551,	1,	379.0,	154.926,			1.192,			0.141,			0.055
552,	2,	123.0,	154.977,			10.718,			1.229,			0.121
553,	1,	28.0,	155.048,			2.832,			0.192,			0.05
554,	1,	7.0,	155.17,			1.225,			0.274,			0.057
555,	1,	169.0,	155.637,			1.005,			0.122,			0.052
556,	1,	120.0,	155.771,			1.875,			0.236,			0.053
557,	1,	44.0,	155.827,			1.098,			0.247,			0.057
558,	1,	6.0,	155.854,			1.706,			0.161,			0.055
559,	1,	6.0,	155.855,			1.81,			0.222,			0.05
560,	1,	6.0,	156.224,			1.494,			0.195,			0.052
561,	1,	49.0,	156.241,			1.515,			0.214,			0.055
562,	1,	49.0,	156.366,			1.144,			0.158,			0.054
563,	1,	13.0,	156.401,			2.576,			0.283,			0.055
564,	1,	126.0,	156.472,			1.103,			0.217,			0.051
565,	1,	387.0,	156.513,			2.408,			0.169,			0.052
566,	1,	214.0,	156.707,			2.351,			0.17,			0.058
567,	1,	120.0,	156.921,			1.72,			0.174,			0.059
568,	1,	95.0,	157.11,			1.702,			0.28,			0.06
569,	1,	7.0,	157.111,			2.756,			0.255,			0.051
570,	1,	379.0,	157.559,			2.524,			0.187,			0.056
571,	1,	387.0,	157.624,			1.932,			0.161,			0.052
572,	1,	7.0,	157.695,			1.128,			0.133,			0.057
573,	1,	7.0,	157.923,			1.331,			0.222,			0.056
574,	1,	103.0,	158.149,			1.409,			0.23,			0.056
575,	1,	126.0,	158.3,			2.553,			0.268,			0.051
576,	1,	44.0,	158.492,			1.86,			0.133,			0.052
577,	1,	7.0,	158.889,			1.825,			0.17,			0.057
578,	1,	30.0,	159.07,			1.969,			0.238,			0.059
579,	1,	44.0,	159.528,			1.432,			0.29,			0.058
580,	1,	44.0,	159.906,			2.579,			0.103,			0.051
581,	1,	7.0,	159.997,			1.164,			0.145,			0.057
582,	1,	28.0,	160.138,			2.222,			0.145,			0.054
583,	1,	59.0,	160.436,			2.991,			0.198,			0.053
584,	1,	49.0,	160.508,			2.286,			0.116,			0.056
585,	1,	512.0,	160.552,			1.483,			0.192,			0.051
586,	1,	126.0,	160.77,			1.039,			0.249,			0.056
587,	1,	49.0,	160.847,			1.432,			0.165,			0.058
588,	1,	28.0,	161.164,			1.095,			0.268,			0.057
589,	1,	49.0,	161.198,			2.149,			0.107,			0.059
590,	1,	59.0,	161.267,			1.16,			0.257,			0.05
591,	2,	223.0,	161.282,			14.282,			1.07,			0.187
592,	1,	95.0,	161.418,			1.083,			0.241,			0.051
593,	1,	59.0,	161.546,			2.438,			0.138,			0.052
594,	1,	7.0,	161.565,			2.265,			0.292,			0.054
595,	1,	126.0,	161.92,			1.814,			0.213,			0.058
596,	1,	28.0,	161.965,			2.943,			0.283,			0.054
597,	1,	146.0,	162.341,			1.535,			0.198,			0.05
598,	1,	498.0,	162.51,			1.706,			0.215,			0.054
599,	1,	447.0,	162.65,			1.962,			0.255,			0.051
600,	1,	49.0,	162.897,			1.969,			0.214,			0.051
601,	1,	7.0,	163.008,			2.888,			0.297,			0.058
602,	1,	6.0,	163.125,			2.914,			0.131,			0.056
603,	1,	7.0,	163.721,			1.155,			0.217,			0.059
604,	1,	559.0,	163.75,			1.168,			0.177,			0.059
605,	1,	146.0,	163.783,			2.896,			0.26,			0.055
606,	1,	7.0,	164.285,			1.853,			0.186,			0.055
607,	1,	90.0,	164.412,			1.717,			0.233,			0.055
608,	1,	7.0,	164.625,			1.76,			0.161,			0.057
609,	1,	126.0,	164.778,			1.667,			0.135,			0.053
610,	1,	95.0,	164.965,			2.95,			0.222,			0.055
611,	1,	387.0,	165.104,			2.554,			0.215,			0.06
612,	1,	103.0,	165.245,			2.532,			0.107,			0.056
613,	1,	103.0,	165.341,			2.027,			0.184,			0.056
614,	1,	7.0,	165.461,			2.418,			0.194,			0.059
615,	1,	7.0,	165.491,			2.288,			0.125,			0.059
616,	1,	7.0,	165.55,			1.407,			0.215,			0.054
617,	1,	126.0,	165.706,			1.411,			0.201,			0.056
618,	1,	44.0,	165.833,			2.173,			0.221,			0.06
619,	1,	10.0,	165.896,			2.096,			0.277,			0.058
620,	1,	13.0,	166.206,			1.483,			0.247,			0.059
621,	1,	447.0,	166.403,			1.862,			0.228,			0.059
622,	1,	7.0,	166.879,			2.132,			0.202,			0.056
623,	1,	157.0,	167.252,			1.663,			0.217,			0.053
624,	1,	7.0,	167.536,			1.309,			0.278,			0.056
625,	1,	169.0,	167.885,			1.467,			0.125,			0.059
626,	2,	159.0,	168.03,			10.485,			1.251,			0.166
627,	1,	559.0,	168.087,			1.411,			0.165,			0.06
628,	1,	498.0,	168.158,			1.048,			0.187,			0.058
629,	1,	90.0,	168.216,			1.968,			0.187,			0.052
630,	1,	447.0,	168.276,			2.621,			0.135,			0.055
631,	1,	169.0,	168.53,			1.844,			0.298,			0.052
632,	1,	559.0,	168.787,			2.659,			0.159,			0.057
633,	1,	169.0,	168.869,			2.999,			0.143,			0.051
634,	1,	10.0,	169.013,			2.852,			0.117,			0.057
635,	1,	120.0,	169.43,			1.05,			0.222,			0.055
636,	1,	120.0,	169.435,			2.31,			0.184,			0.06
637,	1,	387.0,	169.677,			2.542,			0.211,			0.06
638,	1,	16.0,	169.796,			1.008,			0.165,			0.059
639,	2,	182.0,	169.868,			14.921,			1.32,			0.122
640,	2,	129.0,	170.298,			10.178,			1.053,			0.185
641,	1,	95.0,	170.4,			2.725,			0.19,			0.059
642,	1,	90.0,	170.759,			1.108,			0.179,			0.059
643,	1,	146.0,	170.902,			1.965,			0.211,			0.052
644,	1,	95.0,	171.089,			1.592,			0.272,			0.058
645,	1,	214.0,	171.524,			1.732,			0.124,			0.051
646,	1,	214.0,	171.795,			1.816,			0.133,			0.056
647,	1,	6.0,	171.939,			1.009,			0.282,			0.053
648,	1,	169.0,	172.066,			2.9,			0.221,			0.052
649,	1,	214.0,	172.234,			1.141,			0.277,			0.06
650,	1,	126.0,	172.28,			1.491,			0.185,			0.052
651,	1,	28.0,	172.368,			2.436,			0.28,			0.054
652,	1,	169.0,	172.724,			2.776,			0.233,			0.052
653,	1,	49.0,	172.836,			1.445,			0.251,			0.055
654,	1,	7.0,	172.922,			1.985,			0.23,			0.052
655,	1,	103.0,	172.955,			1.153,			0.238,			0.052
656,	1,	30.0,	173.116,			2.525,			0.167,			0.055
657,	1,	157.0,	173.238,			1.104,			0.281,			0.057
658,	1,	169.0,	173.263,			1.963,			0.262,			0.057
659,	2,	180.0,	174.121,			10.415,			1.185,			0.159
660,	2,	237.0,	174.14,			13.154,			1.261,			0.118
661,	1,	214.0,	174.638,			1.694,			0.146,			0.05
662,	1,	559.0,	174.879,			2.557,			0.123,			0.055
663,	1,	16.0,	175.027,			2.753,			0.156,			0.058
664,	1,	49.0,	175.154,			2.252,			0.161,			0.055
665,	1,	49.0,	175.16,			1.225,			0.247,			0.057
666,	1,	49.0,	175.254,			2.922,			0.157,			0.053
667,	1,	16.0,	175.358,			2.454,			0.2,			0.05
668,	1,	7.0,	176.017,			1.814,			0.247,			0.056
669,	2,	196.0,	176.072,			14.676,			1.285,			0.132
670,	1,	44.0,	176.309,			2.345,			0.254,			0.059
671,	1,	16.0,	176.336,			2.448,			0.243,			0.054
672,	1,	13.0,	176.348,			1.028,			0.217,			0.056
673,	1,	95.0,	176.434,			2.197,			0.113,			0.051
674,	1,	169.0,	176.604,			1.337,			0.12,			0.051
675,	2,	61.0,	176.738,			13.379,			1.041,			0.136
676,	1,	7.0,	176.795,			1.383,			0.293,			0.053
677,	1,	7.0,	177.121,			1.433,			0.166,			0.056
678,	1,	7.0,	177.257,			1.595,			0.104,			0.06
679,	2,	118.0,	177.385,			14.963,			1.499,			0.117
680,	2,	135.0,	177.53,			12.909,			1.343,			0.182
681,	1,	169.0,	177.557,			2.278,			0.244,			0.054
682,	1,	30.0,	177.583,			1.525,			0.114,			0.055
683,	1,	169.0,	177.626,			1.024,			0.207,			0.054
684,	1,	44.0,	177.734,			2.393,			0.214,			0.059
685,	1,	16.0,	178.494,			2.645,			0.154,			0.059
686,	1,	120.0,	178.562,			2.249,			0.195,			0.051
687,	1,	7.0,	178.623,			2.404,			0.167,			0.058
688,	1,	95.0,	178.798,			2.524,			0.239,			0.05
689,	1,	379.0,	178.804,			1.151,			0.286,			0.056
690,	1,	146.0,	178.989,			1.358,			0.147,			0.053
691,	1,	7.0,	179.005,			1.116,			0.217,			0.056
692,	1,	379.0,	179.161,			1.343,			0.178,			0.054
693,	1,	103.0,	179.202,			1.752,			0.131,			0.051
694,	1,	498.0,	179.268,			2.819,			0.132,			0.058
695,	2,	145.0,	179.438,			14.942,			1.231,			0.185
696,	2,	169.0,	179.458,			11.193,			1.001,			0.161
697,	1,	95.0,	179.497,			2.279,			0.195,			0.051
698,	1,	498.0,	179.499,			2.03,			0.174,			0.057
699,	2,	125.0,	179.579,			13.348,			1.086,			0.105
700,	1,	559.0,	179.679,			2.861,			0.191,			0.06
701,	2,	124.0,	179.699,			10.51,			1.492,			0.159
702,	1,	28.0,	180.006,			2.41,			0.272,			0.05
703,	1,	10.0,	180.057,			2.199,			0.208,			0.05
704,	1,	13.0,	180.384,			1.962,			0.292,			0.053
705,	2,	72.0,	181.1,			14.366,			1.073,			0.121
706,	1,	6.0,	181.136,			2.144,			0.142,			0.052
707,	1,	6.0,	181.532,			1.75,			0.199,			0.055
708,	1,	7.0,	181.562,			2.544,			0.237,			0.058
709,	1,	95.0,	181.662,			2.663,			0.121,			0.051
710,	1,	559.0,	182.184,			1.981,			0.101,			0.059
711,	1,	6.0,	182.312,			1.402,			0.17,			0.055
712,	2,	110.0,	182.377,			10.789,			1.397,			0.165
713,	2,	111.0,	182.401,			11.933,			1.353,			0.119
714,	1,	512.0,	182.522,			2.377,			0.194,			0.055
715,	1,	103.0,	182.665,			2.144,			0.13,			0.055
716,	1,	90.0,	182.787,			1.188,			0.205,			0.057
717,	1,	447.0,	183.005,			2.705,			0.232,			0.054
718,	1,	387.0,	183.072,			2.91,			0.17,			0.058
719,	2,	180.0,	183.094,			11.002,			1.223,			0.121
720,	1,	30.0,	183.341,			2.844,			0.173,			0.054
721,	2,	139.0,	183.394,			13.761,			1.072,			0.128
722,	1,	7.0,	183.445,			1.654,			0.23,			0.052
723,	1,	6.0,	183.538,			1.807,			0.22,			0.059
724,	1,	146.0,	184.068,			1.014,			0.226,			0.058
725,	1,	120.0,	184.114,			2.157,			0.228,			0.054
726,	2,	74.0,	184.211,			13.224,			1.275,			0.187
727,	1,	447.0,	184.517,			2.155,			0.139,			0.059
728,	1,	120.0,	184.837,			1.435,			0.185,			0.059
729,	1,	95.0,	185.388,			1.302,			0.22,			0.056
730,	1,	7.0,	185.41,			1.844,			0.153,			0.05
731,	1,	59.0,	185.554,			2.8,			0.219,			0.05
732,	1,	169.0,	185.634,			2.385,			0.292,			0.054
733,	1,	512.0,	185.831,			1.883,			0.276,			0.057
734,	1,	498.0,	186.229,			1.4,			0.274,			0.059
735,	1,	6.0,	186.335,			1.151,			0.244,			0.06
736,	1,	379.0,	186.382,			2.415,			0.284,			0.057
737,	1,	49.0,	186.485,			1.362,			0.186,			0.051
738,	1,	447.0,	186.549,			2.037,			0.208,			0.051
739,	2,	84.0,	186.757,			12.005,			1.392,			0.162
740,	1,	498.0,	186.881,			2.429,			0.287,			0.057
741,	2,	94.0,	186.986,			13.89,			1.262,			0.107
742,	1,	126.0,	187.069,			1.211,			0.208,			0.058
743,	1,	559.0,	187.104,			1.84,			0.228,			0.055
744,	1,	387.0,	187.19,			2.088,			0.231,			0.054
745,	1,	10.0,	187.197,			2.701,			0.18,			0.055
746,	1,	7.0,	187.532,			1.962,			0.126,			0.055
747,	1,	7.0,	187.58,			1.119,			0.239,			0.056
748,	1,	13.0,	187.945,			2.143,			0.103,			0.056
749,	1,	7.0,	187.999,			2.757,			0.124,			0.051
750,	1,	447.0,	188.304,			2.014,			0.203,			0.053
751,	1,	6.0,	188.384,			1.061,			0.124,			0.051
752,	1,	120.0,	188.54,			1.362,			0.232,			0.053
753,	1,	7.0,	188.814,			2.673,			0.197,			0.057
754,	1,	49.0,	189.191,			2.034,			0.173,			0.055
755,	1,	44.0,	189.626,			1.862,			0.237,			0.053
756,	1,	512.0,	189.716,			2.776,			0.223,			0.059
757,	1,	169.0,	189.832,			1.095,			0.244,			0.052
758,	1,	214.0,	190.036,			1.291,			0.22,			0.054
759,	1,	10.0,	190.044,			1.977,			0.228,			0.057
760,	1,	13.0,	190.15,			1.768,			0.195,			0.057
761,	1,	7.0,	190.236,			1.291,			0.192,			0.055
762,	1,	120.0,	190.686,			1.245,			0.15,			0.058
763,	2,	125.0,	190.693,			14.002,			1.104,			0.144
764,	1,	120.0,	190.776,			2.43,			0.193,			0.06
765,	1,	7.0,	190.785,			2.446,			0.148,			0.058
766,	1,	59.0,	191.091,			1.302,			0.16,			0.051
767,	1,	7.0,	191.499,			1.561,			0.298,			0.052
768,	1,	512.0,	191.577,			1.128,			0.194,			0.059
769,	1,	387.0,	191.586,			2.237,			0.124,			0.051
770,	1,	6.0,	191.645,			1.737,			0.202,			0.05
771,	1,	49.0,	191.705,			2.525,			0.186,			0.056
772,	1,	498.0,	191.898,			1.981,			0.193,			0.051
773,	1,	498.0,	191.986,			1.119,			0.152,			0.058
774,	1,	13.0,	192.205,			2.659,			0.21,			0.055
775,	1,	7.0,	192.285,			1.103,			0.161,			0.057
776,	1,	157.0,	192.342,			1.757,			0.13,			0.06
777,	1,	13.0,	192.913,			1.314,			0.164,			0.054
778,	1,	30.0,	193.056,			2.328,			0.247,			0.056
779,	1,	16.0,	193.152,			1.783,			0.188,			0.051
780,	1,	146.0,	193.273,			1.731,			0.182,			0.058
781,	1,	169.0,	193.293,			1.607,			0.23,			0.055
782,	1,	7.0,	193.58,			1.337,			0.121,			0.057
783,	1,	30.0,	193.613,			2.879,			0.124,			0.052
784,	1,	90.0,	194.119,			1.625,			0.108,			0.06
785,	1,	10.0,	194.146,			2.834,			0.131,			0.052
786,	1,	146.0,	194.565,			1.639,			0.268,			0.051
787,	1,	44.0,	194.759,			2.378,			0.299,			0.058
788,	1,	559.0,	195.124,			2.304,			0.164,			0.056
789,	1,	7.0,	195.226,			2.11,			0.228,			0.05
790,	1,	16.0,	195.3,			1.472,			0.17,			0.059
791,	1,	214.0,	195.312,			1.103,			0.293,			0.051
792,	1,	379.0,	195.579,			2.346,			0.148,			0.058
793,	1,	7.0,	195.581,			1.416,			0.255,			0.056
794,	1,	559.0,	195.774,			1.731,			0.194,			0.06
795,	1,	559.0,	195.803,			2.69,			0.257,			0.053
796,	1,	512.0,	195.991,			1.826,			0.139,			0.053
797,	1,	30.0,	196.132,			2.711,			0.2,			0.058
798,	1,	59.0,	196.464,			1.97,			0.27,			0.056
799,	1,	379.0,	196.496,			2.273,			0.207,			0.052
800,	1,	30.0,	196.538,			2.187,			0.258,			0.052
801,	1,	13.0,	196.571,			2.181,			0.13,			0.059
802,	1,	7.0,	196.832,			1.509,			0.234,			0.052
803,	1,	7.0,	196.851,			1.73,			0.186,			0.059
804,	1,	146.0,	197.121,			2.69,			0.237,			0.056
805,	1,	7.0,	197.258,			1.01,			0.127,			0.053
806,	1,	169.0,	197.275,			2.232,			0.193,			0.05
807,	1,	512.0,	197.945,			1.334,			0.296,			0.058
808,	1,	103.0,	197.947,			1.653,			0.195,			0.055
809,	1,	103.0,	198.572,			2.487,			0.119,			0.06
810,	1,	214.0,	198.882,			2.727,			0.117,			0.054
811,	2,	99.0,	199.044,			12.313,			1.301,			0.112
812,	1,	120.0,	199.464,			1.425,			0.174,			0.058
813,	1,	214.0,	199.877,			1.433,			0.209,			0.053
814,	1,	90.0,	199.98,			1.708,			0.111,			0.052
815,	2,	109.0,	200.624,			13.181,			1.25,			0.169
816,	1,	16.0,	201.102,			2.293,			0.16,			0.051
817,	1,	44.0,	201.681,			2.559,			0.247,			0.053
818,	1,	387.0,	201.904,			2.163,			0.113,			0.055
819,	1,	7.0,	202.122,			2.901,			0.299,			0.051
820,	1,	169.0,	202.174,			1.262,			0.206,			0.052
821,	1,	379.0,	202.483,			1.12,			0.121,			0.053
822,	1,	44.0,	202.517,			2.345,			0.184,			0.055
823,	1,	214.0,	202.682,			1.158,			0.187,			0.053
824,	1,	90.0,	202.915,			1.683,			0.277,			0.052
825,	1,	16.0,	203.05,			2.813,			0.133,			0.059
826,	1,	16.0,	203.065,			1.821,			0.275,			0.059
827,	1,	44.0,	203.175,			2.345,			0.214,			0.053
828,	2,	111.0,	203.218,			10.506,			1.016,			0.168
829,	1,	559.0,	203.56,			1.111,			0.263,			0.053
830,	1,	7.0,	203.649,			2.016,			0.257,			0.052
831,	1,	512.0,	203.81,			1.097,			0.194,			0.054
832,	1,	6.0,	203.907,			1.768,			0.142,			0.056
833,	1,	379.0,	204.036,			1.748,			0.151,			0.059
834,	1,	49.0,	204.16,			1.061,			0.225,			0.059
835,	1,	447.0,	204.539,			2.544,			0.215,			0.051
836,	1,	28.0,	204.731,			1.121,			0.118,			0.054
837,	1,	6.0,	205.117,			2.414,			0.119,			0.055
838,	1,	44.0,	205.249,			2.686,			0.111,			0.055
839,	2,	202.0,	205.693,			12.946,			1.185,			0.139
840,	1,	59.0,	206.257,			2.149,			0.257,			0.058
841,	1,	6.0,	206.503,			1.071,			0.284,			0.059
842,	1,	28.0,	206.678,			1.994,			0.147,			0.052
843,	1,	95.0,	206.694,			1.683,			0.22,			0.053
844,	1,	10.0,	206.865,			1.86,			0.139,			0.053
845,	1,	387.0,	206.902,			2.92,			0.233,			0.054
846,	1,	6.0,	206.919,			2.241,			0.194,			0.052
847,	1,	498.0,	206.961,			1.63,			0.113,			0.051
848,	1,	498.0,	207.101,			1.356,			0.29,			0.051
849,	1,	498.0,	207.221,			1.994,			0.111,			0.057
850,	2,	78.0,	207.503,			12.438,			1.179,			0.197
851,	2,	176.0,	207.544,			12.116,			1.288,			0.148
852,	1,	13.0,	207.659,			2.799,			0.119,			0.052
853,	2,	193.0,	207.737,			12.155,			1.287,			0.183
854,	1,	214.0,	208.172,			2.571,			0.176,			0.055
855,	1,	90.0,	208.584,			2.881,			0.217,			0.054
856,	1,	146.0,	208.825,			1.671,			0.126,			0.059
857,	1,	13.0,	208.978,			1.844,			0.206,			0.057
858,	1,	146.0,	209.143,			2.034,			0.265,			0.05
859,	1,	146.0,	209.548,			2.621,			0.19,			0.051
860,	1,	120.0,	210.368,			1.637,			0.278,			0.056
861,	2,	203.0,	210.667,			13.399,			1.086,			0.152
862,	1,	44.0,	211.115,			2.832,			0.275,			0.051
863,	1,	146.0,	211.164,			1.366,			0.244,			0.057
864,	2,	117.0,	211.461,			13.186,			1.242,			0.173
865,	1,	6.0,	211.732,			1.499,			0.165,			0.052
866,	1,	59.0,	211.949,			2.659,			0.134,			0.058
867,	2,	147.0,	212.178,			14.272,			1.372,			0.185
868,	1,	28.0,	212.186,			1.096,			0.293,			0.052
869,	1,	498.0,	213.029,			1.08,			0.206,			0.057
870,	1,	90.0,	213.168,			2.939,			0.156,			0.055
871,	1,	6.0,	213.676,			2.616,			0.256,			0.053
872,	2,	45.0,	213.771,			11.92,			1.361,			0.177
873,	1,	126.0,	213.819,			2.675,			0.251,			0.059
874,	1,	6.0,	213.873,			1.561,			0.16,			0.054
875,	1,	59.0,	213.979,			2.133,			0.231,			0.058
876,	2,	142.0,	214.046,			10.721,			1.355,			0.123
877,	1,	559.0,	214.846,			1.406,			0.195,			0.05
878,	1,	28.0,	215.609,			1.266,			0.166,			0.055
879,	1,	498.0,	216.185,			2.284,			0.182,			0.051
880,	2,	281.0,	216.294,			14.716,			1.319,			0.138
881,	1,	512.0,	216.343,			2.316,			0.106,			0.055
882,	1,	103.0,	216.82,			1.305,			0.166,			0.06
883,	1,	157.0,	217.123,			1.211,			0.259,			0.052
884,	1,	13.0,	217.197,			1.204,			0.29,			0.05
885,	1,	120.0,	217.716,			2.798,			0.249,			0.054
886,	1,	44.0,	217.917,			2.999,			0.107,			0.06
887,	1,	90.0,	218.253,			2.69,			0.281,			0.055
888,	2,	192.0,	218.535,			12.351,			1.402,			0.117
889,	1,	49.0,	218.573,			2.014,			0.231,			0.06
890,	1,	6.0,	218.811,			2.304,			0.24,			0.059
891,	1,	13.0,	220.342,			1.107,			0.161,			0.059
892,	2,	221.0,	220.517,			12.315,			1.122,			0.18
893,	1,	10.0,	221.552,			2.09,			0.281,			0.053
894,	1,	44.0,	222.806,			2.703,			0.104,			0.056
895,	1,	169.0,	222.862,			2.533,			0.149,			0.052
896,	1,	7.0,	222.896,			2.58,			0.107,			0.06
897,	1,	90.0,	223.021,			2.318,			0.244,			0.055
898,	1,	498.0,	223.195,			1.86,			0.195,			0.056
899,	2,	127.0,	223.989,			10.712,			1.265,			0.166
900,	1,	126.0,	225.117,			1.35,			0.186,			0.058
901,	2,	169.0,	225.605,			13.889,			1.465,			0.198
902,	2,	242.0,	225.803,			13.189,			1.285,			0.111
903,	2,	89.0,	226.938,			11.93,			1.119,			0.126
904,	2,	93.0,	227.054,			13.849,			1.374,			0.145
905,	2,	81.0,	227.18,			11.707,			1.463,			0.101
906,	1,	447.0,	228.099,			1.325,			0.12,			0.052
907,	1,	59.0,	228.692,			1.921,			0.151,			0.058
908,	1,	95.0,	228.893,			1.353,			0.279,			0.057
909,	1,	7.0,	229.4,			2.346,			0.197,			0.058
910,	1,	169.0,	229.473,			1.915,			0.299,			0.057
911,	1,	157.0,	230.03,			1.553,			0.176,			0.055
912,	1,	169.0,	231.398,			2.955,			0.296,			0.059
913,	1,	6.0,	232.235,			1.907,			0.149,			0.058
914,	1,	169.0,	232.849,			2.525,			0.147,			0.058
915,	1,	30.0,	233.031,			1.356,			0.275,			0.051
916,	1,	498.0,	233.145,			1.107,			0.232,			0.057
917,	1,	447.0,	233.95,			1.908,			0.27,			0.055
918,	1,	13.0,	234.255,			2.282,			0.231,			0.057
919,	1,	559.0,	234.34,			2.525,			0.237,			0.058
920,	1,	30.0,	234.705,			2.324,			0.151,			0.057
921,	1,	49.0,	235.013,			2.047,			0.22,			0.059
922,	1,	157.0,	235.913,			2.398,			0.104,			0.053
923,	1,	6.0,	236.054,			2.084,			0.107,			0.054
924,	2,	124.0,	236.067,			13.613,			1.215,			0.143
925,	1,	169.0,	236.645,			1.471,			0.161,			0.053
926,	2,	92.0,	236.687,			13.75,			1.018,			0.151
927,	2,	188.0,	236.738,			11.876,			1.419,			0.127
928,	2,	149.0,	238.596,			12.206,			1.075,			0.125
929,	1,	498.0,	239.127,			2.757,			0.259,			0.056
930,	1,	512.0,	239.155,			1.915,			0.104,			0.053
931,	2,	120.0,	239.884,			14.931,			1.392,			0.149
932,	1,	44.0,	240.744,			1.719,			0.104,			0.053
933,	1,	120.0,	241.743,			1.524,			0.167,			0.05
934,	1,	90.0,	241.902,			1.654,			0.211,			0.053
935,	2,	55.0,	242.163,			12.346,			1.154,			0.182
936,	1,	13.0,	242.698,			1.213,			0.127,			0.056
937,	2,	107.0,	244.654,			10.547,			1.297,			0.118
938,	1,	44.0,	246.869,			1.84,			0.188,			0.057
939,	1,	13.0,	247.664,			2.378,			0.153,			0.053
940,	2,	120.0,	249.322,			10.84,			1.305,			0.179
941,	1,	49.0,	249.513,			1.575,			0.207,			0.057
942,	1,	44.0,	249.655,			2.645,			0.244,			0.057
943,	2,	160.0,	249.783,			11.915,			1.088,			0.129
944,	2,	102.0,	250.11,			12.004,			1.239,			0.134
945,	1,	49.0,	250.775,			1.591,			0.167,			0.051
946,	1,	447.0,	250.819,			2.2,			0.152,			0.059
947,	2,	263.0,	250.928,			14.424,			1.211,			0.121
948,	2,	153.0,	250.937,			11.933,			1.198,			0.192
949,	1,	103.0,	251.55,			2.842,			0.137,			0.054
950,	2,	132.0,	251.573,			11.342,			1.133,			0.135
951,	2,	155.0,	251.897,			14.268,			1.409,			0.196
952,	2,	115.0,	252.095,			14.45,			1.015,			0.169
953,	2,	172.0,	252.189,			10.332,			1.111,			0.151
954,	1,	387.0,	252.459,			2.52,			0.183,			0.056
955,	2,	93.0,	252.91,			12.136,			1.406,			0.107
956,	2,	144.0,	253.498,			12.144,			1.264,			0.177
957,	1,	7.0,	253.591,			1.933,			0.133,			0.055
958,	1,	13.0,	255.107,			1.327,			0.207,			0.05
959,	2,	170.0,	255.474,			13.798,			1.188,			0.141
960,	1,	49.0,	256.627,			1.914,			0.235,			0.05
961,	1,	44.0,	257.691,			1.115,			0.107,			0.051
962,	2,	243.0,	258.994,			10.909,			1.04,			0.136
963,	2,	148.0,	259.652,			12.987,			1.491,			0.125
964,	1,	10.0,	260.272,			2.834,			0.139,			0.053
965,	1,	6.0,	260.814,			2.651,			0.274,			0.055
966,	2,	145.0,	263.245,			11.027,			1.349,			0.133
967,	2,	303.0,	263.996,			14.809,			1.362,			0.112
968,	2,	215.0,	264.065,			12.191,			1.326,			0.199
969,	2,	136.0,	264.469,			10.672,			1.226,			0.106
970,	2,	120.0,	264.648,			11.091,			1.031,			0.179
971,	2,	145.0,	265.21,			10.146,			1.07,			0.142
972,	1,	559.0,	267.38,			2.881,			0.254,			0.054
973,	2,	121.0,	268.373,			12.275,			1.275,			0.109
974,	2,	113.0,	268.417,			14.977,			1.067,			0.116
975,	2,	324.0,	269.04,			10.792,			1.289,			0.173
976,	1,	7.0,	271.79,			1.047,			0.22,			0.055
977,	2,	214.0,	272.54,			10.339,			1.182,			0.147
978,	2,	137.0,	272.784,			11.043,			1.285,			0.189
979,	2,	200.0,	272.884,			14.33,			1.101,			0.152
980,	2,	208.0,	273.923,			11.85,			1.202,			0.112
981,	2,	330.0,	278.199,			14.32,			1.172,			0.16
982,	2,	288.0,	280.339,			13.651,			1.379,			0.107
983,	2,	210.0,	282.203,			10.784,			1.185,			0.125
984,	2,	91.0,	282.49,			11.876,			1.424,			0.138
985,	2,	166.0,	282.568,			13.718,			1.374,			0.139
986,	2,	323.0,	286.269,			10.298,			1.058,			0.109
987,	2,	144.0,	286.509,			10.103,			1.351,			0.131
988,	2,	154.0,	287.927,			11.082,			1.464,			0.133
989,	2,	154.0,	288.152,			14.314,			1.117,			0.149
990,	2,	109.0,	288.37,			12.79,			1.286,			0.111
991,	2,	67.0,	291.529,			14.977,			1.023,			0.162
992,	2,	173.0,	293.314,			10.38,			1.186,			0.122
993,	1,	28.0,	294.442,			2.852,			0.297,			0.06
994,	2,	180.0,	295.141,			11.26,			1.141,			0.163
995,	2,	136.0,	295.354,			10.399,			1.236,			0.127
996,	2,	126.0,	296.439,			14.582,			1.055,			0.184
997,	2,	212.0,	297.446,			14.002,			1.457,			0.15
998,	2,	280.0,	297.953,			10.484,			1.379,			0.113
999,	2,	160.0,	298.707,			11.722,			1.335,			0.154
1000,	1,	10.0,	300.0,			2.954,			0.279,			0.057
