#, task_type_id, size, arrival_time,	execution_time_cpu,	execution_time_gpu,	execution_time_CLOUD
1,	1,	379.0,	0.0,			2.599,			0.199,			0.052
2,	1,	498.0,	0.0,			2.446,			0.196,			0.051
3,	1,	49.0,	0.0,			2.153,			0.179,			0.055
4,	2,	317.0,	0.898,			10.316,			1.266,			0.12
5,	1,	120.0,	1.223,			1.706,			0.114,			0.055
6,	2,	111.0,	2.016,			14.716,			1.025,			0.131
7,	2,	204.0,	2.054,			11.138,			1.141,			0.169
8,	2,	161.0,	3.679,			10.187,			1.121,			0.151
9,	2,	146.0,	3.718,			14.424,			1.127,			0.113
10,	2,	297.0,	3.852,			11.896,			1.194,			0.143
11,	2,	148.0,	4.411,			11.178,			1.32,			0.195
12,	1,	126.0,	4.812,			1.024,			0.234,			0.053
13,	2,	70.0,	5.292,			14.253,			1.435,			0.152
14,	2,	130.0,	7.092,			12.75,			1.126,			0.119
15,	2,	107.0,	7.293,			10.332,			1.498,			0.104
16,	2,	271.0,	10.319,			10.225,			1.116,			0.163
17,	2,	213.0,	10.93,			12.046,			1.229,			0.145
18,	2,	175.0,	11.611,			11.437,			1.109,			0.142
19,	2,	248.0,	11.744,			11.531,			1.175,			0.176
20,	2,	114.0,	12.136,			12.668,			1.296,			0.191
21,	2,	343.0,	12.644,			13.05,			1.442,			0.113
22,	1,	103.0,	15.211,			2.889,			0.257,			0.054
23,	2,	172.0,	16.586,			13.456,			1.461,			0.159
24,	2,	129.0,	16.802,			11.933,			1.285,			0.109
25,	1,	13.0,	22.543,			2.237,			0.225,			0.059
26,	1,	6.0,	23.631,			2.187,			0.174,			0.06
27,	2,	208.0,	25.598,			10.15,			1.362,			0.103
28,	2,	82.0,	26.035,			12.764,			1.073,			0.129
29,	1,	90.0,	28.549,			1.287,			0.267,			0.051
30,	2,	99.0,	29.058,			13.743,			1.207,			0.2
31,	2,	144.0,	29.603,			12.206,			1.494,			0.164
32,	2,	215.0,	31.703,			14.789,			1.437,			0.155
33,	2,	129.0,	32.753,			13.228,			1.47,			0.126
34,	1,	498.0,	33.108,			2.074,			0.288,			0.055
35,	2,	198.0,	35.584,			11.228,			1.099,			0.155
36,	1,	7.0,	36.537,			2.599,			0.21,			0.052
37,	1,	10.0,	38.572,			1.653,			0.214,			0.053
38,	1,	95.0,	38.696,			2.939,			0.192,			0.057
39,	2,	70.0,	40.418,			11.289,			1.374,			0.151
40,	2,	89.0,	41.123,			11.28,			1.43,			0.155
41,	1,	49.0,	42.358,			2.037,			0.223,			0.059
42,	2,	110.0,	42.93,			11.896,			1.102,			0.18
43,	2,	198.0,	44.967,			14.439,			1.425,			0.152
44,	1,	512.0,	47.429,			2.345,			0.299,			0.059
45,	2,	111.0,	47.976,			12.372,			1.382,			0.167
46,	2,	195.0,	48.288,			10.176,			1.268,			0.107
47,	1,	379.0,	48.412,			1.078,			0.209,			0.055
48,	2,	186.0,	49.463,			10.654,			1.401,			0.136
49,	1,	6.0,	51.089,			1.581,			0.12,			0.054
50,	1,	13.0,	52.84,			2.424,			0.285,			0.057
51,	2,	237.0,	53.47,			11.12,			1.172,			0.188
52,	1,	59.0,	54.268,			1.394,			0.167,			0.06
53,	2,	120.0,	54.66,			14.789,			1.131,			0.145
54,	1,	90.0,	55.425,			2.446,			0.184,			0.06
55,	2,	244.0,	56.059,			10.198,			1.481,			0.19
56,	1,	103.0,	56.1,			1.46,			0.224,			0.058
57,	2,	227.0,	56.164,			11.202,			1.349,			0.177
58,	1,	120.0,	58.304,			2.063,			0.288,			0.054
59,	1,	214.0,	58.716,			1.609,			0.101,			0.055
60,	1,	59.0,	60.261,			1.496,			0.207,			0.057
61,	1,	44.0,	60.287,			1.639,			0.132,			0.059
62,	1,	169.0,	61.278,			2.19,			0.249,			0.051
63,	1,	44.0,	61.438,			1.035,			0.183,			0.052
64,	2,	100.0,	61.549,			14.45,			1.423,			0.132
65,	2,	177.0,	61.634,			11.247,			1.134,			0.128
66,	2,	219.0,	61.792,			11.002,			1.101,			0.107
67,	2,	303.0,	61.827,			10.521,			1.104,			0.128
68,	2,	63.0,	62.226,			14.916,			1.335,			0.187
69,	1,	498.0,	62.674,			2.479,			0.185,			0.059
70,	2,	156.0,	63.23,			12.638,			1.012,			0.187
71,	1,	169.0,	63.395,			1.592,			0.287,			0.055
72,	1,	6.0,	63.726,			1.966,			0.13,			0.057
73,	1,	157.0,	64.527,			1.411,			0.165,			0.057
74,	2,	201.0,	65.365,			12.909,			1.053,			0.105
75,	2,	109.0,	65.456,			10.627,			1.332,			0.152
76,	2,	224.0,	66.46,			12.183,			1.193,			0.151
77,	1,	28.0,	68.688,			1.853,			0.169,			0.059
78,	1,	447.0,	68.819,			2.249,			0.275,			0.051
79,	1,	90.0,	69.651,			1.558,			0.107,			0.056
80,	1,	95.0,	69.785,			1.372,			0.246,			0.051
81,	1,	498.0,	70.534,			2.269,			0.225,			0.057
82,	1,	559.0,	70.866,			2.328,			0.168,			0.058
83,	1,	59.0,	71.307,			1.071,			0.16,			0.056
84,	1,	126.0,	71.661,			1.007,			0.293,			0.051
85,	1,	28.0,	72.014,			2.9,			0.15,			0.056
86,	1,	7.0,	73.402,			1.783,			0.191,			0.055
87,	1,	10.0,	74.061,			1.554,			0.208,			0.052
88,	1,	379.0,	74.34,			1.467,			0.145,			0.056
89,	1,	10.0,	75.63,			2.759,			0.116,			0.052
90,	1,	6.0,	75.856,			1.071,			0.153,			0.055
91,	2,	280.0,	76.213,			14.45,			1.452,			0.106
92,	1,	59.0,	76.232,			2.305,			0.246,			0.052
93,	1,	7.0,	77.329,			2.663,			0.289,			0.059
94,	1,	157.0,	77.332,			1.915,			0.116,			0.054
95,	1,	44.0,	77.521,			1.489,			0.251,			0.052
96,	1,	13.0,	77.725,			1.73,			0.205,			0.055
97,	2,	160.0,	78.2,			12.668,			1.033,			0.155
98,	1,	498.0,	78.68,			1.719,			0.208,			0.052
99,	1,	95.0,	78.769,			2.661,			0.109,			0.053
100,	2,	180.0,	78.96,			14.215,			1.2,			0.137
101,	1,	7.0,	79.087,			2.237,			0.161,			0.054
102,	1,	103.0,	79.191,			1.391,			0.299,			0.054
103,	1,	7.0,	79.458,			2.565,			0.203,			0.052
104,	1,	387.0,	79.729,			2.834,			0.17,			0.052
105,	1,	6.0,	79.912,			1.581,			0.171,			0.056
106,	1,	59.0,	80.644,			2.407,			0.175,			0.056
107,	1,	103.0,	80.9,			2.2,			0.189,			0.05
108,	1,	379.0,	80.912,			1.578,			0.184,			0.058
109,	1,	120.0,	81.117,			2.467,			0.181,			0.059
110,	1,	447.0,	82.146,			1.038,			0.257,			0.053
111,	2,	277.0,	82.341,			13.735,			1.356,			0.164
112,	1,	7.0,	82.363,			2.895,			0.258,			0.056
113,	1,	146.0,	82.548,			2.955,			0.152,			0.053
114,	1,	120.0,	82.785,			2.31,			0.113,			0.051
115,	1,	169.0,	83.231,			1.688,			0.267,			0.055
116,	1,	498.0,	83.234,			1.811,			0.133,			0.058
117,	1,	214.0,	83.688,			2.757,			0.272,			0.05
118,	1,	16.0,	83.913,			2.757,			0.134,			0.055
119,	1,	7.0,	83.948,			1.46,			0.152,			0.051
120,	2,	203.0,	84.348,			11.124,			1.131,			0.142
121,	1,	44.0,	84.563,			1.755,			0.164,			0.051
122,	1,	28.0,	84.704,			1.631,			0.279,			0.054
123,	1,	387.0,	84.906,			2.169,			0.16,			0.051
124,	1,	7.0,	84.948,			1.467,			0.272,			0.056
125,	1,	7.0,	85.33,			1.164,			0.231,			0.052
126,	1,	146.0,	85.826,			2.296,			0.164,			0.051
127,	1,	30.0,	85.981,			2.316,			0.207,			0.056
128,	1,	44.0,	86.921,			1.364,			0.244,			0.054
129,	1,	512.0,	86.972,			1.42,			0.225,			0.052
130,	1,	103.0,	87.132,			1.962,			0.134,			0.056
131,	2,	133.0,	87.219,			13.17,			1.346,			0.127
132,	1,	387.0,	87.238,			1.083,			0.183,			0.05
133,	1,	169.0,	87.976,			1.908,			0.283,			0.051
134,	1,	169.0,	88.001,			1.111,			0.152,			0.058
135,	1,	103.0,	88.021,			1.112,			0.152,			0.06
136,	1,	126.0,	88.056,			1.203,			0.161,			0.059
137,	1,	120.0,	88.109,			1.755,			0.159,			0.057
138,	1,	379.0,	88.215,			2.76,			0.254,			0.05
139,	1,	59.0,	88.411,			1.756,			0.188,			0.052
140,	2,	46.0,	88.46,			14.741,			1.255,			0.159
141,	1,	214.0,	88.713,			1.509,			0.189,			0.054
142,	2,	333.0,	88.781,			14.099,			1.211,			0.185
143,	1,	44.0,	88.971,			2.298,			0.125,			0.055
144,	1,	126.0,	89.433,			2.776,			0.241,			0.051
145,	1,	95.0,	89.44,			2.935,			0.165,			0.052
146,	1,	95.0,	89.508,			1.083,			0.225,			0.057
147,	1,	16.0,	89.528,			2.579,			0.245,			0.058
148,	1,	30.0,	89.684,			2.279,			0.106,			0.06
149,	1,	49.0,	89.841,			1.667,			0.187,			0.054
150,	2,	182.0,	89.876,			13.193,			1.222,			0.199
151,	1,	10.0,	89.935,			1.443,			0.166,			0.058
152,	1,	126.0,	90.038,			2.599,			0.157,			0.056
153,	1,	447.0,	90.085,			1.285,			0.21,			0.052
154,	1,	90.0,	90.141,			2.408,			0.174,			0.051
155,	2,	100.0,	90.457,			12.155,			1.037,			0.194
156,	1,	44.0,	90.632,			1.178,			0.111,			0.057
157,	1,	30.0,	90.917,			1.607,			0.267,			0.05
158,	1,	169.0,	91.178,			1.164,			0.207,			0.054
159,	2,	127.0,	91.372,			13.06,			1.064,			0.182
160,	2,	148.0,	91.594,			10.442,			1.461,			0.148
161,	1,	169.0,	91.766,			1.393,			0.27,			0.05
162,	1,	126.0,	91.827,			1.432,			0.146,			0.055
163,	1,	59.0,	92.177,			1.491,			0.187,			0.057
164,	1,	214.0,	92.997,			2.799,			0.167,			0.059
165,	1,	103.0,	93.089,			1.97,			0.165,			0.055
166,	1,	6.0,	93.097,			2.634,			0.267,			0.054
167,	1,	7.0,	93.174,			1.269,			0.231,			0.058
168,	1,	126.0,	93.372,			2.384,			0.128,			0.06
169,	1,	447.0,	93.748,			1.327,			0.17,			0.055
170,	2,	141.0,	93.868,			10.962,			1.456,			0.166
171,	1,	7.0,	94.0,			1.334,			0.217,			0.052
172,	1,	214.0,	94.095,			2.342,			0.12,			0.053
173,	2,	120.0,	94.166,			12.909,			1.263,			0.137
174,	1,	10.0,	94.277,			1.42,			0.117,			0.053
175,	2,	119.0,	94.915,			14.737,			1.47,			0.195
176,	1,	146.0,	94.919,			1.557,			0.268,			0.05
177,	1,	7.0,	95.355,			1.581,			0.275,			0.054
178,	1,	49.0,	96.336,			2.407,			0.167,			0.055
179,	2,	129.0,	96.446,			10.177,			1.216,			0.164
180,	1,	30.0,	96.474,			1.868,			0.271,			0.055
181,	1,	13.0,	96.657,			2.016,			0.203,			0.051
182,	1,	7.0,	97.045,			1.639,			0.112,			0.058
183,	1,	6.0,	97.724,			1.448,			0.209,			0.054
184,	2,	141.0,	97.953,			10.84,			1.087,			0.122
185,	1,	512.0,	98.265,			1.304,			0.289,			0.057
186,	2,	203.0,	98.469,			13.074,			1.227,			0.139
187,	1,	28.0,	98.667,			1.211,			0.134,			0.053
188,	1,	7.0,	98.702,			2.903,			0.155,			0.058
189,	1,	103.0,	99.072,			1.204,			0.192,			0.056
190,	1,	146.0,	99.089,			2.542,			0.147,			0.051
191,	1,	44.0,	99.388,			1.575,			0.25,			0.052
192,	1,	379.0,	99.453,			1.266,			0.278,			0.058
193,	2,	293.0,	99.905,			13.487,			1.374,			0.168
194,	1,	103.0,	100.142,			2.795,			0.164,			0.051
195,	1,	28.0,	100.573,			2.438,			0.233,			0.056
196,	2,	198.0,	100.742,			12.206,			1.143,			0.161
197,	1,	49.0,	101.006,			2.122,			0.192,			0.06
198,	1,	126.0,	101.61,			1.158,			0.219,			0.06
199,	1,	28.0,	101.711,			2.634,			0.205,			0.055
200,	2,	133.0,	101.773,			11.34,			1.382,			0.104
201,	1,	120.0,	101.885,			2.91,			0.21,			0.054
202,	1,	103.0,	101.998,			2.895,			0.2,			0.056
203,	1,	6.0,	102.085,			1.589,			0.146,			0.052
204,	1,	28.0,	102.396,			1.317,			0.149,			0.057
205,	1,	49.0,	102.417,			1.932,			0.107,			0.058
206,	1,	120.0,	102.525,			1.467,			0.14,			0.058
207,	1,	6.0,	102.755,			1.982,			0.215,			0.06
208,	1,	90.0,	103.266,			1.302,			0.275,			0.053
209,	1,	512.0,	103.899,			1.204,			0.288,			0.053
210,	1,	90.0,	104.225,			1.719,			0.115,			0.057
211,	1,	30.0,	104.411,			1.011,			0.284,			0.051
212,	1,	120.0,	104.575,			1.458,			0.148,			0.056
213,	1,	28.0,	104.98,			2.545,			0.174,			0.052
214,	1,	28.0,	104.989,			2.407,			0.108,			0.059
215,	1,	157.0,	105.033,			2.179,			0.12,			0.056
216,	1,	6.0,	105.158,			1.63,			0.238,			0.056
217,	2,	157.0,	105.554,			10.173,			1.288,			0.176
218,	2,	113.0,	105.566,			11.71,			1.222,			0.19
219,	1,	13.0,	105.684,			2.446,			0.231,			0.051
220,	1,	559.0,	105.882,			2.19,			0.149,			0.06
221,	1,	120.0,	106.228,			1.42,			0.28,			0.059
222,	1,	157.0,	106.684,			2.786,			0.219,			0.054
223,	1,	120.0,	106.936,			1.928,			0.195,			0.06
224,	1,	7.0,	107.113,			1.103,			0.205,			0.054
225,	1,	95.0,	107.248,			1.683,			0.12,			0.059
226,	1,	126.0,	107.365,			2.862,			0.189,			0.052
227,	1,	16.0,	107.493,			1.166,			0.109,			0.052
228,	1,	559.0,	107.513,			2.2,			0.195,			0.057
229,	1,	44.0,	107.983,			2.78,			0.206,			0.059
230,	2,	214.0,	108.037,			14.646,			1.499,			0.133
231,	1,	44.0,	108.045,			2.866,			0.299,			0.051
232,	1,	214.0,	108.17,			2.223,			0.135,			0.054
233,	2,	171.0,	108.577,			14.399,			1.306,			0.195
234,	1,	7.0,	109.296,			1.731,			0.12,			0.052
235,	1,	157.0,	109.829,			2.779,			0.251,			0.052
236,	1,	559.0,	109.942,			2.08,			0.151,			0.057
237,	2,	180.0,	109.963,			13.442,			1.491,			0.197
238,	1,	95.0,	110.21,			2.796,			0.269,			0.054
239,	1,	28.0,	110.41,			2.249,			0.267,			0.055
240,	1,	447.0,	110.702,			2.006,			0.236,			0.059
241,	1,	13.0,	110.752,			1.962,			0.255,			0.051
242,	1,	387.0,	111.17,			1.204,			0.152,			0.055
243,	1,	447.0,	111.281,			1.581,			0.219,			0.056
244,	1,	28.0,	111.426,			1.596,			0.144,			0.057
245,	1,	214.0,	111.545,			1.256,			0.113,			0.059
246,	1,	44.0,	111.618,			1.422,			0.109,			0.059
247,	2,	177.0,	111.967,			13.596,			1.041,			0.131
248,	2,	184.0,	112.034,			11.643,			1.021,			0.173
249,	1,	512.0,	112.15,			2.78,			0.264,			0.056
250,	1,	6.0,	112.531,			1.437,			0.215,			0.054
251,	1,	59.0,	112.599,			2.832,			0.174,			0.058
252,	1,	146.0,	112.769,			2.087,			0.299,			0.053
253,	1,	498.0,	112.915,			2.321,			0.171,			0.057
254,	1,	16.0,	112.989,			1.883,			0.261,			0.056
255,	1,	28.0,	113.037,			1.104,			0.251,			0.058
256,	1,	7.0,	113.125,			2.879,			0.256,			0.057
257,	2,	76.0,	113.22,			14.162,			1.109,			0.112
258,	1,	146.0,	113.245,			2.09,			0.174,			0.052
259,	1,	7.0,	113.585,			2.148,			0.195,			0.054
260,	1,	387.0,	113.699,			1.575,			0.113,			0.051
261,	1,	498.0,	113.791,			2.813,			0.159,			0.053
262,	1,	169.0,	113.962,			2.096,			0.131,			0.056
263,	1,	447.0,	114.06,			1.08,			0.221,			0.057
264,	1,	44.0,	114.174,			2.879,			0.266,			0.059
265,	2,	134.0,	114.182,			10.523,			1.252,			0.196
266,	1,	16.0,	114.209,			1.445,			0.129,			0.059
267,	1,	10.0,	114.461,			1.309,			0.187,			0.051
268,	1,	214.0,	114.52,			2.509,			0.124,			0.059
269,	1,	379.0,	114.606,			1.111,			0.289,			0.055
270,	1,	146.0,	114.721,			2.555,			0.118,			0.054
271,	1,	10.0,	114.762,			2.725,			0.293,			0.053
272,	1,	387.0,	114.926,			1.25,			0.271,			0.055
273,	1,	559.0,	115.039,			1.561,			0.142,			0.053
274,	1,	387.0,	115.791,			1.027,			0.126,			0.055
275,	1,	498.0,	116.219,			1.703,			0.198,			0.058
276,	1,	157.0,	116.238,			1.965,			0.268,			0.057
277,	1,	90.0,	116.456,			2.725,			0.281,			0.055
278,	1,	7.0,	116.493,			1.69,			0.292,			0.05
279,	2,	211.0,	116.65,			13.386,			1.18,			0.139
280,	1,	95.0,	116.795,			2.901,			0.206,			0.056
281,	2,	163.0,	117.177,			13.718,			1.409,			0.135
282,	1,	7.0,	117.397,			2.288,			0.242,			0.058
283,	1,	6.0,	117.511,			2.249,			0.184,			0.052
284,	1,	7.0,	117.813,			2.691,			0.212,			0.052
285,	1,	95.0,	117.842,			1.282,			0.113,			0.053
286,	1,	90.0,	117.856,			2.318,			0.164,			0.053
287,	1,	7.0,	117.971,			2.635,			0.198,			0.054
288,	1,	169.0,	118.01,			1.095,			0.206,			0.053
289,	2,	158.0,	118.026,			14.185,			1.374,			0.168
290,	1,	44.0,	118.086,			2.03,			0.146,			0.05
291,	2,	251.0,	118.342,			11.387,			1.438,			0.181
292,	1,	498.0,	118.53,			2.048,			0.238,			0.056
293,	1,	157.0,	118.649,			2.366,			0.237,			0.056
294,	1,	44.0,	118.743,			1.011,			0.131,			0.059
295,	1,	103.0,	118.921,			2.449,			0.249,			0.054
296,	1,	169.0,	119.101,			1.296,			0.136,			0.055
297,	1,	49.0,	119.264,			2.379,			0.24,			0.054
298,	1,	157.0,	119.486,			2.612,			0.229,			0.059
299,	2,	130.0,	119.69,			12.664,			1.411,			0.107
300,	1,	95.0,	119.732,			2.685,			0.294,			0.054
301,	2,	259.0,	119.785,			13.45,			1.07,			0.16
302,	1,	13.0,	119.948,			1.203,			0.103,			0.054
303,	1,	13.0,	119.991,			2.114,			0.262,			0.057
304,	1,	387.0,	120.017,			1.009,			0.141,			0.054
305,	1,	6.0,	120.084,			1.141,			0.252,			0.053
306,	1,	16.0,	120.114,			2.903,			0.262,			0.058
307,	1,	169.0,	120.242,			2.618,			0.174,			0.053
308,	1,	146.0,	120.344,			1.431,			0.256,			0.053
309,	1,	7.0,	120.416,			2.819,			0.267,			0.057
310,	1,	447.0,	120.503,			2.691,			0.209,			0.054
311,	2,	62.0,	120.841,			10.721,			1.011,			0.151
312,	1,	498.0,	120.966,			2.503,			0.198,			0.052
313,	1,	7.0,	121.072,			2.991,			0.134,			0.057
314,	1,	169.0,	121.445,			1.985,			0.206,			0.053
315,	1,	103.0,	121.598,			1.056,			0.287,			0.055
316,	1,	10.0,	121.69,			1.213,			0.241,			0.053
317,	1,	169.0,	121.97,			2.52,			0.295,			0.051
318,	1,	30.0,	122.407,			1.432,			0.119,			0.054
319,	1,	13.0,	122.439,			2.198,			0.268,			0.056
320,	1,	30.0,	122.642,			1.977,			0.133,			0.051
321,	1,	13.0,	122.685,			1.166,			0.176,			0.057
322,	1,	44.0,	122.78,			1.643,			0.263,			0.06
323,	1,	59.0,	122.86,			2.926,			0.124,			0.053
324,	1,	13.0,	123.705,			1.173,			0.151,			0.052
325,	2,	367.0,	123.795,			10.627,			1.498,			0.123
326,	1,	447.0,	123.802,			2.638,			0.281,			0.059
327,	1,	498.0,	123.972,			1.432,			0.126,			0.058
328,	2,	158.0,	124.533,			13.166,			1.35,			0.142
329,	1,	146.0,	125.072,			2.369,			0.124,			0.058
330,	1,	126.0,	125.68,			1.252,			0.132,			0.054
331,	1,	7.0,	125.829,			2.449,			0.251,			0.051
332,	1,	95.0,	125.977,			1.372,			0.238,			0.055
333,	1,	28.0,	126.038,			2.638,			0.172,			0.06
334,	2,	88.0,	126.304,			12.581,			1.49,			0.183
335,	1,	10.0,	127.237,			1.698,			0.294,			0.051
336,	2,	204.0,	127.531,			14.741,			1.322,			0.167
337,	1,	7.0,	127.626,			1.75,			0.257,			0.059
338,	1,	59.0,	127.704,			1.204,			0.258,			0.053
339,	1,	7.0,	127.759,			1.303,			0.182,			0.058
340,	1,	7.0,	127.934,			1.878,			0.162,			0.051
341,	1,	6.0,	128.105,			2.133,			0.286,			0.057
342,	1,	498.0,	128.232,			1.915,			0.256,			0.06
343,	1,	214.0,	128.322,			1.56,			0.298,			0.05
344,	1,	103.0,	128.594,			2.103,			0.249,			0.052
345,	1,	559.0,	128.741,			1.061,			0.27,			0.053
346,	1,	6.0,	128.78,			2.149,			0.107,			0.057
347,	1,	44.0,	128.899,			1.343,			0.105,			0.056
348,	1,	7.0,	129.078,			2.628,			0.261,			0.055
349,	1,	49.0,	129.098,			1.366,			0.299,			0.05
350,	1,	447.0,	129.18,			2.549,			0.15,			0.055
351,	1,	447.0,	129.379,			2.932,			0.226,			0.058
352,	1,	498.0,	129.503,			2.635,			0.139,			0.05
353,	1,	7.0,	129.545,			1.97,			0.214,			0.052
354,	1,	59.0,	129.584,			1.091,			0.18,			0.051
355,	1,	214.0,	130.096,			1.188,			0.154,			0.051
356,	1,	7.0,	130.171,			2.709,			0.202,			0.055
357,	1,	120.0,	130.457,			2.618,			0.288,			0.06
358,	1,	95.0,	130.457,			2.364,			0.15,			0.057
359,	1,	157.0,	130.507,			2.735,			0.249,			0.054
360,	1,	13.0,	130.525,			1.45,			0.257,			0.05
361,	1,	59.0,	130.539,			1.402,			0.215,			0.052
362,	1,	7.0,	130.644,			1.61,			0.112,			0.055
363,	2,	144.0,	130.789,			11.342,			1.484,			0.13
364,	2,	132.0,	130.839,			12.057,			1.261,			0.199
365,	1,	447.0,	131.263,			2.922,			0.199,			0.058
366,	1,	7.0,	131.452,			2.087,			0.272,			0.052
367,	1,	49.0,	131.537,			1.709,			0.267,			0.051
368,	1,	16.0,	132.015,			1.448,			0.294,			0.053
369,	1,	387.0,	132.302,			1.006,			0.253,			0.052
370,	1,	379.0,	132.307,			2.157,			0.268,			0.053
371,	1,	387.0,	132.33,			2.438,			0.249,			0.056
372,	1,	103.0,	132.583,			1.086,			0.125,			0.053
373,	1,	28.0,	132.859,			2.846,			0.287,			0.059
374,	1,	146.0,	133.173,			2.226,			0.101,			0.05
375,	1,	6.0,	133.599,			2.957,			0.272,			0.05
376,	1,	126.0,	133.897,			1.9,			0.184,			0.058
377,	1,	447.0,	134.272,			1.736,			0.15,			0.055
378,	1,	7.0,	134.428,			2.138,			0.258,			0.06
379,	1,	447.0,	134.432,			1.119,			0.205,			0.052
380,	2,	121.0,	134.581,			12.591,			1.243,			0.178
381,	1,	7.0,	134.653,			2.014,			0.272,			0.054
382,	1,	7.0,	134.684,			1.447,			0.29,			0.06
383,	2,	206.0,	134.689,			14.32,			1.292,			0.195
384,	1,	6.0,	134.856,			1.052,			0.247,			0.052
385,	1,	7.0,	134.94,			1.411,			0.289,			0.059
386,	1,	44.0,	134.989,			1.591,			0.284,			0.058
387,	1,	512.0,	135.323,			2.78,			0.159,			0.051
388,	1,	28.0,	135.346,			2.048,			0.17,			0.058
389,	1,	59.0,	135.354,			1.024,			0.299,			0.059
390,	2,	125.0,	135.515,			12.551,			1.268,			0.102
391,	2,	218.0,	135.524,			14.276,			1.47,			0.176
392,	1,	49.0,	135.752,			2.96,			0.235,			0.059
393,	1,	44.0,	135.806,			1.509,			0.29,			0.05
394,	1,	10.0,	135.942,			2.761,			0.126,			0.055
395,	1,	7.0,	136.045,			2.163,			0.251,			0.058
396,	1,	59.0,	136.202,			2.78,			0.215,			0.06
397,	1,	44.0,	136.47,			1.26,			0.108,			0.059
398,	1,	90.0,	136.927,			2.565,			0.189,			0.051
399,	1,	126.0,	137.369,			1.63,			0.298,			0.053
400,	1,	379.0,	137.54,			2.487,			0.118,			0.052
401,	1,	126.0,	137.872,			1.145,			0.187,			0.059
402,	1,	7.0,	137.976,			1.485,			0.246,			0.054
403,	1,	13.0,	138.104,			2.776,			0.27,			0.055
404,	1,	6.0,	138.113,			2.768,			0.246,			0.052
405,	1,	59.0,	138.144,			2.441,			0.257,			0.051
406,	1,	7.0,	138.352,			1.481,			0.212,			0.056
407,	1,	44.0,	138.679,			1.97,			0.296,			0.06
408,	1,	126.0,	138.724,			1.031,			0.267,			0.051
409,	1,	44.0,	138.745,			2.655,			0.174,			0.051
410,	2,	109.0,	138.855,			11.152,			1.244,			0.112
411,	2,	137.0,	138.927,			13.277,			1.108,			0.111
412,	1,	387.0,	139.411,			1.293,			0.251,			0.05
413,	1,	95.0,	139.421,			1.031,			0.187,			0.053
414,	2,	117.0,	139.431,			12.826,			1.491,			0.123
415,	1,	44.0,	139.512,			1.107,			0.279,			0.059
416,	1,	126.0,	139.725,			1.924,			0.166,			0.051
417,	1,	126.0,	139.871,			1.984,			0.267,			0.055
418,	1,	6.0,	140.464,			2.393,			0.121,			0.055
419,	1,	90.0,	140.848,			1.45,			0.247,			0.055
420,	1,	6.0,	141.002,			1.266,			0.131,			0.055
421,	1,	7.0,	141.09,			1.814,			0.201,			0.057
422,	1,	447.0,	141.162,			2.653,			0.266,			0.058
423,	1,	90.0,	141.172,			1.402,			0.247,			0.051
424,	1,	44.0,	141.56,			1.864,			0.254,			0.05
425,	1,	30.0,	141.576,			1.915,			0.289,			0.051
426,	1,	387.0,	141.597,			2.302,			0.267,			0.051
427,	1,	10.0,	141.721,			2.813,			0.228,			0.052
428,	1,	7.0,	142.047,			2.149,			0.216,			0.056
429,	1,	512.0,	142.105,			2.525,			0.297,			0.054
430,	1,	28.0,	142.191,			1.464,			0.154,			0.052
431,	1,	95.0,	142.285,			1.035,			0.23,			0.056
432,	1,	512.0,	142.359,			1.499,			0.194,			0.057
433,	1,	559.0,	142.381,			2.244,			0.272,			0.059
434,	1,	90.0,	142.43,			2.098,			0.267,			0.055
435,	1,	44.0,	142.453,			2.293,			0.195,			0.052
436,	1,	146.0,	142.484,			2.379,			0.184,			0.06
437,	1,	7.0,	142.748,			2.048,			0.165,			0.06
438,	1,	103.0,	142.769,			2.497,			0.17,			0.054
439,	1,	16.0,	142.882,			1.115,			0.13,			0.056
440,	1,	7.0,	143.043,			2.296,			0.187,			0.058
441,	1,	16.0,	143.141,			1.509,			0.12,			0.054
442,	1,	447.0,	143.224,			2.926,			0.205,			0.053
443,	1,	10.0,	143.36,			2.753,			0.116,			0.054
444,	1,	10.0,	143.511,			1.4,			0.139,			0.054
445,	1,	120.0,	143.541,			1.505,			0.292,			0.053
446,	1,	447.0,	143.813,			2.096,			0.103,			0.052
447,	1,	120.0,	143.957,			1.304,			0.291,			0.05
448,	1,	7.0,	143.993,			1.402,			0.141,			0.056
449,	1,	498.0,	143.999,			2.02,			0.162,			0.058
450,	1,	146.0,	144.021,			1.722,			0.211,			0.054
451,	1,	214.0,	144.393,			1.252,			0.135,			0.05
452,	1,	387.0,	144.529,			2.454,			0.203,			0.051
453,	2,	77.0,	144.993,			14.963,			1.053,			0.185
454,	1,	512.0,	145.091,			1.394,			0.165,			0.056
455,	1,	16.0,	145.193,			2.939,			0.166,			0.054
456,	1,	28.0,	145.322,			2.318,			0.215,			0.057
457,	1,	169.0,	145.412,			1.428,			0.257,			0.059
458,	1,	13.0,	145.532,			1.128,			0.296,			0.054
459,	1,	44.0,	145.621,			2.087,			0.17,			0.057
460,	1,	16.0,	145.714,			1.464,			0.162,			0.052
461,	1,	379.0,	145.736,			1.663,			0.157,			0.055
462,	1,	559.0,	145.808,			1.97,			0.267,			0.054
463,	1,	49.0,	146.114,			1.287,			0.164,			0.057
464,	1,	169.0,	146.26,			2.711,			0.15,			0.054
465,	1,	103.0,	146.355,			1.325,			0.177,			0.057
466,	1,	7.0,	146.591,			2.018,			0.252,			0.055
467,	1,	59.0,	146.802,			2.569,			0.17,			0.055
468,	1,	49.0,	146.905,			1.245,			0.174,			0.055
469,	1,	16.0,	146.91,			1.988,			0.216,			0.057
470,	1,	30.0,	146.938,			2.78,			0.109,			0.053
471,	1,	44.0,	146.939,			2.663,			0.112,			0.052
472,	1,	379.0,	147.29,			2.772,			0.231,			0.051
473,	1,	7.0,	147.589,			2.322,			0.244,			0.055
474,	2,	142.0,	147.67,			13.137,			1.253,			0.188
475,	1,	95.0,	147.843,			1.601,			0.212,			0.051
476,	1,	44.0,	147.849,			1.729,			0.253,			0.052
477,	1,	169.0,	148.007,			2.305,			0.116,			0.055
478,	2,	175.0,	148.688,			14.276,			1.227,			0.158
479,	1,	10.0,	148.991,			2.955,			0.25,			0.059
480,	1,	157.0,	149.038,			1.039,			0.183,			0.057
481,	1,	103.0,	149.229,			1.996,			0.252,			0.054
482,	1,	379.0,	149.494,			2.678,			0.111,			0.056
483,	1,	10.0,	149.597,			1.282,			0.29,			0.052
484,	1,	447.0,	149.671,			2.09,			0.202,			0.058
485,	1,	146.0,	149.686,			1.821,			0.274,			0.054
486,	2,	121.0,	149.807,			11.238,			1.104,			0.159
487,	1,	7.0,	149.961,			1.682,			0.198,			0.053
488,	1,	447.0,	150.054,			1.876,			0.116,			0.056
489,	1,	7.0,	150.08,			1.435,			0.207,			0.055
490,	1,	7.0,	150.318,			1.756,			0.21,			0.058
491,	1,	7.0,	150.438,			2.726,			0.225,			0.058
492,	1,	16.0,	150.451,			1.134,			0.287,			0.058
493,	1,	120.0,	150.518,			1.651,			0.237,			0.052
494,	1,	146.0,	150.542,			1.16,			0.222,			0.052
495,	1,	28.0,	150.894,			2.11,			0.222,			0.06
496,	1,	498.0,	150.928,			1.862,			0.102,			0.053
497,	1,	49.0,	151.017,			2.138,			0.253,			0.055
498,	1,	387.0,	151.411,			1.071,			0.22,			0.053
499,	1,	10.0,	151.445,			2.304,			0.288,			0.056
500,	1,	387.0,	151.534,			1.213,			0.159,			0.05
501,	1,	512.0,	151.637,			1.513,			0.201,			0.054
502,	1,	103.0,	151.692,			1.663,			0.197,			0.051
503,	1,	44.0,	152.021,			1.756,			0.122,			0.051
504,	1,	49.0,	152.125,			1.028,			0.261,			0.055
505,	1,	7.0,	152.145,			2.479,			0.189,			0.05
506,	1,	49.0,	152.175,			1.524,			0.141,			0.057
507,	1,	7.0,	152.247,			1.044,			0.145,			0.051
508,	1,	447.0,	152.267,			2.047,			0.15,			0.058
509,	1,	447.0,	152.486,			2.102,			0.23,			0.057
510,	1,	498.0,	152.52,			1.029,			0.242,			0.05
511,	1,	498.0,	152.635,			1.357,			0.133,			0.053
512,	1,	7.0,	152.676,			1.731,			0.102,			0.058
513,	1,	10.0,	152.951,			1.442,			0.262,			0.056
514,	1,	447.0,	152.981,			1.362,			0.24,			0.057
515,	1,	30.0,	153.0,			2.26,			0.21,			0.056
516,	1,	7.0,	153.121,			1.869,			0.189,			0.058
517,	1,	16.0,	153.209,			2.596,			0.238,			0.054
518,	1,	447.0,	153.6,			2.832,			0.12,			0.058
519,	1,	512.0,	153.652,			1.651,			0.139,			0.051
520,	1,	512.0,	153.669,			1.437,			0.247,			0.05
521,	1,	157.0,	153.691,			2.407,			0.226,			0.058
522,	1,	169.0,	153.869,			2.123,			0.125,			0.05
523,	1,	7.0,	153.87,			1.039,			0.231,			0.055
524,	1,	387.0,	154.396,			1.861,			0.248,			0.059
525,	1,	7.0,	154.409,			1.211,			0.234,			0.056
526,	1,	59.0,	154.557,			2.268,			0.203,			0.055
527,	1,	126.0,	154.58,			2.232,			0.272,			0.055
528,	1,	103.0,	154.587,			1.044,			0.244,			0.06
529,	1,	157.0,	154.662,			2.288,			0.214,			0.052
530,	1,	7.0,	154.82,			1.962,			0.221,			0.056
531,	1,	44.0,	155.061,			2.385,			0.288,			0.052
532,	1,	7.0,	155.448,			1.857,			0.298,			0.05
533,	1,	447.0,	155.468,			1.431,			0.276,			0.053
534,	1,	49.0,	155.472,			1.581,			0.231,			0.057
535,	1,	10.0,	155.88,			2.819,			0.267,			0.054
536,	1,	103.0,	156.014,			2.318,			0.292,			0.054
537,	1,	16.0,	156.097,			2.568,			0.244,			0.055
538,	1,	13.0,	156.252,			1.08,			0.192,			0.052
539,	1,	169.0,	156.319,			2.388,			0.237,			0.059
540,	1,	447.0,	156.538,			2.727,			0.283,			0.054
541,	1,	498.0,	156.746,			2.705,			0.114,			0.054
542,	1,	44.0,	156.793,			2.288,			0.283,			0.051
543,	1,	126.0,	156.819,			1.962,			0.166,			0.051
544,	1,	59.0,	156.915,			2.346,			0.19,			0.053
545,	2,	106.0,	156.95,			12.537,			1.199,			0.167
546,	1,	157.0,	157.113,			1.613,			0.107,			0.06
547,	1,	10.0,	157.265,			2.796,			0.147,			0.05
548,	1,	30.0,	157.293,			1.756,			0.191,			0.052
549,	1,	7.0,	157.595,			2.08,			0.287,			0.051
550,	1,	126.0,	157.74,			2.556,			0.275,			0.051
551,	1,	49.0,	158.06,			1.083,			0.174,			0.05
552,	1,	44.0,	158.111,			1.225,			0.216,			0.052
553,	1,	16.0,	158.197,			1.213,			0.288,			0.054
554,	2,	205.0,	158.397,			14.136,			1.469,			0.119
555,	1,	7.0,	158.538,			2.684,			0.207,			0.06
556,	1,	447.0,	158.555,			2.378,			0.179,			0.056
557,	1,	44.0,	158.647,			1.245,			0.239,			0.056
558,	1,	447.0,	158.685,			1.038,			0.169,			0.056
559,	1,	90.0,	158.768,			2.235,			0.207,			0.051
560,	1,	10.0,	158.941,			1.213,			0.259,			0.055
561,	1,	7.0,	159.085,			2.393,			0.111,			0.058
562,	1,	120.0,	159.151,			2.616,			0.206,			0.059
563,	1,	7.0,	159.285,			1.025,			0.174,			0.054
564,	1,	7.0,	159.321,			2.194,			0.251,			0.054
565,	1,	13.0,	159.359,			1.653,			0.215,			0.056
566,	1,	13.0,	159.811,			2.838,			0.107,			0.052
567,	1,	214.0,	159.87,			2.565,			0.169,			0.057
568,	1,	7.0,	160.017,			1.981,			0.298,			0.052
569,	1,	95.0,	160.16,			2.947,			0.134,			0.054
570,	1,	13.0,	160.268,			2.076,			0.248,			0.053
571,	1,	447.0,	160.449,			2.193,			0.243,			0.051
572,	1,	49.0,	160.459,			2.691,			0.221,			0.051
573,	1,	120.0,	160.66,			2.43,			0.283,			0.053
574,	1,	498.0,	160.835,			2.03,			0.151,			0.059
575,	2,	133.0,	160.845,			14.917,			1.261,			0.183
576,	1,	512.0,	161.735,			1.561,			0.261,			0.051
577,	1,	146.0,	161.735,			2.184,			0.225,			0.058
578,	2,	91.0,	161.94,			14.513,			1.139,			0.124
579,	1,	559.0,	161.991,			2.695,			0.215,			0.051
580,	2,	156.0,	162.152,			10.204,			1.276,			0.157
581,	1,	44.0,	162.169,			1.071,			0.139,			0.057
582,	1,	146.0,	162.202,			1.395,			0.282,			0.054
583,	1,	126.0,	162.243,			1.435,			0.244,			0.059
584,	1,	126.0,	162.33,			1.499,			0.289,			0.051
585,	1,	214.0,	162.333,			2.197,			0.227,			0.057
586,	1,	95.0,	163.264,			2.885,			0.113,			0.057
587,	1,	28.0,	163.418,			1.625,			0.183,			0.054
588,	1,	95.0,	163.586,			1.287,			0.125,			0.059
589,	1,	49.0,	163.634,			2.795,			0.157,			0.054
590,	1,	379.0,	163.813,			1.106,			0.241,			0.054
591,	1,	28.0,	163.829,			1.952,			0.177,			0.052
592,	1,	120.0,	164.29,			2.606,			0.216,			0.057
593,	1,	13.0,	164.405,			1.433,			0.135,			0.058
594,	1,	7.0,	164.472,			2.491,			0.103,			0.059
595,	1,	16.0,	164.485,			2.461,			0.136,			0.054
596,	1,	157.0,	164.519,			2.955,			0.12,			0.058
597,	2,	260.0,	164.643,			10.443,			1.433,			0.177
598,	1,	559.0,	164.739,			1.128,			0.176,			0.053
599,	1,	49.0,	165.022,			2.322,			0.179,			0.053
600,	1,	120.0,	165.174,			1.979,			0.186,			0.06
601,	1,	13.0,	165.229,			2.31,			0.297,			0.054
602,	2,	236.0,	165.229,			10.977,			1.28,			0.148
603,	1,	512.0,	165.351,			2.366,			0.131,			0.056
604,	1,	157.0,	165.392,			1.554,			0.278,			0.057
605,	1,	498.0,	165.461,			1.69,			0.215,			0.055
606,	2,	279.0,	165.717,			11.388,			1.31,			0.16
607,	1,	7.0,	165.729,			2.122,			0.155,			0.056
608,	1,	512.0,	165.979,			2.35,			0.154,			0.055
609,	1,	7.0,	166.006,			1.991,			0.13,			0.056
610,	1,	10.0,	166.362,			2.31,			0.177,			0.059
611,	1,	7.0,	166.434,			1.044,			0.235,			0.055
612,	1,	44.0,	166.461,			1.416,			0.27,			0.053
613,	2,	145.0,	166.564,			14.253,			1.283,			0.106
614,	1,	49.0,	166.718,			1.266,			0.268,			0.055
615,	2,	99.0,	166.764,			12.528,			1.058,			0.185
616,	1,	95.0,	166.926,			1.366,			0.163,			0.057
617,	1,	387.0,	167.129,			1.883,			0.267,			0.059
618,	1,	559.0,	167.154,			2.388,			0.293,			0.059
619,	2,	198.0,	167.205,			11.872,			1.069,			0.144
620,	1,	146.0,	167.294,			1.719,			0.236,			0.055
621,	1,	559.0,	167.312,			2.454,			0.158,			0.06
622,	1,	157.0,	167.524,			2.316,			0.222,			0.058
623,	2,	119.0,	167.533,			13.613,			1.137,			0.125
624,	1,	387.0,	167.621,			1.414,			0.212,			0.058
625,	1,	120.0,	167.795,			2.173,			0.254,			0.052
626,	1,	559.0,	167.938,			1.014,			0.267,			0.06
627,	1,	44.0,	168.426,			1.126,			0.227,			0.054
628,	1,	169.0,	168.456,			1.942,			0.292,			0.06
629,	1,	169.0,	168.607,			2.153,			0.173,			0.056
630,	1,	559.0,	168.96,			1.825,			0.21,			0.059
631,	1,	169.0,	168.98,			2.323,			0.244,			0.051
632,	1,	59.0,	169.058,			1.756,			0.158,			0.056
633,	1,	90.0,	169.06,			1.075,			0.104,			0.059
634,	1,	214.0,	169.224,			1.483,			0.283,			0.057
635,	1,	214.0,	169.262,			2.149,			0.161,			0.056
636,	1,	146.0,	169.641,			1.86,			0.173,			0.058
637,	1,	49.0,	169.99,			1.098,			0.205,			0.052
638,	1,	6.0,	170.162,			1.692,			0.123,			0.06
639,	1,	120.0,	170.379,			1.447,			0.214,			0.06
640,	1,	16.0,	170.551,			2.252,			0.282,			0.058
641,	1,	7.0,	170.706,			1.422,			0.23,			0.054
642,	1,	16.0,	170.714,			1.861,			0.285,			0.057
643,	1,	387.0,	170.911,			2.038,			0.106,			0.052
644,	1,	498.0,	170.951,			1.511,			0.113,			0.058
645,	1,	379.0,	171.271,			1.035,			0.298,			0.057
646,	1,	10.0,	171.281,			1.46,			0.216,			0.056
647,	1,	559.0,	171.383,			1.504,			0.272,			0.053
648,	1,	6.0,	171.801,			2.256,			0.21,			0.051
649,	1,	49.0,	171.87,			1.541,			0.221,			0.06
650,	1,	157.0,	171.877,			1.164,			0.239,			0.05
651,	1,	16.0,	171.959,			1.247,			0.194,			0.051
652,	1,	6.0,	172.045,			1.988,			0.294,			0.056
653,	1,	214.0,	172.121,			2.415,			0.106,			0.055
654,	1,	6.0,	172.122,			1.024,			0.122,			0.051
655,	1,	10.0,	172.181,			1.63,			0.238,			0.057
656,	1,	44.0,	172.218,			1.701,			0.214,			0.05
657,	1,	28.0,	172.251,			1.078,			0.277,			0.058
658,	1,	90.0,	172.294,			2.969,			0.133,			0.052
659,	1,	7.0,	172.464,			1.513,			0.276,			0.053
660,	1,	120.0,	172.559,			1.402,			0.151,			0.06
661,	1,	7.0,	172.675,			1.501,			0.203,			0.051
662,	1,	16.0,	172.687,			2.88,			0.164,			0.055
663,	1,	103.0,	172.689,			1.571,			0.228,			0.053
664,	1,	16.0,	172.932,			1.683,			0.258,			0.057
665,	1,	512.0,	173.046,			2.807,			0.179,			0.052
666,	1,	6.0,	173.179,			2.19,			0.168,			0.057
667,	2,	317.0,	173.263,			12.301,			1.1,			0.188
668,	1,	559.0,	173.296,			2.939,			0.185,			0.06
669,	1,	169.0,	173.332,			2.757,			0.256,			0.06
670,	1,	49.0,	173.901,			1.581,			0.287,			0.054
671,	1,	95.0,	173.96,			2.844,			0.279,			0.052
672,	1,	44.0,	174.045,			1.398,			0.122,			0.059
673,	1,	447.0,	174.323,			1.46,			0.11,			0.058
674,	2,	111.0,	174.353,			13.499,			1.028,			0.198
675,	1,	126.0,	174.357,			2.703,			0.169,			0.056
676,	2,	298.0,	174.651,			11.392,			1.32,			0.129
677,	1,	49.0,	174.852,			1.991,			0.207,			0.057
678,	2,	85.0,	174.908,			11.229,			1.067,			0.149
679,	1,	44.0,	174.951,			1.485,			0.186,			0.053
680,	1,	90.0,	175.012,			2.385,			0.107,			0.058
681,	1,	49.0,	175.244,			2.779,			0.212,			0.056
682,	1,	49.0,	175.288,			1.309,			0.215,			0.052
683,	1,	6.0,	175.535,			2.645,			0.275,			0.052
684,	1,	6.0,	175.732,			1.112,			0.164,			0.058
685,	1,	30.0,	175.834,			2.342,			0.287,			0.054
686,	1,	6.0,	175.84,			1.433,			0.151,			0.054
687,	2,	169.0,	175.937,			13.579,			1.03,			0.101
688,	1,	44.0,	176.035,			1.64,			0.195,			0.06
689,	1,	120.0,	176.063,			2.706,			0.161,			0.051
690,	1,	559.0,	176.303,			1.115,			0.191,			0.05
691,	1,	387.0,	176.422,			2.169,			0.135,			0.056
692,	1,	498.0,	176.577,			2.606,			0.203,			0.058
693,	1,	6.0,	176.791,			2.697,			0.206,			0.059
694,	1,	379.0,	177.032,			2.697,			0.169,			0.052
695,	1,	169.0,	177.141,			1.45,			0.185,			0.052
696,	1,	16.0,	177.18,			2.122,			0.23,			0.054
697,	1,	95.0,	177.249,			1.814,			0.131,			0.052
698,	1,	157.0,	177.303,			2.298,			0.252,			0.051
699,	1,	7.0,	177.382,			1.595,			0.177,			0.052
700,	1,	157.0,	177.588,			2.038,			0.227,			0.054
701,	1,	512.0,	178.263,			1.929,			0.189,			0.052
702,	2,	83.0,	178.934,			13.305,			1.343,			0.195
703,	1,	7.0,	179.147,			1.756,			0.121,			0.055
704,	1,	146.0,	179.189,			2.181,			0.158,			0.052
705,	2,	175.0,	179.201,			13.45,			1.096,			0.103
706,	2,	122.0,	179.491,			13.892,			1.015,			0.169
707,	1,	559.0,	179.701,			1.548,			0.161,			0.053
708,	1,	10.0,	179.889,			1.229,			0.173,			0.058
709,	1,	559.0,	179.998,			1.425,			0.185,			0.058
710,	1,	16.0,	180.055,			2.138,			0.288,			0.055
711,	1,	157.0,	180.066,			1.548,			0.214,			0.058
712,	1,	146.0,	180.172,			1.092,			0.147,			0.058
713,	1,	498.0,	180.252,			2.922,			0.101,			0.056
714,	2,	142.0,	180.444,			12.789,			1.46,			0.159
715,	1,	379.0,	180.507,			1.316,			0.133,			0.058
716,	1,	214.0,	181.163,			1.35,			0.202,			0.055
717,	1,	157.0,	181.426,			2.03,			0.299,			0.053
718,	1,	559.0,	181.701,			2.085,			0.151,			0.053
719,	1,	512.0,	181.762,			1.756,			0.123,			0.053
720,	1,	6.0,	181.77,			2.301,			0.203,			0.053
721,	1,	44.0,	181.941,			1.613,			0.135,			0.052
722,	1,	498.0,	181.966,			2.632,			0.185,			0.054
723,	1,	30.0,	182.096,			2.576,			0.19,			0.059
724,	1,	157.0,	182.214,			2.78,			0.216,			0.05
725,	1,	169.0,	182.558,			1.757,			0.185,			0.054
726,	1,	7.0,	182.754,			1.372,			0.195,			0.054
727,	1,	7.0,	182.777,			2.088,			0.194,			0.05
728,	1,	95.0,	182.828,			2.013,			0.259,			0.053
729,	1,	10.0,	183.181,			2.616,			0.185,			0.058
730,	1,	44.0,	183.457,			2.467,			0.289,			0.059
731,	1,	30.0,	183.676,			2.96,			0.216,			0.056
732,	1,	59.0,	183.865,			1.485,			0.139,			0.051
733,	1,	559.0,	183.874,			2.03,			0.222,			0.051
734,	1,	13.0,	184.016,			1.407,			0.273,			0.06
735,	2,	168.0,	184.262,			14.45,			1.175,			0.2
736,	1,	44.0,	184.294,			2.149,			0.169,			0.053
737,	1,	7.0,	184.318,			1.481,			0.116,			0.052
738,	2,	109.0,	184.378,			14.903,			1.47,			0.198
739,	1,	387.0,	184.507,			2.799,			0.207,			0.057
740,	2,	171.0,	184.628,			14.057,			1.161,			0.129
741,	1,	28.0,	184.671,			1.367,			0.149,			0.06
742,	1,	49.0,	184.918,			2.013,			0.113,			0.051
743,	1,	7.0,	184.999,			2.379,			0.162,			0.05
744,	1,	44.0,	185.005,			1.313,			0.255,			0.055
745,	1,	559.0,	185.063,			1.028,			0.226,			0.051
746,	1,	169.0,	185.185,			2.798,			0.133,			0.06
747,	1,	512.0,	185.658,			2.122,			0.229,			0.056
748,	2,	104.0,	185.765,			14.282,			1.488,			0.121
749,	1,	7.0,	185.922,			1.643,			0.233,			0.059
750,	2,	171.0,	186.079,			11.876,			1.206,			0.112
751,	1,	120.0,	186.172,			1.35,			0.217,			0.053
752,	1,	120.0,	186.242,			1.496,			0.12,			0.056
753,	1,	90.0,	186.657,			1.67,			0.261,			0.051
754,	1,	7.0,	186.71,			2.407,			0.186,			0.06
755,	1,	44.0,	186.935,			2.461,			0.277,			0.059
756,	1,	169.0,	186.967,			1.543,			0.274,			0.057
757,	1,	498.0,	187.053,			2.301,			0.16,			0.052
758,	1,	7.0,	187.235,			1.467,			0.247,			0.059
759,	1,	157.0,	187.385,			1.26,			0.231,			0.05
760,	1,	7.0,	187.44,			1.589,			0.174,			0.056
761,	1,	7.0,	187.46,			1.719,			0.288,			0.054
762,	1,	157.0,	187.82,			1.941,			0.26,			0.059
763,	1,	7.0,	187.864,			2.446,			0.122,			0.054
764,	1,	59.0,	187.934,			2.895,			0.214,			0.058
765,	1,	16.0,	188.101,			2.096,			0.228,			0.06
766,	1,	214.0,	188.783,			1.499,			0.258,			0.06
767,	1,	13.0,	188.87,			2.714,			0.23,			0.056
768,	1,	126.0,	188.965,			1.376,			0.258,			0.055
769,	2,	72.0,	189.787,			12.115,			1.025,			0.185
770,	1,	7.0,	189.85,			2.555,			0.213,			0.051
771,	1,	126.0,	189.965,			1.588,			0.238,			0.051
772,	1,	559.0,	190.344,			2.565,			0.146,			0.051
773,	1,	44.0,	190.36,			2.509,			0.267,			0.05
774,	1,	7.0,	190.493,			2.038,			0.205,			0.059
775,	1,	6.0,	190.721,			1.16,			0.175,			0.051
776,	2,	127.0,	190.821,			12.165,			1.456,			0.132
777,	1,	498.0,	191.173,			1.356,			0.254,			0.056
778,	1,	30.0,	191.469,			1.153,			0.221,			0.059
779,	1,	16.0,	191.551,			2.76,			0.273,			0.058
780,	1,	90.0,	192.163,			1.105,			0.185,			0.053
781,	2,	153.0,	192.553,			11.85,			1.086,			0.185
782,	1,	30.0,	192.602,			1.488,			0.212,			0.051
783,	1,	28.0,	192.779,			2.636,			0.177,			0.054
784,	1,	387.0,	192.813,			1.962,			0.187,			0.057
785,	1,	103.0,	192.916,			1.578,			0.164,			0.052
786,	1,	44.0,	192.946,			2.132,			0.146,			0.058
787,	1,	157.0,	193.038,			1.728,			0.233,			0.054
788,	1,	7.0,	193.062,			1.188,			0.129,			0.058
789,	1,	387.0,	193.336,			2.489,			0.156,			0.059
790,	1,	447.0,	193.66,			2.525,			0.243,			0.051
791,	1,	16.0,	193.776,			1.05,			0.228,			0.052
792,	1,	379.0,	194.351,			1.633,			0.287,			0.055
793,	1,	10.0,	194.443,			2.914,			0.263,			0.058
794,	1,	169.0,	194.886,			1.162,			0.108,			0.053
795,	1,	49.0,	194.939,			2.092,			0.231,			0.053
796,	2,	174.0,	195.132,			11.34,			1.379,			0.181
797,	1,	214.0,	195.793,			1.509,			0.12,			0.056
798,	2,	86.0,	195.915,			14.729,			1.333,			0.179
799,	1,	7.0,	196.007,			2.9,			0.254,			0.055
800,	1,	30.0,	196.115,			2.957,			0.103,			0.051
801,	1,	7.0,	196.434,			2.133,			0.174,			0.054
802,	1,	7.0,	196.804,			1.791,			0.131,			0.055
803,	1,	126.0,	197.071,			2.048,			0.182,			0.054
804,	2,	108.0,	197.403,			12.019,			1.44,			0.166
805,	1,	28.0,	197.539,			2.031,			0.135,			0.05
806,	1,	103.0,	198.213,			1.164,			0.295,			0.056
807,	1,	169.0,	198.596,			1.071,			0.201,			0.054
808,	1,	90.0,	198.772,			1.282,			0.278,			0.057
809,	1,	59.0,	198.937,			1.908,			0.15,			0.055
810,	1,	169.0,	199.297,			1.728,			0.152,			0.05
811,	1,	10.0,	199.65,			1.637,			0.199,			0.052
812,	1,	120.0,	199.739,			1.096,			0.16,			0.059
813,	1,	28.0,	200.037,			1.443,			0.129,			0.058
814,	1,	103.0,	200.058,			1.909,			0.129,			0.058
815,	1,	7.0,	200.225,			2.776,			0.28,			0.053
816,	2,	104.0,	200.307,			13.273,			1.332,			0.112
817,	1,	10.0,	200.455,			1.805,			0.175,			0.057
818,	1,	146.0,	200.713,			1.211,			0.253,			0.051
819,	1,	59.0,	200.991,			2.1,			0.299,			0.05
820,	2,	233.0,	201.137,			14.277,			1.213,			0.119
821,	1,	6.0,	201.342,			1.522,			0.28,			0.054
822,	1,	387.0,	201.403,			2.321,			0.206,			0.058
823,	1,	387.0,	201.72,			1.304,			0.12,			0.056
824,	1,	13.0,	201.92,			2.943,			0.101,			0.054
825,	1,	387.0,	202.03,			1.334,			0.153,			0.054
826,	1,	95.0,	202.157,			1.64,			0.146,			0.056
827,	1,	44.0,	202.182,			2.2,			0.245,			0.056
828,	1,	59.0,	202.341,			1.409,			0.254,			0.06
829,	1,	95.0,	202.525,			2.103,			0.113,			0.053
830,	1,	28.0,	202.598,			2.076,			0.161,			0.055
831,	1,	95.0,	202.634,			2.907,			0.173,			0.052
832,	1,	95.0,	203.179,			2.345,			0.257,			0.054
833,	1,	447.0,	203.865,			1.009,			0.156,			0.053
834,	2,	90.0,	204.341,			14.704,			1.299,			0.127
835,	1,	49.0,	204.887,			2.889,			0.208,			0.051
836,	2,	184.0,	204.936,			12.386,			1.488,			0.123
837,	1,	498.0,	205.069,			1.886,			0.251,			0.05
838,	1,	30.0,	205.78,			1.204,			0.231,			0.054
839,	1,	379.0,	205.78,			1.554,			0.225,			0.057
840,	2,	150.0,	206.02,			14.818,			1.256,			0.107
841,	1,	447.0,	206.139,			1.043,			0.221,			0.053
842,	1,	379.0,	206.228,			2.014,			0.164,			0.052
843,	1,	49.0,	206.388,			1.325,			0.287,			0.053
844,	1,	44.0,	206.486,			2.916,			0.272,			0.058
845,	2,	170.0,	207.212,			14.127,			1.335,			0.157
846,	1,	169.0,	207.289,			1.719,			0.17,			0.059
847,	1,	7.0,	207.3,			2.122,			0.206,			0.051
848,	1,	157.0,	207.541,			1.826,			0.184,			0.056
849,	2,	107.0,	207.948,			12.214,			1.484,			0.114
850,	1,	214.0,	207.956,			1.984,			0.228,			0.057
851,	1,	103.0,	208.34,			1.535,			0.173,			0.058
852,	2,	102.0,	208.494,			13.737,			1.268,			0.159
853,	1,	169.0,	208.509,			2.467,			0.288,			0.051
854,	1,	90.0,	209.054,			1.394,			0.175,			0.06
855,	1,	13.0,	209.156,			2.31,			0.258,			0.056
856,	1,	6.0,	209.211,			2.08,			0.16,			0.057
857,	1,	90.0,	209.643,			2.256,			0.191,			0.057
858,	1,	16.0,	209.789,			1.811,			0.28,			0.057
859,	1,	146.0,	210.058,			1.025,			0.142,			0.058
860,	2,	115.0,	210.111,			14.45,			1.094,			0.131
861,	1,	16.0,	210.828,			1.753,			0.238,			0.057
862,	1,	44.0,	211.011,			2.155,			0.238,			0.056
863,	1,	7.0,	211.2,			1.03,			0.157,			0.055
864,	2,	141.0,	211.414,			11.237,			1.296,			0.106
865,	1,	498.0,	211.557,			2.144,			0.262,			0.059
866,	1,	90.0,	211.886,			2.249,			0.133,			0.057
867,	1,	157.0,	212.007,			1.587,			0.292,			0.052
868,	1,	95.0,	212.381,			1.624,			0.238,			0.051
869,	1,	44.0,	212.531,			1.805,			0.15,			0.054
870,	1,	126.0,	212.998,			2.581,			0.222,			0.056
871,	1,	90.0,	213.444,			1.769,			0.133,			0.059
872,	1,	16.0,	213.582,			1.394,			0.209,			0.06
873,	1,	169.0,	213.941,			1.455,			0.27,			0.052
874,	1,	126.0,	214.207,			1.455,			0.16,			0.058
875,	1,	126.0,	214.6,			1.103,			0.118,			0.053
876,	2,	149.0,	214.942,			11.71,			1.1,			0.138
877,	1,	7.0,	215.791,			2.098,			0.213,			0.053
878,	1,	10.0,	215.851,			2.753,			0.267,			0.057
879,	1,	447.0,	216.484,			2.969,			0.292,			0.054
880,	1,	103.0,	216.853,			2.425,			0.151,			0.05
881,	1,	10.0,	217.072,			1.186,			0.194,			0.057
882,	1,	559.0,	217.56,			2.415,			0.164,			0.06
883,	1,	7.0,	217.649,			2.194,			0.205,			0.052
884,	2,	124.0,	218.582,			14.729,			1.144,			0.166
885,	2,	206.0,	219.849,			12.296,			1.035,			0.199
886,	2,	211.0,	220.086,			12.406,			1.273,			0.164
887,	1,	447.0,	220.382,			1.912,			0.29,			0.05
888,	1,	214.0,	221.098,			2.549,			0.185,			0.05
889,	1,	7.0,	221.37,			1.116,			0.172,			0.058
890,	1,	146.0,	221.443,			1.4,			0.234,			0.055
891,	1,	559.0,	222.46,			2.678,			0.182,			0.051
892,	1,	146.0,	222.784,			1.513,			0.114,			0.056
893,	2,	238.0,	222.881,			13.645,			1.392,			0.101
894,	1,	379.0,	223.283,			1.145,			0.29,			0.056
895,	2,	80.0,	223.44,			12.4,			1.087,			0.105
896,	1,	90.0,	223.467,			2.398,			0.229,			0.059
897,	2,	220.0,	223.484,			10.365,			1.011,			0.194
898,	1,	28.0,	225.186,			2.673,			0.156,			0.051
899,	2,	199.0,	226.31,			13.792,			1.199,			0.157
900,	1,	49.0,	226.739,			2.181,			0.153,			0.055
901,	1,	59.0,	227.259,			1.969,			0.124,			0.058
902,	1,	7.0,	227.59,			2.424,			0.107,			0.05
903,	1,	214.0,	228.035,			2.748,			0.244,			0.059
904,	1,	49.0,	229.078,			1.148,			0.165,			0.053
905,	2,	131.0,	229.109,			12.024,			1.136,			0.169
906,	1,	447.0,	229.515,			1.681,			0.103,			0.06
907,	1,	7.0,	229.993,			1.581,			0.151,			0.051
908,	1,	103.0,	230.218,			1.078,			0.234,			0.055
909,	1,	59.0,	231.075,			2.301,			0.256,			0.05
910,	2,	121.0,	233.209,			10.554,			1.046,			0.182
911,	1,	49.0,	233.253,			2.675,			0.219,			0.051
912,	1,	6.0,	233.551,			1.9,			0.189,			0.054
913,	1,	498.0,	233.959,			1.733,			0.28,			0.06
914,	1,	90.0,	234.339,			2.631,			0.185,			0.052
915,	1,	59.0,	235.408,			2.491,			0.258,			0.053
916,	1,	49.0,	235.715,			2.438,			0.229,			0.053
917,	1,	44.0,	236.054,			2.092,			0.278,			0.057
918,	1,	10.0,	236.412,			2.379,			0.147,			0.052
919,	1,	512.0,	236.764,			2.103,			0.235,			0.06
920,	2,	235.0,	236.84,			13.061,			1.431,			0.178
921,	1,	59.0,	237.924,			1.869,			0.3,			0.052
922,	1,	10.0,	238.473,			1.535,			0.192,			0.054
923,	1,	49.0,	238.816,			2.969,			0.216,			0.056
924,	1,	214.0,	239.036,			2.548,			0.287,			0.056
925,	1,	559.0,	239.118,			1.716,			0.203,			0.059
926,	1,	30.0,	240.325,			2.31,			0.245,			0.057
927,	2,	195.0,	240.386,			12.144,			1.356,			0.117
928,	2,	162.0,	240.836,			13.136,			1.437,			0.196
929,	2,	83.0,	241.25,			11.229,			1.389,			0.105
930,	1,	214.0,	241.844,			1.158,			0.297,			0.059
931,	1,	169.0,	243.695,			2.03,			0.231,			0.053
932,	1,	6.0,	243.755,			2.947,			0.175,			0.05
933,	1,	379.0,	243.777,			2.984,			0.139,			0.06
934,	2,	133.0,	244.47,			13.587,			1.133,			0.176
935,	1,	379.0,	246.464,			1.307,			0.193,			0.054
936,	1,	16.0,	247.106,			1.048,			0.252,			0.057
937,	2,	230.0,	247.545,			13.921,			1.461,			0.113
938,	1,	90.0,	247.912,			2.398,			0.259,			0.051
939,	2,	106.0,	247.916,			12.191,			1.197,			0.188
940,	2,	133.0,	249.078,			11.583,			1.306,			0.122
941,	2,	94.0,	249.185,			13.494,			1.186,			0.177
942,	1,	559.0,	250.459,			2.155,			0.263,			0.055
943,	2,	171.0,	251.078,			12.136,			1.322,			0.19
944,	1,	44.0,	251.099,			1.413,			0.28,			0.051
945,	1,	90.0,	251.4,			1.883,			0.231,			0.051
946,	2,	141.0,	251.674,			13.42,			1.128,			0.108
947,	2,	165.0,	252.638,			14.186,			1.207,			0.158
948,	2,	257.0,	254.682,			12.299,			1.468,			0.114
949,	2,	198.0,	255.644,			12.486,			1.121,			0.137
950,	2,	110.0,	255.832,			11.994,			1.343,			0.137
951,	2,	51.0,	256.382,			13.452,			1.075,			0.141
952,	2,	38.0,	257.812,			11.334,			1.026,			0.107
953,	1,	512.0,	257.947,			2.148,			0.164,			0.06
954,	2,	262.0,	258.54,			13.761,			1.3,			0.163
955,	2,	198.0,	259.512,			13.379,			1.197,			0.137
956,	2,	83.0,	259.647,			13.092,			1.426,			0.189
957,	2,	84.0,	260.068,			11.968,			1.183,			0.122
958,	1,	387.0,	261.342,			2.063,			0.242,			0.052
959,	2,	186.0,	261.809,			14.918,			1.179,			0.167
960,	2,	138.0,	264.012,			14.216,			1.0,			0.134
961,	1,	169.0,	265.13,			2.991,			0.174,			0.057
962,	2,	241.0,	265.489,			12.112,			1.454,			0.131
963,	2,	138.0,	266.165,			10.672,			1.458,			0.114
964,	1,	169.0,	266.841,			2.88,			0.206,			0.054
965,	2,	157.0,	268.277,			11.598,			1.098,			0.169
966,	2,	83.0,	268.508,			14.814,			1.136,			0.159
967,	1,	214.0,	269.485,			2.948,			0.22,			0.052
968,	2,	112.0,	270.019,			10.654,			1.273,			0.166
969,	1,	44.0,	270.064,			1.086,			0.169,			0.052
970,	2,	182.0,	270.108,			11.727,			1.285,			0.168
971,	1,	103.0,	270.645,			1.188,			0.228,			0.052
972,	2,	133.0,	272.707,			11.73,			1.394,			0.198
973,	1,	44.0,	273.208,			2.632,			0.268,			0.052
974,	1,	90.0,	273.335,			2.651,			0.158,			0.051
975,	2,	103.0,	273.825,			12.835,			1.47,			0.184
976,	2,	106.0,	275.347,			13.273,			1.365,			0.131
977,	1,	7.0,	276.092,			2.598,			0.221,			0.052
978,	1,	387.0,	276.8,			1.575,			0.183,			0.059
979,	2,	155.0,	278.614,			12.024,			1.236,			0.183
980,	2,	152.0,	278.823,			13.801,			1.433,			0.107
981,	2,	94.0,	284.632,			11.215,			1.369,			0.104
982,	2,	198.0,	285.338,			12.014,			1.437,			0.165
983,	2,	133.0,	287.58,			13.166,			1.227,			0.193
984,	2,	179.0,	289.438,			10.599,			1.297,			0.109
985,	2,	221.0,	289.958,			10.312,			1.027,			0.104
986,	2,	260.0,	290.014,			11.138,			1.252,			0.177
987,	2,	142.0,	290.296,			13.025,			1.373,			0.149
988,	2,	92.0,	290.739,			13.061,			1.127,			0.167
989,	1,	498.0,	291.026,			1.942,			0.161,			0.055
990,	2,	187.0,	292.11,			12.046,			1.095,			0.191
991,	2,	112.0,	292.586,			14.889,			1.229,			0.143
992,	2,	270.0,	293.434,			11.405,			1.33,			0.178
993,	1,	44.0,	294.128,			2.388,			0.222,			0.058
994,	2,	282.0,	295.312,			12.351,			1.498,			0.138
995,	2,	116.0,	295.689,			11.89,			1.259,			0.185
996,	2,	201.0,	296.307,			14.906,			1.404,			0.127
997,	2,	258.0,	296.645,			14.921,			1.279,			0.17
998,	1,	7.0,	300.0,			2.273,			0.239,			0.055
999,	1,	59.0,	300.0,			1.681,			0.147,			0.058
1000,	1,	146.0,	300.0,			1.657,			0.155,			0.051
