#, task_type_id, size, arrival_time,	execution_time_cpu,	execution_time_gpu,	execution_time_CLOUD
1,	2,	62.0,	1.443,			2.31,			0.099,			0.099,			2.317,			0.103,			0.051
2,	2,	67.0,	2.074,			2.3,			0.096,			0.096,			2.307,			0.113,			0.05
3,	2,	120.0,	7.057,			2.311,			0.089,			0.089,			2.29,			0.101,			0.049
4,	2,	197.0,	8.461,			2.309,			0.094,			0.094,			2.305,			0.111,			0.05
5,	2,	214.0,	8.491,			2.29,			0.108,			0.108,			2.293,			0.105,			0.05
6,	2,	105.0,	9.676,			2.298,			0.095,			0.095,			2.3,			0.095,			0.049
7,	2,	173.0,	9.774,			2.299,			0.096,			0.096,			2.288,			0.104,			0.048
8,	2,	114.0,	9.777,			2.304,			0.107,			0.107,			2.283,			0.092,			0.051
9,	2,	80.0,	11.188,			2.296,			0.098,			0.098,			2.292,			0.092,			0.051
10,	2,	117.0,	12.407,			2.301,			0.099,			0.099,			2.283,			0.101,			0.05
11,	2,	215.0,	13.142,			2.288,			0.099,			0.099,			2.291,			0.098,			0.051
12,	2,	84.0,	15.782,			2.314,			0.096,			0.096,			2.304,			0.095,			0.05
13,	2,	169.0,	15.984,			2.3,			0.104,			0.104,			2.301,			0.096,			0.05
14,	2,	139.0,	17.605,			2.321,			0.101,			0.101,			2.308,			0.102,			0.049
15,	2,	116.0,	18.874,			2.305,			0.089,			0.089,			2.29,			0.098,			0.048
16,	2,	95.0,	22.398,			2.294,			0.1,			0.1,			2.294,			0.095,			0.05
17,	2,	97.0,	23.675,			2.33,			0.105,			0.105,			2.307,			0.095,			0.051
18,	2,	175.0,	24.219,			2.293,			0.105,			0.105,			2.288,			0.103,			0.051
19,	2,	147.0,	25.826,			2.309,			0.094,			0.094,			2.301,			0.094,			0.05
20,	2,	92.0,	26.177,			2.306,			0.096,			0.096,			2.312,			0.095,			0.052
21,	2,	164.0,	26.912,			2.319,			0.101,			0.101,			2.291,			0.092,			0.049
22,	2,	190.0,	27.015,			2.292,			0.102,			0.102,			2.305,			0.097,			0.05
23,	2,	142.0,	30.68,			2.281,			0.103,			0.103,			2.31,			0.094,			0.051
24,	2,	128.0,	33.3,			2.288,			0.107,			0.107,			2.311,			0.105,			0.05
25,	2,	164.0,	35.248,			2.276,			0.106,			0.106,			2.296,			0.105,			0.05
26,	2,	102.0,	35.266,			2.294,			0.103,			0.103,			2.302,			0.092,			0.05
27,	2,	98.0,	35.953,			2.3,			0.101,			0.101,			2.302,			0.105,			0.047
28,	2,	79.0,	36.016,			2.301,			0.1,			0.1,			2.294,			0.095,			0.05
29,	2,	195.0,	43.321,			2.325,			0.102,			0.102,			2.312,			0.091,			0.049
30,	2,	192.0,	44.062,			2.305,			0.107,			0.107,			2.31,			0.094,			0.05
31,	2,	317.0,	46.242,			2.301,			0.095,			0.095,			2.309,			0.103,			0.051
32,	2,	228.0,	46.519,			2.309,			0.098,			0.098,			2.291,			0.105,			0.051
33,	2,	77.0,	48.675,			2.285,			0.104,			0.104,			2.316,			0.101,			0.048
34,	2,	141.0,	49.624,			2.293,			0.101,			0.101,			2.287,			0.098,			0.05
35,	2,	162.0,	49.979,			2.3,			0.092,			0.092,			2.303,			0.108,			0.05
36,	2,	166.0,	50.544,			2.312,			0.103,			0.103,			2.312,			0.099,			0.05
37,	2,	300.0,	52.571,			2.297,			0.09,			0.09,			2.283,			0.095,			0.049
38,	2,	158.0,	53.069,			2.303,			0.099,			0.099,			2.307,			0.109,			0.049
39,	2,	168.0,	53.262,			2.302,			0.092,			0.092,			2.306,			0.094,			0.051
40,	2,	131.0,	55.434,			2.279,			0.094,			0.094,			2.305,			0.102,			0.049
41,	2,	146.0,	55.504,			2.303,			0.098,			0.098,			2.291,			0.1,			0.049
42,	2,	112.0,	56.892,			2.3,			0.103,			0.103,			2.309,			0.109,			0.051
43,	2,	118.0,	58.042,			2.291,			0.102,			0.102,			2.317,			0.097,			0.051
44,	2,	131.0,	58.673,			2.306,			0.104,			0.104,			2.291,			0.096,			0.051
45,	2,	66.0,	59.022,			2.305,			0.098,			0.098,			2.314,			0.101,			0.05
46,	2,	248.0,	60.364,			2.307,			0.102,			0.102,			2.287,			0.092,			0.05
47,	2,	122.0,	60.63,			2.311,			0.099,			0.099,			2.314,			0.093,			0.051
48,	2,	104.0,	65.595,			2.304,			0.097,			0.097,			2.313,			0.1,			0.05
49,	1,	59.0,	66.943,			1.478,			0.956,			0.956,			1.436,			0.983,			0.5
50,	1,	387.0,	67.685,			1.452,			0.966,			0.966,			1.441,			0.964,			0.5
51,	2,	260.0,	69.999,			2.326,			0.101,			0.101,			2.296,			0.107,			0.049
52,	1,	169.0,	71.205,			1.458,			0.952,			0.952,			1.451,			0.977,			0.502
53,	2,	267.0,	72.525,			2.301,			0.103,			0.103,			2.309,			0.101,			0.051
54,	2,	210.0,	72.554,			2.294,			0.101,			0.101,			2.285,			0.108,			0.05
55,	2,	209.0,	73.073,			2.311,			0.102,			0.102,			2.299,			0.104,			0.049
56,	2,	260.0,	74.652,			2.321,			0.105,			0.105,			2.307,			0.103,			0.051
57,	2,	293.0,	76.81,			2.311,			0.1,			0.1,			2.285,			0.102,			0.049
58,	2,	196.0,	77.755,			2.296,			0.093,			0.093,			2.302,			0.099,			0.051
59,	3,	83.0,	78.263,			5.496,			1.507,			1.507,			5.489,			1.51,			0.9
60,	3,	457.9,	78.293,			5.505,			1.508,			1.508,			5.495,			1.489,			0.895
61,	2,	157.0,	78.579,			2.292,			0.096,			0.096,			2.302,			0.097,			0.05
62,	2,	120.0,	79.97,			2.311,			0.099,			0.099,			2.315,			0.104,			0.051
63,	3,	212.1,	80.788,			5.507,			1.496,			1.496,			5.512,			1.509,			0.897
64,	3,	518.7,	81.044,			5.506,			1.501,			1.501,			5.508,			1.516,			0.904
65,	2,	192.0,	82.638,			2.302,			0.095,			0.095,			2.306,			0.1,			0.049
66,	2,	100.0,	83.314,			2.304,			0.097,			0.097,			2.288,			0.099,			0.049
67,	2,	235.0,	83.4,			2.318,			0.095,			0.095,			2.302,			0.109,			0.049
68,	2,	92.0,	89.403,			2.306,			0.097,			0.097,			2.297,			0.094,			0.05
69,	3,	193.7,	89.661,			5.49,			1.499,			1.499,			5.496,			1.5,			0.899
70,	3,	86.5,	89.801,			5.515,			1.507,			1.507,			5.496,			1.509,			0.908
71,	3,	66.8,	89.976,			5.496,			1.506,			1.506,			5.504,			1.494,			0.915
72,	3,	210.4,	90.565,			5.489,			1.506,			1.506,			5.492,			1.496,			0.9
73,	2,	237.0,	90.972,			2.286,			0.105,			0.105,			2.293,			0.096,			0.05
74,	3,	213.0,	92.088,			5.512,			1.497,			1.497,			5.496,			1.479,			0.913
75,	1,	44.0,	92.554,			1.461,			0.978,			0.978,			1.457,			0.963,			0.499
76,	1,	447.0,	92.572,			1.454,			0.98,			0.98,			1.458,			0.967,			0.501
77,	1,	6.0,	92.654,			1.465,			0.973,			0.973,			1.457,			0.978,			0.5
78,	1,	6.0,	92.678,			1.451,			0.952,			0.952,			1.452,			0.974,			0.501
79,	3,	62.4,	92.721,			5.49,			1.516,			1.516,			5.504,			1.496,			0.901
80,	1,	169.0,	92.84,			1.465,			0.974,			0.974,			1.453,			0.949,			0.501
81,	1,	559.0,	92.912,			1.443,			0.987,			0.987,			1.467,			0.973,			0.499
82,	1,	379.0,	92.944,			1.451,			0.973,			0.973,			1.445,			0.974,			0.499
83,	1,	146.0,	93.194,			1.445,			0.98,			0.98,			1.469,			0.979,			0.499
84,	1,	90.0,	93.392,			1.459,			0.975,			0.975,			1.466,			0.983,			0.499
85,	1,	498.0,	93.395,			1.455,			0.973,			0.973,			1.455,			0.982,			0.498
86,	1,	44.0,	93.413,			1.467,			0.961,			0.961,			1.47,			0.96,			0.501
87,	1,	512.0,	93.425,			1.47,			0.972,			0.972,			1.464,			0.976,			0.5
88,	1,	49.0,	93.474,			1.462,			0.962,			0.962,			1.462,			0.979,			0.501
89,	1,	7.0,	93.502,			1.455,			0.991,			0.991,			1.449,			0.961,			0.501
90,	1,	44.0,	93.727,			1.452,			0.956,			0.956,			1.453,			0.967,			0.501
91,	1,	30.0,	93.741,			1.474,			0.968,			0.968,			1.479,			0.962,			0.499
92,	1,	28.0,	93.946,			1.455,			0.96,			0.96,			1.459,			0.981,			0.501
93,	1,	30.0,	93.98,			1.461,			0.978,			0.978,			1.47,			0.961,			0.498
94,	1,	103.0,	94.082,			1.447,			0.98,			0.98,			1.467,			0.981,			0.501
95,	1,	10.0,	94.112,			1.449,			0.978,			0.978,			1.455,			0.972,			0.498
96,	1,	169.0,	94.223,			1.445,			0.975,			0.975,			1.46,			0.962,			0.5
97,	1,	28.0,	94.327,			1.475,			0.966,			0.966,			1.488,			0.973,			0.503
98,	1,	90.0,	94.351,			1.447,			0.969,			0.969,			1.463,			0.966,			0.499
99,	1,	90.0,	94.358,			1.453,			0.95,			0.95,			1.455,			0.965,			0.499
100,	2,	138.0,	94.385,			2.311,			0.109,			0.109,			2.305,			0.099,			0.05
101,	1,	120.0,	94.394,			1.465,			0.975,			0.975,			1.478,			0.98,			0.499
102,	1,	7.0,	94.549,			1.465,			0.961,			0.961,			1.453,			0.981,			0.498
103,	1,	559.0,	94.664,			1.469,			0.985,			0.985,			1.472,			0.978,			0.501
104,	1,	49.0,	94.706,			1.456,			0.95,			0.95,			1.477,			0.972,			0.5
105,	1,	103.0,	94.824,			1.471,			0.956,			0.956,			1.455,			0.978,			0.5
106,	1,	7.0,	95.129,			1.446,			0.961,			0.961,			1.464,			0.995,			0.502
107,	1,	447.0,	95.138,			1.463,			0.964,			0.964,			1.471,			0.99,			0.499
108,	1,	44.0,	95.148,			1.449,			0.959,			0.959,			1.473,			0.992,			0.5
109,	1,	387.0,	95.229,			1.444,			0.974,			0.974,			1.459,			0.962,			0.501
110,	1,	13.0,	95.234,			1.482,			0.958,			0.958,			1.458,			0.975,			0.501
111,	1,	44.0,	95.279,			1.471,			0.962,			0.962,			1.44,			0.958,			0.499
112,	1,	6.0,	95.366,			1.441,			0.978,			0.978,			1.481,			0.958,			0.499
113,	1,	512.0,	95.372,			1.468,			0.974,			0.974,			1.478,			0.961,			0.501
114,	1,	13.0,	95.423,			1.429,			0.969,			0.969,			1.456,			0.976,			0.5
115,	1,	6.0,	95.671,			1.48,			0.966,			0.966,			1.457,			0.975,			0.5
116,	1,	379.0,	95.677,			1.455,			0.979,			0.979,			1.474,			0.963,			0.498
117,	1,	44.0,	95.743,			1.463,			0.963,			0.963,			1.467,			0.98,			0.501
118,	1,	44.0,	95.899,			1.447,			0.975,			0.975,			1.457,			0.982,			0.5
119,	1,	6.0,	95.916,			1.451,			0.973,			0.973,			1.468,			0.967,			0.5
120,	1,	379.0,	95.957,			1.457,			0.967,			0.967,			1.463,			0.953,			0.5
121,	1,	59.0,	95.968,			1.451,			0.948,			0.948,			1.468,			0.964,			0.5
122,	1,	59.0,	96.012,			1.464,			0.981,			0.981,			1.451,			0.967,			0.5
123,	1,	28.0,	96.023,			1.456,			0.989,			0.989,			1.464,			0.965,			0.5
124,	1,	447.0,	96.107,			1.457,			0.969,			0.969,			1.464,			0.979,			0.5
125,	1,	7.0,	96.128,			1.447,			0.957,			0.957,			1.452,			0.977,			0.499
126,	1,	95.0,	96.329,			1.472,			0.951,			0.951,			1.462,			0.971,			0.5
127,	1,	120.0,	96.522,			1.453,			0.972,			0.972,			1.463,			0.958,			0.5
128,	1,	30.0,	96.545,			1.464,			0.974,			0.974,			1.459,			0.969,			0.498
129,	1,	6.0,	96.564,			1.464,			0.965,			0.965,			1.455,			0.96,			0.5
130,	1,	95.0,	96.746,			1.447,			0.973,			0.973,			1.476,			0.952,			0.5
131,	1,	13.0,	97.099,			1.46,			0.974,			0.974,			1.464,			0.969,			0.5
132,	1,	379.0,	97.103,			1.461,			0.971,			0.971,			1.473,			0.967,			0.501
133,	1,	10.0,	97.138,			1.459,			0.975,			0.975,			1.464,			0.963,			0.5
134,	1,	126.0,	97.253,			1.447,			0.978,			0.978,			1.451,			0.964,			0.501
135,	1,	387.0,	97.274,			1.478,			0.99,			0.99,			1.462,			0.956,			0.501
136,	1,	28.0,	97.322,			1.436,			0.949,			0.949,			1.458,			0.983,			0.5
137,	1,	169.0,	97.479,			1.452,			0.959,			0.959,			1.467,			0.986,			0.501
138,	2,	138.0,	97.635,			2.298,			0.097,			0.097,			2.283,			0.095,			0.05
139,	2,	153.0,	98.104,			2.304,			0.101,			0.101,			2.297,			0.102,			0.05
140,	2,	122.0,	98.938,			2.308,			0.105,			0.105,			2.298,			0.094,			0.05
141,	2,	214.0,	100.237,			2.313,			0.096,			0.096,			2.299,			0.09,			0.051
142,	2,	117.0,	100.364,			2.303,			0.095,			0.095,			2.305,			0.089,			0.051
143,	2,	112.0,	101.982,			2.311,			0.11,			0.11,			2.314,			0.098,			0.05
144,	2,	137.0,	104.607,			2.291,			0.111,			0.111,			2.291,			0.099,			0.05
145,	2,	138.0,	106.385,			2.297,			0.097,			0.097,			2.286,			0.097,			0.052
146,	3,	190.1,	112.482,			5.5,			1.486,			1.486,			5.494,			1.507,			0.907
147,	3,	956.8,	112.839,			5.501,			1.51,			1.51,			5.509,			1.494,			0.905
148,	2,	120.0,	113.589,			2.312,			0.095,			0.095,			2.284,			0.101,			0.051
149,	3,	306.8,	113.6,			5.507,			1.494,			1.494,			5.5,			1.495,			0.902
150,	3,	140.4,	113.615,			5.505,			1.484,			1.484,			5.512,			1.498,			0.887
151,	3,	322.4,	113.966,			5.504,			1.492,			1.492,			5.474,			1.49,			0.896
152,	2,	289.0,	114.027,			2.307,			0.101,			0.101,			2.31,			0.101,			0.052
153,	3,	59.6,	114.211,			5.496,			1.498,			1.498,			5.494,			1.513,			0.893
154,	3,	152.1,	114.308,			5.502,			1.497,			1.497,			5.503,			1.499,			0.892
155,	3,	204.9,	114.537,			5.493,			1.497,			1.497,			5.5,			1.497,			0.909
156,	3,	622.3,	115.003,			5.506,			1.506,			1.506,			5.494,			1.509,			0.897
157,	3,	478.5,	115.37,			5.523,			1.492,			1.492,			5.501,			1.518,			0.895
158,	3,	630.9,	115.406,			5.515,			1.495,			1.495,			5.505,			1.482,			0.897
159,	3,	620.7,	115.613,			5.519,			1.515,			1.515,			5.492,			1.508,			0.897
160,	3,	265.9,	115.626,			5.496,			1.499,			1.499,			5.507,			1.501,			0.897
161,	1,	90.0,	115.767,			1.451,			0.962,			0.962,			1.464,			0.978,			0.501
162,	3,	100.1,	115.796,			5.495,			1.493,			1.493,			5.505,			1.483,			0.9
163,	2,	177.0,	115.888,			2.303,			0.096,			0.096,			2.29,			0.095,			0.049
164,	2,	120.0,	116.054,			2.31,			0.1,			0.1,			2.306,			0.099,			0.05
165,	3,	198.8,	116.105,			5.507,			1.503,			1.503,			5.496,			1.492,			0.902
166,	2,	130.0,	116.35,			2.3,			0.099,			0.099,			2.301,			0.093,			0.049
167,	3,	148.8,	116.588,			5.492,			1.499,			1.499,			5.49,			1.484,			0.897
168,	3,	233.8,	116.751,			5.495,			1.505,			1.505,			5.495,			1.491,			0.902
169,	2,	176.0,	117.109,			2.291,			0.106,			0.106,			2.298,			0.098,			0.052
170,	2,	89.0,	119.976,			2.293,			0.095,			0.095,			2.304,			0.109,			0.05
171,	2,	209.0,	120.279,			2.289,			0.101,			0.101,			2.302,			0.093,			0.051
172,	2,	166.0,	120.424,			2.295,			0.096,			0.096,			2.298,			0.099,			0.051
173,	2,	156.0,	122.783,			2.293,			0.096,			0.096,			2.298,			0.088,			0.051
174,	2,	129.0,	124.655,			2.291,			0.098,			0.098,			2.315,			0.1,			0.05
175,	2,	190.0,	128.88,			2.309,			0.101,			0.101,			2.289,			0.099,			0.05
176,	2,	214.0,	133.3,			2.312,			0.099,			0.099,			2.301,			0.089,			0.05
177,	2,	109.0,	135.825,			2.312,			0.094,			0.094,			2.311,			0.101,			0.052
178,	2,	236.0,	136.112,			2.314,			0.095,			0.095,			2.309,			0.095,			0.05
179,	1,	126.0,	137.32,			1.464,			0.975,			0.975,			1.457,			0.973,			0.502
180,	1,	90.0,	137.495,			1.451,			0.978,			0.978,			1.457,			0.952,			0.501
181,	2,	190.0,	137.805,			2.309,			0.095,			0.095,			2.278,			0.103,			0.05
182,	1,	44.0,	138.027,			1.467,			0.973,			0.973,			1.474,			0.983,			0.501
183,	2,	174.0,	138.515,			2.309,			0.106,			0.106,			2.288,			0.097,			0.05
184,	2,	223.0,	139.202,			2.317,			0.107,			0.107,			2.301,			0.102,			0.053
185,	1,	7.0,	139.206,			1.468,			0.98,			0.98,			1.457,			0.978,			0.499
186,	2,	69.0,	139.518,			2.303,			0.094,			0.094,			2.288,			0.099,			0.051
187,	1,	214.0,	139.535,			1.491,			0.969,			0.969,			1.458,			0.966,			0.5
188,	2,	132.0,	139.665,			2.302,			0.099,			0.099,			2.292,			0.104,			0.049
189,	2,	172.0,	144.948,			2.298,			0.105,			0.105,			2.293,			0.093,			0.048
190,	2,	96.0,	147.262,			2.294,			0.101,			0.101,			2.312,			0.105,			0.05
191,	2,	261.0,	148.43,			2.314,			0.098,			0.098,			2.324,			0.106,			0.049
192,	2,	63.0,	149.312,			2.292,			0.11,			0.11,			2.297,			0.096,			0.05
193,	3,	167.3,	149.701,			5.518,			1.5,			1.5,			5.492,			1.497,			0.898
194,	3,	320.7,	151.57,			5.497,			1.515,			1.515,			5.492,			1.512,			0.903
195,	2,	180.0,	152.813,			2.309,			0.098,			0.098,			2.298,			0.098,			0.051
196,	2,	186.0,	156.696,			2.306,			0.101,			0.101,			2.308,			0.111,			0.047
197,	2,	192.0,	160.903,			2.299,			0.106,			0.106,			2.306,			0.096,			0.048
198,	2,	192.0,	162.307,			2.294,			0.102,			0.102,			2.311,			0.103,			0.05
199,	2,	135.0,	162.869,			2.294,			0.102,			0.102,			2.302,			0.108,			0.05
200,	1,	120.0,	163.247,			1.467,			0.956,			0.956,			1.459,			0.978,			0.499
201,	3,	645.4,	163.558,			5.489,			1.515,			1.515,			5.483,			1.508,			0.899
202,	2,	214.0,	166.21,			2.305,			0.095,			0.095,			2.288,			0.105,			0.051
203,	2,	83.0,	167.147,			2.295,			0.101,			0.101,			2.293,			0.101,			0.05
204,	2,	66.0,	167.271,			2.287,			0.099,			0.099,			2.305,			0.103,			0.049
205,	2,	147.0,	167.4,			2.305,			0.098,			0.098,			2.287,			0.1,			0.05
206,	2,	103.0,	167.48,			2.291,			0.1,			0.1,			2.277,			0.101,			0.049
207,	2,	105.0,	168.358,			2.315,			0.106,			0.106,			2.278,			0.103,			0.051
208,	2,	145.0,	168.735,			2.294,			0.101,			0.101,			2.313,			0.098,			0.051
209,	2,	162.0,	172.061,			2.304,			0.098,			0.098,			2.302,			0.103,			0.051
210,	2,	223.0,	173.735,			2.296,			0.096,			0.096,			2.306,			0.107,			0.051
211,	2,	72.0,	174.29,			2.3,			0.097,			0.097,			2.3,			0.107,			0.052
212,	2,	175.0,	175.912,			2.276,			0.095,			0.095,			2.296,			0.095,			0.051
213,	2,	112.0,	176.661,			2.301,			0.094,			0.094,			2.3,			0.091,			0.05
214,	2,	152.0,	181.351,			2.296,			0.098,			0.098,			2.305,			0.105,			0.049
215,	2,	180.0,	183.282,			2.313,			0.096,			0.096,			2.319,			0.096,			0.05
216,	2,	281.0,	184.564,			2.306,			0.098,			0.098,			2.298,			0.111,			0.05
217,	2,	159.0,	186.015,			2.302,			0.099,			0.099,			2.289,			0.094,			0.05
218,	2,	112.0,	186.931,			2.3,			0.094,			0.094,			2.305,			0.102,			0.049
219,	2,	261.0,	190.655,			2.291,			0.099,			0.099,			2.291,			0.097,			0.052
220,	2,	274.0,	193.256,			2.315,			0.092,			0.092,			2.298,			0.098,			0.051
221,	2,	138.0,	193.756,			2.305,			0.094,			0.094,			2.322,			0.097,			0.051
222,	2,	221.0,	193.823,			2.299,			0.107,			0.107,			2.3,			0.105,			0.049
223,	2,	156.0,	196.241,			2.297,			0.093,			0.093,			2.32,			0.099,			0.051
224,	2,	191.0,	199.034,			2.303,			0.093,			0.093,			2.297,			0.097,			0.051
225,	2,	59.0,	205.023,			2.301,			0.107,			0.107,			2.284,			0.107,			0.049
226,	2,	76.0,	205.297,			2.308,			0.102,			0.102,			2.306,			0.096,			0.05
227,	2,	110.0,	205.62,			2.325,			0.097,			0.097,			2.307,			0.101,			0.049
228,	2,	90.0,	206.786,			2.313,			0.093,			0.093,			2.318,			0.105,			0.051
229,	2,	210.0,	208.974,			2.293,			0.098,			0.098,			2.311,			0.11,			0.051
230,	2,	109.0,	209.171,			2.307,			0.108,			0.108,			2.29,			0.099,			0.049
231,	2,	231.0,	212.265,			2.317,			0.106,			0.106,			2.302,			0.1,			0.05
232,	2,	66.0,	212.488,			2.302,			0.1,			0.1,			2.295,			0.107,			0.049
233,	2,	99.0,	212.702,			2.303,			0.096,			0.096,			2.322,			0.117,			0.05
234,	1,	6.0,	213.863,			1.463,			0.972,			0.972,			1.445,			0.972,			0.499
235,	1,	447.0,	214.022,			1.455,			0.965,			0.965,			1.462,			0.962,			0.5
236,	1,	95.0,	214.077,			1.455,			0.979,			0.979,			1.468,			0.95,			0.499
237,	1,	120.0,	214.256,			1.46,			0.971,			0.971,			1.462,			0.976,			0.5
238,	1,	157.0,	214.5,			1.461,			0.98,			0.98,			1.472,			0.981,			0.498
239,	1,	10.0,	214.567,			1.459,			0.964,			0.964,			1.452,			0.969,			0.5
240,	2,	166.0,	214.611,			2.304,			0.094,			0.094,			2.312,			0.102,			0.048
241,	1,	157.0,	214.686,			1.456,			0.975,			0.975,			1.457,			0.959,			0.501
242,	2,	190.0,	215.058,			2.309,			0.106,			0.106,			2.303,			0.1,			0.05
243,	1,	44.0,	215.085,			1.424,			0.972,			0.972,			1.466,			0.948,			0.499
244,	1,	44.0,	215.195,			1.435,			0.982,			0.982,			1.465,			0.948,			0.499
245,	1,	59.0,	215.227,			1.437,			0.952,			0.952,			1.452,			0.971,			0.499
246,	1,	7.0,	215.245,			1.467,			0.987,			0.987,			1.453,			0.954,			0.498
247,	1,	90.0,	215.612,			1.471,			0.963,			0.963,			1.473,			0.967,			0.5
248,	2,	149.0,	215.832,			2.314,			0.103,			0.103,			2.299,			0.1,			0.049
249,	1,	7.0,	215.865,			1.467,			0.986,			0.986,			1.48,			0.964,			0.5
250,	1,	120.0,	215.883,			1.468,			0.971,			0.971,			1.456,			0.971,			0.501
251,	2,	76.0,	216.147,			2.304,			0.095,			0.095,			2.284,			0.104,			0.051
252,	1,	387.0,	217.7,			1.463,			0.964,			0.964,			1.448,			0.97,			0.499
253,	1,	28.0,	217.725,			1.457,			0.964,			0.964,			1.461,			0.967,			0.499
254,	1,	6.0,	217.853,			1.448,			0.983,			0.983,			1.475,			0.983,			0.499
255,	2,	180.0,	219.442,			2.288,			0.104,			0.104,			2.296,			0.107,			0.05
256,	2,	26.0,	221.335,			2.302,			0.103,			0.103,			2.309,			0.098,			0.052
257,	2,	213.0,	221.38,			2.295,			0.097,			0.097,			2.291,			0.101,			0.049
258,	2,	120.0,	226.567,			2.305,			0.1,			0.1,			2.295,			0.097,			0.049
259,	2,	182.0,	226.594,			2.309,			0.101,			0.101,			2.306,			0.104,			0.048
260,	2,	116.0,	226.839,			2.288,			0.095,			0.095,			2.29,			0.097,			0.05
261,	2,	234.0,	227.012,			2.285,			0.099,			0.099,			2.298,			0.109,			0.05
262,	2,	214.0,	227.793,			2.306,			0.098,			0.098,			2.31,			0.1,			0.049
263,	2,	306.0,	229.408,			2.282,			0.099,			0.099,			2.317,			0.095,			0.051
264,	2,	131.0,	231.274,			2.288,			0.097,			0.097,			2.307,			0.101,			0.05
265,	2,	176.0,	234.229,			2.29,			0.1,			0.1,			2.308,			0.1,			0.052
266,	2,	154.0,	235.491,			2.301,			0.104,			0.104,			2.285,			0.104,			0.05
267,	2,	201.0,	235.496,			2.315,			0.105,			0.105,			2.294,			0.096,			0.05
268,	2,	177.0,	236.529,			2.3,			0.096,			0.096,			2.307,			0.101,			0.05
269,	2,	108.0,	239.093,			2.288,			0.115,			0.115,			2.294,			0.096,			0.048
270,	2,	134.0,	239.906,			2.308,			0.107,			0.107,			2.299,			0.096,			0.051
271,	2,	111.0,	240.164,			2.3,			0.098,			0.098,			2.289,			0.095,			0.051
272,	2,	170.0,	241.053,			2.289,			0.1,			0.1,			2.299,			0.106,			0.05
273,	2,	209.0,	241.293,			2.309,			0.1,			0.1,			2.293,			0.098,			0.049
274,	1,	28.0,	242.043,			1.44,			0.981,			0.981,			1.457,			0.972,			0.501
275,	1,	44.0,	242.17,			1.457,			0.971,			0.971,			1.448,			0.982,			0.5
276,	1,	447.0,	243.166,			1.464,			0.97,			0.97,			1.466,			0.969,			0.498
277,	2,	160.0,	243.506,			2.315,			0.098,			0.098,			2.29,			0.095,			0.048
278,	2,	125.0,	243.654,			2.316,			0.098,			0.098,			2.297,			0.097,			0.051
279,	2,	132.0,	244.163,			2.281,			0.108,			0.108,			2.296,			0.105,			0.051
280,	1,	214.0,	244.534,			1.491,			0.981,			0.981,			1.465,			0.999,			0.502
281,	1,	379.0,	244.75,			1.47,			0.965,			0.965,			1.457,			0.954,			0.5
282,	2,	192.0,	245.469,			2.288,			0.105,			0.105,			2.297,			0.099,			0.05
283,	1,	28.0,	246.14,			1.457,			0.98,			0.98,			1.441,			0.975,			0.499
284,	1,	387.0,	246.724,			1.477,			0.987,			0.987,			1.455,			0.976,			0.499
285,	2,	157.0,	247.43,			2.312,			0.095,			0.095,			2.297,			0.096,			0.051
286,	2,	111.0,	248.939,			2.309,			0.089,			0.089,			2.313,			0.103,			0.05
287,	2,	181.0,	251.656,			2.304,			0.099,			0.099,			2.29,			0.1,			0.05
288,	2,	70.0,	257.233,			2.325,			0.096,			0.096,			2.296,			0.097,			0.05
289,	3,	195.7,	259.79,			5.512,			1.508,			1.508,			5.519,			1.487,			0.899
290,	2,	322.0,	260.519,			2.314,			0.099,			0.099,			2.306,			0.097,			0.05
291,	2,	145.0,	261.574,			2.299,			0.091,			0.091,			2.31,			0.09,			0.048
292,	2,	113.0,	266.289,			2.297,			0.1,			0.1,			2.303,			0.106,			0.05
293,	2,	234.0,	272.616,			2.297,			0.099,			0.099,			2.301,			0.101,			0.049
294,	2,	94.0,	273.723,			2.287,			0.107,			0.107,			2.3,			0.098,			0.05
295,	2,	196.0,	274.535,			2.302,			0.104,			0.104,			2.305,			0.103,			0.05
296,	2,	215.0,	274.619,			2.311,			0.104,			0.104,			2.298,			0.104,			0.05
297,	2,	153.0,	274.663,			2.298,			0.098,			0.098,			2.303,			0.092,			0.049
298,	2,	191.0,	275.647,			2.307,			0.101,			0.101,			2.306,			0.1,			0.05
299,	2,	162.0,	275.871,			2.312,			0.103,			0.103,			2.281,			0.094,			0.05
300,	2,	196.0,	287.658,			2.304,			0.099,			0.099,			2.331,			0.104,			0.05
301,	2,	141.0,	289.094,			2.309,			0.1,			0.1,			2.303,			0.105,			0.05
302,	2,	223.0,	289.261,			2.309,			0.101,			0.101,			2.302,			0.098,			0.051
303,	2,	68.0,	292.914,			2.307,			0.108,			0.108,			2.29,			0.096,			0.051
304,	2,	109.0,	293.49,			2.322,			0.102,			0.102,			2.309,			0.1,			0.05
305,	2,	106.0,	300.777,			2.325,			0.104,			0.104,			2.321,			0.1,			0.05
306,	2,	88.0,	303.815,			2.294,			0.104,			0.104,			2.297,			0.098,			0.051
307,	2,	192.0,	304.551,			2.301,			0.096,			0.096,			2.295,			0.115,			0.051
308,	2,	257.0,	304.619,			2.313,			0.1,			0.1,			2.29,			0.093,			0.051
309,	2,	99.0,	305.599,			2.297,			0.099,			0.099,			2.306,			0.103,			0.05
310,	2,	103.0,	306.08,			2.292,			0.086,			0.086,			2.3,			0.102,			0.05
311,	2,	206.0,	307.013,			2.295,			0.1,			0.1,			2.288,			0.098,			0.051
312,	2,	139.0,	310.658,			2.283,			0.094,			0.094,			2.305,			0.099,			0.051
313,	2,	132.0,	318.589,			2.301,			0.091,			0.091,			2.299,			0.098,			0.049
314,	2,	267.0,	318.711,			2.303,			0.094,			0.094,			2.309,			0.095,			0.051
315,	2,	275.0,	321.074,			2.284,			0.097,			0.097,			2.31,			0.108,			0.05
316,	2,	111.0,	322.21,			2.29,			0.098,			0.098,			2.294,			0.097,			0.049
317,	2,	80.0,	322.709,			2.304,			0.103,			0.103,			2.311,			0.098,			0.049
318,	2,	283.0,	322.807,			2.3,			0.102,			0.102,			2.3,			0.095,			0.05
319,	2,	180.0,	324.725,			2.315,			0.106,			0.106,			2.304,			0.103,			0.05
320,	2,	96.0,	327.351,			2.292,			0.101,			0.101,			2.304,			0.105,			0.05
321,	2,	76.0,	328.077,			2.292,			0.105,			0.105,			2.3,			0.11,			0.051
322,	2,	226.0,	331.346,			2.303,			0.097,			0.097,			2.303,			0.097,			0.049
323,	2,	110.0,	331.493,			2.302,			0.115,			0.115,			2.296,			0.097,			0.05
324,	2,	117.0,	331.651,			2.293,			0.1,			0.1,			2.307,			0.103,			0.05
325,	2,	134.0,	332.924,			2.301,			0.094,			0.094,			2.302,			0.093,			0.05
326,	2,	166.0,	336.512,			2.291,			0.105,			0.105,			2.308,			0.095,			0.049
327,	2,	114.0,	339.617,			2.289,			0.099,			0.099,			2.297,			0.099,			0.051
328,	2,	247.0,	339.867,			2.286,			0.096,			0.096,			2.315,			0.1,			0.05
329,	2,	58.0,	340.15,			2.305,			0.099,			0.099,			2.306,			0.101,			0.05
330,	2,	186.0,	342.497,			2.301,			0.099,			0.099,			2.303,			0.098,			0.051
331,	2,	109.0,	346.339,			2.309,			0.094,			0.094,			2.302,			0.099,			0.049
332,	2,	79.0,	346.517,			2.29,			0.098,			0.098,			2.29,			0.092,			0.05
333,	2,	69.0,	346.93,			2.301,			0.104,			0.104,			2.304,			0.105,			0.048
334,	2,	258.0,	348.701,			2.291,			0.108,			0.108,			2.305,			0.102,			0.05
335,	2,	82.0,	349.17,			2.303,			0.095,			0.095,			2.295,			0.11,			0.05
336,	2,	189.0,	349.224,			2.309,			0.104,			0.104,			2.311,			0.105,			0.05
337,	2,	180.0,	350.743,			2.289,			0.101,			0.101,			2.291,			0.1,			0.051
338,	2,	281.0,	351.368,			2.31,			0.097,			0.097,			2.305,			0.103,			0.05
339,	2,	180.0,	356.516,			2.303,			0.098,			0.098,			2.292,			0.097,			0.048
340,	2,	208.0,	356.777,			2.317,			0.093,			0.093,			2.291,			0.099,			0.052
341,	2,	115.0,	356.994,			2.306,			0.101,			0.101,			2.283,			0.089,			0.05
342,	2,	72.0,	358.355,			2.306,			0.1,			0.1,			2.31,			0.099,			0.05
343,	2,	231.0,	359.749,			2.3,			0.108,			0.108,			2.297,			0.098,			0.05
344,	2,	249.0,	360.482,			2.277,			0.099,			0.099,			2.313,			0.101,			0.05
345,	2,	125.0,	363.811,			2.293,			0.087,			0.087,			2.294,			0.102,			0.051
346,	2,	101.0,	364.017,			2.317,			0.094,			0.094,			2.285,			0.112,			0.049
347,	2,	241.0,	364.295,			2.306,			0.097,			0.097,			2.287,			0.103,			0.05
348,	2,	184.0,	367.233,			2.298,			0.099,			0.099,			2.298,			0.1,			0.052
349,	2,	247.0,	370.742,			2.304,			0.096,			0.096,			2.286,			0.104,			0.05
350,	2,	290.0,	371.702,			2.305,			0.092,			0.092,			2.314,			0.092,			0.051
351,	2,	229.0,	378.171,			2.309,			0.095,			0.095,			2.303,			0.109,			0.049
352,	2,	133.0,	378.847,			2.289,			0.1,			0.1,			2.325,			0.097,			0.05
353,	2,	162.0,	380.34,			2.294,			0.104,			0.104,			2.296,			0.096,			0.05
354,	2,	162.0,	381.539,			2.29,			0.105,			0.105,			2.314,			0.099,			0.051
355,	2,	113.0,	381.621,			2.316,			0.105,			0.105,			2.298,			0.106,			0.049
356,	2,	135.0,	382.277,			2.306,			0.099,			0.099,			2.311,			0.104,			0.05
357,	2,	116.0,	386.172,			2.289,			0.099,			0.099,			2.294,			0.102,			0.051
358,	2,	211.0,	388.684,			2.304,			0.095,			0.095,			2.325,			0.098,			0.05
359,	2,	84.0,	389.205,			2.293,			0.103,			0.103,			2.299,			0.103,			0.049
360,	2,	115.0,	389.646,			2.308,			0.094,			0.094,			2.291,			0.095,			0.051
361,	2,	131.0,	389.868,			2.325,			0.101,			0.101,			2.288,			0.097,			0.051
362,	2,	136.0,	392.797,			2.291,			0.098,			0.098,			2.316,			0.111,			0.051
363,	2,	194.0,	395.329,			2.308,			0.099,			0.099,			2.303,			0.101,			0.05
364,	2,	119.0,	395.941,			2.289,			0.09,			0.09,			2.309,			0.104,			0.05
365,	2,	115.0,	398.37,			2.293,			0.099,			0.099,			2.307,			0.101,			0.048
366,	2,	132.0,	400.181,			2.299,			0.098,			0.098,			2.31,			0.099,			0.05
367,	2,	142.0,	401.003,			2.287,			0.1,			0.1,			2.291,			0.103,			0.051
368,	2,	133.0,	401.922,			2.307,			0.096,			0.096,			2.301,			0.099,			0.05
369,	2,	24.0,	402.11,			2.303,			0.1,			0.1,			2.295,			0.098,			0.05
370,	2,	267.0,	403.309,			2.299,			0.097,			0.097,			2.311,			0.095,			0.051
371,	2,	153.0,	404.366,			2.3,			0.093,			0.093,			2.293,			0.102,			0.05
372,	2,	64.0,	404.611,			2.295,			0.1,			0.1,			2.302,			0.095,			0.049
373,	2,	86.0,	407.065,			2.282,			0.092,			0.092,			2.293,			0.093,			0.051
374,	2,	112.0,	407.919,			2.299,			0.104,			0.104,			2.315,			0.099,			0.048
375,	2,	127.0,	408.256,			2.29,			0.1,			0.1,			2.294,			0.108,			0.049
376,	1,	498.0,	409.617,			1.459,			0.983,			0.983,			1.457,			0.981,			0.502
377,	1,	95.0,	409.851,			1.468,			0.942,			0.942,			1.454,			0.944,			0.502
378,	2,	87.0,	411.018,			2.305,			0.102,			0.102,			2.303,			0.094,			0.051
379,	1,	387.0,	411.126,			1.463,			0.977,			0.977,			1.485,			0.969,			0.5
380,	1,	512.0,	411.936,			1.465,			0.975,			0.975,			1.449,			0.966,			0.499
381,	1,	49.0,	412.311,			1.467,			0.98,			0.98,			1.467,			0.959,			0.502
382,	2,	216.0,	414.293,			2.309,			0.096,			0.096,			2.318,			0.111,			0.051
383,	2,	257.0,	414.585,			2.317,			0.098,			0.098,			2.304,			0.091,			0.05
384,	2,	220.0,	416.043,			2.299,			0.094,			0.094,			2.303,			0.096,			0.05
385,	2,	184.0,	416.462,			2.319,			0.088,			0.088,			2.314,			0.105,			0.047
386,	2,	138.0,	417.597,			2.297,			0.095,			0.095,			2.312,			0.102,			0.049
387,	2,	215.0,	421.291,			2.309,			0.098,			0.098,			2.312,			0.099,			0.051
388,	2,	116.0,	421.485,			2.309,			0.091,			0.091,			2.3,			0.101,			0.051
389,	2,	237.0,	422.079,			2.31,			0.101,			0.101,			2.306,			0.097,			0.051
390,	2,	170.0,	423.356,			2.293,			0.097,			0.097,			2.319,			0.099,			0.051
391,	2,	258.0,	426.827,			2.311,			0.107,			0.107,			2.309,			0.092,			0.051
392,	2,	240.0,	429.93,			2.303,			0.094,			0.094,			2.295,			0.097,			0.049
393,	2,	127.0,	432.959,			2.308,			0.101,			0.101,			2.302,			0.097,			0.049
394,	2,	146.0,	435.091,			2.295,			0.1,			0.1,			2.31,			0.098,			0.048
395,	2,	187.0,	436.23,			2.307,			0.098,			0.098,			2.304,			0.112,			0.052
396,	2,	86.0,	437.275,			2.307,			0.103,			0.103,			2.312,			0.096,			0.049
397,	2,	96.0,	439.888,			2.308,			0.105,			0.105,			2.302,			0.095,			0.051
398,	2,	280.0,	440.005,			2.301,			0.107,			0.107,			2.289,			0.103,			0.051
399,	2,	104.0,	440.149,			2.302,			0.1,			0.1,			2.286,			0.1,			0.051
400,	2,	169.0,	442.01,			2.303,			0.094,			0.094,			2.305,			0.097,			0.051
401,	2,	58.0,	450.434,			2.309,			0.105,			0.105,			2.297,			0.098,			0.05
402,	2,	193.0,	455.598,			2.307,			0.103,			0.103,			2.291,			0.1,			0.05
403,	2,	159.0,	457.775,			2.292,			0.096,			0.096,			2.304,			0.108,			0.053
404,	2,	138.0,	458.395,			2.287,			0.102,			0.102,			2.309,			0.101,			0.05
405,	2,	103.0,	458.802,			2.317,			0.095,			0.095,			2.3,			0.098,			0.052
406,	2,	139.0,	459.262,			2.295,			0.105,			0.105,			2.315,			0.101,			0.049
407,	2,	118.0,	459.722,			2.319,			0.102,			0.102,			2.284,			0.102,			0.05
408,	2,	286.0,	460.92,			2.292,			0.09,			0.09,			2.296,			0.097,			0.052
409,	3,	212.4,	461.036,			5.499,			1.499,			1.499,			5.505,			1.507,			0.898
410,	3,	269.0,	461.232,			5.496,			1.505,			1.505,			5.513,			1.505,			0.903
411,	3,	241.3,	461.392,			5.492,			1.499,			1.499,			5.511,			1.505,			0.903
412,	3,	143.8,	461.438,			5.518,			1.488,			1.488,			5.491,			1.499,			0.914
413,	3,	567.1,	461.452,			5.508,			1.483,			1.483,			5.509,			1.523,			0.905
414,	3,	67.4,	461.483,			5.477,			1.513,			1.513,			5.493,			1.496,			0.896
415,	3,	461.2,	461.571,			5.492,			1.515,			1.515,			5.482,			1.499,			0.892
416,	3,	118.2,	461.581,			5.491,			1.493,			1.493,			5.479,			1.508,			0.897
417,	3,	82.6,	461.589,			5.492,			1.492,			1.492,			5.487,			1.48,			0.899
418,	3,	76.2,	461.662,			5.514,			1.527,			1.527,			5.505,			1.51,			0.895
419,	3,	197.4,	461.756,			5.481,			1.52,			1.52,			5.514,			1.52,			0.891
420,	3,	115.9,	461.84,			5.498,			1.509,			1.509,			5.491,			1.492,			0.893
421,	3,	394.0,	461.912,			5.508,			1.478,			1.478,			5.492,			1.503,			0.905
422,	3,	72.0,	461.99,			5.496,			1.491,			1.491,			5.512,			1.502,			0.894
423,	3,	171.0,	461.996,			5.492,			1.497,			1.497,			5.503,			1.512,			0.892
424,	3,	71.8,	462.188,			5.502,			1.507,			1.507,			5.507,			1.511,			0.902
425,	3,	106.0,	462.235,			5.496,			1.51,			1.51,			5.491,			1.499,			0.902
426,	3,	269.0,	462.357,			5.486,			1.497,			1.497,			5.506,			1.498,			0.897
427,	3,	239.1,	462.361,			5.49,			1.501,			1.501,			5.508,			1.502,			0.909
428,	3,	306.8,	462.411,			5.522,			1.49,			1.49,			5.494,			1.5,			0.897
429,	3,	63.2,	462.494,			5.485,			1.486,			1.486,			5.488,			1.515,			0.9
430,	3,	102.6,	462.544,			5.494,			1.492,			1.492,			5.489,			1.497,			0.907
431,	3,	463.2,	462.573,			5.497,			1.488,			1.488,			5.503,			1.488,			0.894
432,	2,	127.0,	462.601,			2.3,			0.109,			0.109,			2.296,			0.103,			0.049
433,	3,	317.4,	462.63,			5.496,			1.495,			1.495,			5.501,			1.499,			0.895
434,	3,	173.7,	462.651,			5.487,			1.486,			1.486,			5.506,			1.504,			0.898
435,	3,	338.4,	462.675,			5.531,			1.499,			1.499,			5.515,			1.498,			0.901
436,	3,	159.9,	462.805,			5.512,			1.488,			1.488,			5.495,			1.503,			0.898
437,	3,	193.2,	463.348,			5.483,			1.513,			1.513,			5.497,			1.507,			0.901
438,	3,	119.1,	463.452,			5.501,			1.522,			1.522,			5.496,			1.492,			0.906
439,	3,	346.2,	463.452,			5.489,			1.489,			1.489,			5.497,			1.491,			0.908
440,	3,	622.3,	463.478,			5.504,			1.503,			1.503,			5.503,			1.508,			0.901
441,	3,	720.7,	463.648,			5.501,			1.498,			1.498,			5.501,			1.494,			0.895
442,	3,	67.4,	463.686,			5.496,			1.5,			1.5,			5.489,			1.495,			0.904
443,	3,	306.8,	463.816,			5.503,			1.481,			1.481,			5.495,			1.515,			0.903
444,	2,	117.0,	463.837,			2.31,			0.102,			0.102,			2.293,			0.1,			0.051
445,	3,	137.6,	463.902,			5.505,			1.5,			1.5,			5.507,			1.499,			0.895
446,	3,	156.2,	463.96,			5.485,			1.517,			1.517,			5.504,			1.503,			0.904
447,	3,	77.6,	463.966,			5.507,			1.517,			1.517,			5.497,			1.5,			0.903
448,	3,	44.5,	464.019,			5.484,			1.499,			1.499,			5.487,			1.491,			0.902
449,	3,	167.3,	464.032,			5.488,			1.488,			1.488,			5.505,			1.492,			0.898
450,	3,	224.5,	464.099,			5.504,			1.513,			1.513,			5.5,			1.488,			0.906
451,	3,	170.5,	464.151,			5.505,			1.5,			1.5,			5.492,			1.512,			0.907
452,	3,	148.7,	464.185,			5.492,			1.493,			1.493,			5.523,			1.5,			0.9
453,	3,	636.2,	464.358,			5.497,			1.503,			1.503,			5.499,			1.493,			0.9
454,	3,	151.8,	464.419,			5.482,			1.505,			1.505,			5.488,			1.492,			0.903
455,	3,	92.4,	464.489,			5.492,			1.504,			1.504,			5.502,			1.504,			0.9
456,	3,	94.0,	464.524,			5.507,			1.478,			1.478,			5.516,			1.496,			0.901
457,	3,	193.7,	464.67,			5.493,			1.483,			1.483,			5.506,			1.493,			0.9
458,	3,	201.3,	464.751,			5.495,			1.499,			1.499,			5.508,			1.501,			0.897
459,	3,	71.0,	464.759,			5.509,			1.517,			1.517,			5.511,			1.499,			0.905
460,	3,	139.6,	464.806,			5.506,			1.507,			1.507,			5.508,			1.5,			0.91
461,	3,	358.8,	465.016,			5.494,			1.498,			1.498,			5.499,			1.507,			0.903
462,	3,	118.2,	465.027,			5.504,			1.509,			1.509,			5.507,			1.502,			0.895
463,	3,	118.2,	465.031,			5.509,			1.501,			1.501,			5.501,			1.512,			0.908
464,	3,	92.4,	465.034,			5.506,			1.513,			1.513,			5.475,			1.504,			0.897
465,	2,	131.0,	465.094,			2.288,			0.11,			0.11,			2.321,			0.105,			0.05
466,	3,	165.4,	465.131,			5.496,			1.513,			1.513,			5.489,			1.489,			0.904
467,	3,	194.1,	465.191,			5.508,			1.495,			1.495,			5.511,			1.495,			0.899
468,	3,	107.3,	465.24,			5.498,			1.501,			1.501,			5.49,			1.51,			0.897
469,	3,	449.3,	465.283,			5.494,			1.512,			1.512,			5.487,			1.509,			0.9
470,	3,	189.9,	465.351,			5.502,			1.485,			1.485,			5.493,			1.524,			0.901
471,	3,	244.0,	465.357,			5.515,			1.491,			1.491,			5.497,			1.503,			0.9
472,	3,	82.6,	465.583,			5.499,			1.492,			1.492,			5.497,			1.49,			0.893
473,	3,	74.8,	465.676,			5.491,			1.501,			1.501,			5.494,			1.511,			0.91
474,	2,	153.0,	465.734,			2.322,			0.1,			0.1,			2.312,			0.102,			0.05
475,	3,	395.7,	465.914,			5.515,			1.502,			1.502,			5.504,			1.491,			0.901
476,	3,	124.1,	465.917,			5.483,			1.477,			1.477,			5.512,			1.512,			0.903
477,	3,	84.5,	465.977,			5.492,			1.502,			1.502,			5.531,			1.527,			0.901
478,	3,	482.0,	465.997,			5.496,			1.504,			1.504,			5.501,			1.503,			0.902
479,	3,	192.4,	466.001,			5.502,			1.493,			1.493,			5.494,			1.505,			0.901
480,	2,	181.0,	466.627,			2.301,			0.103,			0.103,			2.311,			0.107,			0.05
481,	2,	89.0,	469.49,			2.315,			0.104,			0.104,			2.302,			0.09,			0.052
482,	2,	100.0,	470.188,			2.302,			0.097,			0.097,			2.299,			0.086,			0.05
483,	2,	200.0,	471.226,			2.303,			0.104,			0.104,			2.29,			0.095,			0.05
484,	2,	192.0,	473.042,			2.306,			0.105,			0.105,			2.315,			0.096,			0.049
485,	2,	118.0,	475.022,			2.305,			0.1,			0.1,			2.313,			0.1,			0.05
486,	2,	305.0,	480.633,			2.286,			0.097,			0.097,			2.303,			0.097,			0.05
487,	2,	148.0,	480.974,			2.293,			0.102,			0.102,			2.302,			0.105,			0.05
488,	2,	132.0,	481.79,			2.316,			0.101,			0.101,			2.295,			0.1,			0.049
489,	2,	83.0,	482.111,			2.312,			0.095,			0.095,			2.309,			0.101,			0.05
490,	2,	136.0,	482.533,			2.304,			0.088,			0.088,			2.306,			0.095,			0.05
491,	2,	289.0,	489.159,			2.306,			0.1,			0.1,			2.312,			0.096,			0.05
492,	2,	101.0,	490.381,			2.289,			0.104,			0.104,			2.286,			0.103,			0.05
493,	2,	78.0,	491.884,			2.292,			0.104,			0.104,			2.298,			0.108,			0.051
494,	2,	109.0,	494.506,			2.305,			0.11,			0.11,			2.308,			0.09,			0.049
495,	2,	100.0,	498.242,			2.293,			0.104,			0.104,			2.319,			0.101,			0.049
496,	2,	240.0,	498.317,			2.317,			0.099,			0.099,			2.313,			0.105,			0.052
497,	2,	179.0,	499.083,			2.305,			0.093,			0.093,			2.287,			0.097,			0.051
498,	3,	888.2,	499.168,			5.503,			1.504,			1.504,			5.505,			1.499,			0.902
499,	2,	93.0,	499.853,			2.297,			0.101,			0.101,			2.313,			0.098,			0.049
500,	3,	63.2,	501.764,			5.491,			1.498,			1.498,			5.492,			1.505,			0.894
