#, task_type_id, size, arrival_time,	execution_time_cpu,	execution_time_gpu,	execution_time_CLOUD
1,	1,	498.0,	0.0,			1.45,			0.211,			0.051
2,	1,	157.0,	0.0,			1.211,			0.172,			0.056
3,	2,	110.0,	0.112,			12.127,			1.279,			0.162
4,	2,	137.0,	0.535,			11.878,			1.136,			0.177
5,	1,	95.0,	2.042,			1.524,			0.238,			0.054
6,	2,	69.0,	5.113,			10.016,			1.164,			0.123
7,	1,	559.0,	8.169,			1.719,			0.101,			0.052
8,	2,	121.0,	8.321,			14.965,			1.23,			0.149
9,	2,	103.0,	10.931,			13.735,			1.389,			0.137
10,	2,	157.0,	13.677,			13.069,			1.375,			0.178
11,	2,	98.0,	16.507,			13.025,			1.07,			0.166
12,	2,	94.0,	16.882,			13.148,			1.482,			0.14
13,	2,	113.0,	17.764,			14.931,			1.355,			0.142
14,	2,	78.0,	18.12,			12.351,			1.064,			0.104
15,	2,	62.0,	19.091,			14.39,			1.108,			0.111
16,	1,	44.0,	19.262,			1.998,			0.244,			0.052
17,	2,	158.0,	19.84,			14.948,			1.468,			0.125
18,	2,	103.0,	20.075,			13.452,			1.1,			0.19
19,	2,	130.0,	21.913,			11.834,			1.401,			0.138
20,	2,	68.0,	22.405,			10.594,			1.129,			0.197
21,	1,	7.0,	22.474,			1.642,			0.29,			0.053
22,	2,	263.0,	23.709,			14.721,			1.049,			0.136
23,	2,	137.0,	24.494,			13.816,			1.349,			0.119
24,	2,	109.0,	25.295,			14.219,			1.023,			0.154
25,	2,	153.0,	26.465,			13.737,			1.296,			0.135
26,	2,	242.0,	26.823,			14.127,			1.067,			0.157
27,	1,	120.0,	27.02,			2.565,			0.279,			0.06
28,	1,	447.0,	28.031,			2.847,			0.257,			0.057
29,	1,	7.0,	30.044,			1.364,			0.146,			0.056
30,	1,	16.0,	30.048,			1.537,			0.251,			0.053
31,	2,	141.0,	30.089,			11.99,			1.073,			0.18
32,	2,	84.0,	30.43,			12.144,			1.276,			0.176
33,	1,	157.0,	30.677,			1.226,			0.208,			0.053
34,	2,	56.0,	31.142,			13.889,			1.374,			0.176
35,	2,	113.0,	31.676,			11.289,			1.31,			0.137
36,	1,	16.0,	33.185,			2.19,			0.102,			0.055
37,	2,	79.0,	36.192,			14.948,			1.172,			0.164
38,	2,	158.0,	36.384,			10.72,			1.299,			0.133
39,	2,	188.0,	37.166,			14.77,			1.333,			0.135
40,	2,	63.0,	37.169,			12.069,			1.291,			0.133
41,	1,	498.0,	37.83,			1.25,			0.228,			0.057
42,	1,	28.0,	40.202,			1.426,			0.147,			0.053
43,	2,	97.0,	40.425,			13.499,			1.372,			0.143
44,	2,	126.0,	40.575,			12.54,			1.127,			0.133
45,	2,	63.0,	41.18,			10.565,			1.229,			0.107
46,	1,	7.0,	44.543,			2.865,			0.267,			0.056
47,	2,	169.0,	46.201,			11.411,			1.449,			0.107
48,	1,	59.0,	48.324,			2.199,			0.129,			0.057
49,	1,	214.0,	48.476,			1.694,			0.177,			0.054
50,	1,	498.0,	49.059,			2.299,			0.292,			0.06
51,	2,	202.0,	49.289,			12.101,			1.218,			0.1
52,	1,	387.0,	49.337,			2.265,			0.152,			0.056
53,	2,	242.0,	49.863,			14.268,			1.046,			0.162
54,	1,	7.0,	49.979,			1.942,			0.159,			0.055
55,	1,	30.0,	50.632,			1.654,			0.288,			0.057
56,	2,	133.0,	51.086,			11.719,			1.42,			0.182
57,	1,	59.0,	51.533,			1.683,			0.187,			0.052
58,	1,	512.0,	51.89,			1.965,			0.128,			0.05
59,	1,	13.0,	52.035,			1.485,			0.247,			0.053
60,	1,	7.0,	52.044,			2.787,			0.194,			0.055
61,	2,	100.0,	52.686,			12.967,			1.443,			0.108
62,	1,	6.0,	52.79,			1.46,			0.258,			0.059
63,	1,	30.0,	53.066,			1.61,			0.206,			0.052
64,	1,	30.0,	54.36,			2.384,			0.151,			0.055
65,	2,	177.0,	55.203,			11.036,			1.373,			0.191
66,	1,	90.0,	56.697,			1.489,			0.299,			0.055
67,	1,	169.0,	56.927,			2.388,			0.16,			0.05
68,	1,	120.0,	58.619,			1.807,			0.176,			0.06
69,	2,	121.0,	59.232,			13.163,			1.121,			0.182
70,	2,	221.0,	59.341,			11.248,			1.492,			0.116
71,	1,	120.0,	59.957,			2.509,			0.146,			0.059
72,	1,	10.0,	60.418,			1.422,			0.118,			0.05
73,	1,	44.0,	61.985,			1.908,			0.197,			0.059
74,	1,	387.0,	61.989,			1.047,			0.198,			0.051
75,	2,	234.0,	62.669,			12.287,			1.474,			0.14
76,	1,	7.0,	64.567,			2.834,			0.109,			0.054
77,	1,	16.0,	64.659,			1.911,			0.232,			0.058
78,	1,	512.0,	64.964,			2.976,			0.103,			0.055
79,	1,	7.0,	65.099,			1.702,			0.127,			0.053
80,	1,	157.0,	65.732,			2.842,			0.15,			0.051
81,	1,	28.0,	65.779,			2.441,			0.189,			0.055
82,	1,	13.0,	66.346,			2.796,			0.223,			0.051
83,	2,	260.0,	66.372,			13.487,			1.046,			0.188
84,	1,	169.0,	66.699,			1.3,			0.109,			0.057
85,	1,	6.0,	66.749,			2.187,			0.237,			0.057
86,	2,	143.0,	66.792,			13.549,			1.015,			0.18
87,	1,	90.0,	67.756,			1.035,			0.187,			0.058
88,	1,	30.0,	67.958,			1.841,			0.217,			0.057
89,	2,	122.0,	68.244,			13.225,			1.36,			0.147
90,	1,	16.0,	69.763,			1.97,			0.23,			0.06
91,	1,	146.0,	70.006,			1.477,			0.112,			0.053
92,	1,	16.0,	71.097,			1.915,			0.245,			0.053
93,	1,	13.0,	71.706,			1.907,			0.233,			0.052
94,	1,	120.0,	71.957,			2.914,			0.253,			0.055
95,	1,	169.0,	72.693,			2.757,			0.165,			0.051
96,	1,	559.0,	72.876,			2.436,			0.294,			0.052
97,	2,	234.0,	73.92,			13.42,			1.189,			0.126
98,	1,	44.0,	74.874,			1.541,			0.139,			0.053
99,	1,	7.0,	74.978,			1.679,			0.192,			0.052
100,	1,	44.0,	75.012,			1.869,			0.28,			0.058
101,	1,	90.0,	75.477,			2.326,			0.288,			0.056
102,	1,	44.0,	75.622,			2.932,			0.223,			0.052
103,	1,	126.0,	75.648,			1.018,			0.241,			0.058
104,	1,	169.0,	75.875,			2.03,			0.122,			0.059
105,	1,	103.0,	76.11,			1.651,			0.208,			0.055
106,	2,	165.0,	76.237,			13.415,			1.409,			0.17
107,	1,	10.0,	76.53,			2.379,			0.241,			0.058
108,	1,	95.0,	76.714,			1.406,			0.148,			0.06
109,	1,	379.0,	76.819,			2.844,			0.187,			0.06
110,	1,	16.0,	77.666,			2.522,			0.257,			0.052
111,	1,	559.0,	78.196,			1.22,			0.173,			0.051
112,	1,	126.0,	78.231,			1.532,			0.202,			0.058
113,	1,	30.0,	78.504,			2.063,			0.231,			0.059
114,	1,	214.0,	79.042,			1.609,			0.229,			0.055
115,	1,	30.0,	79.174,			2.999,			0.188,			0.056
116,	2,	330.0,	79.509,			10.659,			1.3,			0.195
117,	1,	49.0,	79.583,			2.031,			0.134,			0.055
118,	2,	140.0,	79.608,			13.801,			1.411,			0.192
119,	1,	6.0,	79.842,			1.158,			0.284,			0.052
120,	1,	379.0,	80.03,			1.107,			0.285,			0.056
121,	1,	7.0,	80.072,			1.051,			0.267,			0.055
122,	1,	157.0,	80.658,			1.722,			0.142,			0.054
123,	1,	90.0,	80.666,			2.09,			0.194,			0.055
124,	1,	13.0,	81.059,			1.985,			0.202,			0.057
125,	2,	118.0,	81.493,			11.864,			1.046,			0.189
126,	1,	512.0,	81.611,			2.757,			0.184,			0.053
127,	1,	379.0,	81.897,			1.483,			0.248,			0.059
128,	1,	6.0,	81.924,			2.765,			0.267,			0.054
129,	1,	6.0,	81.971,			2.226,			0.238,			0.06
130,	1,	126.0,	82.307,			1.653,			0.139,			0.059
131,	1,	13.0,	82.313,			1.719,			0.298,			0.051
132,	2,	70.0,	82.454,			11.54,			1.124,			0.177
133,	2,	150.0,	82.604,			14.277,			1.05,			0.195
134,	1,	10.0,	82.654,			2.187,			0.283,			0.055
135,	1,	7.0,	82.758,			2.947,			0.168,			0.059
136,	1,	30.0,	83.161,			1.428,			0.295,			0.051
137,	1,	13.0,	83.24,			1.9,			0.214,			0.057
138,	1,	59.0,	83.309,			2.169,			0.187,			0.056
139,	1,	126.0,	83.776,			1.801,			0.193,			0.059
140,	1,	6.0,	84.408,			2.223,			0.233,			0.06
141,	2,	169.0,	84.785,			12.299,			1.255,			0.159
142,	1,	146.0,	85.434,			1.095,			0.22,			0.052
143,	2,	202.0,	85.436,			13.579,			1.258,			0.156
144,	2,	227.0,	86.332,			13.854,			1.409,			0.155
145,	1,	13.0,	86.878,			1.511,			0.158,			0.052
146,	2,	149.0,	87.471,			13.193,			1.463,			0.109
147,	1,	146.0,	87.556,			1.211,			0.192,			0.056
148,	1,	6.0,	87.567,			1.737,			0.293,			0.05
149,	1,	512.0,	87.57,			1.625,			0.248,			0.053
150,	1,	387.0,	87.775,			2.323,			0.216,			0.05
151,	1,	28.0,	87.783,			1.681,			0.206,			0.056
152,	2,	84.0,	88.266,			10.162,			1.362,			0.136
153,	1,	146.0,	88.585,			1.984,			0.198,			0.053
154,	1,	44.0,	88.702,			1.3,			0.21,			0.05
155,	1,	379.0,	88.932,			2.084,			0.166,			0.053
156,	2,	138.0,	89.225,			12.976,			1.043,			0.103
157,	1,	126.0,	89.273,			1.119,			0.254,			0.058
158,	2,	193.0,	89.429,			14.914,			1.43,			0.18
159,	1,	7.0,	89.567,			1.783,			0.131,			0.051
160,	1,	7.0,	89.685,			2.969,			0.201,			0.058
161,	1,	7.0,	89.934,			1.516,			0.125,			0.054
162,	1,	120.0,	90.397,			1.731,			0.182,			0.059
163,	1,	498.0,	90.573,			2.143,			0.176,			0.055
164,	2,	106.0,	90.626,			11.884,			1.165,			0.117
165,	1,	120.0,	91.006,			1.566,			0.139,			0.051
166,	1,	157.0,	91.115,			2.175,			0.159,			0.053
167,	1,	95.0,	91.186,			1.423,			0.156,			0.055
168,	2,	69.0,	91.49,			11.484,			1.374,			0.147
169,	1,	126.0,	91.653,			1.098,			0.203,			0.06
170,	1,	28.0,	91.69,			2.881,			0.151,			0.059
171,	1,	169.0,	92.209,			1.095,			0.288,			0.052
172,	1,	7.0,	92.406,			2.598,			0.241,			0.053
173,	1,	120.0,	92.545,			1.774,			0.141,			0.051
174,	2,	204.0,	93.311,			14.481,			1.075,			0.194
175,	1,	169.0,	93.471,			1.962,			0.249,			0.055
176,	1,	120.0,	93.978,			1.733,			0.256,			0.054
177,	1,	169.0,	94.032,			2.556,			0.237,			0.059
178,	1,	10.0,	94.088,			2.065,			0.214,			0.053
179,	1,	49.0,	94.138,			2.03,			0.109,			0.052
180,	1,	120.0,	94.163,			2.983,			0.114,			0.058
181,	1,	59.0,	95.1,			1.97,			0.277,			0.053
182,	1,	103.0,	95.172,			2.167,			0.108,			0.055
183,	1,	498.0,	95.19,			2.598,			0.137,			0.057
184,	1,	169.0,	95.636,			1.663,			0.199,			0.05
185,	1,	6.0,	95.92,			2.18,			0.179,			0.055
186,	1,	214.0,	96.517,			2.055,			0.238,			0.056
187,	2,	191.0,	96.685,			12.368,			1.177,			0.114
188,	1,	6.0,	96.714,			2.446,			0.21,			0.059
189,	1,	30.0,	96.719,			2.103,			0.285,			0.059
190,	1,	512.0,	96.792,			1.932,			0.257,			0.051
191,	1,	44.0,	96.911,			1.968,			0.249,			0.059
192,	1,	90.0,	97.003,			2.768,			0.145,			0.056
193,	2,	198.0,	97.051,			11.508,			1.062,			0.165
194,	1,	169.0,	97.185,			2.895,			0.127,			0.058
195,	1,	103.0,	97.376,			1.941,			0.201,			0.053
196,	2,	94.0,	97.548,			14.82,			1.24,			0.164
197,	1,	6.0,	97.574,			2.681,			0.238,			0.056
198,	1,	7.0,	97.632,			1.707,			0.169,			0.051
199,	1,	16.0,	97.884,			1.414,			0.114,			0.053
200,	1,	10.0,	98.477,			2.41,			0.27,			0.051
201,	1,	126.0,	98.68,			1.406,			0.238,			0.05
202,	1,	103.0,	98.7,			2.559,			0.22,			0.053
203,	1,	512.0,	98.725,			1.633,			0.207,			0.058
204,	1,	7.0,	98.771,			1.826,			0.23,			0.059
205,	2,	278.0,	98.864,			11.761,			1.096,			0.163
206,	2,	69.0,	98.883,			13.135,			1.33,			0.184
207,	1,	7.0,	98.943,			2.286,			0.135,			0.054
208,	1,	214.0,	99.145,			1.733,			0.174,			0.051
209,	1,	214.0,	99.172,			2.025,			0.174,			0.052
210,	1,	6.0,	99.359,			1.409,			0.239,			0.057
211,	2,	279.0,	99.718,			14.076,			1.252,			0.126
212,	1,	44.0,	100.042,			2.268,			0.104,			0.052
213,	1,	95.0,	100.276,			2.09,			0.245,			0.053
214,	1,	28.0,	100.486,			2.132,			0.126,			0.054
215,	1,	59.0,	100.692,			2.497,			0.228,			0.054
216,	1,	49.0,	101.012,			2.916,			0.242,			0.057
217,	1,	6.0,	101.345,			1.659,			0.217,			0.053
218,	1,	387.0,	101.656,			1.601,			0.216,			0.052
219,	1,	7.0,	101.856,			1.548,			0.227,			0.05
220,	1,	559.0,	101.926,			1.252,			0.215,			0.054
221,	1,	10.0,	101.971,			1.331,			0.157,			0.06
222,	1,	103.0,	102.142,			1.091,			0.241,			0.058
223,	1,	387.0,	102.252,			2.36,			0.15,			0.059
224,	1,	7.0,	102.45,			1.968,			0.155,			0.054
225,	1,	95.0,	102.778,			1.72,			0.224,			0.051
226,	1,	7.0,	103.353,			1.078,			0.275,			0.056
227,	1,	169.0,	103.742,			2.418,			0.233,			0.051
228,	1,	120.0,	103.838,			1.039,			0.179,			0.055
229,	1,	387.0,	103.841,			2.695,			0.242,			0.055
230,	1,	16.0,	104.094,			2.542,			0.113,			0.058
231,	1,	30.0,	104.096,			2.602,			0.125,			0.059
232,	1,	146.0,	104.703,			1.869,			0.229,			0.051
233,	2,	129.0,	104.798,			12.242,			1.108,			0.196
234,	2,	153.0,	105.268,			12.475,			1.169,			0.153
235,	1,	6.0,	105.533,			1.442,			0.158,			0.051
236,	1,	49.0,	105.643,			1.104,			0.241,			0.055
237,	1,	28.0,	105.91,			2.03,			0.297,			0.052
238,	1,	512.0,	106.032,			1.578,			0.179,			0.057
239,	1,	6.0,	106.923,			2.627,			0.254,			0.051
240,	1,	13.0,	107.009,			2.972,			0.24,			0.058
241,	1,	44.0,	107.404,			1.009,			0.124,			0.054
242,	1,	126.0,	107.715,			2.006,			0.221,			0.05
243,	1,	379.0,	107.848,			1.168,			0.155,			0.057
244,	1,	146.0,	107.977,			2.317,			0.293,			0.058
245,	1,	90.0,	108.475,			2.074,			0.272,			0.057
246,	2,	195.0,	108.644,			14.572,			1.199,			0.185
247,	1,	146.0,	108.691,			1.45,			0.282,			0.052
248,	1,	120.0,	108.978,			1.473,			0.189,			0.056
249,	1,	13.0,	109.055,			2.345,			0.182,			0.056
250,	1,	28.0,	110.458,			1.736,			0.162,			0.051
251,	1,	379.0,	110.582,			2.52,			0.245,			0.056
252,	1,	379.0,	110.611,			1.146,			0.277,			0.056
253,	2,	333.0,	110.931,			11.685,			1.261,			0.122
254,	1,	49.0,	110.975,			1.203,			0.146,			0.058
255,	1,	49.0,	111.163,			1.106,			0.146,			0.051
256,	1,	214.0,	111.649,			1.158,			0.288,			0.058
257,	1,	90.0,	112.005,			2.697,			0.282,			0.06
258,	2,	153.0,	112.416,			14.934,			1.365,			0.149
259,	1,	512.0,	112.541,			1.909,			0.177,			0.052
260,	1,	146.0,	112.799,			1.551,			0.24,			0.053
261,	1,	44.0,	112.933,			2.278,			0.111,			0.059
262,	1,	95.0,	112.972,			1.523,			0.116,			0.05
263,	2,	153.0,	112.988,			14.147,			1.1,			0.131
264,	1,	28.0,	113.072,			1.394,			0.159,			0.055
265,	1,	49.0,	113.388,			1.86,			0.177,			0.058
266,	2,	193.0,	113.911,			13.681,			1.401,			0.159
267,	1,	157.0,	113.919,			1.269,			0.223,			0.059
268,	1,	30.0,	114.261,			1.432,			0.2,			0.058
269,	1,	214.0,	114.432,			1.291,			0.197,			0.053
270,	1,	7.0,	114.522,			1.558,			0.161,			0.059
271,	1,	7.0,	114.54,			1.935,			0.215,			0.06
272,	1,	7.0,	114.541,			1.825,			0.13,			0.057
273,	1,	7.0,	114.892,			1.509,			0.124,			0.051
274,	2,	127.0,	116.353,			10.974,			1.07,			0.182
275,	1,	28.0,	116.382,			1.393,			0.151,			0.053
276,	1,	6.0,	116.47,			2.31,			0.238,			0.056
277,	1,	559.0,	116.54,			2.772,			0.121,			0.05
278,	1,	13.0,	116.668,			2.303,			0.298,			0.052
279,	1,	447.0,	116.875,			1.483,			0.228,			0.058
280,	1,	379.0,	116.944,			2.972,			0.214,			0.058
281,	1,	44.0,	117.23,			2.524,			0.259,			0.051
282,	1,	7.0,	117.343,			2.893,			0.109,			0.06
283,	1,	90.0,	117.382,			1.875,			0.129,			0.052
284,	1,	126.0,	117.678,			1.864,			0.197,			0.057
285,	1,	512.0,	117.711,			1.977,			0.223,			0.053
286,	2,	141.0,	117.717,			10.863,			1.131,			0.194
287,	1,	7.0,	117.74,			2.663,			0.165,			0.051
288,	1,	44.0,	118.161,			2.935,			0.208,			0.06
289,	1,	169.0,	118.195,			1.654,			0.198,			0.052
290,	1,	120.0,	118.388,			1.164,			0.127,			0.051
291,	1,	214.0,	118.415,			2.99,			0.113,			0.054
292,	1,	6.0,	118.471,			2.459,			0.284,			0.051
293,	1,	59.0,	118.475,			1.495,			0.124,			0.055
294,	1,	7.0,	118.989,			2.055,			0.228,			0.055
295,	1,	90.0,	119.411,			2.36,			0.152,			0.051
296,	1,	559.0,	119.467,			1.047,			0.215,			0.054
297,	1,	7.0,	120.341,			1.164,			0.268,			0.059
298,	1,	447.0,	120.441,			1.653,			0.296,			0.05
299,	1,	387.0,	120.459,			2.034,			0.281,			0.057
300,	1,	169.0,	120.574,			1.501,			0.279,			0.058
301,	1,	6.0,	120.681,			1.029,			0.113,			0.059
302,	1,	214.0,	121.249,			1.12,			0.235,			0.053
303,	2,	84.0,	121.406,			14.633,			1.442,			0.17
304,	1,	7.0,	121.487,			2.545,			0.135,			0.051
305,	1,	30.0,	121.542,			1.857,			0.205,			0.051
306,	1,	44.0,	121.548,			1.168,			0.177,			0.06
307,	1,	103.0,	121.657,			2.954,			0.209,			0.057
308,	1,	447.0,	121.696,			2.184,			0.254,			0.055
309,	2,	157.0,	121.863,			13.163,			1.293,			0.139
310,	1,	498.0,	121.882,			1.908,			0.231,			0.058
311,	1,	387.0,	121.961,			1.64,			0.275,			0.058
312,	1,	16.0,	121.969,			2.562,			0.289,			0.057
313,	2,	100.0,	122.099,			12.192,			1.35,			0.157
314,	1,	7.0,	122.195,			1.211,			0.1,			0.06
315,	1,	120.0,	122.361,			1.051,			0.238,			0.058
316,	1,	28.0,	122.452,			1.511,			0.139,			0.053
317,	1,	103.0,	122.508,			1.168,			0.228,			0.056
318,	1,	59.0,	122.725,			1.168,			0.165,			0.052
319,	1,	157.0,	122.767,			2.796,			0.187,			0.055
320,	2,	92.0,	122.846,			13.469,			1.175,			0.199
321,	1,	7.0,	122.922,			2.384,			0.117,			0.051
322,	1,	103.0,	123.17,			2.273,			0.169,			0.054
323,	1,	90.0,	123.393,			1.511,			0.225,			0.054
324,	1,	7.0,	123.424,			1.031,			0.227,			0.053
325,	2,	108.0,	123.44,			14.646,			1.457,			0.148
326,	1,	169.0,	123.55,			1.805,			0.194,			0.053
327,	1,	559.0,	123.584,			2.398,			0.137,			0.051
328,	1,	559.0,	123.629,			1.407,			0.298,			0.055
329,	1,	169.0,	123.65,			2.26,			0.141,			0.057
330,	1,	126.0,	124.1,			1.192,			0.12,			0.054
331,	1,	7.0,	124.277,			1.912,			0.116,			0.051
332,	1,	379.0,	124.336,			2.132,			0.298,			0.052
333,	2,	212.0,	124.543,			10.083,			1.021,			0.155
334,	1,	95.0,	124.632,			1.327,			0.107,			0.06
335,	1,	559.0,	124.648,			2.712,			0.243,			0.051
336,	1,	30.0,	124.793,			1.631,			0.21,			0.056
337,	1,	126.0,	124.953,			1.626,			0.2,			0.059
338,	1,	214.0,	125.04,			2.88,			0.146,			0.053
339,	1,	126.0,	125.499,			1.115,			0.22,			0.057
340,	1,	49.0,	125.664,			2.013,			0.148,			0.056
341,	1,	157.0,	125.709,			1.551,			0.125,			0.054
342,	1,	559.0,	125.828,			2.786,			0.207,			0.051
343,	1,	90.0,	125.838,			2.976,			0.128,			0.053
344,	1,	126.0,	125.887,			2.681,			0.131,			0.056
345,	1,	6.0,	126.061,			2.158,			0.279,			0.059
346,	1,	512.0,	126.122,			1.703,			0.15,			0.057
347,	1,	49.0,	126.17,			1.111,			0.256,			0.055
348,	1,	59.0,	126.485,			2.149,			0.15,			0.054
349,	1,	7.0,	126.61,			2.461,			0.161,			0.053
350,	1,	16.0,	126.782,			2.632,			0.146,			0.052
351,	1,	7.0,	126.783,			2.293,			0.1,			0.051
352,	1,	512.0,	127.122,			1.263,			0.245,			0.058
353,	1,	559.0,	127.345,			1.414,			0.27,			0.056
354,	1,	44.0,	127.532,			2.073,			0.142,			0.06
355,	1,	214.0,	127.636,			1.4,			0.263,			0.058
356,	2,	174.0,	127.744,			10.235,			1.388,			0.121
357,	1,	7.0,	127.809,			1.672,			0.263,			0.054
358,	1,	387.0,	127.832,			2.149,			0.11,			0.06
359,	1,	13.0,	128.026,			1.243,			0.187,			0.055
360,	1,	59.0,	128.036,			1.153,			0.126,			0.059
361,	1,	44.0,	128.253,			2.984,			0.223,			0.052
362,	1,	498.0,	128.295,			1.083,			0.254,			0.059
363,	1,	387.0,	128.411,			2.954,			0.208,			0.051
364,	1,	169.0,	128.652,			2.939,			0.103,			0.059
365,	1,	214.0,	128.699,			1.296,			0.166,			0.056
366,	1,	120.0,	129.204,			2.819,			0.172,			0.057
367,	1,	10.0,	129.364,			1.985,			0.249,			0.054
368,	1,	44.0,	129.486,			2.759,			0.12,			0.05
369,	1,	447.0,	129.748,			2.241,			0.237,			0.055
370,	1,	379.0,	129.782,			2.296,			0.156,			0.054
371,	1,	379.0,	130.164,			2.198,			0.233,			0.058
372,	1,	44.0,	130.208,			1.692,			0.16,			0.052
373,	1,	103.0,	130.217,			2.301,			0.223,			0.059
374,	1,	7.0,	130.259,			1.105,			0.267,			0.051
375,	1,	126.0,	130.57,			2.133,			0.244,			0.056
376,	1,	44.0,	130.602,			2.663,			0.287,			0.059
377,	1,	498.0,	130.637,			1.431,			0.177,			0.051
378,	1,	387.0,	130.766,			1.924,			0.193,			0.055
379,	1,	169.0,	130.864,			2.03,			0.136,			0.052
380,	1,	7.0,	130.937,			2.852,			0.249,			0.059
381,	1,	28.0,	131.33,			1.991,			0.27,			0.052
382,	1,	30.0,	131.351,			1.025,			0.109,			0.054
383,	1,	7.0,	131.716,			2.148,			0.215,			0.054
384,	1,	10.0,	131.736,			2.914,			0.13,			0.051
385,	1,	379.0,	131.869,			1.862,			0.121,			0.06
386,	2,	228.0,	131.889,			11.819,			1.297,			0.185
387,	1,	157.0,	131.89,			2.345,			0.294,			0.051
388,	2,	55.0,	132.635,			10.702,			1.154,			0.138
389,	1,	44.0,	132.683,			2.984,			0.18,			0.053
390,	1,	126.0,	132.827,			1.609,			0.109,			0.056
391,	1,	120.0,	132.978,			1.166,			0.12,			0.058
392,	1,	7.0,	132.982,			2.631,			0.281,			0.054
393,	1,	95.0,	134.208,			2.048,			0.179,			0.056
394,	1,	103.0,	134.405,			1.426,			0.129,			0.054
395,	1,	103.0,	134.679,			1.145,			0.175,			0.053
396,	1,	7.0,	134.744,			1.126,			0.287,			0.057
397,	1,	214.0,	134.991,			1.809,			0.174,			0.052
398,	1,	7.0,	134.991,			1.651,			0.255,			0.054
399,	1,	559.0,	135.021,			1.869,			0.2,			0.052
400,	1,	7.0,	135.122,			1.701,			0.22,			0.053
401,	1,	379.0,	135.314,			2.69,			0.166,			0.058
402,	1,	95.0,	135.408,			1.753,			0.178,			0.057
403,	1,	103.0,	135.431,			1.679,			0.2,			0.059
404,	1,	13.0,	135.49,			2.911,			0.148,			0.053
405,	1,	13.0,	135.521,			2.858,			0.159,			0.051
406,	1,	559.0,	135.704,			1.245,			0.272,			0.054
407,	2,	216.0,	135.96,			12.533,			1.246,			0.151
408,	1,	447.0,	136.046,			2.43,			0.133,			0.054
409,	1,	28.0,	136.118,			1.287,			0.124,			0.056
410,	1,	447.0,	136.207,			1.482,			0.237,			0.052
411,	1,	6.0,	136.37,			1.816,			0.235,			0.05
412,	1,	16.0,	136.391,			2.857,			0.137,			0.056
413,	1,	379.0,	136.51,			2.838,			0.235,			0.055
414,	1,	103.0,	136.511,			2.22,			0.225,			0.051
415,	1,	7.0,	136.583,			2.407,			0.133,			0.052
416,	1,	44.0,	136.75,			1.249,			0.109,			0.053
417,	1,	559.0,	136.787,			1.17,			0.258,			0.053
418,	1,	103.0,	137.327,			1.981,			0.164,			0.052
419,	1,	7.0,	137.683,			2.87,			0.255,			0.055
420,	1,	498.0,	137.694,			2.047,			0.212,			0.054
421,	1,	379.0,	137.797,			1.039,			0.152,			0.055
422,	1,	6.0,	137.92,			2.675,			0.235,			0.054
423,	1,	28.0,	138.174,			2.293,			0.192,			0.058
424,	1,	28.0,	138.347,			1.651,			0.103,			0.057
425,	1,	10.0,	138.471,			1.768,			0.238,			0.051
426,	1,	44.0,	138.63,			1.841,			0.114,			0.053
427,	1,	120.0,	138.634,			2.673,			0.217,			0.057
428,	1,	387.0,	138.856,			2.265,			0.119,			0.051
429,	1,	59.0,	139.08,			2.99,			0.17,			0.055
430,	1,	44.0,	139.157,			1.988,			0.139,			0.06
431,	1,	7.0,	139.18,			1.158,			0.191,			0.053
432,	1,	90.0,	139.221,			2.983,			0.109,			0.058
433,	1,	387.0,	139.252,			1.844,			0.277,			0.057
434,	1,	157.0,	139.275,			1.111,			0.209,			0.056
435,	1,	28.0,	139.286,			2.427,			0.222,			0.052
436,	2,	166.0,	139.519,			11.508,			1.255,			0.154
437,	1,	6.0,	139.588,			1.717,			0.146,			0.057
438,	1,	157.0,	139.949,			1.624,			0.258,			0.054
439,	1,	59.0,	140.034,			2.598,			0.147,			0.06
440,	1,	59.0,	140.25,			2.492,			0.299,			0.052
441,	1,	10.0,	140.288,			2.018,			0.289,			0.052
442,	1,	13.0,	140.571,			2.777,			0.27,			0.055
443,	1,	120.0,	140.702,			1.596,			0.238,			0.055
444,	2,	144.0,	140.723,			11.89,			1.065,			0.197
445,	1,	13.0,	140.807,			1.821,			0.282,			0.054
446,	1,	28.0,	140.859,			1.716,			0.203,			0.051
447,	1,	498.0,	141.433,			2.922,			0.146,			0.059
448,	1,	120.0,	141.446,			1.126,			0.206,			0.05
449,	1,	49.0,	141.683,			1.908,			0.118,			0.059
450,	1,	6.0,	141.776,			1.753,			0.299,			0.058
451,	1,	49.0,	141.852,			1.011,			0.174,			0.059
452,	1,	387.0,	141.865,			1.331,			0.223,			0.051
453,	1,	214.0,	141.985,			2.52,			0.124,			0.052
454,	2,	174.0,	142.083,			11.854,			1.063,			0.104
455,	1,	6.0,	142.246,			2.179,			0.292,			0.051
456,	1,	6.0,	142.378,			1.828,			0.215,			0.052
457,	1,	49.0,	142.603,			1.715,			0.267,			0.06
458,	1,	120.0,	142.62,			2.457,			0.162,			0.055
459,	1,	13.0,	143.303,			1.984,			0.219,			0.056
460,	1,	103.0,	143.374,			1.009,			0.156,			0.051
461,	1,	30.0,	143.514,			1.45,			0.166,			0.058
462,	1,	498.0,	143.6,			2.407,			0.221,			0.051
463,	1,	512.0,	143.68,			2.465,			0.106,			0.052
464,	1,	387.0,	143.802,			2.556,			0.164,			0.059
465,	2,	116.0,	143.974,			10.666,			1.188,			0.162
466,	2,	110.0,	144.357,			13.316,			1.335,			0.153
467,	1,	30.0,	144.373,			1.578,			0.237,			0.052
468,	1,	13.0,	144.437,			1.756,			0.177,			0.059
469,	2,	120.0,	144.461,			14.14,			1.218,			0.186
470,	1,	7.0,	144.645,			2.004,			0.181,			0.05
471,	1,	379.0,	145.146,			1.376,			0.162,			0.053
472,	1,	28.0,	145.169,			2.956,			0.173,			0.058
473,	1,	387.0,	145.413,			1.927,			0.146,			0.056
474,	1,	559.0,	145.556,			1.116,			0.21,			0.051
475,	1,	16.0,	145.678,			2.922,			0.27,			0.053
476,	1,	169.0,	145.745,			2.554,			0.111,			0.051
477,	1,	49.0,	145.834,			2.298,			0.144,			0.059
478,	1,	6.0,	145.841,			1.912,			0.299,			0.057
479,	1,	13.0,	145.928,			2.436,			0.193,			0.059
480,	2,	45.0,	146.023,			14.737,			1.185,			0.125
481,	1,	10.0,	146.475,			2.318,			0.288,			0.052
482,	1,	169.0,	146.606,			2.885,			0.107,			0.055
483,	1,	447.0,	147.046,			1.364,			0.288,			0.054
484,	1,	7.0,	147.12,			1.141,			0.189,			0.052
485,	2,	314.0,	147.179,			14.272,			1.033,			0.125
486,	1,	512.0,	147.315,			2.957,			0.16,			0.051
487,	1,	30.0,	147.47,			1.481,			0.107,			0.056
488,	1,	13.0,	147.758,			1.612,			0.277,			0.052
489,	1,	13.0,	147.817,			2.748,			0.189,			0.054
490,	1,	16.0,	147.985,			2.051,			0.19,			0.057
491,	2,	180.0,	148.122,			10.554,			1.463,			0.103
492,	1,	157.0,	148.159,			1.56,			0.134,			0.055
493,	1,	157.0,	148.303,			2.976,			0.119,			0.054
494,	1,	512.0,	148.354,			1.587,			0.209,			0.053
495,	1,	49.0,	148.504,			1.523,			0.217,			0.056
496,	1,	95.0,	148.582,			2.346,			0.3,			0.058
497,	1,	379.0,	148.71,			2.643,			0.241,			0.06
498,	1,	169.0,	148.815,			2.973,			0.266,			0.054
499,	1,	44.0,	148.931,			2.991,			0.167,			0.05
500,	1,	7.0,	148.969,			2.606,			0.208,			0.059
501,	1,	59.0,	149.188,			1.708,			0.241,			0.054
502,	1,	512.0,	149.704,			1.409,			0.192,			0.056
503,	1,	387.0,	149.79,			1.566,			0.272,			0.059
504,	1,	7.0,	149.829,			1.639,			0.209,			0.051
505,	1,	13.0,	150.103,			1.844,			0.22,			0.056
506,	1,	7.0,	150.363,			1.291,			0.12,			0.054
507,	1,	559.0,	150.383,			2.148,			0.141,			0.058
508,	1,	169.0,	150.415,			1.051,			0.18,			0.052
509,	1,	7.0,	150.418,			2.074,			0.199,			0.055
510,	2,	103.0,	150.445,			14.187,			1.43,			0.125
511,	1,	157.0,	150.638,			2.976,			0.241,			0.054
512,	1,	7.0,	150.875,			1.853,			0.145,			0.056
513,	1,	6.0,	150.908,			1.637,			0.241,			0.052
514,	1,	90.0,	150.976,			2.596,			0.189,			0.053
515,	1,	13.0,	151.261,			2.379,			0.195,			0.059
516,	1,	498.0,	151.262,			1.128,			0.293,			0.056
517,	1,	126.0,	151.414,			2.096,			0.125,			0.054
518,	1,	157.0,	151.468,			1.607,			0.2,			0.055
519,	1,	559.0,	151.56,			2.703,			0.223,			0.055
520,	1,	7.0,	151.64,			2.914,			0.186,			0.052
521,	1,	146.0,	151.672,			1.285,			0.268,			0.053
522,	1,	512.0,	151.816,			2.03,			0.267,			0.056
523,	1,	10.0,	151.866,			1.717,			0.164,			0.054
524,	1,	44.0,	152.179,			1.104,			0.207,			0.051
525,	1,	6.0,	152.334,			2.36,			0.27,			0.058
526,	2,	149.0,	152.409,			13.034,			1.166,			0.199
527,	2,	155.0,	152.748,			11.672,			1.016,			0.124
528,	1,	30.0,	152.779,			1.403,			0.198,			0.058
529,	1,	7.0,	152.873,			2.299,			0.202,			0.059
530,	1,	6.0,	153.722,			1.663,			0.129,			0.056
531,	1,	95.0,	153.747,			2.522,			0.158,			0.06
532,	2,	147.0,	153.953,			10.666,			1.214,			0.134
533,	1,	6.0,	153.975,			1.128,			0.267,			0.058
534,	1,	447.0,	154.182,			1.908,			0.136,			0.054
535,	1,	559.0,	154.192,			1.229,			0.219,			0.055
536,	1,	146.0,	154.22,			2.796,			0.108,			0.059
537,	1,	13.0,	154.371,			1.061,			0.189,			0.056
538,	1,	559.0,	154.437,			2.03,			0.276,			0.05
539,	1,	157.0,	154.729,			1.672,			0.299,			0.055
540,	1,	7.0,	154.753,			2.123,			0.216,			0.06
541,	1,	512.0,	154.904,			1.128,			0.203,			0.054
542,	1,	126.0,	154.95,			2.661,			0.212,			0.055
543,	1,	120.0,	155.317,			2.777,			0.251,			0.055
544,	1,	498.0,	155.403,			1.12,			0.249,			0.053
545,	1,	13.0,	155.642,			1.932,			0.216,			0.055
546,	1,	6.0,	155.719,			1.523,			0.289,			0.054
547,	1,	49.0,	155.731,			1.46,			0.141,			0.05
548,	1,	447.0,	155.766,			1.915,			0.251,			0.059
549,	1,	59.0,	155.82,			1.982,			0.189,			0.057
550,	1,	387.0,	156.118,			2.158,			0.2,			0.05
551,	1,	10.0,	156.157,			1.495,			0.141,			0.055
552,	1,	157.0,	156.636,			2.33,			0.259,			0.06
553,	1,	559.0,	156.669,			2.509,			0.101,			0.058
554,	2,	164.0,	156.758,			12.615,			1.45,			0.117
555,	2,	365.0,	156.84,			12.368,			1.382,			0.116
556,	1,	6.0,	156.981,			2.065,			0.252,			0.057
557,	2,	224.0,	157.297,			14.82,			1.07,			0.163
558,	2,	132.0,	157.724,			12.088,			1.196,			0.103
559,	1,	30.0,	157.736,			2.776,			0.139,			0.058
560,	1,	59.0,	157.776,			1.864,			0.295,			0.057
561,	1,	7.0,	157.778,			2.92,			0.162,			0.052
562,	1,	95.0,	158.051,			2.143,			0.161,			0.051
563,	1,	7.0,	158.157,			1.115,			0.101,			0.054
564,	1,	146.0,	158.434,			1.631,			0.139,			0.056
565,	1,	13.0,	158.443,			1.112,			0.253,			0.054
566,	1,	95.0,	158.553,			1.496,			0.2,			0.052
567,	2,	169.0,	158.778,			11.761,			1.194,			0.109
568,	1,	559.0,	158.835,			2.013,			0.295,			0.052
569,	1,	157.0,	158.909,			1.784,			0.108,			0.051
570,	1,	44.0,	159.311,			2.366,			0.127,			0.051
571,	1,	16.0,	159.336,			1.382,			0.237,			0.058
572,	2,	207.0,	159.401,			12.115,			1.335,			0.162
573,	1,	59.0,	159.416,			2.786,			0.124,			0.051
574,	1,	30.0,	159.508,			2.385,			0.125,			0.051
575,	1,	6.0,	159.616,			2.631,			0.161,			0.053
576,	1,	512.0,	159.637,			2.169,			0.154,			0.055
577,	1,	6.0,	159.638,			2.225,			0.164,			0.054
578,	1,	44.0,	159.84,			2.675,			0.11,			0.054
579,	1,	44.0,	159.893,			2.282,			0.234,			0.05
580,	1,	30.0,	160.171,			2.601,			0.197,			0.052
581,	1,	13.0,	160.189,			1.406,			0.102,			0.055
582,	1,	512.0,	160.302,			2.798,			0.227,			0.059
583,	1,	44.0,	160.33,			1.304,			0.177,			0.059
584,	1,	6.0,	160.493,			1.97,			0.164,			0.059
585,	1,	103.0,	160.791,			1.801,			0.243,			0.052
586,	1,	90.0,	161.409,			1.883,			0.254,			0.059
587,	1,	157.0,	161.732,			1.557,			0.212,			0.052
588,	1,	559.0,	161.794,			2.346,			0.235,			0.051
589,	1,	7.0,	161.83,			1.639,			0.248,			0.055
590,	1,	95.0,	161.895,			1.672,			0.114,			0.05
591,	1,	103.0,	161.941,			2.378,			0.138,			0.056
592,	1,	379.0,	162.015,			1.17,			0.229,			0.057
593,	1,	7.0,	162.185,			2.503,			0.103,			0.051
594,	1,	559.0,	162.345,			2.36,			0.247,			0.056
595,	1,	214.0,	162.727,			2.984,			0.121,			0.059
596,	1,	28.0,	162.851,			2.819,			0.134,			0.054
597,	1,	103.0,	163.244,			2.567,			0.224,			0.051
598,	1,	498.0,	163.273,			1.443,			0.11,			0.058
599,	2,	220.0,	163.341,			11.162,			1.335,			0.138
600,	1,	447.0,	163.357,			2.56,			0.224,			0.058
601,	1,	6.0,	163.496,			1.044,			0.157,			0.052
602,	1,	169.0,	163.645,			2.225,			0.182,			0.056
603,	1,	44.0,	163.753,			1.61,			0.277,			0.051
604,	2,	71.0,	163.936,			12.933,			1.074,			0.172
605,	1,	13.0,	163.942,			1.477,			0.131,			0.056
606,	1,	103.0,	164.148,			1.128,			0.263,			0.056
607,	1,	28.0,	164.271,			1.875,			0.146,			0.056
608,	2,	232.0,	164.276,			13.61,			1.394,			0.166
609,	1,	44.0,	164.401,			2.346,			0.294,			0.056
610,	1,	49.0,	164.45,			1.45,			0.162,			0.05
611,	2,	272.0,	164.615,			11.263,			1.353,			0.141
612,	1,	447.0,	164.672,			1.061,			0.17,			0.058
613,	1,	387.0,	164.721,			1.293,			0.221,			0.054
614,	1,	44.0,	164.84,			1.99,			0.278,			0.06
615,	1,	559.0,	164.953,			2.459,			0.244,			0.05
616,	1,	120.0,	165.019,			2.621,			0.222,			0.057
617,	1,	120.0,	165.387,			1.625,			0.265,			0.057
618,	2,	195.0,	165.932,			11.111,			1.244,			0.165
619,	2,	55.0,	165.971,			11.572,			1.155,			0.13
620,	1,	379.0,	166.304,			2.278,			0.103,			0.057
621,	1,	157.0,	166.451,			2.542,			0.172,			0.06
622,	1,	379.0,	166.487,			2.179,			0.281,			0.059
623,	2,	100.0,	166.741,			11.896,			1.12,			0.139
624,	1,	16.0,	166.774,			1.653,			0.185,			0.059
625,	2,	120.0,	166.936,			13.916,			1.379,			0.161
626,	2,	229.0,	167.036,			14.132,			1.198,			0.162
627,	1,	126.0,	167.635,			2.346,			0.2,			0.056
628,	1,	44.0,	167.892,			2.798,			0.205,			0.06
629,	1,	498.0,	167.95,			1.663,			0.282,			0.059
630,	1,	7.0,	168.034,			1.984,			0.152,			0.055
631,	2,	126.0,	168.068,			14.931,			1.239,			0.131
632,	1,	146.0,	168.13,			1.119,			0.23,			0.05
633,	1,	214.0,	168.263,			1.092,			0.272,			0.055
634,	1,	157.0,	168.328,			2.084,			0.248,			0.054
635,	2,	210.0,	168.723,			12.136,			1.163,			0.142
636,	2,	230.0,	168.802,			10.909,			1.109,			0.14
637,	2,	317.0,	169.224,			12.976,			1.222,			0.184
638,	1,	447.0,	169.329,			2.948,			0.223,			0.054
639,	1,	512.0,	169.568,			2.596,			0.222,			0.05
640,	1,	7.0,	169.733,			1.878,			0.151,			0.054
641,	2,	122.0,	169.786,			10.4,			1.128,			0.155
642,	1,	44.0,	170.291,			1.748,			0.238,			0.051
643,	1,	387.0,	170.341,			2.102,			0.289,			0.06
644,	1,	30.0,	170.343,			2.398,			0.157,			0.057
645,	1,	6.0,	170.352,			2.158,			0.279,			0.055
646,	1,	30.0,	170.375,			2.378,			0.214,			0.057
647,	1,	44.0,	170.545,			1.566,			0.153,			0.051
648,	1,	387.0,	170.686,			1.998,			0.124,			0.053
649,	1,	447.0,	170.713,			1.835,			0.116,			0.055
650,	1,	44.0,	171.077,			1.719,			0.158,			0.059
651,	1,	6.0,	171.451,			2.813,			0.232,			0.051
652,	1,	498.0,	171.474,			1.071,			0.106,			0.054
653,	1,	44.0,	171.571,			1.434,			0.241,			0.052
654,	1,	103.0,	171.89,			2.36,			0.158,			0.053
655,	1,	146.0,	171.967,			1.406,			0.137,			0.052
656,	1,	28.0,	171.98,			2.706,			0.158,			0.056
657,	1,	7.0,	172.114,			1.145,			0.267,			0.058
658,	1,	59.0,	172.177,			1.211,			0.138,			0.057
659,	1,	44.0,	172.451,			1.977,			0.16,			0.055
660,	1,	7.0,	172.513,			2.939,			0.116,			0.06
661,	1,	10.0,	172.584,			1.523,			0.215,			0.058
662,	1,	126.0,	172.593,			1.483,			0.206,			0.054
663,	1,	6.0,	172.598,			2.143,			0.154,			0.05
664,	1,	387.0,	172.621,			2.398,			0.241,			0.059
665,	2,	142.0,	172.716,			12.357,			1.206,			0.128
666,	1,	49.0,	172.758,			2.735,			0.11,			0.058
667,	1,	7.0,	173.073,			2.084,			0.231,			0.052
668,	1,	95.0,	173.077,			2.35,			0.154,			0.058
669,	1,	120.0,	173.103,			2.154,			0.121,			0.054
670,	1,	157.0,	173.118,			1.482,			0.271,			0.057
671,	1,	28.0,	173.313,			1.663,			0.186,			0.051
672,	1,	6.0,	173.333,			2.866,			0.108,			0.055
673,	2,	256.0,	173.506,			13.456,			1.099,			0.149
674,	1,	498.0,	173.559,			2.632,			0.173,			0.054
675,	1,	379.0,	173.646,			1.263,			0.255,			0.059
676,	1,	512.0,	173.79,			1.282,			0.222,			0.05
677,	1,	387.0,	174.335,			2.038,			0.28,			0.058
678,	1,	157.0,	174.413,			2.0,			0.215,			0.054
679,	1,	7.0,	174.472,			1.283,			0.215,			0.053
680,	1,	379.0,	174.504,			1.499,			0.239,			0.058
681,	1,	7.0,	174.585,			2.669,			0.29,			0.052
682,	1,	44.0,	174.778,			2.976,			0.258,			0.06
683,	1,	7.0,	174.921,			1.204,			0.237,			0.057
684,	1,	59.0,	174.93,			2.173,			0.292,			0.053
685,	1,	103.0,	175.154,			1.106,			0.182,			0.054
686,	1,	120.0,	175.165,			1.683,			0.158,			0.058
687,	1,	44.0,	175.494,			1.505,			0.245,			0.059
688,	1,	146.0,	175.558,			1.732,			0.272,			0.058
689,	1,	59.0,	175.569,			1.79,			0.111,			0.053
690,	1,	126.0,	175.86,			2.874,			0.15,			0.052
691,	1,	387.0,	176.291,			2.843,			0.119,			0.051
692,	1,	59.0,	176.503,			1.047,			0.129,			0.057
693,	1,	16.0,	176.802,			2.057,			0.169,			0.059
694,	1,	169.0,	176.85,			1.581,			0.178,			0.053
695,	1,	559.0,	177.004,			1.489,			0.206,			0.052
696,	1,	498.0,	177.021,			2.685,			0.187,			0.059
697,	1,	214.0,	177.174,			2.799,			0.242,			0.054
698,	1,	157.0,	177.619,			2.612,			0.215,			0.058
699,	1,	103.0,	177.679,			2.99,			0.149,			0.055
700,	1,	6.0,	177.693,			1.187,			0.152,			0.058
701,	1,	157.0,	177.706,			1.263,			0.288,			0.055
702,	1,	169.0,	178.117,			2.893,			0.224,			0.06
703,	1,	512.0,	178.411,			2.916,			0.216,			0.059
704,	1,	512.0,	178.678,			1.561,			0.29,			0.052
705,	1,	120.0,	178.919,			2.928,			0.177,			0.055
706,	1,	157.0,	179.16,			2.073,			0.152,			0.056
707,	1,	169.0,	179.361,			1.868,			0.256,			0.051
708,	1,	7.0,	179.447,			1.153,			0.13,			0.057
709,	1,	28.0,	179.476,			1.857,			0.117,			0.055
710,	1,	559.0,	179.79,			2.088,			0.231,			0.054
711,	2,	77.0,	179.884,			10.9,			1.021,			0.148
712,	1,	214.0,	179.925,			2.838,			0.132,			0.057
713,	1,	30.0,	180.158,			2.799,			0.294,			0.058
714,	1,	44.0,	180.462,			2.991,			0.135,			0.059
715,	1,	44.0,	181.102,			1.043,			0.194,			0.06
716,	1,	6.0,	181.686,			2.35,			0.259,			0.058
717,	1,	103.0,	181.942,			2.08,			0.212,			0.054
718,	1,	387.0,	182.026,			1.455,			0.161,			0.059
719,	1,	120.0,	182.059,			2.976,			0.102,			0.051
720,	1,	6.0,	182.115,			2.712,			0.132,			0.051
721,	1,	6.0,	182.892,			1.473,			0.21,			0.056
722,	1,	30.0,	183.114,			2.914,			0.109,			0.059
723,	1,	49.0,	183.175,			2.324,			0.186,			0.051
724,	1,	512.0,	183.39,			1.748,			0.193,			0.06
725,	1,	6.0,	183.464,			1.575,			0.255,			0.054
726,	1,	120.0,	183.534,			1.692,			0.281,			0.05
727,	1,	59.0,	183.543,			2.345,			0.138,			0.058
728,	2,	185.0,	184.126,			13.795,			1.233,			0.128
729,	1,	13.0,	184.371,			2.555,			0.216,			0.059
730,	2,	185.0,	184.45,			14.132,			1.484,			0.17
731,	1,	7.0,	184.481,			1.027,			0.111,			0.052
732,	1,	7.0,	184.561,			1.612,			0.247,			0.052
733,	2,	90.0,	184.569,			13.016,			1.386,			0.102
734,	1,	7.0,	184.617,			1.984,			0.108,			0.055
735,	1,	447.0,	184.876,			1.441,			0.231,			0.06
736,	2,	107.0,	184.928,			12.627,			1.124,			0.136
737,	1,	146.0,	185.32,			1.121,			0.28,			0.052
738,	1,	44.0,	185.354,			1.748,			0.16,			0.052
739,	1,	447.0,	185.383,			2.031,			0.101,			0.057
740,	1,	13.0,	185.398,			2.415,			0.122,			0.054
741,	1,	16.0,	186.328,			2.974,			0.249,			0.055
742,	1,	559.0,	186.762,			1.174,			0.186,			0.056
743,	2,	135.0,	186.977,			12.299,			1.355,			0.198
744,	2,	101.0,	187.249,			13.021,			1.175,			0.102
745,	1,	6.0,	187.511,			1.631,			0.199,			0.051
746,	1,	447.0,	187.677,			1.791,			0.238,			0.051
747,	1,	498.0,	188.135,			2.498,			0.164,			0.056
748,	1,	90.0,	188.341,			2.768,			0.217,			0.058
749,	1,	126.0,	188.379,			2.819,			0.13,			0.055
750,	1,	7.0,	188.415,			1.247,			0.15,			0.054
751,	1,	90.0,	188.591,			2.025,			0.116,			0.058
752,	1,	44.0,	188.741,			1.835,			0.237,			0.057
753,	1,	559.0,	188.771,			2.084,			0.249,			0.052
754,	1,	559.0,	188.888,			2.273,			0.216,			0.059
755,	1,	7.0,	189.131,			1.722,			0.161,			0.057
756,	1,	16.0,	189.569,			1.681,			0.249,			0.052
757,	1,	559.0,	189.588,			1.151,			0.225,			0.055
758,	2,	162.0,	189.76,			13.163,			1.305,			0.165
759,	1,	498.0,	189.761,			1.729,			0.288,			0.051
760,	1,	7.0,	190.021,			1.942,			0.288,			0.054
761,	2,	127.0,	190.075,			12.351,			1.452,			0.138
762,	2,	136.0,	190.458,			11.573,			1.491,			0.198
763,	1,	169.0,	190.698,			1.091,			0.225,			0.055
764,	1,	214.0,	190.799,			2.795,			0.22,			0.058
765,	1,	120.0,	190.909,			2.881,			0.29,			0.052
766,	1,	498.0,	191.009,			2.378,			0.291,			0.057
767,	1,	126.0,	191.113,			2.652,			0.118,			0.054
768,	1,	7.0,	191.276,			2.533,			0.197,			0.054
769,	1,	7.0,	191.606,			1.13,			0.231,			0.058
770,	1,	103.0,	191.701,			2.553,			0.172,			0.052
771,	1,	28.0,	191.974,			1.624,			0.249,			0.057
772,	1,	498.0,	192.067,			1.203,			0.208,			0.051
773,	1,	7.0,	192.251,			2.193,			0.198,			0.05
774,	2,	69.0,	192.299,			13.574,			1.351,			0.111
775,	1,	379.0,	192.305,			2.5,			0.142,			0.058
776,	1,	7.0,	192.351,			1.799,			0.144,			0.058
777,	1,	7.0,	192.459,			1.639,			0.219,			0.057
778,	1,	387.0,	192.516,			1.515,			0.211,			0.057
779,	1,	7.0,	192.827,			1.517,			0.139,			0.055
780,	1,	387.0,	193.259,			2.893,			0.217,			0.051
781,	1,	44.0,	193.402,			2.249,			0.288,			0.05
782,	1,	10.0,	193.526,			2.143,			0.146,			0.057
783,	1,	13.0,	193.56,			1.822,			0.233,			0.06
784,	1,	120.0,	193.686,			1.524,			0.184,			0.054
785,	1,	157.0,	193.901,			2.974,			0.158,			0.052
786,	1,	49.0,	194.044,			2.407,			0.239,			0.054
787,	1,	7.0,	194.23,			1.994,			0.202,			0.057
788,	2,	152.0,	194.434,			14.511,			1.429,			0.165
789,	1,	44.0,	194.509,			1.16,			0.157,			0.051
790,	1,	214.0,	194.805,			1.748,			0.297,			0.051
791,	1,	498.0,	194.932,			2.104,			0.157,			0.059
792,	1,	49.0,	194.979,			1.252,			0.139,			0.054
793,	1,	90.0,	195.184,			1.988,			0.13,			0.052
794,	1,	146.0,	195.317,			1.211,			0.101,			0.051
795,	1,	214.0,	195.354,			2.449,			0.116,			0.052
796,	1,	447.0,	195.734,			2.976,			0.233,			0.054
797,	1,	120.0,	196.077,			1.988,			0.165,			0.06
798,	1,	28.0,	196.317,			2.542,			0.174,			0.05
799,	1,	13.0,	196.598,			2.498,			0.29,			0.052
800,	1,	126.0,	196.601,			2.622,			0.244,			0.051
801,	1,	7.0,	196.92,			1.22,			0.217,			0.058
802,	1,	559.0,	198.47,			2.048,			0.167,			0.057
803,	1,	559.0,	198.891,			2.525,			0.259,			0.055
804,	1,	44.0,	199.339,			2.252,			0.259,			0.052
805,	1,	90.0,	199.604,			2.232,			0.284,			0.054
806,	1,	120.0,	199.757,			1.467,			0.195,			0.056
807,	1,	10.0,	199.857,			2.555,			0.135,			0.052
808,	1,	10.0,	200.195,			2.862,			0.268,			0.057
809,	1,	7.0,	200.3,			1.561,			0.294,			0.058
810,	1,	103.0,	201.233,			2.601,			0.249,			0.056
811,	1,	6.0,	201.242,			1.047,			0.133,			0.058
812,	2,	79.0,	201.296,			10.335,			1.401,			0.139
813,	1,	16.0,	201.447,			1.639,			0.238,			0.053
814,	2,	89.0,	201.513,			12.174,			1.042,			0.123
815,	1,	10.0,	201.606,			1.245,			0.258,			0.056
816,	1,	447.0,	201.864,			1.188,			0.161,			0.051
817,	2,	97.0,	201.893,			10.485,			1.053,			0.2
818,	1,	95.0,	202.201,			2.772,			0.108,			0.057
819,	1,	103.0,	202.288,			2.323,			0.116,			0.054
820,	1,	6.0,	202.524,			1.706,			0.246,			0.058
821,	2,	88.0,	202.817,			14.146,			1.376,			0.169
822,	1,	103.0,	202.919,			2.01,			0.159,			0.054
823,	1,	447.0,	203.35,			1.356,			0.214,			0.059
824,	1,	157.0,	203.367,			2.571,			0.273,			0.051
825,	1,	59.0,	203.401,			1.126,			0.195,			0.051
826,	1,	6.0,	203.495,			1.313,			0.216,			0.052
827,	1,	126.0,	203.675,			1.211,			0.238,			0.058
828,	1,	447.0,	203.68,			1.204,			0.193,			0.052
829,	1,	146.0,	203.741,			1.841,			0.112,			0.057
830,	1,	559.0,	204.583,			2.169,			0.254,			0.053
831,	1,	30.0,	204.744,			2.418,			0.263,			0.053
832,	1,	157.0,	204.789,			2.874,			0.292,			0.053
833,	1,	95.0,	204.79,			2.935,			0.277,			0.055
834,	1,	10.0,	204.793,			1.168,			0.236,			0.055
835,	1,	157.0,	204.912,			2.01,			0.19,			0.057
836,	1,	30.0,	205.213,			2.8,			0.249,			0.054
837,	1,	44.0,	205.439,			2.286,			0.166,			0.056
838,	1,	559.0,	205.518,			2.827,			0.216,			0.059
839,	1,	157.0,	205.627,			2.225,			0.135,			0.054
840,	1,	126.0,	206.026,			1.716,			0.134,			0.053
841,	1,	13.0,	206.105,			2.571,			0.139,			0.06
842,	1,	28.0,	207.426,			2.548,			0.2,			0.052
843,	1,	10.0,	207.443,			1.915,			0.26,			0.05
844,	1,	90.0,	207.643,			1.537,			0.211,			0.055
845,	1,	447.0,	207.758,			2.661,			0.228,			0.051
846,	1,	90.0,	207.88,			1.128,			0.244,			0.053
847,	1,	146.0,	208.174,			2.448,			0.134,			0.054
848,	1,	30.0,	208.505,			2.852,			0.125,			0.053
849,	1,	6.0,	208.696,			1.425,			0.131,			0.051
850,	1,	120.0,	209.741,			2.429,			0.174,			0.052
851,	1,	30.0,	209.77,			1.119,			0.218,			0.06
852,	2,	189.0,	209.872,			12.144,			1.245,			0.125
853,	1,	13.0,	210.125,			1.915,			0.241,			0.056
854,	1,	7.0,	210.227,			1.825,			0.297,			0.057
855,	2,	144.0,	210.668,			14.099,			1.455,			0.158
856,	1,	120.0,	210.695,			1.279,			0.146,			0.051
857,	1,	10.0,	210.76,			2.385,			0.125,			0.051
858,	1,	7.0,	210.839,			1.588,			0.254,			0.058
859,	1,	512.0,	210.899,			1.394,			0.241,			0.059
860,	1,	169.0,	210.971,			1.844,			0.177,			0.058
861,	1,	7.0,	211.389,			1.204,			0.125,			0.052
862,	1,	90.0,	211.582,			1.078,			0.129,			0.057
863,	1,	126.0,	211.777,			2.78,			0.135,			0.059
864,	2,	94.0,	211.797,			11.6,			1.154,			0.184
865,	1,	16.0,	211.906,			1.757,			0.113,			0.06
866,	1,	157.0,	212.25,			2.935,			0.203,			0.06
867,	1,	157.0,	212.469,			2.449,			0.268,			0.051
868,	1,	30.0,	212.762,			2.087,			0.218,			0.06
869,	2,	206.0,	212.799,			13.579,			1.109,			0.107
870,	1,	90.0,	212.869,			1.581,			0.25,			0.059
871,	1,	7.0,	213.413,			1.809,			0.16,			0.051
872,	1,	169.0,	213.692,			2.148,			0.122,			0.051
873,	1,	6.0,	214.755,			1.115,			0.195,			0.055
874,	1,	559.0,	215.131,			2.647,			0.245,			0.052
875,	1,	103.0,	215.526,			1.886,			0.281,			0.055
876,	2,	72.0,	215.794,			10.778,			1.18,			0.182
877,	2,	97.0,	215.984,			12.112,			1.498,			0.108
878,	2,	137.0,	216.368,			13.86,			1.148,			0.119
879,	1,	6.0,	216.988,			1.828,			0.119,			0.058
880,	1,	95.0,	217.026,			2.794,			0.247,			0.055
881,	2,	321.0,	217.046,			13.587,			1.433,			0.149
882,	1,	7.0,	217.213,			1.985,			0.205,			0.056
883,	1,	447.0,	217.616,			1.433,			0.151,			0.058
884,	1,	103.0,	217.876,			1.694,			0.174,			0.057
885,	2,	237.0,	218.14,			11.247,			1.399,			0.145
886,	1,	559.0,	219.261,			1.814,			0.244,			0.055
887,	1,	49.0,	219.634,			1.625,			0.296,			0.054
888,	1,	95.0,	220.006,			1.03,			0.104,			0.051
889,	1,	379.0,	220.348,			2.28,			0.242,			0.059
890,	1,	120.0,	220.399,			1.145,			0.144,			0.059
891,	2,	120.0,	220.95,			11.027,			1.115,			0.128
892,	1,	447.0,	221.072,			1.164,			0.12,			0.052
893,	1,	157.0,	222.551,			2.96,			0.225,			0.057
894,	1,	6.0,	222.796,			2.454,			0.267,			0.051
895,	1,	387.0,	222.966,			1.178,			0.186,			0.059
896,	1,	7.0,	222.976,			2.176,			0.299,			0.057
897,	1,	157.0,	223.418,			1.028,			0.161,			0.05
898,	1,	169.0,	223.42,			2.36,			0.138,			0.054
899,	2,	261.0,	223.61,			12.79,			1.262,			0.186
900,	2,	141.0,	223.788,			14.513,			1.392,			0.18
901,	1,	7.0,	225.705,			1.314,			0.131,			0.06
902,	1,	30.0,	225.884,			1.515,			0.107,			0.053
903,	2,	191.0,	226.005,			10.71,			1.279,			0.102
904,	1,	90.0,	227.25,			2.427,			0.249,			0.052
905,	1,	379.0,	227.36,			1.63,			0.21,			0.06
906,	1,	28.0,	227.696,			1.688,			0.296,			0.058
907,	1,	16.0,	227.746,			1.471,			0.206,			0.059
908,	1,	13.0,	228.878,			1.651,			0.198,			0.055
909,	1,	59.0,	229.39,			1.694,			0.12,			0.055
910,	1,	44.0,	229.724,			2.799,			0.18,			0.06
911,	2,	114.0,	229.75,			14.368,			1.453,			0.18
912,	2,	112.0,	230.119,			10.826,			1.499,			0.162
913,	1,	447.0,	230.15,			2.984,			0.284,			0.056
914,	1,	44.0,	230.837,			1.692,			0.217,			0.059
915,	1,	13.0,	232.233,			1.305,			0.298,			0.052
916,	2,	155.0,	232.762,			11.405,			1.49,			0.169
917,	2,	93.0,	233.895,			10.621,			1.465,			0.16
918,	1,	10.0,	234.447,			1.548,			0.194,			0.055
919,	1,	103.0,	234.554,			1.659,			0.192,			0.055
920,	2,	171.0,	234.61,			11.957,			1.124,			0.142
921,	2,	293.0,	234.737,			10.173,			1.244,			0.15
922,	1,	379.0,	234.898,			2.151,			0.174,			0.052
923,	1,	7.0,	235.091,			1.431,			0.13,			0.059
924,	2,	129.0,	235.151,			14.407,			1.025,			0.188
925,	1,	6.0,	235.169,			1.75,			0.228,			0.055
926,	2,	98.0,	236.087,			14.283,			1.304,			0.152
927,	1,	44.0,	236.53,			2.903,			0.21,			0.056
928,	1,	10.0,	238.055,			2.298,			0.135,			0.06
929,	1,	559.0,	238.245,			1.302,			0.119,			0.052
930,	1,	7.0,	238.332,			1.204,			0.195,			0.058
931,	1,	146.0,	240.386,			1.105,			0.162,			0.052
932,	1,	28.0,	240.588,			1.809,			0.14,			0.052
933,	1,	498.0,	241.231,			1.766,			0.249,			0.057
934,	2,	235.0,	241.301,			13.349,			1.103,			0.136
935,	2,	135.0,	241.486,			14.253,			1.259,			0.151
936,	2,	96.0,	241.961,			10.886,			1.086,			0.108
937,	2,	142.0,	242.121,			12.089,			1.326,			0.187
938,	1,	49.0,	243.124,			2.579,			0.267,			0.054
939,	1,	120.0,	245.809,			1.225,			0.189,			0.051
940,	1,	7.0,	247.37,			2.22,			0.195,			0.051
941,	1,	30.0,	248.464,			2.832,			0.174,			0.052
942,	1,	49.0,	249.298,			2.706,			0.241,			0.058
943,	2,	227.0,	249.866,			12.635,			1.186,			0.19
944,	2,	97.0,	251.962,			14.276,			1.425,			0.114
945,	2,	172.0,	253.04,			11.263,			1.305,			0.175
946,	1,	146.0,	255.983,			1.437,			0.151,			0.051
947,	1,	103.0,	256.831,			2.52,			0.228,			0.06
948,	2,	119.0,	257.292,			10.277,			1.303,			0.139
949,	2,	221.0,	257.849,			12.132,			1.265,			0.189
950,	2,	138.0,	259.021,			11.834,			1.141,			0.157
951,	1,	559.0,	260.014,			1.303,			0.225,			0.05
952,	2,	126.0,	262.081,			13.224,			1.438,			0.15
953,	1,	44.0,	262.39,			2.269,			0.241,			0.055
954,	1,	387.0,	262.572,			1.753,			0.172,			0.06
955,	2,	168.0,	263.103,			13.224,			1.346,			0.103
956,	1,	59.0,	263.215,			1.625,			0.224,			0.055
957,	1,	157.0,	263.365,			2.198,			0.173,			0.05
958,	1,	126.0,	263.903,			2.751,			0.142,			0.057
959,	2,	141.0,	264.334,			14.162,			1.003,			0.178
960,	1,	7.0,	264.658,			2.2,			0.159,			0.058
961,	1,	7.0,	265.454,			2.735,			0.267,			0.056
962,	1,	7.0,	267.009,			2.796,			0.17,			0.054
963,	2,	86.0,	268.243,			13.703,			1.494,			0.104
964,	2,	239.0,	268.48,			13.452,			1.081,			0.149
965,	2,	198.0,	269.407,			11.539,			1.031,			0.141
966,	2,	133.0,	269.639,			10.96,			1.423,			0.187
967,	2,	105.0,	271.074,			13.89,			1.219,			0.155
968,	2,	170.0,	272.092,			13.224,			1.433,			0.179
969,	2,	144.0,	272.302,			13.034,			1.25,			0.11
970,	2,	93.0,	272.46,			12.841,			1.464,			0.191
971,	2,	195.0,	275.314,			14.85,			1.409,			0.18
972,	2,	117.0,	275.75,			12.591,			1.064,			0.138
973,	2,	124.0,	276.349,			13.442,			1.166,			0.179
974,	1,	157.0,	276.64,			1.277,			0.156,			0.05
975,	2,	102.0,	277.062,			13.979,			1.47,			0.126
976,	1,	120.0,	280.453,			1.912,			0.175,			0.058
977,	1,	28.0,	280.974,			1.448,			0.288,			0.06
978,	2,	128.0,	281.223,			14.337,			1.255,			0.124
979,	1,	7.0,	281.329,			1.942,			0.116,			0.059
980,	2,	188.0,	282.751,			10.702,			1.262,			0.125
981,	2,	185.0,	284.646,			14.931,			1.207,			0.133
982,	2,	232.0,	286.197,			14.067,			1.269,			0.102
983,	1,	103.0,	286.756,			1.984,			0.134,			0.05
984,	2,	120.0,	288.364,			13.647,			1.417,			0.194
985,	2,	216.0,	290.021,			10.565,			1.279,			0.174
986,	2,	127.0,	290.831,			11.302,			1.373,			0.139
987,	1,	559.0,	291.179,			1.376,			0.134,			0.057
988,	2,	195.0,	291.431,			12.787,			1.35,			0.109
989,	1,	146.0,	292.311,			1.044,			0.228,			0.054
990,	2,	228.0,	292.746,			13.494,			1.122,			0.194
991,	2,	114.0,	294.173,			11.26,			1.347,			0.199
992,	2,	273.0,	295.418,			13.346,			1.303,			0.15
993,	2,	132.0,	295.543,			14.965,			1.356,			0.192
994,	2,	365.0,	295.708,			11.622,			1.182,			0.198
995,	2,	135.0,	296.105,			14.737,			1.291,			0.179
996,	2,	341.0,	296.832,			14.282,			1.311,			0.173
997,	2,	254.0,	298.448,			11.39,			1.361,			0.112
998,	2,	143.0,	299.641,			14.666,			1.012,			0.152
999,	2,	73.0,	299.928,			11.484,			1.439,			0.173
1000,	1,	30.0,	300.0,			1.416,			0.122,			0.055
