#, task_type_id, size, arrival_time,	execution_time_cpu,	execution_time_gpu,	execution_time_CLOUD
1,	1,	146.0,	0.0,			2.467,			0.279,			0.059
2,	2,	225.0,	0.335,			14.99,			1.33,			0.147
3,	2,	172.0,	2.058,			14.206,			1.407,			0.142
4,	2,	124.0,	3.784,			10.475,			1.026,			0.111
5,	2,	118.0,	5.307,			12.406,			1.369,			0.113
6,	2,	33.0,	5.439,			10.117,			1.288,			0.138
7,	1,	90.0,	5.551,			1.266,			0.284,			0.06
8,	1,	30.0,	5.64,			1.134,			0.135,			0.058
9,	2,	190.0,	11.129,			11.6,			1.454,			0.188
10,	2,	76.0,	11.198,			11.058,			1.407,			0.188
11,	1,	169.0,	12.554,			1.35,			0.231,			0.052
12,	2,	216.0,	12.814,			14.376,			1.041,			0.179
13,	2,	188.0,	13.151,			10.782,			1.332,			0.184
14,	2,	125.0,	15.123,			13.33,			1.164,			0.14
15,	2,	190.0,	16.044,			14.916,			1.482,			0.144
16,	2,	172.0,	16.452,			11.19,			1.484,			0.148
17,	2,	153.0,	16.914,			13.478,			1.438,			0.114
18,	2,	228.0,	17.321,			12.664,			1.094,			0.113
19,	1,	90.0,	18.954,			2.034,			0.263,			0.058
20,	2,	192.0,	21.31,			10.999,			1.187,			0.197
21,	2,	131.0,	22.524,			11.929,			1.227,			0.121
22,	2,	240.0,	22.525,			11.028,			1.33,			0.131
23,	2,	148.0,	22.846,			11.63,			1.386,			0.195
24,	2,	234.0,	22.88,			11.164,			1.088,			0.145
25,	1,	103.0,	23.251,			2.063,			0.147,			0.052
26,	2,	207.0,	23.292,			11.134,			1.212,			0.109
27,	1,	7.0,	23.571,			2.763,			0.223,			0.053
28,	2,	198.0,	23.758,			14.984,			1.4,			0.188
29,	2,	135.0,	25.352,			12.537,			1.311,			0.197
30,	2,	253.0,	26.178,			12.069,			1.046,			0.108
31,	2,	184.0,	27.707,			12.401,			1.2,			0.187
32,	2,	103.0,	29.361,			11.186,			1.065,			0.149
33,	2,	78.0,	30.957,			12.191,			1.421,			0.151
34,	2,	160.0,	31.559,			12.191,			1.253,			0.168
35,	2,	182.0,	32.661,			14.425,			1.426,			0.129
36,	1,	559.0,	34.224,			1.61,			0.211,			0.054
37,	2,	97.0,	35.156,			11.573,			1.353,			0.142
38,	2,	213.0,	35.285,			13.095,			1.17,			0.115
39,	2,	134.0,	37.76,			10.518,			1.242,			0.119
40,	2,	121.0,	38.156,			12.638,			1.011,			0.166
41,	2,	76.0,	38.265,			14.836,			1.031,			0.118
42,	2,	92.0,	38.607,			10.84,			1.255,			0.122
43,	2,	102.0,	38.874,			12.475,			1.264,			0.111
44,	1,	103.0,	39.609,			1.722,			0.21,			0.054
45,	2,	179.0,	40.417,			12.141,			1.343,			0.106
46,	2,	179.0,	40.433,			14.903,			1.305,			0.138
47,	1,	157.0,	42.267,			2.114,			0.113,			0.058
48,	2,	154.0,	42.44,			13.792,			1.369,			0.139
49,	2,	166.0,	43.797,			11.152,			1.495,			0.176
50,	2,	269.0,	44.446,			12.271,			1.126,			0.199
51,	2,	227.0,	45.067,			11.449,			1.073,			0.2
52,	2,	166.0,	45.875,			13.181,			1.212,			0.145
53,	2,	133.0,	47.855,			14.624,			1.343,			0.117
54,	2,	80.0,	48.609,			11.85,			1.492,			0.179
55,	1,	7.0,	49.317,			1.732,			0.14,			0.055
56,	1,	387.0,	51.594,			2.051,			0.234,			0.054
57,	2,	233.0,	53.801,			10.999,			1.279,			0.147
58,	1,	157.0,	55.18,			1.962,			0.119,			0.05
59,	2,	282.0,	55.193,			13.973,			1.133,			0.111
60,	2,	210.0,	55.304,			14.289,			1.426,			0.178
61,	2,	158.0,	56.247,			10.979,			1.029,			0.195
62,	2,	242.0,	56.635,			10.523,			1.494,			0.133
63,	1,	379.0,	56.906,			1.097,			0.191,			0.052
64,	1,	7.0,	57.69,			1.947,			0.192,			0.052
65,	1,	28.0,	57.845,			2.467,			0.176,			0.06
66,	1,	7.0,	57.969,			1.682,			0.254,			0.055
67,	1,	7.0,	58.919,			1.266,			0.272,			0.052
68,	1,	7.0,	59.536,			1.509,			0.137,			0.054
69,	2,	116.0,	59.983,			13.061,			1.454,			0.126
70,	1,	28.0,	60.549,			2.96,			0.156,			0.058
71,	2,	195.0,	61.296,			11.043,			1.027,			0.127
72,	2,	114.0,	61.569,			12.004,			1.046,			0.197
73,	1,	559.0,	63.205,			1.211,			0.141,			0.059
74,	1,	90.0,	63.933,			1.722,			0.183,			0.05
75,	1,	126.0,	64.082,			1.591,			0.282,			0.054
76,	1,	7.0,	64.706,			1.826,			0.12,			0.05
77,	1,	7.0,	64.881,			2.09,			0.215,			0.055
78,	2,	134.0,	65.521,			14.002,			1.289,			0.18
79,	1,	559.0,	66.002,			2.407,			0.14,			0.059
80,	2,	92.0,	66.543,			13.977,			1.121,			0.137
81,	1,	49.0,	67.068,			1.659,			0.223,			0.056
82,	2,	34.0,	67.069,			14.646,			1.141,			0.142
83,	2,	126.0,	68.145,			11.628,			1.453,			0.104
84,	1,	169.0,	68.234,			2.948,			0.197,			0.052
85,	1,	44.0,	68.843,			2.429,			0.151,			0.053
86,	1,	7.0,	69.616,			1.597,			0.112,			0.054
87,	1,	214.0,	69.976,			1.504,			0.173,			0.052
88,	1,	44.0,	69.983,			1.588,			0.131,			0.059
89,	1,	49.0,	70.164,			1.578,			0.244,			0.053
90,	2,	222.0,	71.113,			13.038,			1.179,			0.162
91,	2,	128.0,	71.192,			14.011,			1.481,			0.179
92,	1,	157.0,	71.367,			1.467,			0.107,			0.058
93,	1,	103.0,	71.456,			1.443,			0.219,			0.053
94,	1,	7.0,	71.657,			1.561,			0.212,			0.055
95,	2,	155.0,	72.017,			10.777,			1.12,			0.156
96,	1,	6.0,	72.059,			2.678,			0.209,			0.051
97,	1,	7.0,	72.131,			2.249,			0.16,			0.059
98,	2,	105.0,	72.664,			13.761,			1.461,			0.158
99,	2,	131.0,	72.879,			14.961,			1.238,			0.169
100,	1,	30.0,	72.913,			1.491,			0.21,			0.059
101,	1,	498.0,	73.007,			1.473,			0.238,			0.058
102,	1,	103.0,	73.037,			1.357,			0.2,			0.059
103,	2,	168.0,	73.475,			10.654,			1.189,			0.118
104,	1,	44.0,	73.643,			1.166,			0.247,			0.05
105,	1,	7.0,	73.908,			2.756,			0.161,			0.051
106,	1,	120.0,	74.203,			1.814,			0.249,			0.051
107,	1,	7.0,	74.503,			2.09,			0.279,			0.053
108,	1,	169.0,	74.511,			1.331,			0.144,			0.055
109,	1,	120.0,	75.027,			1.153,			0.208,			0.052
110,	1,	103.0,	77.086,			2.751,			0.268,			0.053
111,	1,	28.0,	77.395,			2.974,			0.267,			0.055
112,	1,	49.0,	77.758,			1.663,			0.254,			0.057
113,	2,	155.0,	78.295,			10.617,			1.07,			0.174
114,	1,	387.0,	78.31,			2.038,			0.125,			0.058
115,	2,	137.0,	78.504,			13.622,			1.374,			0.105
116,	1,	169.0,	79.218,			1.25,			0.201,			0.059
117,	1,	7.0,	79.303,			2.379,			0.114,			0.057
118,	1,	6.0,	79.393,			1.868,			0.135,			0.059
119,	1,	169.0,	79.897,			1.972,			0.109,			0.059
120,	1,	7.0,	80.005,			1.353,			0.104,			0.057
121,	1,	512.0,	80.05,			1.004,			0.296,			0.057
122,	1,	169.0,	80.244,			1.825,			0.225,			0.051
123,	1,	10.0,	80.39,			1.731,			0.157,			0.053
124,	1,	7.0,	80.456,			2.461,			0.174,			0.058
125,	1,	387.0,	81.113,			2.366,			0.12,			0.052
126,	1,	6.0,	82.001,			2.844,			0.241,			0.059
127,	1,	447.0,	82.778,			1.828,			0.222,			0.055
128,	1,	7.0,	82.959,			2.52,			0.192,			0.059
129,	2,	101.0,	83.242,			12.445,			1.461,			0.14
130,	1,	379.0,	83.399,			1.531,			0.253,			0.059
131,	1,	95.0,	85.033,			1.009,			0.188,			0.055
132,	1,	44.0,	85.428,			1.97,			0.156,			0.06
133,	1,	379.0,	86.219,			2.096,			0.28,			0.053
134,	1,	6.0,	87.203,			1.078,			0.234,			0.051
135,	1,	214.0,	87.515,			2.565,			0.179,			0.05
136,	1,	120.0,	87.923,			1.591,			0.129,			0.052
137,	1,	498.0,	88.306,			1.645,			0.151,			0.052
138,	1,	447.0,	88.404,			1.364,			0.182,			0.053
139,	1,	379.0,	88.52,			2.293,			0.173,			0.053
140,	2,	150.0,	88.596,			10.297,			1.492,			0.132
141,	1,	7.0,	88.818,			2.819,			0.222,			0.058
142,	1,	7.0,	89.207,			1.096,			0.106,			0.06
143,	1,	379.0,	89.22,			2.219,			0.285,			0.051
144,	1,	16.0,	89.843,			1.97,			0.237,			0.059
145,	1,	512.0,	90.052,			2.449,			0.182,			0.051
146,	1,	13.0,	91.524,			1.096,			0.158,			0.054
147,	1,	447.0,	91.845,			2.122,			0.28,			0.05
148,	1,	169.0,	92.201,			2.874,			0.169,			0.054
149,	1,	95.0,	92.226,			1.991,			0.27,			0.058
150,	1,	90.0,	92.244,			1.483,			0.218,			0.06
151,	1,	28.0,	92.734,			1.485,			0.146,			0.057
152,	1,	120.0,	93.228,			2.31,			0.118,			0.055
153,	1,	7.0,	93.274,			1.581,			0.28,			0.051
154,	2,	180.0,	93.348,			13.135,			1.463,			0.162
155,	1,	103.0,	94.022,			1.009,			0.269,			0.059
156,	1,	7.0,	94.492,			1.052,			0.202,			0.06
157,	1,	49.0,	94.757,			2.579,			0.192,			0.055
158,	1,	16.0,	94.994,			1.425,			0.177,			0.056
159,	1,	559.0,	95.014,			1.981,			0.136,			0.05
160,	1,	379.0,	95.272,			1.776,			0.12,			0.057
161,	1,	559.0,	95.385,			1.482,			0.161,			0.053
162,	2,	121.0,	95.427,			11.393,			1.458,			0.147
163,	1,	169.0,	95.678,			2.907,			0.217,			0.055
164,	1,	7.0,	95.692,			1.524,			0.192,			0.052
165,	2,	182.0,	96.761,			14.439,			1.356,			0.197
166,	1,	44.0,	96.791,			1.859,			0.281,			0.056
167,	1,	7.0,	96.89,			2.983,			0.29,			0.055
168,	1,	59.0,	96.942,			1.009,			0.147,			0.053
169,	1,	7.0,	96.977,			1.807,			0.22,			0.06
170,	1,	447.0,	97.342,			2.606,			0.131,			0.052
171,	2,	38.0,	97.354,			13.892,			1.499,			0.162
172,	1,	7.0,	97.614,			2.351,			0.233,			0.056
173,	1,	214.0,	97.868,			1.941,			0.223,			0.05
174,	1,	120.0,	97.887,			1.557,			0.116,			0.059
175,	2,	173.0,	98.166,			14.135,			1.115,			0.135
176,	1,	90.0,	98.184,			2.051,			0.112,			0.053
177,	1,	120.0,	98.46,			2.533,			0.136,			0.055
178,	1,	120.0,	98.679,			2.197,			0.138,			0.057
179,	1,	49.0,	99.027,			1.919,			0.182,			0.055
180,	1,	120.0,	99.095,			2.939,			0.228,			0.053
181,	1,	16.0,	99.367,			2.073,			0.253,			0.051
182,	1,	44.0,	99.783,			2.622,			0.262,			0.058
183,	1,	44.0,	100.19,			1.561,			0.254,			0.06
184,	2,	140.0,	100.232,			13.154,			1.178,			0.195
185,	1,	146.0,	100.313,			2.132,			0.124,			0.054
186,	1,	90.0,	100.368,			1.038,			0.122,			0.052
187,	1,	90.0,	100.762,			1.56,			0.279,			0.057
188,	1,	7.0,	100.767,			1.076,			0.218,			0.056
189,	1,	95.0,	100.835,			1.116,			0.216,			0.052
190,	2,	205.0,	101.12,			12.019,			1.3,			0.114
191,	1,	157.0,	101.258,			2.581,			0.29,			0.058
192,	2,	77.0,	101.444,			10.159,			1.214,			0.165
193,	1,	7.0,	101.508,			1.009,			0.104,			0.057
194,	2,	177.0,	101.712,			10.893,			1.324,			0.134
195,	1,	103.0,	101.93,			1.921,			0.121,			0.058
196,	2,	183.0,	102.977,			12.357,			1.43,			0.137
197,	1,	10.0,	103.152,			2.907,			0.222,			0.058
198,	1,	44.0,	103.317,			1.63,			0.244,			0.053
199,	1,	7.0,	103.374,			1.441,			0.263,			0.059
200,	1,	214.0,	103.503,			1.722,			0.107,			0.057
201,	1,	44.0,	103.706,			1.63,			0.229,			0.057
202,	1,	103.0,	103.755,			1.752,			0.299,			0.052
203,	1,	10.0,	103.973,			1.45,			0.292,			0.058
204,	1,	44.0,	104.129,			1.119,			0.187,			0.058
205,	1,	28.0,	104.266,			2.314,			0.249,			0.051
206,	2,	141.0,	104.484,			12.064,			1.089,			0.182
207,	1,	146.0,	104.617,			2.014,			0.284,			0.05
208,	1,	30.0,	104.67,			2.91,			0.27,			0.059
209,	1,	28.0,	104.786,			1.076,			0.136,			0.055
210,	1,	7.0,	105.017,			1.364,			0.249,			0.053
211,	1,	30.0,	105.2,			1.991,			0.228,			0.051
212,	2,	223.0,	105.899,			10.893,			1.306,			0.111
213,	2,	200.0,	105.899,			14.737,			1.367,			0.123
214,	1,	214.0,	105.943,			1.671,			0.247,			0.052
215,	1,	103.0,	106.232,			2.256,			0.199,			0.057
216,	2,	171.0,	106.338,			11.611,			1.029,			0.194
217,	1,	30.0,	106.414,			2.305,			0.24,			0.059
218,	1,	157.0,	106.489,			1.263,			0.121,			0.054
219,	1,	16.0,	106.793,			1.008,			0.273,			0.056
220,	1,	103.0,	107.378,			2.366,			0.279,			0.059
221,	1,	44.0,	107.465,			2.643,			0.292,			0.054
222,	1,	13.0,	107.54,			2.568,			0.149,			0.056
223,	1,	387.0,	107.54,			1.225,			0.256,			0.053
224,	1,	169.0,	107.617,			1.998,			0.14,			0.055
225,	1,	28.0,	107.65,			1.008,			0.29,			0.052
226,	1,	387.0,	107.861,			1.052,			0.215,			0.055
227,	2,	124.0,	107.989,			13.254,			1.077,			0.149
228,	1,	16.0,	108.312,			1.998,			0.174,			0.051
229,	1,	103.0,	108.978,			1.654,			0.282,			0.057
230,	1,	59.0,	109.058,			2.858,			0.13,			0.052
231,	1,	7.0,	109.081,			1.317,			0.161,			0.058
232,	1,	90.0,	109.526,			2.318,			0.12,			0.057
233,	1,	16.0,	109.752,			2.627,			0.158,			0.05
234,	1,	7.0,	109.815,			2.735,			0.238,			0.057
235,	2,	180.0,	109.892,			11.247,			1.086,			0.123
236,	1,	498.0,	110.165,			2.149,			0.152,			0.057
237,	1,	214.0,	110.307,			1.62,			0.2,			0.059
238,	1,	157.0,	110.313,			2.557,			0.21,			0.059
239,	1,	7.0,	110.423,			1.204,			0.116,			0.059
240,	1,	559.0,	110.499,			2.037,			0.135,			0.056
241,	1,	28.0,	110.901,			2.441,			0.208,			0.052
242,	1,	6.0,	110.983,			1.076,			0.29,			0.051
243,	1,	95.0,	111.43,			2.149,			0.222,			0.06
244,	1,	512.0,	111.448,			2.652,			0.175,			0.059
245,	1,	59.0,	111.641,			1.331,			0.268,			0.054
246,	1,	126.0,	111.724,			2.553,			0.268,			0.055
247,	1,	447.0,	112.241,			2.525,			0.252,			0.058
248,	1,	214.0,	112.414,			1.009,			0.12,			0.056
249,	1,	157.0,	112.487,			1.72,			0.299,			0.057
250,	1,	10.0,	112.95,			1.024,			0.154,			0.055
251,	1,	7.0,	113.033,			2.085,			0.14,			0.055
252,	2,	243.0,	113.194,			12.411,			1.214,			0.135
253,	1,	90.0,	113.29,			2.144,			0.279,			0.056
254,	1,	6.0,	113.428,			1.607,			0.109,			0.051
255,	1,	16.0,	114.033,			2.407,			0.261,			0.052
256,	1,	7.0,	114.181,			1.075,			0.275,			0.056
257,	1,	49.0,	114.244,			2.678,			0.178,			0.05
258,	1,	7.0,	114.303,			2.588,			0.123,			0.058
259,	1,	44.0,	114.339,			1.128,			0.198,			0.058
260,	1,	7.0,	115.022,			1.393,			0.173,			0.052
261,	1,	6.0,	115.101,			1.557,			0.152,			0.056
262,	1,	120.0,	115.508,			2.143,			0.29,			0.058
263,	1,	379.0,	115.767,			2.104,			0.255,			0.057
264,	1,	10.0,	115.788,			1.211,			0.288,			0.056
265,	1,	214.0,	115.872,			1.996,			0.251,			0.059
266,	1,	498.0,	115.932,			2.796,			0.238,			0.057
267,	1,	157.0,	116.206,			2.41,			0.237,			0.059
268,	1,	16.0,	116.343,			1.653,			0.192,			0.054
269,	1,	157.0,	116.474,			1.178,			0.26,			0.058
270,	1,	95.0,	116.559,			2.006,			0.288,			0.059
271,	1,	387.0,	116.762,			1.624,			0.186,			0.052
272,	1,	157.0,	117.121,			1.174,			0.29,			0.06
273,	1,	7.0,	117.474,			2.11,			0.23,			0.055
274,	1,	103.0,	117.554,			2.553,			0.221,			0.058
275,	1,	16.0,	117.787,			1.861,			0.222,			0.054
276,	1,	28.0,	117.858,			1.204,			0.177,			0.057
277,	1,	120.0,	117.89,			1.588,			0.118,			0.054
278,	1,	169.0,	118.086,			2.525,			0.283,			0.057
279,	1,	120.0,	118.384,			1.188,			0.23,			0.055
280,	1,	120.0,	118.639,			1.357,			0.156,			0.057
281,	1,	90.0,	118.802,			2.972,			0.203,			0.058
282,	1,	49.0,	119.042,			1.994,			0.13,			0.056
283,	1,	95.0,	119.062,			1.844,			0.263,			0.057
284,	1,	512.0,	119.065,			1.728,			0.133,			0.054
285,	1,	49.0,	119.167,			1.915,			0.228,			0.06
286,	1,	447.0,	119.269,			1.913,			0.131,			0.059
287,	1,	28.0,	119.34,			1.249,			0.241,			0.058
288,	1,	7.0,	119.519,			2.509,			0.208,			0.052
289,	1,	95.0,	119.657,			2.18,			0.225,			0.053
290,	1,	95.0,	119.705,			2.542,			0.235,			0.051
291,	1,	49.0,	119.745,			1.483,			0.158,			0.058
292,	1,	16.0,	119.824,			2.318,			0.103,			0.059
293,	1,	7.0,	119.859,			2.08,			0.262,			0.053
294,	1,	512.0,	120.141,			1.679,			0.246,			0.053
295,	1,	559.0,	120.365,			2.864,			0.137,			0.05
296,	1,	447.0,	120.435,			2.635,			0.244,			0.052
297,	1,	6.0,	120.449,			1.467,			0.138,			0.058
298,	1,	447.0,	120.735,			2.038,			0.184,			0.054
299,	1,	6.0,	120.91,			1.998,			0.22,			0.056
300,	1,	28.0,	121.244,			1.031,			0.288,			0.058
301,	1,	16.0,	121.355,			1.322,			0.202,			0.052
302,	2,	157.0,	121.417,			12.406,			1.202,			0.177
303,	1,	146.0,	121.483,			2.69,			0.195,			0.051
304,	1,	7.0,	121.591,			1.028,			0.221,			0.053
305,	1,	146.0,	121.989,			2.068,			0.139,			0.055
306,	1,	90.0,	122.033,			1.669,			0.202,			0.054
307,	1,	120.0,	122.121,			1.243,			0.134,			0.06
308,	1,	447.0,	122.275,			1.491,			0.212,			0.06
309,	1,	120.0,	122.869,			2.273,			0.189,			0.054
310,	1,	7.0,	122.889,			1.104,			0.225,			0.051
311,	1,	44.0,	122.992,			2.52,			0.151,			0.053
312,	1,	387.0,	123.038,			1.571,			0.279,			0.057
313,	1,	512.0,	123.106,			1.589,			0.29,			0.05
314,	1,	146.0,	123.191,			2.681,			0.18,			0.057
315,	1,	559.0,	123.261,			2.772,			0.234,			0.054
316,	1,	7.0,	123.346,			1.004,			0.284,			0.055
317,	1,	44.0,	123.368,			2.91,			0.167,			0.059
318,	1,	387.0,	123.401,			2.414,			0.207,			0.051
319,	1,	447.0,	123.412,			2.697,			0.209,			0.056
320,	1,	103.0,	123.42,			1.701,			0.207,			0.058
321,	1,	559.0,	123.541,			2.038,			0.195,			0.059
322,	2,	251.0,	123.56,			12.635,			1.293,			0.2
323,	1,	512.0,	123.566,			2.795,			0.258,			0.055
324,	1,	10.0,	123.609,			1.07,			0.221,			0.054
325,	1,	126.0,	123.885,			1.749,			0.142,			0.058
326,	1,	6.0,	124.032,			1.965,			0.118,			0.05
327,	1,	49.0,	124.294,			1.613,			0.146,			0.053
328,	1,	16.0,	124.368,			2.776,			0.171,			0.053
329,	1,	103.0,	124.39,			1.431,			0.144,			0.059
330,	1,	44.0,	124.435,			1.108,			0.175,			0.052
331,	1,	7.0,	124.449,			1.532,			0.293,			0.059
332,	1,	146.0,	124.521,			2.827,			0.159,			0.057
333,	1,	7.0,	124.524,			2.598,			0.108,			0.059
334,	1,	95.0,	124.73,			2.088,			0.265,			0.051
335,	1,	447.0,	124.743,			1.811,			0.214,			0.056
336,	1,	169.0,	124.857,			1.229,			0.222,			0.054
337,	1,	49.0,	125.696,			2.034,			0.189,			0.057
338,	2,	198.0,	125.728,			11.433,			1.457,			0.187
339,	1,	157.0,	125.82,			1.092,			0.211,			0.053
340,	1,	379.0,	125.853,			2.398,			0.133,			0.053
341,	2,	87.0,	126.024,			10.204,			1.162,			0.192
342,	1,	379.0,	126.047,			1.009,			0.139,			0.055
343,	1,	214.0,	126.293,			1.571,			0.228,			0.06
344,	2,	117.0,	126.388,			12.569,			1.169,			0.168
345,	1,	559.0,	126.827,			1.99,			0.112,			0.051
346,	1,	13.0,	126.892,			2.293,			0.226,			0.053
347,	1,	169.0,	126.941,			2.866,			0.259,			0.057
348,	1,	13.0,	127.161,			1.879,			0.136,			0.05
349,	1,	146.0,	127.198,			2.636,			0.297,			0.053
350,	1,	169.0,	127.203,			1.009,			0.118,			0.056
351,	1,	447.0,	127.56,			1.645,			0.113,			0.055
352,	1,	30.0,	127.698,			1.985,			0.296,			0.051
353,	1,	30.0,	127.897,			1.478,			0.125,			0.052
354,	1,	498.0,	128.001,			1.651,			0.184,			0.06
355,	1,	44.0,	128.252,			2.479,			0.221,			0.06
356,	1,	28.0,	128.277,			1.672,			0.154,			0.056
357,	1,	214.0,	128.346,			1.639,			0.121,			0.059
358,	1,	10.0,	128.378,			2.601,			0.148,			0.055
359,	1,	7.0,	128.515,			2.544,			0.283,			0.051
360,	1,	10.0,	128.568,			2.865,			0.184,			0.06
361,	1,	44.0,	128.682,			1.749,			0.23,			0.056
362,	1,	90.0,	128.866,			2.302,			0.122,			0.054
363,	1,	7.0,	129.136,			2.08,			0.124,			0.054
364,	1,	7.0,	129.288,			1.729,			0.215,			0.051
365,	1,	146.0,	129.347,			1.266,			0.147,			0.056
366,	1,	379.0,	129.402,			1.314,			0.151,			0.058
367,	1,	120.0,	129.648,			2.364,			0.267,			0.056
368,	2,	197.0,	129.717,			10.286,			1.075,			0.166
369,	1,	387.0,	129.726,			1.605,			0.284,			0.057
370,	2,	296.0,	129.84,			13.193,			1.437,			0.132
371,	1,	126.0,	129.96,			1.609,			0.139,			0.052
372,	2,	111.0,	130.166,			11.73,			1.088,			0.169
373,	1,	7.0,	130.179,			2.055,			0.282,			0.055
374,	1,	6.0,	130.183,			2.602,			0.185,			0.051
375,	1,	157.0,	130.555,			2.19,			0.199,			0.056
376,	1,	559.0,	130.784,			1.296,			0.218,			0.053
377,	1,	169.0,	130.887,			1.204,			0.299,			0.057
378,	1,	90.0,	131.111,			2.866,			0.146,			0.052
379,	1,	146.0,	131.654,			1.826,			0.173,			0.051
380,	1,	214.0,	131.799,			2.703,			0.261,			0.057
381,	2,	101.0,	132.361,			12.275,			1.264,			0.13
382,	1,	44.0,	132.389,			1.807,			0.176,			0.058
383,	1,	44.0,	132.588,			1.435,			0.263,			0.057
384,	1,	126.0,	132.754,			2.273,			0.161,			0.054
385,	1,	16.0,	132.821,			1.213,			0.206,			0.056
386,	1,	7.0,	132.867,			2.896,			0.124,			0.058
387,	1,	30.0,	132.926,			2.33,			0.288,			0.057
388,	1,	44.0,	133.068,			2.08,			0.237,			0.057
389,	2,	315.0,	133.35,			13.476,			1.301,			0.125
390,	1,	6.0,	133.469,			1.523,			0.2,			0.053
391,	1,	6.0,	133.571,			2.055,			0.109,			0.057
392,	1,	16.0,	133.919,			2.685,			0.215,			0.058
393,	1,	6.0,	134.017,			1.169,			0.221,			0.053
394,	1,	6.0,	134.123,			2.581,			0.117,			0.057
395,	1,	7.0,	134.172,			1.111,			0.116,			0.054
396,	1,	7.0,	134.32,			2.296,			0.294,			0.054
397,	1,	49.0,	134.863,			2.725,			0.215,			0.059
398,	2,	100.0,	134.868,			13.669,			1.389,			0.128
399,	1,	30.0,	135.071,			1.844,			0.184,			0.056
400,	1,	30.0,	135.419,			1.398,			0.249,			0.053
401,	1,	379.0,	135.657,			1.835,			0.165,			0.054
402,	1,	44.0,	135.744,			1.403,			0.124,			0.059
403,	2,	111.0,	135.79,			11.3,			1.036,			0.137
404,	1,	512.0,	135.951,			2.388,			0.199,			0.057
405,	1,	7.0,	135.955,			2.414,			0.222,			0.06
406,	1,	28.0,	136.085,			2.305,			0.281,			0.057
407,	1,	90.0,	136.113,			2.393,			0.174,			0.057
408,	1,	103.0,	136.268,			1.907,			0.12,			0.05
409,	1,	512.0,	136.962,			1.293,			0.218,			0.06
410,	2,	143.0,	136.987,			12.301,			1.066,			0.129
411,	1,	7.0,	137.072,			1.513,			0.282,			0.059
412,	1,	559.0,	137.558,			1.232,			0.182,			0.057
413,	1,	103.0,	137.624,			1.883,			0.114,			0.05
414,	1,	30.0,	138.236,			1.733,			0.221,			0.057
415,	1,	447.0,	138.411,			2.522,			0.184,			0.052
416,	1,	6.0,	138.425,			2.525,			0.269,			0.051
417,	1,	44.0,	138.468,			2.9,			0.114,			0.053
418,	1,	387.0,	138.516,			2.819,			0.166,			0.055
419,	1,	90.0,	138.607,			2.858,			0.129,			0.058
420,	1,	44.0,	138.661,			1.868,			0.101,			0.058
421,	1,	157.0,	138.75,			1.848,			0.277,			0.052
422,	2,	103.0,	138.885,			14.05,			1.455,			0.124
423,	1,	379.0,	138.965,			1.358,			0.172,			0.051
424,	2,	158.0,	139.254,			10.316,			1.175,			0.113
425,	1,	30.0,	139.612,			1.263,			0.13,			0.058
426,	1,	7.0,	139.616,			2.479,			0.142,			0.053
427,	1,	7.0,	139.645,			1.581,			0.166,			0.052
428,	1,	44.0,	139.872,			1.478,			0.221,			0.059
429,	1,	126.0,	139.996,			2.26,			0.208,			0.058
430,	1,	6.0,	140.451,			1.035,			0.222,			0.059
431,	1,	7.0,	140.618,			1.076,			0.177,			0.059
432,	1,	120.0,	140.804,			1.75,			0.189,			0.058
433,	1,	157.0,	141.047,			2.346,			0.123,			0.059
434,	1,	146.0,	141.059,			1.005,			0.231,			0.052
435,	1,	44.0,	141.13,			2.176,			0.15,			0.053
436,	2,	142.0,	141.194,			12.902,			1.179,			0.137
437,	1,	379.0,	141.417,			1.126,			0.167,			0.051
438,	1,	7.0,	141.454,			1.168,			0.219,			0.054
439,	1,	95.0,	141.462,			2.686,			0.299,			0.055
440,	1,	30.0,	141.464,			1.398,			0.186,			0.057
441,	1,	30.0,	141.558,			2.424,			0.29,			0.05
442,	1,	447.0,	141.63,			1.455,			0.192,			0.057
443,	2,	75.0,	141.665,			12.328,			1.433,			0.15
444,	1,	387.0,	141.897,			1.243,			0.239,			0.056
445,	1,	157.0,	142.24,			1.561,			0.109,			0.052
446,	1,	30.0,	142.3,			2.832,			0.203,			0.058
447,	1,	6.0,	142.525,			1.076,			0.272,			0.056
448,	1,	126.0,	142.835,			1.383,			0.222,			0.059
449,	1,	16.0,	143.055,			1.031,			0.219,			0.057
450,	1,	7.0,	143.286,			2.193,			0.157,			0.058
451,	1,	7.0,	143.51,			1.395,			0.177,			0.054
452,	1,	7.0,	143.586,			1.869,			0.192,			0.055
453,	1,	10.0,	143.602,			1.155,			0.231,			0.057
454,	1,	44.0,	143.816,			1.969,			0.218,			0.05
455,	2,	118.0,	143.904,			13.651,			1.456,			0.199
456,	1,	16.0,	144.331,			2.457,			0.215,			0.052
457,	2,	75.0,	144.596,			12.271,			1.388,			0.125
458,	1,	7.0,	144.622,			2.659,			0.206,			0.052
459,	1,	10.0,	144.861,			2.872,			0.134,			0.054
460,	1,	512.0,	144.9,			2.612,			0.266,			0.06
461,	2,	227.0,	144.924,			10.702,			1.207,			0.15
462,	1,	44.0,	145.14,			1.467,			0.139,			0.052
463,	1,	169.0,	145.433,			2.153,			0.22,			0.055
464,	2,	133.0,	145.566,			14.087,			1.461,			0.139
465,	1,	6.0,	145.697,			2.249,			0.256,			0.055
466,	1,	214.0,	145.826,			2.316,			0.284,			0.058
467,	1,	379.0,	145.978,			2.588,			0.231,			0.058
468,	1,	7.0,	145.997,			2.19,			0.12,			0.051
469,	1,	498.0,	146.357,			2.797,			0.183,			0.058
470,	1,	44.0,	146.494,			1.582,			0.164,			0.058
471,	2,	170.0,	146.829,			13.92,			1.154,			0.119
472,	1,	214.0,	146.949,			1.433,			0.175,			0.059
473,	1,	13.0,	147.514,			2.299,			0.139,			0.057
474,	1,	90.0,	147.804,			1.515,			0.247,			0.051
475,	1,	7.0,	148.326,			1.008,			0.189,			0.053
476,	1,	498.0,	148.328,			1.394,			0.135,			0.054
477,	1,	103.0,	148.332,			2.497,			0.267,			0.053
478,	1,	169.0,	148.451,			1.028,			0.281,			0.052
479,	1,	90.0,	148.754,			2.158,			0.129,			0.054
480,	2,	256.0,	148.904,			14.268,			1.262,			0.117
481,	1,	146.0,	148.939,			1.307,			0.121,			0.052
482,	1,	44.0,	148.96,			2.548,			0.291,			0.051
483,	1,	387.0,	149.147,			1.671,			0.283,			0.055
484,	1,	387.0,	149.159,			2.675,			0.136,			0.054
485,	1,	146.0,	149.44,			2.555,			0.279,			0.053
486,	2,	108.0,	149.446,			11.229,			1.303,			0.124
487,	1,	44.0,	149.778,			1.114,			0.277,			0.057
488,	1,	90.0,	150.106,			1.731,			0.297,			0.052
489,	1,	6.0,	150.125,			1.296,			0.105,			0.06
490,	1,	95.0,	150.533,			1.857,			0.114,			0.059
491,	1,	126.0,	150.548,			2.673,			0.215,			0.055
492,	1,	103.0,	150.549,			1.988,			0.255,			0.052
493,	1,	120.0,	150.563,			1.204,			0.181,			0.052
494,	2,	228.0,	150.703,			13.587,			1.416,			0.177
495,	1,	120.0,	150.739,			1.929,			0.131,			0.05
496,	1,	7.0,	150.962,			1.566,			0.107,			0.056
497,	1,	103.0,	151.071,			2.926,			0.139,			0.057
498,	1,	90.0,	151.12,			1.825,			0.277,			0.053
499,	1,	126.0,	151.183,			2.149,			0.206,			0.052
500,	1,	7.0,	151.524,			2.284,			0.114,			0.056
501,	1,	120.0,	151.675,			2.143,			0.203,			0.058
502,	1,	120.0,	152.03,			1.671,			0.111,			0.05
503,	1,	28.0,	152.114,			2.509,			0.259,			0.059
504,	1,	103.0,	152.334,			2.798,			0.177,			0.055
505,	1,	7.0,	152.44,			2.653,			0.273,			0.05
506,	1,	59.0,	152.44,			2.296,			0.101,			0.054
507,	1,	13.0,	152.634,			1.367,			0.166,			0.051
508,	1,	512.0,	152.867,			1.108,			0.123,			0.051
509,	1,	146.0,	152.943,			2.632,			0.2,			0.053
510,	1,	16.0,	152.985,			1.303,			0.116,			0.057
511,	1,	95.0,	152.994,			2.99,			0.241,			0.056
512,	1,	146.0,	153.056,			1.67,			0.221,			0.051
513,	1,	512.0,	153.212,			2.276,			0.158,			0.055
514,	1,	387.0,	153.421,			1.941,			0.255,			0.052
515,	1,	90.0,	153.588,			2.418,			0.239,			0.052
516,	2,	126.0,	153.994,			13.874,			1.497,			0.156
517,	1,	498.0,	154.021,			1.01,			0.22,			0.054
518,	1,	30.0,	154.091,			1.807,			0.249,			0.057
519,	1,	169.0,	154.291,			2.284,			0.231,			0.05
520,	1,	120.0,	154.302,			1.748,			0.177,			0.053
521,	1,	498.0,	154.382,			2.643,			0.298,			0.059
522,	1,	13.0,	154.445,			2.795,			0.137,			0.052
523,	2,	116.0,	154.515,			14.658,			1.12,			0.14
524,	2,	117.0,	154.518,			14.513,			1.456,			0.175
525,	1,	10.0,	155.16,			2.645,			0.151,			0.052
526,	1,	447.0,	155.207,			2.157,			0.216,			0.059
527,	1,	7.0,	155.222,			2.027,			0.204,			0.055
528,	1,	10.0,	155.239,			2.976,			0.233,			0.054
529,	1,	387.0,	155.326,			2.2,			0.279,			0.054
530,	1,	30.0,	155.334,			1.086,			0.228,			0.05
531,	1,	120.0,	155.508,			2.459,			0.101,			0.053
532,	1,	59.0,	155.626,			2.542,			0.1,			0.057
533,	1,	95.0,	155.708,			2.149,			0.299,			0.054
534,	1,	169.0,	155.731,			2.323,			0.214,			0.055
535,	1,	7.0,	155.989,			1.362,			0.113,			0.057
536,	1,	146.0,	156.101,			1.702,			0.284,			0.054
537,	1,	120.0,	156.155,			1.625,			0.15,			0.059
538,	1,	447.0,	156.182,			1.909,			0.109,			0.053
539,	1,	95.0,	156.664,			2.418,			0.117,			0.057
540,	1,	7.0,	156.682,			2.063,			0.298,			0.05
541,	1,	157.0,	156.797,			2.524,			0.148,			0.059
542,	1,	157.0,	156.87,			1.07,			0.194,			0.056
543,	1,	7.0,	157.11,			1.128,			0.268,			0.05
544,	1,	387.0,	157.254,			1.822,			0.297,			0.054
545,	2,	356.0,	157.284,			11.387,			1.319,			0.173
546,	1,	498.0,	157.347,			2.705,			0.251,			0.053
547,	1,	157.0,	157.352,			1.425,			0.133,			0.052
548,	1,	6.0,	157.407,			2.326,			0.204,			0.056
549,	1,	214.0,	157.597,			2.286,			0.258,			0.05
550,	1,	28.0,	157.832,			1.111,			0.233,			0.057
551,	1,	146.0,	157.857,			1.104,			0.288,			0.053
552,	1,	103.0,	158.217,			1.814,			0.13,			0.053
553,	1,	59.0,	158.288,			1.353,			0.134,			0.059
554,	1,	30.0,	158.384,			2.661,			0.288,			0.051
555,	1,	169.0,	158.612,			2.813,			0.162,			0.053
556,	1,	387.0,	158.667,			1.424,			0.223,			0.058
557,	1,	28.0,	158.788,			1.587,			0.194,			0.052
558,	1,	214.0,	158.849,			1.525,			0.177,			0.055
559,	1,	498.0,	158.915,			2.454,			0.12,			0.051
560,	1,	16.0,	158.932,			2.299,			0.146,			0.053
561,	1,	214.0,	159.056,			2.238,			0.12,			0.054
562,	1,	44.0,	159.617,			1.317,			0.225,			0.06
563,	1,	7.0,	159.714,			2.414,			0.15,			0.055
564,	1,	169.0,	159.989,			1.296,			0.151,			0.057
565,	1,	6.0,	160.003,			1.929,			0.283,			0.052
566,	1,	103.0,	160.608,			1.4,			0.182,			0.056
567,	1,	559.0,	160.657,			2.26,			0.266,			0.054
568,	1,	28.0,	160.762,			1.372,			0.162,			0.057
569,	1,	447.0,	160.849,			2.244,			0.264,			0.052
570,	1,	7.0,	160.851,			2.268,			0.172,			0.059
571,	1,	7.0,	161.105,			1.774,			0.214,			0.051
572,	1,	169.0,	161.359,			2.303,			0.121,			0.06
573,	1,	16.0,	161.413,			1.825,			0.203,			0.055
574,	1,	126.0,	161.513,			2.446,			0.241,			0.058
575,	1,	7.0,	161.563,			1.494,			0.161,			0.054
576,	1,	7.0,	161.565,			2.947,			0.168,			0.056
577,	1,	379.0,	161.811,			2.037,			0.288,			0.056
578,	2,	333.0,	161.867,			11.722,			1.223,			0.105
579,	1,	28.0,	162.54,			2.056,			0.27,			0.057
580,	2,	314.0,	162.69,			11.3,			1.363,			0.107
581,	1,	44.0,	162.81,			2.9,			0.13,			0.051
582,	1,	214.0,	162.848,			1.358,			0.152,			0.06
583,	1,	387.0,	163.019,			1.591,			0.135,			0.059
584,	1,	7.0,	163.121,			1.64,			0.136,			0.055
585,	1,	6.0,	163.289,			2.006,			0.16,			0.055
586,	1,	379.0,	163.312,			1.733,			0.178,			0.05
587,	1,	30.0,	163.314,			1.541,			0.257,			0.057
588,	2,	240.0,	163.709,			14.918,			1.483,			0.117
589,	1,	10.0,	163.725,			2.11,			0.231,			0.051
590,	1,	126.0,	164.385,			2.819,			0.229,			0.051
591,	1,	120.0,	164.41,			2.279,			0.238,			0.054
592,	1,	28.0,	164.664,			2.8,			0.166,			0.057
593,	1,	447.0,	164.915,			2.2,			0.162,			0.053
594,	1,	447.0,	164.931,			2.735,			0.182,			0.052
595,	1,	120.0,	165.136,			1.663,			0.254,			0.058
596,	1,	10.0,	165.343,			1.105,			0.26,			0.057
597,	1,	379.0,	165.457,			2.425,			0.202,			0.05
598,	1,	387.0,	165.594,			1.481,			0.121,			0.051
599,	1,	103.0,	165.603,			2.047,			0.157,			0.055
600,	1,	90.0,	165.853,			2.596,			0.295,			0.055
601,	1,	559.0,	165.873,			2.358,			0.13,			0.06
602,	1,	7.0,	166.081,			1.64,			0.172,			0.054
603,	1,	10.0,	166.145,			1.662,			0.17,			0.051
604,	2,	150.0,	166.145,			14.958,			1.099,			0.186
605,	1,	7.0,	166.317,			1.364,			0.177,			0.054
606,	1,	120.0,	166.324,			2.33,			0.217,			0.054
607,	1,	157.0,	166.395,			2.901,			0.3,			0.05
608,	1,	7.0,	166.448,			2.358,			0.168,			0.054
609,	2,	89.0,	166.491,			12.329,			1.198,			0.111
610,	1,	30.0,	166.703,			2.765,			0.164,			0.053
611,	1,	103.0,	166.726,			2.316,			0.267,			0.058
612,	1,	146.0,	167.011,			1.61,			0.133,			0.057
613,	1,	49.0,	167.178,			2.888,			0.275,			0.054
614,	1,	157.0,	167.178,			1.191,			0.261,			0.057
615,	1,	120.0,	167.284,			1.091,			0.111,			0.052
616,	1,	7.0,	167.822,			2.449,			0.124,			0.057
617,	1,	59.0,	168.452,			1.69,			0.128,			0.052
618,	1,	30.0,	168.502,			2.983,			0.202,			0.051
619,	1,	447.0,	168.741,			1.766,			0.135,			0.054
620,	1,	6.0,	168.796,			2.489,			0.289,			0.052
621,	1,	379.0,	168.874,			1.539,			0.106,			0.059
622,	2,	190.0,	168.966,			12.503,			1.367,			0.131
623,	1,	7.0,	168.998,			1.371,			0.135,			0.05
624,	1,	6.0,	169.007,			2.632,			0.275,			0.06
625,	1,	157.0,	169.058,			2.241,			0.25,			0.055
626,	1,	28.0,	169.073,			1.595,			0.282,			0.059
627,	1,	90.0,	169.176,			2.916,			0.185,			0.052
628,	1,	214.0,	169.33,			2.412,			0.253,			0.055
629,	1,	7.0,	169.392,			2.232,			0.136,			0.052
630,	1,	214.0,	169.856,			2.779,			0.185,			0.059
631,	1,	447.0,	170.122,			2.303,			0.251,			0.055
632,	1,	59.0,	170.194,			1.358,			0.25,			0.057
633,	1,	157.0,	170.354,			2.858,			0.168,			0.057
634,	1,	7.0,	170.579,			1.742,			0.172,			0.059
635,	1,	10.0,	170.594,			2.88,			0.226,			0.053
636,	1,	447.0,	170.636,			2.167,			0.235,			0.054
637,	1,	379.0,	170.937,			2.398,			0.149,			0.052
638,	1,	126.0,	171.115,			1.681,			0.121,			0.053
639,	1,	146.0,	171.132,			1.67,			0.161,			0.051
640,	1,	512.0,	171.226,			1.883,			0.16,			0.06
641,	1,	126.0,	171.268,			1.428,			0.224,			0.056
642,	1,	120.0,	171.28,			1.386,			0.289,			0.051
643,	1,	103.0,	171.608,			1.433,			0.206,			0.059
644,	1,	379.0,	172.119,			1.76,			0.281,			0.051
645,	1,	146.0,	172.494,			2.717,			0.113,			0.057
646,	2,	135.0,	172.593,			13.439,			1.347,			0.169
647,	1,	146.0,	172.659,			1.757,			0.203,			0.05
648,	1,	49.0,	172.791,			1.875,			0.253,			0.051
649,	1,	6.0,	172.799,			2.237,			0.145,			0.053
650,	1,	7.0,	172.814,			1.69,			0.206,			0.05
651,	1,	90.0,	172.95,			2.173,			0.242,			0.051
652,	1,	7.0,	172.96,			1.478,			0.156,			0.056
653,	1,	44.0,	173.008,			2.377,			0.186,			0.058
654,	1,	447.0,	173.068,			2.765,			0.233,			0.057
655,	1,	44.0,	173.105,			1.331,			0.27,			0.051
656,	1,	103.0,	173.604,			1.729,			0.183,			0.053
657,	1,	498.0,	173.923,			2.318,			0.21,			0.056
658,	2,	53.0,	174.014,			10.526,			1.356,			0.107
659,	1,	498.0,	174.369,			2.697,			0.279,			0.053
660,	2,	197.0,	174.416,			11.587,			1.443,			0.119
661,	1,	6.0,	174.488,			1.047,			0.184,			0.059
662,	2,	42.0,	174.572,			13.911,			1.421,			0.195
663,	1,	120.0,	174.735,			2.298,			0.217,			0.051
664,	2,	130.0,	174.854,			10.461,			1.425,			0.193
665,	1,	13.0,	174.889,			1.86,			0.138,			0.052
666,	1,	7.0,	174.906,			2.144,			0.247,			0.052
667,	1,	498.0,	175.064,			1.05,			0.164,			0.053
668,	1,	59.0,	175.093,			2.278,			0.105,			0.053
669,	1,	49.0,	175.341,			1.924,			0.143,			0.056
670,	1,	28.0,	175.676,			2.298,			0.15,			0.053
671,	1,	169.0,	175.732,			1.776,			0.235,			0.054
672,	1,	157.0,	175.813,			1.173,			0.12,			0.051
673,	1,	28.0,	175.919,			1.213,			0.249,			0.055
674,	1,	49.0,	176.044,			2.991,			0.237,			0.06
675,	1,	13.0,	176.124,			2.379,			0.142,			0.057
676,	1,	387.0,	176.182,			2.763,			0.246,			0.058
677,	1,	90.0,	176.521,			2.492,			0.28,			0.051
678,	1,	120.0,	176.737,			2.96,			0.278,			0.05
679,	1,	559.0,	176.78,			1.755,			0.109,			0.053
680,	1,	387.0,	176.797,			1.095,			0.102,			0.054
681,	1,	6.0,	176.842,			1.106,			0.267,			0.053
682,	1,	44.0,	176.896,			1.293,			0.114,			0.055
683,	1,	7.0,	177.079,			1.423,			0.147,			0.054
684,	1,	169.0,	177.129,			1.769,			0.251,			0.056
685,	1,	447.0,	177.423,			2.193,			0.116,			0.057
686,	1,	559.0,	177.824,			1.985,			0.159,			0.057
687,	1,	90.0,	178.437,			2.14,			0.175,			0.056
688,	1,	103.0,	178.855,			1.314,			0.263,			0.056
689,	1,	157.0,	178.988,			1.591,			0.23,			0.051
690,	2,	237.0,	178.996,			10.159,			1.008,			0.138
691,	1,	379.0,	179.083,			2.316,			0.232,			0.053
692,	1,	387.0,	179.336,			1.395,			0.119,			0.051
693,	1,	49.0,	179.361,			1.303,			0.205,			0.06
694,	1,	30.0,	179.633,			1.158,			0.167,			0.058
695,	1,	7.0,	179.683,			1.515,			0.21,			0.054
696,	1,	6.0,	179.701,			1.293,			0.124,			0.06
697,	1,	44.0,	180.082,			2.173,			0.167,			0.057
698,	1,	7.0,	180.34,			2.427,			0.131,			0.06
699,	1,	214.0,	180.598,			2.031,			0.293,			0.055
700,	2,	47.0,	180.773,			11.622,			1.195,			0.104
701,	1,	559.0,	180.82,			1.083,			0.21,			0.056
702,	1,	6.0,	181.025,			2.038,			0.126,			0.053
703,	1,	387.0,	181.065,			2.701,			0.277,			0.053
704,	1,	512.0,	181.33,			1.155,			0.182,			0.052
705,	1,	44.0,	181.418,			1.029,			0.213,			0.054
706,	1,	30.0,	181.439,			1.756,			0.168,			0.053
707,	1,	30.0,	181.489,			1.672,			0.152,			0.052
708,	1,	126.0,	181.498,			2.984,			0.169,			0.052
709,	1,	146.0,	181.537,			1.146,			0.273,			0.056
710,	1,	146.0,	181.629,			1.009,			0.272,			0.055
711,	1,	7.0,	181.655,			1.277,			0.106,			0.054
712,	1,	379.0,	181.687,			1.972,			0.154,			0.053
713,	1,	95.0,	181.794,			2.057,			0.23,			0.055
714,	1,	28.0,	181.926,			1.682,			0.236,			0.06
715,	1,	157.0,	182.158,			1.927,			0.21,			0.052
716,	1,	59.0,	182.529,			1.203,			0.205,			0.051
717,	1,	6.0,	182.549,			2.324,			0.299,			0.057
718,	1,	512.0,	182.814,			1.591,			0.132,			0.057
719,	1,	28.0,	182.881,			1.597,			0.141,			0.059
720,	2,	278.0,	183.2,			11.459,			1.077,			0.172
721,	1,	7.0,	183.244,			1.791,			0.108,			0.06
722,	2,	257.0,	183.629,			11.229,			1.229,			0.188
723,	1,	498.0,	183.791,			2.622,			0.135,			0.057
724,	1,	146.0,	184.104,			2.661,			0.124,			0.056
725,	1,	498.0,	184.215,			1.61,			0.2,			0.053
726,	2,	148.0,	184.266,			10.808,			1.216,			0.133
727,	1,	387.0,	184.368,			2.554,			0.147,			0.053
728,	1,	49.0,	184.556,			2.872,			0.165,			0.06
729,	1,	13.0,	184.584,			2.726,			0.135,			0.056
730,	1,	379.0,	184.853,			2.711,			0.297,			0.059
731,	1,	7.0,	185.112,			1.596,			0.114,			0.053
732,	1,	157.0,	185.25,			2.031,			0.146,			0.053
733,	1,	95.0,	185.628,			2.637,			0.191,			0.053
734,	1,	6.0,	185.874,			2.914,			0.146,			0.054
735,	1,	6.0,	185.945,			2.874,			0.222,			0.052
736,	1,	95.0,	185.957,			1.516,			0.184,			0.052
737,	1,	157.0,	186.631,			2.398,			0.116,			0.05
738,	1,	7.0,	187.124,			2.686,			0.292,			0.053
739,	2,	90.0,	187.217,			11.971,			1.009,			0.143
740,	1,	146.0,	187.236,			1.681,			0.131,			0.059
741,	1,	103.0,	187.245,			2.847,			0.267,			0.054
742,	1,	6.0,	187.645,			1.816,			0.272,			0.05
743,	1,	49.0,	188.021,			1.362,			0.168,			0.056
744,	1,	214.0,	188.204,			1.524,			0.104,			0.052
745,	1,	7.0,	188.362,			1.25,			0.103,			0.051
746,	2,	184.0,	188.403,			12.152,			1.202,			0.111
747,	1,	126.0,	188.906,			2.544,			0.243,			0.052
748,	2,	74.0,	188.907,			11.793,			1.036,			0.162
749,	1,	7.0,	189.151,			1.164,			0.134,			0.06
750,	1,	49.0,	189.298,			1.269,			0.282,			0.053
751,	1,	6.0,	189.564,			1.766,			0.267,			0.057
752,	2,	152.0,	189.706,			13.596,			1.119,			0.185
753,	1,	7.0,	189.783,			2.8,			0.125,			0.059
754,	1,	126.0,	190.27,			1.663,			0.292,			0.054
755,	1,	6.0,	190.281,			1.766,			0.244,			0.058
756,	1,	6.0,	190.338,			2.903,			0.176,			0.056
757,	2,	171.0,	190.37,			12.569,			1.086,			0.194
758,	1,	7.0,	190.389,			1.643,			0.222,			0.051
759,	1,	146.0,	190.62,			1.784,			0.193,			0.056
760,	2,	238.0,	190.629,			11.583,			1.4,			0.176
761,	1,	214.0,	190.949,			1.801,			0.251,			0.055
762,	1,	126.0,	191.21,			2.847,			0.299,			0.059
763,	1,	44.0,	191.278,			1.883,			0.22,			0.058
764,	1,	6.0,	191.407,			1.45,			0.279,			0.053
765,	1,	126.0,	191.511,			1.23,			0.266,			0.052
766,	1,	512.0,	191.722,			2.827,			0.297,			0.05
767,	1,	387.0,	191.895,			1.004,			0.284,			0.055
768,	1,	16.0,	192.022,			2.414,			0.262,			0.058
769,	1,	103.0,	192.204,			1.155,			0.184,			0.052
770,	1,	512.0,	192.28,			2.487,			0.29,			0.055
771,	1,	387.0,	192.513,			2.114,			0.26,			0.057
772,	1,	95.0,	192.602,			2.393,			0.277,			0.06
773,	1,	6.0,	192.626,			1.424,			0.209,			0.06
774,	2,	87.0,	192.811,			14.067,			1.409,			0.102
775,	1,	13.0,	192.871,			1.119,			0.296,			0.053
776,	1,	103.0,	192.896,			1.425,			0.147,			0.056
777,	2,	88.0,	192.988,			11.915,			1.315,			0.2
778,	1,	126.0,	193.061,			2.852,			0.28,			0.059
779,	2,	73.0,	193.378,			13.316,			1.07,			0.182
780,	1,	44.0,	193.789,			2.03,			0.134,			0.05
781,	1,	49.0,	193.801,			1.464,			0.11,			0.058
782,	1,	169.0,	193.888,			2.957,			0.195,			0.058
783,	1,	120.0,	193.992,			2.034,			0.279,			0.056
784,	1,	214.0,	194.186,			2.09,			0.184,			0.051
785,	1,	379.0,	194.259,			1.786,			0.198,			0.055
786,	1,	103.0,	194.732,			1.172,			0.298,			0.055
787,	1,	7.0,	194.899,			2.973,			0.166,			0.057
788,	1,	146.0,	195.094,			1.009,			0.221,			0.059
789,	1,	30.0,	195.135,			2.256,			0.163,			0.054
790,	1,	214.0,	195.228,			1.411,			0.135,			0.059
791,	1,	7.0,	195.466,			2.673,			0.208,			0.052
792,	1,	512.0,	195.62,			2.846,			0.129,			0.058
793,	1,	379.0,	195.781,			1.277,			0.154,			0.054
794,	1,	49.0,	196.005,			1.226,			0.137,			0.053
795,	1,	7.0,	196.39,			2.467,			0.2,			0.051
796,	1,	95.0,	196.502,			2.487,			0.133,			0.052
797,	1,	512.0,	196.574,			1.968,			0.22,			0.059
798,	1,	6.0,	196.688,			2.545,			0.193,			0.059
799,	1,	512.0,	196.798,			1.106,			0.187,			0.057
800,	2,	334.0,	198.147,			12.615,			1.259,			0.174
801,	1,	126.0,	198.158,			2.284,			0.234,			0.058
802,	1,	95.0,	198.381,			2.284,			0.114,			0.052
803,	1,	120.0,	198.483,			1.59,			0.281,			0.059
804,	2,	290.0,	198.518,			13.476,			1.233,			0.197
805,	1,	214.0,	198.607,			1.478,			0.279,			0.054
806,	1,	103.0,	198.919,			1.672,			0.288,			0.056
807,	1,	49.0,	198.992,			2.454,			0.161,			0.059
808,	1,	169.0,	199.517,			2.765,			0.2,			0.059
809,	1,	44.0,	199.595,			2.509,			0.156,			0.055
810,	1,	28.0,	199.635,			1.164,			0.131,			0.052
811,	1,	169.0,	199.863,			2.91,			0.281,			0.051
812,	1,	379.0,	200.0,			1.372,			0.212,			0.06
813,	1,	44.0,	200.164,			2.69,			0.285,			0.056
814,	1,	120.0,	200.213,			2.381,			0.149,			0.059
815,	1,	10.0,	200.264,			1.262,			0.187,			0.053
816,	1,	498.0,	200.906,			2.22,			0.142,			0.055
817,	2,	186.0,	200.962,			13.42,			1.457,			0.194
818,	1,	6.0,	201.128,			2.479,			0.205,			0.058
819,	1,	49.0,	201.27,			1.956,			0.235,			0.058
820,	1,	157.0,	201.296,			2.522,			0.259,			0.06
821,	1,	7.0,	201.421,			1.601,			0.222,			0.051
822,	1,	7.0,	201.445,			1.382,			0.222,			0.059
823,	1,	447.0,	201.655,			1.16,			0.235,			0.055
824,	1,	169.0,	201.723,			1.486,			0.27,			0.053
825,	1,	146.0,	201.93,			1.394,			0.3,			0.051
826,	1,	90.0,	202.024,			1.833,			0.234,			0.055
827,	1,	13.0,	202.068,			1.434,			0.108,			0.057
828,	1,	59.0,	202.121,			2.819,			0.221,			0.058
829,	1,	512.0,	202.128,			1.266,			0.249,			0.053
830,	2,	160.0,	202.164,			12.024,			1.046,			0.118
831,	2,	135.0,	202.175,			14.117,			1.103,			0.186
832,	1,	103.0,	202.209,			1.322,			0.238,			0.054
833,	1,	498.0,	202.564,			2.858,			0.147,			0.059
834,	1,	387.0,	202.719,			2.779,			0.272,			0.054
835,	1,	379.0,	203.304,			2.813,			0.154,			0.052
836,	1,	379.0,	203.306,			2.238,			0.153,			0.052
837,	1,	387.0,	203.65,			2.278,			0.21,			0.058
838,	1,	447.0,	203.777,			1.155,			0.219,			0.056
839,	1,	7.0,	203.862,			2.467,			0.214,			0.056
840,	1,	13.0,	204.141,			2.127,			0.251,			0.051
841,	2,	236.0,	204.199,			13.92,			1.126,			0.169
842,	1,	49.0,	204.641,			1.395,			0.295,			0.051
843,	1,	7.0,	204.887,			2.691,			0.185,			0.056
844,	2,	269.0,	204.911,			12.296,			1.096,			0.121
845,	1,	6.0,	205.824,			2.08,			0.249,			0.057
846,	1,	559.0,	206.062,			1.169,			0.228,			0.05
847,	1,	95.0,	206.431,			1.482,			0.217,			0.051
848,	1,	7.0,	206.531,			1.483,			0.142,			0.06
849,	1,	90.0,	206.648,			1.277,			0.234,			0.057
850,	1,	44.0,	206.764,			2.155,			0.138,			0.054
851,	1,	447.0,	206.814,			2.661,			0.284,			0.059
852,	1,	157.0,	207.297,			2.103,			0.135,			0.05
853,	2,	189.0,	208.425,			12.902,			1.124,			0.114
854,	1,	6.0,	208.45,			2.797,			0.148,			0.057
855,	2,	154.0,	208.507,			12.372,			1.0,			0.132
856,	1,	7.0,	209.499,			2.78,			0.268,			0.059
857,	1,	447.0,	209.585,			1.229,			0.194,			0.057
858,	1,	90.0,	210.88,			1.988,			0.185,			0.06
859,	1,	157.0,	210.908,			2.449,			0.206,			0.057
860,	1,	214.0,	210.939,			1.651,			0.13,			0.051
861,	1,	447.0,	211.287,			1.907,			0.267,			0.058
862,	1,	44.0,	211.524,			1.761,			0.29,			0.051
863,	1,	7.0,	211.795,			1.681,			0.165,			0.059
864,	2,	60.0,	212.023,			10.742,			1.326,			0.18
865,	1,	120.0,	212.109,			2.763,			0.215,			0.058
866,	1,	120.0,	212.212,			1.432,			0.287,			0.058
867,	1,	103.0,	212.649,			1.908,			0.214,			0.056
868,	2,	101.0,	213.083,			14.317,			1.253,			0.122
869,	1,	120.0,	213.406,			2.056,			0.215,			0.057
870,	1,	90.0,	214.315,			2.928,			0.2,			0.058
871,	1,	16.0,	214.6,			2.342,			0.172,			0.054
872,	1,	10.0,	215.164,			1.011,			0.252,			0.056
873,	1,	120.0,	215.458,			1.532,			0.292,			0.057
874,	1,	16.0,	215.667,			2.533,			0.199,			0.059
875,	1,	6.0,	215.736,			1.601,			0.177,			0.057
876,	1,	379.0,	216.297,			2.861,			0.111,			0.054
877,	1,	157.0,	216.528,			2.377,			0.14,			0.052
878,	1,	13.0,	216.57,			2.414,			0.203,			0.056
879,	1,	49.0,	216.961,			1.981,			0.165,			0.051
880,	1,	379.0,	217.152,			1.509,			0.183,			0.06
881,	1,	126.0,	217.479,			1.019,			0.133,			0.059
882,	1,	7.0,	218.135,			1.111,			0.299,			0.057
883,	2,	152.0,	218.197,			10.548,			1.421,			0.158
884,	1,	126.0,	218.292,			2.947,			0.176,			0.053
885,	1,	16.0,	218.467,			1.408,			0.281,			0.058
886,	1,	387.0,	219.063,			1.173,			0.206,			0.059
887,	1,	49.0,	219.509,			2.691,			0.135,			0.056
888,	1,	59.0,	219.586,			2.555,			0.145,			0.054
889,	2,	154.0,	219.774,			13.908,			1.215,			0.185
890,	2,	158.0,	219.977,			11.685,			1.493,			0.122
891,	1,	169.0,	220.478,			1.731,			0.215,			0.053
892,	1,	379.0,	220.798,			2.844,			0.209,			0.053
893,	1,	7.0,	221.001,			2.857,			0.133,			0.052
894,	1,	95.0,	221.074,			1.692,			0.186,			0.059
895,	1,	7.0,	221.194,			1.011,			0.185,			0.054
896,	2,	274.0,	221.859,			14.23,			1.215,			0.173
897,	1,	44.0,	222.033,			1.382,			0.133,			0.052
898,	2,	179.0,	222.464,			13.088,			1.47,			0.125
899,	2,	134.0,	223.32,			11.28,			1.07,			0.179
900,	1,	49.0,	223.41,			2.364,			0.268,			0.056
901,	2,	154.0,	223.58,			10.099,			1.139,			0.176
902,	1,	59.0,	223.701,			2.711,			0.205,			0.053
903,	1,	379.0,	223.984,			1.141,			0.167,			0.056
904,	2,	122.0,	224.83,			10.952,			1.022,			0.18
905,	1,	28.0,	225.017,			2.034,			0.173,			0.052
906,	1,	28.0,	225.065,			1.655,			0.203,			0.055
907,	2,	193.0,	225.133,			14.82,			1.479,			0.14
908,	1,	169.0,	225.597,			2.763,			0.259,			0.052
909,	1,	157.0,	227.775,			1.998,			0.151,			0.059
910,	1,	379.0,	227.937,			2.838,			0.297,			0.058
911,	1,	214.0,	227.958,			1.932,			0.15,			0.052
912,	2,	90.0,	227.981,			13.224,			1.255,			0.194
913,	1,	6.0,	228.119,			1.473,			0.299,			0.056
914,	1,	30.0,	228.307,			1.681,			0.135,			0.057
915,	1,	559.0,	228.723,			1.263,			0.298,			0.05
916,	2,	185.0,	228.917,			14.087,			1.351,			0.162
917,	2,	161.0,	229.253,			10.38,			1.361,			0.188
918,	2,	198.0,	229.364,			11.929,			1.072,			0.109
919,	1,	6.0,	229.914,			1.864,			0.21,			0.058
920,	1,	44.0,	229.974,			2.322,			0.239,			0.054
921,	1,	49.0,	230.928,			1.626,			0.182,			0.056
922,	1,	447.0,	231.048,			2.832,			0.119,			0.06
923,	1,	7.0,	231.64,			2.509,			0.232,			0.054
924,	1,	6.0,	232.022,			1.613,			0.249,			0.058
925,	1,	44.0,	232.04,			1.285,			0.195,			0.051
926,	1,	7.0,	232.073,			1.296,			0.273,			0.055
927,	1,	28.0,	232.601,			1.703,			0.254,			0.059
928,	1,	379.0,	232.82,			1.071,			0.175,			0.059
929,	2,	207.0,	233.447,			12.411,			1.148,			0.111
930,	1,	7.0,	234.281,			2.768,			0.126,			0.052
931,	1,	6.0,	234.449,			1.981,			0.131,			0.057
932,	2,	100.0,	234.65,			11.793,			1.393,			0.103
933,	1,	6.0,	234.668,			2.532,			0.19,			0.056
934,	1,	214.0,	234.845,			2.123,			0.185,			0.058
935,	1,	126.0,	235.194,			1.631,			0.101,			0.05
936,	1,	10.0,	236.013,			2.284,			0.209,			0.058
937,	1,	44.0,	236.116,			1.766,			0.289,			0.053
938,	2,	129.0,	236.276,			10.974,			1.477,			0.192
939,	1,	120.0,	236.732,			2.947,			0.224,			0.05
940,	1,	49.0,	236.78,			1.728,			0.288,			0.051
941,	2,	86.0,	238.024,			12.421,			1.182,			0.143
942,	1,	214.0,	239.356,			1.663,			0.141,			0.051
943,	1,	44.0,	240.107,			1.515,			0.229,			0.058
944,	2,	68.0,	240.348,			13.92,			1.333,			0.19
945,	1,	28.0,	240.663,			2.131,			0.254,			0.055
946,	2,	127.0,	240.691,			11.134,			1.275,			0.118
947,	1,	379.0,	241.838,			1.681,			0.165,			0.051
948,	1,	512.0,	242.418,			1.26,			0.109,			0.059
949,	2,	47.0,	242.759,			11.239,			1.385,			0.198
950,	1,	157.0,	242.881,			2.19,			0.27,			0.056
951,	1,	7.0,	244.214,			1.174,			0.14,			0.051
952,	1,	7.0,	244.286,			2.479,			0.237,			0.054
953,	1,	7.0,	245.68,			2.408,			0.103,			0.058
954,	1,	7.0,	248.403,			1.64,			0.169,			0.05
955,	1,	214.0,	249.126,			1.575,			0.104,			0.052
956,	2,	146.0,	249.727,			11.685,			1.35,			0.177
957,	2,	197.0,	251.063,			10.01,			1.208,			0.132
958,	2,	97.0,	251.318,			14.323,			1.162,			0.197
959,	1,	28.0,	252.302,			2.09,			0.134,			0.05
960,	1,	7.0,	253.415,			2.302,			0.27,			0.058
961,	2,	113.0,	254.385,			13.86,			1.05,			0.147
962,	2,	99.0,	254.873,			12.57,			1.203,			0.167
963,	2,	171.0,	255.391,			11.591,			1.354,			0.154
964,	2,	165.0,	255.608,			10.565,			1.023,			0.185
965,	2,	171.0,	257.176,			14.152,			1.386,			0.114
966,	2,	145.0,	257.834,			13.943,			1.003,			0.149
967,	1,	10.0,	257.978,			2.184,			0.156,			0.055
968,	2,	139.0,	259.352,			12.569,			1.211,			0.13
969,	1,	103.0,	261.668,			2.088,			0.22,			0.059
970,	2,	114.0,	261.962,			13.232,			1.104,			0.103
971,	2,	246.0,	262.096,			11.28,			1.417,			0.174
972,	1,	169.0,	262.152,			2.407,			0.244,			0.051
973,	2,	150.0,	264.55,			11.289,			1.416,			0.195
974,	1,	498.0,	265.184,			1.433,			0.248,			0.052
975,	2,	117.0,	265.372,			10.792,			1.072,			0.195
976,	1,	59.0,	265.411,			2.249,			0.275,			0.057
977,	2,	112.0,	265.709,			10.286,			1.218,			0.15
978,	1,	214.0,	266.732,			2.748,			0.147,			0.057
979,	2,	186.0,	271.79,			10.146,			1.183,			0.131
980,	2,	227.0,	272.041,			14.786,			1.075,			0.178
981,	1,	7.0,	272.434,			1.935,			0.125,			0.052
982,	1,	387.0,	273.441,			1.984,			0.154,			0.056
983,	2,	181.0,	273.927,			14.49,			1.201,			0.169
984,	2,	118.0,	274.517,			14.407,			1.141,			0.127
985,	2,	107.0,	277.081,			11.993,			1.096,			0.138
986,	2,	234.0,	279.322,			10.335,			1.285,			0.155
987,	2,	242.0,	280.261,			14.686,			1.138,			0.164
988,	2,	259.0,	280.761,			11.402,			1.477,			0.166
989,	2,	84.0,	281.878,			12.368,			1.467,			0.18
990,	2,	135.0,	282.407,			10.083,			1.442,			0.179
991,	1,	559.0,	284.044,			1.391,			0.121,			0.057
992,	1,	146.0,	285.264,			2.525,			0.27,			0.053
993,	1,	214.0,	285.387,			1.878,			0.214,			0.05
994,	2,	190.0,	286.566,			10.702,			1.104,			0.102
995,	2,	101.0,	291.915,			11.11,			1.443,			0.123
996,	2,	169.0,	293.084,			10.146,			1.288,			0.137
997,	2,	249.0,	293.901,			10.863,			1.128,			0.166
998,	2,	149.0,	295.885,			13.439,			1.086,			0.142
999,	2,	271.0,	296.448,			11.598,			1.023,			0.18
1000,	2,	177.0,	296.523,			11.617,			1.285,			0.11
