#, task_type_id, size, arrival_time,	execution_time_cpu,	execution_time_gpu,	execution_time_CLOUD
1,	1,	6.0,	0.0,			1.417,			0.27,			0.055
2,	2,	116.0,	0.265,			10.758,			1.373,			0.138
3,	1,	59.0,	1.08,			2.364,			0.284,			0.055
4,	2,	174.0,	1.427,			10.043,			1.089,			0.17
5,	2,	178.0,	1.709,			10.686,			1.163,			0.125
6,	2,	133.0,	5.935,			13.801,			1.273,			0.111
7,	2,	240.0,	7.129,			12.331,			1.021,			0.166
8,	1,	10.0,	10.057,			1.524,			0.18,			0.059
9,	1,	13.0,	10.672,			2.8,			0.149,			0.052
10,	2,	174.0,	10.971,			14.663,			1.31,			0.187
11,	2,	118.0,	13.88,			14.372,			1.42,			0.189
12,	1,	157.0,	14.008,			1.625,			0.161,			0.06
13,	2,	136.0,	14.921,			13.61,			1.011,			0.163
14,	2,	338.0,	15.589,			14.566,			1.146,			0.179
15,	2,	168.0,	17.235,			12.33,			1.069,			0.117
16,	1,	59.0,	19.031,			1.532,			0.238,			0.056
17,	2,	332.0,	19.55,			14.624,			1.297,			0.18
18,	2,	146.0,	21.824,			12.912,			1.42,			0.173
19,	2,	47.0,	22.098,			11.598,			1.193,			0.164
20,	1,	146.0,	23.945,			1.128,			0.178,			0.052
21,	1,	6.0,	24.518,			1.494,			0.29,			0.052
22,	2,	87.0,	24.526,			10.463,			1.396,			0.148
23,	2,	119.0,	25.771,			14.946,			1.091,			0.149
24,	2,	220.0,	28.002,			10.491,			1.124,			0.121
25,	1,	59.0,	28.012,			1.81,			0.139,			0.06
26,	2,	317.0,	28.185,			14.804,			1.253,			0.109
27,	2,	145.0,	28.654,			13.181,			1.171,			0.194
28,	2,	95.0,	29.606,			14.99,			1.115,			0.14
29,	2,	121.0,	31.59,			11.238,			1.212,			0.11
30,	1,	447.0,	34.227,			1.557,			0.256,			0.056
31,	2,	130.0,	35.565,			10.297,			1.328,			0.102
32,	1,	169.0,	35.998,			1.709,			0.251,			0.053
33,	1,	512.0,	36.899,			1.853,			0.172,			0.058
34,	2,	172.0,	38.383,			11.99,			1.346,			0.134
35,	2,	93.0,	38.423,			12.976,			1.245,			0.105
36,	2,	139.0,	38.862,			13.288,			1.099,			0.148
37,	1,	120.0,	38.971,			2.429,			0.284,			0.052
38,	1,	379.0,	39.39,			2.772,			0.207,			0.055
39,	2,	119.0,	40.107,			11.842,			1.348,			0.197
40,	2,	195.0,	40.446,			13.89,			1.493,			0.102
41,	1,	7.0,	40.526,			2.252,			0.17,			0.057
42,	1,	126.0,	41.577,			1.588,			0.191,			0.056
43,	1,	126.0,	42.558,			1.631,			0.222,			0.053
44,	1,	7.0,	42.619,			1.761,			0.189,			0.051
45,	2,	227.0,	43.174,			14.513,			1.278,			0.155
46,	2,	76.0,	43.625,			10.666,			1.407,			0.182
47,	1,	28.0,	43.842,			2.154,			0.17,			0.053
48,	2,	126.0,	43.969,			11.34,			1.396,			0.176
49,	1,	126.0,	44.087,			2.916,			0.223,			0.059
50,	2,	120.0,	45.096,			10.312,			1.385,			0.108
51,	1,	120.0,	45.621,			1.825,			0.142,			0.052
52,	1,	7.0,	45.726,			2.972,			0.258,			0.053
53,	1,	498.0,	46.022,			2.238,			0.103,			0.057
54,	2,	136.0,	46.681,			11.598,			1.104,			0.184
55,	2,	199.0,	46.72,			12.924,			1.238,			0.107
56,	1,	214.0,	46.746,			2.843,			0.289,			0.052
57,	2,	133.0,	46.748,			12.733,			1.326,			0.158
58,	1,	16.0,	47.094,			1.367,			0.244,			0.053
59,	1,	28.0,	47.236,			1.688,			0.177,			0.055
60,	2,	293.0,	47.254,			13.602,			1.426,			0.186
61,	1,	13.0,	47.766,			1.029,			0.267,			0.057
62,	1,	13.0,	47.948,			2.92,			0.247,			0.06
63,	1,	7.0,	48.497,			1.988,			0.201,			0.058
64,	1,	16.0,	48.975,			1.45,			0.159,			0.055
65,	1,	103.0,	51.708,			1.241,			0.109,			0.055
66,	2,	188.0,	51.916,			11.866,			1.335,			0.124
67,	2,	150.0,	52.304,			13.487,			1.027,			0.142
68,	1,	95.0,	52.684,			1.307,			0.156,			0.052
69,	2,	158.0,	53.628,			11.488,			1.051,			0.187
70,	2,	105.0,	53.807,			12.406,			1.178,			0.141
71,	2,	205.0,	54.768,			12.155,			1.036,			0.199
72,	1,	7.0,	55.336,			2.955,			0.136,			0.053
73,	1,	214.0,	55.382,			1.651,			0.228,			0.051
74,	2,	171.0,	55.706,			14.513,			1.251,			0.106
75,	2,	186.0,	56.545,			11.508,			1.233,			0.137
76,	1,	512.0,	57.643,			1.597,			0.139,			0.055
77,	1,	28.0,	57.671,			1.869,			0.15,			0.06
78,	1,	90.0,	58.808,			2.056,			0.179,			0.053
79,	2,	126.0,	58.82,			11.696,			1.327,			0.169
80,	2,	110.0,	58.979,			10.335,			1.357,			0.129
81,	1,	6.0,	59.968,			2.795,			0.164,			0.053
82,	2,	61.0,	60.233,			11.036,			1.202,			0.198
83,	1,	44.0,	61.079,			1.45,			0.128,			0.054
84,	1,	379.0,	61.704,			2.03,			0.185,			0.059
85,	1,	379.0,	62.528,			1.663,			0.267,			0.052
86,	2,	103.0,	63.089,			10.339,			1.148,			0.153
87,	1,	559.0,	63.749,			1.531,			0.279,			0.051
88,	1,	6.0,	64.593,			2.968,			0.233,			0.05
89,	2,	76.0,	64.817,			10.521,			1.405,			0.145
90,	1,	498.0,	64.832,			2.33,			0.241,			0.053
91,	1,	6.0,	64.964,			1.111,			0.151,			0.05
92,	1,	7.0,	65.071,			2.199,			0.283,			0.054
93,	2,	108.0,	65.682,			14.49,			1.21,			0.139
94,	2,	75.0,	66.235,			13.648,			1.435,			0.156
95,	1,	6.0,	66.597,			1.625,			0.123,			0.057
96,	2,	237.0,	66.773,			12.617,			1.197,			0.107
97,	1,	7.0,	67.29,			2.116,			0.157,			0.058
98,	1,	28.0,	68.46,			1.613,			0.184,			0.053
99,	1,	7.0,	68.587,			1.783,			0.298,			0.053
100,	1,	90.0,	69.127,			2.972,			0.247,			0.053
101,	1,	379.0,	69.159,			1.287,			0.224,			0.053
102,	1,	6.0,	69.254,			1.291,			0.14,			0.059
103,	2,	110.0,	70.471,			12.635,			1.087,			0.163
104,	1,	7.0,	70.525,			2.955,			0.102,			0.05
105,	2,	98.0,	71.976,			12.701,			1.028,			0.186
106,	1,	28.0,	71.99,			1.153,			0.183,			0.054
107,	1,	49.0,	72.626,			1.597,			0.243,			0.057
108,	1,	447.0,	73.037,			1.393,			0.273,			0.054
109,	2,	156.0,	73.061,			10.316,			1.273,			0.113
110,	1,	44.0,	73.103,			2.9,			0.28,			0.058
111,	1,	7.0,	73.204,			2.598,			0.216,			0.053
112,	1,	512.0,	73.461,			1.266,			0.298,			0.057
113,	2,	140.0,	74.361,			10.374,			1.051,			0.133
114,	1,	559.0,	74.736,			2.628,			0.172,			0.056
115,	1,	447.0,	74.948,			1.566,			0.241,			0.055
116,	1,	6.0,	75.066,			1.821,			0.143,			0.054
117,	1,	120.0,	75.211,			1.981,			0.18,			0.055
118,	1,	7.0,	75.217,			2.249,			0.167,			0.052
119,	1,	44.0,	76.564,			2.695,			0.188,			0.059
120,	1,	6.0,	76.673,			1.728,			0.158,			0.056
121,	1,	30.0,	76.851,			2.173,			0.245,			0.059
122,	2,	173.0,	77.745,			14.215,			1.2,			0.15
123,	1,	7.0,	77.765,			1.489,			0.177,			0.051
124,	2,	237.0,	78.813,			11.872,			1.086,			0.2
125,	1,	498.0,	78.955,			2.985,			0.209,			0.054
126,	2,	116.0,	80.149,			10.273,			1.072,			0.153
127,	1,	387.0,	80.706,			1.669,			0.215,			0.058
128,	1,	559.0,	81.484,			2.235,			0.101,			0.06
129,	1,	6.0,	81.732,			2.18,			0.191,			0.057
130,	1,	44.0,	81.86,			1.799,			0.256,			0.058
131,	1,	7.0,	82.691,			1.394,			0.142,			0.051
132,	1,	146.0,	83.071,			1.968,			0.215,			0.058
133,	1,	13.0,	83.084,			2.366,			0.117,			0.053
134,	1,	157.0,	83.279,			2.273,			0.143,			0.055
135,	1,	387.0,	83.834,			1.79,			0.288,			0.053
136,	2,	173.0,	83.897,			12.701,			1.025,			0.196
137,	1,	512.0,	83.918,			1.731,			0.288,			0.06
138,	2,	55.0,	83.96,			13.76,			1.492,			0.129
139,	1,	7.0,	84.061,			1.394,			0.244,			0.055
140,	2,	172.0,	84.265,			13.596,			1.296,			0.12
141,	1,	447.0,	84.347,			1.86,			0.133,			0.057
142,	1,	30.0,	85.016,			1.07,			0.228,			0.055
143,	1,	7.0,	85.294,			2.709,			0.176,			0.052
144,	1,	157.0,	85.446,			2.454,			0.226,			0.052
145,	1,	146.0,	85.492,			1.67,			0.284,			0.054
146,	1,	447.0,	85.567,			1.515,			0.278,			0.056
147,	1,	16.0,	85.717,			1.443,			0.244,			0.058
148,	2,	193.0,	86.081,			11.13,			1.171,			0.194
149,	1,	498.0,	86.622,			2.976,			0.256,			0.059
150,	1,	7.0,	86.882,			1.316,			0.104,			0.059
151,	1,	44.0,	87.255,			2.879,			0.297,			0.052
152,	1,	44.0,	87.889,			2.132,			0.228,			0.058
153,	1,	13.0,	88.942,			1.485,			0.134,			0.052
154,	1,	512.0,	88.977,			1.445,			0.104,			0.052
155,	2,	84.0,	89.089,			12.165,			1.296,			0.133
156,	1,	16.0,	89.189,			2.057,			0.287,			0.051
157,	1,	13.0,	90.083,			1.869,			0.182,			0.055
158,	1,	512.0,	90.7,			2.027,			0.207,			0.052
159,	2,	109.0,	91.656,			11.385,			1.481,			0.15
160,	1,	10.0,	92.232,			1.051,			0.152,			0.055
161,	1,	90.0,	92.389,			2.167,			0.2,			0.056
162,	1,	6.0,	92.433,			2.885,			0.234,			0.052
163,	2,	83.0,	92.484,			14.501,			1.159,			0.194
164,	1,	44.0,	92.584,			1.679,			0.28,			0.054
165,	1,	559.0,	92.592,			1.283,			0.288,			0.058
166,	1,	559.0,	92.668,			2.642,			0.151,			0.059
167,	2,	202.0,	92.8,			10.269,			1.223,			0.111
168,	2,	117.0,	92.925,			11.864,			1.076,			0.105
169,	1,	28.0,	93.057,			1.111,			0.126,			0.056
170,	1,	498.0,	93.096,			1.86,			0.191,			0.051
171,	1,	16.0,	94.72,			1.406,			0.268,			0.059
172,	1,	7.0,	95.147,			1.605,			0.132,			0.054
173,	2,	114.0,	95.502,			12.184,			1.1,			0.172
174,	1,	7.0,	95.503,			1.915,			0.163,			0.051
175,	1,	157.0,	95.642,			2.268,			0.222,			0.058
176,	1,	120.0,	95.711,			1.769,			0.299,			0.059
177,	1,	13.0,	95.747,			2.95,			0.208,			0.058
178,	1,	44.0,	95.93,			1.919,			0.244,			0.052
179,	1,	95.0,	96.107,			1.968,			0.205,			0.054
180,	1,	379.0,	96.178,			1.654,			0.259,			0.057
181,	1,	512.0,	97.145,			2.847,			0.139,			0.055
182,	1,	6.0,	97.234,			2.645,			0.274,			0.057
183,	2,	93.0,	98.041,			13.958,			1.373,			0.137
184,	1,	126.0,	98.254,			1.45,			0.19,			0.054
185,	1,	559.0,	98.788,			1.799,			0.14,			0.055
186,	1,	214.0,	99.63,			1.535,			0.154,			0.054
187,	1,	169.0,	100.05,			2.414,			0.248,			0.057
188,	2,	266.0,	100.614,			14.152,			1.044,			0.161
189,	1,	44.0,	100.882,			1.128,			0.168,			0.06
190,	1,	103.0,	100.995,			2.858,			0.249,			0.055
191,	1,	6.0,	101.035,			1.653,			0.247,			0.054
192,	1,	120.0,	101.388,			1.007,			0.234,			0.058
193,	1,	126.0,	101.456,			1.853,			0.284,			0.059
194,	1,	120.0,	101.899,			2.896,			0.237,			0.054
195,	1,	44.0,	101.931,			2.872,			0.297,			0.053
196,	1,	30.0,	102.005,			1.08,			0.112,			0.055
197,	1,	6.0,	102.144,			2.714,			0.203,			0.051
198,	1,	6.0,	102.225,			2.548,			0.139,			0.053
199,	1,	157.0,	102.397,			2.765,			0.172,			0.053
200,	1,	6.0,	102.502,			1.249,			0.22,			0.051
201,	1,	16.0,	102.685,			1.116,			0.221,			0.052
202,	1,	7.0,	102.937,			2.318,			0.165,			0.057
203,	2,	275.0,	102.996,			14.576,			1.407,			0.12
204,	2,	42.0,	103.701,			10.979,			1.381,			0.162
205,	1,	10.0,	103.72,			2.681,			0.205,			0.059
206,	1,	120.0,	104.851,			1.662,			0.287,			0.06
207,	1,	169.0,	105.016,			2.653,			0.211,			0.057
208,	1,	95.0,	105.132,			1.044,			0.212,			0.059
209,	1,	559.0,	105.211,			2.179,			0.215,			0.051
210,	2,	175.0,	105.446,			11.63,			1.324,			0.197
211,	1,	7.0,	105.752,			2.544,			0.272,			0.051
212,	1,	95.0,	105.855,			1.343,			0.142,			0.054
213,	2,	169.0,	105.916,			10.159,			1.246,			0.146
214,	1,	28.0,	105.925,			2.885,			0.272,			0.06
215,	1,	59.0,	106.109,			2.889,			0.195,			0.052
216,	1,	126.0,	106.321,			2.991,			0.164,			0.052
217,	1,	126.0,	106.396,			1.883,			0.161,			0.053
218,	2,	184.0,	106.564,			10.789,			1.315,			0.121
219,	1,	7.0,	106.768,			2.562,			0.172,			0.055
220,	1,	44.0,	106.836,			1.485,			0.113,			0.054
221,	1,	214.0,	106.87,			1.031,			0.291,			0.055
222,	1,	16.0,	106.874,			2.088,			0.222,			0.052
223,	1,	90.0,	106.895,			2.896,			0.27,			0.05
224,	2,	132.0,	107.099,			10.554,			1.05,			0.199
225,	1,	512.0,	107.347,			2.973,			0.162,			0.058
226,	1,	157.0,	107.473,			1.229,			0.187,			0.052
227,	1,	44.0,	107.595,			1.048,			0.232,			0.059
228,	1,	95.0,	107.623,			1.08,			0.191,			0.053
229,	1,	44.0,	107.661,			1.395,			0.293,			0.052
230,	1,	7.0,	107.899,			1.853,			0.22,			0.054
231,	1,	6.0,	107.974,			2.304,			0.183,			0.059
232,	1,	7.0,	108.039,			1.756,			0.185,			0.054
233,	1,	7.0,	108.282,			2.293,			0.255,			0.059
234,	1,	30.0,	108.352,			1.247,			0.172,			0.056
235,	1,	169.0,	108.369,			2.556,			0.215,			0.051
236,	2,	198.0,	108.473,			10.335,			1.007,			0.147
237,	1,	379.0,	108.999,			2.659,			0.224,			0.056
238,	1,	90.0,	109.443,			1.283,			0.151,			0.054
239,	1,	214.0,	109.607,			2.813,			0.294,			0.058
240,	1,	126.0,	109.706,			2.579,			0.151,			0.056
241,	1,	44.0,	109.891,			2.832,			0.235,			0.059
242,	1,	49.0,	110.922,			2.057,			0.284,			0.06
243,	1,	90.0,	111.372,			1.157,			0.206,			0.057
244,	2,	153.0,	111.705,			11.628,			1.074,			0.13
245,	1,	59.0,	111.742,			2.711,			0.16,			0.056
246,	2,	159.0,	111.902,			12.116,			1.128,			0.178
247,	1,	169.0,	111.963,			2.087,			0.148,			0.054
248,	1,	59.0,	112.085,			2.01,			0.117,			0.054
249,	1,	7.0,	112.515,			1.103,			0.224,			0.058
250,	1,	498.0,	112.571,			1.217,			0.288,			0.06
251,	2,	108.0,	112.88,			13.899,			1.302,			0.127
252,	1,	6.0,	113.111,			2.602,			0.22,			0.06
253,	2,	139.0,	113.346,			10.728,			1.131,			0.129
254,	1,	103.0,	113.619,			2.279,			0.256,			0.055
255,	1,	10.0,	113.629,			2.226,			0.14,			0.054
256,	1,	7.0,	114.304,			2.318,			0.162,			0.057
257,	1,	103.0,	114.57,			2.073,			0.254,			0.059
258,	2,	187.0,	114.572,			14.172,			1.029,			0.179
259,	1,	498.0,	114.826,			1.612,			0.278,			0.055
260,	1,	126.0,	114.913,			2.268,			0.149,			0.054
261,	1,	512.0,	114.96,			1.16,			0.13,			0.051
262,	1,	214.0,	115.396,			1.486,			0.176,			0.054
263,	1,	28.0,	115.552,			1.669,			0.241,			0.058
264,	1,	7.0,	115.729,			1.768,			0.14,			0.051
265,	1,	120.0,	116.255,			1.984,			0.214,			0.059
266,	1,	6.0,	116.397,			1.928,			0.113,			0.057
267,	1,	7.0,	116.397,			2.889,			0.279,			0.056
268,	1,	44.0,	116.767,			2.116,			0.228,			0.055
269,	1,	44.0,	116.894,			2.184,			0.174,			0.058
270,	1,	512.0,	116.966,			1.437,			0.234,			0.054
271,	1,	59.0,	117.054,			2.055,			0.104,			0.051
272,	1,	10.0,	117.195,			2.398,			0.299,			0.06
273,	1,	214.0,	117.85,			2.427,			0.214,			0.052
274,	1,	559.0,	118.174,			2.612,			0.138,			0.059
275,	1,	512.0,	118.28,			1.406,			0.189,			0.054
276,	1,	90.0,	118.392,			2.602,			0.243,			0.05
277,	1,	169.0,	118.419,			1.203,			0.257,			0.056
278,	1,	44.0,	118.424,			1.314,			0.178,			0.054
279,	1,	169.0,	118.527,			1.483,			0.146,			0.059
280,	2,	92.0,	118.621,			11.661,			1.055,			0.106
281,	1,	169.0,	118.654,			1.229,			0.298,			0.059
282,	1,	6.0,	118.674,			1.698,			0.237,			0.055
283,	2,	192.0,	118.701,			14.737,			1.191,			0.157
284,	1,	126.0,	118.84,			2.681,			0.163,			0.053
285,	1,	30.0,	118.978,			2.232,			0.189,			0.056
286,	1,	6.0,	119.137,			1.669,			0.147,			0.05
287,	1,	387.0,	119.358,			1.243,			0.212,			0.057
288,	1,	59.0,	119.416,			2.819,			0.177,			0.056
289,	1,	44.0,	119.468,			2.301,			0.133,			0.05
290,	1,	28.0,	119.499,			2.991,			0.245,			0.051
291,	1,	498.0,	119.56,			2.827,			0.267,			0.055
292,	1,	49.0,	120.057,			1.372,			0.147,			0.054
293,	1,	214.0,	120.217,			1.364,			0.297,			0.059
294,	1,	146.0,	120.255,			1.681,			0.281,			0.052
295,	1,	387.0,	120.634,			2.034,			0.129,			0.059
296,	1,	30.0,	120.78,			2.765,			0.209,			0.053
297,	1,	7.0,	121.071,			2.659,			0.131,			0.057
298,	1,	498.0,	121.12,			2.874,			0.176,			0.054
299,	1,	379.0,	121.176,			2.637,			0.175,			0.053
300,	1,	6.0,	121.23,			2.983,			0.293,			0.054
301,	1,	214.0,	121.43,			1.965,			0.192,			0.057
302,	1,	447.0,	121.842,			1.096,			0.242,			0.059
303,	1,	214.0,	121.935,			1.907,			0.241,			0.054
304,	1,	13.0,	121.995,			1.256,			0.217,			0.051
305,	1,	169.0,	122.218,			1.962,			0.222,			0.051
306,	1,	90.0,	122.37,			2.52,			0.185,			0.059
307,	1,	387.0,	122.42,			1.642,			0.124,			0.058
308,	1,	7.0,	122.63,			1.071,			0.251,			0.053
309,	1,	379.0,	122.777,			2.149,			0.147,			0.052
310,	1,	44.0,	122.895,			1.103,			0.108,			0.058
311,	1,	16.0,	122.907,			2.252,			0.128,			0.06
312,	1,	379.0,	123.039,			2.838,			0.236,			0.054
313,	1,	157.0,	123.049,			2.055,			0.154,			0.051
314,	1,	120.0,	123.178,			2.88,			0.207,			0.054
315,	1,	214.0,	123.27,			1.733,			0.243,			0.06
316,	1,	447.0,	123.277,			2.879,			0.225,			0.054
317,	1,	126.0,	123.37,			2.581,			0.28,			0.058
318,	1,	28.0,	123.622,			2.167,			0.176,			0.058
319,	1,	387.0,	123.708,			2.852,			0.205,			0.059
320,	1,	10.0,	123.906,			1.061,			0.252,			0.06
321,	1,	7.0,	124.013,			2.379,			0.267,			0.054
322,	1,	559.0,	124.183,			1.589,			0.244,			0.056
323,	1,	44.0,	124.421,			2.379,			0.293,			0.057
324,	1,	6.0,	124.566,			1.991,			0.172,			0.056
325,	1,	44.0,	125.453,			1.72,			0.11,			0.058
326,	1,	512.0,	126.296,			1.044,			0.217,			0.054
327,	1,	28.0,	126.318,			1.985,			0.233,			0.055
328,	1,	7.0,	126.403,			1.981,			0.211,			0.058
329,	1,	7.0,	126.409,			1.028,			0.288,			0.051
330,	1,	6.0,	126.503,			1.524,			0.197,			0.052
331,	1,	28.0,	126.94,			1.539,			0.275,			0.052
332,	1,	120.0,	127.151,			1.862,			0.159,			0.055
333,	1,	10.0,	127.319,			1.172,			0.162,			0.058
334,	1,	44.0,	127.557,			1.814,			0.254,			0.055
335,	1,	498.0,	127.576,			1.9,			0.202,			0.055
336,	1,	559.0,	128.1,			2.618,			0.168,			0.052
337,	1,	103.0,	128.151,			2.252,			0.161,			0.059
338,	1,	30.0,	128.483,			2.581,			0.128,			0.052
339,	1,	214.0,	128.523,			1.314,			0.104,			0.057
340,	1,	13.0,	128.563,			2.879,			0.202,			0.051
341,	2,	138.0,	128.698,			10.819,			1.32,			0.171
342,	1,	169.0,	128.89,			1.541,			0.146,			0.05
343,	1,	146.0,	129.425,			2.037,			0.277,			0.057
344,	1,	28.0,	129.629,			1.962,			0.24,			0.052
345,	1,	10.0,	129.674,			1.471,			0.139,			0.059
346,	1,	126.0,	129.678,			2.438,			0.267,			0.051
347,	2,	76.0,	129.704,			13.89,			1.089,			0.196
348,	1,	559.0,	129.875,			2.384,			0.283,			0.052
349,	1,	59.0,	130.01,			2.802,			0.258,			0.051
350,	1,	7.0,	130.226,			1.928,			0.113,			0.059
351,	2,	71.0,	130.284,			14.317,			1.05,			0.162
352,	1,	7.0,	130.398,			1.914,			0.105,			0.051
353,	1,	28.0,	130.453,			1.728,			0.272,			0.054
354,	1,	10.0,	130.595,			2.852,			0.101,			0.058
355,	1,	49.0,	130.825,			1.091,			0.26,			0.057
356,	1,	379.0,	131.23,			1.166,			0.284,			0.05
357,	1,	7.0,	131.388,			1.539,			0.207,			0.053
358,	1,	157.0,	131.74,			2.9,			0.17,			0.058
359,	1,	90.0,	131.783,			2.379,			0.239,			0.056
360,	1,	7.0,	132.224,			2.735,			0.278,			0.058
361,	1,	49.0,	132.436,			2.957,			0.131,			0.055
362,	1,	95.0,	132.526,			1.996,			0.177,			0.055
363,	1,	28.0,	132.714,			1.316,			0.284,			0.06
364,	1,	146.0,	132.748,			2.599,			0.227,			0.054
365,	1,	13.0,	133.019,			2.888,			0.112,			0.058
366,	1,	6.0,	133.079,			2.03,			0.217,			0.051
367,	1,	7.0,	133.162,			2.223,			0.185,			0.053
368,	1,	7.0,	133.559,			1.982,			0.195,			0.051
369,	1,	7.0,	133.713,			1.631,			0.228,			0.056
370,	1,	6.0,	133.821,			1.086,			0.162,			0.053
371,	1,	379.0,	133.852,			1.807,			0.207,			0.053
372,	1,	7.0,	133.951,			2.169,			0.265,			0.057
373,	1,	498.0,	134.013,			1.103,			0.111,			0.057
374,	1,	13.0,	134.34,			2.467,			0.284,			0.056
375,	2,	75.0,	134.497,			12.438,			1.041,			0.147
376,	1,	30.0,	134.584,			1.613,			0.244,			0.055
377,	1,	16.0,	134.617,			2.282,			0.253,			0.059
378,	1,	214.0,	134.622,			1.679,			0.262,			0.059
379,	1,	7.0,	134.77,			1.969,			0.26,			0.055
380,	1,	6.0,	134.894,			1.541,			0.203,			0.056
381,	2,	104.0,	135.021,			10.978,			1.277,			0.109
382,	1,	7.0,	135.159,			1.848,			0.123,			0.051
383,	1,	126.0,	135.36,			2.425,			0.297,			0.056
384,	1,	120.0,	135.426,			1.733,			0.167,			0.059
385,	1,	126.0,	135.431,			1.334,			0.237,			0.056
386,	1,	49.0,	136.2,			2.794,			0.254,			0.055
387,	1,	157.0,	136.221,			2.158,			0.155,			0.056
388,	1,	7.0,	136.245,			1.421,			0.268,			0.059
389,	1,	169.0,	136.272,			2.652,			0.131,			0.054
390,	1,	7.0,	136.325,			1.282,			0.284,			0.054
391,	1,	6.0,	136.349,			2.489,			0.218,			0.052
392,	1,	146.0,	136.492,			1.783,			0.103,			0.053
393,	2,	136.0,	136.597,			13.093,			1.285,			0.119
394,	1,	44.0,	136.9,			2.288,			0.263,			0.053
395,	1,	7.0,	136.903,			1.682,			0.126,			0.055
396,	2,	294.0,	136.917,			12.551,			1.203,			0.105
397,	1,	7.0,	137.4,			1.043,			0.107,			0.053
398,	1,	169.0,	137.54,			1.757,			0.242,			0.056
399,	1,	387.0,	137.542,			1.525,			0.195,			0.052
400,	1,	10.0,	137.581,			2.598,			0.139,			0.059
401,	1,	447.0,	137.601,			1.437,			0.27,			0.052
402,	1,	59.0,	137.659,			1.853,			0.151,			0.054
403,	1,	169.0,	138.096,			2.346,			0.176,			0.053
404,	1,	120.0,	138.185,			1.08,			0.287,			0.051
405,	1,	6.0,	138.226,			1.441,			0.155,			0.059
406,	2,	140.0,	138.448,			12.643,			1.382,			0.129
407,	1,	512.0,	138.566,			1.631,			0.109,			0.052
408,	1,	28.0,	138.677,			1.006,			0.155,			0.055
409,	1,	49.0,	138.842,			2.555,			0.252,			0.056
410,	1,	447.0,	138.881,			2.653,			0.295,			0.058
411,	1,	16.0,	138.989,			1.071,			0.258,			0.05
412,	2,	206.0,	139.142,			10.809,			1.266,			0.191
413,	1,	157.0,	139.463,			1.757,			0.161,			0.055
414,	1,	30.0,	139.657,			1.158,			0.221,			0.056
415,	1,	44.0,	139.802,			2.795,			0.176,			0.055
416,	1,	6.0,	140.095,			1.051,			0.225,			0.059
417,	1,	146.0,	140.135,			1.158,			0.262,			0.057
418,	1,	10.0,	140.156,			1.826,			0.278,			0.056
419,	1,	498.0,	140.551,			1.522,			0.263,			0.057
420,	1,	10.0,	140.602,			1.157,			0.283,			0.055
421,	1,	95.0,	140.611,			1.367,			0.149,			0.06
422,	2,	95.0,	141.079,			11.876,			1.337,			0.19
423,	1,	7.0,	141.162,			1.595,			0.263,			0.057
424,	1,	447.0,	141.17,			2.222,			0.185,			0.052
425,	1,	379.0,	141.948,			2.318,			0.133,			0.054
426,	1,	44.0,	142.226,			2.293,			0.214,			0.055
427,	1,	169.0,	142.464,			2.326,			0.133,			0.052
428,	1,	28.0,	142.853,			1.86,			0.135,			0.058
429,	1,	512.0,	142.913,			1.682,			0.271,			0.051
430,	1,	447.0,	142.935,			1.423,			0.2,			0.052
431,	1,	126.0,	143.026,			2.268,			0.248,			0.056
432,	1,	44.0,	143.026,			2.03,			0.152,			0.055
433,	1,	7.0,	143.167,			1.838,			0.125,			0.059
434,	1,	44.0,	143.268,			2.283,			0.277,			0.053
435,	1,	387.0,	143.494,			1.625,			0.201,			0.057
436,	1,	157.0,	143.565,			2.386,			0.239,			0.059
437,	1,	30.0,	143.895,			2.879,			0.116,			0.05
438,	2,	162.0,	144.013,			14.136,			1.166,			0.119
439,	1,	512.0,	144.091,			2.461,			0.258,			0.06
440,	1,	90.0,	144.176,			2.047,			0.201,			0.053
441,	1,	28.0,	144.293,			2.138,			0.181,			0.053
442,	1,	512.0,	144.433,			1.092,			0.136,			0.051
443,	1,	7.0,	144.572,			1.908,			0.112,			0.059
444,	1,	44.0,	144.901,			2.459,			0.28,			0.057
445,	1,	59.0,	144.905,			2.148,			0.116,			0.059
446,	1,	6.0,	144.957,			1.755,			0.253,			0.057
447,	1,	10.0,	145.423,			2.09,			0.123,			0.058
448,	1,	379.0,	145.446,			2.582,			0.166,			0.06
449,	1,	30.0,	145.529,			2.154,			0.202,			0.05
450,	2,	114.0,	145.578,			13.801,			1.029,			0.122
451,	1,	28.0,	145.716,			2.545,			0.219,			0.06
452,	1,	214.0,	145.808,			1.402,			0.192,			0.052
453,	2,	154.0,	145.899,			14.289,			1.435,			0.166
454,	1,	498.0,	146.097,			1.153,			0.235,			0.058
455,	1,	90.0,	146.364,			2.669,			0.28,			0.056
456,	1,	559.0,	146.471,			2.457,			0.162,			0.053
457,	1,	59.0,	147.181,			2.268,			0.275,			0.059
458,	1,	28.0,	147.296,			2.449,			0.187,			0.058
459,	1,	447.0,	147.323,			2.852,			0.14,			0.059
460,	1,	49.0,	147.333,			2.131,			0.257,			0.051
461,	1,	13.0,	147.36,			2.378,			0.234,			0.054
462,	1,	49.0,	147.513,			2.014,			0.298,			0.059
463,	2,	281.0,	147.829,			13.456,			1.084,			0.196
464,	1,	16.0,	148.125,			1.671,			0.257,			0.058
465,	1,	6.0,	148.282,			1.791,			0.113,			0.051
466,	1,	44.0,	148.403,			2.659,			0.133,			0.057
467,	1,	7.0,	148.514,			1.188,			0.107,			0.056
468,	1,	387.0,	148.813,			1.515,			0.262,			0.053
469,	1,	7.0,	148.863,			1.589,			0.203,			0.05
470,	1,	44.0,	149.261,			2.034,			0.183,			0.055
471,	1,	49.0,	149.302,			1.16,			0.139,			0.058
472,	2,	175.0,	149.374,			10.413,			1.181,			0.114
473,	1,	7.0,	149.426,			1.601,			0.151,			0.052
474,	1,	7.0,	149.429,			1.455,			0.161,			0.052
475,	1,	6.0,	149.717,			1.467,			0.272,			0.056
476,	2,	205.0,	149.797,			13.849,			1.437,			0.126
477,	1,	447.0,	149.803,			1.868,			0.177,			0.056
478,	1,	387.0,	149.826,			1.807,			0.198,			0.052
479,	2,	131.0,	149.856,			10.742,			1.499,			0.125
480,	1,	498.0,	149.862,			2.985,			0.27,			0.052
481,	1,	7.0,	149.955,			2.378,			0.299,			0.053
482,	1,	16.0,	150.091,			1.631,			0.22,			0.056
483,	1,	7.0,	150.526,			2.632,			0.128,			0.054
484,	1,	146.0,	151.006,			1.191,			0.151,			0.058
485,	1,	498.0,	151.01,			1.962,			0.157,			0.057
486,	1,	6.0,	151.122,			1.915,			0.133,			0.057
487,	1,	95.0,	151.231,			1.414,			0.18,			0.051
488,	1,	16.0,	151.306,			1.62,			0.17,			0.057
489,	1,	146.0,	151.416,			2.681,			0.114,			0.06
490,	1,	28.0,	151.42,			1.776,			0.12,			0.06
491,	1,	10.0,	151.438,			2.568,			0.101,			0.052
492,	1,	49.0,	151.464,			1.358,			0.144,			0.057
493,	1,	447.0,	151.551,			1.07,			0.123,			0.051
494,	1,	387.0,	151.66,			2.874,			0.277,			0.055
495,	2,	144.0,	151.675,			10.146,			1.438,			0.104
496,	1,	90.0,	151.717,			1.225,			0.251,			0.05
497,	1,	512.0,	151.752,			1.822,			0.202,			0.052
498,	1,	447.0,	151.992,			2.269,			0.283,			0.051
499,	2,	159.0,	152.008,			10.573,			1.368,			0.116
500,	1,	6.0,	152.189,			1.413,			0.246,			0.058
501,	1,	7.0,	152.25,			1.443,			0.292,			0.056
502,	1,	103.0,	152.465,			1.928,			0.108,			0.058
503,	1,	13.0,	152.901,			2.618,			0.132,			0.055
504,	1,	13.0,	153.243,			1.107,			0.124,			0.054
505,	1,	90.0,	153.312,			2.866,			0.135,			0.052
506,	1,	559.0,	153.337,			2.544,			0.143,			0.057
507,	1,	6.0,	153.373,			2.795,			0.268,			0.051
508,	1,	30.0,	153.436,			2.751,			0.187,			0.058
509,	1,	146.0,	153.87,			1.484,			0.193,			0.055
510,	1,	6.0,	153.925,			1.442,			0.197,			0.057
511,	1,	512.0,	153.948,			2.08,			0.156,			0.057
512,	1,	49.0,	153.982,			1.26,			0.161,			0.058
513,	1,	95.0,	154.066,			2.991,			0.19,			0.057
514,	1,	169.0,	154.176,			1.285,			0.117,			0.06
515,	1,	498.0,	154.226,			2.038,			0.286,			0.058
516,	1,	59.0,	154.398,			2.155,			0.255,			0.056
517,	1,	30.0,	154.468,			2.91,			0.219,			0.053
518,	1,	13.0,	154.547,			2.936,			0.223,			0.054
519,	1,	59.0,	154.63,			2.232,			0.205,			0.055
520,	1,	146.0,	154.659,			1.056,			0.124,			0.055
521,	1,	157.0,	155.092,			2.038,			0.107,			0.053
522,	1,	169.0,	155.477,			1.356,			0.103,			0.054
523,	1,	447.0,	155.587,			1.103,			0.174,			0.051
524,	1,	6.0,	155.632,			2.467,			0.265,			0.05
525,	1,	59.0,	155.761,			2.703,			0.146,			0.05
526,	1,	95.0,	155.915,			2.349,			0.267,			0.06
527,	1,	120.0,	156.072,			1.609,			0.276,			0.056
528,	1,	90.0,	156.194,			2.346,			0.142,			0.052
529,	1,	90.0,	156.751,			2.52,			0.23,			0.051
530,	1,	16.0,	156.824,			2.554,			0.292,			0.059
531,	1,	6.0,	157.368,			2.144,			0.229,			0.052
532,	1,	120.0,	157.471,			2.651,			0.116,			0.053
533,	1,	28.0,	157.869,			2.184,			0.152,			0.05
534,	1,	49.0,	158.292,			1.592,			0.277,			0.054
535,	1,	7.0,	158.293,			2.596,			0.272,			0.052
536,	1,	214.0,	158.593,			1.844,			0.239,			0.057
537,	1,	30.0,	158.595,			2.351,			0.165,			0.055
538,	1,	44.0,	158.69,			1.841,			0.247,			0.055
539,	1,	120.0,	158.739,			1.283,			0.2,			0.051
540,	2,	247.0,	158.74,			11.229,			1.332,			0.173
541,	1,	214.0,	158.785,			2.91,			0.256,			0.056
542,	2,	124.0,	158.817,			12.024,			1.084,			0.136
543,	1,	169.0,	158.943,			1.048,			0.16,			0.054
544,	1,	13.0,	159.042,			1.043,			0.215,			0.051
545,	1,	379.0,	159.091,			1.756,			0.168,			0.053
546,	1,	44.0,	159.196,			2.872,			0.291,			0.053
547,	1,	103.0,	159.231,			2.712,			0.225,			0.06
548,	1,	7.0,	159.367,			2.19,			0.109,			0.05
549,	1,	7.0,	159.507,			1.307,			0.247,			0.052
550,	1,	498.0,	159.509,			1.592,			0.195,			0.057
551,	2,	240.0,	159.609,			13.437,			1.139,			0.133
552,	2,	201.0,	159.79,			10.01,			1.015,			0.138
553,	1,	6.0,	159.972,			2.425,			0.182,			0.058
554,	2,	171.0,	160.14,			12.526,			1.467,			0.169
555,	1,	214.0,	160.214,			2.786,			0.149,			0.055
556,	1,	169.0,	160.295,			2.503,			0.217,			0.055
557,	1,	49.0,	160.39,			2.659,			0.231,			0.053
558,	1,	44.0,	160.617,			2.78,			0.176,			0.053
559,	1,	7.0,	161.128,			2.268,			0.28,			0.056
560,	1,	7.0,	161.301,			1.095,			0.186,			0.06
561,	1,	103.0,	161.444,			1.554,			0.264,			0.055
562,	2,	51.0,	161.473,			12.046,			1.055,			0.158
563,	1,	169.0,	161.627,			1.25,			0.27,			0.056
564,	2,	237.0,	161.705,			14.515,			1.326,			0.123
565,	1,	16.0,	161.804,			2.542,			0.192,			0.059
566,	1,	146.0,	161.832,			2.678,			0.157,			0.052
567,	1,	379.0,	161.85,			2.096,			0.165,			0.055
568,	1,	498.0,	161.989,			1.17,			0.225,			0.056
569,	1,	512.0,	162.111,			2.549,			0.288,			0.056
570,	1,	13.0,	162.475,			2.565,			0.277,			0.054
571,	1,	7.0,	162.708,			1.956,			0.189,			0.058
572,	1,	90.0,	162.991,			1.807,			0.277,			0.053
573,	1,	379.0,	162.997,			2.522,			0.208,			0.057
574,	1,	7.0,	163.074,			1.157,			0.257,			0.055
575,	1,	7.0,	163.331,			1.158,			0.169,			0.052
576,	1,	44.0,	163.453,			2.415,			0.113,			0.057
577,	1,	95.0,	163.498,			2.223,			0.111,			0.057
578,	1,	28.0,	163.516,			2.562,			0.298,			0.05
579,	2,	84.0,	163.927,			10.936,			1.013,			0.199
580,	1,	6.0,	164.272,			2.684,			0.158,			0.052
581,	1,	157.0,	164.341,			2.9,			0.259,			0.056
582,	1,	44.0,	164.489,			2.43,			0.237,			0.056
583,	1,	44.0,	164.524,			1.433,			0.15,			0.054
584,	1,	13.0,	164.562,			2.9,			0.153,			0.051
585,	1,	49.0,	164.879,			1.307,			0.207,			0.058
586,	1,	7.0,	164.948,			1.657,			0.15,			0.059
587,	1,	120.0,	164.975,			1.609,			0.288,			0.05
588,	1,	387.0,	165.344,			2.288,			0.289,			0.058
589,	1,	387.0,	165.457,			1.731,			0.162,			0.056
590,	1,	146.0,	165.569,			1.61,			0.223,			0.056
591,	1,	16.0,	166.141,			1.756,			0.177,			0.052
592,	1,	146.0,	166.162,			1.191,			0.175,			0.052
593,	1,	7.0,	166.281,			1.464,			0.259,			0.056
594,	1,	6.0,	166.524,			1.317,			0.133,			0.054
595,	1,	6.0,	166.683,			2.398,			0.109,			0.052
596,	1,	7.0,	166.799,			2.695,			0.167,			0.057
597,	1,	16.0,	167.154,			1.086,			0.113,			0.057
598,	1,	120.0,	167.218,			1.81,			0.244,			0.054
599,	1,	6.0,	167.284,			1.164,			0.259,			0.053
600,	1,	559.0,	167.631,			2.398,			0.112,			0.059
601,	2,	128.0,	167.724,			11.591,			1.322,			0.185
602,	1,	447.0,	167.829,			2.304,			0.114,			0.059
603,	1,	44.0,	168.142,			2.991,			0.258,			0.051
604,	1,	28.0,	168.523,			1.827,			0.272,			0.05
605,	1,	10.0,	168.667,			1.591,			0.206,			0.053
606,	1,	512.0,	168.775,			1.935,			0.225,			0.057
607,	2,	133.0,	168.786,			11.581,			1.334,			0.111
608,	1,	120.0,	168.805,			2.635,			0.109,			0.053
609,	1,	169.0,	168.9,			2.492,			0.236,			0.06
610,	1,	512.0,	168.904,			1.056,			0.254,			0.051
611,	1,	169.0,	169.083,			1.499,			0.257,			0.057
612,	2,	80.0,	169.102,			11.717,			1.463,			0.147
613,	1,	44.0,	169.129,			1.316,			0.176,			0.059
614,	1,	512.0,	169.213,			2.298,			0.215,			0.056
615,	1,	7.0,	169.234,			1.756,			0.22,			0.059
616,	1,	559.0,	169.46,			2.048,			0.225,			0.059
617,	1,	387.0,	169.535,			2.415,			0.169,			0.059
618,	1,	10.0,	169.834,			1.424,			0.209,			0.055
619,	1,	214.0,	169.925,			2.222,			0.147,			0.057
620,	1,	120.0,	170.054,			2.999,			0.281,			0.057
621,	1,	7.0,	170.118,			1.035,			0.298,			0.054
622,	1,	44.0,	170.196,			1.103,			0.151,			0.053
623,	1,	10.0,	170.22,			1.367,			0.233,			0.056
624,	1,	214.0,	170.362,			2.446,			0.148,			0.056
625,	1,	6.0,	170.511,			1.783,			0.185,			0.051
626,	1,	30.0,	170.652,			1.59,			0.159,			0.057
627,	1,	7.0,	170.736,			1.984,			0.17,			0.05
628,	1,	49.0,	170.881,			2.926,			0.272,			0.056
629,	1,	169.0,	170.926,			2.345,			0.14,			0.053
630,	1,	13.0,	171.167,			2.498,			0.166,			0.055
631,	1,	90.0,	171.23,			2.037,			0.288,			0.05
632,	1,	13.0,	171.319,			2.879,			0.152,			0.053
633,	1,	13.0,	171.351,			1.558,			0.216,			0.052
634,	1,	559.0,	171.44,			1.828,			0.254,			0.056
635,	1,	379.0,	171.52,			1.473,			0.133,			0.053
636,	2,	202.0,	171.564,			12.155,			1.086,			0.112
637,	1,	498.0,	171.566,			1.774,			0.122,			0.052
638,	1,	7.0,	171.589,			2.861,			0.207,			0.056
639,	1,	6.0,	171.829,			2.69,			0.101,			0.055
640,	1,	6.0,	171.871,			1.009,			0.287,			0.051
641,	1,	90.0,	172.08,			1.406,			0.169,			0.056
642,	1,	13.0,	172.105,			1.249,			0.259,			0.052
643,	1,	7.0,	172.663,			1.996,			0.185,			0.058
644,	1,	103.0,	172.701,			2.95,			0.233,			0.058
645,	1,	6.0,	172.807,			2.133,			0.128,			0.052
646,	1,	7.0,	172.986,			1.241,			0.287,			0.058
647,	1,	498.0,	173.09,			1.981,			0.235,			0.054
648,	2,	230.0,	173.093,			10.035,			1.053,			0.112
649,	2,	226.0,	173.178,			14.53,			1.012,			0.112
650,	2,	251.0,	173.482,			12.447,			1.072,			0.108
651,	1,	512.0,	173.511,			1.357,			0.135,			0.052
652,	1,	103.0,	173.517,			2.757,			0.203,			0.055
653,	1,	59.0,	173.591,			1.435,			0.17,			0.055
654,	1,	90.0,	173.596,			1.215,			0.225,			0.057
655,	1,	13.0,	173.804,			2.95,			0.236,			0.051
656,	1,	379.0,	173.827,			2.252,			0.177,			0.053
657,	1,	6.0,	173.997,			1.009,			0.146,			0.056
658,	1,	90.0,	174.012,			1.587,			0.267,			0.054
659,	1,	157.0,	174.127,			1.663,			0.14,			0.054
660,	1,	30.0,	174.241,			2.78,			0.223,			0.056
661,	1,	7.0,	174.365,			2.976,			0.146,			0.051
662,	2,	213.0,	174.753,			14.534,			1.119,			0.108
663,	1,	120.0,	174.764,			2.936,			0.185,			0.055
664,	1,	169.0,	175.03,			2.318,			0.109,			0.052
665,	1,	379.0,	175.074,			1.869,			0.232,			0.05
666,	1,	49.0,	175.131,			2.149,			0.235,			0.054
667,	1,	103.0,	175.306,			1.515,			0.133,			0.053
668,	1,	559.0,	175.513,			1.473,			0.218,			0.052
669,	1,	16.0,	175.565,			1.681,			0.173,			0.052
670,	1,	95.0,	175.597,			2.568,			0.198,			0.053
671,	1,	44.0,	175.617,			2.968,			0.269,			0.051
672,	1,	169.0,	175.649,			2.025,			0.226,			0.057
673,	1,	16.0,	176.28,			2.973,			0.212,			0.051
674,	2,	52.0,	176.404,			11.433,			1.497,			0.111
675,	1,	7.0,	176.586,			2.223,			0.161,			0.052
676,	1,	7.0,	176.673,			2.588,			0.299,			0.056
677,	1,	512.0,	176.746,			2.553,			0.156,			0.058
678,	1,	7.0,	176.862,			2.914,			0.206,			0.053
679,	1,	7.0,	176.891,			1.914,			0.211,			0.059
680,	1,	90.0,	177.001,			1.422,			0.189,			0.059
681,	1,	7.0,	177.428,			1.188,			0.277,			0.058
682,	1,	7.0,	177.706,			2.889,			0.298,			0.051
683,	1,	157.0,	177.79,			1.927,			0.258,			0.056
684,	1,	447.0,	177.999,			1.188,			0.254,			0.052
685,	2,	228.0,	178.358,			10.399,			1.47,			0.199
686,	2,	234.0,	178.417,			14.492,			1.488,			0.182
687,	1,	30.0,	178.498,			1.291,			0.295,			0.054
688,	1,	387.0,	178.547,			2.366,			0.15,			0.051
689,	1,	44.0,	178.557,			2.52,			0.258,			0.051
690,	1,	498.0,	178.63,			2.525,			0.279,			0.059
691,	1,	16.0,	178.958,			2.976,			0.221,			0.052
692,	1,	214.0,	179.13,			1.513,			0.16,			0.055
693,	1,	103.0,	179.323,			1.637,			0.245,			0.052
694,	1,	7.0,	179.658,			2.549,			0.153,			0.052
695,	1,	90.0,	179.739,			1.358,			0.258,			0.059
696,	1,	59.0,	180.331,			1.698,			0.236,			0.051
697,	1,	157.0,	180.951,			2.489,			0.107,			0.055
698,	1,	30.0,	181.005,			2.345,			0.299,			0.051
699,	1,	7.0,	181.093,			1.816,			0.289,			0.058
700,	1,	90.0,	181.441,			1.981,			0.125,			0.056
701,	2,	167.0,	181.611,			11.164,			1.299,			0.136
702,	1,	559.0,	181.629,			1.653,			0.144,			0.058
703,	1,	379.0,	181.653,			1.217,			0.146,			0.05
704,	1,	49.0,	182.146,			1.398,			0.233,			0.053
705,	1,	146.0,	182.576,			1.505,			0.194,			0.053
706,	1,	379.0,	182.808,			2.1,			0.226,			0.055
707,	2,	332.0,	182.827,			11.575,			1.06,			0.117
708,	1,	214.0,	182.831,			2.943,			0.133,			0.053
709,	1,	44.0,	183.815,			1.151,			0.159,			0.06
710,	1,	30.0,	183.927,			2.986,			0.142,			0.056
711,	1,	7.0,	183.935,			1.716,			0.273,			0.055
712,	1,	59.0,	184.123,			2.8,			0.283,			0.052
713,	1,	90.0,	184.25,			1.485,			0.151,			0.053
714,	1,	10.0,	184.496,			2.622,			0.237,			0.057
715,	1,	7.0,	184.506,			2.013,			0.223,			0.056
716,	1,	7.0,	184.604,			2.907,			0.297,			0.051
717,	1,	157.0,	184.611,			1.431,			0.239,			0.051
718,	1,	95.0,	184.637,			2.735,			0.185,			0.051
719,	1,	498.0,	184.717,			2.378,			0.268,			0.055
720,	1,	498.0,	184.742,			1.151,			0.179,			0.054
721,	1,	7.0,	184.802,			1.309,			0.107,			0.057
722,	2,	147.0,	184.947,			14.934,			1.401,			0.102
723,	1,	498.0,	185.04,			2.602,			0.228,			0.057
724,	1,	7.0,	185.236,			2.533,			0.222,			0.052
725,	1,	7.0,	185.402,			2.301,			0.251,			0.051
726,	1,	13.0,	185.539,			2.031,			0.189,			0.056
727,	1,	169.0,	185.702,			1.988,			0.209,			0.052
728,	1,	13.0,	186.122,			1.524,			0.125,			0.058
729,	1,	6.0,	186.253,			1.715,			0.292,			0.052
730,	2,	109.0,	186.284,			13.016,			1.326,			0.142
731,	2,	57.0,	186.545,			14.942,			1.465,			0.196
732,	1,	90.0,	186.57,			1.477,			0.136,			0.053
733,	1,	44.0,	186.579,			2.632,			0.2,			0.06
734,	2,	154.0,	186.801,			11.438,			1.23,			0.197
735,	1,	447.0,	187.215,			2.498,			0.283,			0.055
736,	2,	106.0,	187.285,			14.658,			1.268,			0.129
737,	1,	30.0,	187.441,			1.639,			0.121,			0.05
738,	1,	13.0,	187.498,			1.108,			0.159,			0.051
739,	1,	126.0,	187.526,			2.194,			0.231,			0.058
740,	1,	44.0,	187.828,			2.625,			0.235,			0.055
741,	1,	13.0,	188.307,			1.473,			0.298,			0.059
742,	1,	157.0,	188.44,			1.816,			0.169,			0.05
743,	1,	7.0,	188.591,			2.149,			0.244,			0.06
744,	1,	379.0,	188.607,			1.014,			0.259,			0.054
745,	1,	7.0,	188.919,			2.296,			0.142,			0.05
746,	1,	6.0,	189.144,			2.273,			0.173,			0.051
747,	1,	157.0,	189.986,			2.027,			0.208,			0.053
748,	1,	16.0,	190.045,			2.084,			0.272,			0.053
749,	1,	49.0,	190.235,			1.499,			0.267,			0.053
750,	1,	447.0,	190.715,			2.984,			0.225,			0.051
751,	1,	120.0,	191.333,			1.16,			0.167,			0.052
752,	1,	44.0,	191.364,			1.08,			0.145,			0.059
753,	1,	90.0,	191.407,			2.194,			0.216,			0.06
754,	1,	10.0,	191.606,			1.561,			0.168,			0.058
755,	1,	169.0,	191.668,			1.482,			0.193,			0.056
756,	1,	44.0,	191.91,			2.143,			0.146,			0.054
757,	2,	112.0,	191.995,			12.767,			1.481,			0.105
758,	1,	30.0,	192.272,			1.981,			0.228,			0.054
759,	1,	214.0,	192.611,			1.052,			0.293,			0.057
760,	1,	559.0,	193.059,			1.736,			0.221,			0.055
761,	2,	188.0,	193.257,			10.269,			1.369,			0.119
762,	1,	6.0,	193.457,			1.864,			0.215,			0.055
763,	1,	13.0,	193.636,			1.291,			0.225,			0.057
764,	2,	167.0,	193.893,			12.703,			1.202,			0.185
765,	1,	6.0,	194.086,			1.826,			0.18,			0.059
766,	1,	44.0,	194.154,			1.709,			0.165,			0.055
767,	1,	30.0,	194.274,			2.479,			0.139,			0.058
768,	1,	6.0,	194.311,			2.342,			0.12,			0.057
769,	1,	10.0,	194.957,			2.697,			0.24,			0.055
770,	1,	49.0,	195.349,			1.249,			0.23,			0.056
771,	2,	119.0,	195.535,			13.059,			1.262,			0.105
772,	1,	44.0,	196.112,			1.317,			0.266,			0.053
773,	1,	6.0,	196.144,			1.14,			0.161,			0.058
774,	1,	7.0,	196.229,			2.138,			0.206,			0.05
775,	1,	379.0,	196.384,			1.024,			0.241,			0.054
776,	1,	447.0,	196.415,			2.088,			0.293,			0.058
777,	1,	7.0,	196.698,			2.907,			0.221,			0.059
778,	1,	30.0,	196.844,			1.996,			0.249,			0.056
779,	1,	10.0,	197.232,			1.914,			0.19,			0.058
780,	1,	28.0,	198.132,			2.711,			0.265,			0.056
781,	1,	90.0,	198.23,			1.024,			0.123,			0.052
782,	1,	126.0,	198.548,			1.869,			0.214,			0.055
783,	1,	169.0,	199.055,			2.634,			0.184,			0.059
784,	1,	7.0,	199.755,			2.753,			0.101,			0.06
785,	1,	44.0,	199.856,			1.827,			0.212,			0.052
786,	1,	559.0,	199.871,			1.941,			0.291,			0.05
787,	2,	172.0,	200.457,			12.019,			1.46,			0.179
788,	1,	90.0,	201.02,			2.544,			0.239,			0.054
789,	1,	16.0,	201.092,			1.719,			0.143,			0.05
790,	1,	59.0,	201.508,			2.034,			0.202,			0.056
791,	2,	134.0,	201.571,			12.792,			1.291,			0.194
792,	1,	49.0,	201.614,			1.3,			0.295,			0.055
793,	1,	90.0,	201.85,			2.557,			0.165,			0.057
794,	1,	498.0,	202.301,			1.9,			0.107,			0.051
795,	2,	79.0,	202.433,			13.878,			1.31,			0.138
796,	1,	59.0,	203.057,			1.59,			0.247,			0.056
797,	1,	6.0,	203.333,			2.789,			0.299,			0.055
798,	1,	103.0,	203.529,			2.807,			0.2,			0.058
799,	1,	6.0,	203.642,			1.46,			0.172,			0.055
800,	1,	44.0,	203.659,			1.612,			0.288,			0.059
801,	1,	157.0,	203.861,			1.513,			0.232,			0.05
802,	1,	90.0,	204.324,			1.859,			0.2,			0.056
803,	1,	169.0,	204.327,			1.998,			0.209,			0.06
804,	1,	447.0,	204.372,			1.162,			0.129,			0.06
805,	2,	66.0,	204.392,			13.249,			1.452,			0.2
806,	1,	498.0,	204.535,			1.376,			0.28,			0.052
807,	2,	130.0,	204.54,			11.058,			1.231,			0.144
808,	2,	234.0,	204.883,			11.537,			1.369,			0.114
809,	1,	157.0,	205.095,			1.402,			0.214,			0.057
810,	1,	28.0,	205.216,			2.155,			0.258,			0.051
811,	1,	44.0,	205.226,			2.756,			0.126,			0.056
812,	1,	559.0,	205.586,			1.807,			0.16,			0.051
813,	1,	10.0,	205.776,			2.661,			0.146,			0.057
814,	1,	214.0,	205.9,			1.168,			0.296,			0.057
815,	1,	120.0,	206.085,			1.807,			0.25,			0.058
816,	1,	30.0,	206.208,			2.711,			0.263,			0.057
817,	1,	90.0,	206.323,			1.515,			0.134,			0.055
818,	1,	126.0,	206.421,			1.761,			0.289,			0.051
819,	1,	90.0,	206.587,			1.581,			0.202,			0.051
820,	1,	447.0,	206.624,			2.298,			0.13,			0.059
821,	1,	6.0,	206.642,			2.697,			0.236,			0.056
822,	1,	6.0,	206.995,			1.719,			0.116,			0.056
823,	1,	157.0,	207.075,			1.561,			0.12,			0.053
824,	1,	126.0,	207.087,			1.681,			0.242,			0.056
825,	1,	95.0,	207.172,			2.223,			0.124,			0.054
826,	1,	13.0,	207.494,			1.883,			0.133,			0.051
827,	2,	277.0,	207.629,			11.46,			1.07,			0.173
828,	2,	141.0,	207.716,			12.155,			1.131,			0.151
829,	1,	214.0,	207.719,			2.454,			0.161,			0.06
830,	1,	13.0,	208.055,			2.35,			0.14,			0.057
831,	1,	28.0,	208.236,			1.044,			0.254,			0.054
832,	2,	178.0,	208.831,			14.77,			1.394,			0.129
833,	1,	30.0,	209.272,			2.412,			0.27,			0.054
834,	1,	6.0,	209.464,			1.575,			0.262,			0.051
835,	1,	90.0,	209.486,			2.844,			0.216,			0.058
836,	1,	512.0,	209.745,			1.106,			0.102,			0.05
837,	1,	90.0,	210.152,			1.119,			0.262,			0.052
838,	1,	512.0,	210.593,			2.748,			0.102,			0.054
839,	1,	13.0,	211.151,			2.36,			0.187,			0.055
840,	2,	226.0,	211.439,			12.809,			1.421,			0.102
841,	2,	58.0,	211.92,			10.877,			1.421,			0.123
842,	1,	512.0,	212.018,			2.972,			0.205,			0.054
843,	2,	87.0,	212.241,			13.816,			1.452,			0.113
844,	1,	169.0,	212.278,			1.266,			0.158,			0.051
845,	2,	141.0,	212.528,			12.101,			1.489,			0.137
846,	2,	103.0,	212.55,			11.591,			1.154,			0.106
847,	1,	59.0,	212.695,			2.76,			0.192,			0.054
848,	1,	13.0,	212.92,			1.283,			0.19,			0.05
849,	2,	121.0,	213.199,			14.197,			1.33,			0.199
850,	1,	6.0,	213.253,			1.437,			0.292,			0.055
851,	1,	90.0,	213.336,			1.75,			0.119,			0.057
852,	1,	90.0,	213.634,			2.936,			0.161,			0.057
853,	1,	49.0,	213.675,			1.592,			0.228,			0.059
854,	1,	512.0,	213.844,			1.471,			0.284,			0.057
855,	1,	512.0,	214.015,			2.252,			0.161,			0.057
856,	1,	6.0,	214.036,			2.842,			0.257,			0.053
857,	1,	512.0,	214.086,			1.17,			0.142,			0.05
858,	1,	30.0,	214.373,			2.004,			0.212,			0.057
859,	1,	126.0,	214.378,			2.797,			0.258,			0.052
860,	1,	126.0,	214.758,			1.757,			0.237,			0.054
861,	1,	6.0,	214.823,			1.496,			0.122,			0.051
862,	2,	181.0,	214.936,			13.438,			1.359,			0.188
863,	1,	120.0,	214.94,			2.991,			0.211,			0.06
864,	1,	44.0,	215.083,			2.76,			0.289,			0.052
865,	1,	120.0,	215.301,			2.555,			0.287,			0.053
866,	1,	10.0,	215.488,			2.31,			0.273,			0.06
867,	1,	379.0,	216.319,			2.149,			0.275,			0.058
868,	1,	49.0,	216.359,			1.158,			0.177,			0.057
869,	1,	146.0,	216.69,			1.535,			0.156,			0.057
870,	1,	169.0,	216.995,			2.198,			0.255,			0.05
871,	1,	126.0,	217.06,			1.61,			0.21,			0.056
872,	1,	512.0,	217.47,			1.862,			0.116,			0.055
873,	2,	103.0,	217.5,			13.169,			1.32,			0.111
874,	2,	133.0,	217.536,			12.976,			1.133,			0.166
875,	2,	133.0,	217.614,			11.93,			1.444,			0.193
876,	1,	7.0,	217.704,			1.188,			0.113,			0.051
877,	2,	98.0,	217.758,			10.63,			1.195,			0.179
878,	1,	379.0,	218.345,			1.458,			0.276,			0.057
879,	1,	7.0,	218.817,			2.637,			0.197,			0.051
880,	2,	295.0,	218.819,			12.393,			1.477,			0.157
881,	1,	7.0,	218.85,			1.952,			0.217,			0.058
882,	1,	120.0,	219.015,			1.801,			0.27,			0.057
883,	1,	6.0,	219.083,			2.265,			0.117,			0.055
884,	1,	214.0,	220.049,			1.495,			0.225,			0.06
885,	2,	133.0,	220.59,			13.154,			1.101,			0.166
886,	2,	58.0,	220.828,			12.089,			1.198,			0.125
887,	2,	56.0,	221.336,			13.943,			1.332,			0.176
888,	1,	126.0,	221.864,			1.783,			0.219,			0.06
889,	1,	559.0,	221.945,			1.467,			0.259,			0.054
890,	1,	49.0,	222.442,			2.91,			0.274,			0.051
891,	1,	7.0,	222.456,			1.204,			0.106,			0.051
892,	1,	95.0,	222.651,			1.211,			0.222,			0.051
893,	1,	95.0,	222.688,			2.91,			0.271,			0.051
894,	1,	44.0,	223.109,			1.667,			0.193,			0.055
895,	1,	214.0,	223.892,			2.013,			0.177,			0.06
896,	1,	16.0,	224.412,			2.085,			0.126,			0.056
897,	1,	13.0,	225.156,			2.525,			0.133,			0.051
898,	1,	44.0,	225.482,			2.761,			0.237,			0.054
899,	2,	143.0,	225.724,			13.381,			1.011,			0.149
900,	1,	49.0,	225.851,			2.651,			0.238,			0.055
901,	1,	95.0,	226.04,			2.842,			0.203,			0.059
902,	1,	95.0,	226.188,			2.038,			0.141,			0.05
903,	1,	6.0,	226.348,			2.047,			0.224,			0.051
904,	1,	387.0,	226.445,			1.187,			0.207,			0.056
905,	1,	6.0,	226.514,			2.26,			0.188,			0.055
906,	1,	6.0,	227.074,			2.379,			0.199,			0.054
907,	1,	214.0,	227.188,			2.454,			0.265,			0.052
908,	1,	44.0,	227.268,			2.305,			0.165,			0.052
909,	2,	86.0,	228.023,			10.443,			1.327,			0.124
910,	2,	192.0,	228.03,			11.539,			1.382,			0.174
911,	1,	447.0,	228.075,			1.155,			0.275,			0.054
912,	2,	192.0,	228.174,			11.265,			1.183,			0.127
913,	1,	447.0,	228.534,			2.122,			0.17,			0.056
914,	2,	213.0,	228.69,			12.588,			1.273,			0.144
915,	1,	16.0,	228.828,			2.318,			0.258,			0.055
916,	1,	387.0,	229.074,			2.776,			0.228,			0.054
917,	1,	6.0,	229.142,			1.679,			0.148,			0.053
918,	1,	7.0,	229.195,			2.598,			0.238,			0.054
919,	1,	44.0,	229.671,			2.555,			0.27,			0.054
920,	1,	498.0,	230.477,			1.45,			0.272,			0.058
921,	1,	10.0,	230.636,			2.414,			0.164,			0.051
922,	1,	7.0,	230.732,			1.9,			0.245,			0.056
923,	1,	447.0,	230.939,			2.91,			0.27,			0.054
924,	2,	162.0,	231.098,			11.39,			1.124,			0.177
925,	1,	44.0,	231.661,			1.841,			0.116,			0.05
926,	1,	7.0,	232.258,			1.027,			0.154,			0.058
927,	1,	10.0,	232.592,			2.548,			0.147,			0.051
928,	2,	160.0,	232.998,			11.263,			1.008,			0.117
929,	1,	214.0,	233.644,			1.27,			0.159,			0.053
930,	1,	6.0,	233.935,			1.406,			0.174,			0.055
931,	1,	214.0,	234.391,			1.561,			0.125,			0.053
932,	1,	7.0,	234.492,			2.457,			0.215,			0.059
933,	2,	190.0,	234.989,			14.692,			1.326,			0.16
934,	2,	263.0,	235.444,			13.874,			1.023,			0.158
935,	1,	30.0,	235.602,			1.707,			0.18,			0.058
936,	1,	126.0,	235.709,			1.146,			0.279,			0.054
937,	1,	157.0,	235.987,			1.728,			0.243,			0.051
938,	2,	133.0,	236.187,			12.299,			1.305,			0.151
939,	1,	157.0,	236.327,			2.659,			0.166,			0.053
940,	1,	44.0,	236.84,			2.487,			0.285,			0.056
941,	2,	122.0,	237.031,			14.23,			1.134,			0.151
942,	2,	100.0,	237.507,			10.277,			1.278,			0.122
943,	1,	6.0,	238.672,			1.67,			0.174,			0.056
944,	1,	103.0,	238.683,			2.092,			0.244,			0.052
945,	2,	130.0,	239.116,			13.038,			1.012,			0.116
946,	1,	379.0,	239.968,			1.051,			0.202,			0.053
947,	1,	44.0,	240.179,			2.492,			0.147,			0.056
948,	1,	16.0,	240.251,			2.056,			0.21,			0.052
949,	1,	447.0,	241.483,			1.612,			0.102,			0.052
950,	1,	7.0,	241.997,			1.631,			0.216,			0.056
951,	1,	95.0,	242.317,			1.932,			0.168,			0.051
952,	2,	181.0,	242.681,			10.194,			1.474,			0.12
953,	2,	143.0,	243.42,			11.247,			1.108,			0.125
954,	1,	379.0,	243.791,			2.223,			0.222,			0.051
955,	1,	95.0,	244.901,			2.627,			0.247,			0.057
956,	2,	251.0,	245.785,			10.56,			1.062,			0.121
957,	1,	120.0,	246.869,			2.813,			0.299,			0.05
958,	1,	90.0,	248.831,			2.116,			0.28,			0.055
959,	1,	512.0,	249.415,			2.776,			0.294,			0.056
960,	1,	214.0,	251.242,			1.048,			0.128,			0.059
961,	2,	244.0,	252.679,			14.152,			1.218,			0.156
962,	1,	387.0,	252.849,			1.702,			0.138,			0.06
963,	1,	169.0,	252.928,			1.732,			0.297,			0.058
964,	2,	189.0,	254.458,			13.025,			1.268,			0.16
965,	1,	13.0,	257.37,			2.628,			0.241,			0.054
966,	1,	214.0,	259.07,			1.432,			0.272,			0.052
967,	2,	201.0,	259.963,			10.16,			1.319,			0.136
968,	2,	59.0,	260.208,			13.587,			1.164,			0.111
969,	2,	44.0,	260.867,			12.912,			1.022,			0.19
970,	2,	188.0,	261.557,			10.893,			1.384,			0.128
971,	2,	133.0,	264.428,			12.101,			1.369,			0.104
972,	1,	16.0,	266.168,			2.35,			0.117,			0.055
973,	2,	184.0,	266.88,			10.461,			1.215,			0.107
974,	1,	387.0,	270.103,			2.293,			0.238,			0.059
975,	1,	6.0,	270.221,			1.828,			0.133,			0.057
976,	2,	109.0,	270.267,			14.253,			1.425,			0.118
977,	1,	7.0,	271.078,			2.169,			0.18,			0.053
978,	2,	225.0,	271.193,			11.383,			1.194,			0.198
979,	2,	240.0,	271.553,			13.249,			1.464,			0.158
980,	2,	103.0,	272.536,			10.792,			1.394,			0.17
981,	2,	153.0,	272.856,			12.789,			1.362,			0.139
982,	2,	261.0,	273.603,			12.174,			1.465,			0.111
983,	2,	113.0,	273.766,			10.584,			1.25,			0.109
984,	2,	111.0,	274.993,			11.153,			1.456,			0.105
985,	1,	7.0,	276.216,			1.679,			0.131,			0.053
986,	2,	127.0,	276.401,			13.15,			1.144,			0.133
987,	2,	219.0,	280.762,			11.93,			1.335,			0.19
988,	2,	178.0,	281.619,			10.877,			1.201,			0.176
989,	1,	120.0,	283.783,			1.609,			0.206,			0.059
990,	2,	150.0,	284.066,			12.668,			1.278,			0.154
991,	1,	28.0,	285.165,			1.499,			0.116,			0.059
992,	2,	119.0,	286.513,			13.758,			1.45,			0.191
993,	2,	147.0,	286.527,			13.297,			1.261,			0.139
994,	2,	97.0,	289.835,			13.45,			1.013,			0.125
995,	2,	291.0,	294.672,			10.809,			1.218,			0.16
996,	2,	144.0,	296.044,			12.528,			1.159,			0.2
997,	2,	169.0,	296.274,			10.921,			1.222,			0.148
998,	2,	122.0,	296.342,			11.429,			1.456,			0.1
999,	2,	197.0,	298.094,			12.809,			1.406,			0.137
1000,	2,	120.0,	299.475,			10.207,			1.381,			0.113
