#, task_type_id, size, arrival_time,	execution_time_cpu,	execution_time_gpu,	execution_time_CLOUD
1,	2,	140.0,	1.658,			2.298,			0.105,			0.105,			2.31,			0.105,			0.048
2,	2,	214.0,	2.631,			2.3,			0.112,			0.112,			2.3,			0.095,			0.051
3,	2,	172.0,	3.465,			2.303,			0.095,			0.095,			2.284,			0.092,			0.049
4,	2,	227.0,	4.753,			2.315,			0.106,			0.106,			2.308,			0.107,			0.049
5,	2,	144.0,	5.27,			2.304,			0.1,			0.1,			2.296,			0.096,			0.05
6,	2,	147.0,	6.643,			2.303,			0.102,			0.102,			2.292,			0.093,			0.05
7,	2,	122.0,	10.621,			2.308,			0.101,			0.101,			2.302,			0.094,			0.049
8,	2,	281.0,	14.457,			2.306,			0.1,			0.1,			2.291,			0.107,			0.05
9,	2,	102.0,	14.828,			2.297,			0.103,			0.103,			2.309,			0.099,			0.051
10,	2,	192.0,	20.508,			2.304,			0.1,			0.1,			2.3,			0.094,			0.049
11,	2,	124.0,	22.185,			2.293,			0.097,			0.097,			2.279,			0.101,			0.051
12,	2,	151.0,	23.011,			2.3,			0.094,			0.094,			2.31,			0.099,			0.05
13,	2,	197.0,	24.498,			2.292,			0.101,			0.101,			2.301,			0.101,			0.049
14,	2,	143.0,	24.604,			2.304,			0.099,			0.099,			2.31,			0.101,			0.049
15,	2,	177.0,	26.285,			2.307,			0.104,			0.104,			2.297,			0.103,			0.049
16,	2,	150.0,	28.047,			2.307,			0.095,			0.095,			2.307,			0.098,			0.051
17,	2,	152.0,	28.778,			2.306,			0.095,			0.095,			2.317,			0.096,			0.05
18,	2,	196.0,	30.328,			2.314,			0.098,			0.098,			2.315,			0.108,			0.05
19,	2,	97.0,	30.545,			2.286,			0.103,			0.103,			2.307,			0.098,			0.049
20,	2,	83.0,	32.464,			2.3,			0.097,			0.097,			2.306,			0.104,			0.05
21,	2,	110.0,	36.422,			2.294,			0.1,			0.1,			2.298,			0.094,			0.051
22,	2,	141.0,	37.134,			2.298,			0.1,			0.1,			2.305,			0.103,			0.048
23,	2,	144.0,	39.456,			2.3,			0.093,			0.093,			2.306,			0.098,			0.049
24,	2,	117.0,	43.388,			2.278,			0.1,			0.1,			2.278,			0.099,			0.049
25,	2,	60.0,	43.827,			2.279,			0.11,			0.11,			2.293,			0.099,			0.049
26,	2,	150.0,	44.803,			2.29,			0.1,			0.1,			2.302,			0.104,			0.049
27,	2,	203.0,	46.742,			2.288,			0.106,			0.106,			2.315,			0.11,			0.052
28,	2,	151.0,	47.165,			2.302,			0.095,			0.095,			2.314,			0.1,			0.051
29,	2,	161.0,	48.032,			2.305,			0.104,			0.104,			2.3,			0.091,			0.052
30,	2,	131.0,	49.013,			2.31,			0.097,			0.097,			2.302,			0.093,			0.05
31,	2,	120.0,	53.242,			2.318,			0.094,			0.094,			2.304,			0.095,			0.049
32,	2,	100.0,	58.023,			2.281,			0.092,			0.092,			2.29,			0.094,			0.048
33,	2,	126.0,	58.707,			2.265,			0.095,			0.095,			2.313,			0.098,			0.052
34,	2,	151.0,	61.397,			2.314,			0.096,			0.096,			2.3,			0.093,			0.049
35,	2,	152.0,	62.131,			2.3,			0.088,			0.088,			2.311,			0.108,			0.05
36,	2,	221.0,	65.678,			2.304,			0.097,			0.097,			2.303,			0.101,			0.051
37,	2,	121.0,	68.415,			2.309,			0.096,			0.096,			2.291,			0.1,			0.049
38,	2,	180.0,	68.761,			2.281,			0.102,			0.102,			2.331,			0.106,			0.051
39,	2,	249.0,	70.14,			2.31,			0.103,			0.103,			2.3,			0.101,			0.051
40,	2,	268.0,	74.783,			2.309,			0.095,			0.095,			2.31,			0.101,			0.049
41,	2,	142.0,	75.416,			2.284,			0.093,			0.093,			2.299,			0.105,			0.051
42,	2,	91.0,	77.283,			2.314,			0.1,			0.1,			2.283,			0.101,			0.047
43,	2,	79.0,	79.139,			2.312,			0.093,			0.093,			2.295,			0.109,			0.049
44,	2,	101.0,	80.584,			2.305,			0.106,			0.106,			2.302,			0.091,			0.049
45,	2,	214.0,	80.99,			2.297,			0.102,			0.102,			2.302,			0.105,			0.049
46,	2,	171.0,	84.094,			2.312,			0.113,			0.113,			2.299,			0.098,			0.048
47,	2,	223.0,	89.936,			2.31,			0.106,			0.106,			2.288,			0.109,			0.05
48,	2,	119.0,	90.668,			2.308,			0.085,			0.085,			2.307,			0.094,			0.05
49,	2,	122.0,	92.209,			2.301,			0.112,			0.112,			2.286,			0.096,			0.05
50,	1,	28.0,	92.449,			1.458,			0.968,			0.968,			1.458,			0.963,			0.499
51,	1,	30.0,	92.94,			1.456,			0.97,			0.97,			1.45,			0.978,			0.5
52,	1,	59.0,	93.216,			1.459,			0.971,			0.971,			1.468,			0.966,			0.501
53,	1,	6.0,	93.458,			1.457,			0.972,			0.972,			1.466,			0.963,			0.501
54,	1,	90.0,	93.506,			1.466,			0.964,			0.964,			1.464,			0.975,			0.501
55,	1,	7.0,	94.07,			1.455,			0.964,			0.964,			1.461,			0.969,			0.499
56,	1,	95.0,	94.129,			1.449,			0.961,			0.961,			1.48,			0.965,			0.5
57,	1,	59.0,	94.466,			1.445,			0.97,			0.97,			1.463,			0.969,			0.501
58,	1,	7.0,	94.504,			1.445,			0.971,			0.971,			1.455,			0.958,			0.501
59,	1,	214.0,	96.659,			1.451,			0.978,			0.978,			1.443,			0.958,			0.498
60,	1,	157.0,	96.8,			1.472,			0.966,			0.966,			1.462,			0.973,			0.501
61,	2,	130.0,	97.373,			2.306,			0.1,			0.1,			2.294,			0.104,			0.049
62,	2,	100.0,	102.143,			2.298,			0.104,			0.104,			2.308,			0.099,			0.05
63,	2,	170.0,	102.889,			2.303,			0.091,			0.091,			2.303,			0.098,			0.052
64,	2,	145.0,	103.415,			2.303,			0.099,			0.099,			2.288,			0.094,			0.05
65,	2,	196.0,	103.676,			2.302,			0.094,			0.094,			2.314,			0.102,			0.049
66,	2,	341.0,	105.807,			2.31,			0.098,			0.098,			2.282,			0.101,			0.051
67,	2,	119.0,	107.408,			2.29,			0.099,			0.099,			2.291,			0.101,			0.05
68,	2,	78.0,	108.236,			2.302,			0.098,			0.098,			2.298,			0.108,			0.051
69,	2,	37.0,	110.519,			2.302,			0.097,			0.097,			2.314,			0.097,			0.049
70,	2,	97.0,	111.659,			2.289,			0.101,			0.101,			2.314,			0.091,			0.05
71,	2,	96.0,	112.892,			2.312,			0.096,			0.096,			2.297,			0.094,			0.05
72,	2,	66.0,	114.357,			2.314,			0.099,			0.099,			2.287,			0.099,			0.049
73,	2,	24.0,	114.7,			2.314,			0.104,			0.104,			2.309,			0.093,			0.052
74,	2,	112.0,	114.881,			2.307,			0.1,			0.1,			2.298,			0.106,			0.05
75,	2,	330.0,	118.426,			2.304,			0.104,			0.104,			2.312,			0.102,			0.051
76,	2,	175.0,	118.948,			2.303,			0.097,			0.097,			2.302,			0.101,			0.049
77,	2,	143.0,	119.441,			2.29,			0.112,			0.112,			2.3,			0.106,			0.05
78,	2,	96.0,	119.495,			2.303,			0.097,			0.097,			2.304,			0.103,			0.052
79,	2,	85.0,	121.091,			2.311,			0.095,			0.095,			2.297,			0.095,			0.051
80,	2,	133.0,	121.596,			2.304,			0.101,			0.101,			2.294,			0.106,			0.052
81,	2,	208.0,	124.684,			2.284,			0.099,			0.099,			2.309,			0.097,			0.052
82,	2,	126.0,	125.527,			2.303,			0.097,			0.097,			2.286,			0.099,			0.05
83,	2,	103.0,	125.705,			2.306,			0.095,			0.095,			2.288,			0.098,			0.049
84,	2,	125.0,	127.83,			2.281,			0.097,			0.097,			2.294,			0.105,			0.05
85,	2,	175.0,	129.477,			2.307,			0.098,			0.098,			2.323,			0.099,			0.051
86,	2,	316.0,	129.68,			2.296,			0.102,			0.102,			2.303,			0.097,			0.05
87,	2,	94.0,	130.339,			2.312,			0.096,			0.096,			2.316,			0.105,			0.049
88,	2,	146.0,	130.824,			2.265,			0.099,			0.099,			2.282,			0.11,			0.048
89,	2,	76.0,	133.791,			2.285,			0.104,			0.104,			2.29,			0.1,			0.05
90,	2,	227.0,	135.692,			2.309,			0.104,			0.104,			2.285,			0.107,			0.051
91,	2,	307.0,	135.904,			2.299,			0.103,			0.103,			2.323,			0.108,			0.05
92,	2,	158.0,	136.872,			2.304,			0.099,			0.099,			2.284,			0.089,			0.05
93,	2,	89.0,	137.419,			2.316,			0.099,			0.099,			2.285,			0.101,			0.049
94,	2,	263.0,	137.431,			2.289,			0.112,			0.112,			2.299,			0.098,			0.049
95,	2,	168.0,	137.79,			2.319,			0.104,			0.104,			2.31,			0.093,			0.05
96,	2,	258.0,	142.001,			2.297,			0.1,			0.1,			2.326,			0.094,			0.05
97,	2,	62.0,	142.763,			2.3,			0.101,			0.101,			2.303,			0.099,			0.05
98,	2,	142.0,	143.835,			2.289,			0.096,			0.096,			2.308,			0.094,			0.047
99,	2,	130.0,	145.41,			2.312,			0.102,			0.102,			2.304,			0.094,			0.047
100,	2,	142.0,	146.516,			2.296,			0.099,			0.099,			2.296,			0.097,			0.052
101,	2,	99.0,	146.592,			2.306,			0.11,			0.11,			2.314,			0.107,			0.051
102,	2,	87.0,	147.794,			2.313,			0.099,			0.099,			2.312,			0.099,			0.049
103,	2,	137.0,	148.415,			2.306,			0.1,			0.1,			2.297,			0.094,			0.051
104,	2,	110.0,	150.38,			2.307,			0.106,			0.106,			2.293,			0.098,			0.05
105,	2,	196.0,	150.528,			2.292,			0.113,			0.113,			2.303,			0.101,			0.049
106,	2,	61.0,	150.54,			2.302,			0.1,			0.1,			2.317,			0.096,			0.051
107,	2,	100.0,	150.796,			2.3,			0.095,			0.095,			2.292,			0.094,			0.05
108,	2,	225.0,	151.158,			2.289,			0.098,			0.098,			2.315,			0.104,			0.049
109,	2,	97.0,	151.413,			2.308,			0.105,			0.105,			2.296,			0.101,			0.051
110,	2,	80.0,	151.889,			2.292,			0.103,			0.103,			2.308,			0.099,			0.051
111,	2,	138.0,	154.72,			2.316,			0.094,			0.094,			2.292,			0.102,			0.05
112,	2,	214.0,	155.488,			2.289,			0.108,			0.108,			2.296,			0.098,			0.049
113,	2,	267.0,	155.942,			2.298,			0.1,			0.1,			2.291,			0.099,			0.051
114,	2,	115.0,	159.053,			2.308,			0.098,			0.098,			2.293,			0.1,			0.052
115,	2,	264.0,	160.608,			2.289,			0.101,			0.101,			2.307,			0.107,			0.05
116,	2,	140.0,	161.384,			2.297,			0.099,			0.099,			2.307,			0.103,			0.05
117,	2,	112.0,	161.441,			2.297,			0.105,			0.105,			2.297,			0.101,			0.049
118,	2,	166.0,	164.4,			2.307,			0.097,			0.097,			2.302,			0.095,			0.051
119,	2,	133.0,	164.802,			2.289,			0.106,			0.106,			2.31,			0.097,			0.051
120,	2,	114.0,	167.896,			2.283,			0.102,			0.102,			2.29,			0.099,			0.051
121,	2,	127.0,	168.415,			2.307,			0.101,			0.101,			2.299,			0.099,			0.049
122,	2,	112.0,	168.793,			2.303,			0.102,			0.102,			2.3,			0.094,			0.05
123,	2,	187.0,	168.896,			2.307,			0.099,			0.099,			2.309,			0.102,			0.051
124,	2,	185.0,	170.366,			2.315,			0.106,			0.106,			2.302,			0.098,			0.051
125,	2,	183.0,	174.825,			2.306,			0.088,			0.088,			2.291,			0.105,			0.05
126,	2,	131.0,	175.722,			2.301,			0.101,			0.101,			2.299,			0.105,			0.05
127,	2,	96.0,	177.05,			2.289,			0.095,			0.095,			2.303,			0.093,			0.05
128,	2,	147.0,	184.571,			2.315,			0.106,			0.106,			2.297,			0.104,			0.05
129,	2,	83.0,	184.596,			2.294,			0.1,			0.1,			2.302,			0.093,			0.051
130,	2,	48.0,	186.346,			2.317,			0.107,			0.107,			2.325,			0.105,			0.051
131,	2,	145.0,	186.882,			2.311,			0.094,			0.094,			2.302,			0.094,			0.05
132,	2,	164.0,	187.247,			2.3,			0.103,			0.103,			2.299,			0.096,			0.051
133,	2,	205.0,	187.928,			2.307,			0.096,			0.096,			2.281,			0.092,			0.05
134,	2,	161.0,	188.49,			2.308,			0.097,			0.097,			2.294,			0.112,			0.051
135,	2,	163.0,	188.904,			2.293,			0.097,			0.097,			2.305,			0.107,			0.051
136,	2,	136.0,	197.721,			2.293,			0.1,			0.1,			2.315,			0.103,			0.049
137,	3,	642.6,	197.827,			5.497,			1.49,			1.49,			5.49,			1.527,			0.902
138,	2,	145.0,	197.829,			2.306,			0.105,			0.105,			2.294,			0.103,			0.05
139,	3,	68.2,	197.857,			5.505,			1.482,			1.482,			5.482,			1.495,			0.901
140,	3,	274.6,	197.891,			5.503,			1.497,			1.497,			5.494,			1.496,			0.908
141,	3,	342.6,	197.994,			5.509,			1.496,			1.496,			5.504,			1.516,			0.895
142,	3,	193.2,	198.046,			5.512,			1.491,			1.491,			5.499,			1.496,			0.906
143,	3,	82.0,	198.098,			5.491,			1.491,			1.491,			5.493,			1.486,			0.902
144,	3,	544.8,	198.203,			5.502,			1.488,			1.488,			5.505,			1.503,			0.899
145,	3,	139.8,	198.254,			5.502,			1.503,			1.503,			5.494,			1.504,			0.901
146,	3,	90.7,	198.284,			5.498,			1.517,			1.517,			5.491,			1.498,			0.896
147,	3,	938.8,	198.385,			5.499,			1.507,			1.507,			5.508,			1.523,			0.904
148,	3,	117.4,	198.453,			5.515,			1.493,			1.493,			5.482,			1.509,			0.898
149,	3,	346.2,	198.473,			5.503,			1.503,			1.503,			5.521,			1.495,			0.902
150,	3,	93.4,	198.508,			5.496,			1.476,			1.476,			5.487,			1.49,			0.895
151,	3,	56.5,	198.514,			5.502,			1.508,			1.508,			5.515,			1.498,			0.896
152,	3,	155.9,	198.537,			5.495,			1.491,			1.491,			5.502,			1.48,			0.898
153,	3,	182.1,	198.613,			5.513,			1.483,			1.483,			5.492,			1.502,			0.888
154,	3,	169.0,	198.722,			5.513,			1.5,			1.5,			5.486,			1.492,			0.902
155,	3,	388.8,	198.775,			5.499,			1.513,			1.513,			5.491,			1.487,			0.907
156,	2,	173.0,	198.789,			2.299,			0.104,			0.104,			2.3,			0.105,			0.05
157,	3,	175.1,	199.063,			5.499,			1.517,			1.517,			5.498,			1.503,			0.904
158,	3,	99.9,	199.078,			5.498,			1.505,			1.505,			5.518,			1.507,			0.896
159,	2,	252.0,	199.131,			2.296,			0.101,			0.101,			2.298,			0.098,			0.049
160,	3,	596.6,	199.206,			5.498,			1.484,			1.484,			5.523,			1.497,			0.906
161,	3,	625.5,	199.286,			5.491,			1.496,			1.496,			5.493,			1.498,			0.905
162,	2,	120.0,	199.348,			2.296,			0.093,			0.093,			2.292,			0.101,			0.049
163,	3,	156.2,	199.37,			5.508,			1.496,			1.496,			5.498,			1.497,			0.902
164,	3,	585.4,	199.459,			5.492,			1.521,			1.521,			5.501,			1.483,			0.904
165,	3,	316.2,	199.533,			5.507,			1.517,			1.517,			5.478,			1.499,			0.903
166,	2,	113.0,	199.568,			2.315,			0.091,			0.091,			2.316,			0.094,			0.05
167,	3,	77.7,	199.633,			5.511,			1.489,			1.489,			5.485,			1.497,			0.904
168,	3,	582.3,	199.634,			5.503,			1.496,			1.496,			5.503,			1.494,			0.902
169,	3,	139.8,	199.801,			5.504,			1.504,			1.504,			5.508,			1.489,			0.897
170,	3,	266.0,	199.904,			5.503,			1.501,			1.501,			5.492,			1.523,			0.889
171,	3,	124.1,	199.965,			5.512,			1.484,			1.484,			5.494,			1.5,			0.905
172,	3,	449.9,	199.979,			5.485,			1.493,			1.493,			5.495,			1.491,			0.902
173,	3,	103.0,	200.003,			5.505,			1.513,			1.513,			5.504,			1.501,			0.89
174,	3,	73.8,	200.024,			5.492,			1.507,			1.507,			5.491,			1.502,			0.903
175,	3,	275.9,	200.056,			5.502,			1.472,			1.472,			5.498,			1.487,			0.908
176,	3,	83.0,	200.202,			5.497,			1.494,			1.494,			5.518,			1.503,			0.903
177,	3,	129.9,	200.303,			5.501,			1.507,			1.507,			5.517,			1.5,			0.899
178,	3,	57.1,	200.309,			5.5,			1.511,			1.511,			5.512,			1.505,			0.893
179,	3,	582.3,	200.359,			5.505,			1.51,			1.51,			5.484,			1.48,			0.897
180,	3,	56.6,	200.379,			5.491,			1.497,			1.497,			5.501,			1.508,			0.902
181,	3,	123.4,	200.398,			5.504,			1.498,			1.498,			5.494,			1.505,			0.895
182,	3,	265.9,	200.424,			5.506,			1.506,			1.506,			5.518,			1.518,			0.902
183,	3,	277.1,	200.442,			5.5,			1.512,			1.512,			5.504,			1.479,			0.901
184,	3,	170.1,	200.489,			5.492,			1.515,			1.515,			5.491,			1.523,			0.89
185,	3,	523.0,	200.532,			5.493,			1.483,			1.483,			5.506,			1.488,			0.9
186,	3,	456.3,	200.559,			5.502,			1.51,			1.51,			5.52,			1.517,			0.904
187,	3,	187.0,	200.574,			5.507,			1.5,			1.5,			5.491,			1.495,			0.896
188,	3,	353.8,	200.6,			5.497,			1.496,			1.496,			5.512,			1.506,			0.902
189,	3,	383.2,	200.615,			5.505,			1.486,			1.486,			5.507,			1.509,			0.907
190,	3,	257.3,	200.729,			5.509,			1.501,			1.501,			5.504,			1.482,			0.901
191,	3,	191.5,	200.776,			5.503,			1.505,			1.505,			5.488,			1.488,			0.908
192,	3,	330.9,	200.804,			5.501,			1.509,			1.509,			5.498,			1.496,			0.896
193,	3,	463.2,	200.805,			5.514,			1.503,			1.503,			5.503,			1.499,			0.896
194,	3,	211.8,	200.811,			5.482,			1.497,			1.497,			5.506,			1.501,			0.901
195,	3,	331.3,	200.847,			5.517,			1.496,			1.496,			5.483,			1.488,			0.903
196,	3,	97.4,	200.898,			5.484,			1.504,			1.504,			5.468,			1.488,			0.898
197,	3,	200.4,	200.956,			5.484,			1.498,			1.498,			5.525,			1.504,			0.894
198,	3,	303.8,	201.095,			5.507,			1.507,			1.507,			5.505,			1.489,			0.897
199,	3,	630.9,	201.111,			5.507,			1.488,			1.488,			5.511,			1.506,			0.893
200,	3,	220.5,	201.203,			5.504,			1.513,			1.513,			5.502,			1.505,			0.903
201,	3,	321.2,	201.223,			5.504,			1.493,			1.493,			5.508,			1.492,			0.899
202,	3,	113.8,	201.26,			5.485,			1.507,			1.507,			5.506,			1.515,			0.902
203,	3,	455.7,	201.303,			5.503,			1.505,			1.505,			5.487,			1.506,			0.897
204,	3,	650.7,	201.313,			5.503,			1.504,			1.504,			5.496,			1.477,			0.894
205,	3,	184.8,	201.322,			5.499,			1.502,			1.502,			5.501,			1.512,			0.903
206,	3,	80.2,	201.373,			5.484,			1.499,			1.499,			5.512,			1.506,			0.906
207,	3,	518.7,	201.4,			5.491,			1.497,			1.497,			5.499,			1.501,			0.904
208,	3,	110.2,	201.466,			5.5,			1.495,			1.495,			5.501,			1.478,			0.9
209,	3,	63.2,	201.485,			5.493,			1.486,			1.486,			5.515,			1.507,			0.903
210,	3,	130.5,	201.571,			5.516,			1.531,			1.531,			5.506,			1.512,			0.894
211,	3,	217.1,	201.594,			5.5,			1.507,			1.507,			5.482,			1.497,			0.902
212,	3,	567.1,	201.674,			5.499,			1.497,			1.497,			5.512,			1.504,			0.902
213,	3,	259.9,	201.84,			5.495,			1.501,			1.501,			5.501,			1.482,			0.894
214,	3,	284.1,	201.987,			5.496,			1.501,			1.501,			5.492,			1.503,			0.894
215,	3,	99.9,	202.036,			5.504,			1.51,			1.51,			5.498,			1.492,			0.891
216,	3,	176.8,	202.044,			5.514,			1.516,			1.516,			5.526,			1.507,			0.893
217,	3,	271.6,	202.08,			5.502,			1.517,			1.517,			5.512,			1.491,			0.902
218,	3,	218.5,	202.124,			5.504,			1.503,			1.503,			5.482,			1.492,			0.899
219,	3,	163.8,	202.164,			5.503,			1.491,			1.491,			5.5,			1.502,			0.897
220,	3,	148.7,	202.334,			5.492,			1.506,			1.506,			5.496,			1.485,			0.898
221,	3,	73.5,	202.351,			5.501,			1.497,			1.497,			5.493,			1.499,			0.889
222,	3,	197.4,	202.385,			5.51,			1.499,			1.499,			5.506,			1.495,			0.905
223,	3,	205.1,	202.463,			5.494,			1.517,			1.517,			5.508,			1.5,			0.895
224,	3,	266.0,	202.636,			5.489,			1.516,			1.516,			5.493,			1.49,			0.9
225,	3,	152.1,	202.641,			5.482,			1.5,			1.5,			5.501,			1.506,			0.908
226,	3,	543.2,	202.775,			5.507,			1.502,			1.502,			5.5,			1.504,			0.894
227,	2,	211.0,	203.79,			2.324,			0.103,			0.103,			2.301,			0.097,			0.05
228,	2,	169.0,	204.366,			2.299,			0.093,			0.093,			2.32,			0.102,			0.049
229,	2,	212.0,	204.959,			2.309,			0.091,			0.091,			2.307,			0.099,			0.048
230,	2,	57.0,	207.414,			2.288,			0.094,			0.094,			2.298,			0.107,			0.048
231,	2,	59.0,	208.09,			2.303,			0.098,			0.098,			2.322,			0.098,			0.05
232,	2,	62.0,	210.005,			2.306,			0.099,			0.099,			2.292,			0.11,			0.051
233,	2,	158.0,	211.643,			2.305,			0.117,			0.117,			2.31,			0.095,			0.05
234,	3,	653.4,	211.943,			5.497,			1.497,			1.497,			5.496,			1.493,			0.906
235,	3,	284.1,	212.075,			5.493,			1.495,			1.495,			5.504,			1.477,			0.899
236,	2,	244.0,	212.873,			2.318,			0.099,			0.099,			2.306,			0.099,			0.051
237,	3,	340.7,	212.905,			5.487,			1.493,			1.493,			5.488,			1.48,			0.899
238,	3,	277.1,	213.454,			5.522,			1.484,			1.484,			5.523,			1.496,			0.906
239,	3,	236.8,	213.907,			5.495,			1.5,			1.5,			5.499,			1.51,			0.91
240,	2,	166.0,	214.657,			2.317,			0.103,			0.103,			2.278,			0.096,			0.051
241,	2,	184.0,	216.192,			2.313,			0.103,			0.103,			2.299,			0.104,			0.049
242,	2,	112.0,	216.899,			2.297,			0.108,			0.108,			2.298,			0.098,			0.051
243,	2,	194.0,	218.525,			2.296,			0.105,			0.105,			2.29,			0.099,			0.05
244,	2,	170.0,	222.551,			2.301,			0.092,			0.092,			2.295,			0.099,			0.049
245,	2,	130.0,	223.125,			2.289,			0.093,			0.093,			2.307,			0.115,			0.05
246,	2,	217.0,	223.707,			2.297,			0.096,			0.096,			2.3,			0.101,			0.049
247,	2,	105.0,	223.714,			2.303,			0.102,			0.102,			2.303,			0.111,			0.05
248,	2,	105.0,	224.437,			2.299,			0.103,			0.103,			2.295,			0.094,			0.05
249,	2,	180.0,	225.764,			2.291,			0.1,			0.1,			2.299,			0.099,			0.049
250,	2,	108.0,	230.971,			2.291,			0.098,			0.098,			2.303,			0.096,			0.048
251,	2,	90.0,	233.479,			2.302,			0.095,			0.095,			2.291,			0.1,			0.051
252,	2,	168.0,	234.4,			2.294,			0.104,			0.104,			2.309,			0.103,			0.05
253,	2,	106.0,	234.707,			2.286,			0.103,			0.103,			2.282,			0.104,			0.052
254,	3,	514.5,	234.944,			5.503,			1.489,			1.489,			5.491,			1.503,			0.902
255,	3,	407.0,	235.114,			5.512,			1.5,			1.5,			5.498,			1.505,			0.903
256,	3,	137.0,	235.58,			5.523,			1.497,			1.497,			5.495,			1.498,			0.891
257,	2,	152.0,	238.52,			2.31,			0.093,			0.093,			2.291,			0.097,			0.049
258,	3,	170.1,	239.131,			5.507,			1.499,			1.499,			5.498,			1.49,			0.905
259,	2,	103.0,	241.478,			2.266,			0.106,			0.106,			2.295,			0.093,			0.051
260,	2,	334.0,	243.869,			2.289,			0.096,			0.096,			2.286,			0.106,			0.049
261,	2,	155.0,	249.059,			2.316,			0.095,			0.095,			2.295,			0.099,			0.052
262,	2,	153.0,	251.051,			2.297,			0.093,			0.093,			2.288,			0.098,			0.051
263,	2,	232.0,	253.432,			2.306,			0.1,			0.1,			2.289,			0.108,			0.05
264,	2,	134.0,	253.615,			2.299,			0.094,			0.094,			2.307,			0.111,			0.049
265,	2,	117.0,	255.043,			2.289,			0.095,			0.095,			2.291,			0.095,			0.051
266,	2,	197.0,	255.173,			2.285,			0.1,			0.1,			2.289,			0.097,			0.05
267,	2,	152.0,	255.327,			2.288,			0.108,			0.108,			2.311,			0.102,			0.05
268,	2,	104.0,	256.883,			2.305,			0.096,			0.096,			2.305,			0.095,			0.05
269,	2,	78.0,	259.028,			2.306,			0.113,			0.113,			2.291,			0.096,			0.05
270,	2,	127.0,	260.374,			2.311,			0.107,			0.107,			2.294,			0.101,			0.05
271,	2,	140.0,	266.498,			2.301,			0.101,			0.101,			2.297,			0.115,			0.049
272,	3,	303.8,	266.95,			5.508,			1.492,			1.492,			5.495,			1.49,			0.892
273,	3,	218.5,	267.205,			5.51,			1.493,			1.493,			5.485,			1.501,			0.896
274,	3,	115.5,	267.682,			5.502,			1.515,			1.515,			5.501,			1.494,			0.901
275,	3,	224.1,	269.103,			5.502,			1.502,			1.502,			5.491,			1.487,			0.908
276,	2,	74.0,	269.607,			2.296,			0.1,			0.1,			2.298,			0.107,			0.05
277,	2,	128.0,	269.837,			2.297,			0.103,			0.103,			2.312,			0.097,			0.05
278,	2,	181.0,	270.153,			2.294,			0.094,			0.094,			2.291,			0.109,			0.05
279,	2,	138.0,	271.92,			2.292,			0.11,			0.11,			2.296,			0.097,			0.05
280,	2,	154.0,	272.962,			2.294,			0.102,			0.102,			2.304,			0.095,			0.051
281,	2,	82.0,	275.647,			2.295,			0.095,			0.095,			2.291,			0.101,			0.049
282,	2,	205.0,	275.836,			2.286,			0.105,			0.105,			2.306,			0.098,			0.049
283,	2,	174.0,	276.764,			2.281,			0.102,			0.102,			2.297,			0.102,			0.049
284,	2,	128.0,	278.997,			2.302,			0.097,			0.097,			2.289,			0.099,			0.051
285,	1,	214.0,	279.793,			1.457,			0.973,			0.973,			1.448,			0.969,			0.499
286,	2,	236.0,	280.656,			2.288,			0.105,			0.105,			2.303,			0.1,			0.051
287,	1,	146.0,	280.669,			1.46,			0.979,			0.979,			1.444,			0.956,			0.499
288,	1,	498.0,	280.83,			1.449,			0.963,			0.963,			1.459,			0.958,			0.501
289,	1,	6.0,	280.996,			1.457,			0.966,			0.966,			1.471,			0.973,			0.5
290,	1,	126.0,	282.174,			1.43,			0.975,			0.975,			1.458,			0.985,			0.498
291,	2,	225.0,	282.181,			2.299,			0.108,			0.108,			2.286,			0.101,			0.05
292,	1,	126.0,	282.751,			1.448,			0.962,			0.962,			1.463,			0.973,			0.499
293,	1,	10.0,	282.848,			1.458,			0.982,			0.982,			1.471,			0.97,			0.5
294,	2,	242.0,	286.754,			2.303,			0.101,			0.101,			2.304,			0.103,			0.051
295,	2,	119.0,	290.599,			2.304,			0.104,			0.104,			2.313,			0.1,			0.051
296,	2,	119.0,	290.85,			2.307,			0.096,			0.096,			2.306,			0.1,			0.05
297,	2,	99.0,	292.811,			2.305,			0.096,			0.096,			2.311,			0.105,			0.05
298,	2,	233.0,	296.693,			2.279,			0.11,			0.11,			2.317,			0.093,			0.05
299,	2,	154.0,	301.823,			2.307,			0.104,			0.104,			2.299,			0.099,			0.049
300,	2,	312.0,	304.081,			2.291,			0.106,			0.106,			2.296,			0.097,			0.05
301,	2,	224.0,	304.566,			2.308,			0.096,			0.096,			2.32,			0.1,			0.05
302,	2,	133.0,	306.63,			2.306,			0.101,			0.101,			2.304,			0.101,			0.05
303,	2,	321.0,	311.966,			2.287,			0.096,			0.096,			2.294,			0.097,			0.049
304,	2,	109.0,	313.069,			2.293,			0.099,			0.099,			2.311,			0.101,			0.05
305,	2,	128.0,	313.806,			2.292,			0.099,			0.099,			2.325,			0.099,			0.049
306,	2,	185.0,	315.224,			2.318,			0.103,			0.103,			2.288,			0.093,			0.05
307,	2,	168.0,	316.51,			2.295,			0.098,			0.098,			2.29,			0.107,			0.05
308,	2,	247.0,	322.362,			2.306,			0.094,			0.094,			2.301,			0.098,			0.05
309,	2,	105.0,	329.366,			2.31,			0.107,			0.107,			2.315,			0.098,			0.052
310,	2,	180.0,	331.038,			2.315,			0.096,			0.096,			2.31,			0.101,			0.052
311,	2,	84.0,	331.421,			2.302,			0.095,			0.095,			2.313,			0.101,			0.049
312,	2,	162.0,	332.051,			2.29,			0.102,			0.102,			2.295,			0.1,			0.05
313,	2,	132.0,	333.28,			2.303,			0.099,			0.099,			2.301,			0.096,			0.052
314,	2,	198.0,	334.915,			2.311,			0.108,			0.108,			2.293,			0.094,			0.051
315,	2,	165.0,	335.464,			2.303,			0.102,			0.102,			2.296,			0.102,			0.05
316,	2,	133.0,	337.126,			2.299,			0.096,			0.096,			2.308,			0.098,			0.049
317,	2,	221.0,	337.483,			2.312,			0.102,			0.102,			2.307,			0.117,			0.05
318,	2,	70.0,	337.557,			2.296,			0.092,			0.092,			2.31,			0.095,			0.05
319,	2,	226.0,	338.793,			2.306,			0.093,			0.093,			2.276,			0.098,			0.049
320,	2,	222.0,	340.263,			2.298,			0.097,			0.097,			2.308,			0.1,			0.05
321,	2,	88.0,	341.589,			2.299,			0.094,			0.094,			2.307,			0.096,			0.052
322,	2,	121.0,	342.042,			2.289,			0.09,			0.09,			2.294,			0.103,			0.05
323,	1,	146.0,	343.968,			1.456,			0.971,			0.971,			1.465,			0.991,			0.5
324,	1,	7.0,	344.437,			1.467,			0.949,			0.949,			1.456,			0.955,			0.501
325,	1,	7.0,	344.461,			1.468,			0.976,			0.976,			1.47,			0.956,			0.499
326,	2,	200.0,	344.461,			2.302,			0.095,			0.095,			2.301,			0.109,			0.049
327,	2,	148.0,	344.628,			2.295,			0.101,			0.101,			2.301,			0.102,			0.051
328,	1,	49.0,	344.663,			1.471,			0.973,			0.973,			1.452,			0.963,			0.5
329,	1,	44.0,	344.711,			1.458,			0.97,			0.97,			1.472,			0.968,			0.501
330,	1,	512.0,	344.828,			1.453,			0.967,			0.967,			1.445,			0.974,			0.499
331,	1,	7.0,	344.864,			1.454,			0.944,			0.944,			1.454,			0.991,			0.5
332,	1,	95.0,	345.022,			1.468,			0.968,			0.968,			1.445,			0.964,			0.499
333,	1,	387.0,	345.366,			1.445,			0.95,			0.95,			1.455,			0.944,			0.5
334,	1,	16.0,	347.014,			1.45,			0.965,			0.965,			1.451,			0.959,			0.499
335,	2,	101.0,	347.327,			2.318,			0.101,			0.101,			2.299,			0.104,			0.052
336,	1,	7.0,	347.359,			1.472,			0.963,			0.963,			1.469,			0.98,			0.499
337,	1,	169.0,	347.411,			1.459,			0.968,			0.968,			1.465,			0.983,			0.499
338,	1,	387.0,	348.084,			1.444,			0.98,			0.98,			1.453,			0.975,			0.501
339,	2,	149.0,	350.364,			2.291,			0.105,			0.105,			2.295,			0.094,			0.049
340,	2,	135.0,	354.069,			2.279,			0.104,			0.104,			2.3,			0.091,			0.049
341,	2,	82.0,	356.105,			2.309,			0.099,			0.099,			2.309,			0.108,			0.052
342,	2,	192.0,	356.554,			2.291,			0.097,			0.097,			2.305,			0.104,			0.05
343,	2,	103.0,	359.812,			2.298,			0.101,			0.101,			2.304,			0.105,			0.051
344,	2,	227.0,	362.123,			2.3,			0.108,			0.108,			2.296,			0.101,			0.052
345,	2,	175.0,	364.156,			2.281,			0.1,			0.1,			2.276,			0.099,			0.05
346,	2,	227.0,	365.882,			2.306,			0.098,			0.098,			2.279,			0.092,			0.051
347,	2,	116.0,	366.169,			2.315,			0.1,			0.1,			2.302,			0.105,			0.051
348,	2,	100.0,	368.12,			2.3,			0.105,			0.105,			2.29,			0.098,			0.052
349,	2,	224.0,	368.531,			2.303,			0.097,			0.097,			2.302,			0.101,			0.049
350,	2,	164.0,	369.899,			2.312,			0.108,			0.108,			2.296,			0.107,			0.052
351,	2,	120.0,	370.133,			2.314,			0.096,			0.096,			2.299,			0.097,			0.052
352,	2,	104.0,	371.747,			2.302,			0.092,			0.092,			2.317,			0.098,			0.051
353,	2,	127.0,	371.994,			2.295,			0.1,			0.1,			2.292,			0.101,			0.05
354,	2,	141.0,	375.338,			2.301,			0.103,			0.103,			2.306,			0.101,			0.049
355,	2,	152.0,	375.399,			2.266,			0.098,			0.098,			2.302,			0.11,			0.05
356,	1,	387.0,	375.801,			1.448,			0.961,			0.961,			1.471,			0.974,			0.499
357,	1,	6.0,	375.81,			1.457,			0.962,			0.962,			1.466,			0.968,			0.501
358,	1,	10.0,	375.813,			1.47,			0.951,			0.951,			1.471,			0.968,			0.5
359,	1,	379.0,	376.125,			1.464,			0.956,			0.956,			1.466,			0.972,			0.498
360,	1,	10.0,	376.366,			1.454,			0.99,			0.99,			1.451,			0.958,			0.5
361,	1,	6.0,	376.371,			1.445,			0.977,			0.977,			1.441,			0.964,			0.499
362,	1,	7.0,	376.393,			1.468,			0.95,			0.95,			1.461,			0.962,			0.502
363,	1,	16.0,	376.545,			1.473,			0.989,			0.989,			1.454,			0.982,			0.501
364,	1,	146.0,	376.823,			1.453,			0.981,			0.981,			1.446,			0.972,			0.499
365,	1,	146.0,	376.988,			1.468,			0.958,			0.958,			1.456,			0.966,			0.5
366,	1,	16.0,	377.006,			1.458,			0.972,			0.972,			1.466,			0.972,			0.499
367,	1,	44.0,	377.122,			1.449,			0.963,			0.963,			1.46,			0.981,			0.502
368,	1,	7.0,	377.164,			1.465,			0.953,			0.953,			1.477,			0.973,			0.501
369,	1,	447.0,	377.173,			1.466,			0.969,			0.969,			1.453,			0.963,			0.5
370,	1,	28.0,	377.231,			1.481,			0.977,			0.977,			1.462,			0.966,			0.5
371,	1,	90.0,	377.37,			1.469,			0.976,			0.976,			1.458,			0.99,			0.499
372,	1,	7.0,	377.421,			1.461,			0.955,			0.955,			1.453,			0.973,			0.5
373,	1,	44.0,	377.448,			1.457,			0.966,			0.966,			1.458,			0.979,			0.499
374,	1,	214.0,	377.549,			1.461,			0.966,			0.966,			1.459,			0.961,			0.499
375,	1,	6.0,	377.691,			1.465,			0.969,			0.969,			1.46,			0.967,			0.5
376,	1,	379.0,	377.707,			1.449,			0.971,			0.971,			1.456,			0.981,			0.5
377,	1,	447.0,	377.867,			1.459,			0.981,			0.981,			1.465,			0.963,			0.5
378,	1,	13.0,	377.908,			1.453,			0.958,			0.958,			1.463,			0.958,			0.5
379,	1,	7.0,	377.957,			1.466,			0.975,			0.975,			1.473,			0.973,			0.501
380,	1,	214.0,	377.987,			1.464,			0.979,			0.979,			1.468,			0.978,			0.499
381,	1,	44.0,	378.035,			1.466,			0.955,			0.955,			1.466,			0.981,			0.501
382,	1,	7.0,	378.077,			1.466,			0.966,			0.966,			1.457,			0.965,			0.499
383,	1,	169.0,	378.141,			1.472,			0.959,			0.959,			1.466,			0.973,			0.499
384,	1,	379.0,	378.256,			1.459,			0.983,			0.983,			1.444,			0.974,			0.499
385,	1,	7.0,	378.318,			1.449,			0.979,			0.979,			1.485,			0.97,			0.5
386,	1,	6.0,	378.328,			1.456,			0.952,			0.952,			1.467,			0.954,			0.499
387,	1,	169.0,	378.353,			1.477,			0.971,			0.971,			1.461,			0.979,			0.5
388,	1,	7.0,	378.39,			1.452,			0.949,			0.949,			1.453,			0.973,			0.501
389,	1,	103.0,	378.396,			1.455,			0.97,			0.97,			1.465,			0.984,			0.5
390,	1,	7.0,	378.612,			1.429,			0.963,			0.963,			1.452,			0.969,			0.501
391,	1,	387.0,	378.686,			1.478,			0.966,			0.966,			1.446,			0.955,			0.499
392,	1,	16.0,	378.801,			1.466,			0.974,			0.974,			1.44,			1.003,			0.5
393,	1,	13.0,	378.808,			1.438,			0.985,			0.985,			1.456,			0.973,			0.499
394,	1,	120.0,	378.981,			1.475,			0.969,			0.969,			1.457,			0.964,			0.5
395,	1,	44.0,	378.989,			1.463,			0.963,			0.963,			1.464,			0.969,			0.499
396,	1,	157.0,	378.994,			1.456,			0.969,			0.969,			1.464,			0.955,			0.501
397,	1,	6.0,	379.066,			1.454,			0.981,			0.981,			1.48,			0.975,			0.499
398,	1,	10.0,	379.12,			1.466,			0.97,			0.97,			1.462,			0.982,			0.501
399,	1,	44.0,	379.152,			1.466,			0.953,			0.953,			1.451,			1.003,			0.501
400,	1,	103.0,	379.196,			1.477,			0.969,			0.969,			1.464,			0.968,			0.5
401,	1,	10.0,	379.283,			1.454,			0.967,			0.967,			1.462,			0.981,			0.5
402,	1,	49.0,	379.291,			1.46,			0.963,			0.963,			1.47,			0.962,			0.5
403,	1,	498.0,	379.3,			1.467,			0.969,			0.969,			1.456,			0.948,			0.501
404,	1,	7.0,	379.305,			1.448,			0.963,			0.963,			1.458,			0.978,			0.499
405,	1,	30.0,	379.314,			1.463,			0.978,			0.978,			1.44,			0.964,			0.5
406,	1,	7.0,	379.323,			1.475,			0.974,			0.974,			1.473,			0.971,			0.501
407,	1,	16.0,	379.392,			1.473,			0.959,			0.959,			1.456,			0.956,			0.499
408,	1,	95.0,	379.658,			1.471,			0.975,			0.975,			1.446,			0.982,			0.5
409,	1,	559.0,	379.829,			1.456,			0.971,			0.971,			1.466,			0.973,			0.501
410,	1,	157.0,	379.831,			1.457,			0.968,			0.968,			1.452,			0.965,			0.501
411,	1,	90.0,	379.852,			1.444,			0.98,			0.98,			1.444,			0.972,			0.5
412,	1,	44.0,	379.979,			1.457,			0.977,			0.977,			1.444,			0.948,			0.5
413,	1,	7.0,	380.156,			1.469,			0.966,			0.966,			1.464,			0.959,			0.5
414,	1,	214.0,	380.221,			1.471,			0.983,			0.983,			1.45,			0.963,			0.502
415,	1,	59.0,	380.429,			1.459,			0.955,			0.955,			1.459,			0.952,			0.5
416,	1,	146.0,	380.484,			1.469,			0.976,			0.976,			1.447,			0.978,			0.499
417,	2,	121.0,	380.62,			2.317,			0.094,			0.094,			2.306,			0.092,			0.049
418,	1,	559.0,	380.662,			1.455,			0.975,			0.975,			1.483,			0.974,			0.501
419,	1,	7.0,	380.697,			1.453,			0.978,			0.978,			1.45,			0.981,			0.5
420,	1,	7.0,	380.716,			1.47,			0.948,			0.948,			1.463,			0.973,			0.501
421,	1,	7.0,	380.73,			1.461,			0.96,			0.96,			1.445,			0.982,			0.501
422,	2,	64.0,	380.843,			2.307,			0.099,			0.099,			2.306,			0.097,			0.049
423,	2,	200.0,	381.149,			2.304,			0.095,			0.095,			2.325,			0.098,			0.05
424,	2,	99.0,	382.82,			2.31,			0.11,			0.11,			2.293,			0.099,			0.05
425,	2,	228.0,	384.592,			2.308,			0.098,			0.098,			2.293,			0.094,			0.051
426,	2,	180.0,	386.007,			2.313,			0.099,			0.099,			2.292,			0.094,			0.05
427,	2,	74.0,	386.113,			2.298,			0.095,			0.095,			2.304,			0.093,			0.051
428,	2,	113.0,	386.709,			2.292,			0.101,			0.101,			2.296,			0.103,			0.05
429,	2,	79.0,	387.304,			2.289,			0.093,			0.093,			2.285,			0.104,			0.049
430,	2,	93.0,	387.31,			2.316,			0.105,			0.105,			2.304,			0.108,			0.048
431,	2,	317.0,	392.965,			2.309,			0.097,			0.097,			2.308,			0.11,			0.052
432,	2,	154.0,	393.686,			2.289,			0.098,			0.098,			2.29,			0.105,			0.052
433,	2,	158.0,	393.893,			2.309,			0.1,			0.1,			2.298,			0.108,			0.049
434,	2,	130.0,	395.108,			2.302,			0.109,			0.109,			2.297,			0.095,			0.049
435,	2,	231.0,	395.405,			2.306,			0.092,			0.092,			2.323,			0.095,			0.05
436,	2,	170.0,	396.014,			2.287,			0.099,			0.099,			2.322,			0.095,			0.049
437,	2,	197.0,	396.737,			2.299,			0.098,			0.098,			2.311,			0.095,			0.05
438,	2,	120.0,	397.746,			2.307,			0.093,			0.093,			2.283,			0.102,			0.05
439,	2,	112.0,	398.441,			2.294,			0.099,			0.099,			2.291,			0.109,			0.05
440,	2,	240.0,	401.972,			2.31,			0.104,			0.104,			2.288,			0.105,			0.051
441,	2,	162.0,	402.277,			2.284,			0.091,			0.091,			2.302,			0.108,			0.049
442,	2,	99.0,	402.985,			2.302,			0.101,			0.101,			2.301,			0.105,			0.049
443,	2,	185.0,	407.045,			2.31,			0.11,			0.11,			2.297,			0.096,			0.05
444,	2,	110.0,	407.758,			2.308,			0.094,			0.094,			2.3,			0.1,			0.05
445,	2,	72.0,	408.297,			2.295,			0.099,			0.099,			2.289,			0.1,			0.048
446,	2,	53.0,	411.346,			2.313,			0.101,			0.101,			2.297,			0.103,			0.05
447,	2,	218.0,	411.922,			2.298,			0.095,			0.095,			2.277,			0.094,			0.049
448,	2,	100.0,	412.76,			2.307,			0.098,			0.098,			2.306,			0.094,			0.05
449,	2,	101.0,	413.614,			2.302,			0.099,			0.099,			2.309,			0.095,			0.051
450,	2,	125.0,	414.867,			2.286,			0.092,			0.092,			2.317,			0.097,			0.049
451,	1,	30.0,	415.333,			1.45,			0.971,			0.971,			1.457,			0.978,			0.501
452,	1,	6.0,	415.652,			1.461,			0.959,			0.959,			1.477,			0.963,			0.501
453,	2,	189.0,	416.443,			2.304,			0.093,			0.093,			2.297,			0.103,			0.051
454,	3,	85.9,	417.81,			5.501,			1.497,			1.497,			5.509,			1.504,			0.896
455,	3,	305.1,	417.963,			5.502,			1.518,			1.518,			5.498,			1.509,			0.892
456,	1,	16.0,	418.462,			1.463,			0.978,			0.978,			1.46,			0.994,			0.5
457,	2,	99.0,	418.715,			2.303,			0.099,			0.099,			2.31,			0.1,			0.051
458,	2,	138.0,	420.751,			2.309,			0.107,			0.107,			2.299,			0.096,			0.05
459,	2,	61.0,	422.688,			2.278,			0.106,			0.106,			2.302,			0.117,			0.05
460,	2,	98.0,	423.63,			2.306,			0.095,			0.095,			2.306,			0.094,			0.049
461,	2,	147.0,	423.843,			2.307,			0.098,			0.098,			2.305,			0.103,			0.05
462,	2,	298.0,	424.151,			2.31,			0.098,			0.098,			2.312,			0.105,			0.051
463,	2,	237.0,	424.702,			2.301,			0.096,			0.096,			2.295,			0.102,			0.052
464,	2,	229.0,	425.881,			2.308,			0.096,			0.096,			2.311,			0.098,			0.05
465,	2,	135.0,	428.088,			2.308,			0.102,			0.102,			2.297,			0.1,			0.049
466,	2,	293.0,	428.437,			2.29,			0.101,			0.101,			2.305,			0.103,			0.048
467,	2,	268.0,	429.106,			2.295,			0.098,			0.098,			2.314,			0.102,			0.049
468,	2,	213.0,	430.282,			2.283,			0.099,			0.099,			2.299,			0.09,			0.05
469,	2,	125.0,	437.316,			2.301,			0.094,			0.094,			2.291,			0.096,			0.051
470,	2,	119.0,	438.108,			2.308,			0.099,			0.099,			2.296,			0.101,			0.049
471,	2,	123.0,	439.846,			2.324,			0.103,			0.103,			2.326,			0.098,			0.051
472,	2,	86.0,	443.172,			2.299,			0.108,			0.108,			2.322,			0.095,			0.051
473,	2,	106.0,	443.752,			2.304,			0.098,			0.098,			2.302,			0.096,			0.052
474,	2,	110.0,	443.784,			2.322,			0.106,			0.106,			2.304,			0.096,			0.051
475,	2,	144.0,	444.633,			2.288,			0.101,			0.101,			2.296,			0.107,			0.052
476,	2,	204.0,	444.9,			2.293,			0.103,			0.103,			2.297,			0.101,			0.052
477,	2,	147.0,	448.502,			2.284,			0.101,			0.101,			2.301,			0.111,			0.046
478,	1,	44.0,	450.953,			1.454,			0.959,			0.959,			1.467,			0.97,			0.5
479,	2,	123.0,	451.02,			2.311,			0.105,			0.105,			2.3,			0.1,			0.052
480,	2,	234.0,	452.503,			2.295,			0.097,			0.097,			2.319,			0.097,			0.051
481,	2,	170.0,	453.713,			2.304,			0.093,			0.093,			2.29,			0.098,			0.05
482,	2,	154.0,	456.861,			2.307,			0.089,			0.089,			2.303,			0.098,			0.05
483,	2,	100.0,	460.03,			2.296,			0.096,			0.096,			2.301,			0.098,			0.049
484,	2,	159.0,	460.648,			2.309,			0.109,			0.109,			2.29,			0.1,			0.048
485,	2,	144.0,	467.059,			2.302,			0.1,			0.1,			2.301,			0.093,			0.05
486,	2,	165.0,	472.417,			2.31,			0.098,			0.098,			2.315,			0.101,			0.05
487,	2,	89.0,	472.741,			2.292,			0.1,			0.1,			2.294,			0.102,			0.051
488,	2,	90.0,	472.879,			2.298,			0.097,			0.097,			2.307,			0.104,			0.049
489,	2,	317.0,	475.057,			2.285,			0.104,			0.104,			2.301,			0.103,			0.051
490,	2,	55.0,	476.239,			2.301,			0.097,			0.097,			2.309,			0.091,			0.051
491,	2,	85.0,	477.659,			2.301,			0.111,			0.111,			2.291,			0.105,			0.05
492,	2,	161.0,	478.43,			2.31,			0.104,			0.104,			2.304,			0.096,			0.05
493,	2,	154.0,	478.477,			2.306,			0.097,			0.097,			2.311,			0.106,			0.052
494,	2,	143.0,	483.364,			2.31,			0.097,			0.097,			2.312,			0.107,			0.049
495,	2,	275.0,	484.295,			2.299,			0.099,			0.099,			2.291,			0.103,			0.051
496,	2,	187.0,	484.457,			2.286,			0.092,			0.092,			2.288,			0.101,			0.05
497,	2,	134.0,	485.489,			2.289,			0.098,			0.098,			2.293,			0.099,			0.05
498,	2,	201.0,	499.242,			2.301,			0.117,			0.117,			2.308,			0.099,			0.051
499,	2,	222.0,	499.416,			2.312,			0.103,			0.103,			2.298,			0.103,			0.052
500,	2,	100.0,	499.452,			2.296,			0.099,			0.099,			2.309,			0.1,			0.051
