#, task_type_id, size, arrival_time,	execution_time_cpu,	execution_time_gpu,	execution_time_CLOUD
1,	1,	44.0,	0.0,			2.616,			0.152,			0.052
2,	2,	68.0,	1.516,			12.291,			1.043,			0.116
3,	2,	105.0,	1.983,			11.531,			1.136,			0.119
4,	2,	182.0,	2.304,			12.581,			1.361,			0.177
5,	1,	28.0,	3.824,			1.625,			0.255,			0.052
6,	2,	221.0,	4.337,			12.089,			1.353,			0.156
7,	2,	115.0,	6.64,			12.569,			1.207,			0.107
8,	2,	138.0,	8.039,			11.075,			1.073,			0.125
9,	2,	166.0,	8.444,			13.557,			1.168,			0.137
10,	2,	172.0,	10.06,			13.069,			1.159,			0.103
11,	2,	208.0,	10.321,			10.432,			1.07,			0.171
12,	2,	93.0,	10.805,			11.878,			1.099,			0.161
13,	2,	281.0,	13.739,			12.368,			1.115,			0.104
14,	2,	220.0,	16.539,			10.526,			1.037,			0.139
15,	1,	44.0,	17.474,			1.376,			0.238,			0.05
16,	1,	146.0,	17.689,			1.128,			0.252,			0.057
17,	1,	6.0,	17.811,			1.998,			0.101,			0.058
18,	1,	447.0,	19.419,			1.912,			0.202,			0.053
19,	2,	167.0,	20.12,			12.317,			1.401,			0.168
20,	2,	143.0,	20.455,			13.59,			1.35,			0.122
21,	2,	95.0,	20.91,			14.77,			1.468,			0.12
22,	2,	116.0,	22.313,			11.152,			1.01,			0.109
23,	1,	13.0,	22.388,			2.02,			0.255,			0.056
24,	2,	200.0,	23.273,			10.204,			1.148,			0.157
25,	1,	512.0,	23.946,			1.173,			0.283,			0.053
26,	1,	157.0,	24.268,			2.047,			0.299,			0.053
27,	2,	163.0,	25.305,			12.88,			1.301,			0.151
28,	2,	188.0,	25.334,			10.595,			1.245,			0.197
29,	2,	169.0,	27.929,			14.961,			1.421,			0.171
30,	1,	559.0,	28.074,			2.436,			0.137,			0.054
31,	1,	7.0,	28.56,			2.596,			0.212,			0.06
32,	2,	151.0,	30.017,			10.548,			1.427,			0.164
33,	2,	127.0,	30.592,			10.146,			1.051,			0.18
34,	2,	145.0,	33.595,			12.162,			1.049,			0.124
35,	2,	113.0,	34.502,			14.183,			1.017,			0.184
36,	2,	131.0,	36.445,			14.368,			1.236,			0.119
37,	2,	131.0,	36.446,			14.282,			1.211,			0.129
38,	2,	247.0,	37.659,			11.793,			1.098,			0.104
39,	2,	204.0,	37.994,			10.506,			1.483,			0.182
40,	2,	149.0,	38.128,			10.523,			1.42,			0.127
41,	2,	136.0,	39.105,			11.134,			1.45,			0.131
42,	2,	197.0,	40.243,			11.164,			1.186,			0.177
43,	2,	170.0,	40.514,			12.112,			1.093,			0.187
44,	2,	179.0,	40.866,			13.798,			1.229,			0.138
45,	2,	50.0,	40.969,			12.902,			1.442,			0.117
46,	1,	157.0,	42.636,			1.853,			0.271,			0.051
47,	2,	123.0,	42.98,			13.163,			1.181,			0.187
48,	1,	7.0,	43.349,			1.786,			0.133,			0.054
49,	1,	7.0,	43.609,			2.449,			0.176,			0.058
50,	1,	6.0,	43.647,			1.59,			0.131,			0.057
51,	1,	6.0,	45.151,			2.299,			0.136,			0.058
52,	1,	169.0,	48.221,			2.407,			0.296,			0.059
53,	1,	157.0,	48.42,			1.482,			0.289,			0.058
54,	2,	136.0,	49.316,			12.15,			1.498,			0.107
55,	2,	191.0,	49.484,			12.537,			1.285,			0.119
56,	1,	126.0,	50.624,			2.144,			0.289,			0.057
57,	1,	16.0,	50.714,			2.454,			0.103,			0.051
58,	2,	160.0,	51.35,			11.756,			1.071,			0.105
59,	2,	97.0,	51.592,			11.611,			1.499,			0.139
60,	1,	95.0,	52.15,			1.543,			0.164,			0.059
61,	2,	144.0,	52.998,			11.966,			1.015,			0.132
62,	2,	130.0,	53.273,			14.737,			1.141,			0.185
63,	1,	146.0,	53.761,			2.278,			0.125,			0.059
64,	2,	52.0,	55.687,			11.28,			1.343,			0.173
65,	2,	96.0,	55.732,			12.786,			1.327,			0.11
66,	2,	41.0,	57.042,			14.85,			1.46,			0.132
67,	1,	59.0,	58.401,			1.134,			0.289,			0.05
68,	1,	90.0,	59.161,			2.751,			0.207,			0.055
69,	2,	305.0,	59.2,			10.225,			1.229,			0.133
70,	1,	169.0,	59.251,			2.858,			0.133,			0.058
71,	1,	214.0,	59.841,			1.107,			0.151,			0.052
72,	1,	10.0,	60.818,			2.479,			0.159,			0.06
73,	2,	157.0,	61.326,			14.836,			1.341,			0.166
74,	2,	153.0,	61.347,			13.298,			1.197,			0.104
75,	1,	498.0,	61.385,			2.757,			0.222,			0.051
76,	1,	157.0,	61.599,			1.523,			0.284,			0.052
77,	2,	130.0,	61.68,			10.187,			1.204,			0.14
78,	1,	7.0,	61.789,			1.659,			0.225,			0.053
79,	1,	6.0,	63.177,			1.376,			0.171,			0.058
80,	2,	126.0,	63.332,			13.232,			1.382,			0.185
81,	1,	146.0,	63.411,			2.418,			0.138,			0.054
82,	1,	498.0,	63.789,			1.805,			0.158,			0.06
83,	2,	283.0,	64.607,			12.849,			1.441,			0.125
84,	1,	7.0,	64.733,			2.318,			0.195,			0.051
85,	2,	106.0,	64.928,			13.45,			1.293,			0.152
86,	1,	95.0,	64.984,			2.238,			0.202,			0.052
87,	1,	214.0,	65.474,			2.0,			0.267,			0.058
88,	1,	44.0,	65.599,			2.928,			0.133,			0.058
89,	1,	28.0,	66.11,			2.798,			0.253,			0.058
90,	1,	95.0,	66.719,			1.16,			0.241,			0.053
91,	2,	273.0,	68.94,			11.533,			1.482,			0.173
92,	1,	6.0,	69.128,			1.657,			0.259,			0.059
93,	2,	121.0,	69.167,			11.289,			1.426,			0.179
94,	2,	90.0,	69.469,			13.899,			1.181,			0.131
95,	2,	199.0,	69.545,			13.33,			1.092,			0.19
96,	1,	512.0,	70.639,			2.675,			0.165,			0.056
97,	2,	150.0,	70.988,			12.815,			1.278,			0.187
98,	2,	187.0,	72.165,			13.596,			1.262,			0.173
99,	1,	157.0,	72.359,			2.581,			0.267,			0.053
100,	1,	49.0,	72.476,			1.078,			0.272,			0.051
101,	2,	120.0,	72.568,			13.038,			1.037,			0.139
102,	1,	512.0,	72.638,			1.376,			0.114,			0.059
103,	2,	36.0,	72.987,			10.912,			1.1,			0.161
104,	1,	95.0,	73.106,			2.298,			0.176,			0.055
105,	1,	7.0,	73.909,			2.571,			0.255,			0.05
106,	1,	157.0,	74.447,			1.692,			0.282,			0.05
107,	2,	200.0,	74.921,			13.816,			1.123,			0.164
108,	1,	44.0,	75.646,			2.149,			0.232,			0.06
109,	1,	95.0,	75.719,			2.293,			0.156,			0.054
110,	1,	157.0,	76.194,			2.776,			0.198,			0.055
111,	1,	10.0,	76.346,			2.076,			0.287,			0.055
112,	1,	512.0,	76.76,			2.88,			0.226,			0.052
113,	1,	7.0,	77.315,			2.169,			0.296,			0.058
114,	2,	190.0,	77.698,			11.531,			1.226,			0.131
115,	1,	387.0,	78.716,			2.063,			0.251,			0.055
116,	1,	379.0,	79.721,			2.643,			0.182,			0.059
117,	1,	146.0,	79.819,			2.727,			0.193,			0.059
118,	1,	512.0,	80.033,			2.907,			0.231,			0.055
119,	2,	73.0,	80.672,			12.486,			1.096,			0.15
120,	1,	7.0,	81.365,			1.679,			0.118,			0.051
121,	2,	154.0,	81.423,			12.835,			1.015,			0.106
122,	1,	13.0,	81.546,			2.819,			0.192,			0.058
123,	1,	16.0,	81.82,			2.753,			0.282,			0.056
124,	1,	28.0,	82.51,			1.01,			0.171,			0.05
125,	1,	10.0,	82.855,			2.232,			0.206,			0.051
126,	1,	49.0,	83.178,			1.633,			0.155,			0.051
127,	1,	120.0,	83.526,			2.955,			0.241,			0.051
128,	1,	6.0,	83.731,			2.414,			0.166,			0.052
129,	1,	7.0,	83.737,			2.69,			0.157,			0.057
130,	1,	512.0,	83.789,			2.581,			0.108,			0.052
131,	1,	214.0,	84.23,			2.244,			0.228,			0.06
132,	2,	197.0,	84.387,			14.934,			1.491,			0.164
133,	2,	42.0,	84.715,			10.595,			1.167,			0.175
134,	1,	90.0,	85.35,			2.088,			0.245,			0.054
135,	1,	13.0,	86.025,			2.622,			0.273,			0.057
136,	1,	447.0,	86.084,			1.968,			0.25,			0.058
137,	1,	10.0,	86.386,			1.535,			0.164,			0.055
138,	1,	126.0,	86.464,			2.669,			0.12,			0.053
139,	1,	214.0,	86.486,			2.706,			0.125,			0.055
140,	1,	559.0,	86.624,			2.865,			0.206,			0.052
141,	1,	559.0,	86.684,			1.245,			0.171,			0.057
142,	1,	7.0,	87.841,			1.006,			0.233,			0.059
143,	1,	7.0,	88.054,			1.437,			0.243,			0.053
144,	1,	28.0,	88.891,			2.018,			0.27,			0.052
145,	1,	126.0,	88.962,			1.382,			0.189,			0.05
146,	1,	126.0,	89.004,			1.701,			0.28,			0.057
147,	1,	16.0,	89.005,			1.853,			0.285,			0.051
148,	2,	338.0,	89.045,			13.452,			1.425,			0.19
149,	1,	169.0,	89.181,			2.969,			0.193,			0.052
150,	1,	146.0,	89.33,			2.43,			0.176,			0.05
151,	1,	126.0,	90.285,			1.996,			0.195,			0.056
152,	1,	90.0,	90.567,			2.554,			0.289,			0.054
153,	1,	7.0,	90.861,			1.969,			0.105,			0.059
154,	1,	169.0,	90.957,			2.037,			0.16,			0.059
155,	2,	234.0,	91.318,			11.587,			1.144,			0.134
156,	1,	498.0,	91.346,			2.549,			0.182,			0.057
157,	1,	44.0,	91.37,			1.019,			0.241,			0.056
158,	1,	90.0,	91.446,			1.522,			0.198,			0.06
159,	1,	6.0,	91.522,			2.865,			0.241,			0.06
160,	1,	30.0,	91.839,			1.028,			0.283,			0.057
161,	1,	7.0,	92.167,			1.23,			0.21,			0.053
162,	2,	71.0,	92.648,			10.118,			1.326,			0.194
163,	2,	242.0,	93.291,			13.469,			1.195,			0.177
164,	2,	103.0,	93.371,			10.598,			1.491,			0.105
165,	2,	244.0,	93.701,			12.368,			1.491,			0.132
166,	1,	95.0,	94.362,			1.643,			0.272,			0.055
167,	2,	266.0,	94.537,			11.971,			1.255,			0.157
168,	2,	185.0,	94.642,			10.707,			1.012,			0.167
169,	1,	7.0,	94.66,			1.639,			0.269,			0.056
170,	1,	16.0,	94.715,			2.697,			0.168,			0.055
171,	1,	120.0,	94.756,			1.809,			0.255,			0.055
172,	1,	95.0,	94.902,			1.192,			0.109,			0.06
173,	1,	6.0,	95.572,			1.486,			0.161,			0.051
174,	1,	447.0,	95.908,			1.99,			0.284,			0.054
175,	1,	10.0,	96.172,			2.847,			0.13,			0.058
176,	1,	512.0,	96.224,			1.061,			0.212,			0.056
177,	1,	30.0,	96.38,			2.568,			0.109,			0.052
178,	1,	7.0,	96.55,			2.19,			0.239,			0.053
179,	1,	16.0,	96.732,			1.188,			0.223,			0.056
180,	1,	7.0,	97.504,			2.249,			0.173,			0.058
181,	1,	387.0,	97.608,			1.009,			0.174,			0.052
182,	1,	95.0,	97.75,			1.707,			0.203,			0.053
183,	1,	16.0,	97.877,			2.298,			0.172,			0.06
184,	2,	271.0,	98.033,			11.666,			1.396,			0.115
185,	1,	498.0,	98.303,			2.256,			0.225,			0.052
186,	1,	103.0,	98.65,			2.852,			0.198,			0.052
187,	1,	90.0,	98.811,			1.22,			0.275,			0.051
188,	1,	120.0,	98.968,			2.223,			0.157,			0.054
189,	2,	187.0,	99.228,			14.23,			1.051,			0.15
190,	1,	169.0,	99.847,			2.914,			0.231,			0.057
191,	1,	49.0,	100.34,			1.875,			0.262,			0.056
192,	1,	6.0,	100.568,			2.895,			0.277,			0.058
193,	1,	126.0,	100.731,			2.99,			0.296,			0.054
194,	1,	559.0,	100.829,			2.685,			0.233,			0.06
195,	1,	379.0,	101.41,			1.651,			0.193,			0.052
196,	1,	7.0,	101.635,			1.927,			0.21,			0.052
197,	1,	30.0,	101.71,			1.078,			0.18,			0.059
198,	1,	44.0,	101.992,			2.163,			0.176,			0.054
199,	1,	28.0,	102.117,			1.496,			0.199,			0.059
200,	1,	146.0,	102.167,			1.625,			0.106,			0.054
201,	2,	249.0,	102.418,			11.504,			1.374,			0.189
202,	1,	379.0,	102.6,			2.984,			0.129,			0.057
203,	1,	447.0,	102.953,			2.143,			0.237,			0.052
204,	1,	44.0,	103.584,			2.705,			0.157,			0.051
205,	1,	120.0,	103.609,			1.679,			0.147,			0.05
206,	1,	10.0,	103.811,			2.047,			0.2,			0.053
207,	1,	6.0,	103.881,			2.073,			0.118,			0.058
208,	1,	59.0,	104.251,			1.128,			0.19,			0.057
209,	1,	7.0,	104.407,			1.875,			0.248,			0.058
210,	1,	59.0,	104.591,			2.542,			0.156,			0.055
211,	1,	44.0,	104.628,			2.345,			0.293,			0.052
212,	1,	90.0,	104.694,			2.685,			0.162,			0.051
213,	1,	387.0,	104.757,			1.541,			0.179,			0.056
214,	1,	7.0,	104.757,			2.56,			0.154,			0.053
215,	1,	120.0,	104.773,			1.078,			0.22,			0.058
216,	1,	387.0,	104.812,			2.429,			0.235,			0.052
217,	1,	10.0,	104.824,			1.73,			0.205,			0.05
218,	1,	95.0,	105.025,			2.459,			0.12,			0.058
219,	1,	512.0,	105.067,			2.582,			0.294,			0.051
220,	1,	16.0,	105.367,			1.667,			0.251,			0.06
221,	1,	7.0,	105.675,			1.624,			0.212,			0.058
222,	1,	559.0,	105.868,			2.939,			0.299,			0.06
223,	1,	59.0,	105.896,			2.148,			0.111,			0.055
224,	1,	44.0,	106.254,			1.455,			0.161,			0.057
225,	2,	213.0,	106.26,			11.884,			1.437,			0.107
226,	1,	120.0,	106.325,			1.912,			0.139,			0.052
227,	1,	103.0,	106.757,			2.76,			0.176,			0.051
228,	1,	16.0,	107.156,			1.407,			0.17,			0.057
229,	1,	44.0,	107.316,			2.628,			0.29,			0.053
230,	1,	379.0,	107.377,			1.609,			0.267,			0.053
231,	1,	447.0,	107.449,			1.45,			0.298,			0.05
232,	1,	379.0,	107.519,			2.104,			0.255,			0.056
233,	1,	95.0,	107.819,			2.638,			0.109,			0.059
234,	1,	13.0,	107.931,			1.981,			0.184,			0.057
235,	1,	379.0,	108.722,			1.296,			0.238,			0.053
236,	1,	44.0,	108.774,			1.395,			0.137,			0.051
237,	1,	49.0,	109.052,			1.707,			0.191,			0.06
238,	1,	126.0,	109.091,			2.222,			0.109,			0.051
239,	1,	379.0,	109.18,			2.598,			0.182,			0.059
240,	1,	7.0,	109.228,			2.03,			0.22,			0.05
241,	2,	218.0,	109.381,			12.93,			1.477,			0.178
242,	2,	203.0,	109.513,			10.782,			1.418,			0.101
243,	1,	28.0,	110.217,			1.372,			0.245,			0.053
244,	1,	16.0,	111.154,			2.497,			0.139,			0.054
245,	1,	157.0,	111.251,			2.717,			0.282,			0.05
246,	1,	146.0,	111.375,			1.592,			0.268,			0.054
247,	1,	559.0,	111.542,			1.097,			0.222,			0.058
248,	1,	95.0,	111.765,			1.482,			0.18,			0.057
249,	1,	146.0,	111.797,			1.716,			0.142,			0.051
250,	1,	7.0,	111.824,			2.273,			0.297,			0.055
251,	1,	169.0,	112.366,			1.106,			0.111,			0.055
252,	1,	6.0,	112.6,			2.073,			0.172,			0.058
253,	1,	6.0,	112.687,			1.16,			0.256,			0.06
254,	1,	169.0,	113.063,			2.541,			0.179,			0.052
255,	1,	13.0,	113.095,			1.431,			0.288,			0.059
256,	2,	119.0,	113.244,			13.195,			1.491,			0.149
257,	1,	95.0,	113.323,			2.663,			0.198,			0.059
258,	1,	90.0,	113.675,			2.298,			0.147,			0.054
259,	1,	28.0,	113.829,			2.557,			0.102,			0.056
260,	1,	6.0,	114.033,			1.56,			0.214,			0.056
261,	1,	126.0,	114.529,			1.394,			0.192,			0.056
262,	1,	120.0,	114.572,			2.381,			0.156,			0.051
263,	1,	559.0,	114.607,			1.653,			0.279,			0.054
264,	1,	10.0,	114.724,			1.915,			0.214,			0.06
265,	1,	44.0,	114.835,			2.2,			0.14,			0.053
266,	1,	7.0,	115.129,			2.503,			0.205,			0.051
267,	1,	214.0,	115.212,			1.982,			0.208,			0.055
268,	1,	28.0,	115.803,			2.832,			0.159,			0.053
269,	1,	49.0,	115.828,			2.78,			0.174,			0.06
270,	1,	13.0,	116.95,			2.69,			0.162,			0.06
271,	2,	97.0,	116.977,			11.075,			1.109,			0.136
272,	1,	59.0,	117.002,			2.084,			0.235,			0.056
273,	1,	44.0,	117.043,			1.229,			0.112,			0.051
274,	2,	206.0,	117.115,			10.204,			1.132,			0.11
275,	2,	144.0,	117.248,			12.019,			1.246,			0.123
276,	1,	16.0,	117.304,			1.038,			0.175,			0.056
277,	1,	126.0,	117.51,			2.533,			0.176,			0.054
278,	1,	447.0,	117.67,			2.157,			0.135,			0.051
279,	1,	146.0,	117.846,			2.9,			0.147,			0.055
280,	1,	6.0,	117.875,			1.243,			0.13,			0.054
281,	1,	49.0,	118.352,			1.928,			0.13,			0.06
282,	1,	379.0,	118.396,			1.05,			0.282,			0.054
283,	1,	7.0,	118.556,			2.852,			0.278,			0.05
284,	1,	512.0,	118.762,			2.034,			0.162,			0.052
285,	1,	7.0,	118.97,			2.96,			0.194,			0.054
286,	1,	157.0,	118.994,			2.509,			0.299,			0.052
287,	1,	7.0,	119.001,			1.431,			0.262,			0.058
288,	1,	95.0,	119.032,			2.779,			0.231,			0.058
289,	1,	157.0,	119.25,			1.45,			0.16,			0.054
290,	1,	6.0,	119.313,			1.211,			0.107,			0.058
291,	2,	53.0,	119.314,			11.09,			1.175,			0.147
292,	1,	6.0,	119.375,			1.962,			0.222,			0.056
293,	1,	44.0,	119.464,			2.169,			0.262,			0.051
294,	1,	146.0,	119.689,			2.461,			0.134,			0.051
295,	1,	157.0,	119.879,			1.844,			0.21,			0.053
296,	1,	559.0,	120.149,			2.298,			0.244,			0.057
297,	1,	157.0,	120.173,			2.652,			0.147,			0.058
298,	1,	95.0,	120.262,			1.581,			0.263,			0.057
299,	1,	7.0,	120.702,			2.874,			0.202,			0.05
300,	1,	157.0,	120.776,			1.731,			0.146,			0.059
301,	1,	126.0,	121.07,			2.187,			0.151,			0.053
302,	1,	44.0,	121.646,			1.853,			0.13,			0.052
303,	1,	30.0,	121.691,			1.516,			0.235,			0.057
304,	1,	126.0,	121.726,			2.852,			0.228,			0.057
305,	1,	498.0,	121.837,			1.609,			0.113,			0.055
306,	1,	95.0,	121.933,			1.3,			0.153,			0.052
307,	1,	7.0,	121.941,			1.633,			0.285,			0.054
308,	1,	13.0,	121.966,			1.532,			0.129,			0.05
309,	1,	7.0,	122.115,			2.565,			0.221,			0.059
310,	1,	6.0,	122.33,			2.813,			0.238,			0.058
311,	1,	7.0,	122.428,			1.402,			0.238,			0.057
312,	1,	103.0,	122.516,			1.403,			0.2,			0.058
313,	1,	95.0,	122.681,			1.035,			0.202,			0.054
314,	1,	120.0,	122.7,			1.151,			0.267,			0.056
315,	1,	146.0,	123.591,			2.534,			0.231,			0.051
316,	1,	126.0,	123.668,			2.08,			0.196,			0.057
317,	1,	120.0,	123.716,			1.358,			0.124,			0.058
318,	1,	28.0,	124.036,			1.729,			0.228,			0.059
319,	1,	214.0,	124.045,			2.158,			0.268,			0.054
320,	1,	157.0,	124.083,			1.776,			0.133,			0.059
321,	1,	559.0,	124.463,			1.962,			0.249,			0.055
322,	1,	16.0,	124.518,			2.2,			0.284,			0.051
323,	1,	559.0,	124.859,			1.84,			0.144,			0.053
324,	1,	13.0,	125.126,			1.755,			0.131,			0.05
325,	1,	44.0,	125.128,			2.41,			0.292,			0.05
326,	1,	44.0,	125.191,			2.448,			0.129,			0.054
327,	1,	447.0,	125.356,			1.263,			0.215,			0.057
328,	1,	30.0,	125.691,			1.406,			0.136,			0.055
329,	1,	120.0,	125.915,			2.133,			0.287,			0.051
330,	1,	7.0,	126.067,			2.972,			0.198,			0.057
331,	2,	190.0,	126.103,			11.19,			1.263,			0.128
332,	1,	95.0,	126.161,			1.914,			0.133,			0.051
333,	2,	143.0,	126.257,			10.921,			1.131,			0.179
334,	1,	10.0,	126.32,			1.862,			0.138,			0.057
335,	1,	146.0,	126.44,			1.478,			0.158,			0.058
336,	1,	16.0,	126.478,			2.154,			0.228,			0.059
337,	1,	6.0,	126.596,			1.031,			0.15,			0.057
338,	1,	95.0,	126.643,			2.28,			0.282,			0.057
339,	1,	7.0,	126.954,			1.322,			0.2,			0.053
340,	1,	7.0,	126.961,			1.571,			0.274,			0.051
341,	2,	171.0,	127.01,			10.627,			1.235,			0.123
342,	1,	120.0,	127.127,			2.0,			0.17,			0.057
343,	1,	120.0,	127.277,			1.052,			0.262,			0.055
344,	1,	44.0,	127.478,			2.509,			0.199,			0.059
345,	1,	379.0,	127.571,			1.256,			0.103,			0.051
346,	1,	214.0,	127.674,			1.784,			0.166,			0.054
347,	1,	7.0,	127.732,			2.133,			0.166,			0.054
348,	2,	124.0,	127.81,			10.273,			1.066,			0.166
349,	1,	95.0,	128.017,			1.613,			0.124,			0.052
350,	1,	44.0,	128.11,			2.813,			0.251,			0.056
351,	1,	214.0,	128.618,			2.532,			0.195,			0.051
352,	2,	134.0,	128.649,			14.977,			1.164,			0.143
353,	1,	126.0,	128.651,			1.981,			0.288,			0.057
354,	1,	103.0,	128.652,			1.26,			0.261,			0.055
355,	1,	6.0,	128.688,			1.807,			0.267,			0.054
356,	1,	146.0,	128.846,			2.085,			0.185,			0.057
357,	1,	59.0,	128.979,			2.858,			0.277,			0.054
358,	1,	214.0,	129.128,			2.549,			0.272,			0.051
359,	1,	126.0,	129.139,			2.114,			0.183,			0.056
360,	1,	7.0,	129.291,			2.661,			0.244,			0.051
361,	1,	120.0,	129.293,			1.05,			0.193,			0.053
362,	1,	7.0,	129.382,			2.104,			0.226,			0.059
363,	1,	28.0,	129.406,			2.014,			0.111,			0.051
364,	1,	13.0,	129.923,			2.194,			0.134,			0.053
365,	2,	77.0,	130.018,			11.423,			1.304,			0.154
366,	1,	157.0,	130.033,			1.426,			0.133,			0.052
367,	1,	6.0,	130.064,			1.662,			0.172,			0.055
368,	2,	102.0,	130.24,			14.39,			1.255,			0.2
369,	1,	120.0,	130.346,			2.063,			0.194,			0.057
370,	1,	13.0,	130.573,			2.842,			0.171,			0.055
371,	2,	208.0,	130.817,			12.145,			1.322,			0.105
372,	1,	146.0,	130.94,			2.031,			0.231,			0.056
373,	1,	559.0,	131.352,			1.291,			0.219,			0.051
374,	1,	169.0,	131.486,			2.751,			0.267,			0.055
375,	1,	387.0,	131.555,			2.127,			0.205,			0.058
376,	1,	498.0,	131.639,			1.414,			0.241,			0.055
377,	1,	447.0,	131.656,			1.213,			0.207,			0.051
378,	1,	7.0,	131.825,			2.459,			0.134,			0.052
379,	1,	214.0,	131.868,			2.796,			0.139,			0.058
380,	1,	7.0,	131.923,			1.914,			0.217,			0.059
381,	1,	28.0,	131.995,			2.223,			0.17,			0.051
382,	1,	126.0,	132.138,			1.857,			0.199,			0.051
383,	1,	169.0,	132.202,			1.541,			0.19,			0.056
384,	1,	13.0,	132.227,			1.869,			0.17,			0.054
385,	1,	379.0,	132.359,			2.256,			0.293,			0.051
386,	1,	90.0,	132.497,			2.144,			0.231,			0.057
387,	1,	447.0,	132.597,			1.232,			0.179,			0.057
388,	1,	447.0,	132.714,			1.776,			0.107,			0.057
389,	2,	155.0,	132.718,			12.664,			1.498,			0.196
390,	1,	90.0,	132.856,			1.423,			0.299,			0.053
391,	1,	16.0,	133.113,			2.885,			0.161,			0.056
392,	1,	44.0,	133.118,			2.381,			0.268,			0.055
393,	1,	30.0,	133.149,			2.031,			0.231,			0.06
394,	1,	7.0,	133.289,			1.166,			0.205,			0.059
395,	1,	214.0,	133.292,			1.531,			0.128,			0.055
396,	1,	30.0,	133.332,			1.729,			0.255,			0.055
397,	1,	126.0,	133.452,			2.544,			0.236,			0.051
398,	1,	59.0,	134.093,			1.464,			0.298,			0.06
399,	2,	283.0,	134.367,			14.436,			1.265,			0.182
400,	1,	44.0,	134.371,			1.402,			0.232,			0.058
401,	1,	126.0,	134.618,			2.461,			0.162,			0.057
402,	1,	126.0,	134.684,			2.777,			0.104,			0.052
403,	1,	498.0,	134.803,			2.999,			0.173,			0.059
404,	1,	120.0,	134.984,			1.654,			0.284,			0.058
405,	1,	28.0,	135.056,			1.145,			0.22,			0.055
406,	1,	447.0,	135.16,			1.383,			0.214,			0.059
407,	1,	7.0,	135.276,			2.695,			0.117,			0.054
408,	1,	44.0,	135.423,			1.483,			0.212,			0.058
409,	2,	120.0,	135.631,			11.091,			1.321,			0.157
410,	1,	7.0,	135.652,			2.26,			0.223,			0.054
411,	1,	6.0,	135.879,			2.92,			0.173,			0.059
412,	1,	103.0,	136.007,			1.595,			0.133,			0.058
413,	1,	16.0,	136.127,			1.756,			0.259,			0.059
414,	1,	103.0,	136.247,			1.748,			0.247,			0.059
415,	1,	126.0,	136.611,			2.614,			0.135,			0.052
416,	1,	13.0,	136.689,			2.91,			0.172,			0.054
417,	1,	6.0,	137.177,			1.607,			0.186,			0.053
418,	1,	146.0,	137.287,			1.67,			0.198,			0.055
419,	1,	49.0,	137.294,			1.708,			0.218,			0.053
420,	1,	120.0,	137.611,			2.874,			0.223,			0.055
421,	2,	200.0,	137.748,			10.617,			1.369,			0.113
422,	2,	198.0,	138.003,			14.14,			1.409,			0.105
423,	1,	7.0,	138.06,			1.657,			0.193,			0.051
424,	1,	59.0,	138.112,			1.356,			0.11,			0.053
425,	1,	10.0,	138.147,			2.969,			0.258,			0.057
426,	1,	30.0,	138.243,			2.184,			0.242,			0.06
427,	1,	169.0,	138.376,			2.384,			0.109,			0.055
428,	1,	13.0,	138.789,			1.097,			0.224,			0.054
429,	1,	13.0,	138.994,			2.386,			0.206,			0.051
430,	1,	498.0,	139.149,			1.513,			0.146,			0.06
431,	1,	13.0,	139.181,			1.263,			0.149,			0.058
432,	1,	49.0,	139.379,			2.602,			0.283,			0.06
433,	1,	7.0,	139.95,			2.286,			0.233,			0.058
434,	1,	13.0,	140.084,			1.447,			0.224,			0.055
435,	2,	119.0,	140.149,			13.169,			1.408,			0.123
436,	1,	30.0,	140.241,			2.901,			0.166,			0.055
437,	1,	30.0,	140.595,			1.962,			0.237,			0.055
438,	1,	169.0,	140.681,			2.379,			0.243,			0.055
439,	1,	44.0,	140.743,			1.541,			0.202,			0.058
440,	1,	7.0,	140.762,			2.576,			0.172,			0.05
441,	1,	498.0,	140.768,			2.659,			0.299,			0.051
442,	1,	6.0,	140.792,			2.602,			0.159,			0.06
443,	1,	157.0,	140.845,			2.786,			0.283,			0.055
444,	1,	90.0,	141.007,			1.531,			0.215,			0.052
445,	1,	59.0,	141.207,			1.406,			0.162,			0.055
446,	1,	49.0,	141.379,			1.582,			0.285,			0.05
447,	1,	498.0,	141.447,			1.515,			0.173,			0.053
448,	1,	59.0,	141.552,			1.914,			0.118,			0.06
449,	1,	126.0,	141.584,			1.776,			0.116,			0.053
450,	1,	126.0,	141.622,			2.322,			0.248,			0.055
451,	1,	13.0,	141.692,			1.933,			0.13,			0.057
452,	1,	13.0,	141.946,			1.941,			0.164,			0.051
453,	1,	120.0,	142.235,			1.719,			0.274,			0.058
454,	1,	6.0,	142.416,			1.213,			0.151,			0.056
455,	1,	498.0,	142.502,			1.857,			0.136,			0.059
456,	1,	90.0,	142.643,			1.095,			0.195,			0.054
457,	1,	146.0,	142.691,			1.173,			0.244,			0.056
458,	1,	7.0,	142.768,			2.085,			0.219,			0.059
459,	1,	13.0,	142.969,			2.789,			0.174,			0.059
460,	1,	379.0,	143.109,			1.551,			0.184,			0.051
461,	1,	157.0,	143.114,			2.661,			0.277,			0.057
462,	1,	169.0,	143.157,			1.009,			0.272,			0.052
463,	1,	169.0,	143.257,			2.709,			0.207,			0.05
464,	1,	90.0,	143.572,			2.366,			0.277,			0.052
465,	1,	7.0,	143.653,			1.807,			0.198,			0.056
466,	1,	214.0,	143.985,			1.651,			0.183,			0.059
467,	1,	7.0,	143.991,			1.994,			0.113,			0.053
468,	1,	49.0,	144.061,			1.841,			0.28,			0.059
469,	1,	30.0,	144.154,			1.653,			0.265,			0.06
470,	1,	7.0,	144.179,			1.515,			0.161,			0.053
471,	1,	169.0,	144.27,			2.844,			0.235,			0.057
472,	2,	140.0,	144.383,			13.025,			1.438,			0.129
473,	2,	142.0,	144.568,			14.49,			1.427,			0.165
474,	1,	7.0,	144.61,			2.56,			0.132,			0.05
475,	1,	214.0,	144.846,			2.525,			0.287,			0.056
476,	1,	120.0,	144.881,			2.702,			0.294,			0.056
477,	1,	6.0,	144.977,			1.213,			0.183,			0.05
478,	2,	164.0,	144.998,			12.368,			1.354,			0.183
479,	1,	120.0,	145.059,			2.684,			0.199,			0.052
480,	1,	49.0,	145.066,			2.789,			0.199,			0.054
481,	1,	28.0,	145.133,			2.999,			0.129,			0.059
482,	1,	44.0,	145.224,			2.99,			0.207,			0.054
483,	1,	44.0,	145.375,			1.561,			0.179,			0.057
484,	1,	90.0,	145.683,			1.141,			0.128,			0.059
485,	1,	49.0,	145.712,			1.22,			0.297,			0.054
486,	2,	69.0,	145.733,			11.604,			1.244,			0.141
487,	1,	59.0,	145.775,			1.269,			0.221,			0.057
488,	1,	6.0,	145.867,			1.187,			0.146,			0.051
489,	1,	16.0,	146.058,			1.709,			0.152,			0.054
490,	1,	6.0,	146.189,			1.968,			0.199,			0.054
491,	1,	387.0,	146.211,			2.244,			0.122,			0.05
492,	1,	447.0,	146.399,			2.492,			0.183,			0.052
493,	1,	387.0,	146.519,			1.605,			0.153,			0.053
494,	1,	103.0,	146.767,			1.111,			0.265,			0.058
495,	1,	214.0,	147.057,			2.249,			0.182,			0.06
496,	2,	122.0,	147.3,			12.912,			1.285,			0.17
497,	1,	49.0,	147.341,			2.852,			0.176,			0.06
498,	1,	30.0,	147.706,			2.346,			0.175,			0.059
499,	1,	44.0,	148.16,			2.562,			0.225,			0.058
500,	1,	559.0,	148.316,			1.322,			0.284,			0.057
501,	1,	103.0,	148.409,			2.955,			0.222,			0.057
502,	1,	13.0,	148.682,			2.857,			0.298,			0.06
503,	2,	201.0,	148.696,			11.99,			1.469,			0.121
504,	1,	44.0,	148.826,			2.717,			0.187,			0.058
505,	1,	30.0,	148.845,			2.711,			0.297,			0.058
506,	1,	447.0,	148.961,			2.404,			0.131,			0.057
507,	1,	6.0,	149.029,			2.903,			0.268,			0.053
508,	1,	387.0,	149.366,			1.912,			0.177,			0.051
509,	1,	90.0,	149.731,			1.516,			0.257,			0.06
510,	1,	6.0,	149.951,			2.345,			0.21,			0.055
511,	1,	10.0,	150.143,			1.663,			0.251,			0.06
512,	1,	387.0,	150.881,			2.173,			0.27,			0.053
513,	1,	379.0,	151.087,			1.653,			0.165,			0.056
514,	1,	16.0,	151.088,			2.223,			0.253,			0.057
515,	1,	13.0,	151.269,			2.249,			0.209,			0.06
516,	1,	7.0,	151.644,			2.711,			0.27,			0.057
517,	1,	157.0,	151.859,			2.796,			0.166,			0.057
518,	1,	512.0,	151.871,			2.169,			0.176,			0.054
519,	2,	176.0,	151.9,			11.573,			1.471,			0.134
520,	1,	559.0,	152.205,			1.935,			0.245,			0.057
521,	1,	7.0,	152.398,			1.491,			0.242,			0.05
522,	1,	498.0,	152.633,			2.984,			0.126,			0.055
523,	1,	90.0,	152.659,			2.562,			0.289,			0.052
524,	2,	218.0,	152.867,			10.491,			1.457,			0.176
525,	1,	120.0,	153.118,			2.31,			0.252,			0.05
526,	1,	44.0,	153.327,			1.869,			0.107,			0.056
527,	1,	169.0,	153.594,			1.64,			0.252,			0.053
528,	1,	447.0,	153.805,			2.223,			0.153,			0.06
529,	1,	126.0,	153.873,			2.632,			0.163,			0.054
530,	1,	126.0,	154.058,			1.031,			0.198,			0.05
531,	1,	44.0,	154.086,			1.828,			0.238,			0.055
532,	1,	387.0,	154.141,			1.807,			0.135,			0.056
533,	1,	13.0,	154.229,			2.786,			0.21,			0.055
534,	1,	44.0,	154.987,			1.417,			0.124,			0.056
535,	1,	379.0,	155.098,			1.277,			0.114,			0.055
536,	1,	6.0,	155.102,			2.299,			0.275,			0.051
537,	1,	146.0,	155.504,			1.962,			0.142,			0.053
538,	1,	95.0,	155.567,			2.407,			0.128,			0.057
539,	1,	103.0,	155.616,			1.305,			0.299,			0.053
540,	1,	103.0,	155.766,			2.789,			0.167,			0.051
541,	1,	44.0,	156.024,			2.832,			0.228,			0.052
542,	1,	512.0,	156.154,			2.565,			0.137,			0.057
543,	1,	95.0,	156.726,			2.323,			0.283,			0.052
544,	1,	103.0,	156.829,			2.864,			0.279,			0.056
545,	1,	7.0,	157.411,			1.204,			0.192,			0.058
546,	1,	7.0,	157.539,			2.436,			0.185,			0.056
547,	1,	7.0,	157.62,			1.928,			0.121,			0.058
548,	1,	498.0,	157.667,			1.442,			0.162,			0.054
549,	1,	120.0,	157.689,			2.945,			0.275,			0.054
550,	1,	126.0,	157.704,			1.908,			0.225,			0.058
551,	1,	6.0,	157.718,			1.928,			0.139,			0.051
552,	1,	95.0,	158.048,			1.303,			0.289,			0.052
553,	1,	10.0,	158.06,			2.759,			0.276,			0.06
554,	1,	95.0,	158.089,			2.635,			0.201,			0.053
555,	1,	13.0,	158.122,			2.885,			0.287,			0.059
556,	1,	10.0,	158.2,			2.398,			0.147,			0.053
557,	1,	157.0,	158.221,			2.155,			0.254,			0.055
558,	1,	447.0,	158.3,			1.719,			0.147,			0.052
559,	1,	7.0,	158.759,			2.173,			0.253,			0.056
560,	2,	107.0,	159.114,			12.527,			1.421,			0.108
561,	1,	30.0,	159.275,			1.728,			0.298,			0.06
562,	1,	214.0,	159.295,			1.653,			0.244,			0.055
563,	1,	7.0,	159.364,			2.364,			0.25,			0.052
564,	1,	7.0,	159.373,			1.642,			0.233,			0.051
565,	1,	6.0,	159.527,			2.582,			0.133,			0.056
566,	1,	498.0,	159.715,			1.08,			0.249,			0.055
567,	1,	6.0,	159.96,			2.321,			0.133,			0.05
568,	1,	16.0,	159.962,			1.835,			0.166,			0.054
569,	1,	16.0,	160.012,			1.539,			0.267,			0.052
570,	1,	559.0,	160.038,			2.565,			0.258,			0.051
571,	1,	126.0,	160.142,			2.569,			0.198,			0.059
572,	1,	559.0,	160.337,			2.11,			0.108,			0.059
573,	2,	148.0,	160.345,			11.589,			1.498,			0.198
574,	1,	16.0,	160.506,			1.372,			0.247,			0.05
575,	1,	90.0,	160.517,			2.379,			0.29,			0.052
576,	1,	44.0,	160.539,			1.083,			0.298,			0.054
577,	2,	190.0,	160.554,			11.677,			1.449,			0.149
578,	1,	126.0,	160.619,			1.086,			0.161,			0.051
579,	1,	126.0,	161.017,			2.866,			0.242,			0.057
580,	2,	228.0,	161.037,			14.083,			1.035,			0.155
581,	2,	215.0,	161.055,			10.4,			1.186,			0.154
582,	1,	146.0,	161.272,			2.173,			0.222,			0.058
583,	1,	120.0,	161.36,			1.484,			0.254,			0.054
584,	1,	90.0,	161.399,			1.642,			0.215,			0.058
585,	1,	146.0,	161.501,			2.314,			0.132,			0.051
586,	1,	103.0,	161.757,			1.204,			0.211,			0.054
587,	1,	7.0,	161.95,			1.595,			0.235,			0.056
588,	1,	7.0,	161.963,			1.921,			0.125,			0.053
589,	2,	197.0,	162.277,			14.4,			1.121,			0.166
590,	1,	120.0,	162.303,			1.624,			0.194,			0.058
591,	1,	28.0,	162.322,			2.167,			0.169,			0.06
592,	1,	90.0,	162.43,			2.675,			0.133,			0.058
593,	1,	59.0,	162.606,			1.688,			0.238,			0.056
594,	1,	59.0,	162.617,			2.14,			0.206,			0.059
595,	1,	447.0,	162.745,			1.25,			0.238,			0.055
596,	1,	512.0,	162.765,			2.632,			0.186,			0.053
597,	1,	13.0,	162.918,			1.748,			0.107,			0.051
598,	1,	59.0,	162.993,			1.25,			0.25,			0.052
599,	2,	114.0,	162.993,			14.513,			1.363,			0.188
600,	1,	7.0,	163.205,			2.057,			0.101,			0.059
601,	1,	16.0,	163.419,			1.827,			0.259,			0.053
602,	1,	7.0,	163.479,			1.613,			0.238,			0.059
603,	1,	6.0,	163.497,			1.843,			0.119,			0.056
604,	1,	214.0,	163.621,			2.655,			0.238,			0.055
605,	1,	7.0,	163.64,			1.81,			0.21,			0.054
606,	1,	387.0,	163.716,			1.909,			0.267,			0.058
607,	1,	387.0,	164.298,			1.166,			0.244,			0.057
608,	1,	103.0,	164.452,			2.446,			0.238,			0.055
609,	1,	6.0,	164.536,			2.057,			0.195,			0.059
610,	1,	44.0,	164.563,			2.103,			0.107,			0.051
611,	1,	7.0,	164.73,			2.226,			0.113,			0.052
612,	1,	44.0,	164.751,			2.8,			0.199,			0.054
613,	1,	214.0,	164.895,			2.796,			0.146,			0.052
614,	1,	7.0,	165.018,			1.024,			0.183,			0.053
615,	1,	7.0,	165.032,			2.861,			0.237,			0.058
616,	1,	16.0,	165.353,			2.703,			0.275,			0.051
617,	1,	498.0,	165.872,			2.844,			0.121,			0.059
618,	1,	6.0,	166.022,			1.947,			0.109,			0.059
619,	2,	132.0,	166.096,			10.187,			1.085,			0.198
620,	1,	120.0,	166.23,			2.18,			0.273,			0.054
621,	1,	7.0,	166.383,			1.575,			0.285,			0.057
622,	2,	110.0,	166.516,			11.706,			1.328,			0.151
623,	1,	7.0,	166.675,			1.424,			0.121,			0.056
624,	1,	6.0,	166.688,			1.45,			0.16,			0.053
625,	2,	115.0,	167.016,			14.948,			1.259,			0.179
626,	1,	28.0,	167.159,			2.09,			0.244,			0.059
627,	1,	157.0,	167.7,			1.748,			0.203,			0.054
628,	2,	200.0,	167.814,			11.478,			1.155,			0.125
629,	1,	6.0,	167.975,			1.431,			0.257,			0.059
630,	1,	49.0,	167.986,			2.69,			0.206,			0.05
631,	1,	95.0,	168.202,			1.157,			0.218,			0.058
632,	1,	7.0,	168.287,			2.187,			0.238,			0.052
633,	1,	214.0,	168.443,			1.007,			0.292,			0.057
634,	1,	157.0,	168.444,			2.889,			0.142,			0.05
635,	1,	7.0,	168.489,			2.735,			0.2,			0.056
636,	2,	264.0,	168.553,			12.528,			1.072,			0.15
637,	1,	44.0,	168.786,			2.847,			0.175,			0.054
638,	1,	44.0,	168.807,			2.181,			0.297,			0.058
639,	1,	13.0,	168.85,			2.78,			0.257,			0.051
640,	1,	126.0,	169.254,			1.811,			0.258,			0.057
641,	1,	16.0,	169.283,			2.28,			0.117,			0.052
642,	1,	214.0,	169.292,			2.047,			0.12,			0.051
643,	1,	59.0,	169.362,			2.893,			0.199,			0.057
644,	2,	293.0,	169.398,			14.14,			1.481,			0.117
645,	1,	95.0,	169.511,			2.487,			0.12,			0.051
646,	1,	7.0,	169.575,			1.501,			0.139,			0.057
647,	1,	512.0,	170.12,			1.869,			0.201,			0.056
648,	1,	387.0,	170.211,			2.711,			0.105,			0.057
649,	1,	6.0,	170.339,			2.226,			0.298,			0.055
650,	1,	7.0,	170.491,			2.479,			0.149,			0.054
651,	1,	44.0,	170.517,			1.786,			0.11,			0.057
652,	1,	103.0,	170.537,			1.756,			0.251,			0.057
653,	1,	6.0,	170.591,			1.929,			0.121,			0.055
654,	2,	137.0,	170.674,			10.977,			1.326,			0.106
655,	1,	7.0,	171.199,			2.712,			0.242,			0.05
656,	1,	6.0,	171.247,			2.076,			0.149,			0.05
657,	1,	10.0,	171.37,			1.414,			0.241,			0.052
658,	1,	169.0,	171.482,			2.366,			0.106,			0.053
659,	1,	28.0,	171.918,			1.433,			0.241,			0.052
660,	1,	49.0,	172.124,			1.868,			0.238,			0.055
661,	2,	209.0,	172.265,			12.933,			1.06,			0.2
662,	1,	95.0,	172.456,			2.795,			0.289,			0.053
663,	1,	13.0,	172.556,			2.265,			0.183,			0.055
664,	1,	379.0,	172.576,			2.885,			0.187,			0.053
665,	1,	169.0,	172.793,			2.545,			0.289,			0.059
666,	1,	559.0,	172.854,			1.581,			0.244,			0.058
667,	1,	10.0,	172.992,			1.908,			0.193,			0.05
668,	1,	7.0,	172.993,			2.326,			0.141,			0.059
669,	2,	109.0,	173.244,			11.864,			1.409,			0.107
670,	1,	59.0,	173.3,			1.458,			0.157,			0.059
671,	1,	120.0,	173.366,			1.543,			0.16,			0.055
672,	1,	13.0,	173.413,			1.103,			0.102,			0.054
673,	2,	89.0,	173.428,			14.735,			1.021,			0.155
674,	1,	95.0,	173.642,			2.36,			0.2,			0.052
675,	1,	13.0,	173.981,			2.436,			0.12,			0.056
676,	1,	6.0,	174.04,			1.164,			0.212,			0.056
677,	2,	190.0,	174.235,			14.582,			1.437,			0.178
678,	1,	103.0,	174.417,			1.972,			0.272,			0.055
679,	1,	59.0,	174.487,			1.97,			0.267,			0.05
680,	2,	125.0,	174.496,			10.475,			1.482,			0.135
681,	1,	559.0,	174.608,			2.284,			0.237,			0.053
682,	2,	169.0,	174.679,			13.795,			1.386,			0.148
683,	1,	7.0,	174.837,			2.569,			0.258,			0.052
684,	1,	512.0,	174.915,			1.913,			0.161,			0.05
685,	1,	120.0,	175.109,			2.88,			0.167,			0.054
686,	1,	7.0,	175.121,			1.907,			0.245,			0.053
687,	1,	95.0,	175.218,			2.991,			0.222,			0.058
688,	1,	120.0,	175.276,			1.188,			0.265,			0.057
689,	1,	7.0,	175.703,			1.431,			0.19,			0.053
690,	1,	13.0,	175.765,			1.72,			0.187,			0.057
691,	1,	7.0,	175.943,			2.149,			0.16,			0.052
692,	1,	13.0,	175.983,			1.096,			0.116,			0.057
693,	1,	90.0,	176.161,			2.138,			0.133,			0.054
694,	1,	512.0,	176.279,			2.866,			0.299,			0.05
695,	1,	387.0,	176.654,			1.186,			0.151,			0.051
696,	1,	7.0,	176.807,			1.994,			0.13,			0.05
697,	1,	90.0,	177.082,			2.96,			0.104,			0.052
698,	1,	95.0,	177.191,			2.796,			0.251,			0.052
699,	1,	13.0,	177.566,			1.933,			0.102,			0.058
700,	1,	7.0,	177.884,			2.027,			0.245,			0.056
701,	1,	44.0,	177.99,			1.631,			0.145,			0.052
702,	1,	169.0,	178.171,			1.217,			0.173,			0.052
703,	2,	200.0,	178.317,			10.16,			1.056,			0.198
704,	1,	6.0,	178.578,			2.2,			0.11,			0.056
705,	1,	126.0,	178.748,			1.64,			0.154,			0.056
706,	1,	146.0,	178.891,			1.857,			0.146,			0.051
707,	1,	7.0,	178.997,			2.544,			0.156,			0.054
708,	1,	7.0,	179.316,			2.984,			0.111,			0.055
709,	1,	498.0,	179.383,			1.571,			0.237,			0.058
710,	2,	265.0,	179.503,			13.186,			1.186,			0.158
711,	1,	6.0,	179.853,			2.33,			0.216,			0.057
712,	1,	95.0,	179.863,			1.609,			0.184,			0.056
713,	1,	44.0,	180.038,			1.426,			0.153,			0.056
714,	1,	512.0,	180.147,			1.683,			0.2,			0.057
715,	1,	512.0,	180.21,			1.173,			0.118,			0.056
716,	1,	6.0,	180.51,			1.494,			0.124,			0.054
717,	2,	129.0,	180.655,			10.298,			1.456,			0.146
718,	1,	447.0,	180.895,			1.548,			0.228,			0.054
719,	1,	387.0,	180.942,			1.97,			0.173,			0.052
720,	2,	110.0,	181.163,			14.368,			1.439,			0.177
721,	1,	13.0,	181.447,			1.517,			0.14,			0.058
722,	1,	44.0,	181.681,			1.358,			0.172,			0.06
723,	1,	30.0,	181.748,			2.879,			0.139,			0.057
724,	1,	146.0,	181.767,			1.36,			0.259,			0.058
725,	1,	30.0,	181.94,			2.598,			0.244,			0.052
726,	1,	30.0,	182.072,			1.26,			0.226,			0.06
727,	1,	146.0,	182.768,			2.322,			0.237,			0.055
728,	1,	214.0,	183.239,			1.291,			0.229,			0.052
729,	1,	379.0,	183.519,			1.485,			0.105,			0.054
730,	2,	225.0,	184.068,			12.767,			1.324,			0.192
731,	1,	7.0,	184.605,			1.146,			0.258,			0.056
732,	1,	28.0,	184.623,			2.366,			0.136,			0.059
733,	1,	10.0,	184.931,			1.164,			0.202,			0.055
734,	1,	120.0,	184.951,			2.509,			0.192,			0.057
735,	1,	103.0,	185.097,			1.61,			0.152,			0.055
736,	1,	512.0,	185.255,			2.866,			0.109,			0.054
737,	1,	126.0,	185.896,			2.09,			0.244,			0.056
738,	1,	16.0,	186.066,			2.711,			0.272,			0.054
739,	1,	146.0,	186.228,			1.006,			0.166,			0.058
740,	1,	512.0,	186.668,			1.582,			0.167,			0.059
741,	1,	103.0,	187.14,			2.223,			0.154,			0.057
742,	1,	447.0,	187.194,			1.078,			0.237,			0.06
743,	1,	6.0,	187.268,			2.031,			0.198,			0.055
744,	1,	95.0,	187.312,			2.296,			0.258,			0.058
745,	1,	49.0,	187.504,			2.669,			0.284,			0.05
746,	1,	10.0,	188.221,			1.841,			0.133,			0.059
747,	1,	447.0,	188.311,			2.068,			0.286,			0.059
748,	1,	95.0,	188.507,			2.706,			0.125,			0.056
749,	1,	146.0,	189.052,			1.334,			0.283,			0.058
750,	1,	30.0,	189.177,			2.173,			0.248,			0.052
751,	1,	103.0,	189.354,			1.853,			0.249,			0.057
752,	1,	49.0,	189.457,			1.262,			0.145,			0.057
753,	1,	44.0,	189.576,			1.03,			0.215,			0.056
754,	1,	7.0,	189.752,			1.334,			0.272,			0.059
755,	1,	126.0,	189.944,			2.133,			0.127,			0.053
756,	1,	447.0,	190.153,			1.752,			0.222,			0.059
757,	1,	512.0,	190.274,			1.637,			0.215,			0.05
758,	1,	44.0,	190.331,			2.522,			0.164,			0.054
759,	1,	7.0,	190.453,			2.571,			0.204,			0.052
760,	1,	214.0,	190.597,			1.289,			0.254,			0.058
761,	1,	157.0,	190.617,			1.67,			0.192,			0.059
762,	1,	498.0,	191.256,			2.932,			0.253,			0.053
763,	1,	559.0,	191.396,			2.789,			0.131,			0.058
764,	1,	512.0,	191.517,			2.838,			0.249,			0.06
765,	2,	180.0,	191.702,			14.323,			1.382,			0.195
766,	1,	157.0,	192.044,			2.838,			0.124,			0.058
767,	1,	120.0,	192.302,			2.555,			0.256,			0.054
768,	1,	103.0,	192.459,			1.816,			0.193,			0.054
769,	1,	90.0,	192.617,			1.153,			0.166,			0.058
770,	1,	30.0,	192.662,			2.939,			0.268,			0.051
771,	1,	512.0,	192.864,			2.509,			0.103,			0.051
772,	1,	10.0,	192.879,			1.731,			0.264,			0.057
773,	1,	103.0,	193.153,			1.4,			0.126,			0.054
774,	1,	44.0,	193.163,			2.503,			0.284,			0.059
775,	2,	115.0,	193.521,			12.141,			1.438,			0.167
776,	1,	10.0,	193.911,			1.807,			0.165,			0.057
777,	1,	387.0,	193.921,			1.424,			0.152,			0.051
778,	1,	13.0,	194.181,			2.697,			0.184,			0.059
779,	1,	146.0,	194.558,			2.991,			0.109,			0.051
780,	1,	214.0,	194.89,			1.141,			0.247,			0.052
781,	1,	10.0,	194.997,			2.068,			0.132,			0.058
782,	1,	6.0,	195.088,			1.541,			0.285,			0.054
783,	1,	157.0,	195.227,			1.79,			0.166,			0.055
784,	1,	447.0,	195.244,			1.554,			0.253,			0.052
785,	1,	120.0,	195.304,			2.36,			0.255,			0.059
786,	1,	6.0,	195.596,			2.2,			0.21,			0.059
787,	1,	387.0,	195.685,			2.034,			0.299,			0.053
788,	1,	379.0,	195.866,			2.037,			0.288,			0.05
789,	2,	86.0,	197.165,			12.447,			1.433,			0.176
790,	1,	7.0,	197.444,			2.765,			0.12,			0.05
791,	1,	103.0,	197.578,			2.847,			0.157,			0.06
792,	1,	146.0,	197.696,			2.787,			0.27,			0.055
793,	2,	55.0,	197.735,			10.146,			1.416,			0.105
794,	1,	30.0,	197.835,			2.58,			0.136,			0.056
795,	1,	146.0,	197.839,			2.768,			0.298,			0.058
796,	1,	387.0,	197.848,			2.02,			0.182,			0.053
797,	1,	90.0,	198.127,			1.921,			0.225,			0.057
798,	1,	90.0,	198.414,			1.566,			0.168,			0.054
799,	1,	126.0,	198.859,			2.436,			0.211,			0.057
800,	1,	7.0,	199.106,			1.119,			0.255,			0.056
801,	1,	559.0,	199.138,			1.111,			0.124,			0.056
802,	1,	379.0,	199.913,			1.69,			0.186,			0.054
803,	1,	387.0,	200.021,			2.193,			0.262,			0.052
804,	1,	146.0,	200.193,			2.055,			0.11,			0.053
805,	1,	559.0,	200.252,			1.575,			0.142,			0.06
806,	1,	44.0,	200.642,			1.981,			0.282,			0.052
807,	1,	214.0,	201.257,			1.637,			0.121,			0.054
808,	1,	95.0,	201.388,			1.372,			0.198,			0.053
809,	1,	103.0,	201.458,			2.559,			0.291,			0.059
810,	1,	28.0,	201.994,			2.2,			0.139,			0.054
811,	1,	126.0,	202.075,			2.441,			0.21,			0.059
812,	1,	498.0,	202.103,			1.071,			0.153,			0.059
813,	1,	6.0,	202.194,			1.942,			0.292,			0.056
814,	1,	387.0,	202.494,			2.103,			0.121,			0.056
815,	1,	387.0,	202.642,			2.865,			0.178,			0.057
816,	1,	6.0,	203.005,			1.395,			0.131,			0.052
817,	1,	169.0,	203.897,			1.494,			0.26,			0.056
818,	1,	49.0,	204.069,			1.525,			0.238,			0.052
819,	1,	95.0,	204.548,			1.23,			0.2,			0.056
820,	1,	447.0,	204.779,			2.388,			0.114,			0.057
821,	1,	49.0,	204.894,			2.238,			0.197,			0.055
822,	1,	49.0,	205.041,			1.317,			0.275,			0.057
823,	1,	16.0,	205.375,			1.287,			0.166,			0.059
824,	1,	387.0,	205.48,			2.795,			0.3,			0.06
825,	1,	157.0,	205.496,			2.675,			0.108,			0.051
826,	1,	379.0,	205.7,			2.673,			0.166,			0.056
827,	1,	28.0,	206.082,			2.345,			0.186,			0.053
828,	1,	559.0,	206.343,			1.078,			0.12,			0.051
829,	1,	120.0,	206.468,			1.366,			0.268,			0.055
830,	1,	13.0,	206.552,			1.63,			0.112,			0.053
831,	1,	126.0,	206.88,			2.282,			0.177,			0.055
832,	1,	13.0,	207.945,			1.103,			0.238,			0.059
833,	1,	103.0,	208.232,			1.435,			0.279,			0.058
834,	1,	10.0,	208.603,			2.057,			0.188,			0.053
835,	2,	303.0,	208.71,			14.814,			1.444,			0.142
836,	1,	59.0,	208.715,			2.618,			0.177,			0.059
837,	2,	131.0,	209.269,			14.686,			1.398,			0.199
838,	1,	7.0,	209.633,			2.797,			0.113,			0.051
839,	1,	559.0,	210.281,			2.11,			0.151,			0.058
840,	1,	512.0,	210.587,			1.485,			0.166,			0.051
841,	1,	90.0,	211.001,			1.277,			0.15,			0.058
842,	1,	10.0,	211.19,			2.895,			0.298,			0.05
843,	1,	59.0,	211.226,			2.305,			0.248,			0.051
844,	1,	7.0,	211.325,			2.976,			0.254,			0.057
845,	1,	387.0,	211.604,			2.479,			0.281,			0.052
846,	1,	120.0,	211.847,			1.701,			0.256,			0.055
847,	1,	498.0,	211.912,			1.631,			0.203,			0.054
848,	1,	7.0,	212.381,			1.984,			0.182,			0.058
849,	1,	10.0,	213.053,			2.018,			0.209,			0.06
850,	1,	59.0,	213.156,			2.36,			0.21,			0.054
851,	1,	59.0,	213.602,			2.702,			0.207,			0.058
852,	2,	42.0,	214.009,			13.816,			1.262,			0.13
853,	1,	126.0,	214.239,			2.638,			0.186,			0.056
854,	1,	512.0,	214.394,			2.78,			0.186,			0.059
855,	1,	7.0,	214.456,			2.379,			0.272,			0.051
856,	1,	7.0,	214.47,			1.969,			0.27,			0.057
857,	1,	126.0,	214.689,			2.014,			0.154,			0.06
858,	1,	498.0,	214.719,			1.72,			0.142,			0.053
859,	2,	111.0,	214.839,			10.432,			1.417,			0.166
860,	1,	6.0,	215.575,			1.071,			0.124,			0.051
861,	2,	126.0,	216.138,			10.884,			1.055,			0.139
862,	2,	161.0,	216.389,			14.439,			1.382,			0.17
863,	1,	559.0,	216.463,			1.561,			0.177,			0.056
864,	1,	49.0,	216.768,			1.982,			0.258,			0.056
865,	1,	6.0,	216.844,			2.43,			0.158,			0.051
866,	1,	6.0,	217.156,			1.988,			0.152,			0.058
867,	2,	134.0,	217.644,			13.718,			1.484,			0.172
868,	1,	379.0,	217.679,			1.166,			0.162,			0.052
869,	2,	149.0,	217.733,			13.086,			1.214,			0.143
870,	2,	202.0,	217.755,			12.701,			1.461,			0.106
871,	1,	7.0,	217.796,			1.841,			0.131,			0.056
872,	1,	6.0,	217.927,			2.304,			0.284,			0.052
873,	1,	95.0,	218.426,			2.131,			0.221,			0.06
874,	1,	214.0,	218.698,			1.061,			0.205,			0.06
875,	1,	379.0,	219.029,			1.425,			0.298,			0.056
876,	2,	113.0,	219.117,			14.253,			1.07,			0.169
877,	1,	169.0,	219.148,			2.273,			0.121,			0.057
878,	2,	155.0,	219.316,			13.038,			1.369,			0.151
879,	1,	16.0,	219.441,			1.539,			0.161,			0.051
880,	1,	498.0,	219.614,			2.047,			0.122,			0.058
881,	2,	118.0,	219.708,			11.707,			1.442,			0.114
882,	1,	126.0,	220.09,			1.413,			0.117,			0.06
883,	2,	169.0,	220.556,			12.581,			1.268,			0.169
884,	1,	126.0,	221.062,			2.41,			0.104,			0.053
885,	2,	106.0,	221.142,			11.88,			1.461,			0.114
886,	1,	103.0,	221.906,			1.609,			0.122,			0.06
887,	1,	90.0,	222.197,			2.398,			0.122,			0.057
888,	1,	90.0,	222.395,			2.158,			0.214,			0.052
889,	1,	13.0,	222.418,			1.096,			0.116,			0.05
890,	1,	559.0,	222.793,			2.407,			0.297,			0.055
891,	1,	95.0,	222.949,			2.0,			0.225,			0.056
892,	2,	64.0,	223.03,			12.271,			1.068,			0.181
893,	1,	7.0,	223.35,			2.14,			0.191,			0.054
894,	1,	59.0,	224.055,			2.378,			0.284,			0.055
895,	1,	30.0,	224.24,			1.431,			0.297,			0.055
896,	1,	59.0,	225.323,			2.647,			0.111,			0.058
897,	1,	7.0,	225.373,			2.598,			0.174,			0.058
898,	1,	498.0,	225.673,			1.776,			0.104,			0.051
899,	1,	559.0,	225.68,			2.901,			0.299,			0.055
900,	1,	30.0,	226.084,			1.302,			0.13,			0.059
901,	1,	16.0,	226.9,			2.655,			0.158,			0.056
902,	2,	299.0,	226.943,			11.982,			1.324,			0.173
903,	1,	169.0,	227.738,			1.984,			0.194,			0.054
904,	1,	559.0,	227.743,			2.751,			0.149,			0.055
905,	1,	6.0,	227.972,			2.19,			0.221,			0.05
906,	2,	115.0,	228.166,			12.463,			1.171,			0.121
907,	1,	7.0,	228.19,			2.2,			0.242,			0.05
908,	1,	95.0,	228.55,			1.979,			0.142,			0.051
909,	1,	59.0,	229.258,			2.269,			0.246,			0.051
910,	1,	103.0,	229.413,			1.59,			0.216,			0.055
911,	1,	512.0,	229.485,			1.62,			0.185,			0.05
912,	1,	7.0,	229.968,			2.748,			0.179,			0.054
913,	1,	7.0,	230.193,			1.483,			0.166,			0.052
914,	1,	103.0,	230.686,			1.875,			0.194,			0.057
915,	1,	169.0,	230.742,			2.11,			0.289,			0.056
916,	2,	126.0,	230.872,			12.661,			1.491,			0.134
917,	2,	178.0,	231.035,			10.286,			1.136,			0.104
918,	1,	498.0,	231.209,			1.784,			0.11,			0.057
919,	1,	214.0,	231.458,			2.702,			0.198,			0.051
920,	1,	95.0,	231.68,			2.872,			0.291,			0.054
921,	1,	379.0,	232.916,			2.541,			0.288,			0.06
922,	1,	59.0,	233.091,			1.64,			0.104,			0.059
923,	1,	7.0,	233.672,			1.455,			0.248,			0.05
924,	1,	44.0,	234.156,			1.178,			0.131,			0.051
925,	1,	146.0,	234.419,			1.128,			0.183,			0.052
926,	1,	6.0,	234.788,			2.073,			0.298,			0.053
927,	1,	7.0,	234.901,			1.816,			0.226,			0.057
928,	1,	157.0,	235.737,			2.384,			0.214,			0.05
929,	1,	447.0,	236.025,			1.69,			0.186,			0.05
930,	1,	169.0,	236.818,			2.939,			0.182,			0.056
931,	2,	110.0,	237.145,			11.539,			1.321,			0.18
932,	2,	66.0,	237.301,			13.189,			1.311,			0.167
933,	1,	447.0,	238.577,			1.73,			0.295,			0.06
934,	1,	44.0,	239.813,			1.128,			0.158,			0.055
935,	1,	90.0,	240.879,			2.976,			0.225,			0.058
936,	1,	95.0,	241.908,			2.014,			0.174,			0.051
937,	1,	13.0,	242.058,			1.827,			0.277,			0.06
938,	1,	10.0,	242.172,			2.299,			0.175,			0.057
939,	1,	6.0,	242.293,			2.813,			0.139,			0.055
940,	1,	7.0,	242.821,			1.715,			0.222,			0.05
941,	2,	254.0,	243.915,			10.319,			1.443,			0.187
942,	2,	165.0,	244.238,			10.518,			1.176,			0.125
943,	2,	172.0,	245.107,			12.987,			1.038,			0.198
944,	1,	44.0,	245.227,			1.478,			0.109,			0.054
945,	2,	111.0,	246.361,			11.331,			1.423,			0.15
946,	2,	82.0,	248.72,			10.978,			1.096,			0.172
947,	1,	90.0,	248.777,			1.105,			0.258,			0.05
948,	1,	169.0,	249.952,			1.737,			0.241,			0.053
949,	2,	147.0,	250.091,			14.786,			1.367,			0.13
950,	2,	369.0,	251.335,			10.177,			1.21,			0.174
951,	2,	120.0,	251.578,			14.96,			1.498,			0.121
952,	2,	151.0,	251.614,			10.92,			1.275,			0.185
953,	1,	95.0,	251.706,			2.031,			0.192,			0.055
954,	2,	101.0,	252.388,			13.737,			1.433,			0.147
955,	2,	78.0,	253.024,			11.643,			1.233,			0.193
956,	1,	447.0,	253.22,			2.027,			0.152,			0.053
957,	1,	59.0,	253.611,			1.293,			0.175,			0.056
958,	1,	214.0,	253.686,			2.983,			0.182,			0.057
959,	1,	7.0,	254.262,			1.164,			0.195,			0.057
960,	2,	298.0,	257.445,			12.576,			1.254,			0.105
961,	2,	139.0,	258.052,			13.76,			1.313,			0.177
962,	2,	169.0,	258.905,			13.487,			1.231,			0.126
963,	2,	146.0,	259.377,			13.186,			1.233,			0.135
964,	1,	387.0,	259.724,			1.141,			0.236,			0.053
965,	1,	387.0,	260.328,			1.991,			0.113,			0.054
966,	2,	46.0,	260.893,			13.943,			1.282,			0.134
967,	2,	116.0,	261.231,			11.194,			1.049,			0.165
968,	2,	217.0,	261.529,			10.319,			1.291,			0.11
969,	2,	133.0,	261.603,			13.703,			1.374,			0.132
970,	1,	120.0,	262.39,			2.034,			0.299,			0.054
971,	2,	243.0,	263.351,			13.629,			1.347,			0.113
972,	2,	174.0,	265.391,			14.337,			1.086,			0.138
973,	2,	116.0,	266.951,			12.107,			1.166,			0.114
974,	2,	212.0,	267.646,			12.912,			1.25,			0.174
975,	1,	146.0,	269.207,			2.652,			0.19,			0.059
976,	2,	81.0,	269.7,			12.385,			1.187,			0.127
977,	2,	125.0,	270.823,			13.061,			1.42,			0.114
978,	1,	387.0,	271.455,			2.377,			0.197,			0.057
979,	2,	103.0,	277.671,			10.4,			1.469,			0.123
980,	2,	169.0,	278.471,			11.709,			1.055,			0.139
981,	2,	103.0,	278.516,			13.161,			1.181,			0.142
982,	2,	138.0,	280.875,			10.758,			1.495,			0.129
983,	1,	30.0,	281.383,			2.302,			0.113,			0.059
984,	1,	120.0,	281.811,			2.678,			0.161,			0.057
985,	2,	226.0,	282.218,			11.866,			1.024,			0.103
986,	2,	60.0,	283.113,			10.924,			1.011,			0.191
987,	2,	138.0,	283.676,			10.226,			1.299,			0.142
988,	2,	110.0,	283.797,			10.383,			1.121,			0.105
989,	1,	28.0,	284.892,			2.896,			0.191,			0.055
990,	2,	293.0,	285.097,			12.551,			1.222,			0.182
991,	2,	130.0,	286.092,			14.492,			1.492,			0.2
992,	2,	157.0,	288.857,			14.809,			1.453,			0.123
993,	2,	180.0,	291.107,			14.317,			1.489,			0.151
994,	2,	143.0,	291.921,			13.101,			1.2,			0.176
995,	2,	57.0,	292.883,			10.952,			1.193,			0.125
996,	2,	168.0,	294.06,			12.214,			1.28,			0.115
997,	2,	109.0,	294.699,			14.23,			1.251,			0.163
998,	2,	244.0,	295.265,			14.215,			1.33,			0.197
999,	2,	146.0,	297.897,			10.207,			1.261,			0.113
1000,	2,	154.0,	298.464,			11.639,			1.484,			0.182
