#, task_type_id, size, arrival_time,	execution_time_cpu,	execution_time_gpu,	execution_time_CLOUD
1,	2,	116.0,	2.16,			10.553,			1.381,			0.107
2,	2,	234.0,	3.108,			12.363,			1.015,			0.167
3,	1,	59.0,	3.275,			1.841,			0.177,			0.056
4,	2,	221.0,	5.211,			10.194,			1.285,			0.143
5,	1,	10.0,	6.363,			1.947,			0.2,			0.051
6,	2,	190.0,	6.415,			12.591,			1.161,			0.138
7,	2,	205.0,	8.891,			12.463,			1.091,			0.114
8,	2,	98.0,	12.87,			14.183,			1.023,			0.183
9,	2,	209.0,	13.348,			14.942,			1.202,			0.187
10,	1,	90.0,	15.157,			1.304,			0.216,			0.056
11,	2,	178.0,	15.428,			13.557,			1.212,			0.105
12,	2,	100.0,	15.945,			13.161,			1.489,			0.121
13,	2,	93.0,	16.37,			10.681,			1.402,			0.174
14,	2,	136.0,	17.458,			10.756,			1.124,			0.123
15,	2,	244.0,	18.453,			13.816,			1.425,			0.119
16,	2,	81.0,	19.453,			13.743,			1.175,			0.162
17,	1,	169.0,	21.149,			1.204,			0.277,			0.059
18,	2,	167.0,	22.331,			10.51,			1.186,			0.149
19,	2,	193.0,	22.773,			11.411,			1.319,			0.104
20,	1,	59.0,	24.191,			2.138,			0.158,			0.053
21,	2,	93.0,	28.07,			10.96,			1.39,			0.195
22,	2,	163.0,	28.491,			13.794,			1.072,			0.16
23,	2,	244.0,	30.512,			10.415,			1.456,			0.162
24,	1,	44.0,	30.99,			2.031,			0.226,			0.053
25,	1,	95.0,	31.206,			2.384,			0.133,			0.058
26,	1,	10.0,	31.512,			1.575,			0.158,			0.051
27,	1,	13.0,	32.95,			2.711,			0.205,			0.058
28,	2,	97.0,	33.505,			10.273,			1.305,			0.132
29,	2,	115.0,	35.846,			11.331,			1.222,			0.133
30,	1,	44.0,	38.33,			2.885,			0.179,			0.052
31,	2,	80.0,	38.339,			13.264,			1.362,			0.158
32,	1,	44.0,	38.345,			2.385,			0.206,			0.056
33,	1,	95.0,	38.35,			2.366,			0.245,			0.057
34,	1,	10.0,	39.173,			2.549,			0.234,			0.056
35,	1,	559.0,	40.996,			2.103,			0.112,			0.052
36,	2,	142.0,	41.79,			10.46,			1.219,			0.133
37,	1,	126.0,	43.799,			1.362,			0.19,			0.054
38,	2,	84.0,	43.826,			14.028,			1.222,			0.105
39,	1,	103.0,	44.467,			2.288,			0.263,			0.053
40,	2,	143.0,	44.478,			12.383,			1.47,			0.137
41,	1,	28.0,	45.558,			1.105,			0.109,			0.054
42,	1,	6.0,	46.943,			2.144,			0.202,			0.057
43,	2,	179.0,	47.014,			11.28,			1.214,			0.173
44,	2,	194.0,	47.245,			11.411,			1.186,			0.146
45,	2,	128.0,	47.902,			14.351,			1.458,			0.16
46,	1,	379.0,	48.952,			1.582,			0.166,			0.05
47,	1,	16.0,	49.185,			1.086,			0.119,			0.06
48,	1,	6.0,	49.589,			2.866,			0.252,			0.056
49,	1,	49.0,	50.032,			2.885,			0.26,			0.055
50,	1,	95.0,	50.472,			1.736,			0.224,			0.056
51,	1,	16.0,	51.661,			1.822,			0.287,			0.057
52,	1,	44.0,	52.258,			1.612,			0.262,			0.056
53,	2,	212.0,	52.308,			14.686,			1.086,			0.163
54,	1,	28.0,	52.818,			2.318,			0.267,			0.057
55,	2,	111.0,	53.656,			11.001,			1.456,			0.198
56,	1,	447.0,	54.484,			1.537,			0.296,			0.054
57,	1,	49.0,	54.757,			2.33,			0.155,			0.053
58,	1,	512.0,	54.87,			2.446,			0.131,			0.05
59,	1,	16.0,	55.593,			1.578,			0.154,			0.051
60,	2,	144.0,	55.885,			10.654,			1.065,			0.104
61,	1,	379.0,	55.966,			1.434,			0.236,			0.054
62,	1,	498.0,	56.28,			2.948,			0.267,			0.055
63,	1,	7.0,	56.67,			1.126,			0.192,			0.057
64,	1,	13.0,	56.763,			2.827,			0.185,			0.054
65,	2,	45.0,	57.589,			12.594,			1.192,			0.126
66,	1,	59.0,	59.164,			1.364,			0.235,			0.056
67,	2,	136.0,	59.199,			14.921,			1.083,			0.155
68,	1,	7.0,	59.255,			1.653,			0.225,			0.052
69,	1,	44.0,	59.517,			1.607,			0.239,			0.058
70,	1,	120.0,	59.518,			1.266,			0.263,			0.052
71,	1,	512.0,	60.804,			2.132,			0.22,			0.06
72,	1,	7.0,	61.008,			1.825,			0.151,			0.059
73,	2,	165.0,	61.127,			10.56,			1.265,			0.16
74,	2,	189.0,	61.248,			13.933,			1.273,			0.17
75,	1,	387.0,	61.308,			1.869,			0.268,			0.052
76,	1,	16.0,	61.992,			1.607,			0.105,			0.054
77,	1,	44.0,	62.145,			2.187,			0.131,			0.051
78,	1,	59.0,	62.658,			1.509,			0.121,			0.057
79,	1,	49.0,	63.419,			2.655,			0.142,			0.053
80,	1,	103.0,	65.106,			1.523,			0.289,			0.059
81,	1,	498.0,	65.337,			2.324,			0.297,			0.052
82,	1,	169.0,	65.979,			1.305,			0.135,			0.052
83,	2,	156.0,	66.106,			12.385,			1.117,			0.101
84,	2,	87.0,	67.557,			14.283,			1.037,			0.117
85,	1,	16.0,	67.609,			2.385,			0.27,			0.052
86,	1,	379.0,	67.977,			2.753,			0.108,			0.051
87,	1,	16.0,	68.175,			1.626,			0.133,			0.054
88,	1,	44.0,	68.675,			1.542,			0.174,			0.055
89,	1,	95.0,	69.183,			1.402,			0.288,			0.052
90,	2,	100.0,	69.606,			12.375,			1.037,			0.15
91,	2,	169.0,	70.304,			11.666,			1.285,			0.105
92,	1,	7.0,	70.421,			2.056,			0.124,			0.052
93,	1,	44.0,	70.728,			1.542,			0.289,			0.059
94,	2,	149.0,	71.797,			10.707,			1.023,			0.166
95,	1,	49.0,	72.415,			2.943,			0.142,			0.05
96,	1,	559.0,	72.898,			2.004,			0.233,			0.058
97,	2,	200.0,	73.226,			11.34,			1.484,			0.107
98,	1,	7.0,	74.08,			2.972,			0.108,			0.053
99,	2,	83.0,	74.46,			10.187,			1.438,			0.197
100,	1,	387.0,	75.167,			2.269,			0.172,			0.051
101,	2,	226.0,	75.269,			13.095,			1.461,			0.107
102,	1,	10.0,	76.258,			2.532,			0.118,			0.059
103,	1,	498.0,	77.255,			1.211,			0.179,			0.057
104,	1,	59.0,	77.284,			2.11,			0.123,			0.05
105,	1,	379.0,	78.318,			1.609,			0.272,			0.057
106,	1,	447.0,	78.41,			2.631,			0.136,			0.056
107,	1,	6.0,	78.42,			1.358,			0.121,			0.054
108,	1,	512.0,	78.457,			2.711,			0.121,			0.051
109,	1,	13.0,	78.937,			2.326,			0.249,			0.052
110,	1,	59.0,	78.98,			2.133,			0.17,			0.051
111,	1,	10.0,	79.33,			1.383,			0.174,			0.059
112,	2,	140.0,	79.558,			12.463,			1.17,			0.173
113,	1,	214.0,	80.18,			1.484,			0.166,			0.053
114,	2,	81.0,	80.251,			11.229,			1.263,			0.123
115,	1,	7.0,	80.257,			2.256,			0.185,			0.053
116,	1,	59.0,	81.022,			1.104,			0.129,			0.052
117,	2,	151.0,	81.084,			12.588,			1.27,			0.18
118,	1,	10.0,	81.529,			2.296,			0.263,			0.053
119,	1,	7.0,	81.68,			1.448,			0.157,			0.059
120,	2,	118.0,	81.734,			10.808,			1.322,			0.167
121,	1,	7.0,	81.838,			2.8,			0.251,			0.052
122,	2,	263.0,	82.076,			12.015,			1.329,			0.126
123,	1,	379.0,	82.689,			1.659,			0.258,			0.056
124,	2,	247.0,	83.809,			12.4,			1.268,			0.129
125,	2,	155.0,	83.979,			14.564,			1.456,			0.161
126,	1,	30.0,	84.561,			2.735,			0.214,			0.053
127,	1,	59.0,	84.678,			2.69,			0.191,			0.05
128,	1,	6.0,	85.28,			2.278,			0.221,			0.057
129,	1,	120.0,	85.445,			2.795,			0.276,			0.053
130,	1,	30.0,	85.502,			2.717,			0.232,			0.051
131,	1,	103.0,	85.682,			1.106,			0.248,			0.052
132,	1,	16.0,	86.397,			2.2,			0.277,			0.051
133,	2,	192.0,	86.42,			10.659,			1.405,			0.174
134,	1,	95.0,	87.068,			2.398,			0.215,			0.057
135,	1,	387.0,	87.255,			2.497,			0.272,			0.06
136,	1,	120.0,	87.746,			2.712,			0.147,			0.053
137,	1,	103.0,	88.325,			1.172,			0.249,			0.054
138,	1,	214.0,	88.452,			2.223,			0.19,			0.054
139,	2,	324.0,	88.68,			12.89,			1.025,			0.152
140,	1,	214.0,	88.85,			1.807,			0.291,			0.058
141,	2,	237.0,	89.75,			12.421,			1.332,			0.145
142,	1,	44.0,	89.875,			2.974,			0.254,			0.051
143,	1,	10.0,	90.222,			1.733,			0.294,			0.057
144,	1,	157.0,	91.111,			1.038,			0.217,			0.05
145,	2,	250.0,	91.761,			14.492,			1.167,			0.187
146,	1,	28.0,	92.091,			2.598,			0.295,			0.05
147,	1,	387.0,	94.061,			1.395,			0.142,			0.051
148,	2,	150.0,	94.145,			11.864,			1.261,			0.166
149,	1,	44.0,	94.173,			2.991,			0.175,			0.058
150,	2,	83.0,	94.207,			14.737,			1.491,			0.185
151,	1,	120.0,	94.222,			2.973,			0.142,			0.055
152,	1,	30.0,	94.812,			2.057,			0.226,			0.058
153,	1,	28.0,	94.862,			2.143,			0.109,			0.051
154,	1,	6.0,	94.911,			2.418,			0.152,			0.053
155,	1,	126.0,	95.456,			2.226,			0.112,			0.055
156,	1,	7.0,	95.676,			2.711,			0.283,			0.052
157,	1,	7.0,	96.477,			2.457,			0.279,			0.052
158,	1,	10.0,	96.564,			1.757,			0.206,			0.051
159,	1,	120.0,	97.092,			1.531,			0.112,			0.058
160,	1,	6.0,	97.244,			1.382,			0.186,			0.054
161,	2,	172.0,	97.668,			12.71,			1.117,			0.139
162,	1,	49.0,	97.754,			2.424,			0.28,			0.052
163,	1,	120.0,	98.169,			2.293,			0.236,			0.058
164,	1,	157.0,	98.239,			1.277,			0.255,			0.051
165,	1,	103.0,	98.525,			1.211,			0.187,			0.05
166,	1,	7.0,	98.678,			1.322,			0.215,			0.054
167,	1,	146.0,	98.882,			1.844,			0.18,			0.058
168,	1,	7.0,	99.054,			1.424,			0.216,			0.055
169,	1,	146.0,	99.285,			2.415,			0.189,			0.056
170,	1,	387.0,	99.356,			1.287,			0.152,			0.053
171,	1,	157.0,	99.415,			1.643,			0.287,			0.052
172,	1,	49.0,	99.479,			2.943,			0.292,			0.059
173,	1,	379.0,	99.898,			2.092,			0.299,			0.059
174,	1,	10.0,	99.943,			1.092,			0.183,			0.06
175,	1,	59.0,	100.043,			1.596,			0.133,			0.058
176,	1,	16.0,	100.133,			2.798,			0.186,			0.055
177,	1,	103.0,	100.211,			2.176,			0.248,			0.053
178,	1,	169.0,	100.213,			1.491,			0.114,			0.054
179,	1,	10.0,	100.634,			1.972,			0.283,			0.053
180,	1,	6.0,	100.65,			1.595,			0.145,			0.056
181,	1,	214.0,	100.789,			1.911,			0.275,			0.06
182,	1,	28.0,	100.832,			2.283,			0.208,			0.058
183,	1,	126.0,	100.998,			1.17,			0.22,			0.051
184,	1,	59.0,	101.066,			1.031,			0.136,			0.05
185,	1,	95.0,	101.251,			1.99,			0.199,			0.055
186,	1,	59.0,	101.664,			2.968,			0.22,			0.059
187,	1,	7.0,	101.729,			1.331,			0.147,			0.057
188,	1,	44.0,	101.853,			2.786,			0.188,			0.057
189,	1,	44.0,	101.979,			1.651,			0.288,			0.058
190,	1,	214.0,	102.297,			1.595,			0.198,			0.051
191,	1,	44.0,	102.324,			2.874,			0.148,			0.06
192,	1,	7.0,	102.729,			2.588,			0.146,			0.052
193,	1,	95.0,	102.876,			1.749,			0.124,			0.06
194,	1,	120.0,	102.976,			2.857,			0.165,			0.052
195,	1,	6.0,	103.16,			1.482,			0.203,			0.051
196,	1,	10.0,	103.198,			2.69,			0.153,			0.055
197,	1,	559.0,	103.412,			2.939,			0.187,			0.055
198,	1,	498.0,	103.925,			2.114,			0.15,			0.06
199,	1,	10.0,	103.926,			1.639,			0.138,			0.051
200,	1,	7.0,	103.941,			1.509,			0.239,			0.052
201,	1,	30.0,	103.991,			2.151,			0.149,			0.059
202,	1,	379.0,	103.999,			1.42,			0.142,			0.052
203,	1,	7.0,	104.144,			2.8,			0.186,			0.057
204,	1,	146.0,	104.596,			1.024,			0.149,			0.06
205,	1,	379.0,	104.647,			1.056,			0.266,			0.058
206,	1,	7.0,	104.728,			2.541,			0.15,			0.05
207,	1,	214.0,	104.792,			2.843,			0.122,			0.057
208,	1,	6.0,	105.122,			2.318,			0.293,			0.053
209,	1,	10.0,	105.507,			1.869,			0.113,			0.059
210,	1,	90.0,	105.778,			2.076,			0.133,			0.051
211,	1,	214.0,	105.917,			1.814,			0.22,			0.055
212,	1,	126.0,	106.216,			1.73,			0.281,			0.051
213,	1,	146.0,	106.335,			1.914,			0.256,			0.055
214,	1,	559.0,	106.472,			2.057,			0.206,			0.055
215,	1,	498.0,	106.819,			2.757,			0.157,			0.059
216,	1,	559.0,	106.885,			1.719,			0.129,			0.056
217,	1,	7.0,	106.905,			1.97,			0.289,			0.051
218,	1,	49.0,	106.952,			1.75,			0.247,			0.059
219,	1,	120.0,	107.668,			2.286,			0.162,			0.056
220,	1,	126.0,	107.921,			2.223,			0.114,			0.056
221,	1,	126.0,	108.057,			1.08,			0.133,			0.057
222,	1,	44.0,	108.11,			1.303,			0.278,			0.058
223,	1,	7.0,	108.155,			1.467,			0.293,			0.053
224,	1,	7.0,	108.302,			2.176,			0.191,			0.056
225,	1,	13.0,	108.306,			1.985,			0.146,			0.059
226,	1,	7.0,	108.332,			1.158,			0.158,			0.059
227,	1,	103.0,	108.844,			1.62,			0.283,			0.052
228,	1,	7.0,	108.968,			2.303,			0.205,			0.06
229,	1,	387.0,	109.031,			1.364,			0.231,			0.058
230,	1,	379.0,	109.203,			1.861,			0.22,			0.053
231,	2,	250.0,	110.128,			13.299,			1.24,			0.15
232,	1,	95.0,	110.316,			2.556,			0.184,			0.053
233,	1,	7.0,	110.324,			2.991,			0.166,			0.059
234,	1,	44.0,	110.416,			2.601,			0.274,			0.052
235,	1,	7.0,	110.842,			2.544,			0.23,			0.051
236,	1,	214.0,	111.004,			2.283,			0.256,			0.055
237,	1,	559.0,	111.05,			2.756,			0.206,			0.06
238,	1,	49.0,	111.062,			2.282,			0.134,			0.051
239,	1,	379.0,	111.125,			2.984,			0.182,			0.053
240,	1,	498.0,	111.392,			2.454,			0.298,			0.056
241,	1,	379.0,	111.546,			1.247,			0.184,			0.057
242,	1,	120.0,	112.205,			2.366,			0.221,			0.056
243,	1,	95.0,	112.429,			1.612,			0.192,			0.054
244,	2,	74.0,	112.683,			12.964,			1.305,			0.121
245,	1,	7.0,	113.292,			2.864,			0.215,			0.055
246,	1,	6.0,	113.356,			1.455,			0.27,			0.051
247,	1,	90.0,	113.442,			1.043,			0.235,			0.055
248,	1,	379.0,	113.722,			2.939,			0.28,			0.059
249,	1,	559.0,	113.722,			2.388,			0.279,			0.053
250,	1,	146.0,	113.938,			1.019,			0.102,			0.052
251,	1,	59.0,	114.413,			1.843,			0.24,			0.054
252,	1,	387.0,	114.591,			2.298,			0.113,			0.057
253,	1,	49.0,	114.684,			2.454,			0.131,			0.059
254,	1,	16.0,	114.832,			1.044,			0.142,			0.056
255,	2,	55.0,	114.936,			13.162,			1.406,			0.115
256,	1,	44.0,	115.06,			1.191,			0.263,			0.05
257,	1,	6.0,	115.264,			1.086,			0.273,			0.054
258,	1,	10.0,	115.287,			1.119,			0.23,			0.059
259,	1,	498.0,	115.394,			2.222,			0.216,			0.054
260,	1,	7.0,	115.6,			2.776,			0.272,			0.054
261,	1,	120.0,	115.743,			1.532,			0.206,			0.058
262,	1,	214.0,	115.813,			1.535,			0.129,			0.05
263,	1,	157.0,	115.879,			1.672,			0.292,			0.054
264,	1,	7.0,	116.463,			1.657,			0.229,			0.051
265,	1,	559.0,	116.516,			1.086,			0.293,			0.053
266,	1,	6.0,	116.723,			2.663,			0.249,			0.058
267,	2,	222.0,	116.936,			10.485,			1.497,			0.139
268,	1,	13.0,	117.149,			2.795,			0.109,			0.055
269,	1,	120.0,	117.213,			1.358,			0.29,			0.052
270,	1,	447.0,	117.45,			1.864,			0.212,			0.051
271,	1,	103.0,	117.695,			1.719,			0.27,			0.056
272,	1,	379.0,	117.773,			1.631,			0.188,			0.06
273,	1,	95.0,	118.166,			1.317,			0.165,			0.059
274,	1,	120.0,	118.348,			2.819,			0.288,			0.057
275,	1,	49.0,	118.566,			1.071,			0.268,			0.059
276,	1,	146.0,	118.608,			2.903,			0.173,			0.057
277,	1,	30.0,	118.613,			2.446,			0.209,			0.052
278,	1,	7.0,	119.054,			2.556,			0.121,			0.058
279,	2,	180.0,	119.118,			10.936,			1.389,			0.143
280,	1,	6.0,	119.146,			1.609,			0.174,			0.055
281,	2,	110.0,	119.149,			14.245,			1.091,			0.175
282,	2,	147.0,	119.174,			10.523,			1.388,			0.129
283,	1,	6.0,	119.57,			1.566,			0.27,			0.054
284,	1,	7.0,	119.882,			2.31,			0.202,			0.059
285,	1,	90.0,	119.921,			2.235,			0.219,			0.059
286,	2,	225.0,	120.025,			11.994,			1.009,			0.195
287,	2,	59.0,	120.113,			12.841,			1.164,			0.109
288,	2,	255.0,	120.179,			12.154,			1.31,			0.189
289,	1,	6.0,	120.221,			1.886,			0.113,			0.057
290,	1,	157.0,	120.455,			1.302,			0.234,			0.06
291,	1,	90.0,	120.465,			1.403,			0.154,			0.059
292,	1,	90.0,	120.799,			1.325,			0.203,			0.052
293,	1,	559.0,	120.815,			2.43,			0.187,			0.051
294,	1,	6.0,	121.011,			2.973,			0.27,			0.055
295,	1,	44.0,	121.095,			2.398,			0.121,			0.056
296,	1,	559.0,	121.217,			2.138,			0.298,			0.053
297,	1,	512.0,	121.472,			2.131,			0.209,			0.051
298,	1,	7.0,	121.798,			2.954,			0.22,			0.052
299,	1,	6.0,	121.873,			1.857,			0.227,			0.057
300,	1,	157.0,	121.879,			1.561,			0.217,			0.05
301,	1,	447.0,	121.991,			1.22,			0.222,			0.058
302,	1,	7.0,	122.312,			2.404,			0.15,			0.058
303,	1,	120.0,	122.964,			2.52,			0.124,			0.05
304,	1,	214.0,	123.075,			1.477,			0.122,			0.058
305,	1,	13.0,	123.327,			1.048,			0.129,			0.059
306,	1,	7.0,	123.435,			1.755,			0.207,			0.05
307,	1,	44.0,	123.572,			2.223,			0.16,			0.05
308,	1,	559.0,	123.597,			2.418,			0.169,			0.051
309,	1,	16.0,	123.818,			1.907,			0.133,			0.057
310,	1,	7.0,	123.856,			2.796,			0.172,			0.051
311,	1,	28.0,	123.892,			2.622,			0.105,			0.057
312,	1,	169.0,	124.013,			2.073,			0.209,			0.051
313,	1,	10.0,	124.057,			1.981,			0.297,			0.056
314,	1,	120.0,	124.07,			1.367,			0.146,			0.058
315,	1,	6.0,	124.212,			2.167,			0.16,			0.057
316,	1,	7.0,	124.328,			1.486,			0.177,			0.051
317,	1,	6.0,	124.415,			2.279,			0.179,			0.05
318,	1,	387.0,	124.673,			2.103,			0.254,			0.053
319,	1,	103.0,	124.925,			1.232,			0.228,			0.055
320,	1,	44.0,	124.998,			2.265,			0.2,			0.054
321,	1,	447.0,	125.031,			1.008,			0.185,			0.051
322,	1,	512.0,	125.078,			2.888,			0.104,			0.054
323,	1,	559.0,	125.135,			1.509,			0.121,			0.059
324,	1,	103.0,	125.309,			1.486,			0.169,			0.057
325,	1,	49.0,	125.393,			2.843,			0.136,			0.06
326,	1,	498.0,	125.478,			1.981,			0.166,			0.058
327,	1,	498.0,	125.736,			2.969,			0.228,			0.052
328,	1,	95.0,	125.737,			2.034,			0.116,			0.057
329,	2,	92.0,	125.901,			11.761,			1.364,			0.188
330,	1,	95.0,	126.003,			1.515,			0.275,			0.053
331,	1,	16.0,	126.298,			1.645,			0.217,			0.054
332,	1,	379.0,	126.306,			1.914,			0.265,			0.055
333,	1,	447.0,	126.615,			1.988,			0.138,			0.051
334,	1,	7.0,	126.654,			2.834,			0.167,			0.053
335,	1,	214.0,	126.692,			1.249,			0.169,			0.059
336,	1,	498.0,	127.2,			1.639,			0.235,			0.052
337,	1,	44.0,	127.229,			1.044,			0.212,			0.052
338,	1,	146.0,	127.399,			2.813,			0.292,			0.052
339,	1,	95.0,	127.581,			1.612,			0.174,			0.054
340,	1,	6.0,	127.583,			1.173,			0.216,			0.06
341,	2,	214.0,	127.905,			14.057,			1.107,			0.105
342,	1,	7.0,	128.142,			2.623,			0.103,			0.051
343,	1,	16.0,	128.284,			1.372,			0.254,			0.058
344,	1,	10.0,	128.511,			1.105,			0.249,			0.052
345,	1,	214.0,	128.9,			1.701,			0.183,			0.058
346,	1,	30.0,	128.988,			1.681,			0.228,			0.053
347,	1,	214.0,	129.161,			2.051,			0.169,			0.054
348,	1,	169.0,	129.195,			2.286,			0.104,			0.058
349,	1,	157.0,	129.498,			1.73,			0.134,			0.05
350,	1,	214.0,	129.639,			2.074,			0.284,			0.059
351,	1,	7.0,	129.914,			2.789,			0.288,			0.058
352,	1,	28.0,	130.028,			2.057,			0.247,			0.053
353,	1,	44.0,	130.113,			1.561,			0.293,			0.059
354,	1,	90.0,	130.216,			2.932,			0.101,			0.055
355,	2,	77.0,	130.226,			10.654,			1.326,			0.197
356,	1,	512.0,	130.783,			1.79,			0.27,			0.053
357,	2,	243.0,	131.064,			11.598,			1.193,			0.166
358,	1,	146.0,	131.073,			2.273,			0.203,			0.054
359,	1,	157.0,	131.386,			1.358,			0.139,			0.05
360,	1,	103.0,	131.393,			1.061,			0.195,			0.054
361,	1,	146.0,	131.57,			2.065,			0.159,			0.059
362,	1,	13.0,	131.796,			1.435,			0.124,			0.052
363,	2,	215.0,	131.8,			12.527,			1.479,			0.119
364,	1,	7.0,	131.819,			2.976,			0.27,			0.054
365,	1,	120.0,	131.902,			1.551,			0.298,			0.056
366,	1,	447.0,	131.981,			2.911,			0.278,			0.057
367,	1,	95.0,	132.033,			1.609,			0.187,			0.058
368,	1,	7.0,	132.31,			2.084,			0.139,			0.054
369,	1,	7.0,	132.514,			2.579,			0.288,			0.055
370,	1,	7.0,	132.577,			1.262,			0.211,			0.057
371,	2,	274.0,	132.717,			12.876,			1.206,			0.133
372,	1,	379.0,	132.718,			2.893,			0.258,			0.053
373,	1,	28.0,	133.194,			2.645,			0.299,			0.055
374,	1,	498.0,	133.247,			1.566,			0.138,			0.057
375,	1,	30.0,	133.292,			2.014,			0.184,			0.059
376,	1,	6.0,	133.489,			2.438,			0.121,			0.05
377,	1,	7.0,	133.571,			1.875,			0.282,			0.059
378,	1,	120.0,	133.591,			1.869,			0.101,			0.053
379,	1,	44.0,	133.703,			2.084,			0.156,			0.055
380,	2,	118.0,	133.913,			14.676,			1.137,			0.194
381,	1,	7.0,	133.96,			1.707,			0.177,			0.052
382,	1,	16.0,	134.121,			1.485,			0.225,			0.056
383,	1,	30.0,	134.383,			1.14,			0.247,			0.051
384,	1,	90.0,	134.793,			1.464,			0.272,			0.057
385,	1,	13.0,	134.888,			1.609,			0.193,			0.052
386,	1,	512.0,	135.047,			2.133,			0.109,			0.05
387,	1,	44.0,	135.084,			1.213,			0.206,			0.055
388,	1,	6.0,	135.138,			1.694,			0.135,			0.055
389,	1,	6.0,	135.181,			2.703,			0.167,			0.053
390,	1,	13.0,	135.404,			2.926,			0.238,			0.056
391,	1,	59.0,	135.425,			2.358,			0.248,			0.054
392,	2,	51.0,	135.628,			11.459,			1.222,			0.195
393,	1,	90.0,	135.647,			1.431,			0.198,			0.05
394,	1,	447.0,	135.725,			2.016,			0.279,			0.055
395,	1,	44.0,	136.106,			2.548,			0.215,			0.055
396,	1,	49.0,	136.295,			2.852,			0.175,			0.056
397,	1,	59.0,	136.388,			1.672,			0.223,			0.051
398,	1,	7.0,	136.436,			1.303,			0.224,			0.052
399,	2,	28.0,	136.887,			10.518,			1.481,			0.143
400,	1,	126.0,	137.083,			1.968,			0.12,			0.055
401,	1,	559.0,	137.24,			1.659,			0.139,			0.052
402,	1,	6.0,	137.24,			1.112,			0.205,			0.054
403,	1,	30.0,	137.316,			2.407,			0.292,			0.056
404,	1,	13.0,	137.389,			2.167,			0.17,			0.051
405,	2,	252.0,	137.411,			14.908,			1.121,			0.129
406,	1,	59.0,	137.426,			1.784,			0.293,			0.052
407,	1,	7.0,	137.427,			2.238,			0.231,			0.053
408,	1,	16.0,	137.433,			1.968,			0.214,			0.056
409,	1,	7.0,	137.44,			2.651,			0.283,			0.053
410,	1,	6.0,	137.684,			1.394,			0.161,			0.057
411,	1,	379.0,	137.74,			1.104,			0.168,			0.056
412,	1,	16.0,	137.912,			1.362,			0.124,			0.053
413,	1,	387.0,	138.025,			2.074,			0.272,			0.057
414,	1,	10.0,	138.041,			1.039,			0.122,			0.06
415,	1,	447.0,	138.146,			2.298,			0.161,			0.054
416,	1,	44.0,	138.237,			2.33,			0.263,			0.054
417,	2,	192.0,	138.533,			13.092,			1.452,			0.155
418,	1,	512.0,	138.903,			1.114,			0.165,			0.06
419,	1,	379.0,	138.973,			2.636,			0.126,			0.059
420,	1,	44.0,	139.043,			1.716,			0.225,			0.057
421,	1,	559.0,	139.287,			1.988,			0.114,			0.055
422,	1,	95.0,	139.55,			1.595,			0.225,			0.057
423,	1,	387.0,	139.768,			2.393,			0.14,			0.057
424,	2,	155.0,	139.789,			10.15,			1.326,			0.147
425,	1,	7.0,	140.041,			2.489,			0.222,			0.059
426,	1,	157.0,	140.139,			1.104,			0.139,			0.057
427,	1,	44.0,	140.252,			2.685,			0.204,			0.054
428,	1,	379.0,	140.294,			2.09,			0.289,			0.056
429,	1,	44.0,	140.515,			2.35,			0.215,			0.056
430,	1,	16.0,	140.578,			1.226,			0.22,			0.057
431,	1,	103.0,	140.837,			1.211,			0.114,			0.055
432,	1,	6.0,	140.846,			1.601,			0.109,			0.054
433,	1,	120.0,	140.95,			2.799,			0.234,			0.053
434,	2,	158.0,	141.331,			13.15,			1.191,			0.194
435,	1,	13.0,	141.397,			2.765,			0.288,			0.058
436,	1,	30.0,	141.535,			1.703,			0.133,			0.052
437,	1,	559.0,	141.603,			2.18,			0.145,			0.057
438,	2,	177.0,	141.666,			11.717,			1.488,			0.155
439,	1,	95.0,	141.713,			2.284,			0.263,			0.051
440,	1,	6.0,	141.72,			2.366,			0.264,			0.051
441,	2,	132.0,	141.824,			14.39,			1.449,			0.105
442,	2,	132.0,	142.292,			10.076,			1.431,			0.145
443,	1,	6.0,	142.594,			1.962,			0.123,			0.058
444,	1,	10.0,	142.708,			1.423,			0.142,			0.056
445,	1,	6.0,	142.844,			1.791,			0.203,			0.056
446,	1,	59.0,	142.861,			2.874,			0.162,			0.052
447,	1,	44.0,	142.923,			2.582,			0.251,			0.055
448,	1,	6.0,	143.136,			2.524,			0.208,			0.051
449,	1,	95.0,	143.42,			2.155,			0.207,			0.051
450,	1,	59.0,	143.471,			1.028,			0.199,			0.059
451,	1,	59.0,	143.925,			2.95,			0.145,			0.054
452,	1,	7.0,	143.928,			1.776,			0.14,			0.056
453,	1,	387.0,	143.988,			1.731,			0.279,			0.055
454,	1,	126.0,	144.021,			1.991,			0.215,			0.059
455,	1,	512.0,	144.21,			1.869,			0.236,			0.056
456,	1,	49.0,	144.566,			1.947,			0.274,			0.059
457,	1,	126.0,	144.725,			2.037,			0.239,			0.06
458,	1,	387.0,	144.729,			1.732,			0.104,			0.055
459,	1,	7.0,	144.892,			1.269,			0.103,			0.052
460,	2,	151.0,	145.271,			13.943,			1.394,			0.121
461,	1,	95.0,	145.32,			2.96,			0.269,			0.055
462,	1,	59.0,	145.487,			1.018,			0.28,			0.06
463,	1,	6.0,	146.053,			2.273,			0.206,			0.053
464,	1,	28.0,	146.439,			1.968,			0.291,			0.059
465,	1,	146.0,	146.501,			1.435,			0.158,			0.055
466,	1,	7.0,	146.507,			2.795,			0.235,			0.059
467,	1,	13.0,	146.702,			1.756,			0.217,			0.052
468,	1,	16.0,	146.952,			2.351,			0.125,			0.051
469,	1,	7.0,	147.129,			1.683,			0.202,			0.056
470,	1,	28.0,	147.194,			1.277,			0.268,			0.058
471,	2,	112.0,	147.202,			11.617,			1.226,			0.172
472,	1,	387.0,	147.242,			1.654,			0.27,			0.052
473,	1,	169.0,	147.505,			2.388,			0.216,			0.055
474,	2,	50.0,	147.538,			14.908,			1.294,			0.149
475,	1,	44.0,	147.996,			2.874,			0.189,			0.055
476,	2,	174.0,	148.15,			10.9,			1.268,			0.175
477,	1,	90.0,	148.347,			2.813,			0.132,			0.054
478,	1,	30.0,	148.703,			2.983,			0.137,			0.059
479,	1,	44.0,	148.735,			1.111,			0.249,			0.05
480,	1,	387.0,	148.983,			1.639,			0.114,			0.058
481,	1,	447.0,	149.209,			2.03,			0.275,			0.059
482,	1,	6.0,	149.588,			1.188,			0.297,			0.056
483,	1,	559.0,	149.759,			1.566,			0.114,			0.051
484,	1,	169.0,	149.935,			1.486,			0.174,			0.052
485,	1,	30.0,	150.114,			2.628,			0.235,			0.059
486,	1,	379.0,	150.287,			2.576,			0.193,			0.053
487,	1,	214.0,	150.31,			1.587,			0.173,			0.052
488,	1,	126.0,	150.501,			2.492,			0.13,			0.06
489,	1,	28.0,	151.072,			2.614,			0.131,			0.058
490,	1,	13.0,	151.544,			1.031,			0.282,			0.059
491,	1,	447.0,	151.587,			1.291,			0.121,			0.053
492,	1,	120.0,	151.91,			1.031,			0.122,			0.054
493,	1,	120.0,	151.938,			1.75,			0.113,			0.051
494,	1,	103.0,	152.071,			1.105,			0.254,			0.059
495,	1,	59.0,	152.349,			2.449,			0.17,			0.051
496,	1,	379.0,	152.698,			1.071,			0.124,			0.055
497,	1,	6.0,	152.935,			1.178,			0.236,			0.052
498,	1,	6.0,	152.958,			1.103,			0.242,			0.054
499,	2,	144.0,	153.201,			10.6,			1.326,			0.19
500,	1,	120.0,	153.205,			2.879,			0.257,			0.058
501,	1,	10.0,	153.341,			2.446,			0.248,			0.056
502,	1,	447.0,	153.368,			1.103,			0.185,			0.058
503,	1,	90.0,	153.432,			1.655,			0.299,			0.053
504,	1,	90.0,	153.493,			2.99,			0.12,			0.058
505,	1,	7.0,	153.532,			2.358,			0.253,			0.055
506,	1,	13.0,	153.545,			1.105,			0.235,			0.051
507,	2,	147.0,	153.628,			11.707,			1.417,			0.135
508,	1,	44.0,	153.664,			2.404,			0.268,			0.053
509,	1,	7.0,	153.941,			1.334,			0.214,			0.053
510,	1,	44.0,	154.285,			1.728,			0.134,			0.051
511,	1,	59.0,	154.291,			1.979,			0.294,			0.059
512,	1,	13.0,	154.48,			2.865,			0.116,			0.054
513,	1,	44.0,	154.77,			1.531,			0.216,			0.06
514,	1,	95.0,	154.861,			1.553,			0.101,			0.057
515,	1,	44.0,	155.255,			1.027,			0.237,			0.06
516,	1,	90.0,	155.369,			1.104,			0.172,			0.058
517,	2,	68.0,	155.394,			10.177,			1.388,			0.111
518,	1,	13.0,	155.403,			1.382,			0.148,			0.054
519,	1,	146.0,	155.434,			1.317,			0.146,			0.052
520,	2,	125.0,	155.802,			10.335,			1.403,			0.168
521,	1,	13.0,	155.833,			1.005,			0.267,			0.055
522,	1,	7.0,	155.962,			1.672,			0.113,			0.052
523,	1,	169.0,	156.01,			1.756,			0.284,			0.058
524,	2,	28.0,	156.05,			11.639,			1.403,			0.173
525,	1,	90.0,	156.066,			2.279,			0.288,			0.054
526,	1,	7.0,	156.068,			1.524,			0.113,			0.059
527,	1,	146.0,	156.328,			1.322,			0.118,			0.054
528,	1,	6.0,	156.331,			1.908,			0.228,			0.055
529,	1,	379.0,	156.395,			2.614,			0.177,			0.058
530,	1,	7.0,	156.497,			2.321,			0.129,			0.05
531,	1,	44.0,	156.529,			2.184,			0.169,			0.053
532,	1,	30.0,	156.574,			1.639,			0.163,			0.057
533,	1,	28.0,	156.671,			2.449,			0.21,			0.057
534,	1,	103.0,	157.252,			2.635,			0.214,			0.054
535,	1,	6.0,	157.315,			2.169,			0.251,			0.055
536,	1,	169.0,	157.346,			2.819,			0.195,			0.053
537,	1,	6.0,	157.392,			1.719,			0.272,			0.053
538,	1,	379.0,	157.505,			2.316,			0.23,			0.051
539,	1,	49.0,	157.525,			1.67,			0.206,			0.054
540,	1,	7.0,	157.539,			2.879,			0.152,			0.059
541,	1,	126.0,	157.546,			1.285,			0.17,			0.053
542,	2,	252.0,	157.637,			11.834,			1.218,			0.153
543,	1,	16.0,	157.64,			1.97,			0.299,			0.056
544,	1,	10.0,	157.796,			2.304,			0.158,			0.058
545,	2,	178.0,	157.871,			14.76,			1.163,			0.118
546,	1,	387.0,	157.915,			1.921,			0.161,			0.051
547,	1,	95.0,	158.514,			1.482,			0.268,			0.056
548,	1,	6.0,	158.61,			2.776,			0.284,			0.051
549,	1,	559.0,	158.732,			2.379,			0.185,			0.056
550,	1,	6.0,	158.846,			1.998,			0.276,			0.051
551,	2,	119.0,	158.874,			12.88,			1.236,			0.148
552,	1,	559.0,	158.882,			1.659,			0.3,			0.06
553,	1,	28.0,	159.054,			2.013,			0.241,			0.054
554,	1,	6.0,	159.389,			1.4,			0.282,			0.056
555,	1,	59.0,	159.438,			2.862,			0.235,			0.053
556,	1,	59.0,	159.524,			1.35,			0.153,			0.058
557,	1,	379.0,	159.569,			1.441,			0.171,			0.054
558,	1,	30.0,	159.964,			2.858,			0.162,			0.059
559,	1,	6.0,	159.991,			2.598,			0.259,			0.057
560,	1,	13.0,	160.024,			1.63,			0.287,			0.052
561,	1,	214.0,	160.147,			1.086,			0.111,			0.05
562,	1,	103.0,	160.166,			1.784,			0.259,			0.055
563,	2,	126.0,	160.216,			13.348,			1.361,			0.105
564,	1,	157.0,	160.273,			2.225,			0.119,			0.056
565,	2,	240.0,	160.337,			10.792,			1.001,			0.109
566,	2,	163.0,	160.674,			11.99,			1.103,			0.16
567,	1,	169.0,	160.732,			1.014,			0.151,			0.054
568,	2,	149.0,	160.745,			11.649,			1.055,			0.184
569,	1,	49.0,	160.831,			1.952,			0.214,			0.053
570,	1,	44.0,	160.898,			1.304,			0.192,			0.052
571,	1,	7.0,	160.991,			1.464,			0.238,			0.05
572,	1,	28.0,	161.006,			2.935,			0.251,			0.056
573,	1,	559.0,	161.208,			1.103,			0.297,			0.053
574,	1,	512.0,	161.37,			2.09,			0.292,			0.054
575,	1,	90.0,	161.425,			2.95,			0.17,			0.057
576,	1,	6.0,	161.676,			2.103,			0.195,			0.059
577,	1,	379.0,	161.713,			2.328,			0.239,			0.058
578,	1,	146.0,	162.136,			1.025,			0.248,			0.052
579,	1,	387.0,	162.361,			2.132,			0.119,			0.057
580,	1,	44.0,	162.469,			1.582,			0.139,			0.053
581,	2,	122.0,	162.588,			11.46,			1.175,			0.162
582,	1,	447.0,	162.686,			2.288,			0.136,			0.055
583,	1,	10.0,	162.759,			2.144,			0.193,			0.059
584,	2,	124.0,	162.865,			12.146,			1.088,			0.123
585,	2,	198.0,	163.085,			14.157,			1.053,			0.13
586,	1,	169.0,	163.123,			2.415,			0.107,			0.051
587,	1,	6.0,	163.469,			1.481,			0.165,			0.06
588,	2,	120.0,	163.512,			13.3,			1.363,			0.139
589,	1,	6.0,	163.537,			2.198,			0.256,			0.054
590,	2,	130.0,	163.585,			10.672,			1.136,			0.179
591,	1,	90.0,	163.858,			1.86,			0.11,			0.058
592,	2,	54.0,	163.921,			10.77,			1.259,			0.111
593,	1,	7.0,	163.957,			1.162,			0.29,			0.053
594,	1,	49.0,	164.037,			2.858,			0.232,			0.057
595,	1,	169.0,	164.066,			1.121,			0.268,			0.055
596,	1,	28.0,	164.081,			1.61,			0.287,			0.055
597,	1,	214.0,	164.227,			2.303,			0.23,			0.055
598,	1,	7.0,	164.632,			2.703,			0.237,			0.054
599,	1,	126.0,	164.65,			1.103,			0.128,			0.056
600,	1,	559.0,	164.707,			1.211,			0.21,			0.054
601,	1,	559.0,	164.95,			1.241,			0.185,			0.053
602,	1,	44.0,	165.208,			2.673,			0.129,			0.055
603,	1,	10.0,	165.553,			1.554,			0.274,			0.058
604,	1,	498.0,	165.882,			2.542,			0.275,			0.059
605,	1,	13.0,	166.226,			1.358,			0.227,			0.052
606,	1,	13.0,	166.293,			2.598,			0.135,			0.053
607,	1,	95.0,	166.367,			2.187,			0.258,			0.051
608,	1,	30.0,	166.408,			1.256,			0.241,			0.055
609,	1,	13.0,	166.618,			2.852,			0.229,			0.053
610,	1,	10.0,	166.868,			2.225,			0.162,			0.054
611,	1,	95.0,	166.888,			1.698,			0.228,			0.054
612,	1,	146.0,	166.951,			2.922,			0.284,			0.06
613,	1,	44.0,	166.952,			1.515,			0.284,			0.055
614,	1,	59.0,	166.99,			1.191,			0.135,			0.055
615,	2,	220.0,	167.082,			10.4,			1.05,			0.104
616,	1,	90.0,	167.288,			1.458,			0.232,			0.053
617,	1,	59.0,	167.37,			2.78,			0.26,			0.053
618,	1,	7.0,	167.428,			2.163,			0.203,			0.059
619,	2,	162.0,	167.518,			13.979,			1.197,			0.105
620,	1,	28.0,	167.802,			2.838,			0.209,			0.059
621,	1,	214.0,	167.803,			1.942,			0.285,			0.059
622,	1,	10.0,	167.809,			1.807,			0.275,			0.05
623,	1,	379.0,	167.867,			1.669,			0.278,			0.051
624,	1,	7.0,	167.958,			1.144,			0.272,			0.058
625,	1,	28.0,	167.975,			1.494,			0.289,			0.051
626,	1,	120.0,	168.315,			2.407,			0.243,			0.058
627,	1,	379.0,	168.35,			2.457,			0.131,			0.051
628,	1,	59.0,	168.381,			2.326,			0.112,			0.05
629,	1,	7.0,	168.444,			1.23,			0.171,			0.055
630,	1,	44.0,	168.463,			2.132,			0.189,			0.055
631,	1,	7.0,	168.588,			2.636,			0.157,			0.06
632,	1,	379.0,	168.656,			2.625,			0.292,			0.056
633,	1,	379.0,	168.667,			2.545,			0.186,			0.057
634,	2,	161.0,	168.823,			12.849,			1.091,			0.164
635,	1,	103.0,	168.887,			1.009,			0.24,			0.052
636,	1,	126.0,	169.013,			1.825,			0.1,			0.058
637,	1,	7.0,	169.087,			1.277,			0.21,			0.052
638,	1,	512.0,	169.192,			2.26,			0.225,			0.05
639,	1,	387.0,	169.339,			2.872,			0.198,			0.057
640,	1,	44.0,	169.373,			2.321,			0.279,			0.056
641,	1,	7.0,	169.562,			1.168,			0.177,			0.052
642,	2,	138.0,	169.572,			11.581,			1.091,			0.125
643,	1,	28.0,	169.609,			1.491,			0.101,			0.05
644,	1,	90.0,	169.612,			1.172,			0.192,			0.059
645,	2,	241.0,	169.741,			12.581,			1.138,			0.188
646,	1,	7.0,	169.742,			2.076,			0.131,			0.055
647,	1,	498.0,	169.807,			2.014,			0.202,			0.052
648,	1,	7.0,	169.87,			1.827,			0.194,			0.055
649,	1,	7.0,	169.961,			2.553,			0.288,			0.054
650,	1,	387.0,	170.18,			2.31,			0.294,			0.06
651,	2,	207.0,	170.18,			11.689,			1.273,			0.163
652,	1,	7.0,	170.196,			1.005,			0.138,			0.052
653,	1,	559.0,	170.423,			1.402,			0.212,			0.05
654,	1,	157.0,	170.51,			2.027,			0.124,			0.059
655,	1,	512.0,	170.586,			2.861,			0.267,			0.059
656,	1,	90.0,	170.59,			2.2,			0.258,			0.056
657,	2,	100.0,	170.601,			12.475,			1.185,			0.129
658,	1,	13.0,	170.853,			2.8,			0.16,			0.06
659,	1,	103.0,	171.078,			1.283,			0.298,			0.051
660,	1,	90.0,	171.342,			1.211,			0.292,			0.053
661,	1,	387.0,	171.361,			2.684,			0.213,			0.051
662,	1,	169.0,	171.647,			2.726,			0.185,			0.054
663,	1,	447.0,	172.294,			2.663,			0.139,			0.052
664,	1,	120.0,	172.302,			1.402,			0.244,			0.054
665,	1,	103.0,	172.612,			2.127,			0.13,			0.05
666,	1,	30.0,	172.75,			2.686,			0.222,			0.053
667,	1,	44.0,	172.852,			2.943,			0.133,			0.055
668,	1,	7.0,	172.904,			1.539,			0.268,			0.056
669,	1,	7.0,	172.945,			1.663,			0.138,			0.051
670,	1,	126.0,	172.991,			2.092,			0.12,			0.052
671,	1,	146.0,	173.062,			2.807,			0.175,			0.05
672,	1,	447.0,	173.293,			2.717,			0.105,			0.052
673,	1,	512.0,	173.524,			1.811,			0.16,			0.059
674,	1,	214.0,	173.691,			2.03,			0.288,			0.053
675,	1,	214.0,	173.806,			1.509,			0.222,			0.05
676,	1,	559.0,	174.067,			2.085,			0.207,			0.05
677,	1,	28.0,	174.607,			1.211,			0.289,			0.059
678,	1,	169.0,	174.683,			2.398,			0.138,			0.056
679,	1,	49.0,	174.885,			2.872,			0.293,			0.054
680,	1,	120.0,	174.886,			1.383,			0.3,			0.054
681,	1,	379.0,	174.912,			1.445,			0.217,			0.052
682,	1,	103.0,	174.96,			1.044,			0.102,			0.056
683,	1,	120.0,	175.217,			1.08,			0.257,			0.055
684,	1,	447.0,	175.397,			2.973,			0.125,			0.052
685,	1,	169.0,	175.404,			1.61,			0.289,			0.057
686,	1,	126.0,	175.408,			2.492,			0.255,			0.053
687,	1,	379.0,	175.573,			1.153,			0.118,			0.055
688,	1,	214.0,	175.724,			2.861,			0.124,			0.059
689,	1,	387.0,	175.957,			1.114,			0.158,			0.057
690,	2,	249.0,	176.037,			10.332,			1.403,			0.144
691,	1,	7.0,	176.061,			1.912,			0.299,			0.052
692,	1,	559.0,	176.586,			1.913,			0.109,			0.051
693,	1,	16.0,	176.778,			1.417,			0.215,			0.056
694,	1,	10.0,	176.952,			2.28,			0.121,			0.059
695,	1,	13.0,	177.076,			1.86,			0.28,			0.057
696,	1,	7.0,	177.263,			2.686,			0.158,			0.055
697,	1,	146.0,	177.348,			1.031,			0.114,			0.05
698,	1,	16.0,	177.52,			1.146,			0.256,			0.057
699,	1,	10.0,	177.59,			1.769,			0.128,			0.059
700,	1,	7.0,	177.819,			1.728,			0.295,			0.055
701,	1,	90.0,	178.059,			1.215,			0.284,			0.054
702,	2,	316.0,	178.183,			13.437,			1.341,			0.126
703,	1,	28.0,	178.456,			1.148,			0.142,			0.051
704,	1,	157.0,	179.078,			2.151,			0.201,			0.051
705,	1,	28.0,	179.094,			1.364,			0.119,			0.053
706,	1,	90.0,	179.125,			2.197,			0.131,			0.055
707,	1,	7.0,	179.238,			1.72,			0.179,			0.057
708,	2,	200.0,	179.256,			11.933,			1.093,			0.157
709,	1,	169.0,	179.317,			2.628,			0.298,			0.057
710,	2,	113.0,	179.361,			11.866,			1.166,			0.109
711,	2,	274.0,	179.447,			13.168,			1.012,			0.174
712,	1,	28.0,	179.722,			2.914,			0.103,			0.056
713,	1,	44.0,	180.041,			1.095,			0.277,			0.058
714,	1,	447.0,	180.049,			1.86,			0.162,			0.051
715,	1,	13.0,	180.061,			1.17,			0.111,			0.054
716,	2,	232.0,	180.139,			12.024,			1.305,			0.109
717,	1,	512.0,	180.157,			2.282,			0.21,			0.054
718,	1,	95.0,	180.256,			2.638,			0.125,			0.05
719,	1,	49.0,	180.451,			1.279,			0.233,			0.054
720,	1,	7.0,	180.65,			1.296,			0.134,			0.05
721,	1,	7.0,	180.802,			1.337,			0.159,			0.059
722,	1,	447.0,	180.873,			1.913,			0.176,			0.051
723,	1,	146.0,	180.933,			2.163,			0.286,			0.052
724,	1,	44.0,	181.069,			1.774,			0.145,			0.056
725,	1,	28.0,	181.07,			2.418,			0.22,			0.056
726,	1,	7.0,	181.17,			1.769,			0.233,			0.05
727,	1,	498.0,	181.577,			2.092,			0.207,			0.054
728,	1,	59.0,	181.863,			1.625,			0.128,			0.052
729,	1,	16.0,	181.952,			1.304,			0.295,			0.055
730,	1,	157.0,	181.978,			1.048,			0.222,			0.05
731,	1,	379.0,	182.035,			2.903,			0.15,			0.057
732,	1,	387.0,	182.202,			1.483,			0.134,			0.052
733,	1,	59.0,	182.345,			2.956,			0.285,			0.05
734,	1,	7.0,	182.425,			1.97,			0.29,			0.053
735,	1,	7.0,	182.494,			1.631,			0.135,			0.051
736,	1,	44.0,	182.646,			1.437,			0.294,			0.056
737,	2,	137.0,	182.649,			14.162,			1.366,			0.162
738,	2,	56.0,	183.299,			13.163,			1.197,			0.137
739,	1,	169.0,	183.632,			2.642,			0.293,			0.054
740,	1,	28.0,	183.648,			2.872,			0.235,			0.055
741,	1,	49.0,	184.313,			2.047,			0.189,			0.06
742,	1,	10.0,	184.981,			1.825,			0.156,			0.054
743,	1,	447.0,	185.031,			1.841,			0.128,			0.057
744,	1,	44.0,	185.036,			1.524,			0.223,			0.05
745,	1,	169.0,	185.06,			2.675,			0.241,			0.059
746,	1,	30.0,	185.433,			2.642,			0.21,			0.058
747,	1,	169.0,	185.605,			2.388,			0.186,			0.057
748,	1,	103.0,	185.636,			2.533,			0.241,			0.05
749,	1,	387.0,	185.667,			2.8,			0.135,			0.05
750,	1,	90.0,	185.743,			1.303,			0.195,			0.052
751,	1,	379.0,	185.858,			1.864,			0.159,			0.056
752,	1,	30.0,	186.16,			1.031,			0.169,			0.06
753,	1,	169.0,	186.67,			2.369,			0.198,			0.059
754,	1,	90.0,	187.053,			2.449,			0.28,			0.06
755,	1,	512.0,	187.137,			2.725,			0.277,			0.055
756,	1,	498.0,	187.236,			1.63,			0.12,			0.057
757,	1,	559.0,	187.246,			2.777,			0.225,			0.056
758,	1,	10.0,	187.384,			2.076,			0.206,			0.055
759,	1,	447.0,	187.656,			2.896,			0.116,			0.051
760,	1,	10.0,	187.863,			2.273,			0.157,			0.057
761,	1,	447.0,	187.887,			1.535,			0.263,			0.057
762,	1,	559.0,	188.325,			1.428,			0.255,			0.06
763,	1,	512.0,	188.481,			1.769,			0.288,			0.056
764,	1,	13.0,	188.535,			2.31,			0.238,			0.057
765,	1,	44.0,	188.677,			2.874,			0.25,			0.058
766,	1,	379.0,	188.721,			2.269,			0.217,			0.057
767,	1,	7.0,	188.752,			1.422,			0.239,			0.055
768,	1,	95.0,	189.41,			1.919,			0.175,			0.059
769,	1,	157.0,	189.585,			1.731,			0.133,			0.058
770,	1,	13.0,	189.771,			2.637,			0.221,			0.054
771,	1,	103.0,	189.783,			1.426,			0.208,			0.052
772,	1,	59.0,	190.261,			2.299,			0.279,			0.051
773,	1,	7.0,	190.397,			2.085,			0.195,			0.051
774,	1,	44.0,	190.484,			2.761,			0.17,			0.058
775,	1,	7.0,	190.709,			2.288,			0.136,			0.052
776,	1,	49.0,	190.79,			2.879,			0.217,			0.056
777,	1,	447.0,	190.865,			2.548,			0.219,			0.055
778,	1,	126.0,	191.534,			1.626,			0.188,			0.051
779,	1,	44.0,	192.458,			2.103,			0.241,			0.05
780,	1,	214.0,	192.542,			1.293,			0.186,			0.052
781,	1,	7.0,	192.933,			1.962,			0.235,			0.055
782,	1,	95.0,	193.147,			2.655,			0.123,			0.056
783,	1,	387.0,	193.148,			2.349,			0.15,			0.054
784,	1,	120.0,	193.181,			2.407,			0.252,			0.055
785,	1,	90.0,	193.567,			2.99,			0.224,			0.055
786,	2,	154.0,	193.638,			14.135,			1.453,			0.162
787,	2,	268.0,	193.657,			14.85,			1.278,			0.134
788,	2,	138.0,	193.825,			10.586,			1.233,			0.141
789,	1,	559.0,	194.05,			2.31,			0.139,			0.054
790,	1,	30.0,	194.112,			1.307,			0.192,			0.05
791,	2,	197.0,	194.192,			10.617,			1.422,			0.187
792,	1,	6.0,	194.402,			2.197,			0.279,			0.055
793,	1,	157.0,	194.646,			2.199,			0.161,			0.055
794,	1,	498.0,	194.755,			1.263,			0.196,			0.057
795,	2,	245.0,	194.88,			12.615,			1.333,			0.133
796,	2,	121.0,	195.22,			12.576,			1.289,			0.138
797,	1,	120.0,	195.491,			2.296,			0.208,			0.057
798,	1,	7.0,	195.775,			2.78,			0.228,			0.055
799,	2,	96.0,	195.824,			12.385,			1.498,			0.16
800,	1,	146.0,	195.98,			2.408,			0.289,			0.054
801,	2,	152.0,	196.308,			14.337,			1.266,			0.135
802,	2,	68.0,	196.814,			13.061,			1.363,			0.139
803,	1,	103.0,	197.208,			1.548,			0.133,			0.058
804,	1,	7.0,	197.246,			2.102,			0.201,			0.054
805,	1,	169.0,	197.338,			2.404,			0.134,			0.053
806,	1,	7.0,	197.452,			1.489,			0.134,			0.055
807,	1,	49.0,	197.973,			1.364,			0.29,			0.057
808,	1,	7.0,	198.235,			2.813,			0.174,			0.054
809,	1,	44.0,	198.303,			2.772,			0.237,			0.06
810,	1,	6.0,	198.622,			2.441,			0.228,			0.056
811,	2,	320.0,	199.039,			13.449,			1.075,			0.173
812,	1,	44.0,	199.076,			1.103,			0.129,			0.051
813,	2,	233.0,	199.133,			12.154,			1.463,			0.16
814,	1,	169.0,	199.607,			1.358,			0.171,			0.054
815,	1,	95.0,	199.784,			1.861,			0.101,			0.053
816,	1,	44.0,	199.825,			1.581,			0.131,			0.052
817,	1,	379.0,	200.214,			2.288,			0.141,			0.055
818,	2,	137.0,	200.387,			10.39,			1.175,			0.134
819,	1,	126.0,	200.39,			1.464,			0.251,			0.057
820,	1,	498.0,	200.43,			1.13,			0.217,			0.053
821,	2,	165.0,	201.064,			13.458,			1.166,			0.169
822,	1,	49.0,	201.92,			2.702,			0.282,			0.051
823,	1,	379.0,	202.066,			2.622,			0.214,			0.058
824,	1,	90.0,	202.523,			1.709,			0.183,			0.052
825,	2,	123.0,	202.606,			14.624,			1.319,			0.105
826,	1,	6.0,	202.772,			2.047,			0.124,			0.058
827,	1,	512.0,	202.925,			1.314,			0.124,			0.053
828,	1,	7.0,	203.197,			1.481,			0.201,			0.055
829,	1,	126.0,	203.48,			2.9,			0.124,			0.054
830,	1,	44.0,	203.557,			1.424,			0.108,			0.052
831,	1,	7.0,	203.674,			1.006,			0.14,			0.051
832,	1,	16.0,	203.984,			2.69,			0.274,			0.055
833,	2,	75.0,	204.222,			13.921,			1.073,			0.165
834,	1,	7.0,	204.262,			1.155,			0.165,			0.055
835,	1,	90.0,	204.671,			1.651,			0.168,			0.051
836,	1,	28.0,	204.689,			1.756,			0.21,			0.052
837,	1,	126.0,	204.944,			1.158,			0.146,			0.054
838,	1,	59.0,	205.152,			2.18,			0.17,			0.051
839,	1,	7.0,	205.564,			1.701,			0.272,			0.058
840,	2,	96.0,	206.165,			11.078,			1.227,			0.195
841,	1,	126.0,	206.18,			2.846,			0.235,			0.05
842,	1,	169.0,	206.599,			1.203,			0.248,			0.055
843,	1,	13.0,	208.04,			1.443,			0.164,			0.057
844,	1,	447.0,	208.088,			2.429,			0.267,			0.05
845,	1,	120.0,	208.543,			2.398,			0.216,			0.056
846,	1,	44.0,	208.727,			2.19,			0.166,			0.051
847,	1,	512.0,	209.423,			1.625,			0.182,			0.053
848,	1,	59.0,	209.641,			2.777,			0.152,			0.055
849,	1,	90.0,	209.914,			1.009,			0.103,			0.051
850,	1,	387.0,	210.075,			2.643,			0.277,			0.057
851,	1,	44.0,	210.363,			2.542,			0.134,			0.055
852,	1,	95.0,	210.526,			2.999,			0.241,			0.054
853,	1,	387.0,	210.807,			1.408,			0.297,			0.055
854,	1,	44.0,	211.245,			1.383,			0.132,			0.056
855,	1,	44.0,	211.257,			1.447,			0.294,			0.054
856,	1,	447.0,	211.764,			1.17,			0.243,			0.059
857,	2,	276.0,	212.129,			11.12,			1.159,			0.174
858,	1,	7.0,	212.241,			2.222,			0.283,			0.055
859,	1,	103.0,	212.522,			2.857,			0.235,			0.057
860,	1,	44.0,	212.704,			1.211,			0.283,			0.053
861,	1,	379.0,	212.899,			2.296,			0.142,			0.052
862,	2,	69.0,	213.088,			14.666,			1.398,			0.171
863,	2,	138.0,	213.163,			14.961,			1.477,			0.139
864,	1,	512.0,	213.317,			1.984,			0.202,			0.055
865,	1,	6.0,	213.488,			2.092,			0.124,			0.055
866,	1,	59.0,	213.56,			1.481,			0.249,			0.055
867,	2,	215.0,	214.057,			13.743,			1.288,			0.182
868,	2,	168.0,	215.064,			11.263,			1.253,			0.111
869,	1,	447.0,	215.732,			2.9,			0.296,			0.059
870,	1,	169.0,	216.079,			2.922,			0.248,			0.053
871,	1,	498.0,	216.331,			1.229,			0.206,			0.051
872,	1,	387.0,	216.818,			1.814,			0.193,			0.058
873,	1,	44.0,	217.062,			1.146,			0.208,			0.05
874,	1,	512.0,	217.378,			2.31,			0.206,			0.055
875,	1,	59.0,	217.459,			2.772,			0.166,			0.052
876,	2,	161.0,	217.529,			10.882,			1.471,			0.101
877,	1,	95.0,	217.623,			1.799,			0.233,			0.054
878,	2,	106.0,	217.654,			10.659,			1.166,			0.111
879,	1,	30.0,	218.045,			2.983,			0.151,			0.053
880,	1,	44.0,	218.354,			2.832,			0.124,			0.058
881,	1,	379.0,	218.501,			2.235,			0.176,			0.052
882,	1,	120.0,	218.773,			2.09,			0.125,			0.051
883,	1,	103.0,	219.314,			1.566,			0.253,			0.056
884,	1,	447.0,	219.656,			1.657,			0.199,			0.052
885,	2,	108.0,	219.659,			11.81,			1.149,			0.114
886,	1,	7.0,	219.862,			2.627,			0.17,			0.051
887,	2,	116.0,	220.463,			11.829,			1.191,			0.13
888,	2,	60.0,	220.493,			11.966,			1.029,			0.139
889,	1,	49.0,	220.861,			2.273,			0.118,			0.059
890,	2,	67.0,	220.963,			14.376,			1.163,			0.172
891,	1,	59.0,	222.273,			2.219,			0.233,			0.051
892,	1,	379.0,	222.96,			2.795,			0.268,			0.054
893,	1,	30.0,	223.358,			1.42,			0.273,			0.057
894,	1,	7.0,	223.619,			1.998,			0.164,			0.054
895,	1,	512.0,	223.666,			1.844,			0.288,			0.055
896,	1,	379.0,	223.733,			2.103,			0.287,			0.059
897,	1,	49.0,	224.207,			2.852,			0.258,			0.051
898,	1,	214.0,	224.467,			2.96,			0.271,			0.054
899,	1,	447.0,	224.697,			2.776,			0.188,			0.058
900,	1,	498.0,	224.904,			2.235,			0.221,			0.059
901,	1,	30.0,	225.472,			2.799,			0.19,			0.052
902,	2,	277.0,	225.615,			12.54,			1.136,			0.168
903,	1,	59.0,	225.653,			2.273,			0.277,			0.05
904,	2,	191.0,	226.004,			14.49,			1.136,			0.167
905,	1,	498.0,	226.239,			1.302,			0.244,			0.053
906,	1,	387.0,	226.348,			2.282,			0.223,			0.06
907,	1,	59.0,	226.351,			2.709,			0.173,			0.054
908,	2,	110.0,	226.678,			10.316,			1.133,			0.134
909,	1,	7.0,	226.731,			2.103,			0.147,			0.057
910,	2,	133.0,	227.041,			10.886,			1.017,			0.173
911,	2,	100.0,	227.168,			14.45,			1.077,			0.121
912,	1,	16.0,	227.306,			1.391,			0.173,			0.054
913,	2,	129.0,	229.066,			11.328,			1.408,			0.16
914,	1,	44.0,	230.05,			1.966,			0.162,			0.057
915,	1,	90.0,	230.48,			2.616,			0.11,			0.05
916,	1,	7.0,	230.757,			2.606,			0.231,			0.053
917,	1,	120.0,	230.866,			2.379,			0.214,			0.057
918,	1,	7.0,	230.951,			1.76,			0.128,			0.051
919,	2,	264.0,	231.054,			13.828,			1.499,			0.164
920,	1,	10.0,	231.373,			1.783,			0.299,			0.056
921,	1,	10.0,	231.52,			1.515,			0.27,			0.057
922,	1,	126.0,	231.659,			2.857,			0.111,			0.058
923,	1,	16.0,	232.166,			1.406,			0.202,			0.053
924,	1,	7.0,	233.477,			1.007,			0.215,			0.06
925,	2,	160.0,	235.518,			11.722,			1.223,			0.169
926,	1,	387.0,	235.613,			1.23,			0.202,			0.05
927,	1,	16.0,	236.899,			1.203,			0.278,			0.053
928,	2,	144.0,	237.709,			12.443,			1.497,			0.158
929,	1,	559.0,	238.419,			1.537,			0.151,			0.051
930,	2,	227.0,	238.753,			13.36,			1.166,			0.181
931,	2,	69.0,	239.096,			14.136,			1.076,			0.119
932,	2,	63.0,	239.283,			13.42,			1.347,			0.149
933,	2,	157.0,	239.332,			10.527,			1.099,			0.186
934,	1,	59.0,	239.966,			2.034,			0.214,			0.059
935,	1,	387.0,	240.183,			1.441,			0.191,			0.054
936,	1,	559.0,	241.063,			1.612,			0.18,			0.053
937,	2,	110.0,	242.017,			12.551,			1.413,			0.142
938,	2,	239.0,	242.243,			10.55,			1.1,			0.16
939,	2,	171.0,	242.396,			13.449,			1.297,			0.172
940,	1,	214.0,	243.415,			1.047,			0.125,			0.06
941,	2,	208.0,	243.417,			14.172,			1.058,			0.132
942,	1,	498.0,	243.423,			1.477,			0.277,			0.057
943,	1,	7.0,	243.575,			1.119,			0.15,			0.058
944,	2,	207.0,	245.029,			13.681,			1.296,			0.111
945,	2,	117.0,	245.65,			11.34,			1.075,			0.121
946,	2,	175.0,	246.541,			11.643,			1.067,			0.122
947,	1,	6.0,	246.641,			1.509,			0.232,			0.054
948,	1,	44.0,	247.402,			1.303,			0.268,			0.057
949,	2,	88.0,	248.806,			13.016,			1.322,			0.178
950,	1,	498.0,	249.995,			2.903,			0.14,			0.053
951,	2,	128.0,	250.597,			11.722,			1.47,			0.114
952,	2,	69.0,	250.607,			11.488,			1.135,			0.199
953,	2,	95.0,	250.653,			12.668,			1.461,			0.188
954,	1,	103.0,	250.724,			1.801,			0.21,			0.06
955,	1,	126.0,	251.213,			1.417,			0.202,			0.053
956,	2,	113.0,	251.664,			14.436,			1.268,			0.148
957,	2,	88.0,	252.373,			12.192,			1.069,			0.132
958,	2,	305.0,	255.277,			10.335,			1.437,			0.128
959,	2,	162.0,	255.699,			12.15,			1.029,			0.196
960,	2,	83.0,	258.847,			14.582,			1.117,			0.174
961,	2,	151.0,	259.573,			13.449,			1.075,			0.118
962,	1,	498.0,	260.044,			1.811,			0.221,			0.058
963,	2,	161.0,	260.055,			11.164,			1.375,			0.182
964,	2,	182.0,	261.444,			10.769,			1.43,			0.131
965,	2,	229.0,	261.691,			14.283,			1.413,			0.194
966,	2,	106.0,	261.975,			11.335,			1.452,			0.111
967,	1,	44.0,	262.387,			1.322,			0.233,			0.05
968,	2,	120.0,	262.572,			14.624,			1.368,			0.2
969,	1,	6.0,	262.657,			1.748,			0.118,			0.051
970,	1,	30.0,	262.776,			2.701,			0.12,			0.058
971,	2,	201.0,	263.327,			11.228,			1.22,			0.178
972,	2,	247.0,	264.873,			14.906,			1.085,			0.167
973,	1,	44.0,	266.157,			1.245,			0.291,			0.059
974,	2,	190.0,	266.759,			12.02,			1.208,			0.184
975,	1,	30.0,	268.731,			1.364,			0.226,			0.059
976,	2,	126.0,	269.963,			10.27,			1.382,			0.154
977,	1,	95.0,	270.384,			1.551,			0.278,			0.059
978,	1,	559.0,	270.559,			1.083,			0.289,			0.05
979,	2,	175.0,	270.819,			13.735,			1.135,			0.134
980,	1,	559.0,	272.899,			1.688,			0.159,			0.052
981,	1,	103.0,	274.645,			2.244,			0.206,			0.051
982,	2,	133.0,	275.716,			12.88,			1.021,			0.138
983,	1,	498.0,	276.025,			1.172,			0.159,			0.052
984,	2,	134.0,	280.252,			12.331,			1.431,			0.178
985,	1,	7.0,	281.582,			2.467,			0.133,			0.057
986,	2,	124.0,	283.457,			13.854,			1.32,			0.149
987,	2,	94.0,	284.112,			12.676,			1.397,			0.121
988,	2,	237.0,	286.209,			14.136,			1.124,			0.144
989,	2,	64.0,	287.763,			10.707,			1.22,			0.17
990,	1,	120.0,	288.302,			1.481,			0.227,			0.057
991,	2,	115.0,	288.733,			14.114,			1.389,			0.177
992,	2,	190.0,	289.75,			11.719,			1.218,			0.161
993,	2,	95.0,	291.025,			14.853,			1.04,			0.167
994,	2,	75.0,	292.752,			11.488,			1.454,			0.151
995,	2,	240.0,	294.571,			14.842,			1.238,			0.198
996,	2,	114.0,	294.697,			14.253,			1.455,			0.153
997,	2,	61.0,	295.7,			11.557,			1.43,			0.106
998,	2,	97.0,	296.736,			13.998,			1.382,			0.157
999,	1,	49.0,	298.877,			1.848,			0.177,			0.058
1000,	1,	7.0,	300.0,			1.422,			0.122,			0.058
