#, task_type_id, size, arrival_time,	execution_time_cpu,	execution_time_gpu,	execution_time_CLOUD
1,	1,	7.0,	0.0,			1.114,			0.24,			0.051
2,	1,	44.0,	0.0,			1.692,			0.198,			0.05
3,	2,	220.0,	4.47,			13.346,			1.437,			0.134
4,	2,	194.0,	4.862,			12.701,			1.047,			0.182
5,	2,	186.0,	6.362,			12.443,			1.353,			0.177
6,	2,	194.0,	6.364,			10.784,			1.236,			0.166
7,	2,	107.0,	6.68,			10.962,			1.198,			0.111
8,	2,	155.0,	9.146,			14.12,			1.131,			0.128
9,	2,	177.0,	9.982,			10.769,			1.433,			0.122
10,	2,	226.0,	10.84,			14.351,			1.466,			0.159
11,	1,	6.0,	15.123,			2.398,			0.147,			0.055
12,	2,	184.0,	15.395,			12.391,			1.445,			0.11
13,	2,	200.0,	15.465,			12.71,			1.337,			0.151
14,	2,	120.0,	16.035,			11.441,			1.389,			0.169
15,	1,	44.0,	16.659,			1.417,			0.104,			0.055
16,	2,	174.0,	17.651,			10.527,			1.288,			0.177
17,	2,	223.0,	18.662,			14.289,			1.119,			0.106
18,	2,	115.0,	18.758,			14.903,			1.431,			0.137
19,	1,	120.0,	27.035,			2.901,			0.247,			0.053
20,	2,	153.0,	27.921,			12.475,			1.098,			0.133
21,	2,	232.0,	28.381,			12.242,			1.392,			0.149
22,	2,	75.0,	29.323,			11.429,			1.438,			0.17
23,	2,	174.0,	29.339,			14.889,			1.429,			0.17
24,	1,	120.0,	32.17,			2.565,			0.128,			0.054
25,	2,	105.0,	34.531,			14.481,			1.347,			0.178
26,	2,	171.0,	34.771,			12.287,			1.175,			0.134
27,	2,	203.0,	35.164,			12.987,			1.144,			0.158
28,	1,	120.0,	36.458,			1.844,			0.158,			0.05
29,	2,	198.0,	37.058,			14.611,			1.461,			0.117
30,	1,	559.0,	37.365,			2.576,			0.254,			0.054
31,	2,	153.0,	38.018,			10.46,			1.098,			0.185
32,	1,	169.0,	38.085,			2.582,			0.254,			0.052
33,	1,	214.0,	38.209,			2.358,			0.122,			0.051
34,	1,	157.0,	38.686,			2.08,			0.15,			0.054
35,	2,	103.0,	39.938,			14.33,			1.118,			0.154
36,	1,	90.0,	40.671,			1.23,			0.2,			0.053
37,	1,	59.0,	41.712,			2.269,			0.121,			0.056
38,	2,	165.0,	42.775,			11.81,			1.041,			0.171
39,	2,	153.0,	43.073,			11.207,			1.196,			0.135
40,	2,	78.0,	43.709,			10.907,			1.073,			0.195
41,	2,	176.0,	43.911,			10.476,			1.124,			0.187
42,	1,	90.0,	44.306,			2.479,			0.138,			0.055
43,	1,	103.0,	44.794,			1.669,			0.222,			0.052
44,	1,	30.0,	45.348,			2.534,			0.178,			0.057
45,	2,	179.0,	45.369,			11.886,			1.091,			0.117
46,	1,	387.0,	45.501,			1.249,			0.133,			0.054
47,	2,	146.0,	45.578,			11.478,			1.039,			0.177
48,	1,	103.0,	45.843,			2.622,			0.104,			0.058
49,	2,	179.0,	45.863,			13.602,			1.285,			0.156
50,	2,	150.0,	47.71,			12.411,			1.043,			0.175
51,	2,	165.0,	48.244,			11.302,			1.244,			0.192
52,	2,	164.0,	48.63,			11.756,			1.067,			0.123
53,	1,	16.0,	48.645,			2.004,			0.153,			0.055
54,	2,	185.0,	49.118,			14.337,			1.222,			0.198
55,	2,	260.0,	49.604,			10.298,			1.03,			0.183
56,	1,	126.0,	49.651,			2.14,			0.161,			0.06
57,	2,	286.0,	52.004,			12.127,			1.304,			0.195
58,	1,	559.0,	52.878,			1.42,			0.126,			0.06
59,	2,	192.0,	53.119,			10.223,			1.417,			0.139
60,	1,	498.0,	56.507,			2.006,			0.145,			0.052
61,	1,	146.0,	56.523,			1.756,			0.158,			0.051
62,	2,	103.0,	57.615,			14.064,			1.081,			0.177
63,	1,	103.0,	58.943,			2.014,			0.138,			0.059
64,	2,	155.0,	61.02,			10.681,			1.101,			0.117
65,	1,	7.0,	61.1,			1.97,			0.125,			0.057
66,	1,	387.0,	61.396,			1.915,			0.116,			0.052
67,	1,	7.0,	62.182,			2.157,			0.121,			0.057
68,	1,	13.0,	62.518,			2.322,			0.234,			0.058
69,	2,	140.0,	63.916,			13.346,			1.437,			0.157
70,	1,	59.0,	64.194,			1.283,			0.206,			0.053
71,	2,	281.0,	64.537,			11.22,			1.254,			0.154
72,	2,	161.0,	65.173,			11.043,			1.128,			0.145
73,	1,	7.0,	66.955,			1.211,			0.27,			0.057
74,	1,	157.0,	67.541,			1.229,			0.187,			0.059
75,	1,	103.0,	68.045,			1.091,			0.142,			0.051
76,	1,	90.0,	68.402,			2.984,			0.101,			0.053
77,	1,	30.0,	68.869,			2.175,			0.19,			0.056
78,	1,	379.0,	69.055,			2.486,			0.15,			0.054
79,	1,	379.0,	69.158,			1.62,			0.161,			0.052
80,	1,	498.0,	69.391,			1.217,			0.15,			0.054
81,	2,	151.0,	69.487,			10.978,			1.499,			0.172
82,	1,	44.0,	69.645,			1.862,			0.201,			0.054
83,	2,	190.0,	69.833,			10.187,			1.101,			0.144
84,	1,	10.0,	70.382,			1.043,			0.12,			0.057
85,	1,	59.0,	70.591,			1.861,			0.161,			0.058
86,	1,	498.0,	70.655,			2.379,			0.195,			0.057
87,	2,	83.0,	71.137,			13.007,			1.095,			0.171
88,	1,	59.0,	71.394,			1.684,			0.238,			0.056
89,	1,	7.0,	72.431,			1.62,			0.222,			0.055
90,	1,	6.0,	72.761,			2.298,			0.121,			0.05
91,	1,	7.0,	72.915,			1.148,			0.221,			0.058
92,	1,	30.0,	73.368,			2.661,			0.296,			0.052
93,	1,	28.0,	73.828,			1.663,			0.175,			0.051
94,	1,	120.0,	73.953,			2.726,			0.146,			0.059
95,	1,	6.0,	74.486,			1.509,			0.185,			0.059
96,	1,	7.0,	74.559,			1.178,			0.104,			0.058
97,	2,	69.0,	74.759,			14.611,			1.262,			0.188
98,	1,	95.0,	74.892,			2.076,			0.16,			0.051
99,	1,	379.0,	75.417,			2.084,			0.299,			0.054
100,	1,	16.0,	75.891,			2.084,			0.161,			0.054
101,	1,	512.0,	76.065,			2.047,			0.285,			0.059
102,	1,	44.0,	76.417,			1.402,			0.139,			0.056
103,	1,	214.0,	76.439,			2.612,			0.214,			0.055
104,	1,	379.0,	76.924,			1.768,			0.139,			0.054
105,	1,	49.0,	77.072,			1.558,			0.247,			0.058
106,	1,	95.0,	77.155,			2.153,			0.299,			0.06
107,	1,	7.0,	78.815,			1.539,			0.202,			0.054
108,	1,	30.0,	79.258,			1.915,			0.228,			0.052
109,	1,	49.0,	80.4,			1.609,			0.184,			0.058
110,	1,	512.0,	80.419,			2.222,			0.269,			0.051
111,	1,	387.0,	80.581,			2.037,			0.221,			0.051
112,	1,	59.0,	80.614,			1.595,			0.166,			0.056
113,	1,	379.0,	80.744,			2.104,			0.215,			0.055
114,	2,	103.0,	80.815,			11.604,			1.222,			0.151
115,	1,	6.0,	81.06,			1.262,			0.259,			0.054
116,	1,	44.0,	81.243,			1.018,			0.251,			0.058
117,	1,	146.0,	81.955,			1.282,			0.165,			0.053
118,	1,	146.0,	82.009,			1.912,			0.174,			0.054
119,	1,	512.0,	82.246,			1.482,			0.27,			0.059
120,	2,	148.0,	82.54,			14.172,			1.371,			0.151
121,	2,	257.0,	83.519,			10.286,			1.011,			0.133
122,	1,	28.0,	83.596,			2.018,			0.234,			0.051
123,	1,	559.0,	84.156,			1.869,			0.146,			0.057
124,	1,	157.0,	84.17,			1.736,			0.178,			0.054
125,	2,	108.0,	84.73,			11.85,			1.166,			0.119
126,	1,	95.0,	84.991,			1.985,			0.171,			0.054
127,	1,	44.0,	85.19,			1.814,			0.125,			0.054
128,	2,	168.0,	85.377,			13.747,			1.371,			0.11
129,	1,	146.0,	85.951,			2.954,			0.159,			0.053
130,	1,	7.0,	86.166,			1.488,			0.203,			0.056
131,	2,	293.0,	86.895,			14.206,			1.251,			0.109
132,	1,	44.0,	86.999,			2.675,			0.21,			0.06
133,	1,	169.0,	87.363,			2.711,			0.195,			0.05
134,	1,	59.0,	87.7,			2.972,			0.132,			0.058
135,	1,	512.0,	87.839,			2.241,			0.245,			0.051
136,	1,	44.0,	87.945,			1.981,			0.293,			0.056
137,	1,	44.0,	88.07,			1.657,			0.183,			0.058
138,	1,	169.0,	88.347,			2.534,			0.124,			0.051
139,	2,	115.0,	88.413,			11.423,			1.027,			0.197
140,	1,	387.0,	88.492,			2.28,			0.216,			0.053
141,	1,	512.0,	88.497,			2.643,			0.16,			0.055
142,	1,	447.0,	88.853,			2.598,			0.241,			0.053
143,	1,	16.0,	89.12,			2.638,			0.277,			0.05
144,	2,	234.0,	89.435,			13.381,			1.375,			0.107
145,	1,	379.0,	89.549,			2.265,			0.251,			0.05
146,	2,	267.0,	90.177,			11.383,			1.374,			0.112
147,	1,	103.0,	90.352,			1.769,			0.262,			0.052
148,	2,	192.0,	90.602,			12.443,			1.157,			0.137
149,	2,	123.0,	90.668,			12.375,			1.098,			0.137
150,	2,	174.0,	90.709,			14.219,			1.138,			0.196
151,	1,	6.0,	90.768,			1.098,			0.284,			0.059
152,	1,	10.0,	90.816,			2.857,			0.149,			0.051
153,	1,	126.0,	90.84,			1.226,			0.169,			0.055
154,	1,	387.0,	91.011,			1.031,			0.209,			0.059
155,	1,	146.0,	91.525,			1.024,			0.223,			0.051
156,	1,	103.0,	91.548,			1.553,			0.246,			0.05
157,	1,	59.0,	91.681,			1.029,			0.101,			0.058
158,	1,	6.0,	91.683,			2.051,			0.151,			0.051
159,	1,	59.0,	91.898,			2.415,			0.193,			0.056
160,	1,	44.0,	92.402,			2.78,			0.254,			0.051
161,	1,	59.0,	92.763,			1.589,			0.239,			0.053
162,	2,	176.0,	93.073,			11.668,			1.238,			0.143
163,	1,	7.0,	93.279,			1.631,			0.131,			0.053
164,	1,	30.0,	93.3,			1.61,			0.134,			0.054
165,	1,	7.0,	93.385,			1.981,			0.248,			0.052
166,	1,	30.0,	93.671,			1.166,			0.235,			0.053
167,	2,	159.0,	93.79,			14.185,			1.136,			0.128
168,	1,	30.0,	94.237,			2.571,			0.162,			0.054
169,	1,	379.0,	94.509,			2.625,			0.256,			0.055
170,	1,	7.0,	94.521,			2.486,			0.149,			0.055
171,	1,	498.0,	95.048,			1.561,			0.221,			0.052
172,	1,	7.0,	95.173,			1.107,			0.125,			0.057
173,	1,	169.0,	95.343,			1.362,			0.122,			0.057
174,	1,	44.0,	95.61,			1.653,			0.103,			0.056
175,	2,	243.0,	95.886,			11.484,			1.053,			0.185
176,	1,	7.0,	95.927,			1.582,			0.106,			0.058
177,	1,	49.0,	96.176,			2.459,			0.278,			0.056
178,	1,	157.0,	96.21,			1.64,			0.151,			0.058
179,	1,	126.0,	96.351,			1.679,			0.157,			0.054
180,	1,	16.0,	96.384,			2.013,			0.119,			0.052
181,	1,	10.0,	96.574,			2.418,			0.255,			0.055
182,	2,	174.0,	96.774,			14.064,			1.222,			0.109
183,	2,	98.0,	97.154,			13.061,			1.116,			0.118
184,	1,	49.0,	97.235,			2.467,			0.278,			0.056
185,	1,	30.0,	97.7,			2.047,			0.199,			0.052
186,	2,	162.0,	97.829,			12.146,			1.407,			0.143
187,	1,	28.0,	98.896,			2.293,			0.107,			0.057
188,	1,	512.0,	99.388,			1.72,			0.133,			0.053
189,	1,	126.0,	99.491,			2.288,			0.131,			0.054
190,	1,	13.0,	99.897,			2.598,			0.154,			0.051
191,	1,	214.0,	100.047,			1.921,			0.116,			0.051
192,	1,	126.0,	100.144,			1.97,			0.101,			0.059
193,	1,	498.0,	100.266,			2.184,			0.137,			0.05
194,	1,	103.0,	100.486,			1.116,			0.172,			0.057
195,	1,	90.0,	100.533,			1.645,			0.22,			0.059
196,	1,	214.0,	100.61,			2.098,			0.225,			0.054
197,	1,	49.0,	100.982,			2.555,			0.145,			0.055
198,	1,	103.0,	101.093,			1.709,			0.165,			0.054
199,	1,	7.0,	101.122,			2.114,			0.134,			0.054
200,	1,	30.0,	101.186,			1.736,			0.242,			0.051
201,	2,	171.0,	101.202,			13.148,			1.212,			0.131
202,	2,	112.0,	101.345,			11.968,			1.06,			0.178
203,	2,	136.0,	101.395,			14.064,			1.419,			0.103
204,	1,	44.0,	101.434,			1.394,			0.3,			0.051
205,	1,	44.0,	101.641,			2.323,			0.161,			0.051
206,	1,	16.0,	101.981,			1.99,			0.292,			0.06
207,	1,	498.0,	102.155,			2.642,			0.19,			0.059
208,	1,	157.0,	102.614,			1.009,			0.288,			0.055
209,	2,	125.0,	102.655,			12.649,			1.086,			0.143
210,	1,	103.0,	102.668,			2.756,			0.103,			0.058
211,	1,	214.0,	103.409,			2.796,			0.138,			0.057
212,	1,	146.0,	103.452,			2.632,			0.215,			0.051
213,	1,	7.0,	103.537,			2.386,			0.29,			0.055
214,	1,	169.0,	103.578,			1.043,			0.247,			0.052
215,	1,	28.0,	103.666,			2.684,			0.179,			0.06
216,	1,	59.0,	103.72,			1.092,			0.217,			0.056
217,	2,	174.0,	104.02,			13.228,			1.01,			0.165
218,	2,	146.0,	104.312,			11.202,			1.086,			0.104
219,	1,	7.0,	104.474,			2.385,			0.22,			0.055
220,	1,	7.0,	105.251,			1.287,			0.28,			0.054
221,	1,	387.0,	105.343,			1.044,			0.209,			0.054
222,	2,	73.0,	105.44,			11.12,			1.459,			0.111
223,	1,	6.0,	105.518,			1.011,			0.274,			0.06
224,	1,	44.0,	105.713,			1.869,			0.241,			0.054
225,	2,	143.0,	105.735,			13.476,			1.112,			0.117
226,	1,	146.0,	105.736,			2.753,			0.208,			0.058
227,	1,	6.0,	105.87,			1.722,			0.107,			0.05
228,	1,	498.0,	106.049,			2.565,			0.174,			0.054
229,	2,	229.0,	106.276,			11.876,			1.359,			0.197
230,	1,	146.0,	106.489,			1.383,			0.146,			0.058
231,	1,	498.0,	106.756,			1.575,			0.187,			0.052
232,	1,	6.0,	106.93,			1.36,			0.116,			0.058
233,	1,	126.0,	107.053,			1.391,			0.203,			0.054
234,	1,	28.0,	107.083,			2.87,			0.103,			0.054
235,	2,	77.0,	107.167,			11.059,			1.245,			0.199
236,	1,	30.0,	107.277,			2.384,			0.185,			0.051
237,	1,	30.0,	107.353,			2.571,			0.24,			0.054
238,	2,	112.0,	107.624,			12.643,			1.481,			0.197
239,	1,	387.0,	107.68,			1.662,			0.215,			0.053
240,	1,	95.0,	107.813,			1.879,			0.16,			0.057
241,	1,	559.0,	108.677,			2.568,			0.299,			0.052
242,	1,	559.0,	108.688,			1.269,			0.27,			0.054
243,	1,	379.0,	108.799,			1.187,			0.2,			0.055
244,	1,	7.0,	109.642,			1.096,			0.249,			0.055
245,	1,	447.0,	109.969,			1.488,			0.293,			0.052
246,	2,	64.0,	110.0,			13.303,			1.18,			0.13
247,	2,	106.0,	110.192,			13.3,			1.482,			0.13
248,	1,	103.0,	110.587,			1.186,			0.135,			0.06
249,	1,	169.0,	110.682,			1.733,			0.19,			0.053
250,	1,	16.0,	111.198,			2.09,			0.215,			0.052
251,	1,	126.0,	111.298,			1.755,			0.268,			0.055
252,	1,	7.0,	111.429,			2.448,			0.14,			0.052
253,	1,	7.0,	112.216,			1.703,			0.24,			0.058
254,	1,	95.0,	112.328,			1.086,			0.153,			0.057
255,	1,	157.0,	113.739,			1.81,			0.237,			0.053
256,	1,	512.0,	113.896,			2.9,			0.27,			0.059
257,	1,	387.0,	113.942,			2.149,			0.238,			0.051
258,	1,	387.0,	113.999,			2.398,			0.256,			0.054
259,	1,	126.0,	114.037,			1.966,			0.134,			0.054
260,	2,	243.0,	114.169,			11.317,			1.416,			0.107
261,	1,	447.0,	114.284,			2.037,			0.113,			0.052
262,	1,	447.0,	114.328,			2.424,			0.277,			0.051
263,	1,	387.0,	114.433,			1.67,			0.133,			0.057
264,	1,	90.0,	114.531,			2.76,			0.249,			0.051
265,	1,	44.0,	114.719,			1.752,			0.295,			0.051
266,	1,	447.0,	114.799,			1.61,			0.101,			0.051
267,	1,	169.0,	114.919,			1.642,			0.103,			0.06
268,	1,	120.0,	114.998,			2.154,			0.171,			0.051
269,	1,	126.0,	115.27,			1.864,			0.279,			0.051
270,	2,	203.0,	115.405,			12.527,			1.325,			0.164
271,	1,	169.0,	115.416,			2.701,			0.21,			0.058
272,	1,	44.0,	115.515,			1.515,			0.282,			0.059
273,	1,	6.0,	115.683,			1.935,			0.279,			0.053
274,	1,	7.0,	115.809,			1.158,			0.171,			0.059
275,	2,	199.0,	116.061,			12.085,			1.393,			0.159
276,	1,	512.0,	116.087,			1.597,			0.215,			0.054
277,	2,	201.0,	116.211,			13.456,			1.279,			0.122
278,	1,	387.0,	116.906,			1.458,			0.175,			0.054
279,	1,	59.0,	117.177,			1.204,			0.14,			0.054
280,	1,	7.0,	117.464,			2.612,			0.202,			0.059
281,	1,	16.0,	117.894,			1.525,			0.133,			0.058
282,	1,	214.0,	118.571,			2.28,			0.2,			0.052
283,	1,	44.0,	118.577,			2.269,			0.245,			0.056
284,	1,	447.0,	118.616,			1.442,			0.129,			0.052
285,	1,	447.0,	118.955,			1.486,			0.102,			0.053
286,	1,	10.0,	118.976,			1.994,			0.254,			0.053
287,	1,	126.0,	119.204,			1.426,			0.208,			0.055
288,	1,	157.0,	119.302,			1.343,			0.251,			0.055
289,	1,	379.0,	119.474,			2.412,			0.133,			0.051
290,	1,	214.0,	119.502,			2.157,			0.257,			0.053
291,	1,	447.0,	119.673,			1.607,			0.165,			0.05
292,	2,	185.0,	119.718,			10.443,			1.192,			0.119
293,	1,	44.0,	119.777,			2.252,			0.119,			0.057
294,	1,	157.0,	119.818,			1.27,			0.245,			0.053
295,	1,	214.0,	119.846,			2.509,			0.238,			0.057
296,	1,	6.0,	119.904,			1.395,			0.131,			0.055
297,	1,	16.0,	119.914,			1.116,			0.263,			0.052
298,	1,	10.0,	119.95,			2.316,			0.174,			0.057
299,	1,	13.0,	120.002,			2.346,			0.162,			0.058
300,	1,	126.0,	120.193,			1.106,			0.235,			0.055
301,	1,	447.0,	120.193,			2.954,			0.211,			0.056
302,	1,	13.0,	120.326,			2.761,			0.244,			0.057
303,	1,	7.0,	120.66,			1.81,			0.133,			0.051
304,	1,	44.0,	121.641,			1.078,			0.133,			0.052
305,	1,	559.0,	121.644,			1.445,			0.236,			0.058
306,	1,	10.0,	121.651,			1.486,			0.251,			0.053
307,	1,	146.0,	121.79,			1.631,			0.215,			0.057
308,	1,	95.0,	121.948,			2.133,			0.146,			0.054
309,	1,	387.0,	122.029,			1.756,			0.273,			0.059
310,	1,	13.0,	122.396,			1.969,			0.192,			0.056
311,	1,	120.0,	122.497,			1.489,			0.292,			0.059
312,	1,	59.0,	122.772,			2.986,			0.169,			0.054
313,	1,	387.0,	122.978,			2.636,			0.265,			0.054
314,	1,	126.0,	123.379,			1.504,			0.208,			0.059
315,	1,	44.0,	123.571,			2.751,			0.152,			0.052
316,	1,	169.0,	123.572,			2.31,			0.272,			0.05
317,	1,	6.0,	123.793,			2.08,			0.184,			0.053
318,	1,	214.0,	124.284,			2.795,			0.145,			0.054
319,	1,	59.0,	124.337,			2.19,			0.152,			0.054
320,	1,	169.0,	124.439,			2.412,			0.145,			0.057
321,	1,	95.0,	124.458,			2.377,			0.17,			0.058
322,	1,	7.0,	124.463,			2.176,			0.181,			0.053
323,	1,	126.0,	124.489,			2.265,			0.17,			0.053
324,	1,	512.0,	124.67,			1.121,			0.29,			0.054
325,	1,	146.0,	125.065,			1.471,			0.236,			0.059
326,	2,	118.0,	125.207,			10.962,			1.058,			0.125
327,	1,	90.0,	125.266,			2.298,			0.177,			0.054
328,	1,	214.0,	125.329,			1.597,			0.291,			0.052
329,	1,	512.0,	125.71,			1.464,			0.228,			0.058
330,	1,	30.0,	125.872,			1.029,			0.159,			0.06
331,	1,	13.0,	125.958,			1.698,			0.241,			0.05
332,	1,	169.0,	126.202,			1.907,			0.165,			0.056
333,	1,	44.0,	126.327,			1.826,			0.129,			0.052
334,	1,	7.0,	126.489,			1.982,			0.101,			0.057
335,	1,	146.0,	126.612,			2.324,			0.173,			0.057
336,	1,	157.0,	126.721,			1.009,			0.202,			0.055
337,	1,	7.0,	126.754,			1.245,			0.253,			0.054
338,	1,	44.0,	126.756,			2.655,			0.202,			0.053
339,	1,	120.0,	126.848,			2.735,			0.22,			0.059
340,	1,	387.0,	127.041,			1.73,			0.119,			0.058
341,	1,	559.0,	127.089,			2.378,			0.162,			0.054
342,	1,	7.0,	127.093,			2.948,			0.297,			0.053
343,	1,	387.0,	127.141,			2.522,			0.299,			0.057
344,	1,	214.0,	127.151,			2.388,			0.108,			0.055
345,	1,	90.0,	127.288,			2.681,			0.186,			0.057
346,	2,	90.0,	127.503,			13.059,			1.296,			0.181
347,	1,	169.0,	127.62,			1.144,			0.218,			0.052
348,	1,	103.0,	128.031,			1.247,			0.287,			0.051
349,	1,	16.0,	128.347,			1.028,			0.276,			0.054
350,	1,	146.0,	128.497,			2.642,			0.188,			0.055
351,	1,	6.0,	128.845,			1.188,			0.258,			0.052
352,	1,	214.0,	128.981,			1.168,			0.234,			0.05
353,	1,	6.0,	129.102,			2.852,			0.139,			0.057
354,	1,	90.0,	129.292,			2.623,			0.259,			0.054
355,	1,	95.0,	129.336,			2.675,			0.234,			0.05
356,	1,	126.0,	129.403,			2.303,			0.134,			0.055
357,	1,	13.0,	129.509,			1.145,			0.127,			0.053
358,	2,	138.0,	129.56,			11.878,			1.396,			0.172
359,	1,	103.0,	129.731,			1.907,			0.142,			0.052
360,	1,	16.0,	129.858,			1.981,			0.158,			0.057
361,	2,	183.0,	130.286,			14.948,			1.294,			0.128
362,	1,	44.0,	130.387,			2.176,			0.191,			0.053
363,	1,	512.0,	130.467,			1.828,			0.116,			0.055
364,	1,	49.0,	130.687,			1.915,			0.162,			0.053
365,	1,	10.0,	131.582,			1.08,			0.17,			0.055
366,	1,	126.0,	131.598,			1.56,			0.244,			0.051
367,	2,	207.0,	131.831,			11.968,			1.405,			0.125
368,	1,	120.0,	131.9,			1.192,			0.201,			0.058
369,	1,	30.0,	131.907,			2.544,			0.19,			0.059
370,	2,	131.0,	131.996,			13.761,			1.1,			0.195
371,	1,	157.0,	132.078,			2.282,			0.259,			0.058
372,	1,	7.0,	132.172,			2.95,			0.249,			0.056
373,	1,	6.0,	132.394,			2.351,			0.182,			0.055
374,	1,	10.0,	132.516,			1.247,			0.238,			0.056
375,	2,	264.0,	132.663,			10.837,			1.357,			0.123
376,	1,	103.0,	132.995,			2.241,			0.104,			0.053
377,	1,	6.0,	133.047,			2.673,			0.129,			0.051
378,	1,	95.0,	133.048,			2.939,			0.121,			0.057
379,	1,	44.0,	133.182,			1.134,			0.164,			0.053
380,	1,	126.0,	133.618,			2.076,			0.134,			0.059
381,	2,	98.0,	133.911,			11.289,			1.341,			0.194
382,	1,	49.0,	134.248,			2.35,			0.131,			0.052
383,	1,	95.0,	134.3,			2.034,			0.127,			0.058
384,	2,	122.0,	134.325,			10.177,			1.401,			0.164
385,	1,	7.0,	134.364,			1.883,			0.149,			0.06
386,	1,	7.0,	134.45,			2.652,			0.157,			0.053
387,	1,	7.0,	134.701,			1.86,			0.178,			0.051
388,	1,	7.0,	134.869,			2.088,			0.244,			0.05
389,	2,	75.0,	134.901,			11.611,			1.409,			0.132
390,	2,	201.0,	134.957,			12.275,			1.244,			0.104
391,	1,	7.0,	135.041,			1.679,			0.272,			0.053
392,	1,	6.0,	135.059,			2.614,			0.106,			0.057
393,	1,	126.0,	135.29,			2.819,			0.288,			0.051
394,	2,	63.0,	135.298,			12.127,			1.499,			0.162
395,	1,	16.0,	135.524,			2.861,			0.198,			0.054
396,	1,	44.0,	135.793,			2.864,			0.112,			0.057
397,	1,	120.0,	135.819,			2.151,			0.107,			0.055
398,	1,	59.0,	135.986,			1.869,			0.195,			0.052
399,	1,	169.0,	136.158,			2.465,			0.242,			0.057
400,	2,	168.0,	136.235,			10.064,			1.365,			0.107
401,	1,	157.0,	136.245,			1.875,			0.28,			0.059
402,	1,	7.0,	136.324,			2.08,			0.134,			0.052
403,	1,	379.0,	136.506,			1.742,			0.188,			0.051
404,	1,	126.0,	136.508,			1.019,			0.124,			0.054
405,	1,	7.0,	136.529,			1.489,			0.26,			0.052
406,	1,	7.0,	136.614,			1.285,			0.117,			0.058
407,	1,	447.0,	136.756,			2.252,			0.192,			0.06
408,	1,	157.0,	136.86,			2.545,			0.279,			0.05
409,	1,	30.0,	136.938,			2.673,			0.226,			0.057
410,	1,	379.0,	137.133,			1.343,			0.133,			0.056
411,	1,	7.0,	137.154,			1.483,			0.11,			0.058
412,	1,	126.0,	137.397,			1.096,			0.228,			0.054
413,	1,	30.0,	137.406,			2.582,			0.288,			0.058
414,	1,	44.0,	137.417,			2.88,			0.171,			0.052
415,	1,	6.0,	137.481,			2.2,			0.221,			0.059
416,	1,	6.0,	137.63,			1.372,			0.251,			0.054
417,	1,	7.0,	137.769,			1.539,			0.267,			0.059
418,	1,	559.0,	137.829,			1.981,			0.145,			0.056
419,	2,	97.0,	138.145,			10.909,			1.049,			0.124
420,	1,	512.0,	138.483,			1.543,			0.162,			0.054
421,	1,	387.0,	138.546,			1.409,			0.244,			0.052
422,	1,	59.0,	138.641,			2.544,			0.251,			0.054
423,	1,	7.0,	138.692,			1.048,			0.191,			0.056
424,	1,	10.0,	138.869,			1.805,			0.231,			0.054
425,	1,	169.0,	138.903,			1.247,			0.271,			0.053
426,	1,	6.0,	139.003,			2.751,			0.222,			0.053
427,	1,	7.0,	139.339,			1.807,			0.258,			0.058
428,	1,	169.0,	139.372,			2.153,			0.119,			0.057
429,	2,	183.0,	139.486,			14.206,			1.315,			0.139
430,	1,	16.0,	139.539,			2.862,			0.143,			0.05
431,	1,	7.0,	139.754,			2.296,			0.206,			0.05
432,	1,	6.0,	139.76,			1.402,			0.124,			0.06
433,	2,	116.0,	139.8,			12.661,			1.146,			0.15
434,	1,	95.0,	139.847,			1.737,			0.182,			0.051
435,	1,	157.0,	140.306,			1.801,			0.14,			0.058
436,	2,	140.0,	140.661,			11.6,			1.187,			0.194
437,	1,	6.0,	140.733,			1.091,			0.132,			0.054
438,	1,	49.0,	141.028,			2.02,			0.173,			0.055
439,	1,	10.0,	141.093,			1.984,			0.166,			0.057
440,	1,	95.0,	141.308,			2.173,			0.1,			0.059
441,	1,	6.0,	141.415,			1.651,			0.216,			0.059
442,	1,	44.0,	141.82,			1.158,			0.258,			0.06
443,	1,	30.0,	141.822,			1.515,			0.267,			0.056
444,	1,	13.0,	141.968,			2.249,			0.133,			0.057
445,	1,	59.0,	142.13,			1.985,			0.285,			0.056
446,	1,	169.0,	142.282,			1.158,			0.182,			0.054
447,	1,	59.0,	142.468,			2.293,			0.133,			0.055
448,	1,	7.0,	142.47,			2.717,			0.115,			0.054
449,	1,	7.0,	142.483,			1.303,			0.159,			0.054
450,	1,	6.0,	142.494,			1.542,			0.208,			0.052
451,	1,	16.0,	142.815,			2.628,			0.249,			0.051
452,	1,	387.0,	142.901,			1.589,			0.21,			0.055
453,	1,	7.0,	143.406,			1.671,			0.241,			0.053
454,	1,	30.0,	143.563,			2.796,			0.137,			0.051
455,	1,	7.0,	143.746,			1.659,			0.204,			0.055
456,	1,	30.0,	143.938,			2.385,			0.285,			0.053
457,	1,	30.0,	144.114,			2.03,			0.251,			0.054
458,	1,	7.0,	144.464,			1.9,			0.238,			0.054
459,	1,	146.0,	144.713,			1.296,			0.191,			0.05
460,	1,	120.0,	144.998,			1.287,			0.122,			0.05
461,	1,	126.0,	145.092,			1.17,			0.201,			0.051
462,	1,	447.0,	145.285,			2.985,			0.26,			0.058
463,	1,	214.0,	145.369,			1.513,			0.209,			0.059
464,	1,	6.0,	145.508,			1.914,			0.288,			0.058
465,	1,	120.0,	145.624,			1.16,			0.108,			0.058
466,	1,	103.0,	145.639,			1.748,			0.26,			0.057
467,	1,	387.0,	145.81,			2.048,			0.224,			0.059
468,	1,	7.0,	146.255,			1.716,			0.114,			0.058
469,	1,	157.0,	146.317,			1.048,			0.169,			0.054
470,	1,	157.0,	146.373,			1.809,			0.292,			0.055
471,	1,	7.0,	146.512,			1.004,			0.113,			0.054
472,	1,	447.0,	146.874,			2.441,			0.138,			0.057
473,	1,	90.0,	146.952,			1.148,			0.241,			0.055
474,	1,	30.0,	147.004,			2.763,			0.15,			0.056
475,	1,	44.0,	147.188,			1.501,			0.249,			0.058
476,	1,	120.0,	147.269,			2.58,			0.249,			0.051
477,	1,	16.0,	147.331,			2.861,			0.133,			0.056
478,	1,	28.0,	147.408,			2.581,			0.158,			0.052
479,	1,	103.0,	147.545,			1.262,			0.193,			0.054
480,	1,	59.0,	147.626,			1.659,			0.299,			0.06
481,	1,	44.0,	147.637,			1.483,			0.268,			0.056
482,	1,	498.0,	147.692,			1.413,			0.145,			0.056
483,	1,	16.0,	147.693,			1.128,			0.152,			0.06
484,	1,	379.0,	147.902,			1.432,			0.289,			0.059
485,	1,	59.0,	147.928,			2.52,			0.161,			0.056
486,	1,	95.0,	148.149,			1.204,			0.237,			0.053
487,	1,	512.0,	148.161,			1.769,			0.134,			0.058
488,	1,	214.0,	148.325,			1.172,			0.113,			0.059
489,	1,	7.0,	148.405,			1.919,			0.189,			0.057
490,	1,	379.0,	148.978,			1.496,			0.243,			0.052
491,	1,	379.0,	149.19,			1.052,			0.257,			0.054
492,	2,	100.0,	149.451,			10.506,			1.264,			0.118
493,	1,	120.0,	149.644,			2.09,			0.139,			0.053
494,	1,	6.0,	149.995,			1.504,			0.232,			0.056
495,	1,	157.0,	150.143,			1.495,			0.264,			0.051
496,	1,	10.0,	150.345,			2.675,			0.227,			0.054
497,	1,	13.0,	150.402,			2.598,			0.174,			0.058
498,	2,	156.0,	151.06,			14.771,			1.324,			0.18
499,	1,	447.0,	151.24,			1.086,			0.206,			0.051
500,	1,	169.0,	151.25,			2.244,			0.19,			0.051
501,	1,	49.0,	151.347,			2.984,			0.216,			0.05
502,	1,	146.0,	151.453,			2.588,			0.275,			0.059
503,	1,	6.0,	151.598,			2.864,			0.27,			0.058
504,	1,	447.0,	152.441,			2.226,			0.203,			0.057
505,	1,	10.0,	152.888,			1.59,			0.173,			0.056
506,	1,	90.0,	152.897,			1.071,			0.279,			0.05
507,	1,	512.0,	152.972,			2.138,			0.131,			0.054
508,	1,	49.0,	153.042,			1.799,			0.173,			0.054
509,	1,	6.0,	153.303,			2.404,			0.113,			0.056
510,	1,	90.0,	153.76,			2.249,			0.23,			0.052
511,	1,	10.0,	153.906,			1.663,			0.141,			0.056
512,	1,	6.0,	154.131,			1.729,			0.255,			0.06
513,	1,	214.0,	154.215,			2.701,			0.104,			0.051
514,	2,	89.0,	154.242,			14.53,			1.351,			0.144
515,	1,	7.0,	154.264,			1.811,			0.109,			0.052
516,	1,	28.0,	154.443,			2.26,			0.252,			0.052
517,	1,	7.0,	154.503,			1.719,			0.11,			0.054
518,	1,	90.0,	154.636,			1.558,			0.149,			0.051
519,	1,	44.0,	154.805,			2.922,			0.112,			0.053
520,	1,	169.0,	154.915,			1.096,			0.289,			0.055
521,	1,	7.0,	154.924,			2.935,			0.198,			0.059
522,	1,	30.0,	154.948,			2.198,			0.145,			0.05
523,	1,	169.0,	155.004,			1.155,			0.184,			0.06
524,	1,	7.0,	155.039,			1.988,			0.289,			0.053
525,	1,	30.0,	155.075,			2.299,			0.287,			0.054
526,	1,	28.0,	155.368,			2.283,			0.229,			0.056
527,	1,	120.0,	155.372,			2.928,			0.217,			0.059
528,	1,	10.0,	155.401,			1.509,			0.142,			0.059
529,	1,	6.0,	155.678,			1.982,			0.119,			0.06
530,	1,	7.0,	155.797,			1.612,			0.147,			0.056
531,	1,	10.0,	155.853,			2.616,			0.209,			0.05
532,	1,	7.0,	155.891,			1.302,			0.118,			0.06
533,	1,	16.0,	156.0,			1.018,			0.172,			0.052
534,	1,	498.0,	156.521,			1.289,			0.248,			0.059
535,	1,	387.0,	156.689,			2.757,			0.162,			0.055
536,	1,	387.0,	156.739,			1.654,			0.267,			0.053
537,	1,	387.0,	156.775,			2.945,			0.234,			0.051
538,	1,	13.0,	156.783,			1.376,			0.26,			0.052
539,	1,	28.0,	156.855,			2.663,			0.159,			0.055
540,	1,	95.0,	156.857,			2.503,			0.131,			0.056
541,	1,	16.0,	156.862,			1.08,			0.263,			0.055
542,	1,	7.0,	157.204,			1.372,			0.191,			0.051
543,	1,	28.0,	157.233,			2.454,			0.19,			0.052
544,	1,	90.0,	157.358,			2.304,			0.253,			0.056
545,	1,	379.0,	157.802,			2.169,			0.139,			0.056
546,	1,	7.0,	157.818,			2.143,			0.235,			0.05
547,	1,	214.0,	157.958,			1.582,			0.146,			0.056
548,	2,	203.0,	158.127,			12.649,			1.25,			0.136
549,	1,	120.0,	158.221,			1.266,			0.101,			0.057
550,	2,	127.0,	158.235,			10.432,			1.222,			0.169
551,	1,	126.0,	158.244,			2.316,			0.249,			0.058
552,	1,	7.0,	158.308,			2.184,			0.294,			0.05
553,	1,	120.0,	158.549,			1.044,			0.114,			0.057
554,	1,	120.0,	158.654,			2.01,			0.162,			0.055
555,	1,	498.0,	158.781,			1.162,			0.258,			0.051
556,	1,	146.0,	159.405,			2.296,			0.282,			0.057
557,	1,	95.0,	159.419,			1.984,			0.298,			0.058
558,	1,	30.0,	159.465,			2.556,			0.287,			0.05
559,	1,	95.0,	159.718,			2.114,			0.192,			0.058
560,	1,	16.0,	159.722,			2.288,			0.225,			0.054
561,	1,	126.0,	159.878,			1.317,			0.249,			0.051
562,	1,	447.0,	160.231,			2.0,			0.174,			0.058
563,	1,	59.0,	160.298,			1.768,			0.296,			0.06
564,	1,	169.0,	160.41,			1.252,			0.277,			0.053
565,	1,	447.0,	160.413,			1.386,			0.253,			0.054
566,	1,	28.0,	160.768,			1.75,			0.26,			0.055
567,	2,	96.0,	160.828,			12.088,			1.285,			0.185
568,	2,	149.0,	161.056,			14.268,			1.491,			0.133
569,	1,	7.0,	161.128,			1.403,			0.283,			0.051
570,	2,	169.0,	161.412,			13.958,			1.498,			0.2
571,	1,	44.0,	161.414,			2.398,			0.279,			0.057
572,	1,	59.0,	161.535,			2.377,			0.134,			0.055
573,	1,	214.0,	161.797,			1.801,			0.24,			0.052
574,	1,	498.0,	161.802,			2.288,			0.129,			0.055
575,	1,	13.0,	161.842,			1.394,			0.172,			0.053
576,	1,	6.0,	161.932,			2.844,			0.149,			0.059
577,	1,	559.0,	161.984,			2.621,			0.249,			0.059
578,	1,	7.0,	162.041,			1.192,			0.259,			0.057
579,	2,	81.0,	162.071,			12.627,			1.239,			0.108
580,	1,	49.0,	162.095,			2.881,			0.192,			0.057
581,	1,	512.0,	162.197,			1.134,			0.209,			0.057
582,	1,	59.0,	162.313,			2.133,			0.174,			0.05
583,	1,	7.0,	162.476,			1.044,			0.2,			0.054
584,	1,	169.0,	162.504,			2.957,			0.219,			0.053
585,	1,	7.0,	162.585,			2.945,			0.142,			0.054
586,	1,	6.0,	162.596,			1.386,			0.15,			0.055
587,	1,	387.0,	162.603,			2.063,			0.238,			0.06
588,	2,	211.0,	162.606,			14.005,			1.285,			0.114
589,	2,	125.0,	162.682,			12.738,			1.244,			0.128
590,	1,	7.0,	162.856,			2.838,			0.175,			0.051
591,	1,	7.0,	162.878,			1.343,			0.137,			0.056
592,	1,	90.0,	162.887,			1.353,			0.208,			0.058
593,	1,	95.0,	162.923,			2.149,			0.124,			0.059
594,	1,	10.0,	163.043,			2.299,			0.15,			0.058
595,	2,	225.0,	163.369,			11.289,			1.049,			0.107
596,	1,	447.0,	163.38,			2.034,			0.283,			0.059
597,	1,	7.0,	163.464,			2.318,			0.129,			0.058
598,	1,	44.0,	163.505,			2.618,			0.279,			0.055
599,	1,	512.0,	163.52,			1.225,			0.216,			0.052
600,	1,	447.0,	163.534,			2.252,			0.189,			0.051
601,	1,	6.0,	163.817,			2.449,			0.267,			0.059
602,	2,	96.0,	163.93,			11.885,			1.174,			0.162
603,	1,	126.0,	164.042,			2.345,			0.257,			0.057
604,	1,	49.0,	164.144,			2.973,			0.28,			0.053
605,	1,	10.0,	164.498,			2.798,			0.224,			0.058
606,	1,	512.0,	164.503,			2.795,			0.12,			0.055
607,	1,	7.0,	164.53,			1.226,			0.248,			0.052
608,	1,	30.0,	164.767,			1.009,			0.134,			0.054
609,	1,	30.0,	164.837,			1.703,			0.236,			0.059
610,	2,	101.0,	164.91,			13.069,			1.268,			0.198
611,	1,	7.0,	165.121,			1.155,			0.125,			0.055
612,	1,	498.0,	165.456,			1.204,			0.241,			0.056
613,	2,	164.0,	165.808,			12.421,			1.169,			0.133
614,	1,	59.0,	165.852,			1.362,			0.116,			0.056
615,	1,	169.0,	165.958,			2.678,			0.162,			0.054
616,	1,	95.0,	166.081,			2.249,			0.222,			0.053
617,	1,	6.0,	166.369,			2.438,			0.282,			0.054
618,	1,	6.0,	166.52,			2.911,			0.198,			0.055
619,	1,	214.0,	166.756,			1.985,			0.138,			0.052
620,	1,	157.0,	166.838,			2.567,			0.224,			0.053
621,	1,	7.0,	166.872,			1.979,			0.258,			0.054
622,	1,	559.0,	167.257,			2.427,			0.176,			0.051
623,	1,	95.0,	167.48,			1.827,			0.167,			0.057
624,	1,	28.0,	167.578,			1.283,			0.217,			0.054
625,	1,	7.0,	167.589,			1.005,			0.166,			0.052
626,	1,	10.0,	167.971,			1.403,			0.124,			0.056
627,	1,	103.0,	167.993,			2.757,			0.151,			0.052
628,	1,	16.0,	168.396,			2.858,			0.267,			0.059
629,	1,	6.0,	168.417,			2.252,			0.267,			0.052
630,	2,	136.0,	168.555,			10.475,			1.31,			0.14
631,	1,	6.0,	168.676,			2.03,			0.267,			0.053
632,	1,	44.0,	168.82,			1.701,			0.172,			0.052
633,	1,	6.0,	168.851,			2.173,			0.241,			0.06
634,	1,	146.0,	168.912,			2.726,			0.206,			0.057
635,	1,	49.0,	168.999,			1.985,			0.2,			0.052
636,	1,	379.0,	169.079,			1.913,			0.299,			0.054
637,	1,	59.0,	169.138,			2.703,			0.118,			0.057
638,	2,	136.0,	169.256,			10.475,			1.255,			0.119
639,	1,	126.0,	169.366,			2.614,			0.16,			0.057
640,	2,	143.0,	169.398,			11.915,			1.176,			0.16
641,	1,	13.0,	169.405,			1.46,			0.133,			0.054
642,	1,	6.0,	169.44,			1.151,			0.215,			0.056
643,	1,	512.0,	169.524,			1.111,			0.166,			0.057
644,	1,	59.0,	169.557,			1.083,			0.273,			0.052
645,	1,	169.0,	169.873,			1.539,			0.247,			0.057
646,	1,	30.0,	169.92,			1.684,			0.263,			0.058
647,	1,	379.0,	170.27,			2.298,			0.161,			0.051
648,	2,	117.0,	170.273,			13.894,			1.131,			0.158
649,	1,	44.0,	170.563,			1.097,			0.14,			0.053
650,	1,	498.0,	171.159,			2.541,			0.167,			0.053
651,	2,	81.0,	171.385,			12.301,			1.088,			0.107
652,	1,	44.0,	171.466,			2.2,			0.255,			0.056
653,	1,	44.0,	171.517,			1.168,			0.136,			0.051
654,	1,	559.0,	171.57,			1.204,			0.159,			0.055
655,	1,	59.0,	171.609,			2.638,			0.267,			0.054
656,	1,	379.0,	171.716,			2.051,			0.121,			0.052
657,	1,	6.0,	171.955,			2.802,			0.138,			0.053
658,	2,	306.0,	172.092,			13.612,			1.345,			0.144
659,	1,	169.0,	172.294,			1.004,			0.195,			0.052
660,	1,	512.0,	172.319,			2.765,			0.236,			0.05
661,	1,	13.0,	172.36,			2.834,			0.146,			0.056
662,	1,	157.0,	172.61,			2.819,			0.147,			0.058
663,	1,	387.0,	172.792,			1.592,			0.238,			0.051
664,	1,	49.0,	172.796,			1.653,			0.29,			0.051
665,	1,	95.0,	172.835,			1.428,			0.187,			0.052
666,	1,	13.0,	172.961,			2.323,			0.299,			0.051
667,	1,	146.0,	173.045,			1.289,			0.187,			0.057
668,	1,	44.0,	173.157,			1.761,			0.268,			0.054
669,	1,	498.0,	173.277,			2.123,			0.108,			0.059
670,	1,	49.0,	173.289,			2.866,			0.144,			0.056
671,	1,	10.0,	173.441,			2.896,			0.299,			0.058
672,	1,	169.0,	173.476,			2.872,			0.236,			0.051
673,	1,	95.0,	173.484,			1.581,			0.216,			0.058
674,	1,	447.0,	173.669,			2.346,			0.153,			0.06
675,	2,	171.0,	173.672,			10.893,			1.419,			0.173
676,	1,	16.0,	173.789,			1.69,			0.123,			0.059
677,	1,	157.0,	173.96,			2.779,			0.223,			0.059
678,	1,	10.0,	174.052,			2.302,			0.276,			0.057
679,	1,	512.0,	174.519,			1.421,			0.22,			0.055
680,	1,	7.0,	174.927,			2.364,			0.142,			0.057
681,	2,	160.0,	174.927,			11.001,			1.062,			0.176
682,	1,	16.0,	175.053,			2.436,			0.259,			0.054
683,	1,	512.0,	175.393,			2.786,			0.299,			0.058
684,	1,	379.0,	175.471,			1.761,			0.133,			0.053
685,	1,	126.0,	175.565,			2.487,			0.234,			0.054
686,	1,	30.0,	175.787,			2.238,			0.222,			0.05
687,	1,	44.0,	175.874,			1.535,			0.161,			0.059
688,	1,	7.0,	176.035,			1.509,			0.289,			0.05
689,	1,	13.0,	176.223,			1.742,			0.294,			0.054
690,	1,	559.0,	176.375,			1.006,			0.2,			0.05
691,	2,	205.0,	176.475,			11.393,			1.238,			0.109
692,	1,	447.0,	176.516,			2.914,			0.103,			0.052
693,	1,	10.0,	176.624,			1.188,			0.142,			0.055
694,	1,	6.0,	176.666,			1.425,			0.171,			0.054
695,	1,	13.0,	176.719,			2.404,			0.151,			0.06
696,	2,	165.0,	176.988,			14.185,			1.284,			0.133
697,	1,	120.0,	177.06,			1.575,			0.281,			0.059
698,	1,	498.0,	177.269,			1.366,			0.177,			0.055
699,	1,	126.0,	177.483,			1.843,			0.111,			0.05
700,	1,	90.0,	177.634,			1.104,			0.129,			0.05
701,	1,	13.0,	177.71,			1.025,			0.297,			0.05
702,	1,	120.0,	177.93,			2.123,			0.239,			0.057
703,	1,	379.0,	178.376,			1.245,			0.104,			0.051
704,	1,	28.0,	178.433,			1.464,			0.152,			0.054
705,	1,	6.0,	178.594,			2.14,			0.254,			0.051
706,	1,	7.0,	179.136,			2.318,			0.116,			0.054
707,	1,	95.0,	179.155,			2.582,			0.151,			0.055
708,	1,	7.0,	179.601,			2.533,			0.121,			0.053
709,	2,	242.0,	179.859,			11.572,			1.497,			0.142
710,	1,	30.0,	180.004,			1.372,			0.211,			0.056
711,	1,	16.0,	180.024,			1.581,			0.202,			0.05
712,	2,	280.0,	180.115,			14.576,			1.311,			0.126
713,	1,	49.0,	180.27,			2.984,			0.124,			0.053
714,	1,	120.0,	180.345,			1.919,			0.222,			0.055
715,	2,	142.0,	180.418,			11.11,			1.263,			0.116
716,	1,	498.0,	180.468,			2.35,			0.299,			0.059
717,	1,	169.0,	180.487,			2.554,			0.217,			0.057
718,	1,	157.0,	181.226,			1.485,			0.266,			0.051
719,	1,	379.0,	181.445,			2.986,			0.2,			0.056
720,	1,	146.0,	181.921,			2.138,			0.138,			0.053
721,	1,	13.0,	182.0,			1.667,			0.149,			0.055
722,	1,	7.0,	182.081,			1.63,			0.279,			0.055
723,	1,	28.0,	182.448,			1.543,			0.168,			0.06
724,	1,	7.0,	182.533,			1.581,			0.212,			0.05
725,	1,	6.0,	182.764,			1.76,			0.252,			0.058
726,	1,	6.0,	182.82,			2.861,			0.234,			0.058
727,	1,	214.0,	182.89,			2.612,			0.169,			0.056
728,	1,	169.0,	183.045,			2.761,			0.206,			0.058
729,	1,	120.0,	183.124,			1.191,			0.133,			0.056
730,	1,	44.0,	183.252,			2.087,			0.292,			0.055
731,	1,	30.0,	183.306,			1.679,			0.222,			0.055
732,	1,	44.0,	183.396,			2.438,			0.205,			0.057
733,	1,	512.0,	183.535,			1.011,			0.279,			0.058
734,	1,	28.0,	183.57,			1.722,			0.29,			0.058
735,	1,	169.0,	183.705,			2.799,			0.113,			0.055
736,	1,	6.0,	184.008,			2.765,			0.221,			0.05
737,	1,	387.0,	184.01,			1.966,			0.284,			0.059
738,	1,	559.0,	184.055,			2.983,			0.217,			0.055
739,	1,	95.0,	184.169,			2.412,			0.134,			0.058
740,	1,	146.0,	184.428,			1.581,			0.222,			0.058
741,	1,	7.0,	184.519,			1.9,			0.239,			0.054
742,	1,	44.0,	184.598,			2.8,			0.225,			0.051
743,	1,	49.0,	184.968,			1.553,			0.101,			0.051
744,	1,	6.0,	185.253,			1.639,			0.151,			0.056
745,	1,	6.0,	185.779,			1.432,			0.217,			0.055
746,	1,	120.0,	185.783,			1.933,			0.161,			0.054
747,	1,	146.0,	185.92,			1.755,			0.126,			0.055
748,	1,	16.0,	185.956,			2.616,			0.249,			0.057
749,	1,	387.0,	186.205,			1.496,			0.262,			0.053
750,	1,	95.0,	186.32,			1.783,			0.184,			0.054
751,	2,	181.0,	186.357,			11.915,			1.096,			0.156
752,	1,	10.0,	186.361,			2.197,			0.124,			0.052
753,	1,	559.0,	186.38,			1.631,			0.151,			0.054
754,	1,	7.0,	186.426,			1.703,			0.198,			0.053
755,	1,	512.0,	186.934,			2.167,			0.263,			0.051
756,	1,	7.0,	187.012,			2.076,			0.136,			0.056
757,	1,	90.0,	187.054,			2.288,			0.142,			0.052
758,	1,	6.0,	187.154,			1.028,			0.149,			0.052
759,	1,	59.0,	187.418,			1.431,			0.203,			0.057
760,	1,	95.0,	187.496,			1.69,			0.16,			0.058
761,	1,	103.0,	187.568,			1.816,			0.286,			0.053
762,	1,	44.0,	187.615,			1.811,			0.19,			0.057
763,	1,	95.0,	187.627,			1.717,			0.12,			0.052
764,	1,	387.0,	187.761,			1.491,			0.192,			0.051
765,	1,	16.0,	188.012,			2.852,			0.12,			0.054
766,	1,	447.0,	188.061,			2.827,			0.134,			0.058
767,	1,	59.0,	188.274,			2.047,			0.285,			0.055
768,	1,	59.0,	188.335,			2.601,			0.282,			0.052
769,	1,	498.0,	188.749,			1.952,			0.162,			0.052
770,	1,	157.0,	188.761,			2.18,			0.227,			0.053
771,	1,	16.0,	188.786,			2.323,			0.185,			0.058
772,	1,	169.0,	188.831,			2.381,			0.192,			0.056
773,	1,	59.0,	189.159,			1.76,			0.141,			0.059
774,	1,	44.0,	190.256,			1.485,			0.243,			0.052
775,	1,	95.0,	190.468,			2.148,			0.295,			0.052
776,	1,	16.0,	191.09,			2.9,			0.257,			0.051
777,	1,	6.0,	191.414,			1.304,			0.101,			0.059
778,	1,	126.0,	191.605,			2.487,			0.279,			0.055
779,	1,	16.0,	191.626,			1.035,			0.246,			0.056
780,	1,	7.0,	191.694,			2.237,			0.239,			0.055
781,	1,	44.0,	191.762,			2.798,			0.284,			0.054
782,	1,	559.0,	192.035,			1.16,			0.103,			0.056
783,	2,	260.0,	192.152,			14.067,			1.282,			0.117
784,	1,	157.0,	192.539,			2.31,			0.106,			0.057
785,	1,	447.0,	195.247,			2.711,			0.147,			0.057
786,	1,	90.0,	195.67,			1.304,			0.238,			0.057
787,	1,	6.0,	195.815,			2.092,			0.251,			0.058
788,	1,	559.0,	195.927,			2.889,			0.136,			0.054
789,	1,	146.0,	195.95,			2.298,			0.12,			0.053
790,	2,	172.0,	196.087,			11.508,			1.212,			0.143
791,	2,	168.0,	196.132,			14.737,			1.029,			0.107
792,	1,	16.0,	196.929,			2.864,			0.171,			0.059
793,	1,	214.0,	197.009,			2.893,			0.298,			0.053
794,	1,	30.0,	197.079,			1.26,			0.167,			0.055
795,	1,	49.0,	197.563,			1.972,			0.236,			0.054
796,	2,	40.0,	197.7,			14.836,			1.326,			0.149
797,	1,	126.0,	197.774,			1.99,			0.108,			0.058
798,	1,	379.0,	198.077,			2.759,			0.166,			0.055
799,	1,	447.0,	198.148,			2.983,			0.162,			0.058
800,	1,	95.0,	198.159,			1.119,			0.131,			0.058
801,	1,	169.0,	198.186,			2.798,			0.256,			0.054
802,	1,	49.0,	198.275,			1.985,			0.244,			0.052
803,	1,	16.0,	198.495,			1.61,			0.159,			0.059
804,	1,	49.0,	198.598,			1.047,			0.195,			0.051
805,	1,	214.0,	198.754,			2.158,			0.226,			0.052
806,	1,	44.0,	199.036,			1.029,			0.281,			0.05
807,	1,	7.0,	199.057,			1.613,			0.179,			0.053
808,	2,	242.0,	199.12,			10.146,			1.086,			0.177
809,	1,	387.0,	199.318,			1.445,			0.259,			0.053
810,	1,	387.0,	199.52,			2.11,			0.141,			0.051
811,	1,	103.0,	199.62,			2.465,			0.279,			0.051
812,	1,	498.0,	199.628,			1.919,			0.14,			0.05
813,	1,	7.0,	199.777,			2.628,			0.189,			0.052
814,	1,	387.0,	199.972,			1.391,			0.111,			0.055
815,	2,	162.0,	200.493,			12.876,			1.141,			0.133
816,	1,	6.0,	200.722,			1.104,			0.278,			0.06
817,	1,	95.0,	200.967,			2.509,			0.161,			0.059
818,	2,	144.0,	201.196,			13.174,			1.364,			0.134
819,	1,	447.0,	201.238,			1.126,			0.276,			0.056
820,	1,	214.0,	201.336,			2.525,			0.146,			0.053
821,	1,	379.0,	201.45,			1.086,			0.207,			0.051
822,	1,	7.0,	201.504,			2.358,			0.211,			0.056
823,	2,	213.0,	201.507,			13.645,			1.398,			0.132
824,	1,	28.0,	201.609,			1.376,			0.207,			0.054
825,	1,	7.0,	201.625,			1.409,			0.195,			0.054
826,	2,	365.0,	201.975,			14.501,			1.43,			0.125
827,	1,	49.0,	202.08,			2.631,			0.238,			0.051
828,	1,	7.0,	202.124,			2.232,			0.249,			0.059
829,	1,	379.0,	202.461,			1.99,			0.251,			0.052
830,	1,	146.0,	202.485,			1.941,			0.249,			0.057
831,	1,	387.0,	203.082,			2.968,			0.214,			0.055
832,	1,	30.0,	203.324,			1.03,			0.106,			0.051
833,	1,	169.0,	203.689,			1.582,			0.249,			0.058
834,	1,	387.0,	204.07,			2.78,			0.298,			0.059
835,	1,	13.0,	204.298,			1.144,			0.266,			0.054
836,	1,	7.0,	204.387,			2.87,			0.239,			0.056
837,	2,	124.0,	205.76,			14.501,			1.129,			0.15
838,	1,	6.0,	206.765,			1.103,			0.272,			0.059
839,	1,	49.0,	206.823,			1.047,			0.171,			0.057
840,	1,	214.0,	207.0,			2.198,			0.292,			0.055
841,	1,	103.0,	207.009,			2.407,			0.201,			0.057
842,	2,	126.0,	207.038,			12.987,			1.356,			0.169
843,	1,	6.0,	207.74,			2.5,			0.131,			0.059
844,	1,	90.0,	207.879,			2.703,			0.254,			0.053
845,	1,	214.0,	207.946,			2.284,			0.189,			0.059
846,	1,	447.0,	208.366,			2.751,			0.151,			0.052
847,	1,	379.0,	208.53,			1.083,			0.224,			0.059
848,	1,	103.0,	208.697,			1.505,			0.248,			0.051
849,	1,	44.0,	208.701,			1.609,			0.259,			0.054
850,	2,	312.0,	208.889,			14.134,			1.092,			0.142
851,	1,	90.0,	209.002,			1.241,			0.139,			0.054
852,	1,	6.0,	209.027,			2.148,			0.152,			0.05
853,	1,	6.0,	209.46,			2.004,			0.161,			0.058
854,	1,	559.0,	209.461,			1.672,			0.124,			0.052
855,	1,	44.0,	209.956,			1.748,			0.186,			0.055
856,	1,	7.0,	210.071,			2.675,			0.233,			0.051
857,	1,	6.0,	210.583,			2.316,			0.103,			0.054
858,	1,	512.0,	210.6,			2.568,			0.172,			0.058
859,	1,	44.0,	210.668,			2.448,			0.223,			0.058
860,	1,	103.0,	210.815,			1.748,			0.238,			0.058
861,	1,	387.0,	211.013,			2.084,			0.207,			0.053
862,	1,	379.0,	211.129,			2.943,			0.212,			0.053
863,	1,	59.0,	211.934,			2.454,			0.275,			0.052
864,	1,	95.0,	212.058,			2.714,			0.281,			0.051
865,	1,	16.0,	212.07,			2.104,			0.299,			0.054
866,	1,	95.0,	212.136,			2.544,			0.244,			0.059
867,	1,	146.0,	212.203,			1.028,			0.284,			0.056
868,	1,	28.0,	212.241,			1.814,			0.12,			0.055
869,	1,	7.0,	212.409,			2.847,			0.152,			0.058
870,	1,	16.0,	212.426,			2.675,			0.231,			0.054
871,	1,	59.0,	212.433,			2.256,			0.131,			0.058
872,	2,	186.0,	213.258,			13.386,			1.354,			0.114
873,	1,	28.0,	214.452,			1.551,			0.159,			0.059
874,	2,	180.0,	214.792,			10.886,			1.096,			0.157
875,	1,	7.0,	214.999,			1.879,			0.245,			0.059
876,	1,	13.0,	215.121,			1.448,			0.209,			0.055
877,	1,	120.0,	216.454,			2.358,			0.247,			0.05
878,	1,	95.0,	217.286,			2.18,			0.296,			0.054
879,	1,	10.0,	217.754,			1.807,			0.292,			0.057
880,	1,	169.0,	218.115,			2.027,			0.151,			0.058
881,	1,	28.0,	218.62,			2.895,			0.267,			0.058
882,	1,	30.0,	218.673,			1.626,			0.239,			0.058
883,	1,	387.0,	219.148,			2.874,			0.223,			0.06
884,	1,	498.0,	219.279,			2.922,			0.241,			0.054
885,	1,	387.0,	219.579,			2.88,			0.186,			0.053
886,	1,	59.0,	219.694,			1.314,			0.166,			0.057
887,	2,	201.0,	220.032,			11.93,			1.216,			0.178
888,	1,	512.0,	220.529,			1.883,			0.28,			0.056
889,	1,	10.0,	220.793,			2.104,			0.21,			0.052
890,	1,	44.0,	222.072,			2.265,			0.152,			0.054
891,	1,	120.0,	222.213,			2.796,			0.238,			0.059
892,	1,	379.0,	223.099,			2.889,			0.284,			0.059
893,	2,	225.0,	223.391,			11.276,			1.363,			0.132
894,	1,	214.0,	223.431,			1.322,			0.205,			0.053
895,	1,	512.0,	223.524,			2.618,			0.17,			0.053
896,	1,	7.0,	223.802,			2.378,			0.136,			0.058
897,	2,	126.0,	224.813,			12.26,			1.366,			0.131
898,	1,	120.0,	225.3,			2.796,			0.194,			0.056
899,	2,	126.0,	225.478,			13.635,			1.438,			0.121
900,	2,	120.0,	225.686,			10.882,			1.351,			0.116
901,	1,	95.0,	226.442,			2.598,			0.161,			0.055
902,	1,	447.0,	226.501,			2.364,			0.187,			0.052
903,	2,	113.0,	226.847,			13.086,			1.491,			0.186
904,	2,	322.0,	227.156,			14.918,			1.137,			0.126
905,	1,	28.0,	227.201,			2.056,			0.259,			0.051
906,	2,	92.0,	227.215,			12.801,			1.141,			0.121
907,	1,	6.0,	227.224,			2.673,			0.166,			0.055
908,	2,	246.0,	228.269,			10.554,			1.161,			0.197
909,	2,	92.0,	228.28,			12.105,			1.323,			0.143
910,	2,	154.0,	228.518,			14.45,			1.231,			0.195
911,	1,	6.0,	228.639,			1.432,			0.166,			0.06
912,	1,	7.0,	228.711,			1.434,			0.211,			0.059
913,	1,	95.0,	229.267,			1.626,			0.26,			0.055
914,	2,	137.0,	229.364,			10.621,			1.5,			0.125
915,	1,	7.0,	230.06,			1.942,			0.221,			0.056
916,	2,	80.0,	230.948,			10.702,			1.454,			0.119
917,	1,	120.0,	230.983,			1.256,			0.222,			0.051
918,	2,	84.0,	230.988,			14.39,			1.149,			0.166
919,	1,	6.0,	231.913,			1.411,			0.193,			0.057
920,	1,	49.0,	232.346,			1.561,			0.271,			0.059
921,	1,	447.0,	232.909,			1.366,			0.116,			0.06
922,	1,	95.0,	233.19,			1.098,			0.261,			0.054
923,	1,	59.0,	233.896,			2.681,			0.25,			0.06
924,	1,	90.0,	234.257,			1.467,			0.272,			0.06
925,	1,	13.0,	236.183,			2.084,			0.145,			0.052
926,	2,	233.0,	237.102,			12.475,			1.175,			0.122
927,	1,	387.0,	238.719,			2.03,			0.215,			0.052
928,	2,	93.0,	238.811,			12.287,			1.099,			0.159
929,	1,	387.0,	238.896,			2.169,			0.216,			0.056
930,	1,	379.0,	239.158,			1.481,			0.121,			0.059
931,	1,	90.0,	239.673,			2.813,			0.241,			0.06
932,	2,	107.0,	240.155,			13.458,			1.392,			0.121
933,	1,	169.0,	241.01,			1.64,			0.284,			0.052
934,	2,	148.0,	241.061,			10.279,			1.269,			0.101
935,	1,	120.0,	241.287,			2.685,			0.211,			0.055
936,	2,	98.0,	241.603,			13.894,			1.201,			0.19
937,	1,	120.0,	241.694,			2.632,			0.262,			0.052
938,	1,	169.0,	242.496,			1.748,			0.142,			0.058
939,	1,	169.0,	242.656,			2.2,			0.131,			0.059
940,	1,	214.0,	242.896,			1.566,			0.154,			0.054
941,	1,	44.0,	243.161,			1.639,			0.131,			0.05
942,	1,	498.0,	243.482,			1.414,			0.178,			0.06
943,	2,	217.0,	243.835,			11.164,			1.021,			0.105
944,	2,	169.0,	244.254,			13.185,			1.357,			0.178
945,	1,	7.0,	244.679,			2.852,			0.187,			0.054
946,	2,	298.0,	244.782,			10.27,			1.32,			0.143
947,	1,	103.0,	244.966,			1.843,			0.124,			0.059
948,	1,	30.0,	245.134,			1.047,			0.251,			0.056
949,	1,	6.0,	245.347,			2.955,			0.233,			0.059
950,	2,	260.0,	245.525,			11.178,			1.18,			0.182
951,	1,	13.0,	245.749,			1.443,			0.284,			0.056
952,	1,	7.0,	245.952,			2.881,			0.152,			0.055
953,	2,	143.0,	247.145,			13.59,			1.253,			0.128
954,	1,	387.0,	248.539,			1.303,			0.279,			0.05
955,	2,	89.0,	250.575,			13.136,			1.362,			0.2
956,	2,	120.0,	251.956,			13.266,			1.108,			0.111
957,	1,	512.0,	252.897,			1.486,			0.119,			0.056
958,	1,	90.0,	253.634,			1.403,			0.164,			0.054
959,	1,	512.0,	254.228,			2.2,			0.124,			0.056
960,	1,	103.0,	257.033,			1.188,			0.165,			0.052
961,	2,	234.0,	257.895,			14.45,			1.117,			0.161
962,	2,	177.0,	258.202,			10.335,			1.239,			0.135
963,	2,	149.0,	258.296,			11.661,			1.021,			0.183
964,	1,	126.0,	258.639,			1.981,			0.177,			0.057
965,	2,	104.0,	259.27,			14.152,			1.128,			0.172
966,	2,	60.0,	260.261,			11.036,			1.055,			0.113
967,	2,	146.0,	261.455,			14.859,			1.231,			0.134
968,	1,	95.0,	262.576,			2.173,			0.109,			0.051
969,	2,	112.0,	262.829,			11.982,			1.179,			0.196
970,	2,	217.0,	263.438,			13.224,			1.286,			0.134
971,	2,	264.0,	264.887,			11.484,			1.094,			0.107
972,	1,	16.0,	265.751,			2.751,			0.164,			0.051
973,	2,	97.0,	266.347,			14.132,			1.442,			0.169
974,	2,	132.0,	270.115,			11.696,			1.491,			0.188
975,	2,	206.0,	270.276,			13.569,			1.231,			0.143
976,	1,	49.0,	270.442,			1.838,			0.263,			0.057
977,	1,	16.0,	270.447,			1.005,			0.184,			0.053
978,	2,	89.0,	271.394,			10.319,			1.035,			0.199
979,	1,	214.0,	272.028,			2.874,			0.124,			0.057
980,	2,	132.0,	272.534,			14.187,			1.029,			0.187
981,	2,	104.0,	273.003,			12.564,			1.47,			0.188
982,	2,	90.0,	275.256,			14.686,			1.037,			0.105
983,	1,	387.0,	275.332,			2.404,			0.277,			0.054
984,	2,	58.0,	275.357,			14.011,			1.251,			0.103
985,	1,	6.0,	275.488,			2.056,			0.192,			0.05
986,	2,	113.0,	275.546,			13.499,			1.351,			0.122
987,	2,	160.0,	278.011,			10.977,			1.142,			0.16
988,	2,	187.0,	278.75,			10.312,			1.027,			0.195
989,	2,	148.0,	284.827,			12.154,			1.111,			0.161
990,	2,	112.0,	284.889,			13.06,			1.23,			0.168
991,	1,	379.0,	285.907,			1.776,			0.156,			0.053
992,	2,	116.0,	287.18,			10.909,			1.486,			0.196
993,	2,	262.0,	287.554,			13.579,			1.015,			0.198
994,	2,	135.0,	290.585,			14.515,			1.07,			0.126
995,	2,	228.0,	292.248,			11.247,			1.099,			0.191
996,	2,	190.0,	292.411,			11.392,			1.103,			0.148
997,	2,	303.0,	293.51,			13.916,			1.389,			0.17
998,	2,	87.0,	293.608,			12.301,			1.409,			0.167
999,	2,	167.0,	298.045,			13.622,			1.275,			0.102
1000,	2,	122.0,	298.588,			14.931,			1.211,			0.196
