#, task_type_id, size, arrival_time,	execution_time_cpu,	execution_time_gpu,	execution_time_CLOUD
1,	1,	103.0,	0.0,			1.657,			0.216,			0.051
2,	1,	13.0,	1.916,			2.581,			0.267,			0.056
3,	2,	137.0,	2.219,			14.067,			1.169,			0.171
4,	2,	304.0,	7.474,			10.742,			1.086,			0.129
5,	2,	169.0,	9.851,			13.908,			1.049,			0.195
6,	2,	85.0,	11.948,			14.376,			1.012,			0.145
7,	2,	281.0,	13.629,			12.463,			1.426,			0.177
8,	2,	138.0,	14.51,			10.586,			1.245,			0.124
9,	2,	161.0,	14.556,			13.499,			1.319,			0.114
10,	2,	86.0,	14.991,			13.737,			1.029,			0.158
11,	2,	137.0,	16.142,			14.005,			1.469,			0.195
12,	2,	333.0,	16.175,			11.028,			1.304,			0.184
13,	2,	121.0,	16.784,			10.826,			1.005,			0.17
14,	2,	119.0,	17.144,			10.909,			1.222,			0.137
15,	2,	225.0,	17.675,			10.114,			1.304,			0.121
16,	2,	199.0,	17.855,			10.974,			1.312,			0.116
17,	2,	237.0,	19.574,			12.662,			1.037,			0.136
18,	2,	176.0,	20.207,			11.557,			1.03,			0.101
19,	2,	188.0,	21.892,			13.958,			1.416,			0.176
20,	2,	260.0,	22.059,			10.159,			1.431,			0.182
21,	2,	137.0,	22.732,			12.912,			1.167,			0.156
22,	2,	70.0,	24.484,			14.842,			1.376,			0.105
23,	1,	120.0,	27.624,			2.26,			0.155,			0.059
24,	2,	50.0,	28.223,			14.12,			1.186,			0.134
25,	2,	182.0,	29.377,			11.658,			1.042,			0.123
26,	1,	7.0,	29.755,			2.102,			0.15,			0.052
27,	2,	213.0,	30.024,			11.11,			1.203,			0.193
28,	2,	250.0,	31.157,			13.162,			1.407,			0.164
29,	2,	135.0,	32.222,			12.105,			1.277,			0.149
30,	2,	194.0,	35.361,			13.487,			1.107,			0.122
31,	2,	72.0,	35.513,			11.405,			1.102,			0.143
32,	1,	44.0,	35.765,			1.303,			0.266,			0.054
33,	2,	38.0,	36.496,			11.583,			1.365,			0.196
34,	2,	171.0,	37.312,			14.146,			1.013,			0.142
35,	2,	233.0,	38.151,			10.286,			1.091,			0.176
36,	1,	44.0,	38.702,			1.414,			0.252,			0.054
37,	1,	7.0,	40.038,			2.857,			0.145,			0.054
38,	1,	7.0,	40.192,			2.037,			0.193,			0.053
39,	2,	112.0,	41.264,			14.425,			1.137,			0.145
40,	1,	44.0,	42.499,			2.799,			0.239,			0.056
41,	1,	13.0,	42.579,			1.828,			0.133,			0.053
42,	1,	10.0,	44.524,			2.787,			0.255,			0.054
43,	2,	192.0,	45.396,			12.271,			1.139,			0.111
44,	1,	90.0,	45.646,			1.642,			0.249,			0.059
45,	1,	498.0,	45.896,			2.087,			0.222,			0.058
46,	2,	133.0,	47.369,			13.61,			1.369,			0.134
47,	1,	387.0,	48.186,			2.751,			0.212,			0.055
48,	1,	447.0,	48.323,			1.414,			0.298,			0.05
49,	2,	159.0,	48.679,			12.206,			1.142,			0.122
50,	2,	174.0,	50.129,			12.287,			1.248,			0.117
51,	2,	177.0,	50.164,			14.646,			1.291,			0.135
52,	1,	30.0,	50.193,			1.486,			0.122,			0.057
53,	2,	213.0,	51.187,			13.785,			1.494,			0.117
54,	2,	231.0,	53.278,			10.146,			1.194,			0.13
55,	2,	82.0,	54.739,			14.735,			1.051,			0.131
56,	2,	136.0,	55.925,			11.886,			1.21,			0.155
57,	1,	146.0,	56.853,			1.499,			0.185,			0.056
58,	2,	134.0,	56.988,			14.099,			1.076,			0.104
59,	1,	387.0,	57.549,			1.006,			0.233,			0.056
60,	1,	59.0,	57.843,			2.714,			0.106,			0.055
61,	1,	7.0,	57.98,			1.701,			0.189,			0.054
62,	1,	146.0,	61.916,			2.055,			0.214,			0.057
63,	2,	97.0,	62.579,			14.33,			1.222,			0.18
64,	1,	120.0,	62.796,			1.004,			0.203,			0.053
65,	1,	447.0,	63.297,			2.983,			0.289,			0.052
66,	2,	222.0,	65.159,			14.272,			1.418,			0.18
67,	1,	387.0,	65.591,			1.868,			0.169,			0.053
68,	2,	159.0,	67.445,			14.715,			1.376,			0.151
69,	1,	157.0,	67.447,			2.181,			0.298,			0.057
70,	1,	498.0,	67.518,			2.636,			0.133,			0.055
71,	1,	7.0,	67.858,			2.635,			0.109,			0.053
72,	1,	7.0,	68.161,			1.878,			0.174,			0.051
73,	1,	7.0,	68.469,			2.702,			0.241,			0.058
74,	1,	6.0,	68.656,			2.358,			0.279,			0.051
75,	2,	114.0,	68.896,			10.173,			1.222,			0.124
76,	1,	7.0,	69.547,			2.084,			0.133,			0.056
77,	1,	7.0,	70.183,			1.886,			0.166,			0.059
78,	1,	214.0,	70.438,			2.276,			0.165,			0.058
79,	2,	206.0,	70.547,			10.837,			1.326,			0.149
80,	2,	89.0,	70.64,			10.863,			1.128,			0.148
81,	1,	447.0,	70.759,			1.096,			0.298,			0.054
82,	1,	447.0,	70.863,			1.553,			0.294,			0.052
83,	1,	7.0,	71.24,			1.425,			0.282,			0.055
84,	1,	447.0,	71.588,			1.146,			0.165,			0.052
85,	1,	13.0,	71.623,			2.219,			0.136,			0.06
86,	1,	44.0,	72.092,			1.478,			0.249,			0.059
87,	1,	49.0,	72.099,			2.843,			0.165,			0.053
88,	1,	379.0,	72.376,			1.367,			0.177,			0.053
89,	1,	7.0,	72.54,			1.988,			0.139,			0.051
90,	1,	7.0,	73.14,			2.598,			0.224,			0.05
91,	1,	16.0,	73.473,			2.103,			0.216,			0.059
92,	1,	512.0,	73.579,			2.298,			0.243,			0.052
93,	1,	387.0,	75.337,			2.35,			0.26,			0.056
94,	1,	103.0,	75.404,			1.309,			0.139,			0.051
95,	2,	125.0,	75.491,			12.475,			1.304,			0.166
96,	1,	447.0,	75.573,			1.13,			0.278,			0.05
97,	1,	44.0,	76.059,			1.681,			0.238,			0.059
98,	1,	6.0,	77.504,			1.879,			0.2,			0.054
99,	1,	6.0,	77.587,			1.334,			0.257,			0.053
100,	1,	6.0,	77.894,			2.303,			0.289,			0.056
101,	2,	160.0,	78.382,			13.298,			1.314,			0.167
102,	1,	379.0,	78.661,			1.59,			0.225,			0.052
103,	1,	157.0,	78.702,			1.186,			0.289,			0.051
104,	1,	447.0,	78.87,			1.663,			0.219,			0.058
105,	1,	512.0,	79.603,			1.442,			0.29,			0.057
106,	1,	169.0,	79.667,			2.879,			0.131,			0.055
107,	2,	332.0,	79.896,			12.486,			1.363,			0.115
108,	1,	7.0,	80.463,			1.996,			0.186,			0.059
109,	1,	13.0,	82.072,			1.071,			0.244,			0.059
110,	1,	559.0,	82.232,			2.03,			0.106,			0.058
111,	1,	44.0,	82.259,			2.727,			0.283,			0.06
112,	2,	149.0,	83.172,			14.771,			1.046,			0.111
113,	1,	498.0,	83.324,			2.074,			0.283,			0.056
114,	1,	157.0,	83.75,			1.421,			0.157,			0.056
115,	1,	146.0,	83.821,			1.423,			0.185,			0.055
116,	1,	44.0,	84.098,			1.296,			0.29,			0.057
117,	1,	157.0,	84.585,			1.025,			0.228,			0.051
118,	1,	7.0,	84.812,			1.114,			0.198,			0.056
119,	1,	7.0,	84.932,			1.532,			0.193,			0.051
120,	1,	28.0,	85.056,			1.304,			0.298,			0.053
121,	1,	169.0,	85.216,			2.559,			0.298,			0.051
122,	1,	49.0,	85.585,			1.019,			0.14,			0.053
123,	2,	111.0,	86.487,			14.005,			1.49,			0.159
124,	2,	89.0,	86.626,			10.374,			1.245,			0.14
125,	1,	6.0,	87.223,			2.232,			0.122,			0.054
126,	1,	44.0,	87.463,			2.28,			0.194,			0.056
127,	1,	44.0,	87.535,			2.11,			0.267,			0.053
128,	1,	7.0,	87.702,			2.302,			0.106,			0.053
129,	2,	235.0,	88.074,			13.095,			1.42,			0.198
130,	1,	120.0,	88.285,			2.712,			0.244,			0.059
131,	1,	512.0,	88.338,			1.038,			0.114,			0.058
132,	1,	16.0,	88.423,			1.029,			0.1,			0.057
133,	1,	44.0,	88.667,			2.795,			0.265,			0.051
134,	1,	10.0,	88.935,			1.291,			0.191,			0.052
135,	1,	7.0,	89.599,			2.847,			0.141,			0.051
136,	1,	28.0,	90.124,			1.868,			0.161,			0.058
137,	1,	157.0,	90.169,			2.103,			0.268,			0.058
138,	2,	87.0,	91.089,			13.574,			1.421,			0.112
139,	1,	120.0,	91.157,			2.852,			0.244,			0.059
140,	1,	146.0,	91.371,			1.64,			0.135,			0.051
141,	1,	157.0,	91.537,			1.933,			0.194,			0.055
142,	1,	126.0,	91.779,			1.64,			0.158,			0.053
143,	1,	7.0,	92.325,			2.265,			0.145,			0.051
144,	1,	28.0,	92.937,			1.637,			0.147,			0.06
145,	1,	498.0,	93.027,			2.057,			0.215,			0.059
146,	1,	559.0,	93.208,			2.568,			0.217,			0.06
147,	1,	512.0,	93.86,			1.984,			0.279,			0.057
148,	2,	149.0,	94.008,			13.337,			1.121,			0.176
149,	1,	387.0,	94.261,			1.096,			0.202,			0.059
150,	2,	71.0,	94.511,			10.099,			1.411,			0.18
151,	1,	13.0,	94.796,			1.639,			0.186,			0.056
152,	1,	90.0,	95.097,			1.639,			0.175,			0.06
153,	1,	16.0,	95.496,			1.816,			0.194,			0.06
154,	1,	103.0,	95.537,			1.245,			0.151,			0.053
155,	1,	7.0,	95.555,			1.981,			0.185,			0.055
156,	2,	214.0,	96.098,			14.528,			1.426,			0.164
157,	1,	44.0,	96.103,			1.548,			0.239,			0.051
158,	1,	6.0,	96.237,			2.926,			0.205,			0.055
159,	1,	7.0,	96.379,			2.697,			0.117,			0.052
160,	1,	6.0,	96.823,			2.454,			0.273,			0.053
161,	1,	95.0,	97.284,			1.413,			0.294,			0.052
162,	1,	10.0,	97.366,			2.874,			0.282,			0.056
163,	2,	262.0,	97.516,			12.987,			1.166,			0.106
164,	2,	154.0,	97.764,			10.225,			1.482,			0.188
165,	1,	447.0,	97.989,			1.558,			0.215,			0.054
166,	1,	6.0,	98.726,			2.776,			0.263,			0.055
167,	1,	6.0,	98.766,			2.947,			0.269,			0.059
168,	2,	229.0,	98.775,			13.602,			1.295,			0.121
169,	1,	6.0,	98.996,			1.407,			0.184,			0.054
170,	1,	447.0,	99.044,			2.926,			0.125,			0.059
171,	1,	7.0,	99.39,			2.874,			0.195,			0.052
172,	1,	214.0,	99.738,			1.988,			0.211,			0.052
173,	1,	214.0,	99.95,			1.111,			0.171,			0.055
174,	1,	447.0,	99.952,			2.555,			0.111,			0.057
175,	1,	90.0,	100.311,			1.119,			0.268,			0.055
176,	1,	214.0,	100.361,			1.104,			0.266,			0.057
177,	1,	120.0,	100.521,			2.187,			0.206,			0.053
178,	1,	214.0,	100.954,			2.678,			0.237,			0.056
179,	1,	49.0,	101.514,			1.044,			0.29,			0.055
180,	1,	6.0,	101.608,			2.562,			0.241,			0.056
181,	1,	44.0,	101.72,			1.643,			0.132,			0.058
182,	1,	7.0,	102.136,			2.316,			0.193,			0.055
183,	1,	387.0,	102.599,			2.598,			0.103,			0.059
184,	1,	49.0,	102.622,			2.765,			0.292,			0.058
185,	1,	6.0,	103.263,			2.702,			0.185,			0.06
186,	2,	309.0,	103.431,			13.262,			1.202,			0.117
187,	1,	157.0,	103.547,			2.047,			0.123,			0.059
188,	1,	90.0,	103.818,			2.349,			0.141,			0.058
189,	2,	101.0,	103.828,			13.303,			1.433,			0.178
190,	1,	157.0,	104.123,			2.286,			0.293,			0.059
191,	1,	13.0,	104.677,			1.014,			0.26,			0.059
192,	2,	97.0,	104.697,			12.024,			1.409,			0.141
193,	2,	169.0,	104.722,			12.764,			1.493,			0.123
194,	1,	169.0,	104.768,			1.932,			0.247,			0.06
195,	1,	7.0,	105.042,			2.223,			0.276,			0.054
196,	1,	7.0,	105.177,			2.947,			0.279,			0.06
197,	1,	44.0,	105.274,			2.914,			0.299,			0.057
198,	1,	95.0,	105.288,			1.984,			0.26,			0.054
199,	1,	16.0,	105.295,			1.701,			0.161,			0.06
200,	1,	16.0,	105.584,			2.018,			0.103,			0.051
201,	1,	126.0,	105.899,			1.406,			0.138,			0.05
202,	1,	512.0,	105.951,			2.369,			0.247,			0.056
203,	1,	126.0,	106.024,			1.229,			0.281,			0.059
204,	1,	13.0,	106.137,			2.265,			0.136,			0.052
205,	1,	103.0,	106.291,			2.068,			0.173,			0.051
206,	1,	387.0,	106.954,			1.086,			0.162,			0.054
207,	1,	6.0,	107.041,			1.07,			0.228,			0.052
208,	1,	387.0,	107.126,			1.269,			0.133,			0.054
209,	1,	7.0,	107.499,			1.155,			0.114,			0.056
210,	1,	10.0,	107.501,			1.019,			0.251,			0.059
211,	1,	95.0,	108.075,			1.843,			0.206,			0.06
212,	1,	214.0,	108.493,			1.731,			0.247,			0.058
213,	1,	6.0,	108.601,			2.616,			0.277,			0.055
214,	1,	44.0,	108.771,			1.061,			0.177,			0.051
215,	1,	16.0,	109.004,			2.175,			0.178,			0.051
216,	1,	126.0,	109.265,			2.104,			0.217,			0.05
217,	2,	316.0,	109.485,			13.101,			1.132,			0.108
218,	1,	103.0,	109.56,			1.091,			0.231,			0.053
219,	2,	125.0,	109.575,			12.33,			1.324,			0.108
220,	2,	157.0,	109.617,			12.691,			1.44,			0.176
221,	1,	387.0,	109.638,			1.028,			0.273,			0.057
222,	1,	6.0,	109.686,			2.675,			0.13,			0.054
223,	1,	10.0,	109.809,			1.841,			0.14,			0.058
224,	1,	512.0,	110.019,			1.173,			0.256,			0.055
225,	1,	7.0,	110.736,			1.748,			0.299,			0.057
226,	1,	559.0,	110.905,			2.223,			0.17,			0.056
227,	1,	7.0,	111.11,			1.141,			0.174,			0.057
228,	1,	6.0,	111.415,			1.119,			0.248,			0.054
229,	1,	7.0,	111.506,			2.779,			0.198,			0.055
230,	2,	59.0,	111.599,			11.99,			1.287,			0.109
231,	1,	214.0,	111.648,			2.651,			0.196,			0.051
232,	1,	28.0,	111.765,			1.915,			0.207,			0.059
233,	1,	7.0,	112.015,			2.43,			0.297,			0.054
234,	2,	137.0,	112.32,			11.717,			1.31,			0.2
235,	1,	157.0,	112.464,			1.173,			0.13,			0.058
236,	1,	13.0,	112.755,			1.019,			0.104,			0.053
237,	1,	157.0,	112.764,			1.801,			0.131,			0.058
238,	2,	178.0,	112.849,			14.099,			1.241,			0.197
239,	2,	245.0,	112.942,			11.761,			1.2,			0.167
240,	1,	498.0,	113.035,			2.974,			0.125,			0.055
241,	2,	117.0,	113.089,			12.02,			1.381,			0.101
242,	2,	143.0,	113.111,			12.372,			1.351,			0.142
243,	1,	7.0,	113.155,			1.915,			0.174,			0.058
244,	1,	10.0,	113.226,			1.969,			0.154,			0.058
245,	1,	120.0,	113.422,			2.88,			0.173,			0.05
246,	1,	44.0,	113.45,			1.531,			0.226,			0.05
247,	1,	169.0,	113.522,			1.659,			0.286,			0.059
248,	1,	126.0,	113.543,			1.215,			0.162,			0.053
249,	1,	146.0,	113.567,			1.372,			0.197,			0.058
250,	1,	95.0,	113.625,			2.004,			0.141,			0.053
251,	1,	120.0,	113.637,			1.61,			0.167,			0.058
252,	1,	387.0,	113.64,			2.273,			0.201,			0.052
253,	1,	103.0,	113.836,			2.779,			0.177,			0.059
254,	2,	129.0,	113.916,			13.998,			1.28,			0.151
255,	1,	10.0,	114.274,			1.414,			0.23,			0.057
256,	1,	6.0,	114.318,			1.913,			0.278,			0.051
257,	1,	512.0,	114.407,			2.932,			0.117,			0.051
258,	2,	199.0,	114.426,			10.277,			1.47,			0.169
259,	1,	7.0,	114.619,			2.006,			0.221,			0.051
260,	2,	214.0,	114.862,			10.279,			1.184,			0.15
261,	1,	387.0,	115.009,			2.293,			0.287,			0.051
262,	1,	214.0,	115.08,			2.222,			0.29,			0.059
263,	1,	44.0,	115.099,			1.403,			0.171,			0.057
264,	1,	49.0,	115.302,			1.091,			0.129,			0.054
265,	1,	13.0,	115.37,			1.757,			0.114,			0.05
266,	1,	49.0,	115.426,			1.821,			0.122,			0.053
267,	2,	256.0,	115.587,			11.328,			1.114,			0.17
268,	1,	146.0,	115.598,			2.509,			0.222,			0.051
269,	1,	13.0,	115.708,			1.204,			0.273,			0.053
270,	2,	225.0,	115.807,			11.929,			1.424,			0.16
271,	1,	44.0,	115.823,			1.985,			0.206,			0.054
272,	1,	59.0,	115.83,			2.157,			0.217,			0.057
273,	1,	126.0,	116.159,			2.302,			0.212,			0.058
274,	1,	10.0,	116.189,			2.222,			0.2,			0.054
275,	1,	59.0,	116.365,			2.103,			0.25,			0.057
276,	2,	70.0,	116.389,			14.45,			1.322,			0.135
277,	1,	126.0,	116.531,			2.318,			0.156,			0.059
278,	1,	126.0,	116.749,			2.525,			0.142,			0.055
279,	2,	129.0,	116.999,			11.178,			1.056,			0.13
280,	1,	30.0,	117.785,			1.116,			0.257,			0.06
281,	1,	7.0,	117.827,			2.088,			0.28,			0.059
282,	1,	387.0,	117.916,			2.763,			0.277,			0.057
283,	1,	16.0,	117.982,			1.81,			0.249,			0.053
284,	1,	559.0,	118.377,			1.488,			0.283,			0.056
285,	1,	146.0,	118.377,			2.548,			0.161,			0.06
286,	1,	59.0,	118.531,			2.467,			0.268,			0.053
287,	1,	7.0,	118.775,			1.044,			0.249,			0.055
288,	1,	169.0,	118.808,			1.111,			0.279,			0.059
289,	1,	10.0,	118.873,			1.982,			0.198,			0.051
290,	2,	129.0,	119.075,			14.509,			1.363,			0.134
291,	2,	68.0,	119.099,			11.392,			1.252,			0.133
292,	1,	7.0,	119.401,			2.703,			0.223,			0.058
293,	1,	214.0,	119.415,			1.932,			0.258,			0.051
294,	2,	155.0,	119.974,			10.114,			1.1,			0.183
295,	1,	7.0,	120.059,			2.675,			0.205,			0.058
296,	1,	146.0,	120.15,			1.9,			0.184,			0.053
297,	1,	49.0,	120.182,			1.822,			0.123,			0.054
298,	1,	126.0,	120.422,			2.369,			0.219,			0.053
299,	1,	90.0,	120.589,			2.779,			0.214,			0.05
300,	1,	7.0,	120.642,			2.283,			0.17,			0.057
301,	1,	13.0,	120.832,			1.128,			0.216,			0.054
302,	1,	7.0,	120.884,			2.364,			0.122,			0.055
303,	1,	7.0,	121.119,			2.407,			0.294,			0.057
304,	1,	59.0,	121.418,			1.111,			0.272,			0.054
305,	1,	28.0,	121.453,			2.138,			0.179,			0.058
306,	2,	178.0,	121.893,			14.524,			1.127,			0.121
307,	1,	7.0,	122.231,			1.155,			0.295,			0.057
308,	1,	512.0,	122.252,			1.442,			0.168,			0.05
309,	1,	30.0,	122.358,			1.774,			0.109,			0.06
310,	1,	6.0,	122.45,			2.554,			0.169,			0.052
311,	1,	59.0,	122.684,			2.779,			0.134,			0.055
312,	1,	7.0,	122.752,			1.844,			0.176,			0.058
313,	1,	379.0,	122.793,			2.184,			0.14,			0.056
314,	1,	10.0,	122.807,			1.869,			0.168,			0.052
315,	1,	157.0,	122.942,			1.821,			0.151,			0.056
316,	1,	126.0,	122.982,			1.876,			0.219,			0.058
317,	1,	7.0,	122.994,			1.631,			0.237,			0.059
318,	1,	28.0,	123.696,			1.316,			0.134,			0.055
319,	1,	95.0,	123.739,			2.384,			0.17,			0.06
320,	1,	7.0,	124.124,			1.098,			0.177,			0.057
321,	1,	16.0,	124.429,			2.559,			0.256,			0.051
322,	1,	498.0,	124.591,			2.08,			0.279,			0.054
323,	2,	295.0,	124.806,			11.433,			1.337,			0.182
324,	1,	95.0,	124.985,			2.378,			0.138,			0.06
325,	1,	13.0,	125.018,			1.595,			0.217,			0.055
326,	1,	44.0,	125.073,			2.522,			0.174,			0.05
327,	1,	7.0,	125.228,			1.985,			0.119,			0.055
328,	1,	7.0,	125.617,			2.948,			0.173,			0.056
329,	1,	559.0,	125.713,			2.379,			0.258,			0.055
330,	1,	6.0,	125.76,			1.372,			0.203,			0.053
331,	1,	379.0,	125.871,			1.128,			0.203,			0.053
332,	1,	498.0,	125.939,			2.799,			0.298,			0.053
333,	1,	90.0,	125.946,			2.19,			0.111,			0.055
334,	1,	30.0,	125.99,			2.636,			0.123,			0.057
335,	1,	387.0,	126.229,			2.799,			0.201,			0.056
336,	1,	90.0,	126.49,			1.581,			0.162,			0.055
337,	1,	169.0,	126.561,			1.73,			0.247,			0.059
338,	1,	7.0,	126.663,			2.631,			0.198,			0.053
339,	1,	28.0,	126.825,			1.757,			0.17,			0.055
340,	1,	157.0,	126.999,			1.864,			0.209,			0.057
341,	1,	6.0,	127.003,			1.651,			0.206,			0.055
342,	1,	387.0,	127.133,			2.706,			0.121,			0.055
343,	1,	498.0,	127.217,			1.731,			0.125,			0.056
344,	1,	214.0,	127.232,			1.631,			0.251,			0.053
345,	1,	10.0,	127.359,			2.122,			0.238,			0.056
346,	1,	214.0,	127.368,			2.625,			0.159,			0.06
347,	2,	219.0,	127.461,			11.81,			1.261,			0.133
348,	1,	103.0,	127.509,			1.078,			0.192,			0.058
349,	1,	169.0,	127.653,			2.673,			0.148,			0.054
350,	1,	214.0,	127.664,			1.409,			0.208,			0.059
351,	1,	126.0,	128.078,			2.378,			0.215,			0.06
352,	1,	44.0,	128.177,			1.886,			0.142,			0.051
353,	1,	49.0,	128.239,			1.038,			0.241,			0.053
354,	1,	7.0,	128.263,			1.719,			0.191,			0.059
355,	1,	512.0,	128.324,			2.407,			0.129,			0.058
356,	1,	30.0,	128.595,			2.085,			0.235,			0.058
357,	1,	95.0,	128.817,			1.868,			0.21,			0.051
358,	1,	169.0,	128.916,			1.484,			0.166,			0.056
359,	1,	28.0,	128.973,			1.293,			0.24,			0.055
360,	1,	387.0,	129.138,			1.716,			0.207,			0.056
361,	2,	173.0,	129.317,			11.93,			1.232,			0.17
362,	2,	146.0,	129.368,			14.12,			1.241,			0.185
363,	1,	6.0,	130.088,			1.104,			0.166,			0.057
364,	1,	214.0,	130.505,			1.844,			0.229,			0.055
365,	1,	28.0,	130.598,			2.326,			0.239,			0.057
366,	1,	103.0,	130.694,			1.245,			0.293,			0.054
367,	1,	7.0,	130.768,			2.634,			0.185,			0.056
368,	1,	120.0,	130.789,			1.014,			0.131,			0.053
369,	1,	30.0,	131.251,			1.979,			0.241,			0.055
370,	1,	44.0,	131.276,			2.69,			0.191,			0.052
371,	1,	146.0,	131.37,			1.291,			0.221,			0.056
372,	1,	169.0,	131.757,			1.211,			0.174,			0.055
373,	1,	169.0,	131.788,			1.912,			0.225,			0.054
374,	1,	13.0,	131.923,			1.414,			0.112,			0.058
375,	1,	7.0,	131.949,			1.737,			0.227,			0.054
376,	1,	28.0,	132.244,			1.631,			0.124,			0.058
377,	1,	49.0,	132.309,			2.438,			0.167,			0.057
378,	1,	387.0,	132.314,			1.394,			0.279,			0.056
379,	1,	49.0,	132.686,			2.252,			0.287,			0.06
380,	1,	379.0,	132.932,			1.657,			0.192,			0.054
381,	1,	214.0,	132.943,			2.787,			0.244,			0.054
382,	1,	120.0,	133.049,			2.084,			0.226,			0.051
383,	1,	120.0,	133.277,			1.859,			0.158,			0.057
384,	1,	498.0,	133.345,			2.299,			0.214,			0.057
385,	1,	7.0,	133.381,			1.928,			0.167,			0.055
386,	1,	157.0,	133.431,			1.841,			0.112,			0.053
387,	1,	512.0,	133.513,			1.679,			0.267,			0.055
388,	1,	126.0,	133.862,			2.645,			0.17,			0.059
389,	1,	7.0,	133.865,			2.31,			0.221,			0.052
390,	1,	120.0,	133.933,			1.928,			0.29,			0.059
391,	1,	30.0,	134.035,			2.879,			0.191,			0.053
392,	1,	214.0,	134.077,			2.268,			0.225,			0.053
393,	1,	6.0,	134.092,			2.22,			0.139,			0.054
394,	2,	162.0,	134.227,			13.225,			1.312,			0.101
395,	1,	30.0,	134.397,			1.985,			0.151,			0.057
396,	1,	59.0,	134.53,			2.756,			0.161,			0.056
397,	1,	146.0,	134.547,			2.084,			0.199,			0.052
398,	1,	157.0,	134.56,			2.957,			0.22,			0.053
399,	1,	28.0,	134.602,			1.84,			0.174,			0.057
400,	1,	7.0,	134.74,			2.636,			0.264,			0.056
401,	1,	103.0,	134.872,			2.776,			0.111,			0.052
402,	1,	7.0,	134.883,			2.706,			0.241,			0.059
403,	2,	99.0,	135.278,			11.449,			1.361,			0.138
404,	1,	169.0,	135.28,			2.926,			0.124,			0.053
405,	1,	559.0,	135.282,			2.193,			0.267,			0.058
406,	1,	7.0,	135.767,			1.164,			0.131,			0.051
407,	1,	28.0,	135.795,			1.596,			0.174,			0.054
408,	1,	44.0,	135.865,			2.299,			0.277,			0.052
409,	1,	16.0,	135.991,			1.653,			0.139,			0.059
410,	1,	44.0,	136.022,			1.289,			0.228,			0.053
411,	1,	49.0,	136.062,			1.64,			0.164,			0.057
412,	1,	103.0,	136.201,			1.838,			0.248,			0.058
413,	1,	28.0,	136.379,			1.004,			0.154,			0.052
414,	2,	213.0,	137.076,			13.021,			1.484,			0.169
415,	1,	28.0,	137.236,			1.031,			0.294,			0.057
416,	1,	6.0,	137.405,			2.305,			0.296,			0.051
417,	1,	44.0,	137.524,			1.241,			0.169,			0.051
418,	1,	7.0,	137.714,			1.963,			0.208,			0.058
419,	1,	512.0,	137.722,			2.9,			0.295,			0.053
420,	1,	16.0,	137.776,			2.8,			0.258,			0.06
421,	1,	90.0,	137.987,			1.682,			0.12,			0.053
422,	1,	214.0,	138.174,			2.555,			0.258,			0.058
423,	1,	387.0,	138.217,			1.431,			0.245,			0.055
424,	1,	13.0,	138.285,			2.838,			0.126,			0.054
425,	1,	447.0,	138.387,			2.645,			0.17,			0.057
426,	1,	157.0,	138.387,			1.104,			0.217,			0.053
427,	2,	171.0,	138.478,			11.39,			1.254,			0.133
428,	1,	49.0,	138.485,			2.819,			0.14,			0.052
429,	1,	30.0,	138.698,			1.59,			0.106,			0.056
430,	1,	7.0,	138.969,			1.305,			0.169,			0.054
431,	1,	169.0,	139.15,			2.947,			0.166,			0.051
432,	1,	387.0,	139.195,			2.298,			0.218,			0.055
433,	1,	6.0,	139.22,			2.503,			0.189,			0.051
434,	1,	7.0,	139.488,			1.12,			0.12,			0.053
435,	1,	7.0,	139.653,			1.112,			0.225,			0.051
436,	1,	10.0,	139.676,			1.861,			0.137,			0.053
437,	1,	7.0,	139.926,			2.175,			0.157,			0.054
438,	1,	44.0,	139.987,			2.489,			0.101,			0.059
439,	1,	559.0,	140.188,			2.559,			0.185,			0.057
440,	1,	103.0,	140.304,			1.501,			0.284,			0.058
441,	1,	44.0,	140.327,			2.705,			0.185,			0.053
442,	1,	6.0,	140.365,			2.398,			0.209,			0.055
443,	1,	44.0,	140.603,			2.366,			0.21,			0.05
444,	1,	7.0,	140.653,			1.403,			0.259,			0.058
445,	2,	169.0,	140.672,			14.658,			1.366,			0.106
446,	1,	169.0,	140.761,			2.525,			0.274,			0.058
447,	1,	169.0,	140.873,			1.517,			0.136,			0.053
448,	1,	559.0,	140.907,			2.534,			0.148,			0.057
449,	2,	146.0,	141.055,			10.871,			1.374,			0.19
450,	1,	44.0,	141.348,			1.178,			0.233,			0.054
451,	1,	157.0,	141.579,			1.313,			0.205,			0.056
452,	1,	44.0,	141.779,			2.645,			0.133,			0.052
453,	1,	30.0,	142.299,			2.926,			0.135,			0.052
454,	1,	512.0,	142.399,			2.169,			0.222,			0.057
455,	2,	196.0,	142.608,			11.316,			1.108,			0.107
456,	1,	120.0,	142.693,			1.624,			0.221,			0.059
457,	1,	13.0,	142.698,			2.014,			0.22,			0.057
458,	1,	387.0,	142.746,			1.431,			0.277,			0.052
459,	1,	379.0,	142.758,			2.318,			0.116,			0.058
460,	1,	16.0,	142.763,			1.679,			0.287,			0.051
461,	1,	10.0,	142.778,			2.568,			0.203,			0.051
462,	1,	7.0,	142.807,			1.639,			0.159,			0.057
463,	1,	7.0,	142.899,			2.569,			0.166,			0.052
464,	1,	95.0,	142.928,			1.035,			0.146,			0.053
465,	1,	59.0,	143.028,			2.279,			0.142,			0.054
466,	1,	6.0,	143.167,			1.45,			0.133,			0.058
467,	1,	387.0,	143.299,			2.378,			0.159,			0.054
468,	1,	498.0,	143.344,			1.551,			0.234,			0.054
469,	1,	146.0,	143.482,			1.011,			0.267,			0.058
470,	1,	44.0,	143.772,			1.933,			0.16,			0.059
471,	1,	7.0,	144.14,			2.606,			0.283,			0.058
472,	1,	169.0,	144.237,			1.45,			0.19,			0.057
473,	1,	447.0,	144.42,			2.322,			0.207,			0.055
474,	1,	28.0,	144.467,			2.369,			0.299,			0.057
475,	1,	387.0,	144.501,			1.722,			0.252,			0.057
476,	1,	214.0,	144.512,			2.922,			0.237,			0.05
477,	1,	120.0,	144.678,			1.364,			0.124,			0.055
478,	1,	146.0,	144.916,			1.006,			0.299,			0.059
479,	1,	59.0,	145.266,			2.534,			0.258,			0.054
480,	1,	90.0,	145.419,			2.169,			0.184,			0.056
481,	1,	6.0,	145.494,			2.184,			0.26,			0.057
482,	1,	512.0,	145.643,			2.379,			0.108,			0.052
483,	1,	559.0,	145.755,			1.107,			0.187,			0.052
484,	1,	512.0,	145.861,			1.941,			0.142,			0.054
485,	1,	169.0,	146.018,			1.42,			0.209,			0.056
486,	1,	7.0,	146.033,			2.681,			0.279,			0.051
487,	1,	169.0,	146.227,			2.35,			0.117,			0.055
488,	1,	16.0,	146.379,			2.52,			0.175,			0.054
489,	1,	13.0,	146.498,			2.635,			0.185,			0.052
490,	1,	512.0,	146.899,			1.886,			0.228,			0.054
491,	1,	13.0,	146.954,			1.523,			0.141,			0.051
492,	1,	146.0,	147.099,			2.318,			0.201,			0.059
493,	1,	146.0,	147.101,			1.595,			0.136,			0.058
494,	1,	379.0,	147.126,			2.939,			0.148,			0.056
495,	1,	44.0,	147.359,			2.548,			0.133,			0.059
496,	1,	28.0,	147.382,			2.844,			0.104,			0.051
497,	1,	103.0,	147.509,			2.244,			0.237,			0.05
498,	1,	44.0,	147.712,			1.913,			0.105,			0.055
499,	1,	28.0,	147.774,			1.144,			0.17,			0.059
500,	1,	30.0,	147.815,			2.939,			0.142,			0.06
501,	1,	447.0,	148.113,			2.299,			0.171,			0.053
502,	1,	30.0,	148.182,			2.779,			0.157,			0.055
503,	1,	120.0,	148.219,			1.719,			0.166,			0.051
504,	1,	512.0,	148.279,			1.756,			0.186,			0.05
505,	1,	7.0,	148.438,			1.591,			0.228,			0.056
506,	1,	120.0,	148.527,			1.007,			0.26,			0.052
507,	2,	116.0,	148.692,			11.658,			1.481,			0.125
508,	1,	214.0,	148.735,			1.698,			0.185,			0.055
509,	1,	512.0,	149.275,			2.08,			0.106,			0.052
510,	1,	559.0,	149.434,			2.131,			0.177,			0.06
511,	1,	379.0,	149.666,			2.249,			0.158,			0.054
512,	1,	28.0,	149.739,			1.098,			0.175,			0.053
513,	1,	512.0,	149.745,			1.13,			0.284,			0.057
514,	1,	7.0,	149.815,			1.366,			0.15,			0.057
515,	1,	7.0,	149.818,			1.174,			0.135,			0.057
516,	1,	16.0,	149.872,			1.173,			0.285,			0.056
517,	1,	387.0,	149.992,			1.111,			0.233,			0.058
518,	1,	512.0,	150.215,			1.006,			0.244,			0.051
519,	1,	6.0,	150.243,			2.947,			0.199,			0.06
520,	1,	7.0,	150.345,			2.449,			0.24,			0.055
521,	1,	498.0,	150.503,			1.103,			0.185,			0.058
522,	1,	44.0,	150.842,			1.64,			0.121,			0.057
523,	1,	387.0,	150.888,			2.364,			0.274,			0.053
524,	1,	95.0,	151.176,			2.314,			0.223,			0.059
525,	1,	7.0,	151.584,			2.318,			0.107,			0.058
526,	2,	107.0,	151.601,			10.895,			1.268,			0.113
527,	1,	10.0,	151.978,			2.131,			0.147,			0.056
528,	1,	498.0,	152.191,			1.749,			0.109,			0.055
529,	1,	44.0,	152.205,			1.988,			0.167,			0.051
530,	2,	174.0,	152.205,			10.96,			1.035,			0.137
531,	1,	28.0,	152.335,			1.095,			0.119,			0.059
532,	1,	7.0,	152.422,			2.293,			0.217,			0.058
533,	1,	30.0,	152.466,			2.525,			0.238,			0.054
534,	1,	49.0,	152.587,			2.351,			0.255,			0.054
535,	1,	126.0,	152.953,			2.636,			0.18,			0.06
536,	1,	169.0,	153.007,			2.789,			0.2,			0.053
537,	1,	169.0,	153.605,			1.756,			0.227,			0.056
538,	1,	90.0,	153.895,			2.636,			0.191,			0.056
539,	2,	42.0,	153.902,			10.099,			1.115,			0.121
540,	1,	126.0,	153.987,			2.711,			0.145,			0.06
541,	1,	44.0,	154.474,			2.288,			0.212,			0.053
542,	1,	16.0,	154.505,			2.88,			0.146,			0.055
543,	1,	126.0,	154.638,			1.004,			0.173,			0.055
544,	2,	162.0,	154.715,			13.612,			1.229,			0.114
545,	1,	146.0,	154.897,			1.472,			0.108,			0.058
546,	1,	10.0,	155.066,			1.807,			0.109,			0.058
547,	1,	559.0,	155.089,			1.748,			0.228,			0.054
548,	1,	512.0,	155.113,			1.126,			0.131,			0.058
549,	1,	379.0,	155.438,			2.928,			0.113,			0.05
550,	1,	169.0,	155.547,			2.321,			0.257,			0.056
551,	1,	157.0,	156.095,			1.876,			0.252,			0.05
552,	1,	120.0,	156.144,			1.27,			0.134,			0.053
553,	1,	7.0,	156.159,			1.651,			0.297,			0.056
554,	1,	103.0,	156.35,			1.162,			0.247,			0.052
555,	1,	49.0,	156.968,			2.681,			0.205,			0.051
556,	1,	447.0,	157.043,			2.249,			0.292,			0.06
557,	1,	157.0,	157.104,			1.913,			0.285,			0.054
558,	2,	160.0,	157.242,			12.024,			1.294,			0.185
559,	1,	169.0,	157.42,			1.245,			0.2,			0.057
560,	1,	559.0,	157.64,			2.446,			0.289,			0.052
561,	1,	498.0,	157.863,			1.801,			0.215,			0.059
562,	1,	214.0,	158.111,			2.643,			0.198,			0.054
563,	1,	512.0,	158.178,			1.249,			0.233,			0.05
564,	1,	512.0,	158.234,			1.924,			0.247,			0.057
565,	1,	157.0,	158.598,			2.735,			0.29,			0.055
566,	1,	120.0,	158.647,			2.984,			0.153,			0.054
567,	1,	16.0,	158.985,			1.35,			0.241,			0.057
568,	1,	146.0,	159.313,			1.14,			0.284,			0.055
569,	1,	447.0,	159.483,			2.52,			0.26,			0.06
570,	2,	192.0,	159.519,			10.255,			1.308,			0.113
571,	1,	10.0,	159.56,			1.337,			0.251,			0.052
572,	1,	512.0,	159.797,			2.346,			0.226,			0.051
573,	1,	16.0,	159.804,			1.424,			0.257,			0.055
574,	2,	159.0,	159.923,			10.909,			1.382,			0.105
575,	1,	559.0,	160.129,			1.869,			0.292,			0.054
576,	1,	6.0,	160.134,			1.035,			0.224,			0.059
577,	1,	10.0,	160.236,			1.911,			0.175,			0.059
578,	1,	49.0,	160.638,			2.103,			0.212,			0.057
579,	1,	44.0,	160.713,			1.164,			0.154,			0.05
580,	1,	157.0,	161.294,			1.67,			0.109,			0.053
581,	1,	387.0,	161.369,			1.204,			0.159,			0.06
582,	2,	106.0,	161.449,			14.277,			1.322,			0.174
583,	1,	7.0,	161.685,			2.298,			0.294,			0.057
584,	1,	16.0,	161.924,			2.606,			0.184,			0.051
585,	1,	126.0,	162.341,			2.9,			0.267,			0.057
586,	1,	6.0,	162.73,			1.092,			0.189,			0.055
587,	1,	16.0,	162.761,			2.795,			0.245,			0.059
588,	1,	30.0,	163.04,			2.751,			0.255,			0.054
589,	1,	6.0,	163.063,			1.933,			0.184,			0.059
590,	1,	30.0,	163.065,			2.163,			0.289,			0.055
591,	1,	214.0,	163.255,			1.414,			0.167,			0.056
592,	2,	157.0,	163.424,			12.835,			1.099,			0.128
593,	1,	10.0,	163.644,			2.974,			0.3,			0.052
594,	1,	7.0,	163.801,			2.316,			0.284,			0.055
595,	1,	28.0,	164.152,			1.14,			0.248,			0.056
596,	1,	6.0,	164.348,			2.278,			0.165,			0.057
597,	1,	28.0,	164.839,			2.872,			0.288,			0.057
598,	1,	120.0,	164.984,			1.654,			0.168,			0.054
599,	1,	512.0,	165.314,			1.08,			0.212,			0.056
600,	1,	103.0,	165.691,			2.545,			0.242,			0.058
601,	1,	447.0,	165.796,			2.857,			0.119,			0.052
602,	1,	6.0,	165.818,			2.735,			0.146,			0.058
603,	1,	7.0,	165.891,			1.141,			0.249,			0.052
604,	2,	173.0,	165.926,			10.118,			1.086,			0.173
605,	1,	7.0,	166.551,			2.318,			0.107,			0.051
606,	1,	146.0,	166.767,			1.969,			0.172,			0.055
607,	1,	16.0,	166.794,			1.116,			0.121,			0.059
608,	1,	103.0,	167.042,			2.765,			0.27,			0.059
609,	1,	559.0,	167.103,			1.496,			0.273,			0.051
610,	1,	13.0,	167.156,			1.496,			0.253,			0.057
611,	1,	28.0,	167.204,			2.225,			0.119,			0.054
612,	1,	28.0,	167.426,			1.548,			0.196,			0.057
613,	1,	103.0,	167.964,			2.705,			0.247,			0.058
614,	2,	130.0,	167.967,			13.209,			1.449,			0.179
615,	2,	122.0,	168.4,			10.728,			1.259,			0.191
616,	1,	95.0,	168.405,			2.628,			0.108,			0.058
617,	1,	59.0,	169.04,			1.963,			0.26,			0.053
618,	1,	126.0,	169.155,			1.455,			0.106,			0.058
619,	2,	159.0,	169.27,			12.33,			1.246,			0.173
620,	1,	379.0,	169.822,			2.377,			0.236,			0.055
621,	1,	49.0,	169.914,			2.398,			0.187,			0.058
622,	1,	103.0,	169.944,			2.103,			0.153,			0.054
623,	1,	28.0,	169.988,			2.763,			0.142,			0.053
624,	1,	7.0,	170.348,			2.232,			0.129,			0.055
625,	1,	169.0,	170.409,			1.211,			0.158,			0.057
626,	1,	7.0,	170.411,			1.277,			0.105,			0.051
627,	1,	146.0,	170.542,			1.485,			0.217,			0.06
628,	1,	44.0,	170.846,			2.179,			0.206,			0.05
629,	1,	13.0,	170.852,			2.9,			0.249,			0.057
630,	2,	132.0,	170.947,			11.587,			1.319,			0.137
631,	1,	146.0,	171.124,			1.591,			0.248,			0.059
632,	1,	30.0,	171.213,			1.801,			0.109,			0.059
633,	2,	132.0,	171.213,			11.193,			1.224,			0.121
634,	1,	30.0,	171.302,			1.682,			0.227,			0.058
635,	1,	214.0,	171.494,			2.01,			0.108,			0.056
636,	1,	103.0,	171.526,			2.533,			0.214,			0.055
637,	1,	7.0,	171.557,			2.068,			0.141,			0.056
638,	1,	16.0,	172.139,			2.256,			0.121,			0.055
639,	1,	214.0,	172.192,			1.313,			0.105,			0.053
640,	1,	7.0,	172.289,			2.625,			0.241,			0.055
641,	1,	7.0,	172.832,			1.008,			0.188,			0.051
642,	1,	6.0,	173.023,			1.9,			0.282,			0.051
643,	1,	95.0,	173.084,			2.173,			0.146,			0.055
644,	2,	155.0,	173.144,			14.289,			1.393,			0.168
645,	1,	512.0,	173.379,			1.158,			0.101,			0.055
646,	1,	498.0,	173.597,			2.616,			0.166,			0.057
647,	1,	214.0,	173.74,			2.753,			0.126,			0.055
648,	1,	498.0,	173.75,			1.768,			0.161,			0.055
649,	1,	30.0,	173.937,			2.436,			0.16,			0.059
650,	1,	559.0,	173.949,			1.853,			0.164,			0.057
651,	1,	16.0,	173.98,			1.025,			0.117,			0.055
652,	1,	146.0,	173.983,			2.776,			0.183,			0.05
653,	1,	10.0,	174.027,			2.342,			0.12,			0.059
654,	1,	447.0,	174.122,			1.919,			0.275,			0.056
655,	1,	387.0,	174.241,			2.278,			0.186,			0.051
656,	1,	44.0,	174.38,			1.025,			0.288,			0.058
657,	1,	44.0,	175.125,			1.112,			0.297,			0.058
658,	2,	84.0,	175.258,			11.696,			1.477,			0.169
659,	1,	146.0,	175.502,			1.553,			0.116,			0.057
660,	1,	126.0,	175.854,			1.211,			0.253,			0.05
661,	1,	103.0,	175.952,			1.607,			0.279,			0.057
662,	1,	59.0,	175.967,			2.279,			0.234,			0.058
663,	1,	103.0,	175.994,			2.235,			0.192,			0.054
664,	1,	6.0,	176.002,			2.632,			0.119,			0.059
665,	1,	44.0,	176.071,			1.044,			0.209,			0.053
666,	1,	120.0,	176.342,			1.756,			0.281,			0.059
667,	1,	49.0,	176.354,			1.119,			0.299,			0.059
668,	1,	387.0,	176.363,			1.158,			0.236,			0.057
669,	2,	155.0,	176.486,			11.334,			1.456,			0.121
670,	1,	44.0,	176.501,			2.652,			0.192,			0.06
671,	1,	447.0,	176.621,			1.204,			0.221,			0.057
672,	2,	103.0,	176.671,			14.399,			1.075,			0.175
673,	1,	214.0,	177.069,			1.007,			0.177,			0.051
674,	1,	28.0,	177.172,			1.864,			0.112,			0.057
675,	1,	214.0,	177.644,			2.26,			0.237,			0.054
676,	1,	7.0,	178.119,			1.164,			0.106,			0.052
677,	1,	59.0,	178.282,			2.581,			0.233,			0.058
678,	2,	138.0,	178.41,			12.767,			1.349,			0.101
679,	1,	7.0,	178.689,			2.711,			0.112,			0.052
680,	1,	13.0,	178.759,			1.282,			0.149,			0.056
681,	1,	387.0,	178.813,			2.446,			0.27,			0.057
682,	1,	146.0,	179.091,			2.52,			0.267,			0.057
683,	2,	205.0,	179.286,			14.624,			1.136,			0.164
684,	2,	109.0,	179.306,			11.017,			1.422,			0.142
685,	1,	157.0,	179.367,			1.028,			0.108,			0.052
686,	1,	7.0,	179.438,			2.33,			0.146,			0.054
687,	1,	28.0,	179.555,			1.403,			0.254,			0.059
688,	1,	6.0,	179.754,			2.819,			0.19,			0.056
689,	1,	13.0,	180.12,			2.222,			0.209,			0.054
690,	1,	7.0,	180.121,			2.087,			0.171,			0.053
691,	1,	6.0,	180.289,			2.14,			0.103,			0.055
692,	2,	100.0,	180.659,			10.595,			1.306,			0.11
693,	1,	559.0,	180.696,			2.364,			0.17,			0.054
694,	1,	6.0,	181.898,			1.08,			0.162,			0.055
695,	1,	214.0,	181.941,			1.589,			0.23,			0.055
696,	1,	59.0,	182.117,			1.928,			0.3,			0.051
697,	2,	105.0,	182.293,			13.239,			1.181,			0.133
698,	1,	49.0,	182.401,			1.403,			0.124,			0.058
699,	1,	6.0,	183.113,			2.151,			0.177,			0.053
700,	1,	6.0,	183.138,			2.398,			0.133,			0.058
701,	1,	214.0,	183.338,			1.587,			0.161,			0.051
702,	1,	387.0,	183.391,			1.768,			0.117,			0.057
703,	1,	120.0,	183.698,			2.625,			0.134,			0.059
704,	1,	379.0,	184.168,			1.972,			0.192,			0.053
705,	1,	90.0,	184.266,			2.768,			0.171,			0.059
706,	1,	16.0,	184.728,			1.386,			0.186,			0.053
707,	1,	379.0,	184.967,			2.398,			0.195,			0.054
708,	2,	219.0,	185.361,			14.914,			1.466,			0.15
709,	1,	44.0,	185.397,			1.188,			0.174,			0.051
710,	1,	6.0,	185.425,			1.932,			0.119,			0.051
711,	1,	7.0,	185.527,			1.01,			0.193,			0.05
712,	1,	146.0,	185.72,			2.599,			0.106,			0.052
713,	1,	59.0,	185.88,			2.678,			0.263,			0.054
714,	1,	379.0,	185.925,			2.772,			0.254,			0.057
715,	1,	379.0,	186.898,			2.601,			0.183,			0.055
716,	1,	6.0,	187.373,			2.881,			0.124,			0.056
717,	1,	7.0,	187.412,			2.252,			0.109,			0.059
718,	2,	214.0,	187.63,			13.136,			1.189,			0.112
719,	1,	559.0,	187.707,			2.753,			0.249,			0.055
720,	1,	13.0,	187.804,			1.145,			0.174,			0.056
721,	1,	103.0,	187.976,			2.787,			0.207,			0.051
722,	1,	49.0,	187.993,			2.102,			0.135,			0.055
723,	1,	498.0,	188.338,			1.314,			0.228,			0.059
724,	1,	7.0,	188.865,			1.581,			0.146,			0.059
725,	2,	110.0,	188.943,			14.931,			1.355,			0.121
726,	1,	59.0,	188.949,			2.751,			0.241,			0.057
727,	1,	95.0,	189.936,			1.362,			0.155,			0.06
728,	1,	7.0,	190.263,			1.116,			0.184,			0.059
729,	1,	214.0,	190.349,			2.524,			0.165,			0.057
730,	1,	13.0,	190.501,			2.627,			0.2,			0.055
731,	1,	6.0,	190.55,			1.314,			0.117,			0.054
732,	1,	379.0,	190.619,			2.222,			0.112,			0.057
733,	1,	10.0,	190.786,			2.225,			0.282,			0.057
734,	1,	90.0,	190.788,			2.223,			0.253,			0.058
735,	1,	7.0,	191.178,			1.402,			0.106,			0.054
736,	2,	67.0,	191.574,			14.432,			1.159,			0.195
737,	1,	498.0,	191.598,			2.149,			0.215,			0.058
738,	1,	126.0,	192.132,			2.459,			0.148,			0.056
739,	1,	512.0,	192.34,			1.395,			0.18,			0.059
740,	1,	13.0,	192.814,			1.589,			0.284,			0.052
741,	1,	10.0,	193.195,			1.291,			0.152,			0.052
742,	1,	7.0,	193.52,			1.426,			0.135,			0.057
743,	1,	498.0,	193.535,			1.006,			0.103,			0.053
744,	1,	157.0,	193.617,			2.198,			0.2,			0.055
745,	2,	121.0,	193.728,			12.329,			1.212,			0.148
746,	1,	498.0,	193.826,			1.304,			0.136,			0.056
747,	1,	28.0,	193.98,			2.681,			0.248,			0.055
748,	1,	95.0,	194.062,			2.18,			0.133,			0.055
749,	1,	95.0,	194.107,			2.22,			0.299,			0.058
750,	1,	379.0,	194.373,			2.838,			0.119,			0.059
751,	1,	103.0,	194.512,			1.305,			0.254,			0.051
752,	1,	7.0,	194.548,			2.436,			0.108,			0.052
753,	1,	13.0,	195.783,			1.357,			0.174,			0.056
754,	1,	10.0,	196.1,			1.736,			0.144,			0.05
755,	1,	10.0,	196.127,			2.819,			0.185,			0.054
756,	1,	44.0,	196.34,			1.145,			0.209,			0.054
757,	1,	30.0,	196.403,			2.861,			0.211,			0.051
758,	1,	498.0,	196.866,			2.588,			0.117,			0.06
759,	1,	95.0,	196.913,			2.599,			0.205,			0.053
760,	1,	6.0,	196.948,			2.635,			0.283,			0.054
761,	1,	7.0,	197.003,			1.225,			0.211,			0.052
762,	1,	559.0,	197.057,			1.631,			0.29,			0.05
763,	1,	16.0,	197.474,			2.153,			0.253,			0.059
764,	1,	214.0,	197.624,			1.62,			0.296,			0.052
765,	1,	7.0,	197.764,			1.083,			0.129,			0.051
766,	1,	447.0,	198.234,			2.576,			0.191,			0.058
767,	1,	13.0,	198.291,			1.45,			0.244,			0.051
768,	1,	120.0,	198.33,			1.428,			0.124,			0.05
769,	1,	169.0,	198.635,			1.241,			0.114,			0.054
770,	1,	512.0,	198.855,			1.962,			0.283,			0.051
771,	1,	7.0,	199.297,			1.879,			0.289,			0.056
772,	1,	7.0,	199.359,			2.703,			0.228,			0.054
773,	1,	49.0,	199.363,			1.702,			0.168,			0.058
774,	1,	512.0,	199.394,			2.976,			0.131,			0.058
775,	1,	6.0,	199.43,			2.659,			0.198,			0.057
776,	1,	447.0,	199.507,			1.482,			0.128,			0.054
777,	1,	387.0,	200.048,			1.63,			0.113,			0.054
778,	2,	231.0,	200.269,			12.317,			1.029,			0.165
779,	1,	157.0,	200.274,			1.551,			0.258,			0.06
780,	1,	10.0,	200.7,			2.985,			0.155,			0.053
781,	2,	109.0,	201.052,			10.312,			1.015,			0.169
782,	1,	95.0,	201.203,			1.431,			0.108,			0.055
783,	1,	120.0,	201.342,			1.774,			0.183,			0.054
784,	1,	30.0,	201.703,			2.701,			0.116,			0.06
785,	1,	169.0,	201.737,			2.776,			0.294,			0.056
786,	1,	6.0,	202.044,			1.703,			0.195,			0.052
787,	1,	157.0,	202.065,			1.173,			0.233,			0.058
788,	1,	44.0,	202.165,			2.893,			0.237,			0.052
789,	1,	6.0,	202.19,			2.636,			0.208,			0.057
790,	1,	7.0,	202.416,			1.543,			0.165,			0.054
791,	2,	307.0,	202.429,			14.197,			1.187,			0.121
792,	1,	157.0,	202.432,			2.318,			0.165,			0.054
793,	1,	103.0,	202.595,			2.885,			0.138,			0.056
794,	1,	498.0,	203.013,			1.869,			0.259,			0.054
795,	1,	214.0,	203.188,			2.1,			0.28,			0.052
796,	1,	44.0,	203.48,			2.756,			0.227,			0.059
797,	1,	126.0,	203.875,			1.029,			0.267,			0.059
798,	1,	214.0,	204.129,			1.393,			0.233,			0.059
799,	1,	7.0,	204.322,			1.111,			0.107,			0.057
800,	1,	214.0,	204.547,			2.864,			0.168,			0.057
801,	1,	90.0,	204.738,			2.047,			0.151,			0.05
802,	1,	146.0,	205.406,			1.173,			0.297,			0.051
803,	1,	146.0,	205.565,			2.569,			0.248,			0.059
804,	1,	90.0,	205.619,			1.043,			0.238,			0.05
805,	1,	49.0,	205.675,			2.302,			0.256,			0.055
806,	1,	28.0,	205.823,			2.418,			0.124,			0.053
807,	1,	6.0,	206.11,			1.531,			0.211,			0.056
808,	1,	512.0,	206.559,			2.669,			0.295,			0.058
809,	1,	7.0,	206.605,			1.963,			0.145,			0.059
810,	1,	30.0,	206.676,			1.719,			0.193,			0.054
811,	1,	512.0,	206.815,			2.427,			0.182,			0.051
812,	1,	44.0,	206.867,			1.929,			0.206,			0.051
813,	2,	283.0,	207.146,			11.202,			1.204,			0.157
814,	1,	379.0,	207.262,			2.249,			0.299,			0.06
815,	1,	13.0,	208.164,			1.737,			0.134,			0.059
816,	1,	7.0,	208.204,			2.842,			0.154,			0.055
817,	1,	120.0,	208.396,			2.034,			0.121,			0.05
818,	1,	512.0,	208.464,			2.885,			0.135,			0.056
819,	2,	166.0,	208.808,			10.792,			1.407,			0.195
820,	2,	208.0,	209.029,			13.635,			1.202,			0.156
821,	1,	7.0,	209.207,			2.418,			0.295,			0.05
822,	1,	13.0,	209.353,			2.084,			0.217,			0.055
823,	1,	157.0,	209.721,			2.299,			0.258,			0.052
824,	1,	28.0,	210.233,			1.262,			0.122,			0.056
825,	1,	379.0,	210.246,			2.269,			0.184,			0.058
826,	1,	7.0,	210.546,			1.009,			0.192,			0.06
827,	1,	387.0,	210.732,			1.963,			0.153,			0.051
828,	1,	146.0,	210.887,			2.08,			0.124,			0.052
829,	2,	178.0,	211.026,			10.014,			1.044,			0.123
830,	1,	498.0,	211.109,			2.697,			0.2,			0.053
831,	1,	90.0,	211.368,			2.562,			0.174,			0.055
832,	2,	245.0,	211.458,			11.111,			1.048,			0.151
833,	1,	379.0,	211.734,			2.016,			0.109,			0.057
834,	1,	95.0,	211.793,			1.709,			0.278,			0.051
835,	1,	157.0,	212.261,			1.05,			0.217,			0.052
836,	1,	95.0,	212.509,			1.343,			0.212,			0.058
837,	1,	512.0,	212.82,			1.46,			0.198,			0.054
838,	1,	146.0,	212.892,			1.225,			0.175,			0.057
839,	1,	10.0,	214.026,			1.657,			0.268,			0.06
840,	1,	28.0,	214.565,			2.569,			0.234,			0.056
841,	1,	7.0,	214.923,			1.367,			0.272,			0.051
842,	1,	7.0,	215.029,			1.729,			0.128,			0.06
843,	1,	16.0,	215.087,			2.2,			0.17,			0.05
844,	1,	59.0,	215.114,			1.414,			0.17,			0.059
845,	2,	133.0,	215.255,			10.55,			1.379,			0.19
846,	1,	103.0,	215.394,			1.027,			0.223,			0.052
847,	2,	98.0,	216.717,			10.332,			1.389,			0.183
848,	1,	6.0,	216.75,			2.616,			0.153,			0.052
849,	2,	246.0,	217.01,			11.54,			1.031,			0.111
850,	1,	6.0,	217.1,			1.144,			0.28,			0.056
851,	1,	90.0,	217.132,			1.654,			0.193,			0.053
852,	1,	7.0,	217.193,			1.435,			0.205,			0.053
853,	1,	214.0,	217.624,			2.827,			0.292,			0.059
854,	1,	498.0,	217.771,			1.442,			0.101,			0.054
855,	1,	44.0,	217.869,			2.222,			0.17,			0.055
856,	1,	7.0,	217.891,			1.413,			0.139,			0.06
857,	1,	126.0,	218.039,			1.557,			0.154,			0.059
858,	1,	447.0,	218.327,			2.858,			0.285,			0.052
859,	1,	498.0,	218.329,			1.423,			0.244,			0.054
860,	1,	10.0,	218.755,			1.186,			0.121,			0.056
861,	1,	120.0,	218.908,			1.45,			0.265,			0.054
862,	1,	103.0,	219.125,			2.599,			0.2,			0.057
863,	2,	234.0,	219.484,			11.598,			1.085,			0.142
864,	1,	512.0,	219.706,			1.511,			0.145,			0.059
865,	1,	6.0,	219.743,			1.08,			0.239,			0.056
866,	1,	120.0,	219.841,			2.675,			0.173,			0.056
867,	1,	95.0,	220.275,			2.018,			0.121,			0.058
868,	1,	59.0,	220.293,			1.783,			0.298,			0.057
869,	1,	6.0,	220.379,			2.276,			0.142,			0.05
870,	1,	90.0,	220.416,			1.566,			0.231,			0.054
871,	1,	157.0,	220.757,			1.811,			0.192,			0.06
872,	2,	116.0,	220.835,			11.727,			1.479,			0.173
873,	1,	16.0,	221.05,			1.302,			0.176,			0.055
874,	1,	157.0,	221.575,			2.976,			0.29,			0.055
875,	1,	7.0,	223.081,			1.291,			0.235,			0.053
876,	2,	112.0,	223.204,			10.011,			1.437,			0.176
877,	1,	30.0,	223.336,			2.199,			0.131,			0.059
878,	1,	44.0,	223.477,			2.91,			0.107,			0.058
879,	1,	44.0,	224.121,			1.733,			0.288,			0.054
880,	1,	447.0,	224.232,			2.08,			0.21,			0.058
881,	1,	30.0,	224.467,			1.996,			0.164,			0.059
882,	1,	95.0,	224.522,			1.048,			0.138,			0.059
883,	2,	177.0,	224.845,			11.553,			1.327,			0.131
884,	2,	90.0,	225.206,			11.302,			1.295,			0.142
885,	1,	447.0,	225.363,			1.491,			0.228,			0.055
886,	2,	77.0,	225.387,			14.216,			1.202,			0.149
887,	2,	257.0,	225.811,			14.376,			1.278,			0.18
888,	1,	512.0,	226.168,			2.565,			0.248,			0.057
889,	1,	146.0,	226.212,			1.756,			0.164,			0.055
890,	1,	7.0,	226.268,			1.211,			0.195,			0.06
891,	1,	379.0,	226.357,			1.651,			0.293,			0.054
892,	1,	44.0,	227.248,			1.612,			0.174,			0.056
893,	1,	7.0,	227.821,			2.057,			0.189,			0.051
894,	2,	56.0,	228.224,			14.154,			1.286,			0.159
895,	1,	16.0,	228.678,			1.42,			0.217,			0.057
896,	1,	16.0,	228.724,			1.039,			0.158,			0.058
897,	1,	387.0,	228.864,			1.151,			0.169,			0.055
898,	2,	141.0,	229.707,			11.583,			1.05,			0.195
899,	2,	118.0,	229.783,			10.962,			1.188,			0.198
900,	1,	559.0,	230.249,			2.074,			0.103,			0.055
901,	1,	103.0,	230.881,			1.291,			0.155,			0.06
902,	1,	44.0,	231.051,			1.3,			0.207,			0.054
903,	2,	79.0,	232.26,			10.702,			1.355,			0.135
904,	1,	90.0,	232.885,			1.639,			0.29,			0.054
905,	1,	379.0,	232.975,			1.05,			0.208,			0.059
906,	1,	95.0,	233.568,			2.198,			0.21,			0.052
907,	1,	6.0,	234.088,			2.441,			0.227,			0.051
908,	1,	6.0,	234.091,			2.52,			0.286,			0.053
909,	1,	7.0,	234.242,			1.056,			0.147,			0.06
910,	2,	200.0,	234.262,			13.224,			1.372,			0.121
911,	1,	157.0,	234.84,			1.624,			0.162,			0.058
912,	1,	7.0,	234.847,			1.639,			0.193,			0.059
913,	1,	157.0,	235.202,			2.424,			0.228,			0.06
914,	2,	213.0,	235.383,			10.043,			1.4,			0.133
915,	2,	132.0,	235.519,			14.859,			1.407,			0.128
916,	2,	103.0,	237.637,			10.016,			1.232,			0.195
917,	2,	175.0,	237.971,			14.481,			1.029,			0.173
918,	1,	7.0,	238.322,			1.35,			0.217,			0.053
919,	1,	512.0,	238.973,			2.181,			0.237,			0.051
920,	1,	214.0,	239.414,			2.298,			0.223,			0.057
921,	1,	498.0,	240.282,			2.556,			0.234,			0.056
922,	2,	113.0,	240.824,			10.273,			1.379,			0.183
923,	1,	7.0,	241.517,			2.957,			0.192,			0.059
924,	2,	147.0,	241.548,			13.478,			1.035,			0.13
925,	2,	323.0,	241.583,			14.716,			1.21,			0.149
926,	1,	379.0,	242.897,			1.969,			0.112,			0.058
927,	1,	90.0,	243.051,			1.956,			0.278,			0.058
928,	2,	132.0,	243.718,			13.737,			1.253,			0.143
929,	1,	447.0,	243.974,			1.919,			0.177,			0.052
930,	2,	140.0,	244.515,			13.743,			1.409,			0.151
931,	1,	7.0,	245.058,			1.052,			0.259,			0.059
932,	2,	154.0,	245.544,			14.149,			1.468,			0.138
933,	1,	120.0,	245.85,			1.391,			0.204,			0.057
934,	1,	169.0,	246.016,			1.215,			0.16,			0.05
935,	2,	245.0,	246.916,			13.386,			1.2,			0.15
936,	1,	379.0,	247.115,			1.84,			0.274,			0.055
937,	1,	10.0,	248.045,			1.204,			0.176,			0.055
938,	1,	512.0,	248.903,			2.712,			0.166,			0.052
939,	1,	7.0,	249.48,			2.832,			0.146,			0.051
940,	2,	112.0,	250.219,			11.429,			1.012,			0.198
941,	1,	146.0,	250.244,			2.388,			0.174,			0.051
942,	1,	10.0,	251.637,			1.144,			0.299,			0.051
943,	2,	219.0,	252.905,			10.978,			1.362,			0.106
944,	1,	214.0,	253.237,			1.663,			0.288,			0.05
945,	1,	44.0,	253.716,			2.88,			0.266,			0.058
946,	1,	512.0,	253.762,			2.084,			0.164,			0.056
947,	1,	157.0,	254.671,			1.111,			0.288,			0.053
948,	2,	61.0,	254.743,			10.392,			1.438,			0.137
949,	2,	198.0,	255.17,			10.316,			1.437,			0.189
950,	2,	169.0,	257.254,			10.651,			1.491,			0.155
951,	2,	171.0,	257.861,			11.433,			1.362,			0.168
952,	2,	256.0,	258.426,			11.247,			1.046,			0.188
953,	2,	171.0,	258.907,			13.828,			1.244,			0.181
954,	2,	191.0,	260.11,			11.342,			1.055,			0.17
955,	1,	59.0,	260.382,			1.447,			0.231,			0.059
956,	1,	157.0,	260.431,			1.362,			0.252,			0.054
957,	1,	95.0,	260.765,			1.247,			0.19,			0.051
958,	2,	147.0,	261.293,			13.798,			1.392,			0.11
959,	1,	120.0,	262.869,			1.103,			0.247,			0.054
960,	2,	189.0,	262.91,			13.059,			1.138,			0.168
961,	2,	227.0,	263.645,			10.463,			1.396,			0.121
962,	2,	92.0,	266.154,			12.046,			1.299,			0.13
963,	1,	120.0,	267.963,			2.249,			0.106,			0.06
964,	2,	204.0,	269.513,			10.669,			1.322,			0.154
965,	2,	88.0,	270.536,			10.269,			1.131,			0.107
966,	2,	132.0,	271.036,			14.187,			1.367,			0.139
967,	1,	512.0,	271.071,			1.708,			0.237,			0.059
968,	2,	113.0,	272.024,			12.372,			1.07,			0.125
969,	1,	447.0,	272.178,			1.956,			0.235,			0.057
970,	1,	28.0,	272.304,			1.719,			0.142,			0.057
971,	1,	146.0,	273.248,			1.928,			0.15,			0.06
972,	1,	7.0,	274.508,			2.11,			0.298,			0.06
973,	2,	120.0,	275.929,			10.789,			1.327,			0.184
974,	2,	125.0,	276.04,			11.125,			1.489,			0.139
975,	2,	136.0,	276.787,			12.909,			1.33,			0.103
976,	2,	135.0,	277.397,			10.011,			1.49,			0.168
977,	2,	59.0,	277.762,			12.317,			1.085,			0.118
978,	2,	172.0,	280.302,			11.09,			1.338,			0.166
979,	2,	125.0,	280.322,			14.157,			1.438,			0.173
980,	2,	171.0,	282.014,			10.863,			1.435,			0.134
981,	1,	126.0,	282.295,			1.46,			0.177,			0.055
982,	1,	103.0,	282.526,			1.211,			0.216,			0.053
983,	2,	244.0,	283.598,			11.484,			1.379,			0.195
984,	2,	219.0,	284.882,			12.933,			1.268,			0.129
985,	2,	164.0,	285.851,			11.85,			1.243,			0.168
986,	2,	123.0,	286.343,			12.48,			1.337,			0.189
987,	2,	188.0,	288.207,			10.999,			1.172,			0.148
988,	2,	173.0,	288.346,			14.789,			1.356,			0.125
989,	2,	113.0,	288.77,			14.871,			1.369,			0.197
990,	2,	118.0,	288.997,			13.795,			1.214,			0.114
991,	2,	160.0,	291.873,			12.691,			1.092,			0.145
992,	2,	260.0,	292.836,			11.494,			1.337,			0.151
993,	2,	224.0,	292.995,			14.77,			1.442,			0.183
994,	1,	90.0,	293.247,			1.841,			0.288,			0.06
995,	2,	121.0,	296.063,			11.488,			1.266,			0.197
996,	2,	116.0,	296.654,			13.557,			1.285,			0.155
997,	2,	230.0,	297.057,			14.134,			1.376,			0.194
998,	2,	144.0,	297.853,			10.16,			1.409,			0.172
999,	1,	7.0,	300.0,			2.025,			0.135,			0.053
1000,	1,	157.0,	300.0,			2.288,			0.198,			0.054
