#, task_type_id, size, arrival_time,	execution_time_cpu,	execution_time_gpu,	execution_time_CLOUD
1,	1,	512.0,	0.0,			2.241,			0.264,			0.054
2,	1,	103.0,	0.0,			1.36,			0.195,			0.057
3,	2,	168.0,	0.419,			14.05,			1.328,			0.172
4,	2,	163.0,	0.497,			10.886,			1.023,			0.111
5,	1,	10.0,	3.373,			2.581,			0.29,			0.052
6,	2,	98.0,	5.846,			14.789,			1.416,			0.127
7,	2,	48.0,	5.916,			10.518,			1.456,			0.173
8,	2,	207.0,	9.353,			11.111,			1.279,			0.119
9,	1,	379.0,	10.678,			1.626,			0.266,			0.06
10,	1,	30.0,	11.361,			1.241,			0.145,			0.053
11,	2,	57.0,	12.648,			12.463,			1.249,			0.199
12,	2,	352.0,	14.927,			13.137,			1.275,			0.104
13,	1,	95.0,	16.018,			2.073,			0.272,			0.059
14,	2,	125.0,	16.116,			11.442,			1.284,			0.147
15,	2,	332.0,	18.44,			10.178,			1.36,			0.159
16,	2,	102.0,	19.821,			12.648,			1.097,			0.195
17,	1,	7.0,	20.456,			1.994,			0.245,			0.052
18,	2,	204.0,	21.471,			14.334,			1.453,			0.178
19,	1,	95.0,	23.223,			1.103,			0.227,			0.06
20,	1,	379.0,	24.284,			2.265,			0.173,			0.059
21,	1,	90.0,	24.741,			2.645,			0.27,			0.06
22,	2,	239.0,	30.274,			13.784,			1.199,			0.197
23,	2,	90.0,	30.721,			10.506,			1.456,			0.159
24,	2,	139.0,	32.089,			13.438,			1.231,			0.156
25,	2,	226.0,	35.347,			13.346,			1.007,			0.128
26,	2,	133.0,	37.081,			11.339,			1.163,			0.169
27,	2,	281.0,	37.158,			13.494,			1.285,			0.169
28,	1,	95.0,	39.516,			2.701,			0.161,			0.051
29,	1,	59.0,	39.757,			2.627,			0.232,			0.059
30,	2,	237.0,	40.804,			12.445,			1.139,			0.139
31,	1,	7.0,	40.818,			1.305,			0.135,			0.05
32,	2,	127.0,	41.119,			12.809,			1.063,			0.155
33,	2,	179.0,	42.586,			11.588,			1.369,			0.125
34,	2,	236.0,	43.392,			10.443,			1.456,			0.174
35,	2,	106.0,	44.136,			12.154,			1.188,			0.132
36,	1,	44.0,	46.22,			2.384,			0.2,			0.057
37,	2,	117.0,	46.478,			13.735,			1.268,			0.156
38,	1,	379.0,	46.608,			1.144,			0.249,			0.059
39,	1,	447.0,	47.492,			2.381,			0.282,			0.057
40,	1,	6.0,	47.769,			1.383,			0.152,			0.056
41,	1,	16.0,	47.879,			2.879,			0.293,			0.053
42,	1,	7.0,	47.901,			1.126,			0.262,			0.055
43,	1,	103.0,	48.295,			1.27,			0.174,			0.056
44,	2,	155.0,	48.595,			10.103,			1.499,			0.185
45,	2,	176.0,	48.719,			10.789,			1.302,			0.133
46,	1,	28.0,	49.135,			1.509,			0.27,			0.054
47,	1,	103.0,	49.91,			2.068,			0.116,			0.055
48,	2,	109.0,	51.129,			10.178,			1.015,			0.156
49,	2,	180.0,	51.472,			12.393,			1.46,			0.137
50,	1,	379.0,	51.754,			2.316,			0.114,			0.058
51,	2,	140.0,	52.282,			13.735,			1.332,			0.111
52,	1,	7.0,	53.777,			2.706,			0.173,			0.056
53,	1,	44.0,	53.78,			1.822,			0.272,			0.053
54,	1,	7.0,	53.793,			1.313,			0.162,			0.05
55,	1,	379.0,	54.74,			2.796,			0.292,			0.053
56,	1,	7.0,	54.911,			2.296,			0.116,			0.054
57,	1,	7.0,	56.191,			1.915,			0.267,			0.05
58,	2,	99.0,	57.736,			10.769,			1.322,			0.149
59,	1,	16.0,	58.284,			2.681,			0.147,			0.055
60,	1,	13.0,	58.299,			1.14,			0.124,			0.052
61,	2,	98.0,	59.449,			10.6,			1.116,			0.171
62,	1,	214.0,	60.214,			2.074,			0.125,			0.056
63,	2,	220.0,	60.625,			12.192,			1.029,			0.153
64,	2,	79.0,	60.702,			11.661,			1.479,			0.197
65,	1,	379.0,	62.002,			2.866,			0.3,			0.055
66,	1,	214.0,	63.195,			1.991,			0.269,			0.052
67,	2,	133.0,	63.559,			13.998,			1.2,			0.197
68,	1,	447.0,	64.103,			2.11,			0.175,			0.056
69,	2,	228.0,	64.812,			11.583,			1.147,			0.195
70,	2,	95.0,	65.121,			13.225,			1.164,			0.107
71,	2,	147.0,	65.182,			12.967,			1.482,			0.145
72,	1,	90.0,	65.64,			1.582,			0.3,			0.053
73,	1,	103.0,	66.451,			1.178,			0.249,			0.059
74,	1,	59.0,	66.529,			2.273,			0.242,			0.055
75,	1,	7.0,	67.038,			1.078,			0.133,			0.052
76,	1,	7.0,	67.858,			1.028,			0.244,			0.057
77,	2,	247.0,	68.635,			14.921,			1.423,			0.127
78,	1,	6.0,	68.638,			1.766,			0.277,			0.055
79,	2,	62.0,	69.109,			12.792,			1.304,			0.12
80,	1,	10.0,	69.991,			2.378,			0.298,			0.052
81,	1,	498.0,	70.056,			1.814,			0.212,			0.052
82,	1,	90.0,	70.83,			2.36,			0.172,			0.053
83,	1,	146.0,	72.081,			1.736,			0.165,			0.057
84,	1,	120.0,	72.133,			1.625,			0.294,			0.052
85,	1,	157.0,	72.42,			2.28,			0.208,			0.054
86,	1,	559.0,	72.828,			1.516,			0.284,			0.052
87,	1,	120.0,	72.886,			1.962,			0.217,			0.055
88,	1,	59.0,	73.625,			1.613,			0.123,			0.056
89,	1,	120.0,	73.785,			2.983,			0.276,			0.059
90,	1,	90.0,	73.797,			1.07,			0.16,			0.06
91,	1,	7.0,	74.723,			2.751,			0.121,			0.051
92,	1,	387.0,	74.776,			2.616,			0.134,			0.06
93,	1,	387.0,	75.508,			1.283,			0.124,			0.051
94,	1,	103.0,	75.669,			1.701,			0.138,			0.051
95,	1,	6.0,	75.812,			1.413,			0.112,			0.053
96,	2,	133.0,	75.966,			10.172,			1.194,			0.175
97,	1,	126.0,	76.535,			2.832,			0.103,			0.053
98,	1,	7.0,	76.848,			2.027,			0.237,			0.058
99,	1,	146.0,	77.148,			2.047,			0.206,			0.055
100,	1,	13.0,	77.227,			2.556,			0.262,			0.059
101,	1,	6.0,	77.796,			1.044,			0.117,			0.053
102,	1,	44.0,	77.903,			2.8,			0.11,			0.051
103,	1,	120.0,	78.175,			2.098,			0.247,			0.058
104,	1,	7.0,	78.419,			1.304,			0.153,			0.056
105,	2,	98.0,	78.897,			13.574,			1.308,			0.154
106,	1,	90.0,	79.152,			1.968,			0.161,			0.053
107,	1,	447.0,	79.821,			1.609,			0.287,			0.052
108,	1,	49.0,	80.012,			1.303,			0.288,			0.056
109,	1,	146.0,	80.517,			2.711,			0.166,			0.05
110,	2,	168.0,	80.64,			14.134,			1.382,			0.139
111,	1,	95.0,	80.711,			1.164,			0.226,			0.054
112,	1,	120.0,	80.903,			2.173,			0.141,			0.057
113,	1,	498.0,	81.009,			1.044,			0.172,			0.053
114,	1,	90.0,	81.156,			2.568,			0.122,			0.053
115,	1,	379.0,	82.079,			2.03,			0.115,			0.055
116,	1,	49.0,	82.241,			1.252,			0.187,			0.055
117,	1,	30.0,	82.571,			2.765,			0.133,			0.059
118,	1,	157.0,	82.8,			1.651,			0.192,			0.054
119,	2,	246.0,	82.893,			10.16,			1.31,			0.114
120,	1,	447.0,	83.137,			1.703,			0.162,			0.058
121,	1,	6.0,	83.291,			1.663,			0.184,			0.053
122,	1,	16.0,	83.491,			2.273,			0.14,			0.055
123,	2,	115.0,	83.897,			10.884,			1.136,			0.136
124,	1,	120.0,	84.225,			2.398,			0.15,			0.054
125,	1,	16.0,	84.336,			2.973,			0.134,			0.058
126,	1,	59.0,	84.339,			1.17,			0.114,			0.053
127,	1,	44.0,	84.463,			1.933,			0.167,			0.057
128,	1,	379.0,	84.815,			1.107,			0.147,			0.059
129,	2,	88.0,	86.544,			11.26,			1.427,			0.176
130,	1,	59.0,	86.615,			1.478,			0.198,			0.054
131,	1,	10.0,	86.755,			2.675,			0.217,			0.057
132,	1,	44.0,	87.599,			1.732,			0.151,			0.054
133,	1,	447.0,	87.657,			1.304,			0.293,			0.058
134,	1,	10.0,	87.787,			1.403,			0.152,			0.051
135,	1,	13.0,	87.887,			1.25,			0.139,			0.056
136,	1,	30.0,	88.14,			2.169,			0.296,			0.055
137,	1,	95.0,	88.891,			1.394,			0.124,			0.053
138,	1,	13.0,	88.929,			1.551,			0.2,			0.057
139,	1,	103.0,	89.057,			1.305,			0.167,			0.059
140,	1,	7.0,	89.068,			1.756,			0.104,			0.059
141,	1,	6.0,	89.099,			1.537,			0.29,			0.054
142,	1,	379.0,	89.247,			1.303,			0.197,			0.055
143,	2,	50.0,	89.42,			12.638,			1.456,			0.111
144,	1,	447.0,	90.118,			2.198,			0.248,			0.057
145,	1,	49.0,	90.259,			2.973,			0.139,			0.052
146,	1,	44.0,	90.427,			1.841,			0.189,			0.051
147,	1,	169.0,	90.824,			1.414,			0.209,			0.058
148,	1,	157.0,	90.889,			2.652,			0.208,			0.053
149,	1,	16.0,	91.555,			1.525,			0.198,			0.059
150,	2,	223.0,	91.658,			10.526,			1.372,			0.165
151,	1,	7.0,	91.78,			1.028,			0.166,			0.053
152,	2,	135.0,	91.793,			10.187,			1.308,			0.187
153,	1,	10.0,	92.36,			2.701,			0.15,			0.06
154,	1,	7.0,	92.498,			1.158,			0.234,			0.058
155,	1,	146.0,	93.291,			1.266,			0.193,			0.055
156,	2,	171.0,	93.323,			11.19,			1.0,			0.107
157,	1,	7.0,	93.542,			1.833,			0.184,			0.052
158,	1,	49.0,	93.737,			1.566,			0.159,			0.053
159,	1,	379.0,	94.075,			1.168,			0.119,			0.059
160,	1,	6.0,	94.161,			2.232,			0.242,			0.06
161,	2,	146.0,	94.275,			10.42,			1.254,			0.166
162,	1,	44.0,	94.363,			1.595,			0.171,			0.057
163,	1,	447.0,	94.739,			1.25,			0.189,			0.053
164,	2,	358.0,	94.98,			14.492,			1.452,			0.174
165,	1,	16.0,	95.041,			1.731,			0.286,			0.056
166,	1,	7.0,	95.225,			2.888,			0.239,			0.056
167,	1,	120.0,	95.62,			1.535,			0.227,			0.059
168,	1,	512.0,	95.763,			2.651,			0.107,			0.058
169,	1,	157.0,	95.848,			2.709,			0.165,			0.057
170,	1,	10.0,	96.053,			2.832,			0.223,			0.053
171,	1,	16.0,	96.161,			2.293,			0.109,			0.055
172,	1,	512.0,	96.535,			2.581,			0.125,			0.06
173,	1,	6.0,	96.674,			2.632,			0.177,			0.054
174,	1,	169.0,	96.762,			2.155,			0.186,			0.057
175,	1,	559.0,	96.818,			2.922,			0.183,			0.055
176,	1,	7.0,	97.061,			2.972,			0.116,			0.056
177,	1,	30.0,	97.078,			1.108,			0.146,			0.052
178,	2,	133.0,	97.13,			13.007,			1.033,			0.191
179,	1,	7.0,	97.343,			1.467,			0.104,			0.05
180,	1,	126.0,	97.458,			2.034,			0.166,			0.054
181,	1,	16.0,	97.553,			1.911,			0.167,			0.055
182,	2,	154.0,	97.725,			13.415,			1.437,			0.113
183,	2,	367.0,	97.985,			11.002,			1.246,			0.117
184,	2,	116.0,	98.004,			14.23,			1.343,			0.145
185,	1,	498.0,	98.089,			1.366,			0.191,			0.058
186,	2,	208.0,	98.217,			12.299,			1.32,			0.2
187,	2,	129.0,	98.336,			13.034,			1.289,			0.185
188,	1,	7.0,	99.008,			2.832,			0.238,			0.058
189,	1,	10.0,	99.187,			1.708,			0.182,			0.055
190,	2,	93.0,	99.239,			14.564,			1.241,			0.117
191,	1,	120.0,	99.329,			1.409,			0.241,			0.051
192,	2,	152.0,	99.382,			13.449,			1.369,			0.125
193,	2,	200.0,	99.714,			10.461,			1.251,			0.15
194,	1,	7.0,	100.172,			1.283,			0.172,			0.05
195,	1,	169.0,	100.724,			1.966,			0.239,			0.058
196,	1,	126.0,	100.933,			2.795,			0.251,			0.055
197,	2,	168.0,	101.022,			12.801,			1.012,			0.196
198,	1,	7.0,	101.24,			2.02,			0.252,			0.057
199,	1,	6.0,	101.28,			2.144,			0.161,			0.058
200,	1,	6.0,	101.325,			1.752,			0.15,			0.059
201,	1,	13.0,	101.45,			2.525,			0.246,			0.056
202,	1,	559.0,	101.456,			2.955,			0.139,			0.054
203,	1,	49.0,	101.651,			2.702,			0.238,			0.059
204,	1,	30.0,	101.781,			2.181,			0.29,			0.058
205,	1,	30.0,	102.108,			1.358,			0.11,			0.057
206,	2,	116.0,	102.429,			10.016,			1.241,			0.198
207,	1,	157.0,	102.495,			2.14,			0.257,			0.057
208,	1,	59.0,	102.548,			1.748,			0.129,			0.054
209,	1,	103.0,	102.908,			1.566,			0.149,			0.058
210,	1,	44.0,	102.951,			1.728,			0.187,			0.054
211,	1,	498.0,	103.103,			1.701,			0.271,			0.05
212,	2,	138.0,	103.128,			10.397,			1.426,			0.152
213,	1,	49.0,	103.875,			2.18,			0.274,			0.056
214,	1,	6.0,	103.914,			1.162,			0.275,			0.051
215,	1,	387.0,	104.049,			1.609,			0.169,			0.056
216,	1,	447.0,	104.369,			2.984,			0.198,			0.054
217,	1,	28.0,	104.606,			2.972,			0.225,			0.055
218,	2,	119.0,	105.095,			11.028,			1.096,			0.107
219,	2,	117.0,	105.342,			13.303,			1.333,			0.173
220,	1,	13.0,	105.452,			2.684,			0.152,			0.057
221,	1,	7.0,	105.478,			1.913,			0.254,			0.051
222,	1,	6.0,	105.541,			2.175,			0.281,			0.058
223,	1,	157.0,	105.835,			2.799,			0.124,			0.05
224,	1,	559.0,	105.905,			1.501,			0.15,			0.057
225,	1,	512.0,	106.154,			2.222,			0.106,			0.055
226,	1,	498.0,	106.924,			2.175,			0.176,			0.059
227,	1,	95.0,	106.974,			2.415,			0.271,			0.056
228,	1,	7.0,	106.995,			1.162,			0.21,			0.06
229,	1,	146.0,	107.088,			2.056,			0.111,			0.06
230,	1,	169.0,	107.378,			1.672,			0.296,			0.056
231,	1,	7.0,	107.572,			1.805,			0.14,			0.051
232,	1,	214.0,	107.583,			1.477,			0.195,			0.058
233,	1,	13.0,	107.672,			2.555,			0.227,			0.051
234,	2,	186.0,	107.994,			14.658,			1.389,			0.13
235,	1,	559.0,	108.066,			2.461,			0.278,			0.059
236,	1,	7.0,	108.293,			2.154,			0.203,			0.059
237,	1,	16.0,	108.615,			1.211,			0.209,			0.058
238,	1,	7.0,	108.716,			1.609,			0.198,			0.053
239,	1,	146.0,	108.823,			2.407,			0.238,			0.051
240,	1,	103.0,	108.924,			1.334,			0.166,			0.056
241,	1,	13.0,	109.022,			1.287,			0.134,			0.059
242,	1,	13.0,	109.575,			2.18,			0.228,			0.057
243,	1,	90.0,	109.612,			1.75,			0.162,			0.054
244,	1,	59.0,	109.754,			2.555,			0.28,			0.057
245,	1,	59.0,	109.773,			2.95,			0.174,			0.05
246,	1,	28.0,	110.266,			2.976,			0.219,			0.051
247,	1,	559.0,	110.287,			2.366,			0.249,			0.055
248,	1,	16.0,	110.529,			1.095,			0.136,			0.058
249,	1,	7.0,	110.742,			1.086,			0.208,			0.058
250,	1,	214.0,	111.224,			1.282,			0.211,			0.053
251,	1,	13.0,	111.325,			2.08,			0.212,			0.059
252,	1,	7.0,	111.362,			2.885,			0.297,			0.059
253,	1,	95.0,	111.503,			1.825,			0.249,			0.052
254,	1,	120.0,	111.525,			2.991,			0.258,			0.05
255,	1,	59.0,	111.613,			2.702,			0.104,			0.05
256,	1,	6.0,	111.973,			1.12,			0.191,			0.058
257,	1,	28.0,	112.273,			2.675,			0.135,			0.058
258,	1,	10.0,	112.538,			2.838,			0.27,			0.05
259,	1,	7.0,	112.592,			2.004,			0.184,			0.057
260,	1,	30.0,	112.671,			2.544,			0.186,			0.055
261,	2,	86.0,	112.88,			12.02,			1.421,			0.191
262,	1,	13.0,	113.167,			1.64,			0.248,			0.06
263,	1,	157.0,	113.192,			1.114,			0.162,			0.058
264,	2,	145.0,	113.289,			14.139,			1.012,			0.199
265,	1,	447.0,	113.335,			1.679,			0.162,			0.052
266,	1,	7.0,	113.954,			2.684,			0.244,			0.05
267,	1,	44.0,	114.138,			1.103,			0.179,			0.053
268,	1,	90.0,	114.169,			1.421,			0.228,			0.052
269,	2,	71.0,	114.716,			11.589,			1.064,			0.175
270,	1,	447.0,	114.846,			1.698,			0.232,			0.052
271,	1,	387.0,	114.946,			1.731,			0.179,			0.058
272,	1,	16.0,	115.25,			2.438,			0.217,			0.057
273,	1,	10.0,	115.417,			1.61,			0.295,			0.056
274,	1,	126.0,	115.426,			2.893,			0.254,			0.056
275,	1,	10.0,	115.565,			1.128,			0.268,			0.051
276,	1,	169.0,	115.667,			1.07,			0.291,			0.06
277,	1,	59.0,	115.866,			1.612,			0.128,			0.055
278,	1,	214.0,	115.927,			1.009,			0.208,			0.051
279,	1,	16.0,	116.841,			2.149,			0.26,			0.052
280,	1,	10.0,	116.906,			2.926,			0.229,			0.056
281,	2,	49.0,	116.962,			14.682,			1.477,			0.105
282,	1,	7.0,	117.007,			1.172,			0.223,			0.051
283,	1,	7.0,	117.463,			1.477,			0.128,			0.053
284,	1,	512.0,	117.811,			2.448,			0.269,			0.051
285,	1,	169.0,	117.924,			2.643,			0.253,			0.057
286,	1,	447.0,	118.046,			1.483,			0.161,			0.055
287,	1,	512.0,	118.313,			2.051,			0.195,			0.055
288,	1,	512.0,	118.747,			2.799,			0.239,			0.059
289,	1,	44.0,	118.807,			2.88,			0.14,			0.059
290,	1,	169.0,	118.845,			1.119,			0.15,			0.059
291,	1,	44.0,	118.963,			1.188,			0.187,			0.059
292,	1,	447.0,	119.002,			1.631,			0.272,			0.052
293,	2,	172.0,	119.381,			12.144,			1.182,			0.12
294,	1,	6.0,	119.415,			1.61,			0.28,			0.057
295,	1,	13.0,	119.44,			1.878,			0.169,			0.051
296,	1,	7.0,	119.578,			2.408,			0.133,			0.05
297,	1,	44.0,	119.667,			2.404,			0.284,			0.059
298,	1,	30.0,	119.855,			2.525,			0.108,			0.052
299,	1,	30.0,	119.963,			2.702,			0.258,			0.055
300,	1,	387.0,	120.01,			2.807,			0.283,			0.06
301,	1,	498.0,	120.033,			1.911,			0.287,			0.051
302,	2,	253.0,	120.045,			13.645,			1.291,			0.164
303,	2,	160.0,	120.151,			11.027,			1.229,			0.162
304,	1,	44.0,	120.273,			1.929,			0.216,			0.05
305,	1,	559.0,	120.351,			2.555,			0.113,			0.053
306,	1,	49.0,	120.514,			1.16,			0.268,			0.052
307,	2,	199.0,	121.308,			14.546,			1.083,			0.109
308,	1,	6.0,	121.887,			1.805,			0.111,			0.057
309,	2,	180.0,	122.123,			13.664,			1.373,			0.145
310,	1,	95.0,	122.307,			2.545,			0.136,			0.055
311,	1,	120.0,	122.401,			2.874,			0.116,			0.056
312,	1,	7.0,	122.459,			2.711,			0.164,			0.055
313,	1,	6.0,	122.676,			1.554,			0.125,			0.056
314,	1,	103.0,	122.704,			1.211,			0.26,			0.054
315,	1,	30.0,	122.951,			2.364,			0.133,			0.056
316,	1,	214.0,	123.268,			1.513,			0.227,			0.057
317,	1,	6.0,	123.346,			1.575,			0.228,			0.057
318,	1,	146.0,	123.39,			2.796,			0.222,			0.056
319,	2,	252.0,	124.675,			11.531,			1.278,			0.184
320,	1,	44.0,	124.717,			1.998,			0.139,			0.055
321,	1,	7.0,	124.967,			2.555,			0.137,			0.056
322,	1,	59.0,	125.0,			2.751,			0.154,			0.058
323,	1,	512.0,	125.003,			2.969,			0.177,			0.051
324,	1,	44.0,	125.052,			2.321,			0.235,			0.053
325,	1,	44.0,	125.073,			2.446,			0.173,			0.057
326,	2,	122.0,	125.297,			14.067,			1.245,			0.114
327,	1,	7.0,	125.784,			2.58,			0.235,			0.057
328,	1,	7.0,	125.928,			2.418,			0.128,			0.055
329,	1,	90.0,	125.989,			2.533,			0.292,			0.056
330,	1,	59.0,	126.235,			1.42,			0.133,			0.054
331,	1,	214.0,	126.351,			1.303,			0.289,			0.051
332,	1,	95.0,	126.557,			1.977,			0.258,			0.057
333,	1,	512.0,	126.569,			1.982,			0.153,			0.058
334,	1,	169.0,	126.631,			1.432,			0.191,			0.055
335,	1,	169.0,	126.705,			2.268,			0.235,			0.053
336,	1,	214.0,	127.019,			2.114,			0.152,			0.059
337,	1,	7.0,	127.027,			1.428,			0.249,			0.057
338,	1,	512.0,	127.203,			1.009,			0.208,			0.056
339,	1,	95.0,	127.307,			2.652,			0.174,			0.055
340,	2,	97.0,	127.458,			13.798,			1.381,			0.143
341,	1,	498.0,	127.46,			2.09,			0.274,			0.057
342,	1,	44.0,	127.74,			2.637,			0.205,			0.053
343,	1,	28.0,	127.875,			2.427,			0.224,			0.059
344,	1,	28.0,	127.942,			1.07,			0.186,			0.057
345,	1,	512.0,	127.951,			1.283,			0.219,			0.054
346,	1,	7.0,	128.232,			1.581,			0.222,			0.053
347,	1,	103.0,	128.295,			2.5,			0.18,			0.059
348,	2,	150.0,	128.329,			11.247,			1.31,			0.11
349,	1,	126.0,	128.412,			1.766,			0.19,			0.051
350,	1,	6.0,	128.43,			1.708,			0.257,			0.06
351,	1,	7.0,	128.45,			2.606,			0.2,			0.057
352,	1,	559.0,	128.535,			2.759,			0.208,			0.05
353,	1,	379.0,	128.878,			2.454,			0.106,			0.054
354,	1,	6.0,	129.202,			1.028,			0.172,			0.051
355,	1,	103.0,	129.281,			1.981,			0.17,			0.056
356,	1,	30.0,	129.634,			2.632,			0.232,			0.058
357,	1,	214.0,	129.655,			2.787,			0.117,			0.057
358,	1,	387.0,	129.675,			2.645,			0.172,			0.06
359,	1,	10.0,	129.809,			1.601,			0.125,			0.056
360,	1,	126.0,	130.126,			2.695,			0.243,			0.051
361,	1,	157.0,	130.243,			2.454,			0.113,			0.058
362,	1,	44.0,	130.584,			1.116,			0.231,			0.058
363,	1,	126.0,	130.766,			2.412,			0.227,			0.059
364,	1,	30.0,	130.937,			2.226,			0.212,			0.059
365,	1,	157.0,	131.37,			1.683,			0.272,			0.059
366,	2,	290.0,	131.562,			11.059,			1.278,			0.111
367,	1,	126.0,	131.734,			1.876,			0.244,			0.06
368,	1,	447.0,	132.01,			1.052,			0.133,			0.054
369,	1,	28.0,	132.105,			2.983,			0.184,			0.059
370,	1,	44.0,	132.168,			1.701,			0.141,			0.053
371,	1,	512.0,	132.19,			2.895,			0.19,			0.052
372,	1,	146.0,	132.335,			2.138,			0.167,			0.053
373,	1,	49.0,	132.659,			1.27,			0.209,			0.053
374,	1,	6.0,	132.691,			2.926,			0.251,			0.059
375,	2,	118.0,	133.206,			13.758,			1.251,			0.134
376,	1,	16.0,	133.28,			1.828,			0.298,			0.057
377,	1,	28.0,	133.286,			2.013,			0.225,			0.058
378,	1,	7.0,	133.322,			2.903,			0.204,			0.053
379,	2,	155.0,	133.476,			13.106,			1.327,			0.123
380,	1,	447.0,	133.649,			1.26,			0.161,			0.057
381,	1,	44.0,	133.717,			1.187,			0.255,			0.053
382,	1,	28.0,	133.75,			1.296,			0.133,			0.056
383,	1,	13.0,	134.352,			2.268,			0.228,			0.056
384,	1,	7.0,	134.99,			1.455,			0.121,			0.057
385,	1,	7.0,	135.094,			2.8,			0.148,			0.056
386,	1,	13.0,	135.116,			2.138,			0.281,			0.053
387,	1,	28.0,	135.116,			1.909,			0.107,			0.06
388,	1,	559.0,	135.321,			1.561,			0.16,			0.06
389,	1,	169.0,	135.368,			1.786,			0.27,			0.06
390,	1,	103.0,	135.437,			2.323,			0.122,			0.059
391,	1,	157.0,	135.488,			2.073,			0.159,			0.054
392,	1,	387.0,	135.601,			1.467,			0.198,			0.055
393,	1,	10.0,	135.753,			2.635,			0.22,			0.051
394,	2,	121.0,	135.789,			14.399,			1.016,			0.166
395,	1,	6.0,	135.829,			2.232,			0.186,			0.059
396,	1,	28.0,	136.062,			1.383,			0.21,			0.058
397,	1,	7.0,	136.15,			2.465,			0.216,			0.051
398,	1,	6.0,	136.218,			2.252,			0.275,			0.055
399,	1,	214.0,	136.345,			2.862,			0.19,			0.054
400,	2,	113.0,	136.427,			12.643,			1.212,			0.139
401,	2,	109.0,	136.451,			11.706,			1.406,			0.162
402,	2,	149.0,	136.682,			14.921,			1.498,			0.179
403,	1,	10.0,	136.693,			2.198,			0.2,			0.057
404,	1,	7.0,	136.925,			2.299,			0.258,			0.055
405,	1,	28.0,	137.017,			1.13,			0.266,			0.057
406,	1,	103.0,	137.146,			1.187,			0.228,			0.055
407,	1,	13.0,	137.157,			2.378,			0.192,			0.057
408,	1,	498.0,	137.536,			2.621,			0.169,			0.06
409,	1,	7.0,	137.725,			2.486,			0.28,			0.056
410,	2,	195.0,	137.775,			10.921,			1.015,			0.137
411,	1,	447.0,	137.826,			1.358,			0.165,			0.053
412,	1,	126.0,	137.865,			2.525,			0.214,			0.052
413,	1,	387.0,	138.245,			2.879,			0.215,			0.053
414,	1,	7.0,	138.273,			1.157,			0.251,			0.054
415,	1,	90.0,	138.418,			1.539,			0.144,			0.053
416,	1,	379.0,	138.469,			2.449,			0.148,			0.052
417,	1,	7.0,	138.562,			1.428,			0.183,			0.056
418,	1,	447.0,	138.585,			1.494,			0.194,			0.059
419,	1,	30.0,	138.612,			2.872,			0.276,			0.055
420,	1,	146.0,	139.036,			1.966,			0.21,			0.05
421,	1,	16.0,	139.114,			2.237,			0.222,			0.053
422,	1,	379.0,	139.202,			2.102,			0.152,			0.059
423,	1,	447.0,	139.248,			2.497,			0.138,			0.051
424,	2,	148.0,	139.269,			11.598,			1.306,			0.109
425,	1,	59.0,	139.412,			1.01,			0.222,			0.05
426,	1,	6.0,	139.603,			1.878,			0.192,			0.06
427,	1,	126.0,	139.76,			2.636,			0.195,			0.054
428,	2,	185.0,	140.095,			11.649,			1.086,			0.168
429,	1,	512.0,	140.313,			2.232,			0.124,			0.058
430,	1,	44.0,	140.42,			2.78,			0.185,			0.06
431,	1,	169.0,	140.565,			1.496,			0.237,			0.056
432,	1,	146.0,	140.607,			1.509,			0.207,			0.051
433,	1,	7.0,	140.625,			1.173,			0.159,			0.054
434,	1,	30.0,	140.684,			1.558,			0.12,			0.055
435,	1,	44.0,	140.907,			1.249,			0.163,			0.057
436,	1,	28.0,	140.914,			1.442,			0.283,			0.051
437,	1,	7.0,	141.013,			2.556,			0.275,			0.056
438,	1,	10.0,	141.358,			2.268,			0.184,			0.058
439,	1,	6.0,	141.407,			1.044,			0.299,			0.057
440,	1,	120.0,	141.472,			1.941,			0.257,			0.053
441,	2,	67.0,	141.52,			11.573,			1.01,			0.106
442,	1,	59.0,	141.539,			1.303,			0.165,			0.058
443,	1,	90.0,	141.973,			1.766,			0.229,			0.051
444,	1,	49.0,	142.07,			2.377,			0.14,			0.05
445,	1,	387.0,	142.276,			2.163,			0.287,			0.05
446,	1,	44.0,	142.359,			2.832,			0.185,			0.053
447,	1,	157.0,	142.467,			2.901,			0.108,			0.056
448,	1,	59.0,	142.469,			2.881,			0.191,			0.05
449,	1,	90.0,	142.733,			1.204,			0.295,			0.06
450,	2,	203.0,	142.995,			10.56,			1.499,			0.125
451,	1,	30.0,	143.037,			1.172,			0.222,			0.053
452,	1,	90.0,	143.233,			2.379,			0.187,			0.053
453,	1,	7.0,	143.42,			1.828,			0.292,			0.053
454,	1,	559.0,	143.45,			1.241,			0.242,			0.058
455,	1,	7.0,	143.499,			1.071,			0.231,			0.059
456,	2,	157.0,	143.566,			10.707,			1.164,			0.197
457,	1,	90.0,	143.618,			2.976,			0.186,			0.051
458,	1,	13.0,	143.823,			2.09,			0.267,			0.052
459,	1,	447.0,	144.021,			2.199,			0.297,			0.06
460,	1,	126.0,	144.064,			1.581,			0.28,			0.057
461,	1,	146.0,	144.087,			2.169,			0.29,			0.051
462,	1,	28.0,	144.173,			2.711,			0.249,			0.053
463,	1,	44.0,	144.368,			2.2,			0.134,			0.058
464,	1,	13.0,	144.557,			1.477,			0.192,			0.054
465,	1,	512.0,	144.559,			1.009,			0.114,			0.057
466,	1,	16.0,	144.634,			1.61,			0.162,			0.051
467,	1,	559.0,	144.961,			2.424,			0.2,			0.053
468,	1,	30.0,	145.0,			1.716,			0.161,			0.058
469,	1,	95.0,	145.338,			2.424,			0.189,			0.057
470,	2,	228.0,	145.421,			14.12,			1.291,			0.105
471,	1,	7.0,	145.579,			1.303,			0.15,			0.055
472,	1,	7.0,	145.583,			2.503,			0.142,			0.053
473,	1,	6.0,	145.875,			2.717,			0.128,			0.056
474,	1,	447.0,	145.92,			2.092,			0.166,			0.053
475,	1,	16.0,	145.975,			2.149,			0.19,			0.05
476,	1,	559.0,	146.066,			2.847,			0.288,			0.057
477,	1,	95.0,	146.097,			2.318,			0.215,			0.056
478,	2,	176.0,	146.149,			14.82,			1.186,			0.182
479,	1,	447.0,	146.347,			2.193,			0.256,			0.054
480,	1,	13.0,	146.369,			2.599,			0.243,			0.059
481,	2,	94.0,	146.373,			13.136,			1.273,			0.122
482,	1,	387.0,	146.453,			1.458,			0.215,			0.06
483,	2,	141.0,	146.484,			13.973,			1.44,			0.179
484,	1,	90.0,	146.726,			1.756,			0.241,			0.054
485,	1,	146.0,	146.759,			1.558,			0.221,			0.059
486,	1,	146.0,	146.787,			1.398,			0.228,			0.051
487,	1,	13.0,	146.919,			2.579,			0.12,			0.06
488,	1,	559.0,	146.954,			1.028,			0.257,			0.057
489,	1,	49.0,	147.141,			1.325,			0.161,			0.052
490,	1,	559.0,	147.188,			2.787,			0.177,			0.057
491,	1,	7.0,	147.459,			1.247,			0.272,			0.059
492,	1,	157.0,	147.487,			2.302,			0.134,			0.053
493,	1,	13.0,	147.743,			2.425,			0.202,			0.058
494,	1,	90.0,	147.884,			2.457,			0.174,			0.059
495,	1,	28.0,	147.972,			2.122,			0.176,			0.051
496,	1,	126.0,	148.073,			1.571,			0.195,			0.052
497,	1,	16.0,	148.218,			2.52,			0.217,			0.051
498,	1,	120.0,	148.363,			1.501,			0.101,			0.051
499,	1,	44.0,	148.464,			2.298,			0.279,			0.05
500,	1,	7.0,	148.503,			1.625,			0.258,			0.059
501,	1,	59.0,	148.844,			2.686,			0.279,			0.053
502,	1,	59.0,	148.975,			1.513,			0.187,			0.055
503,	1,	387.0,	149.204,			2.714,			0.136,			0.056
504,	1,	30.0,	149.262,			1.537,			0.116,			0.058
505,	1,	7.0,	149.337,			2.298,			0.158,			0.054
506,	1,	447.0,	149.567,			2.252,			0.167,			0.054
507,	1,	44.0,	149.717,			2.425,			0.23,			0.053
508,	1,	13.0,	149.72,			2.465,			0.288,			0.052
509,	1,	90.0,	149.757,			1.008,			0.218,			0.053
510,	1,	13.0,	149.841,			2.398,			0.103,			0.051
511,	1,	157.0,	149.884,			2.914,			0.288,			0.053
512,	1,	447.0,	150.125,			2.461,			0.167,			0.058
513,	1,	13.0,	150.217,			1.443,			0.195,			0.051
514,	1,	10.0,	150.446,			2.407,			0.211,			0.054
515,	1,	214.0,	150.568,			2.087,			0.205,			0.057
516,	1,	7.0,	150.578,			1.406,			0.208,			0.058
517,	1,	6.0,	151.084,			2.647,			0.132,			0.054
518,	1,	7.0,	151.238,			1.679,			0.198,			0.053
519,	1,	120.0,	151.407,			1.825,			0.152,			0.056
520,	1,	7.0,	151.528,			2.459,			0.162,			0.051
521,	1,	169.0,	151.631,			2.725,			0.254,			0.055
522,	1,	447.0,	151.755,			2.317,			0.14,			0.052
523,	1,	49.0,	151.949,			2.148,			0.135,			0.058
524,	1,	49.0,	152.078,			1.639,			0.166,			0.05
525,	1,	379.0,	152.149,			1.682,			0.124,			0.053
526,	1,	512.0,	152.208,			1.72,			0.151,			0.055
527,	1,	6.0,	152.315,			2.596,			0.107,			0.057
528,	1,	13.0,	152.471,			1.411,			0.292,			0.054
529,	1,	16.0,	152.506,			1.985,			0.245,			0.057
530,	1,	30.0,	152.579,			2.936,			0.14,			0.059
531,	1,	512.0,	152.593,			2.486,			0.268,			0.053
532,	2,	241.0,	152.716,			13.222,			1.303,			0.178
533,	2,	148.0,	153.0,			13.737,			1.445,			0.15
534,	1,	559.0,	153.444,			1.467,			0.222,			0.051
535,	1,	498.0,	153.56,			1.005,			0.268,			0.052
536,	1,	95.0,	153.665,			2.316,			0.238,			0.058
537,	1,	6.0,	153.882,			1.112,			0.133,			0.054
538,	1,	49.0,	153.959,			1.522,			0.147,			0.056
539,	1,	103.0,	153.984,			1.682,			0.192,			0.052
540,	2,	133.0,	154.344,			10.586,			1.4,			0.164
541,	1,	44.0,	154.602,			1.441,			0.194,			0.051
542,	1,	7.0,	154.72,			2.598,			0.192,			0.059
543,	1,	126.0,	154.722,			2.525,			0.121,			0.055
544,	1,	498.0,	154.747,			1.659,			0.106,			0.05
545,	1,	120.0,	154.846,			2.556,			0.253,			0.06
546,	1,	16.0,	154.97,			2.346,			0.216,			0.054
547,	2,	182.0,	155.364,			13.386,			1.32,			0.128
548,	1,	7.0,	155.379,			1.455,			0.191,			0.055
549,	1,	59.0,	155.38,			2.187,			0.161,			0.058
550,	1,	146.0,	155.511,			1.076,			0.227,			0.057
551,	1,	120.0,	155.64,			2.385,			0.162,			0.057
552,	1,	16.0,	155.722,			2.316,			0.239,			0.054
553,	1,	95.0,	155.787,			1.047,			0.176,			0.058
554,	1,	16.0,	155.814,			1.031,			0.206,			0.057
555,	1,	7.0,	156.105,			1.119,			0.241,			0.054
556,	1,	49.0,	156.263,			1.731,			0.17,			0.054
557,	1,	7.0,	156.43,			1.128,			0.189,			0.052
558,	1,	6.0,	156.531,			2.652,			0.263,			0.059
559,	1,	498.0,	156.567,			1.706,			0.205,			0.051
560,	1,	169.0,	156.778,			1.719,			0.14,			0.055
561,	1,	120.0,	156.804,			1.106,			0.155,			0.053
562,	1,	379.0,	156.893,			2.034,			0.21,			0.06
563,	2,	100.0,	156.946,			11.881,			1.003,			0.147
564,	1,	16.0,	157.081,			1.501,			0.27,			0.055
565,	1,	44.0,	157.088,			1.043,			0.14,			0.05
566,	1,	7.0,	157.446,			1.35,			0.235,			0.051
567,	1,	157.0,	157.659,			1.952,			0.194,			0.06
568,	1,	7.0,	158.443,			1.708,			0.202,			0.054
569,	1,	214.0,	159.024,			1.108,			0.232,			0.059
570,	1,	59.0,	159.324,			1.204,			0.192,			0.057
571,	1,	7.0,	159.33,			1.243,			0.136,			0.057
572,	1,	126.0,	159.337,			1.08,			0.186,			0.054
573,	2,	242.0,	159.454,			12.275,			1.314,			0.194
574,	1,	7.0,	159.567,			1.443,			0.281,			0.054
575,	1,	95.0,	159.718,			1.471,			0.194,			0.053
576,	1,	214.0,	159.845,			2.018,			0.123,			0.051
577,	1,	44.0,	159.877,			2.601,			0.172,			0.053
578,	2,	323.0,	159.959,			13.061,			1.239,			0.105
579,	1,	10.0,	160.008,			2.149,			0.206,			0.058
580,	1,	7.0,	160.02,			2.659,			0.26,			0.057
581,	1,	7.0,	160.068,			1.581,			0.21,			0.055
582,	1,	30.0,	160.087,			2.889,			0.184,			0.055
583,	1,	6.0,	160.098,			2.038,			0.242,			0.057
584,	1,	7.0,	160.203,			2.457,			0.159,			0.055
585,	1,	30.0,	160.307,			1.864,			0.18,			0.053
586,	1,	44.0,	160.536,			1.043,			0.175,			0.05
587,	1,	16.0,	160.758,			2.09,			0.116,			0.057
588,	1,	7.0,	160.806,			1.962,			0.236,			0.056
589,	2,	82.0,	160.808,			12.152,			1.321,			0.169
590,	2,	108.0,	161.137,			11.153,			1.31,			0.124
591,	1,	126.0,	161.265,			2.522,			0.276,			0.057
592,	1,	44.0,	161.287,			1.681,			0.292,			0.054
593,	1,	44.0,	161.376,			2.866,			0.259,			0.057
594,	2,	145.0,	161.664,			11.872,			1.368,			0.111
595,	1,	7.0,	161.667,			1.663,			0.2,			0.051
596,	1,	7.0,	161.946,			1.624,			0.218,			0.056
597,	1,	214.0,	161.948,			1.914,			0.173,			0.051
598,	1,	120.0,	162.059,			1.028,			0.16,			0.051
599,	1,	498.0,	162.225,			2.193,			0.151,			0.051
600,	1,	379.0,	162.459,			1.006,			0.232,			0.058
601,	1,	447.0,	162.526,			1.283,			0.214,			0.052
602,	1,	146.0,	162.679,			2.424,			0.12,			0.052
603,	1,	559.0,	162.699,			2.388,			0.199,			0.054
604,	1,	387.0,	162.732,			1.639,			0.253,			0.06
605,	1,	59.0,	163.087,			1.331,			0.227,			0.053
606,	1,	6.0,	163.216,			1.996,			0.141,			0.052
607,	1,	214.0,	163.361,			1.403,			0.222,			0.056
608,	1,	59.0,	163.368,			1.158,			0.288,			0.051
609,	1,	498.0,	163.42,			1.14,			0.163,			0.054
610,	1,	7.0,	163.708,			2.914,			0.221,			0.059
611,	1,	498.0,	163.848,			2.123,			0.151,			0.058
612,	1,	90.0,	163.97,			1.314,			0.116,			0.051
613,	1,	7.0,	164.338,			1.886,			0.288,			0.059
614,	1,	30.0,	164.433,			1.043,			0.111,			0.054
615,	1,	103.0,	164.5,			2.968,			0.231,			0.053
616,	1,	13.0,	164.592,			2.273,			0.116,			0.05
617,	1,	30.0,	164.731,			2.013,			0.249,			0.06
618,	1,	95.0,	165.347,			1.717,			0.18,			0.052
619,	1,	559.0,	165.473,			2.379,			0.109,			0.056
620,	1,	157.0,	165.91,			1.841,			0.206,			0.05
621,	1,	28.0,	166.12,			1.911,			0.104,			0.051
622,	1,	44.0,	166.176,			2.407,			0.106,			0.056
623,	1,	28.0,	166.219,			2.249,			0.274,			0.052
624,	2,	61.0,	166.335,			14.633,			1.442,			0.133
625,	1,	146.0,	166.427,			2.326,			0.133,			0.06
626,	1,	126.0,	166.508,			2.138,			0.124,			0.057
627,	1,	28.0,	166.613,			1.587,			0.173,			0.058
628,	1,	49.0,	166.619,			2.318,			0.166,			0.058
629,	1,	447.0,	166.647,			2.154,			0.258,			0.057
630,	1,	120.0,	166.964,			2.799,			0.272,			0.055
631,	1,	30.0,	167.289,			2.123,			0.206,			0.057
632,	1,	44.0,	167.347,			2.642,			0.237,			0.056
633,	1,	44.0,	167.354,			2.148,			0.28,			0.057
634,	2,	105.0,	167.785,			13.45,			1.324,			0.187
635,	1,	44.0,	167.932,			2.819,			0.199,			0.058
636,	2,	135.0,	168.415,			14.464,			1.084,			0.104
637,	1,	16.0,	168.502,			1.524,			0.203,			0.054
638,	2,	135.0,	168.978,			11.28,			1.36,			0.159
639,	1,	90.0,	169.288,			1.337,			0.166,			0.051
640,	1,	157.0,	169.353,			1.631,			0.237,			0.051
641,	1,	7.0,	169.368,			1.73,			0.136,			0.06
642,	2,	182.0,	169.487,			11.658,			1.089,			0.117
643,	1,	387.0,	169.489,			2.479,			0.281,			0.054
644,	1,	28.0,	169.818,			1.791,			0.158,			0.051
645,	1,	59.0,	169.948,			2.834,			0.2,			0.056
646,	1,	7.0,	170.086,			2.8,			0.166,			0.06
647,	1,	44.0,	170.26,			1.561,			0.288,			0.052
648,	1,	126.0,	170.36,			1.071,			0.13,			0.059
649,	1,	49.0,	170.704,			1.643,			0.182,			0.053
650,	1,	59.0,	170.762,			1.612,			0.187,			0.053
651,	1,	103.0,	171.159,			2.726,			0.101,			0.057
652,	1,	214.0,	171.192,			2.753,			0.185,			0.056
653,	1,	126.0,	171.243,			1.186,			0.263,			0.056
654,	1,	10.0,	171.305,			2.414,			0.223,			0.054
655,	2,	121.0,	171.363,			14.172,			1.452,			0.146
656,	1,	126.0,	171.487,			1.437,			0.245,			0.059
657,	1,	6.0,	171.884,			1.12,			0.185,			0.053
658,	1,	379.0,	172.057,			2.678,			0.278,			0.05
659,	1,	28.0,	172.259,			1.358,			0.14,			0.054
660,	1,	90.0,	172.366,			2.861,			0.233,			0.057
661,	1,	95.0,	172.443,			1.269,			0.206,			0.06
662,	1,	103.0,	172.87,			2.457,			0.127,			0.055
663,	1,	13.0,	173.042,			1.913,			0.291,			0.053
664,	2,	136.0,	173.137,			14.351,			1.35,			0.152
665,	1,	7.0,	173.413,			1.942,			0.124,			0.056
666,	1,	28.0,	173.433,			2.691,			0.145,			0.054
667,	1,	90.0,	173.873,			1.039,			0.235,			0.05
668,	1,	30.0,	173.883,			2.027,			0.295,			0.058
669,	1,	7.0,	173.884,			1.422,			0.198,			0.056
670,	1,	559.0,	174.103,			2.0,			0.19,			0.055
671,	1,	59.0,	174.143,			1.709,			0.139,			0.055
672,	2,	185.0,	174.594,			13.289,			1.168,			0.192
673,	1,	59.0,	174.639,			2.757,			0.169,			0.054
674,	1,	379.0,	174.765,			2.655,			0.241,			0.053
675,	1,	44.0,	174.894,			1.031,			0.207,			0.05
676,	1,	59.0,	175.084,			1.535,			0.279,			0.058
677,	1,	16.0,	175.166,			1.285,			0.133,			0.058
678,	2,	157.0,	175.211,			11.228,			1.49,			0.157
679,	1,	49.0,	175.332,			1.566,			0.299,			0.051
680,	1,	90.0,	175.448,			1.108,			0.16,			0.055
681,	1,	13.0,	175.481,			2.565,			0.26,			0.053
682,	1,	120.0,	175.559,			1.402,			0.109,			0.056
683,	1,	103.0,	176.055,			1.229,			0.251,			0.055
684,	1,	7.0,	176.243,			1.75,			0.177,			0.056
685,	1,	13.0,	176.29,			2.489,			0.295,			0.051
686,	1,	44.0,	176.348,			2.408,			0.296,			0.053
687,	2,	232.0,	176.497,			11.478,			1.029,			0.103
688,	1,	559.0,	176.623,			1.103,			0.107,			0.051
689,	1,	28.0,	176.633,			1.731,			0.223,			0.051
690,	1,	28.0,	177.006,			2.28,			0.221,			0.054
691,	1,	120.0,	177.224,			1.283,			0.189,			0.058
692,	1,	214.0,	177.624,			1.801,			0.229,			0.054
693,	1,	387.0,	177.668,			1.655,			0.103,			0.056
694,	1,	7.0,	177.982,			2.627,			0.243,			0.054
695,	1,	44.0,	178.093,			1.816,			0.252,			0.05
696,	1,	6.0,	178.292,			2.813,			0.251,			0.056
697,	1,	59.0,	178.308,			1.719,			0.159,			0.054
698,	2,	258.0,	178.714,			14.741,			1.075,			0.145
699,	1,	498.0,	178.788,			1.014,			0.243,			0.052
700,	1,	7.0,	179.112,			2.553,			0.206,			0.056
701,	1,	6.0,	179.18,			1.984,			0.16,			0.059
702,	1,	90.0,	179.253,			1.653,			0.213,			0.053
703,	2,	162.0,	180.003,			12.789,			1.27,			0.102
704,	1,	379.0,	180.073,			2.525,			0.282,			0.058
705,	1,	90.0,	180.205,			1.313,			0.295,			0.051
706,	1,	6.0,	180.238,			1.919,			0.281,			0.058
707,	1,	6.0,	180.374,			2.69,			0.299,			0.051
708,	1,	7.0,	180.501,			2.378,			0.129,			0.056
709,	1,	44.0,	180.702,			1.488,			0.135,			0.053
710,	1,	7.0,	180.811,			2.681,			0.211,			0.05
711,	2,	285.0,	180.946,			14.891,			1.394,			0.147
712,	1,	169.0,	181.106,			1.119,			0.209,			0.053
713,	1,	214.0,	181.39,			1.22,			0.294,			0.055
714,	1,	7.0,	181.607,			1.733,			0.258,			0.054
715,	2,	132.0,	181.607,			11.864,			1.175,			0.146
716,	1,	512.0,	181.875,			1.097,			0.109,			0.06
717,	1,	28.0,	182.229,			2.048,			0.144,			0.055
718,	1,	7.0,	182.338,			2.051,			0.27,			0.057
719,	2,	227.0,	182.799,			13.449,			1.421,			0.172
720,	1,	30.0,	182.872,			1.494,			0.186,			0.054
721,	1,	512.0,	183.272,			1.005,			0.258,			0.055
722,	1,	95.0,	184.09,			2.127,			0.138,			0.051
723,	1,	13.0,	184.252,			2.305,			0.239,			0.053
724,	1,	447.0,	184.312,			1.024,			0.135,			0.052
725,	1,	59.0,	184.366,			2.9,			0.195,			0.054
726,	1,	6.0,	184.466,			1.009,			0.275,			0.055
727,	1,	90.0,	184.52,			2.549,			0.235,			0.057
728,	1,	146.0,	184.55,			1.408,			0.192,			0.052
729,	2,	188.0,	185.375,			13.703,			1.374,			0.162
730,	1,	146.0,	185.504,			2.874,			0.116,			0.057
731,	2,	110.0,	185.796,			10.718,			1.07,			0.2
732,	1,	7.0,	186.065,			1.766,			0.157,			0.054
733,	2,	59.0,	186.175,			10.742,			1.285,			0.192
734,	1,	498.0,	186.367,			2.669,			0.167,			0.054
735,	1,	146.0,	186.394,			2.398,			0.237,			0.06
736,	1,	7.0,	186.411,			2.08,			0.169,			0.052
737,	1,	95.0,	186.443,			1.488,			0.117,			0.057
738,	2,	225.0,	186.797,			13.106,			1.376,			0.194
739,	1,	16.0,	186.928,			2.198,			0.114,			0.056
740,	1,	59.0,	187.064,			1.305,			0.283,			0.056
741,	1,	44.0,	187.242,			2.678,			0.253,			0.058
742,	1,	95.0,	187.497,			2.557,			0.222,			0.056
743,	2,	133.0,	187.539,			11.082,			1.32,			0.136
744,	1,	6.0,	187.813,			1.128,			0.281,			0.051
745,	1,	16.0,	188.015,			2.1,			0.254,			0.053
746,	1,	447.0,	188.075,			1.956,			0.287,			0.053
747,	1,	157.0,	188.11,			2.675,			0.212,			0.054
748,	1,	559.0,	188.164,			2.874,			0.101,			0.051
749,	1,	146.0,	188.307,			1.174,			0.272,			0.057
750,	2,	225.0,	188.435,			14.82,			1.086,			0.115
751,	1,	379.0,	188.497,			1.56,			0.11,			0.052
752,	1,	103.0,	189.117,			2.226,			0.131,			0.051
753,	1,	7.0,	189.174,			1.663,			0.177,			0.057
754,	1,	7.0,	189.327,			2.486,			0.149,			0.056
755,	1,	169.0,	189.407,			1.357,			0.295,			0.05
756,	1,	59.0,	189.731,			1.935,			0.298,			0.051
757,	1,	6.0,	189.912,			1.869,			0.158,			0.052
758,	2,	172.0,	189.977,			10.521,			1.144,			0.127
759,	1,	498.0,	190.046,			2.636,			0.2,			0.053
760,	1,	103.0,	190.454,			2.153,			0.166,			0.055
761,	1,	126.0,	190.553,			1.478,			0.151,			0.057
762,	1,	90.0,	190.572,			1.591,			0.256,			0.059
763,	1,	95.0,	190.608,			2.056,			0.168,			0.058
764,	1,	59.0,	190.914,			2.955,			0.131,			0.053
765,	1,	559.0,	191.127,			1.612,			0.252,			0.059
766,	1,	169.0,	191.446,			1.061,			0.133,			0.06
767,	1,	7.0,	191.88,			2.366,			0.135,			0.051
768,	1,	126.0,	192.073,			1.061,			0.228,			0.058
769,	1,	146.0,	192.176,			2.524,			0.133,			0.056
770,	1,	214.0,	192.362,			2.866,			0.173,			0.057
771,	1,	120.0,	192.402,			2.509,			0.184,			0.053
772,	2,	101.0,	192.431,			11.719,			1.201,			0.105
773,	1,	44.0,	192.472,			2.449,			0.21,			0.053
774,	2,	188.0,	192.898,			12.967,			1.006,			0.167
775,	2,	227.0,	193.452,			11.193,			1.222,			0.141
776,	1,	7.0,	193.691,			2.76,			0.272,			0.056
777,	2,	168.0,	194.117,			14.729,			1.114,			0.154
778,	1,	95.0,	194.236,			1.729,			0.103,			0.057
779,	1,	387.0,	194.379,			1.911,			0.225,			0.058
780,	1,	95.0,	194.691,			1.581,			0.298,			0.057
781,	1,	7.0,	194.811,			1.05,			0.231,			0.054
782,	1,	6.0,	194.817,			2.487,			0.27,			0.059
783,	1,	7.0,	195.411,			1.81,			0.255,			0.059
784,	1,	44.0,	195.537,			1.908,			0.13,			0.053
785,	1,	157.0,	195.564,			1.963,			0.281,			0.054
786,	2,	133.0,	195.86,			13.131,			1.218,			0.15
787,	1,	49.0,	195.884,			2.889,			0.208,			0.056
788,	2,	130.0,	196.065,			11.484,			1.159,			0.137
789,	1,	90.0,	196.126,			2.175,			0.294,			0.051
790,	1,	44.0,	196.378,			1.991,			0.145,			0.054
791,	1,	103.0,	196.393,			1.79,			0.299,			0.057
792,	2,	206.0,	196.774,			10.064,			1.263,			0.163
793,	1,	126.0,	196.78,			1.811,			0.112,			0.057
794,	1,	498.0,	196.972,			2.542,			0.225,			0.051
795,	1,	7.0,	196.989,			1.543,			0.111,			0.05
796,	1,	512.0,	197.218,			2.084,			0.217,			0.06
797,	2,	236.0,	197.252,			10.55,			1.374,			0.151
798,	1,	103.0,	197.276,			2.638,			0.156,			0.05
799,	1,	95.0,	197.343,			2.102,			0.115,			0.053
800,	1,	498.0,	197.373,			2.088,			0.143,			0.056
801,	1,	512.0,	197.694,			2.386,			0.147,			0.052
802,	1,	6.0,	197.947,			1.719,			0.276,			0.051
803,	1,	59.0,	197.948,			1.933,			0.268,			0.055
804,	1,	44.0,	198.03,			1.755,			0.288,			0.059
805,	1,	44.0,	198.159,			1.317,			0.167,			0.057
806,	1,	146.0,	198.17,			2.935,			0.249,			0.057
807,	1,	126.0,	198.732,			2.298,			0.142,			0.054
808,	1,	16.0,	198.896,			2.843,			0.189,			0.058
809,	2,	158.0,	198.906,			12.764,			1.402,			0.164
810,	1,	103.0,	199.054,			2.544,			0.23,			0.052
811,	2,	208.0,	199.949,			10.46,			1.252,			0.131
812,	1,	13.0,	200.302,			2.424,			0.157,			0.053
813,	2,	260.0,	200.307,			14.235,			1.384,			0.123
814,	1,	512.0,	200.677,			1.188,			0.172,			0.058
815,	1,	379.0,	200.699,			2.454,			0.217,			0.053
816,	1,	44.0,	200.725,			2.318,			0.177,			0.052
817,	1,	44.0,	200.889,			1.841,			0.299,			0.06
818,	2,	109.0,	201.258,			12.591,			1.329,			0.119
819,	1,	559.0,	201.488,			1.631,			0.144,			0.057
820,	2,	218.0,	201.707,			14.906,			1.291,			0.121
821,	1,	146.0,	202.008,			1.841,			0.1,			0.052
822,	1,	559.0,	202.23,			1.501,			0.104,			0.056
823,	1,	16.0,	202.237,			1.331,			0.21,			0.051
824,	2,	135.0,	202.598,			11.508,			1.484,			0.155
825,	1,	90.0,	202.638,			1.441,			0.142,			0.059
826,	1,	49.0,	202.898,			2.393,			0.128,			0.057
827,	1,	126.0,	203.013,			2.522,			0.268,			0.054
828,	1,	7.0,	203.094,			1.609,			0.222,			0.052
829,	1,	126.0,	203.759,			2.647,			0.169,			0.054
830,	1,	6.0,	204.006,			1.434,			0.275,			0.055
831,	1,	157.0,	204.68,			2.874,			0.254,			0.059
832,	1,	387.0,	204.774,			2.454,			0.289,			0.052
833,	1,	512.0,	204.901,			1.46,			0.194,			0.055
834,	1,	387.0,	205.589,			1.979,			0.147,			0.053
835,	1,	559.0,	205.863,			2.09,			0.237,			0.06
836,	1,	7.0,	206.017,			2.318,			0.21,			0.052
837,	1,	10.0,	206.114,			2.661,			0.272,			0.06
838,	1,	559.0,	206.15,			2.637,			0.102,			0.057
839,	1,	28.0,	206.382,			1.591,			0.228,			0.05
840,	1,	95.0,	206.408,			1.835,			0.251,			0.055
841,	1,	49.0,	206.496,			1.172,			0.145,			0.057
842,	1,	44.0,	206.778,			1.927,			0.103,			0.059
843,	1,	559.0,	207.043,			1.985,			0.221,			0.056
844,	2,	277.0,	207.211,			10.484,			1.197,			0.199
845,	1,	214.0,	207.501,			2.541,			0.15,			0.053
846,	1,	13.0,	207.783,			2.055,			0.289,			0.053
847,	2,	185.0,	208.144,			10.162,			1.165,			0.101
848,	1,	7.0,	208.728,			2.911,			0.166,			0.054
849,	2,	76.0,	208.764,			11.506,			1.362,			0.119
850,	2,	113.0,	209.091,			12.183,			1.498,			0.122
851,	1,	512.0,	209.505,			2.727,			0.215,			0.059
852,	2,	168.0,	209.667,			10.178,			1.361,			0.139
853,	1,	169.0,	209.685,			2.772,			0.211,			0.056
854,	1,	44.0,	209.819,			2.879,			0.267,			0.054
855,	1,	28.0,	209.927,			2.571,			0.182,			0.053
856,	1,	95.0,	210.154,			1.965,			0.185,			0.057
857,	1,	95.0,	211.367,			1.425,			0.126,			0.056
858,	2,	93.0,	211.4,			11.864,			1.322,			0.103
859,	1,	387.0,	211.428,			2.28,			0.137,			0.055
860,	1,	13.0,	211.676,			2.901,			0.278,			0.052
861,	1,	6.0,	212.508,			2.194,			0.166,			0.052
862,	1,	59.0,	212.937,			2.249,			0.222,			0.058
863,	1,	90.0,	213.621,			2.302,			0.249,			0.06
864,	1,	44.0,	213.707,			1.947,			0.103,			0.058
865,	1,	59.0,	213.82,			1.211,			0.129,			0.058
866,	1,	559.0,	213.991,			1.561,			0.185,			0.055
867,	1,	512.0,	214.777,			2.879,			0.148,			0.054
868,	1,	7.0,	214.857,			2.047,			0.192,			0.052
869,	1,	146.0,	215.367,			1.366,			0.198,			0.051
870,	1,	7.0,	215.439,			2.705,			0.296,			0.055
871,	2,	193.0,	215.445,			11.61,			1.33,			0.103
872,	1,	559.0,	215.6,			1.203,			0.287,			0.055
873,	1,	214.0,	215.698,			2.712,			0.121,			0.059
874,	1,	6.0,	216.266,			2.438,			0.146,			0.055
875,	1,	103.0,	216.784,			1.467,			0.27,			0.057
876,	1,	13.0,	217.055,			1.97,			0.226,			0.06
877,	1,	498.0,	217.324,			2.945,			0.105,			0.05
878,	1,	512.0,	217.374,			1.489,			0.287,			0.05
879,	1,	169.0,	217.442,			1.869,			0.176,			0.06
880,	1,	6.0,	217.51,			1.952,			0.177,			0.055
881,	1,	44.0,	217.642,			2.076,			0.119,			0.051
882,	1,	498.0,	217.966,			1.423,			0.293,			0.054
883,	1,	59.0,	218.243,			1.45,			0.274,			0.058
884,	2,	62.0,	218.84,			12.434,			1.055,			0.105
885,	1,	44.0,	218.915,			1.879,			0.185,			0.057
886,	2,	126.0,	219.29,			10.921,			1.416,			0.126
887,	1,	13.0,	219.739,			2.08,			0.25,			0.058
888,	1,	7.0,	219.861,			2.018,			0.216,			0.056
889,	1,	90.0,	220.178,			2.628,			0.159,			0.055
890,	1,	498.0,	220.454,			1.566,			0.206,			0.055
891,	2,	92.0,	221.4,			12.93,			1.139,			0.133
892,	2,	112.0,	221.955,			14.666,			1.023,			0.158
893,	1,	157.0,	222.19,			1.408,			0.202,			0.055
894,	1,	120.0,	222.365,			2.198,			0.14,			0.057
895,	1,	146.0,	222.945,			2.706,			0.188,			0.056
896,	1,	387.0,	223.141,			1.411,			0.227,			0.054
897,	1,	214.0,	224.408,			1.204,			0.124,			0.052
898,	1,	169.0,	224.699,			2.173,			0.221,			0.059
899,	1,	95.0,	224.909,			2.235,			0.243,			0.052
900,	1,	7.0,	224.997,			2.425,			0.182,			0.06
901,	1,	157.0,	226.278,			2.31,			0.283,			0.053
902,	1,	7.0,	226.361,			2.448,			0.212,			0.056
903,	1,	44.0,	227.374,			1.596,			0.259,			0.056
904,	2,	183.0,	229.8,			13.958,			1.491,			0.162
905,	1,	95.0,	230.264,			1.844,			0.112,			0.058
906,	1,	498.0,	230.34,			2.896,			0.117,			0.057
907,	2,	170.0,	230.614,			10.902,			1.064,			0.168
908,	2,	87.0,	231.461,			14.317,			1.413,			0.151
909,	2,	264.0,	231.571,			13.288,			1.244,			0.13
910,	1,	10.0,	232.376,			1.106,			0.159,			0.055
911,	1,	95.0,	232.399,			2.92,			0.282,			0.05
912,	1,	512.0,	232.735,			1.517,			0.292,			0.054
913,	1,	7.0,	232.848,			2.991,			0.247,			0.054
914,	1,	126.0,	233.494,			1.651,			0.12,			0.058
915,	1,	169.0,	233.93,			2.645,			0.203,			0.057
916,	1,	49.0,	235.024,			2.388,			0.109,			0.058
917,	2,	162.0,	235.106,			11.459,			1.101,			0.181
918,	2,	258.0,	235.135,			13.798,			1.108,			0.133
919,	2,	95.0,	235.764,			14.735,			1.376,			0.154
920,	2,	113.0,	235.894,			10.924,			1.171,			0.186
921,	2,	133.0,	236.162,			11.761,			1.046,			0.151
922,	1,	13.0,	236.568,			2.813,			0.114,			0.058
923,	1,	7.0,	236.95,			2.685,			0.123,			0.052
924,	1,	28.0,	237.085,			2.034,			0.105,			0.056
925,	1,	103.0,	237.117,			2.842,			0.221,			0.059
926,	1,	30.0,	237.664,			1.391,			0.297,			0.055
927,	2,	133.0,	237.824,			11.707,			1.295,			0.163
928,	1,	44.0,	238.15,			2.014,			0.295,			0.055
929,	2,	113.0,	238.173,			11.589,			1.016,			0.169
930,	2,	168.0,	238.698,			11.672,			1.208,			0.133
931,	1,	13.0,	238.889,			2.544,			0.222,			0.06
932,	2,	162.0,	239.511,			14.464,			1.187,			0.162
933,	1,	10.0,	240.092,			1.111,			0.248,			0.051
934,	1,	126.0,	240.384,			1.043,			0.173,			0.053
935,	1,	126.0,	240.94,			2.76,			0.186,			0.051
936,	1,	95.0,	241.153,			2.673,			0.107,			0.053
937,	2,	109.0,	241.434,			13.476,			1.171,			0.174
938,	1,	59.0,	243.262,			2.051,			0.281,			0.057
939,	2,	124.0,	243.81,			10.365,			1.108,			0.122
940,	1,	214.0,	244.062,			1.473,			0.253,			0.051
941,	2,	103.0,	245.472,			11.082,			1.056,			0.196
942,	2,	159.0,	245.487,			10.784,			1.058,			0.197
943,	2,	199.0,	245.788,			12.127,			1.262,			0.107
944,	2,	178.0,	245.803,			12.815,			1.172,			0.195
945,	2,	241.0,	245.914,			14.611,			1.199,			0.126
946,	1,	169.0,	246.389,			1.682,			0.104,			0.056
947,	1,	7.0,	246.81,			1.008,			0.14,			0.053
948,	1,	59.0,	247.9,			1.121,			0.201,			0.054
949,	1,	512.0,	248.796,			2.974,			0.136,			0.059
950,	2,	76.0,	249.671,			11.876,			1.157,			0.145
951,	1,	146.0,	250.174,			2.085,			0.182,			0.052
952,	1,	498.0,	250.752,			2.879,			0.16,			0.055
953,	2,	208.0,	251.861,			12.328,			1.438,			0.159
954,	1,	6.0,	252.573,			1.018,			0.131,			0.058
955,	1,	28.0,	252.771,			1.121,			0.152,			0.058
956,	2,	69.0,	253.055,			10.146,			1.029,			0.194
957,	1,	387.0,	253.108,			2.461,			0.121,			0.053
958,	2,	38.0,	253.375,			12.638,			1.493,			0.16
959,	2,	41.0,	253.734,			14.546,			1.46,			0.135
960,	1,	447.0,	256.673,			2.388,			0.222,			0.059
961,	1,	498.0,	257.225,			2.895,			0.249,			0.06
962,	2,	220.0,	257.726,			14.028,			1.195,			0.163
963,	2,	141.0,	258.124,			14.906,			1.183,			0.14
964,	1,	7.0,	258.704,			1.097,			0.206,			0.058
965,	2,	220.0,	258.713,			14.767,			1.222,			0.132
966,	2,	103.0,	260.273,			12.876,			1.166,			0.129
967,	1,	169.0,	262.033,			2.249,			0.162,			0.053
968,	2,	183.0,	262.202,			13.557,			1.111,			0.195
969,	1,	13.0,	262.568,			1.731,			0.174,			0.056
970,	1,	512.0,	262.757,			1.672,			0.142,			0.055
971,	1,	7.0,	263.385,			1.279,			0.111,			0.053
972,	2,	24.0,	263.801,			10.177,			1.206,			0.145
973,	2,	274.0,	264.076,			14.244,			1.324,			0.131
974,	1,	498.0,	264.36,			1.174,			0.264,			0.055
975,	2,	126.0,	264.775,			12.421,			1.243,			0.102
976,	2,	113.0,	264.915,			10.173,			1.143,			0.106
977,	2,	187.0,	265.164,			13.288,			1.139,			0.158
978,	1,	7.0,	266.312,			1.757,			0.231,			0.052
979,	2,	169.0,	268.858,			11.81,			1.376,			0.166
980,	1,	498.0,	269.206,			1.774,			0.121,			0.051
981,	1,	120.0,	271.506,			1.104,			0.107,			0.052
982,	1,	44.0,	272.12,			2.388,			0.187,			0.053
983,	1,	7.0,	273.117,			1.968,			0.211,			0.053
984,	2,	115.0,	276.679,			14.564,			1.25,			0.173
985,	1,	157.0,	277.734,			1.719,			0.174,			0.059
986,	2,	80.0,	278.204,			14.317,			1.369,			0.121
987,	2,	186.0,	279.14,			13.136,			1.323,			0.194
988,	1,	120.0,	281.555,			2.879,			0.295,			0.055
989,	2,	230.0,	282.147,			11.531,			1.347,			0.148
990,	2,	83.0,	282.883,			12.661,			1.489,			0.147
991,	2,	104.0,	283.925,			12.458,			1.259,			0.163
992,	2,	153.0,	284.117,			13.168,			1.023,			0.134
993,	1,	157.0,	290.217,			1.761,			0.225,			0.058
994,	2,	72.0,	291.039,			11.289,			1.108,			0.115
995,	2,	63.0,	291.429,			11.186,			1.297,			0.19
996,	2,	89.0,	291.526,			10.339,			1.354,			0.198
997,	2,	101.0,	296.502,			14.334,			1.464,			0.127
998,	2,	65.0,	299.152,			14.741,			1.278,			0.104
999,	1,	146.0,	300.0,			1.869,			0.158,			0.058
1000,	1,	157.0,	300.0,			1.554,			0.239,			0.057
