#, task_type_id, size, arrival_time,	execution_time_cpu,	execution_time_gpu,	execution_time_CLOUD
1,	1,	379.0,	0.0,			2.701,			0.272,			0.06
2,	1,	7.0,	0.0,			2.69,			0.121,			0.055
3,	1,	44.0,	0.0,			1.688,			0.103,			0.057
4,	2,	168.0,	1.985,			13.671,			1.147,			0.113
5,	2,	134.0,	2.283,			12.271,			1.41,			0.19
6,	1,	6.0,	5.647,			2.857,			0.136,			0.053
7,	2,	50.0,	5.731,			14.185,			1.464,			0.103
8,	2,	87.0,	6.428,			11.488,			1.481,			0.157
9,	2,	147.0,	6.923,			13.038,			1.396,			0.174
10,	1,	447.0,	7.005,			1.985,			0.194,			0.055
11,	2,	133.0,	7.234,			10.01,			1.219,			0.16
12,	2,	111.0,	8.59,			10.036,			1.118,			0.149
13,	2,	44.0,	9.927,			11.28,			1.36,			0.187
14,	2,	181.0,	12.058,			12.787,			1.466,			0.173
15,	2,	200.0,	14.67,			12.703,			1.399,			0.17
16,	2,	97.0,	21.589,			13.225,			1.326,			0.19
17,	2,	142.0,	21.756,			14.931,			1.337,			0.114
18,	2,	128.0,	22.0,			14.804,			1.482,			0.144
19,	2,	176.0,	22.022,			12.383,			1.144,			0.106
20,	2,	139.0,	24.804,			10.279,			1.131,			0.197
21,	2,	205.0,	25.676,			12.286,			1.366,			0.125
22,	1,	498.0,	25.975,			2.269,			0.145,			0.056
23,	2,	196.0,	30.717,			14.002,			1.06,			0.126
24,	2,	122.0,	31.796,			11.622,			1.316,			0.172
25,	2,	141.0,	33.315,			13.277,			1.065,			0.197
26,	1,	44.0,	34.035,			2.653,			0.159,			0.051
27,	1,	10.0,	35.91,			2.316,			0.175,			0.055
28,	1,	7.0,	35.996,			2.438,			0.281,			0.055
29,	2,	161.0,	38.532,			11.588,			1.467,			0.154
30,	1,	6.0,	38.845,			1.158,			0.282,			0.058
31,	2,	75.0,	39.271,			11.207,			1.456,			0.149
32,	2,	220.0,	39.31,			10.011,			1.175,			0.114
33,	2,	120.0,	39.389,			14.136,			1.335,			0.175
34,	1,	59.0,	39.6,			2.18,			0.135,			0.056
35,	1,	379.0,	40.479,			1.204,			0.217,			0.06
36,	1,	59.0,	43.055,			1.283,			0.128,			0.051
37,	2,	137.0,	43.096,			13.92,			1.037,			0.127
38,	2,	151.0,	43.317,			12.438,			1.119,			0.173
39,	2,	166.0,	43.89,			12.79,			1.303,			0.124
40,	1,	7.0,	48.126,			1.471,			0.198,			0.051
41,	2,	199.0,	48.867,			11.957,			1.087,			0.169
42,	2,	48.0,	49.064,			14.464,			1.349,			0.11
43,	1,	95.0,	50.504,			2.675,			0.186,			0.051
44,	1,	7.0,	51.326,			2.283,			0.195,			0.055
45,	1,	49.0,	52.389,			1.541,			0.159,			0.051
46,	1,	7.0,	52.512,			2.567,			0.218,			0.06
47,	1,	559.0,	52.928,			1.262,			0.213,			0.057
48,	1,	7.0,	53.592,			2.031,			0.298,			0.052
49,	2,	274.0,	54.184,			14.692,			1.437,			0.174
50,	2,	120.0,	54.767,			12.435,			1.129,			0.174
51,	2,	114.0,	54.937,			13.086,			1.388,			0.162
52,	1,	6.0,	55.144,			2.525,			0.133,			0.051
53,	1,	7.0,	55.954,			2.446,			0.195,			0.053
54,	1,	214.0,	57.87,			2.076,			0.169,			0.058
55,	2,	204.0,	57.967,			14.682,			1.089,			0.149
56,	1,	30.0,	58.09,			2.797,			0.253,			0.056
57,	1,	90.0,	58.138,			1.291,			0.131,			0.059
58,	1,	387.0,	58.411,			1.483,			0.174,			0.051
59,	1,	10.0,	59.393,			1.078,			0.207,			0.057
60,	1,	379.0,	59.796,			2.765,			0.255,			0.054
61,	1,	214.0,	60.031,			2.844,			0.235,			0.056
62,	1,	44.0,	60.05,			1.752,			0.249,			0.055
63,	1,	214.0,	60.928,			2.727,			0.197,			0.053
64,	1,	30.0,	61.051,			1.458,			0.142,			0.057
65,	1,	103.0,	61.565,			2.954,			0.284,			0.056
66,	1,	214.0,	63.439,			1.62,			0.165,			0.052
67,	2,	125.0,	63.47,			13.569,			1.193,			0.139
68,	2,	317.0,	63.608,			14.134,			1.382,			0.107
69,	1,	30.0,	64.084,			2.407,			0.231,			0.058
70,	1,	16.0,	65.015,			1.252,			0.159,			0.054
71,	1,	559.0,	65.774,			2.265,			0.217,			0.057
72,	2,	63.0,	65.878,			12.648,			1.191,			0.187
73,	1,	6.0,	67.089,			2.832,			0.206,			0.052
74,	2,	95.0,	67.167,			11.915,			1.095,			0.2
75,	1,	6.0,	67.234,			1.424,			0.224,			0.059
76,	2,	180.0,	67.357,			14.804,			1.112,			0.197
77,	1,	95.0,	67.458,			1.07,			0.214,			0.051
78,	1,	146.0,	67.77,			1.283,			0.134,			0.057
79,	1,	13.0,	67.996,			2.939,			0.134,			0.05
80,	1,	6.0,	68.163,			2.663,			0.114,			0.055
81,	1,	44.0,	68.586,			1.416,			0.203,			0.054
82,	2,	158.0,	68.619,			12.54,			1.014,			0.189
83,	1,	379.0,	68.64,			2.03,			0.162,			0.055
84,	1,	44.0,	69.171,			1.304,			0.121,			0.052
85,	2,	110.0,	69.489,			13.303,			1.215,			0.191
86,	1,	498.0,	69.612,			2.345,			0.147,			0.054
87,	2,	315.0,	71.014,			12.155,			1.394,			0.171
88,	2,	278.0,	71.451,			10.177,			1.498,			0.125
89,	1,	30.0,	71.824,			2.127,			0.227,			0.054
90,	1,	44.0,	72.551,			2.936,			0.217,			0.057
91,	2,	112.0,	72.808,			10.565,			1.131,			0.117
92,	1,	90.0,	73.259,			2.857,			0.197,			0.053
93,	1,	13.0,	73.347,			2.697,			0.201,			0.055
94,	1,	169.0,	73.372,			1.031,			0.12,			0.055
95,	2,	116.0,	73.38,			13.735,			1.454,			0.102
96,	1,	16.0,	73.383,			1.539,			0.254,			0.059
97,	1,	95.0,	73.911,			1.249,			0.231,			0.06
98,	1,	126.0,	74.141,			2.318,			0.106,			0.057
99,	1,	28.0,	74.436,			2.425,			0.151,			0.055
100,	1,	387.0,	75.311,			1.357,			0.186,			0.052
101,	1,	157.0,	76.173,			2.158,			0.135,			0.05
102,	1,	120.0,	76.267,			1.229,			0.195,			0.05
103,	1,	512.0,	76.335,			2.681,			0.14,			0.059
104,	1,	512.0,	76.565,			2.776,			0.162,			0.058
105,	1,	559.0,	76.609,			1.334,			0.214,			0.056
106,	1,	146.0,	76.645,			2.596,			0.217,			0.05
107,	2,	135.0,	77.153,			14.028,			1.164,			0.168
108,	2,	203.0,	77.565,			13.061,			1.171,			0.174
109,	2,	217.0,	77.743,			11.262,			1.155,			0.137
110,	1,	126.0,	77.767,			2.686,			0.17,			0.052
111,	1,	447.0,	77.856,			2.896,			0.244,			0.054
112,	1,	387.0,	77.973,			1.096,			0.109,			0.054
113,	1,	49.0,	78.265,			1.398,			0.289,			0.058
114,	1,	146.0,	79.34,			1.838,			0.251,			0.058
115,	2,	294.0,	79.353,			10.789,			1.011,			0.185
116,	1,	90.0,	79.509,			2.661,			0.186,			0.059
117,	1,	447.0,	79.6,			2.576,			0.171,			0.056
118,	1,	49.0,	80.127,			1.972,			0.133,			0.056
119,	2,	75.0,	80.421,			10.702,			1.275,			0.147
120,	1,	498.0,	80.663,			1.952,			0.138,			0.055
121,	1,	44.0,	80.799,			2.709,			0.195,			0.056
122,	1,	7.0,	81.256,			2.123,			0.298,			0.058
123,	1,	120.0,	81.285,			2.055,			0.282,			0.055
124,	1,	59.0,	81.332,			1.395,			0.292,			0.053
125,	1,	214.0,	81.593,			2.427,			0.234,			0.054
126,	1,	95.0,	81.728,			2.705,			0.177,			0.06
127,	1,	30.0,	82.916,			2.063,			0.214,			0.053
128,	2,	187.0,	83.069,			12.112,			1.06,			0.198
129,	1,	387.0,	83.258,			1.844,			0.204,			0.054
130,	1,	49.0,	83.827,			2.91,			0.186,			0.051
131,	1,	120.0,	84.222,			2.317,			0.139,			0.059
132,	1,	146.0,	84.616,			2.596,			0.283,			0.051
133,	2,	96.0,	84.65,			14.933,			1.323,			0.193
134,	1,	6.0,	84.979,			1.876,			0.131,			0.058
135,	2,	121.0,	85.14,			14.147,			1.451,			0.176
136,	1,	6.0,	85.541,			2.92,			0.227,			0.051
137,	2,	33.0,	85.573,			12.976,			1.086,			0.142
138,	2,	103.0,	85.806,			10.461,			1.058,			0.191
139,	1,	120.0,	85.911,			1.302,			0.179,			0.055
140,	1,	512.0,	85.912,			2.085,			0.151,			0.06
141,	1,	7.0,	86.25,			1.886,			0.161,			0.057
142,	1,	559.0,	86.431,			2.284,			0.287,			0.053
143,	2,	158.0,	86.527,			13.268,			1.131,			0.118
144,	1,	387.0,	86.843,			1.814,			0.252,			0.052
145,	1,	7.0,	86.959,			2.596,			0.133,			0.058
146,	1,	6.0,	87.904,			1.112,			0.146,			0.054
147,	1,	512.0,	88.179,			2.795,			0.253,			0.055
148,	2,	240.0,	88.582,			14.146,			1.369,			0.133
149,	1,	169.0,	88.69,			1.731,			0.159,			0.054
150,	1,	30.0,	88.808,			2.33,			0.154,			0.054
151,	1,	126.0,	89.859,			1.291,			0.125,			0.056
152,	1,	512.0,	89.958,			2.33,			0.104,			0.054
153,	2,	126.0,	90.032,			14.916,			1.349,			0.108
154,	2,	131.0,	90.077,			11.643,			1.116,			0.196
155,	1,	559.0,	90.329,			2.945,			0.153,			0.054
156,	2,	166.0,	90.454,			12.346,			1.438,			0.174
157,	1,	126.0,	90.563,			1.441,			0.225,			0.055
158,	1,	169.0,	90.73,			1.291,			0.198,			0.053
159,	1,	44.0,	90.789,			1.391,			0.25,			0.055
160,	1,	59.0,	91.29,			1.144,			0.282,			0.059
161,	1,	512.0,	91.454,			1.245,			0.249,			0.054
162,	1,	44.0,	91.708,			1.455,			0.128,			0.06
163,	1,	16.0,	91.738,			2.852,			0.117,			0.057
164,	1,	59.0,	91.755,			2.103,			0.254,			0.058
165,	1,	146.0,	91.844,			2.065,			0.217,			0.051
166,	2,	256.0,	92.28,			14.114,			1.44,			0.153
167,	1,	49.0,	92.665,			1.164,			0.252,			0.059
168,	1,	146.0,	93.295,			2.714,			0.185,			0.06
169,	1,	16.0,	93.664,			1.624,			0.284,			0.058
170,	1,	44.0,	93.992,			2.852,			0.136,			0.05
171,	1,	126.0,	94.796,			1.64,			0.211,			0.06
172,	1,	7.0,	94.904,			2.304,			0.222,			0.057
173,	1,	28.0,	94.981,			2.759,			0.198,			0.05
174,	1,	44.0,	95.05,			1.963,			0.152,			0.053
175,	2,	176.0,	95.711,			11.685,			1.278,			0.168
176,	1,	169.0,	95.717,			2.143,			0.209,			0.06
177,	1,	120.0,	96.531,			2.555,			0.219,			0.056
178,	1,	95.0,	96.563,			1.715,			0.255,			0.057
179,	1,	7.0,	96.726,			2.149,			0.298,			0.055
180,	1,	6.0,	96.837,			1.524,			0.17,			0.052
181,	1,	90.0,	97.042,			1.211,			0.202,			0.053
182,	1,	379.0,	97.507,			1.729,			0.265,			0.055
183,	1,	10.0,	97.552,			2.269,			0.195,			0.054
184,	1,	7.0,	97.555,			1.591,			0.136,			0.058
185,	1,	49.0,	97.728,			2.269,			0.27,			0.054
186,	1,	157.0,	97.915,			1.543,			0.296,			0.06
187,	2,	239.0,	98.05,			10.36,			1.31,			0.128
188,	1,	379.0,	98.215,			2.88,			0.249,			0.052
189,	2,	189.0,	98.429,			14.272,			1.451,			0.102
190,	1,	214.0,	99.408,			2.014,			0.259,			0.05
191,	1,	44.0,	99.698,			1.653,			0.186,			0.052
192,	1,	7.0,	99.848,			1.166,			0.159,			0.051
193,	2,	227.0,	100.07,			10.36,			1.406,			0.14
194,	1,	6.0,	100.074,			2.969,			0.266,			0.057
195,	2,	198.0,	100.213,			14.351,			1.31,			0.195
196,	1,	103.0,	100.377,			1.56,			0.119,			0.052
197,	1,	10.0,	100.559,			1.024,			0.138,			0.057
198,	1,	13.0,	100.564,			1.391,			0.26,			0.058
199,	1,	90.0,	100.979,			1.458,			0.188,			0.055
200,	1,	103.0,	101.156,			1.595,			0.167,			0.057
201,	1,	6.0,	101.215,			2.222,			0.245,			0.06
202,	1,	379.0,	101.249,			1.432,			0.188,			0.052
203,	1,	157.0,	101.261,			1.433,			0.108,			0.051
204,	1,	30.0,	101.486,			2.057,			0.17,			0.053
205,	2,	79.0,	101.691,			13.735,			1.144,			0.167
206,	1,	49.0,	102.231,			1.672,			0.128,			0.06
207,	1,	28.0,	102.369,			1.128,			0.147,			0.06
208,	1,	379.0,	102.451,			2.525,			0.169,			0.058
209,	2,	287.0,	102.967,			12.987,			1.239,			0.156
210,	1,	498.0,	103.026,			2.813,			0.257,			0.055
211,	2,	182.0,	103.073,			12.912,			1.444,			0.149
212,	1,	13.0,	103.109,			2.179,			0.288,			0.051
213,	1,	49.0,	103.477,			1.548,			0.165,			0.051
214,	1,	44.0,	103.801,			1.393,			0.121,			0.055
215,	1,	559.0,	104.412,			1.981,			0.152,			0.052
216,	1,	13.0,	104.936,			2.378,			0.286,			0.051
217,	1,	214.0,	104.94,			1.051,			0.269,			0.051
218,	1,	7.0,	104.994,			2.907,			0.104,			0.053
219,	1,	95.0,	104.997,			1.121,			0.172,			0.051
220,	1,	103.0,	105.002,			1.407,			0.142,			0.053
221,	1,	90.0,	105.141,			2.864,			0.207,			0.057
222,	1,	6.0,	105.452,			2.916,			0.221,			0.055
223,	1,	44.0,	105.627,			1.728,			0.16,			0.058
224,	1,	6.0,	105.75,			2.52,			0.219,			0.051
225,	1,	103.0,	105.884,			1.525,			0.258,			0.056
226,	2,	111.0,	105.946,			14.921,			1.053,			0.114
227,	1,	120.0,	105.959,			2.249,			0.116,			0.051
228,	1,	512.0,	106.107,			2.549,			0.209,			0.052
229,	1,	512.0,	106.461,			1.991,			0.172,			0.058
230,	1,	7.0,	107.076,			2.838,			0.116,			0.053
231,	1,	146.0,	107.168,			2.797,			0.276,			0.054
232,	1,	49.0,	107.211,			2.155,			0.15,			0.055
233,	2,	141.0,	107.256,			12.346,			1.403,			0.176
234,	1,	28.0,	107.32,			2.366,			0.294,			0.055
235,	1,	214.0,	107.522,			2.398,			0.205,			0.057
236,	2,	120.0,	107.863,			14.814,			1.477,			0.167
237,	2,	129.0,	107.872,			14.624,			1.218,			0.19
238,	1,	498.0,	107.901,			1.211,			0.128,			0.053
239,	1,	16.0,	107.954,			1.291,			0.245,			0.057
240,	1,	7.0,	108.033,			1.164,			0.165,			0.059
241,	1,	169.0,	108.089,			2.031,			0.21,			0.053
242,	2,	113.0,	108.212,			11.138,			1.406,			0.173
243,	1,	44.0,	108.355,			1.009,			0.252,			0.052
244,	1,	387.0,	108.469,			1.737,			0.206,			0.052
245,	1,	90.0,	108.571,			1.663,			0.177,			0.052
246,	1,	7.0,	108.6,			2.969,			0.288,			0.053
247,	1,	16.0,	108.668,			2.08,			0.29,			0.058
248,	1,	120.0,	108.764,			2.305,			0.275,			0.051
249,	1,	28.0,	109.583,			2.678,			0.272,			0.056
250,	1,	16.0,	109.585,			1.413,			0.185,			0.059
251,	2,	106.0,	110.181,			13.998,			1.31,			0.126
252,	2,	178.0,	110.56,			14.49,			1.447,			0.123
253,	1,	13.0,	110.761,			2.1,			0.133,			0.052
254,	1,	120.0,	110.911,			1.028,			0.134,			0.055
255,	1,	7.0,	111.133,			2.879,			0.129,			0.054
256,	1,	214.0,	111.551,			1.327,			0.275,			0.056
257,	1,	120.0,	111.655,			2.714,			0.195,			0.058
258,	2,	155.0,	111.678,			14.961,			1.029,			0.128
259,	1,	7.0,	111.954,			1.225,			0.101,			0.052
260,	1,	7.0,	111.981,			1.187,			0.203,			0.056
261,	1,	95.0,	112.165,			1.104,			0.13,			0.056
262,	1,	379.0,	112.214,			2.104,			0.233,			0.057
263,	1,	387.0,	112.413,			1.353,			0.134,			0.056
264,	1,	95.0,	112.657,			1.843,			0.244,			0.052
265,	1,	146.0,	112.778,			1.009,			0.113,			0.053
266,	1,	13.0,	113.247,			1.164,			0.164,			0.05
267,	2,	39.0,	113.326,			11.22,			1.466,			0.119
268,	2,	200.0,	113.68,			11.864,			1.488,			0.173
269,	1,	447.0,	113.764,			2.249,			0.127,			0.052
270,	1,	49.0,	113.827,			2.225,			0.275,			0.057
271,	1,	44.0,	113.905,			2.238,			0.117,			0.056
272,	1,	7.0,	114.075,			1.482,			0.23,			0.057
273,	1,	387.0,	114.758,			2.703,			0.288,			0.059
274,	1,	498.0,	115.205,			2.673,			0.146,			0.06
275,	1,	90.0,	115.318,			1.631,			0.247,			0.054
276,	1,	120.0,	115.392,			2.503,			0.233,			0.057
277,	1,	44.0,	115.531,			1.67,			0.205,			0.055
278,	1,	30.0,	115.622,			1.915,			0.131,			0.05
279,	1,	169.0,	115.93,			2.123,			0.246,			0.056
280,	1,	7.0,	116.107,			1.915,			0.285,			0.05
281,	1,	214.0,	116.191,			1.558,			0.258,			0.055
282,	1,	447.0,	116.24,			1.173,			0.15,			0.054
283,	1,	95.0,	116.309,			2.844,			0.175,			0.056
284,	2,	166.0,	116.321,			13.316,			1.282,			0.143
285,	1,	28.0,	116.378,			1.413,			0.238,			0.055
286,	1,	95.0,	116.38,			1.495,			0.255,			0.056
287,	1,	7.0,	116.433,			1.516,			0.245,			0.054
288,	1,	379.0,	116.474,			1.868,			0.206,			0.058
289,	2,	209.0,	116.808,			10.432,			1.117,			0.133
290,	1,	169.0,	116.887,			1.805,			0.175,			0.059
291,	1,	146.0,	116.928,			2.388,			0.127,			0.054
292,	1,	120.0,	116.977,			1.432,			0.277,			0.06
293,	2,	248.0,	117.061,			12.654,			1.44,			0.108
294,	1,	214.0,	117.218,			1.172,			0.128,			0.055
295,	1,	59.0,	117.955,			2.02,			0.212,			0.057
296,	1,	13.0,	117.985,			1.158,			0.165,			0.052
297,	1,	559.0,	118.198,			1.402,			0.217,			0.058
298,	1,	10.0,	118.228,			1.907,			0.123,			0.05
299,	1,	16.0,	118.232,			2.222,			0.221,			0.05
300,	1,	28.0,	118.322,			2.408,			0.228,			0.06
301,	2,	141.0,	118.669,			11.677,			1.159,			0.169
302,	1,	169.0,	118.825,			2.843,			0.241,			0.058
303,	1,	512.0,	119.178,			2.659,			0.263,			0.056
304,	1,	169.0,	119.265,			1.477,			0.176,			0.057
305,	1,	157.0,	119.302,			2.571,			0.174,			0.057
306,	1,	90.0,	119.397,			2.408,			0.293,			0.05
307,	1,	7.0,	119.421,			2.438,			0.291,			0.06
308,	1,	512.0,	119.5,			1.769,			0.207,			0.055
309,	1,	28.0,	119.666,			1.575,			0.189,			0.06
310,	1,	7.0,	119.795,			1.698,			0.176,			0.053
311,	1,	103.0,	120.241,			2.976,			0.219,			0.056
312,	1,	6.0,	120.313,			1.473,			0.2,			0.059
313,	2,	100.0,	120.319,			13.42,			1.175,			0.107
314,	1,	6.0,	120.365,			1.422,			0.242,			0.057
315,	1,	16.0,	120.395,			2.22,			0.279,			0.057
316,	1,	379.0,	120.542,			1.517,			0.101,			0.055
317,	1,	120.0,	120.833,			1.523,			0.275,			0.058
318,	1,	10.0,	120.879,			1.07,			0.113,			0.051
319,	1,	7.0,	120.961,			2.092,			0.298,			0.052
320,	1,	7.0,	121.141,			1.038,			0.27,			0.05
321,	1,	7.0,	121.178,			2.711,			0.1,			0.051
322,	1,	6.0,	121.327,			2.385,			0.208,			0.055
323,	1,	90.0,	121.346,			1.653,			0.141,			0.055
324,	1,	59.0,	121.585,			2.014,			0.29,			0.052
325,	1,	169.0,	121.628,			2.199,			0.131,			0.059
326,	2,	238.0,	121.649,			12.841,			1.275,			0.2
327,	1,	387.0,	121.682,			1.662,			0.216,			0.055
328,	2,	83.0,	121.908,			12.75,			1.366,			0.165
329,	1,	16.0,	121.984,			2.454,			0.256,			0.052
330,	1,	7.0,	122.146,			1.913,			0.296,			0.059
331,	1,	6.0,	122.317,			1.168,			0.196,			0.051
332,	1,	10.0,	122.355,			1.672,			0.189,			0.058
333,	1,	30.0,	122.456,			1.681,			0.133,			0.058
334,	1,	6.0,	122.567,			2.711,			0.266,			0.051
335,	1,	95.0,	122.644,			1.229,			0.215,			0.053
336,	1,	7.0,	122.711,			2.627,			0.161,			0.059
337,	1,	7.0,	122.76,			2.948,			0.108,			0.057
338,	1,	103.0,	122.834,			2.43,			0.228,			0.053
339,	1,	6.0,	122.902,			2.056,			0.103,			0.05
340,	1,	6.0,	122.966,			1.393,			0.217,			0.055
341,	1,	214.0,	123.461,			2.819,			0.256,			0.051
342,	1,	214.0,	123.646,			2.99,			0.118,			0.057
343,	1,	6.0,	123.734,			2.127,			0.132,			0.06
344,	1,	44.0,	123.749,			1.639,			0.297,			0.051
345,	1,	44.0,	123.881,			2.606,			0.237,			0.055
346,	1,	7.0,	124.05,			1.807,			0.106,			0.06
347,	1,	13.0,	124.077,			2.114,			0.101,			0.059
348,	1,	126.0,	124.16,			2.712,			0.151,			0.051
349,	1,	7.0,	124.39,			2.163,			0.208,			0.051
350,	1,	157.0,	124.991,			2.479,			0.242,			0.06
351,	1,	13.0,	125.371,			2.138,			0.243,			0.057
352,	2,	231.0,	125.374,			10.71,			1.305,			0.143
353,	1,	30.0,	125.57,			1.343,			0.237,			0.06
354,	1,	10.0,	125.766,			1.672,			0.261,			0.056
355,	1,	59.0,	125.906,			2.5,			0.297,			0.057
356,	1,	95.0,	126.582,			1.662,			0.165,			0.059
357,	1,	49.0,	126.856,			1.313,			0.297,			0.054
358,	1,	169.0,	126.863,			2.797,			0.154,			0.055
359,	1,	13.0,	126.934,			2.866,			0.293,			0.051
360,	1,	169.0,	127.469,			2.673,			0.23,			0.059
361,	1,	7.0,	127.48,			1.307,			0.101,			0.059
362,	2,	121.0,	127.559,			11.402,			1.136,			0.121
363,	1,	49.0,	127.57,			2.709,			0.157,			0.05
364,	1,	28.0,	127.687,			1.22,			0.268,			0.051
365,	1,	6.0,	128.313,			2.056,			0.169,			0.057
366,	1,	28.0,	128.405,			2.652,			0.127,			0.06
367,	2,	123.0,	128.429,			11.387,			1.229,			0.142
368,	1,	7.0,	128.659,			1.188,			0.156,			0.056
369,	2,	158.0,	128.684,			10.826,			1.071,			0.168
370,	1,	120.0,	128.742,			1.455,			0.285,			0.053
371,	1,	6.0,	129.158,			2.87,			0.177,			0.059
372,	1,	10.0,	129.187,			1.969,			0.234,			0.051
373,	1,	44.0,	129.218,			1.187,			0.133,			0.055
374,	1,	387.0,	129.297,			1.038,			0.26,			0.051
375,	1,	44.0,	129.359,			1.08,			0.226,			0.053
376,	1,	214.0,	129.447,			2.398,			0.215,			0.052
377,	1,	30.0,	129.463,			2.565,			0.169,			0.053
378,	1,	90.0,	129.482,			1.61,			0.155,			0.052
379,	2,	93.0,	129.551,			13.837,			1.373,			0.12
380,	1,	90.0,	129.686,			1.024,			0.111,			0.058
381,	1,	379.0,	129.736,			1.513,			0.176,			0.057
382,	1,	146.0,	129.758,			2.932,			0.103,			0.06
383,	1,	49.0,	129.824,			2.057,			0.106,			0.051
384,	1,	512.0,	129.881,			1.322,			0.292,			0.053
385,	1,	59.0,	129.974,			2.351,			0.27,			0.05
386,	1,	90.0,	130.135,			1.071,			0.217,			0.052
387,	2,	117.0,	130.221,			12.057,			1.031,			0.196
388,	1,	7.0,	130.359,			2.8,			0.253,			0.056
389,	1,	44.0,	130.84,			2.695,			0.206,			0.057
390,	1,	146.0,	131.03,			2.03,			0.249,			0.05
391,	1,	90.0,	131.066,			1.981,			0.208,			0.06
392,	1,	7.0,	131.155,			1.421,			0.182,			0.051
393,	1,	146.0,	131.267,			1.111,			0.212,			0.059
394,	2,	150.0,	131.3,			14.931,			1.025,			0.105
395,	2,	197.0,	131.472,			10.721,			1.382,			0.127
396,	1,	512.0,	131.676,			2.795,			0.228,			0.059
397,	1,	498.0,	131.7,			2.36,			0.21,			0.052
398,	1,	512.0,	131.766,			2.691,			0.106,			0.054
399,	1,	126.0,	131.893,			1.291,			0.298,			0.052
400,	1,	49.0,	131.984,			2.034,			0.238,			0.05
401,	1,	6.0,	132.082,			2.318,			0.267,			0.057
402,	1,	169.0,	132.404,			1.933,			0.155,			0.054
403,	2,	312.0,	132.61,			12.134,			1.467,			0.194
404,	1,	126.0,	132.617,			2.013,			0.103,			0.059
405,	1,	512.0,	132.661,			2.638,			0.233,			0.052
406,	1,	512.0,	132.939,			2.252,			0.256,			0.058
407,	1,	146.0,	133.16,			2.567,			0.228,			0.053
408,	1,	44.0,	133.175,			1.869,			0.203,			0.06
409,	1,	447.0,	133.214,			1.483,			0.277,			0.053
410,	1,	157.0,	133.37,			1.402,			0.292,			0.055
411,	1,	28.0,	133.562,			2.976,			0.273,			0.059
412,	1,	95.0,	133.908,			1.915,			0.135,			0.06
413,	1,	7.0,	134.088,			2.491,			0.195,			0.058
414,	1,	10.0,	134.17,			2.653,			0.214,			0.051
415,	1,	49.0,	134.383,			1.083,			0.198,			0.058
416,	1,	447.0,	134.401,			1.827,			0.19,			0.056
417,	1,	214.0,	134.433,			1.157,			0.138,			0.06
418,	1,	6.0,	134.822,			2.027,			0.232,			0.057
419,	1,	28.0,	135.208,			1.737,			0.197,			0.053
420,	1,	95.0,	135.297,			1.984,			0.142,			0.054
421,	1,	95.0,	135.374,			2.407,			0.106,			0.057
422,	1,	7.0,	135.549,			2.133,			0.276,			0.055
423,	1,	126.0,	135.733,			2.846,			0.158,			0.058
424,	2,	117.0,	136.084,			12.93,			1.498,			0.165
425,	1,	120.0,	136.296,			1.08,			0.233,			0.058
426,	1,	7.0,	136.333,			2.58,			0.177,			0.057
427,	1,	498.0,	136.468,			1.45,			0.292,			0.054
428,	2,	214.0,	136.645,			11.404,			1.439,			0.109
429,	1,	59.0,	136.65,			1.367,			0.195,			0.059
430,	1,	559.0,	136.745,			1.025,			0.29,			0.051
431,	1,	512.0,	136.982,			2.027,			0.138,			0.055
432,	1,	447.0,	136.995,			1.698,			0.256,			0.058
433,	1,	169.0,	137.282,			1.869,			0.143,			0.054
434,	2,	135.0,	137.424,			14.77,			1.482,			0.129
435,	1,	214.0,	137.593,			2.838,			0.287,			0.05
436,	1,	169.0,	137.721,			1.3,			0.161,			0.051
437,	1,	120.0,	137.951,			1.104,			0.137,			0.06
438,	1,	559.0,	138.13,			1.343,			0.133,			0.06
439,	1,	10.0,	138.465,			1.478,			0.29,			0.05
440,	1,	28.0,	138.49,			1.119,			0.294,			0.055
441,	1,	16.0,	138.56,			1.491,			0.28,			0.052
442,	1,	126.0,	138.736,			1.484,			0.286,			0.056
443,	1,	387.0,	138.858,			2.565,			0.287,			0.05
444,	2,	192.0,	138.934,			14.424,			1.273,			0.169
445,	1,	214.0,	138.959,			2.834,			0.219,			0.053
446,	1,	512.0,	139.192,			1.633,			0.254,			0.055
447,	1,	13.0,	139.28,			1.631,			0.173,			0.058
448,	1,	6.0,	139.478,			1.322,			0.223,			0.058
449,	1,	447.0,	139.499,			2.282,			0.23,			0.055
450,	1,	498.0,	139.527,			1.423,			0.272,			0.057
451,	1,	95.0,	140.071,			2.298,			0.28,			0.057
452,	1,	157.0,	140.153,			1.639,			0.189,			0.055
453,	1,	95.0,	140.157,			2.763,			0.259,			0.056
454,	1,	447.0,	140.536,			1.232,			0.229,			0.055
455,	1,	157.0,	140.726,			1.105,			0.131,			0.059
456,	1,	6.0,	141.05,			1.395,			0.288,			0.053
457,	1,	16.0,	141.069,			1.581,			0.282,			0.057
458,	1,	44.0,	141.175,			2.238,			0.148,			0.053
459,	1,	126.0,	141.339,			1.915,			0.244,			0.054
460,	1,	44.0,	141.37,			1.643,			0.104,			0.05
461,	1,	7.0,	141.432,			1.115,			0.298,			0.06
462,	1,	13.0,	141.638,			2.541,			0.225,			0.054
463,	1,	169.0,	141.721,			1.46,			0.15,			0.055
464,	1,	59.0,	142.046,			1.052,			0.268,			0.055
465,	1,	90.0,	142.596,			2.879,			0.279,			0.058
466,	1,	44.0,	142.676,			2.761,			0.164,			0.055
467,	1,	28.0,	142.677,			1.9,			0.297,			0.055
468,	1,	90.0,	142.698,			1.048,			0.133,			0.053
469,	1,	498.0,	143.103,			2.955,			0.133,			0.057
470,	1,	16.0,	143.324,			2.789,			0.124,			0.054
471,	1,	6.0,	143.419,			1.495,			0.202,			0.052
472,	1,	7.0,	143.508,			1.653,			0.136,			0.053
473,	1,	7.0,	143.587,			1.907,			0.162,			0.057
474,	1,	379.0,	143.607,			1.4,			0.281,			0.057
475,	1,	95.0,	143.637,			1.178,			0.206,			0.052
476,	1,	512.0,	143.897,			2.317,			0.289,			0.055
477,	1,	7.0,	143.91,			2.014,			0.167,			0.051
478,	1,	49.0,	143.956,			2.751,			0.221,			0.056
479,	1,	30.0,	144.073,			2.548,			0.116,			0.052
480,	1,	498.0,	144.235,			1.597,			0.172,			0.053
481,	1,	157.0,	144.291,			1.107,			0.185,			0.056
482,	1,	13.0,	144.334,			1.653,			0.277,			0.053
483,	1,	7.0,	144.638,			2.132,			0.167,			0.058
484,	1,	13.0,	144.776,			1.243,			0.187,			0.055
485,	1,	7.0,	145.039,			2.544,			0.173,			0.06
486,	1,	447.0,	145.216,			2.553,			0.272,			0.059
487,	1,	6.0,	145.321,			1.879,			0.276,			0.056
488,	1,	146.0,	145.463,			1.211,			0.292,			0.053
489,	1,	59.0,	145.731,			1.151,			0.162,			0.057
490,	1,	103.0,	145.853,			1.406,			0.215,			0.056
491,	1,	7.0,	146.145,			1.601,			0.15,			0.057
492,	1,	95.0,	146.152,			2.26,			0.144,			0.056
493,	1,	214.0,	146.305,			1.663,			0.215,			0.056
494,	1,	126.0,	146.491,			2.789,			0.233,			0.052
495,	1,	7.0,	146.561,			2.454,			0.277,			0.058
496,	1,	512.0,	146.651,			2.843,			0.142,			0.059
497,	1,	7.0,	146.755,			1.551,			0.159,			0.06
498,	2,	106.0,	146.791,			10.523,			1.484,			0.135
499,	2,	97.0,	146.973,			13.381,			1.141,			0.156
500,	1,	44.0,	147.08,			2.819,			0.207,			0.057
501,	1,	103.0,	147.134,			1.009,			0.23,			0.058
502,	1,	214.0,	147.271,			1.991,			0.113,			0.05
503,	1,	6.0,	147.359,			2.454,			0.192,			0.05
504,	1,	120.0,	147.539,			1.509,			0.27,			0.055
505,	2,	187.0,	147.71,			14.439,			1.058,			0.133
506,	1,	44.0,	147.795,			2.133,			0.104,			0.054
507,	1,	126.0,	148.067,			2.947,			0.226,			0.053
508,	1,	103.0,	148.201,			1.303,			0.146,			0.059
509,	1,	6.0,	148.923,			1.966,			0.22,			0.056
510,	1,	95.0,	149.038,			2.52,			0.116,			0.056
511,	1,	49.0,	149.205,			2.954,			0.114,			0.052
512,	1,	103.0,	149.219,			1.597,			0.179,			0.055
513,	1,	95.0,	149.23,			2.479,			0.202,			0.055
514,	2,	246.0,	149.281,			12.767,			1.244,			0.182
515,	1,	559.0,	149.289,			1.977,			0.29,			0.053
516,	1,	120.0,	149.332,			1.229,			0.239,			0.05
517,	1,	7.0,	149.421,			2.299,			0.28,			0.06
518,	1,	512.0,	149.459,			1.542,			0.251,			0.057
519,	1,	44.0,	149.566,			1.984,			0.284,			0.051
520,	1,	387.0,	149.716,			2.761,			0.137,			0.054
521,	1,	30.0,	149.745,			1.173,			0.111,			0.057
522,	1,	7.0,	149.89,			1.769,			0.193,			0.056
523,	1,	447.0,	150.252,			2.076,			0.205,			0.056
524,	1,	120.0,	150.462,			1.172,			0.207,			0.058
525,	1,	30.0,	150.585,			1.05,			0.134,			0.053
526,	1,	59.0,	150.614,			1.232,			0.135,			0.052
527,	1,	214.0,	150.625,			2.449,			0.144,			0.057
528,	1,	49.0,	150.63,			1.23,			0.129,			0.052
529,	1,	13.0,	150.837,			2.5,			0.192,			0.054
530,	2,	146.0,	150.992,			10.485,			1.321,			0.147
531,	1,	103.0,	151.064,			2.298,			0.287,			0.059
532,	1,	6.0,	151.184,			1.537,			0.288,			0.059
533,	1,	59.0,	151.342,			2.999,			0.14,			0.053
534,	1,	13.0,	151.434,			2.298,			0.194,			0.053
535,	1,	90.0,	151.479,			1.188,			0.202,			0.057
536,	1,	30.0,	151.627,			1.403,			0.178,			0.058
537,	2,	161.0,	152.033,			13.186,			1.491,			0.176
538,	1,	10.0,	152.042,			2.78,			0.187,			0.058
539,	1,	7.0,	152.15,			1.59,			0.186,			0.057
540,	1,	169.0,	152.274,			2.486,			0.278,			0.052
541,	1,	7.0,	152.457,			2.047,			0.162,			0.052
542,	1,	44.0,	153.092,			2.047,			0.15,			0.055
543,	1,	90.0,	153.272,			1.111,			0.217,			0.055
544,	1,	30.0,	153.415,			1.929,			0.283,			0.054
545,	2,	299.0,	153.433,			12.458,			1.33,			0.176
546,	1,	498.0,	153.512,			1.146,			0.277,			0.059
547,	1,	126.0,	153.612,			1.204,			0.135,			0.059
548,	1,	146.0,	153.664,			1.121,			0.187,			0.055
549,	1,	103.0,	153.692,			1.554,			0.254,			0.056
550,	2,	157.0,	153.758,			12.54,			1.296,			0.13
551,	1,	44.0,	153.781,			1.853,			0.122,			0.05
552,	1,	95.0,	153.887,			1.395,			0.266,			0.05
553,	1,	126.0,	153.904,			1.756,			0.187,			0.053
554,	1,	44.0,	154.072,			2.448,			0.19,			0.06
555,	1,	44.0,	154.092,			1.211,			0.155,			0.057
556,	1,	7.0,	154.339,			1.096,			0.103,			0.051
557,	1,	59.0,	154.39,			2.834,			0.27,			0.055
558,	1,	44.0,	154.462,			2.556,			0.268,			0.06
559,	1,	214.0,	154.851,			1.669,			0.189,			0.057
560,	1,	214.0,	155.151,			2.606,			0.293,			0.05
561,	1,	146.0,	155.161,			2.751,			0.157,			0.055
562,	1,	169.0,	155.398,			1.028,			0.228,			0.054
563,	1,	498.0,	155.581,			1.517,			0.148,			0.051
564,	1,	447.0,	155.583,			1.716,			0.238,			0.057
565,	1,	146.0,	155.696,			1.681,			0.195,			0.059
566,	1,	169.0,	155.783,			2.326,			0.107,			0.054
567,	1,	7.0,	155.932,			2.596,			0.187,			0.052
568,	1,	6.0,	155.982,			2.714,			0.217,			0.053
569,	1,	498.0,	156.376,			1.672,			0.21,			0.055
570,	1,	28.0,	156.434,			1.962,			0.177,			0.056
571,	1,	447.0,	156.522,			1.833,			0.218,			0.055
572,	1,	447.0,	156.682,			2.852,			0.274,			0.053
573,	1,	6.0,	156.835,			1.027,			0.203,			0.059
574,	1,	28.0,	156.835,			1.841,			0.152,			0.058
575,	1,	498.0,	156.95,			2.252,			0.161,			0.059
576,	1,	157.0,	157.008,			2.568,			0.289,			0.056
577,	1,	44.0,	157.118,			1.869,			0.277,			0.06
578,	1,	44.0,	157.17,			1.681,			0.159,			0.052
579,	1,	59.0,	157.193,			1.991,			0.245,			0.054
580,	1,	146.0,	157.35,			2.051,			0.203,			0.056
581,	1,	214.0,	157.75,			1.681,			0.15,			0.06
582,	1,	44.0,	157.862,			1.499,			0.147,			0.053
583,	1,	214.0,	157.889,			2.103,			0.248,			0.051
584,	1,	146.0,	158.398,			1.114,			0.256,			0.053
585,	1,	379.0,	158.438,			2.149,			0.122,			0.057
586,	1,	30.0,	158.445,			2.819,			0.258,			0.052
587,	1,	90.0,	158.486,			1.848,			0.17,			0.055
588,	1,	90.0,	158.772,			2.865,			0.26,			0.059
589,	1,	7.0,	159.001,			1.551,			0.289,			0.054
590,	1,	7.0,	159.148,			2.222,			0.267,			0.053
591,	1,	7.0,	159.331,			1.807,			0.107,			0.059
592,	1,	214.0,	159.351,			1.455,			0.203,			0.057
593,	1,	59.0,	159.39,			1.703,			0.116,			0.059
594,	1,	157.0,	159.43,			1.217,			0.175,			0.058
595,	1,	59.0,	159.831,			2.169,			0.254,			0.052
596,	1,	6.0,	160.389,			2.866,			0.228,			0.06
597,	1,	120.0,	160.4,			1.009,			0.283,			0.057
598,	1,	10.0,	160.684,			1.708,			0.236,			0.06
599,	1,	30.0,	160.848,			2.237,			0.235,			0.052
600,	1,	6.0,	160.964,			2.556,			0.259,			0.055
601,	1,	44.0,	161.216,			2.346,			0.162,			0.055
602,	1,	387.0,	161.324,			2.155,			0.257,			0.056
603,	2,	110.0,	161.336,			10.404,			1.233,			0.125
604,	1,	169.0,	161.763,			2.388,			0.224,			0.058
605,	1,	16.0,	161.971,			2.232,			0.161,			0.059
606,	1,	6.0,	162.209,			1.035,			0.165,			0.055
607,	1,	7.0,	162.405,			1.307,			0.18,			0.053
608,	2,	113.0,	162.526,			14.582,			1.07,			0.118
609,	1,	95.0,	162.597,			2.349,			0.23,			0.058
610,	1,	387.0,	162.634,			1.157,			0.2,			0.052
611,	2,	84.0,	162.683,			14.576,			1.491,			0.156
612,	1,	7.0,	162.917,			2.393,			0.272,			0.06
613,	2,	125.0,	162.938,			11.753,			1.127,			0.117
614,	1,	387.0,	162.965,			1.482,			0.221,			0.06
615,	1,	169.0,	163.305,			1.927,			0.118,			0.052
616,	1,	44.0,	163.546,			1.928,			0.183,			0.057
617,	1,	387.0,	163.702,			2.057,			0.157,			0.059
618,	1,	30.0,	163.9,			2.143,			0.187,			0.06
619,	1,	447.0,	164.235,			1.981,			0.299,			0.058
620,	1,	30.0,	164.51,			2.149,			0.228,			0.052
621,	2,	167.0,	164.512,			11.078,			1.023,			0.13
622,	2,	132.0,	165.005,			13.262,			1.042,			0.123
623,	1,	447.0,	165.285,			2.628,			0.154,			0.055
624,	2,	147.0,	165.287,			14.737,			1.31,			0.172
625,	1,	379.0,	165.411,			1.491,			0.184,			0.053
626,	1,	146.0,	165.452,			1.61,			0.142,			0.052
627,	1,	90.0,	165.525,			1.991,			0.275,			0.06
628,	1,	498.0,	165.755,			1.431,			0.208,			0.054
629,	1,	498.0,	165.776,			1.014,			0.245,			0.058
630,	1,	512.0,	165.988,			1.669,			0.235,			0.055
631,	1,	214.0,	166.215,			1.99,			0.172,			0.052
632,	1,	103.0,	166.459,			1.64,			0.215,			0.058
633,	1,	512.0,	166.704,			1.144,			0.293,			0.055
634,	1,	559.0,	166.917,			2.955,			0.129,			0.053
635,	1,	6.0,	167.079,			1.243,			0.226,			0.05
636,	1,	387.0,	167.164,			1.811,			0.158,			0.058
637,	1,	447.0,	167.304,			1.005,			0.121,			0.06
638,	1,	6.0,	167.572,			2.525,			0.123,			0.054
639,	1,	6.0,	167.802,			2.88,			0.107,			0.053
640,	1,	59.0,	167.999,			2.562,			0.247,			0.058
641,	1,	157.0,	168.092,			2.616,			0.125,			0.059
642,	1,	44.0,	168.369,			2.568,			0.149,			0.058
643,	1,	498.0,	168.403,			2.324,			0.171,			0.055
644,	1,	95.0,	168.534,			2.2,			0.245,			0.057
645,	1,	157.0,	168.555,			1.857,			0.257,			0.059
646,	1,	10.0,	168.819,			1.356,			0.269,			0.056
647,	1,	7.0,	168.878,			2.176,			0.276,			0.059
648,	1,	7.0,	168.906,			1.791,			0.187,			0.055
649,	1,	512.0,	169.012,			1.612,			0.116,			0.054
650,	1,	103.0,	169.054,			1.056,			0.221,			0.053
651,	1,	10.0,	169.068,			2.761,			0.206,			0.053
652,	1,	90.0,	169.434,			2.991,			0.275,			0.057
653,	1,	7.0,	169.496,			1.309,			0.111,			0.059
654,	1,	59.0,	169.808,			1.537,			0.131,			0.054
655,	1,	59.0,	169.838,			1.467,			0.268,			0.059
656,	1,	103.0,	170.069,			2.305,			0.267,			0.052
657,	1,	169.0,	170.094,			2.298,			0.299,			0.057
658,	1,	387.0,	170.211,			2.645,			0.266,			0.051
659,	1,	120.0,	170.512,			2.628,			0.192,			0.058
660,	2,	108.0,	170.553,			12.615,			1.166,			0.176
661,	1,	16.0,	170.576,			2.222,			0.184,			0.051
662,	1,	6.0,	170.582,			1.217,			0.176,			0.054
663,	1,	28.0,	170.594,			2.799,			0.183,			0.051
664,	1,	95.0,	170.823,			2.599,			0.249,			0.052
665,	1,	28.0,	171.07,			1.35,			0.209,			0.052
666,	1,	214.0,	171.077,			1.302,			0.175,			0.051
667,	1,	498.0,	171.094,			1.769,			0.174,			0.051
668,	1,	146.0,	171.7,			2.874,			0.133,			0.051
669,	2,	99.0,	171.792,			11.09,			1.188,			0.167
670,	1,	157.0,	171.886,			2.69,			0.27,			0.056
671,	1,	379.0,	171.979,			1.991,			0.164,			0.052
672,	1,	120.0,	172.097,			2.232,			0.166,			0.054
673,	1,	44.0,	172.321,			2.857,			0.195,			0.052
674,	1,	157.0,	172.347,			1.104,			0.237,			0.054
675,	2,	236.0,	172.553,			13.093,			1.397,			0.154
676,	2,	181.0,	172.653,			10.999,			1.329,			0.108
677,	1,	13.0,	172.809,			1.963,			0.177,			0.056
678,	1,	44.0,	172.812,			1.671,			0.249,			0.054
679,	1,	214.0,	172.946,			1.283,			0.17,			0.055
680,	1,	103.0,	172.997,			2.643,			0.229,			0.057
681,	1,	214.0,	173.199,			1.933,			0.222,			0.053
682,	1,	44.0,	173.388,			2.735,			0.12,			0.059
683,	1,	95.0,	173.697,			1.174,			0.131,			0.054
684,	1,	13.0,	173.722,			1.282,			0.24,			0.058
685,	1,	512.0,	173.764,			1.091,			0.174,			0.05
686,	1,	44.0,	174.052,			2.302,			0.256,			0.059
687,	1,	559.0,	174.173,			2.326,			0.293,			0.057
688,	2,	113.0,	174.323,			11.383,			1.126,			0.184
689,	1,	28.0,	174.375,			2.393,			0.161,			0.052
690,	1,	6.0,	174.399,			1.814,			0.161,			0.055
691,	2,	133.0,	175.028,			11.228,			1.227,			0.19
692,	1,	16.0,	175.315,			1.728,			0.247,			0.059
693,	1,	169.0,	175.617,			1.932,			0.103,			0.059
694,	1,	16.0,	175.82,			2.323,			0.296,			0.058
695,	1,	6.0,	176.082,			1.517,			0.267,			0.059
696,	1,	28.0,	176.168,			2.057,			0.223,			0.054
697,	1,	126.0,	176.716,			2.974,			0.109,			0.057
698,	1,	7.0,	176.726,			2.777,			0.154,			0.053
699,	1,	512.0,	177.057,			2.025,			0.166,			0.06
700,	1,	16.0,	177.21,			2.711,			0.237,			0.057
701,	1,	44.0,	177.482,			1.432,			0.296,			0.054
702,	1,	512.0,	177.507,			2.154,			0.222,			0.058
703,	1,	120.0,	177.52,			2.384,			0.219,			0.055
704,	1,	498.0,	177.563,			2.369,			0.126,			0.052
705,	1,	103.0,	177.791,			2.685,			0.185,			0.051
706,	1,	214.0,	177.979,			2.857,			0.288,			0.052
707,	1,	103.0,	178.674,			2.223,			0.237,			0.052
708,	1,	126.0,	178.9,			2.879,			0.297,			0.058
709,	1,	6.0,	179.125,			1.402,			0.182,			0.05
710,	1,	49.0,	179.266,			2.768,			0.107,			0.056
711,	1,	95.0,	179.326,			2.567,			0.293,			0.058
712,	1,	16.0,	179.393,			2.643,			0.119,			0.054
713,	1,	498.0,	179.743,			2.288,			0.152,			0.052
714,	1,	49.0,	179.929,			2.377,			0.294,			0.054
715,	1,	126.0,	180.258,			2.787,			0.25,			0.057
716,	2,	169.0,	180.546,			12.93,			1.421,			0.189
717,	1,	6.0,	180.57,			2.76,			0.124,			0.053
718,	1,	7.0,	180.821,			2.219,			0.148,			0.057
719,	1,	44.0,	180.893,			1.912,			0.195,			0.059
720,	1,	387.0,	180.908,			2.874,			0.128,			0.052
721,	1,	6.0,	180.932,			2.532,			0.219,			0.054
722,	2,	88.0,	181.448,			10.432,			1.198,			0.163
723,	1,	498.0,	181.917,			1.186,			0.205,			0.053
724,	1,	126.0,	181.92,			1.609,			0.232,			0.051
725,	1,	512.0,	182.047,			2.386,			0.209,			0.059
726,	1,	6.0,	182.146,			1.729,			0.231,			0.058
727,	1,	49.0,	182.569,			2.576,			0.187,			0.053
728,	1,	146.0,	182.678,			1.291,			0.198,			0.056
729,	1,	59.0,	182.711,			1.071,			0.119,			0.057
730,	1,	146.0,	182.923,			1.104,			0.187,			0.054
731,	1,	59.0,	183.041,			1.844,			0.195,			0.057
732,	1,	214.0,	183.059,			2.018,			0.249,			0.059
733,	1,	512.0,	183.131,			2.509,			0.151,			0.053
734,	1,	6.0,	183.676,			1.728,			0.258,			0.051
735,	1,	44.0,	183.744,			2.556,			0.293,			0.059
736,	1,	28.0,	184.243,			2.986,			0.256,			0.051
737,	1,	126.0,	184.417,			1.144,			0.294,			0.055
738,	1,	6.0,	185.042,			2.928,			0.124,			0.052
739,	1,	13.0,	185.118,			2.282,			0.272,			0.052
740,	1,	157.0,	185.368,			2.286,			0.164,			0.052
741,	1,	49.0,	185.707,			2.273,			0.145,			0.052
742,	1,	6.0,	185.765,			1.968,			0.112,			0.053
743,	1,	498.0,	185.791,			1.653,			0.212,			0.053
744,	1,	49.0,	185.841,			1.981,			0.272,			0.059
745,	1,	10.0,	186.314,			1.121,			0.116,			0.054
746,	1,	44.0,	186.768,			2.675,			0.155,			0.053
747,	1,	103.0,	187.093,			2.232,			0.147,			0.051
748,	1,	7.0,	187.118,			1.186,			0.211,			0.054
749,	2,	128.0,	187.224,			14.057,			1.227,			0.117
750,	1,	157.0,	187.316,			2.802,			0.157,			0.059
751,	2,	109.0,	187.751,			11.186,			1.335,			0.171
752,	1,	447.0,	187.854,			1.737,			0.201,			0.051
753,	2,	130.0,	188.085,			11.885,			1.02,			0.131
754,	1,	28.0,	188.295,			1.653,			0.15,			0.056
755,	1,	16.0,	188.563,			2.223,			0.284,			0.058
756,	2,	94.0,	188.783,			11.85,			1.392,			0.114
757,	1,	7.0,	188.881,			1.383,			0.272,			0.055
758,	1,	44.0,	188.887,			2.131,			0.28,			0.055
759,	1,	30.0,	189.023,			1.028,			0.122,			0.06
760,	1,	559.0,	189.212,			2.653,			0.214,			0.057
761,	1,	44.0,	189.278,			1.293,			0.113,			0.052
762,	1,	7.0,	190.252,			2.99,			0.277,			0.056
763,	1,	13.0,	190.317,			1.098,			0.243,			0.052
764,	2,	187.0,	190.35,			10.316,			1.096,			0.113
765,	2,	151.0,	190.406,			11.027,			1.147,			0.108
766,	1,	6.0,	190.497,			1.186,			0.136,			0.058
767,	1,	387.0,	190.598,			1.811,			0.135,			0.052
768,	1,	7.0,	190.722,			2.973,			0.249,			0.054
769,	1,	7.0,	190.894,			2.991,			0.151,			0.053
770,	1,	157.0,	191.062,			1.447,			0.126,			0.059
771,	1,	157.0,	191.122,			2.427,			0.159,			0.057
772,	2,	76.0,	191.151,			12.26,			1.175,			0.107
773,	2,	165.0,	191.263,			12.767,			1.416,			0.14
774,	2,	219.0,	191.329,			13.148,			1.075,			0.14
775,	1,	16.0,	191.358,			2.799,			0.278,			0.054
776,	1,	379.0,	191.617,			1.557,			0.136,			0.054
777,	1,	13.0,	191.842,			1.442,			0.296,			0.054
778,	1,	214.0,	192.473,			1.376,			0.19,			0.056
779,	1,	157.0,	192.556,			2.084,			0.119,			0.053
780,	1,	7.0,	192.561,			1.145,			0.224,			0.052
781,	1,	387.0,	192.716,			1.358,			0.162,			0.057
782,	1,	498.0,	192.765,			2.184,			0.187,			0.057
783,	1,	126.0,	192.783,			2.176,			0.162,			0.051
784,	1,	447.0,	193.358,			1.211,			0.199,			0.058
785,	2,	67.0,	193.399,			10.902,			1.492,			0.107
786,	1,	95.0,	193.569,			2.943,			0.166,			0.058
787,	1,	28.0,	193.638,			2.244,			0.28,			0.055
788,	1,	214.0,	194.837,			2.087,			0.133,			0.054
789,	1,	559.0,	194.951,			1.367,			0.284,			0.054
790,	2,	182.0,	195.064,			12.242,			1.075,			0.172
791,	1,	7.0,	195.142,			1.426,			0.206,			0.06
792,	1,	7.0,	195.207,			2.098,			0.27,			0.058
793,	1,	95.0,	195.223,			1.303,			0.294,			0.055
794,	1,	120.0,	195.629,			2.298,			0.268,			0.058
795,	1,	6.0,	196.048,			2.0,			0.253,			0.06
796,	1,	10.0,	196.844,			2.415,			0.278,			0.06
797,	1,	30.0,	197.123,			1.924,			0.152,			0.051
798,	1,	59.0,	197.155,			2.11,			0.148,			0.052
799,	1,	498.0,	197.237,			1.69,			0.28,			0.05
800,	1,	7.0,	197.59,			2.301,			0.225,			0.054
801,	1,	7.0,	197.672,			1.985,			0.19,			0.058
802,	1,	512.0,	197.682,			2.198,			0.193,			0.057
803,	1,	120.0,	197.784,			2.048,			0.294,			0.057
804,	1,	7.0,	197.918,			2.705,			0.245,			0.052
805,	1,	13.0,	197.961,			1.269,			0.17,			0.053
806,	1,	95.0,	198.204,			2.832,			0.239,			0.056
807,	1,	44.0,	198.228,			1.417,			0.207,			0.051
808,	1,	95.0,	198.404,			1.523,			0.225,			0.054
809,	1,	7.0,	198.508,			2.194,			0.27,			0.051
810,	1,	6.0,	198.596,			2.974,			0.19,			0.051
811,	1,	157.0,	198.746,			1.566,			0.194,			0.059
812,	1,	7.0,	198.833,			1.191,			0.27,			0.052
813,	1,	13.0,	199.14,			2.393,			0.113,			0.054
814,	2,	176.0,	199.149,			10.103,			1.143,			0.157
815,	1,	6.0,	199.608,			1.141,			0.137,			0.059
816,	1,	59.0,	199.693,			2.102,			0.208,			0.057
817,	1,	90.0,	199.701,			2.976,			0.177,			0.057
818,	1,	59.0,	200.079,			2.321,			0.277,			0.059
819,	1,	157.0,	200.093,			1.269,			0.187,			0.058
820,	1,	120.0,	200.303,			2.454,			0.135,			0.056
821,	1,	6.0,	200.331,			2.701,			0.227,			0.051
822,	1,	169.0,	200.407,			1.22,			0.198,			0.059
823,	1,	13.0,	200.532,			1.972,			0.243,			0.051
824,	1,	7.0,	200.674,			2.58,			0.217,			0.052
825,	1,	126.0,	200.728,			2.955,			0.168,			0.057
826,	1,	120.0,	200.849,			2.907,			0.214,			0.059
827,	2,	60.0,	200.903,			11.28,			1.098,			0.1
828,	1,	120.0,	200.917,			1.76,			0.226,			0.054
829,	2,	202.0,	201.355,			11.69,			1.455,			0.167
830,	1,	512.0,	201.544,			2.127,			0.284,			0.06
831,	1,	6.0,	201.656,			1.103,			0.135,			0.051
832,	1,	512.0,	201.912,			1.203,			0.188,			0.05
833,	1,	6.0,	202.034,			1.394,			0.189,			0.057
834,	1,	44.0,	202.488,			2.055,			0.131,			0.054
835,	1,	30.0,	202.489,			1.467,			0.244,			0.051
836,	1,	498.0,	203.03,			1.774,			0.159,			0.055
837,	2,	136.0,	203.093,			12.057,			1.066,			0.11
838,	2,	339.0,	203.107,			11.85,			1.215,			0.182
839,	1,	169.0,	203.488,			2.503,			0.225,			0.055
840,	1,	157.0,	203.618,			1.442,			0.172,			0.052
841,	1,	49.0,	203.679,			1.915,			0.11,			0.056
842,	1,	13.0,	203.738,			2.219,			0.157,			0.058
843,	1,	559.0,	203.857,			2.569,			0.28,			0.051
844,	1,	7.0,	203.865,			1.061,			0.198,			0.054
845,	2,	239.0,	204.191,			11.982,			1.322,			0.152
846,	1,	120.0,	204.394,			1.232,			0.15,			0.05
847,	1,	387.0,	205.921,			2.038,			0.153,			0.059
848,	2,	96.0,	205.937,			13.587,			1.381,			0.169
849,	1,	157.0,	206.321,			2.727,			0.194,			0.057
850,	1,	44.0,	206.471,			1.096,			0.193,			0.058
851,	1,	559.0,	206.881,			2.864,			0.29,			0.057
852,	1,	59.0,	207.057,			1.587,			0.134,			0.055
853,	1,	7.0,	207.138,			1.45,			0.179,			0.058
854,	1,	157.0,	207.54,			1.684,			0.177,			0.057
855,	1,	7.0,	208.132,			2.695,			0.14,			0.051
856,	1,	146.0,	208.203,			2.09,			0.183,			0.05
857,	2,	136.0,	208.239,			11.508,			1.073,			0.101
858,	1,	157.0,	208.371,			2.541,			0.228,			0.053
859,	1,	16.0,	208.567,			2.407,			0.241,			0.051
860,	1,	387.0,	208.805,			1.61,			0.153,			0.055
861,	1,	7.0,	208.959,			1.141,			0.251,			0.055
862,	1,	214.0,	209.104,			2.945,			0.243,			0.056
863,	1,	6.0,	209.252,			1.609,			0.277,			0.053
864,	1,	7.0,	209.268,			1.078,			0.133,			0.053
865,	1,	120.0,	209.279,			2.753,			0.276,			0.051
866,	1,	7.0,	209.357,			1.158,			0.106,			0.056
867,	1,	44.0,	209.404,			1.007,			0.148,			0.054
868,	1,	6.0,	210.24,			1.455,			0.146,			0.057
869,	1,	214.0,	210.307,			1.028,			0.22,			0.06
870,	1,	28.0,	210.959,			2.795,			0.238,			0.057
871,	2,	151.0,	210.985,			13.933,			1.082,			0.123
872,	2,	167.0,	211.822,			12.435,			1.164,			0.18
873,	1,	7.0,	212.168,			1.119,			0.15,			0.058
874,	1,	16.0,	212.364,			1.591,			0.207,			0.054
875,	1,	559.0,	212.712,			2.772,			0.117,			0.051
876,	1,	7.0,	212.805,			2.852,			0.244,			0.059
877,	1,	126.0,	213.188,			2.548,			0.215,			0.052
878,	1,	146.0,	213.599,			2.874,			0.151,			0.059
879,	1,	559.0,	213.601,			1.3,			0.191,			0.057
880,	1,	44.0,	213.677,			2.545,			0.231,			0.051
881,	1,	7.0,	214.277,			1.289,			0.15,			0.054
882,	1,	447.0,	214.279,			1.366,			0.142,			0.057
883,	1,	126.0,	214.426,			1.083,			0.185,			0.054
884,	1,	146.0,	214.929,			2.457,			0.135,			0.051
885,	2,	174.0,	215.357,			14.515,			1.456,			0.12
886,	1,	7.0,	215.716,			1.25,			0.216,			0.058
887,	1,	120.0,	215.788,			1.028,			0.14,			0.06
888,	1,	214.0,	215.903,			1.414,			0.272,			0.06
889,	1,	90.0,	216.345,			2.78,			0.12,			0.059
890,	1,	59.0,	216.41,			2.027,			0.239,			0.055
891,	1,	126.0,	217.004,			2.655,			0.122,			0.056
892,	1,	44.0,	217.278,			2.636,			0.243,			0.056
893,	1,	7.0,	218.028,			2.701,			0.28,			0.056
894,	1,	49.0,	218.321,			1.501,			0.282,			0.051
895,	1,	30.0,	218.666,			2.025,			0.15,			0.059
896,	1,	447.0,	218.719,			1.314,			0.117,			0.059
897,	2,	148.0,	218.735,			11.829,			1.226,			0.13
898,	1,	512.0,	218.843,			2.314,			0.217,			0.055
899,	1,	44.0,	219.046,			1.523,			0.272,			0.058
900,	2,	125.0,	219.461,			12.421,			1.322,			0.187
901,	1,	559.0,	220.022,			1.752,			0.253,			0.056
902,	1,	498.0,	220.17,			2.288,			0.242,			0.052
903,	1,	49.0,	220.9,			2.99,			0.287,			0.052
904,	1,	146.0,	220.978,			1.908,			0.165,			0.052
905,	1,	95.0,	221.011,			1.121,			0.25,			0.058
906,	1,	16.0,	221.592,			1.61,			0.177,			0.051
907,	2,	141.0,	223.684,			13.494,			1.32,			0.13
908,	1,	379.0,	224.33,			1.857,			0.2,			0.057
909,	1,	214.0,	224.99,			1.052,			0.116,			0.059
910,	1,	10.0,	226.026,			2.298,			0.207,			0.052
911,	2,	195.0,	226.263,			13.933,			1.322,			0.105
912,	1,	559.0,	227.409,			2.857,			0.114,			0.054
913,	2,	138.0,	228.538,			10.718,			1.029,			0.138
914,	1,	28.0,	229.165,			2.173,			0.207,			0.05
915,	2,	93.0,	229.356,			10.297,			1.262,			0.103
916,	1,	30.0,	229.357,			1.663,			0.124,			0.051
917,	1,	7.0,	229.847,			2.301,			0.174,			0.058
918,	1,	6.0,	230.309,			2.838,			0.206,			0.058
919,	1,	447.0,	230.461,			2.798,			0.238,			0.054
920,	1,	512.0,	230.555,			1.162,			0.133,			0.05
921,	1,	120.0,	231.013,			2.425,			0.134,			0.052
922,	1,	169.0,	232.312,			1.707,			0.153,			0.055
923,	1,	498.0,	232.839,			2.857,			0.271,			0.06
924,	1,	16.0,	233.4,			1.317,			0.195,			0.055
925,	2,	178.0,	233.447,			12.328,			1.329,			0.159
926,	2,	200.0,	234.354,			10.789,			1.473,			0.125
927,	1,	498.0,	234.669,			2.454,			0.135,			0.054
928,	2,	134.0,	235.029,			11.869,			1.31,			0.112
929,	1,	157.0,	235.753,			2.844,			0.189,			0.058
930,	2,	36.0,	236.414,			11.438,			1.322,			0.141
931,	2,	149.0,	236.427,			11.091,			1.471,			0.195
932,	2,	150.0,	237.629,			11.496,			1.491,			0.127
933,	1,	120.0,	239.59,			2.318,			0.284,			0.059
934,	2,	211.0,	239.61,			10.481,			1.368,			0.197
935,	2,	245.0,	241.582,			12.627,			1.053,			0.128
936,	2,	58.0,	241.705,			11.239,			1.423,			0.139
937,	2,	186.0,	242.731,			11.994,			1.479,			0.16
938,	2,	118.0,	243.471,			11.39,			1.186,			0.166
939,	1,	30.0,	243.803,			2.219,			0.247,			0.058
940,	1,	157.0,	243.927,			2.436,			0.169,			0.052
941,	2,	133.0,	244.098,			13.379,			1.166,			0.111
942,	2,	62.0,	245.252,			14.921,			1.039,			0.104
943,	1,	169.0,	246.453,			1.108,			0.29,			0.06
944,	2,	87.0,	246.926,			13.3,			1.323,			0.188
945,	1,	126.0,	247.543,			1.038,			0.239,			0.056
946,	1,	49.0,	248.203,			2.092,			0.212,			0.05
947,	1,	559.0,	249.303,			2.881,			0.187,			0.058
948,	1,	30.0,	249.799,			2.385,			0.135,			0.054
949,	1,	13.0,	249.868,			1.204,			0.114,			0.059
950,	2,	104.0,	250.431,			11.587,			1.4,			0.162
951,	2,	158.0,	252.161,			13.288,			1.46,			0.116
952,	2,	195.0,	255.029,			12.183,			1.261,			0.106
953,	1,	157.0,	255.296,			1.965,			0.164,			0.058
954,	1,	559.0,	256.583,			2.947,			0.21,			0.056
955,	2,	103.0,	256.742,			14.064,			1.027,			0.122
956,	2,	92.0,	257.058,			12.184,			1.313,			0.184
957,	1,	214.0,	257.718,			2.795,			0.111,			0.053
958,	1,	157.0,	257.828,			2.0,			0.111,			0.051
959,	2,	283.0,	258.217,			10.751,			1.029,			0.186
960,	2,	108.0,	259.344,			11.248,			1.453,			0.196
961,	2,	66.0,	259.6,			12.792,			1.067,			0.117
962,	1,	28.0,	260.869,			1.471,			0.28,			0.055
963,	1,	90.0,	261.304,			1.702,			0.233,			0.057
964,	1,	7.0,	261.672,			2.751,			0.251,			0.051
965,	1,	120.0,	263.247,			1.807,			0.157,			0.059
966,	2,	296.0,	264.417,			12.386,			1.354,			0.197
967,	2,	203.0,	266.778,			13.549,			1.056,			0.102
968,	2,	162.0,	268.961,			14.85,			1.494,			0.176
969,	2,	131.0,	269.621,			10.55,			1.097,			0.139
970,	1,	6.0,	269.79,			2.914,			0.263,			0.055
971,	2,	117.0,	270.182,			14.535,			1.345,			0.177
972,	2,	116.0,	271.851,			10.083,			1.361,			0.116
973,	2,	138.0,	272.624,			14.235,			1.096,			0.126
974,	2,	155.0,	272.725,			14.889,			1.247,			0.14
975,	2,	80.0,	273.093,			14.721,			1.042,			0.168
976,	2,	207.0,	273.598,			12.406,			1.049,			0.122
977,	2,	380.0,	276.003,			11.81,			1.042,			0.198
978,	2,	190.0,	276.277,			12.801,			1.27,			0.147
979,	1,	512.0,	276.304,			1.582,			0.167,			0.051
980,	2,	103.0,	278.386,			10.587,			1.465,			0.139
981,	2,	174.0,	278.701,			11.262,			1.001,			0.158
982,	2,	81.0,	279.11,			14.682,			1.066,			0.147
983,	2,	231.0,	280.019,			14.351,			1.268,			0.197
984,	2,	181.0,	280.077,			14.53,			1.456,			0.107
985,	2,	117.0,	280.38,			10.758,			1.48,			0.18
986,	2,	153.0,	281.812,			13.42,			1.013,			0.119
987,	1,	95.0,	282.04,			2.181,			0.162,			0.055
988,	1,	126.0,	282.658,			2.794,			0.286,			0.056
989,	2,	127.0,	285.536,			14.729,			1.141,			0.152
990,	2,	206.0,	287.436,			10.51,			1.381,			0.167
991,	2,	98.0,	288.713,			10.432,			1.24,			0.169
992,	2,	198.0,	289.777,			14.334,			1.065,			0.107
993,	2,	117.0,	291.622,			11.138,			1.386,			0.115
994,	2,	124.0,	296.212,			10.742,			1.117,			0.117
995,	1,	387.0,	296.437,			2.798,			0.21,			0.058
996,	2,	319.0,	296.697,			11.193,			1.345,			0.141
997,	2,	191.0,	297.463,			10.443,			1.456,			0.164
998,	2,	205.0,	297.764,			14.611,			1.347,			0.139
999,	2,	92.0,	298.246,			11.982,			1.124,			0.12
1000,	2,	180.0,	298.516,			14.916,			1.203,			0.136
