#, task_type_id, size, arrival_time,	execution_time_cpu,	execution_time_gpu,	execution_time_CLOUD
1,	1,	103.0,	4.486,			2.673,			0.131,			0.051
2,	2,	198.0,	5.36,			10.895,			1.073,			0.183
3,	2,	83.0,	5.565,			11.328,			1.236,			0.131
4,	2,	306.0,	6.051,			14.39,			1.182,			0.138
5,	2,	50.0,	6.243,			14.853,			1.072,			0.195
6,	2,	133.0,	9.869,			10.977,			1.435,			0.178
7,	2,	154.0,	10.255,			14.729,			1.271,			0.185
8,	2,	82.0,	11.607,			13.977,			1.24,			0.171
9,	2,	105.0,	12.406,			14.149,			1.266,			0.185
10,	2,	140.0,	12.586,			13.228,			1.139,			0.188
11,	1,	157.0,	13.808,			2.08,			0.142,			0.054
12,	2,	188.0,	13.924,			13.572,			1.072,			0.142
13,	2,	315.0,	15.897,			13.478,			1.375,			0.195
14,	2,	55.0,	15.901,			14.185,			1.235,			0.107
15,	2,	76.0,	15.935,			10.702,			1.053,			0.125
16,	1,	6.0,	16.63,			2.916,			0.126,			0.052
17,	2,	127.0,	17.802,			13.849,			1.023,			0.114
18,	2,	237.0,	19.066,			13.635,			1.051,			0.125
19,	2,	144.0,	22.366,			13.892,			1.012,			0.199
20,	2,	129.0,	22.723,			13.038,			1.223,			0.142
21,	2,	295.0,	23.054,			13.874,			1.164,			0.189
22,	2,	151.0,	23.646,			11.643,			1.065,			0.128
23,	2,	110.0,	24.446,			12.112,			1.381,			0.169
24,	2,	136.0,	25.486,			13.973,			1.429,			0.15
25,	2,	109.0,	25.813,			12.024,			1.244,			0.188
26,	2,	242.0,	26.364,			11.92,			1.334,			0.148
27,	2,	204.0,	26.622,			10.909,			1.284,			0.161
28,	1,	146.0,	29.621,			1.733,			0.175,			0.052
29,	2,	117.0,	31.087,			14.914,			1.222,			0.107
30,	2,	211.0,	34.13,			12.792,			1.083,			0.197
31,	1,	13.0,	35.697,			2.238,			0.299,			0.051
32,	1,	512.0,	37.147,			2.393,			0.268,			0.052
33,	2,	126.0,	37.707,			11.753,			1.139,			0.188
34,	1,	6.0,	38.291,			1.688,			0.124,			0.059
35,	2,	215.0,	39.868,			11.339,			1.191,			0.183
36,	2,	148.0,	43.071,			14.134,			1.474,			0.166
37,	2,	126.0,	43.981,			11.772,			1.075,			0.157
38,	1,	30.0,	45.216,			1.204,			0.214,			0.051
39,	1,	559.0,	45.487,			1.761,			0.132,			0.06
40,	2,	88.0,	47.1,			10.63,			1.165,			0.162
41,	2,	142.0,	47.451,			11.628,			1.051,			0.113
42,	2,	205.0,	47.726,			11.531,			1.39,			0.111
43,	1,	49.0,	48.721,			1.681,			0.288,			0.055
44,	1,	49.0,	49.37,			2.09,			0.113,			0.053
45,	2,	79.0,	49.527,			13.442,			1.492,			0.105
46,	2,	79.0,	51.698,			11.54,			1.029,			0.2
47,	1,	214.0,	51.721,			2.798,			0.247,			0.056
48,	2,	113.0,	52.416,			13.612,			1.407,			0.137
49,	1,	6.0,	53.107,			2.0,			0.124,			0.054
50,	2,	201.0,	53.187,			11.864,			1.498,			0.182
51,	2,	209.0,	54.345,			11.881,			1.066,			0.121
52,	2,	50.0,	54.574,			13.595,			1.186,			0.137
53,	1,	6.0,	55.743,			1.841,			0.165,			0.053
54,	1,	214.0,	56.464,			2.092,			0.132,			0.06
55,	2,	128.0,	56.695,			12.014,			1.092,			0.195
56,	2,	69.0,	57.934,			10.584,			1.195,			0.103
57,	1,	512.0,	59.278,			2.342,			0.259,			0.058
58,	1,	10.0,	59.611,			2.725,			0.135,			0.058
59,	1,	214.0,	60.084,			2.299,			0.114,			0.051
60,	1,	214.0,	60.263,			1.325,			0.189,			0.059
61,	1,	7.0,	61.44,			2.148,			0.173,			0.056
62,	2,	149.0,	61.558,			14.501,			1.372,			0.157
63,	1,	6.0,	61.673,			2.448,			0.133,			0.053
64,	1,	7.0,	62.015,			1.009,			0.298,			0.054
65,	1,	126.0,	62.854,			2.051,			0.144,			0.052
66,	2,	56.0,	63.918,			14.948,			1.324,			0.119
67,	1,	214.0,	64.347,			1.211,			0.173,			0.051
68,	2,	314.0,	64.484,			13.778,			1.333,			0.193
69,	1,	103.0,	64.532,			1.111,			0.162,			0.055
70,	1,	95.0,	64.988,			2.056,			0.129,			0.055
71,	1,	447.0,	65.034,			2.122,			0.116,			0.058
72,	1,	10.0,	65.651,			1.22,			0.239,			0.05
73,	1,	512.0,	65.678,			2.301,			0.117,			0.05
74,	1,	146.0,	66.364,			1.428,			0.129,			0.057
75,	1,	44.0,	66.953,			1.252,			0.225,			0.06
76,	1,	44.0,	67.587,			1.561,			0.245,			0.053
77,	2,	205.0,	67.809,			12.275,			1.189,			0.197
78,	1,	95.0,	67.89,			2.498,			0.278,			0.054
79,	2,	67.0,	67.938,			13.963,			1.465,			0.162
80,	1,	10.0,	68.025,			2.973,			0.2,			0.056
81,	2,	140.0,	68.517,			11.437,			1.279,			0.146
82,	2,	147.0,	68.731,			13.703,			1.369,			0.181
83,	1,	6.0,	68.948,			1.366,			0.212,			0.052
84,	2,	185.0,	68.975,			12.385,			1.377,			0.103
85,	1,	157.0,	70.055,			2.888,			0.161,			0.055
86,	1,	120.0,	70.209,			1.325,			0.279,			0.056
87,	1,	90.0,	70.52,			1.81,			0.279,			0.056
88,	1,	6.0,	70.642,			2.943,			0.247,			0.055
89,	1,	447.0,	70.676,			1.768,			0.169,			0.051
90,	1,	28.0,	70.929,			1.969,			0.277,			0.056
91,	2,	104.0,	70.964,			14.918,			1.392,			0.132
92,	1,	30.0,	71.181,			1.178,			0.263,			0.059
93,	1,	157.0,	71.309,			2.346,			0.263,			0.056
94,	2,	113.0,	72.105,			13.379,			1.023,			0.127
95,	1,	95.0,	72.22,			1.703,			0.293,			0.054
96,	1,	447.0,	72.547,			1.22,			0.245,			0.058
97,	1,	7.0,	72.619,			1.878,			0.195,			0.053
98,	1,	59.0,	73.261,			2.104,			0.134,			0.053
99,	1,	6.0,	73.438,			2.643,			0.246,			0.054
100,	1,	13.0,	74.225,			1.844,			0.259,			0.052
101,	2,	116.0,	74.565,			11.598,			1.285,			0.138
102,	1,	120.0,	74.925,			2.318,			0.109,			0.059
103,	1,	30.0,	75.147,			1.86,			0.179,			0.055
104,	1,	44.0,	76.118,			1.558,			0.185,			0.054
105,	1,	90.0,	76.31,			1.913,			0.298,			0.06
106,	1,	7.0,	76.475,			2.103,			0.166,			0.052
107,	1,	146.0,	76.606,			2.273,			0.104,			0.058
108,	1,	169.0,	76.62,			1.157,			0.27,			0.055
109,	2,	171.0,	76.786,			12.351,			1.107,			0.153
110,	1,	126.0,	76.829,			1.398,			0.198,			0.051
111,	1,	7.0,	77.75,			2.232,			0.243,			0.053
112,	1,	44.0,	78.651,			1.509,			0.109,			0.057
113,	1,	7.0,	78.904,			1.309,			0.251,			0.052
114,	1,	103.0,	79.433,			1.982,			0.177,			0.055
115,	1,	379.0,	80.218,			1.821,			0.192,			0.052
116,	1,	498.0,	80.432,			2.491,			0.156,			0.055
117,	1,	16.0,	80.469,			2.843,			0.144,			0.053
118,	1,	30.0,	80.808,			2.681,			0.216,			0.053
119,	1,	6.0,	81.412,			1.071,			0.294,			0.05
120,	2,	174.0,	81.497,			11.536,			1.302,			0.13
121,	1,	13.0,	81.874,			1.489,			0.272,			0.052
122,	1,	44.0,	81.879,			2.346,			0.299,			0.056
123,	1,	59.0,	81.962,			2.714,			0.12,			0.051
124,	1,	28.0,	82.067,			2.479,			0.209,			0.051
125,	1,	146.0,	82.145,			1.553,			0.206,			0.058
126,	1,	90.0,	82.255,			1.061,			0.189,			0.055
127,	1,	30.0,	82.497,			2.802,			0.282,			0.058
128,	1,	90.0,	82.923,			2.169,			0.223,			0.052
129,	1,	95.0,	83.067,			2.598,			0.147,			0.055
130,	1,	512.0,	83.649,			1.605,			0.255,			0.055
131,	2,	206.0,	83.689,			13.346,			1.362,			0.105
132,	2,	126.0,	84.717,			12.146,			1.224,			0.123
133,	1,	7.0,	84.82,			1.654,			0.229,			0.057
134,	1,	214.0,	84.974,			1.083,			0.187,			0.053
135,	2,	197.0,	85.033,			12.761,			1.179,			0.173
136,	1,	28.0,	85.255,			1.774,			0.251,			0.053
137,	1,	379.0,	85.424,			1.285,			0.104,			0.057
138,	1,	7.0,	85.617,			1.291,			0.236,			0.058
139,	1,	169.0,	85.636,			1.669,			0.176,			0.053
140,	1,	59.0,	85.894,			2.787,			0.273,			0.055
141,	1,	512.0,	86.484,			1.731,			0.189,			0.056
142,	1,	387.0,	87.573,			2.759,			0.225,			0.06
143,	1,	49.0,	87.846,			2.013,			0.107,			0.057
144,	1,	146.0,	88.091,			1.748,			0.177,			0.057
145,	1,	44.0,	88.29,			2.103,			0.162,			0.056
146,	1,	30.0,	88.432,			2.179,			0.244,			0.058
147,	1,	30.0,	89.807,			2.525,			0.284,			0.05
148,	2,	118.0,	90.077,			11.178,			1.087,			0.195
149,	1,	379.0,	90.079,			2.661,			0.287,			0.059
150,	1,	559.0,	90.45,			1.543,			0.259,			0.056
151,	1,	13.0,	90.461,			2.167,			0.191,			0.051
152,	1,	13.0,	90.654,			1.192,			0.108,			0.05
153,	1,	169.0,	90.668,			1.761,			0.108,			0.058
154,	1,	387.0,	90.812,			2.09,			0.135,			0.054
155,	1,	6.0,	91.206,			1.786,			0.245,			0.057
156,	1,	90.0,	91.321,			2.795,			0.19,			0.052
157,	1,	28.0,	91.505,			1.393,			0.209,			0.058
158,	1,	169.0,	91.744,			2.58,			0.15,			0.057
159,	1,	6.0,	91.826,			1.554,			0.166,			0.058
160,	2,	200.0,	91.905,			10.886,			1.252,			0.179
161,	1,	13.0,	92.583,			1.826,			0.242,			0.052
162,	1,	146.0,	92.639,			1.119,			0.234,			0.057
163,	1,	120.0,	92.926,			1.432,			0.158,			0.051
164,	2,	90.0,	93.327,			12.789,			1.479,			0.116
165,	1,	7.0,	93.607,			1.168,			0.153,			0.055
166,	1,	126.0,	94.32,			1.59,			0.222,			0.05
167,	1,	169.0,	94.638,			2.91,			0.177,			0.058
168,	1,	214.0,	94.673,			2.425,			0.232,			0.06
169,	2,	180.0,	94.779,			10.984,			1.268,			0.111
170,	1,	28.0,	95.097,			2.789,			0.174,			0.053
171,	1,	10.0,	95.775,			1.631,			0.249,			0.055
172,	1,	214.0,	96.101,			1.076,			0.236,			0.052
173,	1,	146.0,	96.337,			2.301,			0.136,			0.051
174,	1,	146.0,	97.027,			1.104,			0.128,			0.052
175,	1,	16.0,	97.491,			1.086,			0.187,			0.052
176,	1,	103.0,	97.636,			1.291,			0.224,			0.055
177,	1,	559.0,	98.146,			1.609,			0.288,			0.057
178,	1,	10.0,	98.327,			1.841,			0.135,			0.052
179,	1,	120.0,	98.56,			1.719,			0.237,			0.055
180,	1,	214.0,	98.736,			1.314,			0.221,			0.05
181,	1,	90.0,	98.822,			1.473,			0.193,			0.051
182,	1,	157.0,	98.981,			2.653,			0.175,			0.057
183,	1,	169.0,	99.035,			2.222,			0.292,			0.053
184,	1,	59.0,	99.503,			1.204,			0.157,			0.056
185,	1,	44.0,	99.688,			1.343,			0.142,			0.056
186,	1,	214.0,	100.283,			1.932,			0.237,			0.057
187,	1,	30.0,	100.386,			1.12,			0.165,			0.058
188,	2,	141.0,	100.704,			11.28,			1.322,			0.18
189,	1,	28.0,	100.924,			2.768,			0.21,			0.054
190,	1,	103.0,	101.262,			2.678,			0.16,			0.059
191,	1,	49.0,	101.433,			1.984,			0.221,			0.057
192,	1,	30.0,	101.444,			2.947,			0.211,			0.053
193,	2,	83.0,	101.656,			13.437,			1.304,			0.166
194,	1,	6.0,	102.265,			1.028,			0.266,			0.057
195,	1,	28.0,	102.381,			2.276,			0.275,			0.054
196,	2,	283.0,	102.551,			12.869,			1.184,			0.136
197,	1,	387.0,	102.686,			1.151,			0.193,			0.059
198,	1,	214.0,	103.009,			1.504,			0.21,			0.058
199,	1,	447.0,	103.02,			1.164,			0.119,			0.055
200,	1,	379.0,	103.125,			2.632,			0.202,			0.051
201,	1,	146.0,	103.277,			1.408,			0.139,			0.052
202,	2,	177.0,	103.311,			11.3,			1.042,			0.108
203,	1,	157.0,	103.452,			1.27,			0.135,			0.059
204,	1,	44.0,	103.503,			2.606,			0.177,			0.058
205,	1,	379.0,	103.523,			1.01,			0.248,			0.054
206,	1,	16.0,	103.773,			1.841,			0.237,			0.055
207,	1,	7.0,	103.996,			1.162,			0.243,			0.057
208,	1,	30.0,	104.014,			2.404,			0.154,			0.058
209,	1,	30.0,	104.126,			2.098,			0.162,			0.054
210,	1,	6.0,	104.443,			1.009,			0.184,			0.051
211,	1,	559.0,	105.671,			1.007,			0.2,			0.059
212,	1,	498.0,	106.225,			1.509,			0.283,			0.056
213,	1,	169.0,	106.309,			1.662,			0.162,			0.053
214,	2,	203.0,	106.359,			11.643,			1.137,			0.192
215,	1,	6.0,	106.363,			2.034,			0.277,			0.051
216,	1,	10.0,	107.332,			2.545,			0.147,			0.06
217,	1,	7.0,	107.367,			1.719,			0.152,			0.054
218,	1,	7.0,	107.756,			1.511,			0.2,			0.052
219,	1,	379.0,	107.771,			1.814,			0.129,			0.059
220,	1,	7.0,	107.791,			2.048,			0.288,			0.052
221,	2,	160.0,	107.912,			10.819,			1.322,			0.126
222,	1,	59.0,	108.085,			1.596,			0.175,			0.056
223,	1,	95.0,	108.255,			1.458,			0.232,			0.05
224,	1,	30.0,	108.294,			1.731,			0.284,			0.054
225,	1,	387.0,	108.312,			1.908,			0.253,			0.059
226,	1,	6.0,	108.56,			1.372,			0.299,			0.058
227,	1,	7.0,	108.877,			2.663,			0.176,			0.05
228,	1,	13.0,	108.972,			1.014,			0.209,			0.06
229,	1,	447.0,	109.16,			2.581,			0.128,			0.059
230,	1,	10.0,	109.227,			1.006,			0.142,			0.05
231,	1,	28.0,	109.345,			1.659,			0.29,			0.054
232,	1,	7.0,	109.431,			2.249,			0.222,			0.06
233,	2,	222.0,	110.657,			10.279,			1.043,			0.168
234,	1,	559.0,	110.741,			2.956,			0.211,			0.058
235,	1,	7.0,	110.992,			2.055,			0.118,			0.05
236,	1,	16.0,	111.098,			2.922,			0.147,			0.05
237,	2,	211.0,	111.322,			12.581,			1.268,			0.117
238,	1,	28.0,	111.489,			2.621,			0.106,			0.059
239,	1,	387.0,	111.537,			1.204,			0.147,			0.06
240,	1,	6.0,	111.748,			2.366,			0.183,			0.059
241,	1,	103.0,	111.898,			2.601,			0.222,			0.059
242,	1,	7.0,	112.115,			2.286,			0.128,			0.057
243,	1,	7.0,	112.157,			1.188,			0.159,			0.053
244,	1,	49.0,	112.322,			1.052,			0.187,			0.052
245,	1,	16.0,	112.46,			2.055,			0.293,			0.055
246,	1,	7.0,	112.656,			1.105,			0.153,			0.056
247,	1,	59.0,	112.756,			1.008,			0.225,			0.052
248,	1,	49.0,	112.85,			1.266,			0.191,			0.058
249,	1,	59.0,	113.124,			2.088,			0.142,			0.053
250,	2,	261.0,	113.574,			11.881,			1.197,			0.103
251,	1,	447.0,	113.621,			1.035,			0.188,			0.055
252,	1,	157.0,	113.72,			1.211,			0.263,			0.06
253,	1,	49.0,	113.776,			2.703,			0.133,			0.054
254,	1,	559.0,	113.824,			1.435,			0.28,			0.052
255,	1,	157.0,	113.834,			1.407,			0.237,			0.056
256,	1,	559.0,	113.881,			1.509,			0.138,			0.053
257,	2,	114.0,	114.036,			14.185,			1.341,			0.117
258,	2,	200.0,	114.193,			11.194,			1.139,			0.125
259,	1,	126.0,	114.23,			2.318,			0.188,			0.053
260,	1,	44.0,	114.605,			2.252,			0.217,			0.052
261,	1,	7.0,	115.014,			1.158,			0.197,			0.05
262,	1,	214.0,	115.125,			1.108,			0.236,			0.057
263,	1,	7.0,	115.241,			1.784,			0.115,			0.059
264,	1,	28.0,	115.343,			1.571,			0.29,			0.055
265,	2,	184.0,	115.541,			13.612,			1.139,			0.173
266,	2,	96.0,	115.677,			11.706,			1.224,			0.111
267,	1,	13.0,	115.711,			2.542,			0.14,			0.055
268,	1,	10.0,	115.843,			1.998,			0.289,			0.055
269,	1,	498.0,	115.867,			1.786,			0.172,			0.055
270,	1,	7.0,	115.889,			1.432,			0.221,			0.052
271,	2,	164.0,	115.934,			14.53,			1.242,			0.106
272,	1,	498.0,	115.952,			2.031,			0.263,			0.055
273,	1,	30.0,	116.024,			2.705,			0.124,			0.057
274,	2,	140.0,	116.539,			13.849,			1.013,			0.125
275,	1,	44.0,	116.863,			2.567,			0.105,			0.051
276,	1,	126.0,	116.914,			1.283,			0.113,			0.058
277,	1,	16.0,	116.965,			2.08,			0.136,			0.055
278,	1,	49.0,	117.224,			2.381,			0.123,			0.059
279,	1,	59.0,	117.559,			1.639,			0.206,			0.05
280,	1,	44.0,	118.08,			1.679,			0.108,			0.05
281,	1,	10.0,	118.266,			2.638,			0.165,			0.054
282,	1,	44.0,	118.294,			1.761,			0.138,			0.056
283,	1,	7.0,	118.491,			2.298,			0.113,			0.057
284,	1,	44.0,	118.715,			2.643,			0.177,			0.053
285,	2,	257.0,	118.74,			14.576,			1.185,			0.133
286,	1,	30.0,	118.752,			2.427,			0.275,			0.057
287,	1,	7.0,	118.82,			1.575,			0.249,			0.054
288,	1,	7.0,	118.86,			1.748,			0.186,			0.059
289,	1,	59.0,	118.912,			2.612,			0.239,			0.055
290,	2,	115.0,	118.937,			12.057,			1.146,			0.196
291,	1,	512.0,	119.103,			1.702,			0.176,			0.058
292,	1,	146.0,	119.343,			2.487,			0.226,			0.051
293,	1,	126.0,	119.382,			1.169,			0.177,			0.059
294,	2,	197.0,	119.434,			12.533,			1.366,			0.164
295,	1,	103.0,	119.455,			1.425,			0.12,			0.052
296,	1,	498.0,	119.485,			1.684,			0.2,			0.059
297,	1,	120.0,	119.508,			1.928,			0.252,			0.059
298,	1,	103.0,	119.616,			1.733,			0.208,			0.056
299,	1,	13.0,	119.679,			2.388,			0.135,			0.052
300,	1,	379.0,	119.699,			2.866,			0.223,			0.054
301,	1,	120.0,	119.73,			2.429,			0.287,			0.052
302,	1,	146.0,	120.132,			2.874,			0.109,			0.057
303,	1,	30.0,	120.156,			2.885,			0.283,			0.059
304,	1,	157.0,	121.003,			1.07,			0.195,			0.058
305,	1,	169.0,	121.044,			1.256,			0.14,			0.051
306,	1,	103.0,	121.092,			1.642,			0.275,			0.055
307,	2,	95.0,	121.261,			14.735,			1.255,			0.133
308,	1,	7.0,	121.364,			1.776,			0.272,			0.052
309,	2,	185.0,	121.429,			12.893,			1.437,			0.141
310,	1,	6.0,	121.475,			1.028,			0.213,			0.057
311,	1,	169.0,	121.495,			2.2,			0.169,			0.053
312,	1,	7.0,	121.877,			1.075,			0.136,			0.055
313,	1,	30.0,	121.916,			1.316,			0.215,			0.058
314,	2,	154.0,	121.998,			13.093,			1.21,			0.105
315,	1,	13.0,	122.034,			1.651,			0.101,			0.058
316,	1,	7.0,	122.154,			2.509,			0.166,			0.057
317,	1,	512.0,	122.225,			2.8,			0.18,			0.05
318,	1,	126.0,	122.255,			2.282,			0.161,			0.055
319,	1,	49.0,	122.596,			2.364,			0.162,			0.059
320,	1,	13.0,	122.722,			2.88,			0.125,			0.058
321,	2,	265.0,	122.922,			11.152,			1.396,			0.149
322,	1,	103.0,	123.221,			2.553,			0.19,			0.053
323,	1,	95.0,	123.264,			1.174,			0.144,			0.057
324,	1,	30.0,	123.419,			2.0,			0.142,			0.051
325,	2,	150.0,	123.745,			13.648,			1.487,			0.17
326,	1,	7.0,	123.843,			1.653,			0.245,			0.051
327,	1,	16.0,	123.903,			1.279,			0.299,			0.057
328,	1,	49.0,	123.92,			2.663,			0.255,			0.055
329,	1,	44.0,	124.238,			2.296,			0.206,			0.056
330,	1,	126.0,	124.392,			1.801,			0.132,			0.055
331,	1,	44.0,	124.596,			2.598,			0.289,			0.054
332,	1,	7.0,	124.895,			1.078,			0.267,			0.053
333,	1,	95.0,	125.061,			2.711,			0.134,			0.056
334,	1,	49.0,	125.492,			1.169,			0.207,			0.055
335,	1,	28.0,	125.708,			2.598,			0.224,			0.055
336,	1,	59.0,	125.72,			2.36,			0.238,			0.056
337,	1,	214.0,	125.734,			1.285,			0.15,			0.059
338,	1,	7.0,	125.832,			1.096,			0.287,			0.055
339,	1,	447.0,	125.993,			2.796,			0.221,			0.058
340,	1,	146.0,	126.027,			2.104,			0.157,			0.053
341,	1,	387.0,	126.116,			2.798,			0.297,			0.056
342,	1,	379.0,	126.147,			2.429,			0.12,			0.05
343,	2,	83.0,	126.332,			13.801,			1.328,			0.101
344,	1,	28.0,	126.482,			1.857,			0.228,			0.056
345,	1,	214.0,	126.485,			1.522,			0.222,			0.055
346,	1,	379.0,	126.639,			1.732,			0.119,			0.055
347,	1,	10.0,	126.656,			2.326,			0.139,			0.055
348,	1,	28.0,	126.951,			2.954,			0.27,			0.056
349,	2,	195.0,	126.973,			10.442,			1.116,			0.157
350,	1,	30.0,	127.161,			2.78,			0.22,			0.051
351,	1,	59.0,	127.214,			2.642,			0.287,			0.06
352,	1,	7.0,	127.292,			2.984,			0.172,			0.051
353,	1,	90.0,	127.299,			2.99,			0.194,			0.059
354,	1,	559.0,	127.306,			1.757,			0.184,			0.05
355,	1,	169.0,	127.357,			1.305,			0.254,			0.056
356,	2,	127.0,	127.561,			14.77,			1.175,			0.2
357,	2,	226.0,	127.648,			10.173,			1.311,			0.154
358,	1,	169.0,	127.798,			1.148,			0.24,			0.053
359,	1,	157.0,	127.97,			1.35,			0.139,			0.056
360,	1,	447.0,	127.977,			1.162,			0.234,			0.056
361,	1,	6.0,	128.246,			1.755,			0.208,			0.051
362,	1,	103.0,	128.349,			2.194,			0.115,			0.057
363,	1,	103.0,	128.41,			2.366,			0.17,			0.06
364,	1,	44.0,	128.517,			2.459,			0.3,			0.051
365,	1,	7.0,	129.077,			2.636,			0.28,			0.056
366,	1,	146.0,	129.169,			1.249,			0.288,			0.058
367,	1,	498.0,	129.298,			2.276,			0.159,			0.056
368,	1,	59.0,	129.358,			1.965,			0.125,			0.059
369,	1,	28.0,	129.619,			1.595,			0.211,			0.056
370,	1,	7.0,	129.628,			1.637,			0.23,			0.05
371,	1,	120.0,	130.276,			1.709,			0.189,			0.052
372,	1,	169.0,	130.476,			1.128,			0.177,			0.055
373,	1,	7.0,	130.627,			1.908,			0.146,			0.056
374,	1,	90.0,	130.647,			1.188,			0.2,			0.051
375,	2,	124.0,	130.821,			13.148,			1.186,			0.101
376,	1,	59.0,	131.233,			1.247,			0.262,			0.058
377,	1,	146.0,	131.465,			1.192,			0.235,			0.05
378,	1,	90.0,	131.503,			1.145,			0.109,			0.052
379,	1,	28.0,	131.55,			2.386,			0.267,			0.055
380,	1,	103.0,	131.988,			1.407,			0.172,			0.053
381,	1,	44.0,	132.251,			2.157,			0.209,			0.05
382,	1,	169.0,	132.383,			2.56,			0.142,			0.054
383,	1,	387.0,	132.547,			2.448,			0.151,			0.055
384,	1,	379.0,	132.667,			2.004,			0.203,			0.055
385,	2,	225.0,	132.72,			11.388,			1.031,			0.112
386,	1,	44.0,	132.987,			1.027,			0.114,			0.057
387,	1,	7.0,	133.019,			1.188,			0.235,			0.059
388,	2,	232.0,	133.111,			13.438,			1.129,			0.193
389,	1,	90.0,	133.21,			2.569,			0.247,			0.052
390,	2,	236.0,	133.903,			13.557,			1.111,			0.194
391,	1,	49.0,	133.996,			2.763,			0.206,			0.052
392,	1,	146.0,	134.204,			1.029,			0.104,			0.06
393,	1,	44.0,	134.42,			1.681,			0.118,			0.054
394,	1,	447.0,	134.524,			1.472,			0.256,			0.055
395,	1,	30.0,	134.618,			1.078,			0.107,			0.054
396,	1,	6.0,	134.653,			2.685,			0.17,			0.06
397,	1,	13.0,	134.733,			2.154,			0.189,			0.05
398,	1,	95.0,	134.83,			2.548,			0.215,			0.054
399,	1,	28.0,	134.953,			2.173,			0.194,			0.05
400,	1,	7.0,	135.049,			2.503,			0.139,			0.052
401,	1,	28.0,	135.058,			2.947,			0.295,			0.053
402,	1,	6.0,	135.098,			2.449,			0.129,			0.051
403,	1,	7.0,	135.428,			2.87,			0.138,			0.053
404,	1,	30.0,	135.484,			2.711,			0.27,			0.055
405,	1,	157.0,	135.924,			2.889,			0.165,			0.055
406,	1,	120.0,	136.017,			1.484,			0.107,			0.059
407,	1,	7.0,	136.103,			2.26,			0.225,			0.058
408,	1,	146.0,	136.119,			1.554,			0.223,			0.054
409,	1,	157.0,	136.142,			2.903,			0.201,			0.055
410,	1,	16.0,	136.195,			2.797,			0.228,			0.051
411,	1,	44.0,	136.217,			1.391,			0.257,			0.052
412,	1,	90.0,	136.233,			2.9,			0.152,			0.056
413,	1,	10.0,	136.406,			1.769,			0.133,			0.059
414,	1,	6.0,	136.731,			2.006,			0.2,			0.059
415,	1,	6.0,	137.189,			1.145,			0.225,			0.058
416,	1,	379.0,	137.26,			2.11,			0.133,			0.059
417,	1,	214.0,	137.321,			2.986,			0.189,			0.052
418,	1,	498.0,	137.332,			1.707,			0.289,			0.056
419,	1,	28.0,	137.34,			1.029,			0.166,			0.055
420,	1,	28.0,	137.398,			1.417,			0.102,			0.054
421,	1,	214.0,	137.695,			2.973,			0.176,			0.057
422,	1,	7.0,	137.852,			1.009,			0.151,			0.051
423,	1,	120.0,	137.944,			1.116,			0.2,			0.06
424,	1,	498.0,	137.972,			1.929,			0.275,			0.057
425,	2,	190.0,	138.06,			14.219,			1.056,			0.198
426,	2,	94.0,	138.086,			11.134,			1.07,			0.12
427,	1,	146.0,	138.089,			2.407,			0.152,			0.052
428,	1,	512.0,	138.474,			1.679,			0.274,			0.054
429,	2,	79.0,	138.824,			11.162,			1.166,			0.14
430,	1,	126.0,	138.853,			2.799,			0.227,			0.052
431,	1,	7.0,	138.889,			1.731,			0.223,			0.056
432,	1,	49.0,	139.0,			2.22,			0.201,			0.053
433,	2,	130.0,	139.033,			10.016,			1.486,			0.186
434,	1,	512.0,	139.279,			1.761,			0.253,			0.055
435,	1,	7.0,	139.334,			1.157,			0.146,			0.051
436,	1,	146.0,	139.358,			1.749,			0.198,			0.054
437,	1,	512.0,	139.37,			1.078,			0.164,			0.058
438,	1,	103.0,	140.092,			1.709,			0.165,			0.05
439,	1,	7.0,	140.313,			2.568,			0.139,			0.054
440,	1,	387.0,	140.405,			2.606,			0.125,			0.051
441,	2,	215.0,	140.442,			12.286,			1.219,			0.177
442,	1,	49.0,	140.676,			2.454,			0.292,			0.05
443,	1,	387.0,	140.681,			1.883,			0.141,			0.055
444,	1,	6.0,	140.761,			1.153,			0.298,			0.052
445,	1,	7.0,	140.896,			1.076,			0.192,			0.053
446,	1,	7.0,	140.897,			1.484,			0.211,			0.059
447,	1,	30.0,	140.935,			2.057,			0.249,			0.055
448,	1,	387.0,	140.984,			2.068,			0.232,			0.052
449,	1,	30.0,	141.161,			2.487,			0.208,			0.058
450,	1,	559.0,	141.162,			1.096,			0.156,			0.054
451,	1,	44.0,	141.269,			1.988,			0.175,			0.055
452,	1,	16.0,	141.534,			1.913,			0.174,			0.054
453,	1,	95.0,	141.583,			1.879,			0.165,			0.054
454,	1,	49.0,	141.903,			1.537,			0.235,			0.058
455,	1,	447.0,	141.99,			1.483,			0.277,			0.056
456,	1,	44.0,	142.107,			2.317,			0.183,			0.059
457,	1,	7.0,	142.259,			1.305,			0.205,			0.055
458,	1,	44.0,	142.268,			1.875,			0.242,			0.055
459,	1,	559.0,	142.344,			2.103,			0.151,			0.054
460,	1,	16.0,	142.672,			2.018,			0.13,			0.057
461,	1,	7.0,	142.714,			2.004,			0.255,			0.059
462,	1,	447.0,	142.888,			2.241,			0.139,			0.058
463,	1,	44.0,	143.184,			1.655,			0.281,			0.057
464,	1,	44.0,	143.695,			2.369,			0.27,			0.051
465,	1,	95.0,	143.811,			1.398,			0.119,			0.058
466,	1,	28.0,	143.815,			1.496,			0.297,			0.054
467,	1,	44.0,	144.13,			2.288,			0.21,			0.058
468,	1,	30.0,	144.132,			1.047,			0.258,			0.06
469,	1,	6.0,	144.133,			1.942,			0.215,			0.059
470,	1,	126.0,	144.195,			2.461,			0.113,			0.052
471,	1,	379.0,	144.276,			1.304,			0.293,			0.056
472,	1,	28.0,	144.32,			2.055,			0.212,			0.056
473,	1,	120.0,	144.346,			1.972,			0.112,			0.052
474,	1,	447.0,	144.485,			2.424,			0.271,			0.053
475,	1,	49.0,	144.734,			1.483,			0.108,			0.06
476,	2,	122.0,	144.743,			12.964,			1.301,			0.13
477,	1,	44.0,	144.901,			1.477,			0.136,			0.053
478,	1,	49.0,	145.224,			1.694,			0.138,			0.059
479,	1,	49.0,	145.264,			2.302,			0.172,			0.054
480,	1,	6.0,	145.281,			2.014,			0.202,			0.052
481,	1,	10.0,	145.291,			1.592,			0.15,			0.057
482,	1,	146.0,	145.469,			2.606,			0.249,			0.057
483,	1,	387.0,	145.524,			2.167,			0.151,			0.052
484,	1,	103.0,	145.836,			2.298,			0.296,			0.053
485,	2,	114.0,	145.903,			12.115,			1.443,			0.181
486,	1,	7.0,	146.12,			2.063,			0.159,			0.056
487,	1,	512.0,	146.677,			2.802,			0.146,			0.057
488,	2,	125.0,	146.731,			10.307,			1.076,			0.141
489,	1,	103.0,	147.224,			1.103,			0.119,			0.057
490,	1,	512.0,	147.301,			1.46,			0.293,			0.052
491,	1,	10.0,	147.356,			2.43,			0.173,			0.056
492,	1,	28.0,	147.376,			1.9,			0.217,			0.053
493,	1,	447.0,	147.465,			2.326,			0.136,			0.054
494,	1,	157.0,	147.479,			2.358,			0.226,			0.055
495,	1,	10.0,	147.501,			2.787,			0.234,			0.054
496,	1,	16.0,	147.555,			2.467,			0.117,			0.057
497,	1,	146.0,	147.73,			2.616,			0.176,			0.052
498,	1,	498.0,	147.782,			1.601,			0.162,			0.055
499,	1,	387.0,	147.905,			2.567,			0.206,			0.057
500,	1,	214.0,	148.058,			2.675,			0.228,			0.052
501,	1,	7.0,	148.067,			1.86,			0.193,			0.058
502,	1,	28.0,	148.226,			2.102,			0.154,			0.059
503,	1,	498.0,	148.291,			2.2,			0.222,			0.054
504,	1,	498.0,	148.325,			2.702,			0.279,			0.057
505,	1,	146.0,	148.409,			2.872,			0.249,			0.056
506,	1,	28.0,	148.473,			1.531,			0.165,			0.059
507,	1,	146.0,	148.711,			2.102,			0.101,			0.052
508,	1,	169.0,	148.744,			2.22,			0.208,			0.058
509,	1,	30.0,	148.792,			1.61,			0.16,			0.055
510,	1,	7.0,	149.041,			1.489,			0.177,			0.052
511,	2,	162.0,	149.208,			11.61,			1.362,			0.2
512,	1,	169.0,	149.224,			1.501,			0.198,			0.055
513,	1,	214.0,	149.228,			2.701,			0.16,			0.052
514,	1,	16.0,	149.297,			1.024,			0.225,			0.055
515,	1,	7.0,	149.36,			2.232,			0.214,			0.056
516,	1,	6.0,	149.816,			1.717,			0.174,			0.059
517,	2,	165.0,	149.903,			10.277,			1.412,			0.198
518,	1,	126.0,	149.938,			1.921,			0.169,			0.059
519,	1,	214.0,	150.039,			1.947,			0.133,			0.05
520,	1,	44.0,	150.246,			2.037,			0.154,			0.056
521,	1,	512.0,	150.414,			1.625,			0.22,			0.055
522,	1,	7.0,	150.551,			1.004,			0.2,			0.052
523,	1,	214.0,	150.692,			1.071,			0.152,			0.056
524,	1,	512.0,	150.898,			1.915,			0.224,			0.051
525,	2,	141.0,	151.193,			12.88,			1.056,			0.108
526,	1,	44.0,	151.329,			1.279,			0.112,			0.055
527,	1,	214.0,	151.52,			2.379,			0.141,			0.06
528,	1,	498.0,	151.542,			1.316,			0.216,			0.051
529,	1,	120.0,	151.574,			2.454,			0.267,			0.056
530,	1,	146.0,	151.805,			2.087,			0.256,			0.059
531,	1,	6.0,	152.045,			1.204,			0.125,			0.052
532,	2,	172.0,	152.084,			13.823,			1.021,			0.198
533,	1,	13.0,	152.342,			1.869,			0.117,			0.054
534,	1,	103.0,	152.756,			2.279,			0.109,			0.052
535,	2,	82.0,	152.883,			12.733,			1.373,			0.173
536,	1,	103.0,	152.998,			1.962,			0.245,			0.056
537,	1,	6.0,	153.062,			1.443,			0.166,			0.058
538,	1,	10.0,	153.083,			1.61,			0.17,			0.052
539,	1,	44.0,	153.097,			2.991,			0.178,			0.058
540,	2,	157.0,	153.109,			13.161,			1.499,			0.119
541,	1,	6.0,	153.12,			1.643,			0.17,			0.057
542,	1,	559.0,	153.184,			2.096,			0.121,			0.059
543,	1,	44.0,	153.21,			1.624,			0.159,			0.057
544,	1,	512.0,	153.464,			1.458,			0.254,			0.056
545,	1,	214.0,	153.567,			1.162,			0.284,			0.058
546,	1,	498.0,	153.944,			2.911,			0.237,			0.051
547,	1,	214.0,	154.042,			2.345,			0.133,			0.058
548,	1,	146.0,	154.055,			1.653,			0.259,			0.054
549,	1,	16.0,	154.065,			1.215,			0.253,			0.058
550,	2,	162.0,	154.078,			13.399,			1.479,			0.117
551,	2,	213.0,	154.09,			14.393,			1.215,			0.191
552,	2,	226.0,	154.318,			10.627,			1.178,			0.198
553,	1,	120.0,	154.44,			2.02,			0.162,			0.06
554,	1,	44.0,	154.615,			2.95,			0.248,			0.052
555,	1,	59.0,	154.676,			1.291,			0.161,			0.055
556,	1,	7.0,	154.857,			1.921,			0.228,			0.057
557,	1,	387.0,	155.15,			2.795,			0.24,			0.053
558,	2,	126.0,	155.557,			10.463,			1.159,			0.14
559,	1,	95.0,	155.793,			1.769,			0.161,			0.054
560,	1,	44.0,	156.246,			1.694,			0.168,			0.057
561,	1,	498.0,	156.37,			2.055,			0.198,			0.052
562,	1,	13.0,	156.857,			2.681,			0.195,			0.058
563,	1,	10.0,	157.182,			1.969,			0.15,			0.055
564,	1,	120.0,	157.186,			1.848,			0.149,			0.06
565,	1,	6.0,	157.218,			1.694,			0.222,			0.054
566,	1,	157.0,	157.293,			2.598,			0.228,			0.055
567,	1,	379.0,	157.36,			2.322,			0.125,			0.054
568,	1,	559.0,	157.377,			2.096,			0.16,			0.057
569,	2,	107.0,	157.486,			10.269,			1.373,			0.123
570,	1,	6.0,	157.656,			2.173,			0.157,			0.059
571,	1,	146.0,	157.667,			2.534,			0.246,			0.054
572,	1,	10.0,	157.688,			2.318,			0.109,			0.055
573,	1,	10.0,	157.719,			1.998,			0.168,			0.053
574,	2,	126.0,	157.735,			10.527,			1.059,			0.169
575,	1,	7.0,	157.853,			2.198,			0.122,			0.06
576,	1,	6.0,	158.096,			1.114,			0.207,			0.056
577,	1,	126.0,	158.097,			1.114,			0.124,			0.058
578,	1,	6.0,	158.225,			2.318,			0.279,			0.053
579,	1,	7.0,	158.523,			2.553,			0.133,			0.055
580,	1,	512.0,	158.639,			2.661,			0.244,			0.055
581,	2,	145.0,	159.111,			10.011,			1.023,			0.105
582,	1,	13.0,	159.257,			1.052,			0.271,			0.05
583,	1,	13.0,	159.278,			1.371,			0.155,			0.051
584,	1,	13.0,	159.327,			2.954,			0.248,			0.057
585,	2,	121.0,	159.38,			11.017,			1.285,			0.113
586,	1,	7.0,	159.474,			2.645,			0.157,			0.055
587,	1,	498.0,	159.622,			2.098,			0.244,			0.059
588,	2,	258.0,	159.656,			10.565,			1.313,			0.108
589,	1,	498.0,	159.683,			2.842,			0.249,			0.055
590,	1,	126.0,	159.983,			2.857,			0.249,			0.053
591,	1,	10.0,	160.138,			1.157,			0.28,			0.057
592,	1,	559.0,	160.196,			1.331,			0.148,			0.058
593,	1,	387.0,	160.498,			1.609,			0.207,			0.052
594,	1,	13.0,	160.736,			1.031,			0.13,			0.055
595,	1,	512.0,	160.89,			2.862,			0.282,			0.058
596,	1,	126.0,	161.367,			2.819,			0.272,			0.053
597,	1,	214.0,	161.642,			2.625,			0.143,			0.058
598,	1,	30.0,	161.73,			1.791,			0.142,			0.052
599,	1,	30.0,	161.878,			2.379,			0.268,			0.054
600,	1,	13.0,	162.02,			1.561,			0.272,			0.053
601,	1,	16.0,	162.146,			2.116,			0.133,			0.057
602,	2,	76.0,	162.526,			14.934,			1.487,			0.176
603,	2,	155.0,	162.535,			14.916,			1.389,			0.142
604,	1,	512.0,	162.628,			2.438,			0.283,			0.055
605,	1,	120.0,	162.887,			1.263,			0.185,			0.054
606,	1,	6.0,	163.076,			2.318,			0.268,			0.059
607,	1,	559.0,	163.345,			1.681,			0.117,			0.056
608,	1,	169.0,	163.485,			2.751,			0.134,			0.057
609,	1,	126.0,	163.49,			1.126,			0.186,			0.053
610,	1,	157.0,	163.503,			1.357,			0.107,			0.051
611,	1,	90.0,	163.608,			2.9,			0.16,			0.055
612,	1,	13.0,	163.953,			2.861,			0.125,			0.055
613,	1,	16.0,	164.176,			1.106,			0.273,			0.053
614,	1,	146.0,	164.589,			2.549,			0.272,			0.051
615,	1,	6.0,	164.601,			1.843,			0.184,			0.058
616,	1,	169.0,	164.712,			1.864,			0.232,			0.058
617,	1,	30.0,	164.889,			1.302,			0.186,			0.053
618,	1,	49.0,	164.989,			1.708,			0.169,			0.054
619,	1,	59.0,	165.259,			1.027,			0.134,			0.051
620,	1,	7.0,	165.278,			2.138,			0.178,			0.056
621,	1,	44.0,	165.795,			2.759,			0.249,			0.059
622,	1,	6.0,	165.979,			1.496,			0.132,			0.052
623,	1,	49.0,	166.109,			1.029,			0.226,			0.058
624,	1,	7.0,	166.155,			2.623,			0.283,			0.06
625,	1,	214.0,	166.214,			1.028,			0.231,			0.054
626,	1,	169.0,	166.584,			1.755,			0.161,			0.052
627,	1,	13.0,	166.982,			2.286,			0.186,			0.058
628,	1,	214.0,	167.026,			1.653,			0.137,			0.06
629,	1,	7.0,	167.203,			1.106,			0.284,			0.058
630,	1,	103.0,	167.707,			1.97,			0.211,			0.057
631,	1,	214.0,	167.765,			1.188,			0.258,			0.06
632,	1,	90.0,	167.775,			2.986,			0.289,			0.052
633,	1,	6.0,	167.826,			2.991,			0.193,			0.052
634,	1,	387.0,	167.879,			2.087,			0.109,			0.052
635,	2,	121.0,	167.891,			14.546,			1.01,			0.136
636,	1,	379.0,	168.038,			2.398,			0.125,			0.054
637,	1,	169.0,	168.31,			2.288,			0.284,			0.051
638,	1,	6.0,	168.473,			1.071,			0.253,			0.058
639,	1,	7.0,	168.896,			2.697,			0.267,			0.059
640,	1,	157.0,	168.963,			2.799,			0.174,			0.058
641,	1,	44.0,	168.989,			2.187,			0.112,			0.06
642,	1,	7.0,	169.197,			2.532,			0.298,			0.052
643,	1,	90.0,	169.263,			1.116,			0.137,			0.053
644,	2,	159.0,	169.284,			13.186,			1.457,			0.185
645,	2,	43.0,	169.294,			11.982,			1.132,			0.121
646,	1,	120.0,	169.416,			1.702,			0.272,			0.056
647,	1,	447.0,	169.446,			1.841,			0.235,			0.054
648,	1,	95.0,	169.499,			1.483,			0.142,			0.058
649,	1,	559.0,	169.51,			1.044,			0.198,			0.055
650,	1,	7.0,	169.519,			1.962,			0.283,			0.059
651,	1,	13.0,	170.103,			2.088,			0.267,			0.06
652,	1,	214.0,	170.553,			2.199,			0.133,			0.057
653,	1,	44.0,	170.613,			2.407,			0.273,			0.058
654,	1,	16.0,	170.778,			1.915,			0.127,			0.051
655,	1,	120.0,	171.007,			1.651,			0.113,			0.059
656,	1,	126.0,	171.268,			1.108,			0.137,			0.058
657,	1,	30.0,	171.531,			2.872,			0.197,			0.055
658,	1,	7.0,	171.744,			1.153,			0.131,			0.052
659,	1,	7.0,	172.136,			2.349,			0.162,			0.06
660,	2,	107.0,	172.156,			13.137,			1.362,			0.189
661,	2,	207.0,	172.509,			11.689,			1.149,			0.1
662,	1,	387.0,	172.548,			1.071,			0.202,			0.059
663,	1,	120.0,	172.562,			1.566,			0.222,			0.051
664,	1,	447.0,	172.599,			1.835,			0.157,			0.052
665,	1,	95.0,	172.661,			2.945,			0.112,			0.05
666,	2,	179.0,	172.811,			11.247,			1.322,			0.195
667,	1,	16.0,	172.864,			2.449,			0.231,			0.055
668,	1,	7.0,	172.941,			2.276,			0.236,			0.057
669,	1,	10.0,	173.3,			2.047,			0.13,			0.056
670,	1,	6.0,	173.449,			1.4,			0.263,			0.053
671,	1,	6.0,	173.599,			1.061,			0.21,			0.054
672,	1,	44.0,	173.636,			2.872,			0.189,			0.055
673,	1,	10.0,	173.791,			2.133,			0.27,			0.054
674,	2,	167.0,	173.946,			14.576,			1.073,			0.125
675,	2,	186.0,	174.148,			11.028,			1.484,			0.164
676,	1,	44.0,	174.501,			1.539,			0.237,			0.052
677,	1,	559.0,	174.502,			2.282,			0.256,			0.054
678,	1,	447.0,	174.688,			1.996,			0.192,			0.052
679,	1,	559.0,	175.005,			2.057,			0.27,			0.059
680,	1,	44.0,	175.471,			1.394,			0.203,			0.058
681,	1,	214.0,	175.662,			1.932,			0.256,			0.053
682,	1,	7.0,	175.801,			1.12,			0.119,			0.057
683,	2,	91.0,	176.261,			10.374,			1.124,			0.184
684,	1,	49.0,	176.384,			1.653,			0.203,			0.052
685,	1,	95.0,	176.386,			1.104,			0.14,			0.057
686,	1,	498.0,	176.445,			2.114,			0.14,			0.05
687,	1,	28.0,	176.787,			1.84,			0.248,			0.055
688,	1,	90.0,	176.845,			2.807,			0.124,			0.051
689,	1,	120.0,	176.906,			1.422,			0.124,			0.052
690,	1,	30.0,	176.945,			2.534,			0.141,			0.059
691,	1,	30.0,	177.163,			2.761,			0.228,			0.059
692,	1,	10.0,	177.605,			1.364,			0.165,			0.051
693,	1,	214.0,	178.092,			1.291,			0.259,			0.057
694,	1,	7.0,	178.124,			1.141,			0.163,			0.058
695,	1,	49.0,	178.637,			1.981,			0.281,			0.057
696,	1,	498.0,	179.687,			2.653,			0.172,			0.052
697,	1,	447.0,	179.859,			1.716,			0.216,			0.053
698,	1,	146.0,	180.043,			1.13,			0.14,			0.056
699,	1,	387.0,	180.17,			2.316,			0.249,			0.06
700,	1,	49.0,	180.539,			1.868,			0.134,			0.057
701,	2,	198.0,	180.62,			11.13,			1.104,			0.173
702,	1,	16.0,	180.869,			1.601,			0.29,			0.058
703,	1,	379.0,	180.956,			1.08,			0.195,			0.06
704,	2,	70.0,	181.208,			11.437,			1.284,			0.169
705,	1,	103.0,	181.267,			2.8,			0.152,			0.051
706,	1,	157.0,	181.316,			1.169,			0.271,			0.051
707,	2,	64.0,	181.358,			12.291,			1.479,			0.182
708,	1,	49.0,	181.651,			2.582,			0.15,			0.058
709,	1,	44.0,	181.705,			2.298,			0.29,			0.059
710,	1,	214.0,	181.74,			2.939,			0.295,			0.056
711,	1,	13.0,	181.798,			1.844,			0.19,			0.051
712,	1,	498.0,	181.97,			2.438,			0.283,			0.052
713,	1,	6.0,	182.546,			1.715,			0.245,			0.057
714,	1,	95.0,	182.548,			2.385,			0.144,			0.052
715,	2,	41.0,	182.62,			12.242,			1.185,			0.19
716,	1,	90.0,	182.718,			2.598,			0.257,			0.059
717,	1,	214.0,	182.728,			1.192,			0.283,			0.054
718,	1,	6.0,	182.774,			1.625,			0.168,			0.051
719,	1,	103.0,	182.83,			2.123,			0.203,			0.05
720,	1,	28.0,	182.902,			1.667,			0.106,			0.057
721,	1,	126.0,	183.07,			2.92,			0.298,			0.052
722,	1,	512.0,	183.081,			1.052,			0.106,			0.052
723,	1,	28.0,	183.085,			1.061,			0.139,			0.058
724,	1,	7.0,	183.116,			1.61,			0.258,			0.053
725,	1,	120.0,	183.494,			1.61,			0.147,			0.058
726,	1,	16.0,	183.703,			1.554,			0.2,			0.06
727,	1,	7.0,	183.875,			1.981,			0.235,			0.055
728,	1,	7.0,	184.363,			2.038,			0.214,			0.052
729,	1,	447.0,	184.972,			2.377,			0.21,			0.058
730,	2,	102.0,	185.146,			12.178,			1.31,			0.164
731,	1,	387.0,	185.804,			2.757,			0.133,			0.057
732,	1,	157.0,	185.979,			1.671,			0.101,			0.054
733,	1,	44.0,	186.376,			2.497,			0.223,			0.055
734,	1,	59.0,	186.402,			1.715,			0.171,			0.058
735,	2,	178.0,	186.482,			11.722,			1.011,			0.112
736,	1,	103.0,	186.668,			2.675,			0.279,			0.059
737,	1,	498.0,	186.876,			2.223,			0.217,			0.051
738,	1,	7.0,	186.916,			1.972,			0.129,			0.058
739,	1,	146.0,	186.927,			1.64,			0.109,			0.051
740,	1,	387.0,	187.227,			2.802,			0.186,			0.06
741,	1,	10.0,	187.3,			1.039,			0.286,			0.055
742,	1,	498.0,	187.456,			1.642,			0.208,			0.053
743,	1,	6.0,	187.679,			1.753,			0.187,			0.058
744,	1,	7.0,	187.748,			2.653,			0.101,			0.052
745,	1,	447.0,	188.11,			1.26,			0.129,			0.056
746,	1,	28.0,	188.211,			2.273,			0.177,			0.052
747,	1,	90.0,	188.561,			2.8,			0.287,			0.053
748,	1,	6.0,	188.815,			1.651,			0.29,			0.054
749,	2,	112.0,	188.822,			14.323,			1.029,			0.132
750,	1,	7.0,	189.632,			1.121,			0.284,			0.054
751,	1,	7.0,	189.807,			1.637,			0.133,			0.051
752,	1,	512.0,	189.975,			1.717,			0.287,			0.058
753,	1,	169.0,	190.281,			1.73,			0.205,			0.057
754,	1,	498.0,	190.559,			1.362,			0.247,			0.057
755,	1,	498.0,	190.786,			2.935,			0.161,			0.056
756,	1,	146.0,	191.406,			1.155,			0.228,			0.057
757,	1,	10.0,	191.899,			2.635,			0.214,			0.059
758,	1,	157.0,	191.963,			2.765,			0.244,			0.055
759,	1,	447.0,	192.039,			1.868,			0.159,			0.051
760,	1,	379.0,	192.113,			1.915,			0.291,			0.051
761,	1,	379.0,	192.238,			1.417,			0.165,			0.057
762,	1,	28.0,	192.661,			1.17,			0.292,			0.054
763,	1,	387.0,	192.688,			1.031,			0.207,			0.057
764,	1,	498.0,	192.87,			2.659,			0.195,			0.058
765,	2,	162.0,	192.905,			13.469,			1.349,			0.16
766,	1,	90.0,	193.11,			2.088,			0.119,			0.059
767,	1,	10.0,	193.344,			2.78,			0.156,			0.056
768,	1,	169.0,	193.621,			1.376,			0.266,			0.051
769,	2,	153.0,	193.622,			12.458,			1.294,			0.134
770,	1,	7.0,	193.807,			1.263,			0.17,			0.058
771,	1,	6.0,	193.846,			1.225,			0.212,			0.056
772,	1,	59.0,	194.21,			2.378,			0.228,			0.058
773,	1,	447.0,	194.424,			2.103,			0.135,			0.052
774,	1,	6.0,	194.759,			1.382,			0.212,			0.051
775,	1,	7.0,	194.925,			1.809,			0.174,			0.055
776,	1,	59.0,	195.02,			1.019,			0.162,			0.051
777,	1,	214.0,	195.139,			1.393,			0.146,			0.051
778,	1,	7.0,	195.139,			1.226,			0.253,			0.055
779,	1,	49.0,	195.266,			1.571,			0.266,			0.058
780,	1,	16.0,	195.758,			2.936,			0.146,			0.058
781,	1,	30.0,	195.845,			2.286,			0.124,			0.052
782,	1,	59.0,	196.218,			2.092,			0.292,			0.056
783,	2,	151.0,	196.388,			12.809,			1.229,			0.109
784,	1,	6.0,	196.496,			1.566,			0.21,			0.052
785,	1,	103.0,	196.528,			1.051,			0.175,			0.051
786,	1,	559.0,	196.898,			2.298,			0.254,			0.06
787,	1,	146.0,	196.921,			2.703,			0.14,			0.057
788,	1,	387.0,	197.445,			2.8,			0.169,			0.051
789,	1,	387.0,	197.546,			1.597,			0.142,			0.055
790,	1,	214.0,	197.608,			2.379,			0.245,			0.051
791,	1,	379.0,	198.143,			2.542,			0.222,			0.055
792,	1,	447.0,	198.326,			2.366,			0.147,			0.053
793,	1,	447.0,	198.734,			1.719,			0.205,			0.058
794,	1,	44.0,	198.777,			1.119,			0.233,			0.05
795,	2,	169.0,	198.914,			12.019,			1.349,			0.168
796,	1,	7.0,	199.239,			2.388,			0.163,			0.06
797,	1,	44.0,	199.803,			2.43,			0.234,			0.052
798,	1,	157.0,	199.961,			2.265,			0.233,			0.057
799,	1,	157.0,	200.061,			2.885,			0.133,			0.058
800,	2,	137.0,	200.492,			13.136,			1.191,			0.167
801,	1,	7.0,	200.774,			1.014,			0.19,			0.059
802,	1,	59.0,	200.804,			1.421,			0.119,			0.053
803,	1,	7.0,	200.832,			2.02,			0.157,			0.052
804,	1,	7.0,	200.855,			1.631,			0.104,			0.057
805,	2,	383.0,	201.005,			11.706,			1.012,			0.176
806,	1,	7.0,	201.12,			2.198,			0.124,			0.052
807,	1,	7.0,	201.284,			2.761,			0.146,			0.057
808,	2,	96.0,	201.635,			14.836,			1.492,			0.124
809,	2,	144.0,	202.369,			10.374,			1.401,			0.147
810,	2,	263.0,	202.49,			13.953,			1.222,			0.187
811,	1,	6.0,	202.587,			1.314,			0.2,			0.051
812,	1,	6.0,	203.109,			2.932,			0.156,			0.057
813,	1,	512.0,	203.515,			1.22,			0.249,			0.055
814,	1,	379.0,	204.07,			2.936,			0.193,			0.05
815,	1,	90.0,	204.295,			2.813,			0.177,			0.054
816,	1,	6.0,	204.652,			1.076,			0.227,			0.06
817,	2,	230.0,	205.024,			12.024,			1.458,			0.103
818,	1,	90.0,	205.57,			1.841,			0.299,			0.052
819,	1,	59.0,	205.595,			1.597,			0.104,			0.06
820,	1,	95.0,	205.634,			1.981,			0.262,			0.056
821,	1,	49.0,	205.669,			1.703,			0.111,			0.056
822,	1,	214.0,	205.888,			1.155,			0.277,			0.05
823,	1,	44.0,	206.028,			2.155,			0.2,			0.056
824,	1,	13.0,	206.048,			2.133,			0.133,			0.059
825,	1,	447.0,	206.426,			2.533,			0.186,			0.058
826,	1,	30.0,	206.742,			1.998,			0.175,			0.057
827,	1,	49.0,	206.754,			1.402,			0.278,			0.052
828,	2,	208.0,	206.944,			13.346,			1.05,			0.111
829,	1,	120.0,	207.226,			1.169,			0.112,			0.058
830,	1,	30.0,	207.333,			1.491,			0.175,			0.058
831,	1,	28.0,	207.638,			2.282,			0.221,			0.06
832,	1,	498.0,	208.099,			1.411,			0.166,			0.056
833,	1,	95.0,	208.132,			2.832,			0.251,			0.051
834,	1,	512.0,	208.262,			2.681,			0.195,			0.051
835,	2,	156.0,	208.409,			12.088,			1.32,			0.195
836,	2,	114.0,	208.436,			10.146,			1.422,			0.194
837,	1,	7.0,	209.493,			2.757,			0.298,			0.052
838,	1,	10.0,	209.689,			1.394,			0.128,			0.054
839,	1,	13.0,	209.729,			1.395,			0.15,			0.059
840,	1,	559.0,	209.831,			1.927,			0.208,			0.055
841,	2,	60.0,	210.111,			10.599,			1.07,			0.186
842,	1,	7.0,	210.597,			2.299,			0.145,			0.051
843,	2,	202.0,	210.835,			10.721,			1.051,			0.192
844,	1,	16.0,	211.802,			1.305,			0.118,			0.054
845,	1,	44.0,	211.831,			1.669,			0.174,			0.052
846,	1,	6.0,	212.32,			2.92,			0.177,			0.054
847,	1,	559.0,	212.408,			1.605,			0.138,			0.055
848,	1,	7.0,	212.8,			1.591,			0.185,			0.055
849,	1,	49.0,	212.843,			2.579,			0.247,			0.055
850,	1,	146.0,	212.868,			1.985,			0.21,			0.057
851,	1,	512.0,	212.928,			1.582,			0.165,			0.054
852,	1,	13.0,	213.704,			1.968,			0.29,			0.05
853,	1,	95.0,	214.041,			2.027,			0.251,			0.059
854,	1,	7.0,	214.059,			1.358,			0.253,			0.056
855,	1,	49.0,	214.217,			1.956,			0.298,			0.058
856,	1,	214.0,	214.288,			1.631,			0.124,			0.057
857,	1,	214.0,	214.409,			2.366,			0.228,			0.055
858,	1,	7.0,	214.422,			2.76,			0.103,			0.059
859,	1,	13.0,	215.138,			1.639,			0.235,			0.055
860,	2,	78.0,	215.59,			12.406,			1.471,			0.133
861,	1,	6.0,	215.789,			1.025,			0.101,			0.057
862,	1,	126.0,	217.2,			1.162,			0.28,			0.053
863,	1,	146.0,	217.657,			1.742,			0.245,			0.053
864,	1,	10.0,	217.866,			1.486,			0.217,			0.054
865,	2,	222.0,	218.045,			14.77,			1.218,			0.148
866,	1,	512.0,	218.101,			2.055,			0.167,			0.059
867,	1,	7.0,	219.266,			1.672,			0.174,			0.057
868,	1,	59.0,	219.328,			2.316,			0.298,			0.052
869,	1,	120.0,	219.597,			2.322,			0.299,			0.055
870,	1,	28.0,	219.713,			2.073,			0.107,			0.057
871,	1,	120.0,	219.909,			2.199,			0.183,			0.058
872,	1,	169.0,	220.303,			1.637,			0.117,			0.059
873,	1,	90.0,	220.761,			1.499,			0.166,			0.051
874,	1,	103.0,	220.9,			1.631,			0.152,			0.059
875,	1,	59.0,	220.97,			1.104,			0.272,			0.06
876,	1,	447.0,	221.817,			2.879,			0.195,			0.055
877,	1,	387.0,	222.023,			1.731,			0.133,			0.055
878,	2,	120.0,	222.695,			12.691,			1.091,			0.155
879,	2,	135.0,	222.978,			13.735,			1.071,			0.139
880,	1,	120.0,	223.111,			1.59,			0.272,			0.052
881,	2,	123.0,	223.428,			12.486,			1.416,			0.118
882,	1,	120.0,	223.533,			1.435,			0.268,			0.05
883,	1,	7.0,	224.065,			1.391,			0.281,			0.06
884,	2,	108.0,	224.36,			11.88,			1.356,			0.117
885,	1,	103.0,	224.438,			2.843,			0.216,			0.051
886,	2,	224.0,	225.055,			12.801,			1.171,			0.101
887,	1,	16.0,	225.291,			2.08,			0.222,			0.054
888,	1,	379.0,	225.658,			1.482,			0.205,			0.056
889,	1,	120.0,	225.906,			1.607,			0.236,			0.05
890,	1,	6.0,	226.416,			1.69,			0.217,			0.054
891,	2,	117.0,	226.464,			11.536,			1.31,			0.14
892,	1,	559.0,	226.671,			1.031,			0.136,			0.056
893,	1,	7.0,	226.871,			2.497,			0.233,			0.06
894,	1,	28.0,	226.884,			2.973,			0.141,			0.051
895,	1,	7.0,	226.955,			2.643,			0.125,			0.056
896,	2,	76.0,	227.276,			12.955,			1.461,			0.109
897,	1,	214.0,	227.682,			2.983,			0.206,			0.059
898,	1,	7.0,	228.019,			2.647,			0.192,			0.06
899,	1,	13.0,	228.944,			2.31,			0.285,			0.057
900,	1,	157.0,	228.952,			1.432,			0.162,			0.059
901,	1,	49.0,	229.007,			2.379,			0.101,			0.053
902,	2,	131.0,	229.377,			11.572,			1.439,			0.117
903,	1,	6.0,	229.898,			1.733,			0.101,			0.053
904,	1,	13.0,	230.085,			1.683,			0.27,			0.055
905,	1,	379.0,	230.157,			2.198,			0.135,			0.054
906,	2,	125.0,	230.187,			11.164,			1.259,			0.125
907,	1,	90.0,	230.85,			1.111,			0.133,			0.052
908,	1,	7.0,	231.131,			2.36,			0.177,			0.051
909,	1,	7.0,	231.166,			1.009,			0.171,			0.052
910,	1,	559.0,	231.403,			1.445,			0.165,			0.052
911,	1,	498.0,	231.528,			2.763,			0.121,			0.059
912,	1,	387.0,	231.953,			1.633,			0.289,			0.059
913,	1,	103.0,	232.096,			1.358,			0.194,			0.058
914,	1,	7.0,	232.403,			2.567,			0.205,			0.053
915,	1,	6.0,	233.177,			1.095,			0.148,			0.056
916,	1,	7.0,	233.505,			1.736,			0.237,			0.051
917,	1,	44.0,	233.581,			1.128,			0.138,			0.054
918,	2,	100.0,	235.02,			12.145,			1.481,			0.194
919,	1,	387.0,	235.345,			2.557,			0.198,			0.059
920,	1,	512.0,	235.788,			2.491,			0.135,			0.051
921,	1,	103.0,	236.841,			1.126,			0.17,			0.052
922,	1,	95.0,	237.156,			2.602,			0.215,			0.05
923,	1,	7.0,	237.323,			2.802,			0.16,			0.051
924,	1,	387.0,	237.972,			2.914,			0.198,			0.055
925,	1,	44.0,	238.926,			2.167,			0.138,			0.057
926,	2,	185.0,	239.174,			13.189,			1.292,			0.16
927,	1,	498.0,	239.405,			2.544,			0.272,			0.056
928,	1,	387.0,	239.972,			2.351,			0.293,			0.051
929,	1,	7.0,	240.117,			2.385,			0.18,			0.053
930,	1,	90.0,	240.657,			1.035,			0.268,			0.058
931,	2,	117.0,	240.925,			13.645,			1.481,			0.138
932,	1,	7.0,	241.299,			2.879,			0.251,			0.052
933,	1,	103.0,	241.63,			2.858,			0.258,			0.052
934,	2,	332.0,	241.723,			14.511,			1.178,			0.14
935,	2,	166.0,	241.911,			12.024,			1.053,			0.11
936,	2,	40.0,	242.337,			11.61,			1.084,			0.179
937,	2,	130.0,	242.616,			11.339,			1.161,			0.198
938,	1,	44.0,	242.826,			1.42,			0.247,			0.054
939,	2,	58.0,	243.374,			11.677,			1.011,			0.165
940,	2,	204.0,	243.529,			14.48,			1.053,			0.186
941,	2,	114.0,	243.62,			12.33,			1.375,			0.121
942,	2,	281.0,	244.489,			12.005,			1.166,			0.154
943,	2,	175.0,	244.871,			13.021,			1.011,			0.185
944,	1,	6.0,	246.052,			1.998,			0.114,			0.057
945,	1,	28.0,	247.619,			2.567,			0.143,			0.058
946,	2,	144.0,	248.376,			11.677,			1.124,			0.192
947,	2,	172.0,	250.117,			12.635,			1.456,			0.174
948,	1,	90.0,	250.495,			2.273,			0.166,			0.059
949,	2,	201.0,	251.048,			11.449,			1.181,			0.125
950,	1,	44.0,	251.198,			2.796,			0.117,			0.059
951,	1,	214.0,	252.261,			1.407,			0.179,			0.057
952,	1,	90.0,	252.387,			2.772,			0.258,			0.06
953,	1,	103.0,	252.851,			1.609,			0.146,			0.054
954,	2,	97.0,	253.572,			10.011,			1.021,			0.166
955,	2,	80.0,	253.744,			11.598,			1.269,			0.199
956,	1,	498.0,	254.414,			1.164,			0.187,			0.054
957,	2,	121.0,	254.627,			14.564,			1.008,			0.195
958,	2,	99.0,	256.708,			14.804,			1.362,			0.112
959,	1,	59.0,	256.825,			2.388,			0.249,			0.059
960,	2,	182.0,	257.552,			10.312,			1.409,			0.195
961,	2,	225.0,	257.661,			10.721,			1.381,			0.182
962,	1,	379.0,	258.511,			1.128,			0.151,			0.056
963,	2,	92.0,	260.17,			12.105,			1.326,			0.182
964,	2,	351.0,	261.276,			14.564,			1.205,			0.106
965,	1,	157.0,	262.324,			1.096,			0.223,			0.059
966,	1,	103.0,	265.589,			2.705,			0.279,			0.051
967,	2,	107.0,	265.823,			14.658,			1.261,			0.185
968,	2,	130.0,	266.252,			12.792,			1.319,			0.133
969,	1,	146.0,	267.689,			2.103,			0.216,			0.052
970,	2,	207.0,	267.923,			11.017,			1.401,			0.185
971,	1,	498.0,	267.998,			2.288,			0.119,			0.051
972,	2,	244.0,	268.973,			12.914,			1.368,			0.109
973,	1,	7.0,	271.198,			2.273,			0.118,			0.055
974,	1,	28.0,	271.746,			2.847,			0.113,			0.056
975,	1,	44.0,	272.933,			2.065,			0.214,			0.057
976,	1,	214.0,	273.809,			2.425,			0.109,			0.051
977,	1,	157.0,	274.568,			2.342,			0.224,			0.057
978,	2,	126.0,	274.569,			14.36,			1.409,			0.117
979,	1,	214.0,	275.092,			1.543,			0.214,			0.055
980,	1,	90.0,	275.161,			2.858,			0.245,			0.051
981,	2,	157.0,	275.162,			12.767,			1.455,			0.139
982,	1,	44.0,	276.348,			2.349,			0.208,			0.058
983,	1,	120.0,	276.495,			1.524,			0.272,			0.053
984,	1,	498.0,	276.775,			1.733,			0.249,			0.059
985,	1,	157.0,	277.622,			2.122,			0.137,			0.052
986,	2,	84.0,	277.953,			13.106,			1.477,			0.102
987,	1,	7.0,	278.299,			1.733,			0.257,			0.052
988,	2,	192.0,	278.951,			12.767,			1.35,			0.154
989,	2,	147.0,	279.031,			10.461,			1.333,			0.131
990,	2,	293.0,	282.764,			10.485,			1.003,			0.146
991,	2,	141.0,	283.129,			10.524,			1.007,			0.165
992,	2,	186.0,	289.8,			10.01,			1.195,			0.19
993,	2,	366.0,	292.635,			13.823,			1.325,			0.168
994,	1,	7.0,	293.933,			1.709,			0.2,			0.05
995,	2,	134.0,	296.0,			14.611,			1.349,			0.131
996,	2,	208.0,	296.402,			14.582,			1.437,			0.186
997,	2,	365.0,	296.721,			14.767,			1.011,			0.159
998,	2,	158.0,	296.937,			12.421,			1.058,			0.137
999,	2,	293.0,	299.42,			13.415,			1.024,			0.179
1000,	1,	103.0,	300.0,			1.402,			0.26,			0.06
