#, task_type_id, size, arrival_time,	execution_time_cpu,	execution_time_gpu,	execution_time_CLOUD
1,	2,	137.0,	0.825,			13.946,			1.073,			0.133
2,	2,	262.0,	1.955,			13.612,			1.373,			0.14
3,	2,	124.0,	3.258,			11.404,			1.219,			0.126
4,	2,	225.0,	4.619,			13.794,			1.329,			0.155
5,	2,	140.0,	4.936,			11.69,			1.425,			0.122
6,	2,	120.0,	5.98,			13.871,			1.053,			0.138
7,	1,	7.0,	7.267,			2.418,			0.139,			0.057
8,	2,	140.0,	8.567,			10.777,			1.379,			0.121
9,	2,	179.0,	8.696,			10.977,			1.049,			0.139
10,	2,	314.0,	11.18,			11.478,			1.409,			0.147
11,	2,	142.0,	11.741,			12.654,			1.273,			0.171
12,	2,	100.0,	12.285,			14.33,			1.245,			0.142
13,	2,	208.0,	13.694,			10.782,			1.114,			0.195
14,	2,	126.0,	13.972,			12.537,			1.23,			0.132
15,	1,	387.0,	16.278,			1.807,			0.297,			0.052
16,	2,	119.0,	19.028,			11.994,			1.489,			0.112
17,	1,	146.0,	21.33,			1.914,			0.223,			0.056
18,	2,	115.0,	22.036,			10.952,			1.258,			0.107
19,	1,	214.0,	23.234,			2.663,			0.11,			0.056
20,	2,	260.0,	23.491,			11.19,			1.186,			0.141
21,	2,	253.0,	23.616,			14.337,			1.1,			0.104
22,	2,	122.0,	24.954,			11.85,			1.461,			0.174
23,	1,	387.0,	32.826,			2.1,			0.124,			0.057
24,	2,	172.0,	33.16,			12.615,			1.266,			0.157
25,	2,	92.0,	33.624,			11.829,			1.021,			0.107
26,	1,	6.0,	34.224,			2.425,			0.292,			0.051
27,	2,	67.0,	34.615,			11.881,			1.498,			0.137
28,	1,	379.0,	34.824,			2.08,			0.266,			0.053
29,	2,	129.0,	35.059,			12.581,			1.119,			0.199
30,	2,	203.0,	36.856,			12.594,			1.354,			0.106
31,	2,	195.0,	37.164,			14.936,			1.254,			0.124
32,	1,	44.0,	38.385,			2.634,			0.128,			0.058
33,	1,	157.0,	38.805,			2.976,			0.166,			0.053
34,	1,	447.0,	39.007,			1.962,			0.217,			0.052
35,	2,	74.0,	40.59,			10.548,			1.272,			0.172
36,	2,	215.0,	42.595,			14.323,			1.491,			0.178
37,	2,	125.0,	43.18,			12.286,			1.426,			0.125
38,	2,	200.0,	43.907,			11.387,			1.092,			0.143
39,	2,	179.0,	44.22,			12.406,			1.47,			0.165
40,	1,	7.0,	45.043,			2.449,			0.109,			0.057
41,	2,	73.0,	45.145,			11.99,			1.157,			0.129
42,	1,	214.0,	45.862,			1.25,			0.214,			0.057
43,	1,	7.0,	45.957,			2.647,			0.236,			0.055
44,	2,	76.0,	46.246,			12.385,			1.425,			0.197
45,	1,	7.0,	46.274,			1.393,			0.222,			0.051
46,	1,	126.0,	46.416,			2.346,			0.101,			0.057
47,	1,	49.0,	46.923,			2.748,			0.17,			0.055
48,	2,	103.0,	48.046,			14.114,			1.047,			0.135
49,	1,	559.0,	48.126,			2.381,			0.184,			0.057
50,	2,	114.0,	48.48,			10.978,			1.072,			0.114
51,	2,	120.0,	48.797,			14.814,			1.49,			0.11
52,	1,	214.0,	49.026,			1.12,			0.249,			0.056
53,	1,	6.0,	50.104,			2.711,			0.2,			0.058
54,	1,	16.0,	50.225,			2.364,			0.247,			0.053
55,	1,	7.0,	51.535,			1.483,			0.207,			0.051
56,	1,	7.0,	51.643,			1.116,			0.124,			0.055
57,	1,	13.0,	53.37,			1.582,			0.194,			0.058
58,	1,	7.0,	53.55,			2.759,			0.217,			0.051
59,	1,	387.0,	53.947,			1.104,			0.206,			0.056
60,	1,	90.0,	54.765,			2.565,			0.146,			0.052
61,	1,	103.0,	54.95,			1.095,			0.176,			0.05
62,	2,	174.0,	55.17,			14.942,			1.153,			0.16
63,	1,	44.0,	56.247,			1.424,			0.206,			0.058
64,	1,	7.0,	56.303,			2.427,			0.227,			0.053
65,	2,	214.0,	56.499,			11.69,			1.05,			0.137
66,	2,	100.0,	56.541,			13.372,			1.471,			0.119
67,	2,	100.0,	57.231,			13.669,			1.139,			0.198
68,	1,	512.0,	58.273,			1.316,			0.141,			0.053
69,	1,	7.0,	58.34,			1.116,			0.161,			0.055
70,	1,	13.0,	59.689,			1.561,			0.167,			0.055
71,	1,	559.0,	60.175,			2.366,			0.215,			0.057
72,	1,	103.0,	60.404,			1.051,			0.252,			0.057
73,	1,	498.0,	61.026,			1.657,			0.246,			0.055
74,	2,	267.0,	61.176,			10.672,			1.01,			0.184
75,	1,	447.0,	61.239,			1.907,			0.115,			0.052
76,	1,	126.0,	61.42,			1.086,			0.268,			0.051
77,	1,	447.0,	61.557,			1.582,			0.259,			0.053
78,	1,	10.0,	62.218,			2.013,			0.235,			0.056
79,	1,	214.0,	62.694,			2.58,			0.135,			0.051
80,	1,	90.0,	62.857,			1.511,			0.123,			0.055
81,	2,	188.0,	63.387,			12.987,			1.44,			0.13
82,	2,	205.0,	64.049,			13.297,			1.096,			0.142
83,	2,	162.0,	64.424,			12.101,			1.008,			0.105
84,	2,	254.0,	64.509,			14.064,			1.326,			0.178
85,	1,	387.0,	64.524,			2.369,			0.152,			0.05
86,	1,	559.0,	64.747,			2.31,			0.134,			0.054
87,	1,	44.0,	65.632,			1.833,			0.27,			0.052
88,	1,	379.0,	65.724,			2.342,			0.138,			0.058
89,	1,	498.0,	66.19,			1.876,			0.161,			0.059
90,	1,	559.0,	66.223,			2.968,			0.282,			0.055
91,	1,	157.0,	67.058,			1.266,			0.226,			0.057
92,	1,	126.0,	67.107,			1.671,			0.129,			0.058
93,	1,	7.0,	67.283,			1.876,			0.111,			0.058
94,	1,	90.0,	67.72,			2.296,			0.235,			0.06
95,	2,	135.0,	68.138,			12.909,			1.437,			0.192
96,	1,	10.0,	68.773,			2.051,			0.195,			0.059
97,	1,	7.0,	68.83,			2.881,			0.124,			0.053
98,	1,	90.0,	69.828,			1.027,			0.209,			0.058
99,	1,	379.0,	70.014,			1.431,			0.134,			0.06
100,	1,	7.0,	70.286,			2.051,			0.133,			0.055
101,	2,	170.0,	70.723,			13.3,			1.417,			0.106
102,	1,	7.0,	71.221,			2.163,			0.248,			0.05
103,	2,	199.0,	71.429,			14.028,			1.206,			0.121
104,	2,	86.0,	71.457,			10.621,			1.389,			0.187
105,	2,	110.0,	71.61,			13.232,			1.164,			0.161
106,	1,	44.0,	71.626,			2.351,			0.21,			0.053
107,	1,	6.0,	72.085,			2.838,			0.241,			0.056
108,	1,	7.0,	72.261,			2.673,			0.215,			0.051
109,	2,	135.0,	72.381,			10.63,			1.011,			0.148
110,	1,	49.0,	72.668,			1.426,			0.218,			0.055
111,	1,	387.0,	72.809,			2.69,			0.193,			0.059
112,	1,	447.0,	73.329,			2.525,			0.285,			0.06
113,	1,	103.0,	73.543,			1.158,			0.253,			0.05
114,	2,	77.0,	74.207,			12.275,			1.35,			0.18
115,	2,	183.0,	74.993,			10.882,			1.211,			0.184
116,	1,	498.0,	75.065,			2.237,			0.206,			0.059
117,	1,	95.0,	75.097,			2.947,			0.188,			0.052
118,	1,	379.0,	76.688,			2.797,			0.221,			0.051
119,	1,	157.0,	77.354,			1.42,			0.12,			0.056
120,	1,	379.0,	77.459,			2.457,			0.247,			0.051
121,	1,	214.0,	77.833,			1.22,			0.153,			0.05
122,	1,	169.0,	77.978,			1.187,			0.153,			0.052
123,	1,	13.0,	78.064,			2.857,			0.235,			0.057
124,	1,	7.0,	78.112,			1.314,			0.104,			0.051
125,	1,	214.0,	78.874,			1.443,			0.283,			0.055
126,	1,	7.0,	79.405,			2.438,			0.293,			0.053
127,	1,	13.0,	79.545,			2.293,			0.159,			0.051
128,	1,	16.0,	79.86,			1.543,			0.107,			0.06
129,	1,	512.0,	79.883,			1.376,			0.268,			0.058
130,	1,	7.0,	79.893,			1.683,			0.222,			0.054
131,	1,	7.0,	80.229,			2.717,			0.114,			0.056
132,	2,	142.0,	80.667,			13.059,			1.477,			0.119
133,	2,	90.0,	80.93,			13.298,			1.094,			0.137
134,	2,	89.0,	81.028,			11.002,			1.054,			0.101
135,	2,	231.0,	81.093,			13.074,			1.443,			0.116
136,	2,	217.0,	81.479,			14.564,			1.203,			0.175
137,	2,	87.0,	82.323,			13.703,			1.31,			0.108
138,	1,	214.0,	82.553,			1.108,			0.248,			0.054
139,	1,	49.0,	82.82,			1.972,			0.223,			0.055
140,	2,	116.0,	82.943,			11.878,			1.136,			0.199
141,	1,	157.0,	83.403,			1.483,			0.211,			0.052
142,	2,	76.0,	83.502,			14.39,			1.491,			0.112
143,	1,	7.0,	83.652,			2.092,			0.268,			0.055
144,	1,	6.0,	84.45,			1.972,			0.135,			0.052
145,	2,	169.0,	85.034,			10.397,			1.433,			0.184
146,	1,	559.0,	85.224,			1.005,			0.279,			0.055
147,	1,	157.0,	85.518,			1.4,			0.277,			0.054
148,	1,	512.0,	86.339,			1.838,			0.169,			0.054
149,	1,	16.0,	86.634,			1.411,			0.284,			0.058
150,	1,	59.0,	86.645,			2.865,			0.11,			0.055
151,	2,	169.0,	87.024,			10.893,			1.382,			0.134
152,	1,	7.0,	87.123,			2.088,			0.21,			0.06
153,	1,	379.0,	87.199,			1.653,			0.27,			0.06
154,	1,	214.0,	87.571,			2.316,			0.101,			0.056
155,	1,	6.0,	88.163,			1.494,			0.199,			0.056
156,	1,	6.0,	88.61,			2.314,			0.149,			0.053
157,	1,	95.0,	88.643,			2.705,			0.113,			0.051
158,	1,	44.0,	88.984,			1.005,			0.207,			0.053
159,	1,	126.0,	89.406,			1.431,			0.234,			0.056
160,	1,	6.0,	89.717,			1.337,			0.251,			0.053
161,	1,	30.0,	90.454,			2.8,			0.258,			0.059
162,	1,	6.0,	90.839,			1.158,			0.124,			0.053
163,	1,	7.0,	91.155,			1.706,			0.299,			0.053
164,	2,	180.0,	91.239,			12.242,			1.261,			0.129
165,	1,	7.0,	91.561,			2.614,			0.12,			0.05
166,	1,	59.0,	91.727,			2.907,			0.221,			0.056
167,	1,	59.0,	91.766,			1.03,			0.108,			0.059
168,	1,	512.0,	92.13,			1.243,			0.248,			0.055
169,	1,	169.0,	92.491,			1.489,			0.279,			0.056
170,	1,	559.0,	92.509,			1.36,			0.244,			0.051
171,	1,	16.0,	92.588,			2.636,			0.124,			0.051
172,	1,	387.0,	92.947,			1.561,			0.267,			0.06
173,	1,	146.0,	92.964,			1.263,			0.195,			0.051
174,	1,	49.0,	92.976,			2.565,			0.247,			0.06
175,	1,	126.0,	93.788,			2.5,			0.256,			0.055
176,	1,	6.0,	93.882,			1.833,			0.245,			0.05
177,	1,	95.0,	94.4,			1.848,			0.174,			0.058
178,	2,	116.0,	94.534,			11.915,			1.12,			0.167
179,	1,	95.0,	95.122,			2.525,			0.294,			0.055
180,	1,	126.0,	95.128,			1.482,			0.224,			0.051
181,	1,	126.0,	95.151,			2.149,			0.108,			0.053
182,	1,	120.0,	96.191,			1.287,			0.219,			0.054
183,	1,	59.0,	96.456,			2.911,			0.193,			0.052
184,	2,	109.0,	96.541,			11.091,			1.166,			0.104
185,	1,	387.0,	96.543,			2.103,			0.192,			0.059
186,	2,	61.0,	97.076,			14.146,			1.367,			0.159
187,	1,	6.0,	97.161,			2.509,			0.263,			0.056
188,	1,	13.0,	97.2,			2.759,			0.17,			0.052
189,	2,	98.0,	97.86,			12.661,			1.488,			0.135
190,	1,	7.0,	97.952,			2.807,			0.156,			0.058
191,	1,	95.0,	98.132,			2.425,			0.107,			0.059
192,	1,	120.0,	98.374,			1.494,			0.277,			0.054
193,	1,	379.0,	98.42,			2.623,			0.158,			0.053
194,	1,	10.0,	98.466,			2.776,			0.249,			0.058
195,	1,	7.0,	98.737,			2.051,			0.134,			0.058
196,	1,	559.0,	98.739,			1.423,			0.222,			0.053
197,	1,	44.0,	99.188,			1.671,			0.288,			0.053
198,	1,	7.0,	99.265,			2.576,			0.232,			0.058
199,	1,	7.0,	99.735,			2.323,			0.255,			0.058
200,	1,	16.0,	99.925,			2.305,			0.243,			0.05
201,	1,	28.0,	99.961,			2.412,			0.284,			0.057
202,	1,	49.0,	100.231,			2.153,			0.217,			0.055
203,	1,	10.0,	100.232,			2.173,			0.165,			0.054
204,	1,	146.0,	100.274,			1.571,			0.2,			0.057
205,	1,	44.0,	100.397,			1.684,			0.27,			0.056
206,	1,	95.0,	100.48,			2.643,			0.276,			0.057
207,	2,	249.0,	101.042,			13.823,			1.231,			0.103
208,	1,	49.0,	101.107,			1.22,			0.252,			0.055
209,	2,	95.0,	101.192,			12.346,			1.327,			0.109
210,	1,	6.0,	101.568,			2.796,			0.138,			0.053
211,	1,	120.0,	101.672,			1.12,			0.169,			0.056
212,	1,	6.0,	101.75,			2.103,			0.161,			0.056
213,	1,	59.0,	102.251,			1.153,			0.155,			0.055
214,	1,	447.0,	102.528,			1.08,			0.268,			0.054
215,	1,	49.0,	102.819,			1.16,			0.291,			0.058
216,	1,	7.0,	102.864,			1.211,			0.272,			0.054
217,	1,	44.0,	102.893,			1.313,			0.168,			0.055
218,	2,	151.0,	103.267,			10.77,			1.194,			0.14
219,	1,	387.0,	103.272,			2.027,			0.146,			0.054
220,	2,	98.0,	103.289,			10.952,			1.166,			0.104
221,	1,	30.0,	103.312,			1.489,			0.195,			0.058
222,	1,	44.0,	103.365,			2.503,			0.147,			0.059
223,	2,	101.0,	104.039,			10.392,			1.194,			0.133
224,	1,	498.0,	104.075,			1.103,			0.295,			0.055
225,	1,	44.0,	104.188,			2.407,			0.271,			0.052
226,	1,	10.0,	104.479,			1.491,			0.214,			0.06
227,	1,	447.0,	105.352,			2.625,			0.159,			0.05
228,	1,	447.0,	105.449,			1.07,			0.215,			0.057
229,	2,	218.0,	105.684,			11.289,			1.33,			0.155
230,	1,	214.0,	105.754,			1.928,			0.12,			0.05
231,	1,	30.0,	105.772,			2.888,			0.156,			0.055
232,	1,	44.0,	106.374,			2.269,			0.159,			0.051
233,	1,	44.0,	106.378,			2.843,			0.217,			0.056
234,	1,	28.0,	106.418,			2.969,			0.144,			0.057
235,	1,	7.0,	106.49,			1.071,			0.241,			0.054
236,	1,	6.0,	106.883,			2.983,			0.133,			0.054
237,	1,	59.0,	106.975,			1.126,			0.112,			0.052
238,	1,	49.0,	107.142,			2.798,			0.103,			0.054
239,	1,	512.0,	107.292,			1.908,			0.189,			0.059
240,	1,	30.0,	107.567,			1.853,			0.28,			0.054
241,	1,	49.0,	108.127,			2.711,			0.195,			0.055
242,	2,	142.0,	108.364,			11.957,			1.207,			0.152
243,	1,	447.0,	108.661,			2.669,			0.122,			0.056
244,	1,	126.0,	108.815,			1.558,			0.166,			0.054
245,	1,	13.0,	108.902,			2.014,			0.147,			0.059
246,	1,	13.0,	108.973,			2.016,			0.229,			0.051
247,	1,	512.0,	108.999,			1.692,			0.119,			0.053
248,	1,	6.0,	109.196,			1.924,			0.239,			0.06
249,	1,	16.0,	109.313,			2.153,			0.206,			0.054
250,	1,	13.0,	109.33,			2.01,			0.172,			0.057
251,	1,	49.0,	109.388,			1.116,			0.203,			0.057
252,	1,	120.0,	109.477,			1.435,			0.259,			0.056
253,	1,	379.0,	109.492,			2.9,			0.285,			0.055
254,	1,	214.0,	109.528,			1.158,			0.206,			0.05
255,	1,	214.0,	109.653,			1.211,			0.228,			0.056
256,	1,	7.0,	109.805,			1.766,			0.28,			0.052
257,	2,	189.0,	109.84,			13.181,			1.223,			0.163
258,	1,	387.0,	109.841,			2.669,			0.265,			0.058
259,	1,	30.0,	109.935,			2.222,			0.14,			0.059
260,	1,	95.0,	110.106,			2.013,			0.221,			0.053
261,	1,	44.0,	110.135,			2.273,			0.162,			0.054
262,	1,	6.0,	110.547,			2.926,			0.294,			0.057
263,	1,	13.0,	110.672,			1.249,			0.284,			0.055
264,	2,	275.0,	110.713,			12.54,			1.375,			0.141
265,	1,	512.0,	111.31,			1.357,			0.28,			0.055
266,	2,	148.0,	111.329,			12.368,			1.394,			0.155
267,	1,	447.0,	111.669,			2.01,			0.107,			0.053
268,	1,	44.0,	111.839,			1.601,			0.125,			0.052
269,	1,	10.0,	111.849,			1.01,			0.103,			0.052
270,	1,	447.0,	111.883,			2.2,			0.162,			0.052
271,	1,	379.0,	111.93,			2.073,			0.134,			0.057
272,	1,	379.0,	111.999,			2.491,			0.162,			0.056
273,	2,	123.0,	112.026,			12.299,			1.229,			0.17
274,	1,	16.0,	112.167,			2.427,			0.276,			0.056
275,	1,	90.0,	112.268,			1.581,			0.19,			0.058
276,	1,	7.0,	112.332,			1.164,			0.263,			0.054
277,	1,	30.0,	112.432,			1.287,			0.212,			0.057
278,	1,	7.0,	112.557,			1.965,			0.245,			0.054
279,	1,	7.0,	112.628,			2.057,			0.279,			0.051
280,	1,	7.0,	112.98,			2.318,			0.238,			0.059
281,	1,	498.0,	113.195,			1.213,			0.176,			0.052
282,	2,	59.0,	113.392,			10.16,			1.213,			0.104
283,	1,	157.0,	113.523,			1.425,			0.189,			0.059
284,	1,	214.0,	113.687,			2.087,			0.267,			0.058
285,	1,	7.0,	113.812,			1.733,			0.288,			0.06
286,	1,	447.0,	114.177,			1.581,			0.295,			0.05
287,	2,	100.0,	114.689,			14.624,			1.443,			0.105
288,	1,	120.0,	114.825,			1.394,			0.108,			0.057
289,	1,	49.0,	114.846,			1.128,			0.258,			0.052
290,	1,	498.0,	115.122,			2.903,			0.17,			0.05
291,	1,	126.0,	115.513,			1.485,			0.217,			0.055
292,	1,	6.0,	115.546,			1.657,			0.236,			0.052
293,	1,	13.0,	115.547,			1.391,			0.222,			0.053
294,	1,	379.0,	115.555,			1.188,			0.228,			0.058
295,	1,	157.0,	115.728,			2.31,			0.275,			0.06
296,	1,	44.0,	116.04,			1.08,			0.237,			0.055
297,	2,	146.0,	116.14,			12.909,			1.027,			0.123
298,	1,	44.0,	116.168,			1.883,			0.27,			0.059
299,	2,	122.0,	116.54,			13.442,			1.268,			0.18
300,	1,	49.0,	116.75,			1.595,			0.177,			0.054
301,	1,	16.0,	116.861,			1.006,			0.175,			0.055
302,	1,	59.0,	117.073,			2.342,			0.142,			0.052
303,	1,	126.0,	117.362,			1.106,			0.263,			0.054
304,	1,	447.0,	117.541,			1.096,			0.192,			0.058
305,	1,	95.0,	117.57,			2.525,			0.201,			0.05
306,	1,	387.0,	117.571,			2.606,			0.135,			0.05
307,	1,	7.0,	118.045,			2.621,			0.283,			0.054
308,	2,	98.0,	118.24,			12.564,			1.441,			0.157
309,	1,	7.0,	118.459,			2.861,			0.191,			0.059
310,	1,	103.0,	118.465,			1.663,			0.116,			0.059
311,	2,	167.0,	118.477,			10.527,			1.22,			0.172
312,	1,	44.0,	118.566,			1.535,			0.289,			0.054
313,	1,	214.0,	118.643,			2.35,			0.179,			0.05
314,	1,	512.0,	118.645,			1.26,			0.224,			0.05
315,	1,	90.0,	118.737,			1.553,			0.176,			0.059
316,	1,	28.0,	118.983,			2.084,			0.128,			0.053
317,	1,	169.0,	119.281,			1.748,			0.177,			0.052
318,	1,	379.0,	119.462,			1.587,			0.113,			0.057
319,	1,	7.0,	119.523,			2.407,			0.224,			0.051
320,	1,	214.0,	119.728,			2.378,			0.272,			0.053
321,	1,	498.0,	119.779,			2.068,			0.293,			0.055
322,	2,	179.0,	119.954,			10.712,			1.197,			0.19
323,	1,	498.0,	121.355,			2.862,			0.161,			0.055
324,	1,	30.0,	122.052,			1.811,			0.278,			0.053
325,	1,	44.0,	122.078,			1.749,			0.151,			0.051
326,	1,	7.0,	122.217,			1.431,			0.177,			0.053
327,	1,	30.0,	122.397,			1.541,			0.288,			0.055
328,	1,	387.0,	122.44,			2.984,			0.123,			0.057
329,	1,	512.0,	122.59,			2.385,			0.134,			0.053
330,	1,	7.0,	122.696,			1.464,			0.225,			0.059
331,	1,	6.0,	122.892,			2.866,			0.281,			0.06
332,	1,	28.0,	122.945,			1.814,			0.275,			0.053
333,	1,	44.0,	122.992,			1.504,			0.182,			0.051
334,	2,	247.0,	122.993,			11.643,			1.315,			0.136
335,	1,	30.0,	123.045,			1.645,			0.232,			0.055
336,	1,	379.0,	123.323,			1.672,			0.239,			0.052
337,	1,	28.0,	123.597,			1.12,			0.272,			0.06
338,	1,	379.0,	123.812,			2.198,			0.134,			0.058
339,	2,	86.0,	123.923,			13.469,			1.219,			0.107
340,	1,	49.0,	123.957,			1.226,			0.169,			0.053
341,	2,	102.0,	123.995,			13.963,			1.265,			0.187
342,	1,	7.0,	124.041,			2.759,			0.242,			0.051
343,	1,	498.0,	124.419,			2.8,			0.161,			0.05
344,	1,	6.0,	124.495,			2.31,			0.284,			0.052
345,	2,	67.0,	124.634,			13.189,			1.093,			0.176
346,	1,	10.0,	124.649,			1.357,			0.215,			0.051
347,	1,	103.0,	124.677,			1.327,			0.289,			0.06
348,	1,	44.0,	124.829,			1.422,			0.177,			0.052
349,	2,	191.0,	124.869,			13.034,			1.376,			0.145
350,	1,	16.0,	124.987,			1.473,			0.146,			0.059
351,	1,	16.0,	125.453,			1.701,			0.246,			0.053
352,	1,	498.0,	125.849,			2.645,			0.185,			0.054
353,	2,	124.0,	126.092,			13.074,			1.409,			0.167
354,	1,	157.0,	126.33,			1.488,			0.162,			0.055
355,	1,	214.0,	126.377,			1.515,			0.206,			0.06
356,	1,	13.0,	126.5,			1.141,			0.234,			0.056
357,	1,	44.0,	126.617,			1.581,			0.272,			0.06
358,	1,	169.0,	126.864,			1.731,			0.162,			0.054
359,	1,	6.0,	127.054,			2.843,			0.188,			0.056
360,	1,	10.0,	127.517,			1.432,			0.228,			0.058
361,	2,	69.0,	127.821,			11.28,			1.406,			0.19
362,	1,	44.0,	127.859,			1.169,			0.108,			0.052
363,	1,	126.0,	127.961,			2.857,			0.228,			0.057
364,	2,	126.0,	128.001,			13.943,			1.024,			0.109
365,	1,	387.0,	128.455,			2.429,			0.2,			0.058
366,	1,	447.0,	128.681,			2.323,			0.236,			0.051
367,	1,	16.0,	129.123,			2.36,			0.292,			0.057
368,	1,	7.0,	129.438,			1.169,			0.262,			0.057
369,	1,	6.0,	129.447,			2.659,			0.288,			0.052
370,	1,	214.0,	129.511,			2.479,			0.296,			0.054
371,	1,	379.0,	129.723,			1.211,			0.254,			0.054
372,	1,	103.0,	129.835,			1.752,			0.244,			0.059
373,	1,	169.0,	129.963,			1.509,			0.107,			0.055
374,	1,	103.0,	129.97,			2.985,			0.158,			0.051
375,	1,	146.0,	129.975,			2.415,			0.216,			0.051
376,	1,	169.0,	129.977,			2.751,			0.157,			0.058
377,	1,	169.0,	130.196,			2.318,			0.151,			0.051
378,	2,	220.0,	130.228,			14.351,			1.272,			0.129
379,	1,	6.0,	130.371,			2.948,			0.157,			0.055
380,	1,	498.0,	130.431,			2.685,			0.29,			0.05
381,	1,	7.0,	130.448,			1.481,			0.235,			0.05
382,	1,	7.0,	130.559,			1.421,			0.297,			0.051
383,	1,	6.0,	130.699,			1.631,			0.132,			0.058
384,	1,	95.0,	130.863,			2.756,			0.175,			0.058
385,	1,	10.0,	130.874,			1.531,			0.121,			0.052
386,	1,	103.0,	130.891,			2.813,			0.272,			0.059
387,	1,	7.0,	130.939,			1.296,			0.106,			0.06
388,	1,	16.0,	130.962,			1.172,			0.195,			0.059
389,	1,	30.0,	130.993,			1.158,			0.142,			0.052
390,	1,	447.0,	131.212,			2.298,			0.295,			0.056
391,	1,	169.0,	131.627,			1.243,			0.275,			0.057
392,	1,	120.0,	131.643,			1.103,			0.104,			0.059
393,	2,	103.0,	131.7,			11.587,			1.353,			0.106
394,	1,	16.0,	131.892,			1.645,			0.12,			0.056
395,	1,	169.0,	132.067,			1.406,			0.224,			0.055
396,	1,	44.0,	132.232,			1.325,			0.227,			0.051
397,	1,	379.0,	132.413,			2.055,			0.214,			0.055
398,	1,	59.0,	132.579,			1.582,			0.125,			0.056
399,	1,	447.0,	132.617,			2.885,			0.17,			0.051
400,	2,	138.0,	132.89,			10.707,			1.039,			0.135
401,	1,	214.0,	133.072,			1.241,			0.193,			0.054
402,	1,	7.0,	133.145,			1.46,			0.175,			0.053
403,	1,	90.0,	133.201,			1.285,			0.252,			0.055
404,	1,	512.0,	133.299,			1.756,			0.206,			0.054
405,	1,	16.0,	133.309,			2.284,			0.234,			0.059
406,	1,	214.0,	133.401,			2.562,			0.294,			0.056
407,	1,	103.0,	133.438,			1.211,			0.209,			0.054
408,	1,	44.0,	133.476,			2.789,			0.108,			0.06
409,	1,	498.0,	133.547,			2.857,			0.168,			0.054
410,	1,	7.0,	133.572,			1.075,			0.268,			0.057
411,	1,	49.0,	133.598,			1.287,			0.29,			0.053
412,	1,	498.0,	133.675,			2.862,			0.238,			0.054
413,	2,	229.0,	133.776,			10.666,			1.319,			0.154
414,	1,	16.0,	133.821,			2.796,			0.107,			0.055
415,	1,	90.0,	134.128,			1.669,			0.215,			0.058
416,	1,	90.0,	134.19,			1.494,			0.228,			0.052
417,	1,	16.0,	134.381,			1.097,			0.227,			0.054
418,	1,	447.0,	134.461,			2.653,			0.299,			0.051
419,	1,	157.0,	134.652,			1.756,			0.263,			0.052
420,	1,	126.0,	134.786,			2.534,			0.245,			0.05
421,	1,	7.0,	134.89,			1.511,			0.279,			0.057
422,	1,	169.0,	134.899,			1.316,			0.105,			0.05
423,	2,	171.0,	134.912,			12.987,			1.144,			0.191
424,	2,	209.0,	135.01,			13.45,			1.161,			0.114
425,	1,	49.0,	135.353,			1.588,			0.286,			0.055
426,	2,	71.0,	135.359,			14.53,			1.31,			0.15
427,	1,	498.0,	135.391,			2.41,			0.111,			0.057
428,	2,	176.0,	135.418,			11.335,			1.31,			0.107
429,	1,	44.0,	135.448,			1.105,			0.114,			0.058
430,	1,	13.0,	135.462,			2.598,			0.179,			0.059
431,	1,	103.0,	135.493,			2.385,			0.257,			0.059
432,	1,	30.0,	135.623,			2.244,			0.149,			0.051
433,	1,	28.0,	135.641,			1.672,			0.172,			0.051
434,	1,	6.0,	135.705,			1.821,			0.277,			0.059
435,	1,	169.0,	135.944,			1.631,			0.236,			0.058
436,	1,	10.0,	135.972,			2.288,			0.214,			0.058
437,	1,	90.0,	136.011,			1.417,			0.109,			0.051
438,	1,	103.0,	136.03,			2.596,			0.206,			0.059
439,	1,	7.0,	136.605,			1.111,			0.217,			0.058
440,	2,	85.0,	136.652,			14.646,			1.003,			0.159
441,	1,	90.0,	136.968,			2.303,			0.112,			0.051
442,	1,	512.0,	137.125,			2.661,			0.268,			0.051
443,	1,	379.0,	137.23,			2.2,			0.299,			0.06
444,	2,	125.0,	137.344,			11.661,			1.393,			0.19
445,	1,	214.0,	137.398,			2.454,			0.178,			0.052
446,	1,	157.0,	137.517,			1.996,			0.217,			0.057
447,	1,	6.0,	137.657,			2.602,			0.128,			0.06
448,	1,	6.0,	137.666,			2.888,			0.191,			0.058
449,	1,	30.0,	137.749,			1.921,			0.243,			0.054
450,	1,	146.0,	137.834,			2.846,			0.231,			0.051
451,	1,	379.0,	137.879,			1.962,			0.171,			0.055
452,	1,	214.0,	137.923,			2.635,			0.157,			0.052
453,	1,	214.0,	137.991,			2.076,			0.139,			0.054
454,	2,	211.0,	138.235,			13.572,			1.381,			0.165
455,	1,	214.0,	138.364,			2.777,			0.225,			0.056
456,	2,	203.0,	138.553,			11.111,			1.306,			0.166
457,	1,	59.0,	138.593,			1.566,			0.162,			0.058
458,	1,	44.0,	138.606,			1.558,			0.177,			0.06
459,	1,	44.0,	139.211,			1.006,			0.222,			0.059
460,	1,	7.0,	139.415,			1.416,			0.122,			0.053
461,	1,	95.0,	139.562,			1.266,			0.151,			0.053
462,	1,	95.0,	139.984,			1.211,			0.284,			0.055
463,	1,	28.0,	140.43,			1.168,			0.217,			0.057
464,	1,	559.0,	140.594,			2.26,			0.289,			0.054
465,	1,	559.0,	140.685,			1.924,			0.188,			0.053
466,	1,	10.0,	141.073,			2.047,			0.104,			0.054
467,	2,	113.0,	141.116,			10.886,			1.301,			0.172
468,	1,	146.0,	141.472,			2.681,			0.215,			0.051
469,	1,	146.0,	141.722,			2.545,			0.186,			0.054
470,	1,	512.0,	141.73,			2.01,			0.152,			0.058
471,	1,	169.0,	141.9,			1.554,			0.206,			0.055
472,	1,	6.0,	142.072,			2.916,			0.192,			0.053
473,	1,	7.0,	142.255,			1.496,			0.29,			0.051
474,	1,	169.0,	142.318,			1.192,			0.203,			0.055
475,	1,	13.0,	142.342,			2.441,			0.131,			0.053
476,	1,	49.0,	142.53,			1.841,			0.149,			0.056
477,	1,	379.0,	142.571,			1.445,			0.124,			0.056
478,	1,	512.0,	142.7,			1.581,			0.289,			0.054
479,	1,	7.0,	142.901,			2.907,			0.284,			0.052
480,	1,	146.0,	143.339,			2.623,			0.198,			0.055
481,	1,	6.0,	143.462,			2.576,			0.195,			0.055
482,	1,	59.0,	143.82,			1.784,			0.284,			0.059
483,	1,	7.0,	143.952,			1.043,			0.268,			0.053
484,	1,	512.0,	143.955,			2.772,			0.119,			0.06
485,	1,	146.0,	144.187,			1.709,			0.225,			0.056
486,	1,	146.0,	144.538,			1.833,			0.249,			0.057
487,	1,	498.0,	144.571,			1.283,			0.217,			0.055
488,	1,	7.0,	144.599,			1.838,			0.198,			0.056
489,	1,	146.0,	144.628,			1.688,			0.219,			0.052
490,	1,	44.0,	144.668,			1.61,			0.239,			0.052
491,	1,	214.0,	144.701,			1.539,			0.245,			0.058
492,	1,	126.0,	144.732,			1.024,			0.228,			0.058
493,	1,	95.0,	144.8,			1.104,			0.126,			0.05
494,	1,	44.0,	144.855,			2.479,			0.203,			0.052
495,	2,	98.0,	144.964,			14.946,			1.382,			0.103
496,	1,	10.0,	146.062,			2.751,			0.21,			0.053
497,	1,	169.0,	146.187,			2.122,			0.151,			0.052
498,	1,	59.0,	146.443,			2.554,			0.179,			0.059
499,	1,	7.0,	146.53,			1.61,			0.245,			0.057
500,	1,	512.0,	146.542,			2.926,			0.209,			0.059
501,	1,	44.0,	146.604,			1.007,			0.174,			0.058
502,	1,	59.0,	146.811,			2.342,			0.229,			0.056
503,	1,	30.0,	146.88,			2.282,			0.195,			0.057
504,	1,	379.0,	146.898,			2.385,			0.174,			0.057
505,	1,	6.0,	147.208,			2.366,			0.136,			0.054
506,	1,	103.0,	147.315,			1.383,			0.227,			0.051
507,	1,	49.0,	147.438,			1.279,			0.137,			0.052
508,	1,	7.0,	147.439,			1.669,			0.258,			0.059
509,	1,	120.0,	147.489,			1.827,			0.244,			0.052
510,	1,	498.0,	147.666,			1.106,			0.113,			0.057
511,	1,	7.0,	147.842,			2.945,			0.236,			0.057
512,	1,	7.0,	147.886,			1.532,			0.222,			0.058
513,	1,	120.0,	147.963,			1.096,			0.214,			0.056
514,	1,	7.0,	148.417,			1.729,			0.255,			0.052
515,	2,	192.0,	148.483,			12.236,			1.183,			0.186
516,	1,	146.0,	148.585,			1.513,			0.156,			0.059
517,	1,	387.0,	148.852,			2.163,			0.238,			0.058
518,	1,	7.0,	148.91,			1.799,			0.266,			0.058
519,	1,	7.0,	148.928,			1.01,			0.107,			0.054
520,	1,	44.0,	149.065,			2.712,			0.146,			0.054
521,	1,	214.0,	149.122,			2.895,			0.243,			0.054
522,	1,	90.0,	149.31,			2.425,			0.225,			0.058
523,	2,	130.0,	149.4,			14.853,			1.216,			0.196
524,	1,	49.0,	149.644,			1.128,			0.228,			0.051
525,	2,	277.0,	149.644,			14.604,			1.087,			0.135
526,	2,	136.0,	149.853,			14.317,			1.148,			0.126
527,	1,	28.0,	149.912,			2.388,			0.168,			0.055
528,	1,	7.0,	150.131,			1.07,			0.217,			0.057
529,	1,	157.0,	150.17,			1.968,			0.282,			0.057
530,	1,	146.0,	150.296,			2.025,			0.289,			0.05
531,	1,	447.0,	150.319,			1.048,			0.103,			0.057
532,	1,	214.0,	150.542,			1.84,			0.159,			0.055
533,	1,	59.0,	150.589,			1.659,			0.131,			0.051
534,	1,	146.0,	150.677,			2.9,			0.19,			0.059
535,	1,	6.0,	150.789,			2.799,			0.244,			0.055
536,	1,	7.0,	150.94,			2.885,			0.151,			0.057
537,	1,	157.0,	151.089,			1.25,			0.233,			0.055
538,	1,	498.0,	151.6,			2.223,			0.172,			0.054
539,	1,	559.0,	151.641,			1.153,			0.222,			0.058
540,	1,	59.0,	151.73,			1.423,			0.175,			0.06
541,	1,	44.0,	151.824,			2.533,			0.29,			0.056
542,	1,	387.0,	151.974,			1.168,			0.219,			0.055
543,	1,	146.0,	152.382,			2.534,			0.245,			0.05
544,	1,	103.0,	152.898,			1.786,			0.256,			0.058
545,	1,	7.0,	153.213,			2.276,			0.152,			0.052
546,	1,	559.0,	153.388,			2.819,			0.108,			0.059
547,	1,	169.0,	153.572,			1.217,			0.252,			0.056
548,	1,	512.0,	153.703,			1.009,			0.276,			0.052
549,	1,	59.0,	153.733,			2.714,			0.137,			0.054
550,	1,	512.0,	154.153,			2.2,			0.142,			0.056
551,	1,	146.0,	154.214,			2.303,			0.161,			0.053
552,	1,	498.0,	154.229,			1.56,			0.228,			0.053
553,	1,	498.0,	154.436,			1.84,			0.192,			0.057
554,	1,	387.0,	154.466,			2.795,			0.16,			0.059
555,	1,	559.0,	154.467,			2.879,			0.181,			0.054
556,	1,	379.0,	154.661,			2.91,			0.275,			0.051
557,	1,	59.0,	154.818,			1.3,			0.113,			0.051
558,	1,	59.0,	154.912,			1.539,			0.229,			0.056
559,	1,	90.0,	155.349,			2.76,			0.107,			0.057
560,	2,	109.0,	155.554,			10.175,			1.075,			0.111
561,	1,	7.0,	155.608,			2.789,			0.297,			0.05
562,	2,	120.0,	155.661,			12.615,			1.233,			0.134
563,	1,	559.0,	155.669,			2.968,			0.101,			0.054
564,	1,	6.0,	155.923,			2.777,			0.241,			0.051
565,	1,	10.0,	155.94,			2.265,			0.214,			0.052
566,	1,	7.0,	156.075,			1.715,			0.129,			0.059
567,	2,	293.0,	156.1,			13.093,			1.254,			0.127
568,	1,	103.0,	156.104,			2.542,			0.111,			0.056
569,	1,	30.0,	156.148,			1.921,			0.176,			0.055
570,	1,	7.0,	156.177,			1.372,			0.29,			0.053
571,	1,	28.0,	156.623,			2.034,			0.139,			0.051
572,	1,	28.0,	156.793,			1.809,			0.133,			0.057
573,	1,	90.0,	156.986,			2.09,			0.209,			0.051
574,	1,	126.0,	156.997,			1.642,			0.298,			0.053
575,	1,	16.0,	157.016,			2.377,			0.27,			0.058
576,	1,	559.0,	157.032,			2.675,			0.146,			0.054
577,	1,	44.0,	157.058,			1.316,			0.229,			0.054
578,	1,	214.0,	157.164,			1.909,			0.189,			0.057
579,	1,	28.0,	157.399,			1.516,			0.117,			0.059
580,	1,	13.0,	157.744,			2.686,			0.139,			0.06
581,	1,	28.0,	157.771,			1.46,			0.133,			0.056
582,	1,	7.0,	157.775,			1.825,			0.231,			0.051
583,	1,	16.0,	157.808,			2.614,			0.135,			0.057
584,	1,	6.0,	158.166,			1.908,			0.175,			0.058
585,	1,	90.0,	158.296,			1.158,			0.126,			0.058
586,	1,	28.0,	158.76,			2.669,			0.22,			0.051
587,	1,	49.0,	158.765,			1.994,			0.267,			0.051
588,	1,	379.0,	158.78,			1.028,			0.233,			0.05
589,	1,	7.0,	158.896,			2.787,			0.177,			0.059
590,	1,	6.0,	159.051,			2.858,			0.182,			0.056
591,	1,	379.0,	159.284,			1.988,			0.259,			0.055
592,	1,	6.0,	159.32,			2.014,			0.159,			0.056
593,	1,	512.0,	159.584,			2.193,			0.284,			0.058
594,	1,	6.0,	159.685,			1.434,			0.11,			0.055
595,	1,	214.0,	159.69,			1.968,			0.191,			0.054
596,	1,	120.0,	159.797,			2.986,			0.151,			0.055
597,	1,	44.0,	160.137,			1.643,			0.101,			0.055
598,	1,	387.0,	160.23,			2.498,			0.106,			0.053
599,	1,	387.0,	160.233,			2.034,			0.162,			0.052
600,	1,	95.0,	160.256,			2.167,			0.21,			0.057
601,	1,	13.0,	161.008,			1.706,			0.101,			0.059
602,	1,	16.0,	161.489,			2.852,			0.26,			0.055
603,	1,	157.0,	161.803,			1.766,			0.168,			0.051
604,	1,	28.0,	161.827,			1.024,			0.166,			0.05
605,	1,	6.0,	161.945,			2.58,			0.175,			0.056
606,	1,	7.0,	161.966,			1.364,			0.217,			0.057
607,	2,	147.0,	161.988,			13.193,			1.121,			0.138
608,	2,	120.0,	162.111,			12.33,			1.273,			0.127
609,	1,	13.0,	162.258,			1.807,			0.135,			0.056
610,	1,	10.0,	162.277,			1.044,			0.199,			0.059
611,	1,	7.0,	162.287,			2.418,			0.298,			0.053
612,	1,	7.0,	162.343,			2.252,			0.221,			0.054
613,	1,	447.0,	162.398,			2.984,			0.281,			0.06
614,	1,	120.0,	162.471,			2.669,			0.258,			0.053
615,	1,	7.0,	162.567,			1.663,			0.19,			0.055
616,	1,	10.0,	162.655,			1.876,			0.249,			0.055
617,	1,	44.0,	162.71,			2.565,			0.131,			0.051
618,	1,	512.0,	163.063,			2.114,			0.156,			0.056
619,	1,	214.0,	163.344,			1.334,			0.254,			0.053
620,	1,	49.0,	163.476,			2.414,			0.131,			0.06
621,	1,	44.0,	163.636,			2.282,			0.245,			0.052
622,	1,	6.0,	163.661,			1.799,			0.189,			0.053
623,	1,	169.0,	163.695,			1.62,			0.207,			0.059
624,	1,	6.0,	163.954,			1.106,			0.2,			0.051
625,	1,	146.0,	163.961,			2.638,			0.152,			0.053
626,	1,	214.0,	164.108,			2.366,			0.215,			0.054
627,	1,	120.0,	164.439,			1.366,			0.193,			0.06
628,	1,	10.0,	164.64,			1.27,			0.109,			0.06
629,	1,	95.0,	164.675,			1.482,			0.259,			0.051
630,	1,	10.0,	165.372,			1.313,			0.238,			0.057
631,	1,	28.0,	165.7,			2.681,			0.106,			0.057
632,	1,	146.0,	166.365,			2.598,			0.144,			0.051
633,	1,	447.0,	166.574,			2.316,			0.253,			0.058
634,	1,	44.0,	166.669,			2.004,			0.172,			0.05
635,	1,	379.0,	166.673,			2.073,			0.233,			0.051
636,	1,	498.0,	166.676,			2.349,			0.21,			0.051
637,	1,	49.0,	166.732,			1.731,			0.215,			0.057
638,	1,	214.0,	166.758,			1.277,			0.296,			0.051
639,	1,	44.0,	166.871,			1.56,			0.288,			0.056
640,	1,	44.0,	167.385,			1.104,			0.111,			0.059
641,	1,	44.0,	167.91,			2.914,			0.136,			0.053
642,	1,	126.0,	167.984,			2.11,			0.187,			0.053
643,	1,	6.0,	168.172,			1.962,			0.139,			0.057
644,	1,	103.0,	168.174,			1.112,			0.133,			0.054
645,	1,	7.0,	168.35,			1.009,			0.269,			0.054
646,	1,	10.0,	168.358,			2.534,			0.174,			0.055
647,	1,	44.0,	168.526,			1.659,			0.299,			0.06
648,	1,	126.0,	168.559,			2.301,			0.17,			0.056
649,	1,	120.0,	168.561,			1.853,			0.248,			0.052
650,	1,	120.0,	168.633,			1.883,			0.233,			0.053
651,	1,	169.0,	168.732,			2.673,			0.221,			0.051
652,	1,	447.0,	168.778,			2.714,			0.239,			0.056
653,	1,	7.0,	169.017,			2.407,			0.198,			0.054
654,	1,	6.0,	169.179,			1.166,			0.194,			0.053
655,	1,	10.0,	169.32,			1.596,			0.249,			0.057
656,	1,	7.0,	169.376,			2.412,			0.131,			0.055
657,	1,	95.0,	169.448,			1.121,			0.262,			0.059
658,	1,	447.0,	169.579,			1.031,			0.231,			0.059
659,	1,	90.0,	169.671,			2.358,			0.282,			0.05
660,	1,	16.0,	169.692,			2.412,			0.135,			0.06
661,	1,	10.0,	169.851,			1.12,			0.287,			0.052
662,	1,	120.0,	170.097,			1.988,			0.205,			0.058
663,	2,	139.0,	170.1,			10.51,			1.108,			0.142
664,	1,	157.0,	170.181,			1.631,			0.111,			0.052
665,	1,	157.0,	170.182,			2.149,			0.173,			0.059
666,	1,	16.0,	170.293,			1.64,			0.159,			0.056
667,	1,	28.0,	170.722,			2.36,			0.292,			0.058
668,	1,	16.0,	170.742,			1.914,			0.107,			0.058
669,	1,	103.0,	170.883,			1.639,			0.202,			0.055
670,	1,	214.0,	171.152,			2.581,			0.127,			0.058
671,	1,	169.0,	171.163,			1.756,			0.297,			0.053
672,	1,	44.0,	171.249,			1.672,			0.116,			0.053
673,	1,	146.0,	171.262,			2.986,			0.225,			0.054
674,	1,	379.0,	171.263,			2.787,			0.12,			0.054
675,	1,	6.0,	171.383,			1.84,			0.272,			0.055
676,	1,	498.0,	171.455,			1.157,			0.183,			0.051
677,	2,	134.0,	171.465,			11.591,			1.353,			0.17
678,	1,	387.0,	171.527,			1.291,			0.136,			0.05
679,	1,	146.0,	171.821,			1.774,			0.206,			0.059
680,	1,	95.0,	171.928,			2.973,			0.226,			0.051
681,	1,	13.0,	172.148,			1.482,			0.176,			0.05
682,	1,	6.0,	172.465,			1.408,			0.131,			0.052
683,	1,	7.0,	172.881,			1.525,			0.239,			0.059
684,	1,	379.0,	173.158,			2.545,			0.172,			0.056
685,	1,	387.0,	173.25,			1.933,			0.159,			0.056
686,	1,	13.0,	173.423,			2.014,			0.161,			0.059
687,	1,	7.0,	173.46,			2.321,			0.114,			0.057
688,	1,	559.0,	173.512,			1.168,			0.243,			0.059
689,	1,	214.0,	173.515,			1.078,			0.298,			0.053
690,	1,	6.0,	173.765,			1.386,			0.146,			0.051
691,	1,	512.0,	173.846,			2.943,			0.216,			0.052
692,	1,	559.0,	174.179,			2.388,			0.174,			0.058
693,	1,	157.0,	174.276,			1.776,			0.116,			0.055
694,	1,	30.0,	174.425,			2.175,			0.161,			0.054
695,	1,	6.0,	174.814,			1.128,			0.29,			0.051
696,	1,	7.0,	174.873,			1.698,			0.293,			0.057
697,	1,	103.0,	174.948,			1.437,			0.279,			0.054
698,	1,	30.0,	175.501,			2.885,			0.146,			0.055
699,	1,	30.0,	175.529,			2.772,			0.195,			0.058
700,	1,	49.0,	175.642,			1.441,			0.2,			0.055
701,	1,	95.0,	175.998,			1.262,			0.147,			0.051
702,	1,	49.0,	176.155,			2.18,			0.22,			0.055
703,	1,	379.0,	176.455,			2.787,			0.211,			0.05
704,	1,	13.0,	176.479,			1.566,			0.262,			0.054
705,	1,	16.0,	176.545,			1.025,			0.147,			0.056
706,	1,	6.0,	176.724,			2.454,			0.133,			0.056
707,	1,	379.0,	176.754,			1.702,			0.192,			0.051
708,	1,	44.0,	176.762,			2.58,			0.134,			0.051
709,	2,	162.0,	176.788,			10.909,			1.044,			0.108
710,	1,	447.0,	177.255,			1.844,			0.249,			0.059
711,	1,	44.0,	177.645,			2.448,			0.26,			0.06
712,	1,	16.0,	177.667,			1.426,			0.124,			0.058
713,	1,	379.0,	177.971,			1.226,			0.146,			0.056
714,	1,	30.0,	178.443,			1.402,			0.206,			0.053
715,	2,	149.0,	178.863,			10.808,			1.159,			0.1
716,	1,	126.0,	178.955,			1.14,			0.145,			0.052
717,	1,	90.0,	179.104,			1.654,			0.295,			0.05
718,	1,	103.0,	179.489,			2.18,			0.106,			0.057
719,	1,	387.0,	180.143,			1.485,			0.295,			0.055
720,	1,	90.0,	180.223,			1.694,			0.239,			0.058
721,	1,	44.0,	180.311,			2.796,			0.288,			0.058
722,	2,	173.0,	180.472,			13.669,			1.285,			0.197
723,	1,	44.0,	181.002,			2.772,			0.156,			0.055
724,	1,	16.0,	181.175,			2.525,			0.217,			0.052
725,	1,	16.0,	181.369,			1.391,			0.109,			0.057
726,	2,	369.0,	181.553,			13.135,			1.492,			0.153
727,	2,	139.0,	181.71,			14.283,			1.425,			0.198
728,	1,	559.0,	181.76,			1.114,			0.166,			0.051
729,	1,	13.0,	181.774,			1.103,			0.131,			0.056
730,	1,	559.0,	181.878,			1.496,			0.158,			0.058
731,	1,	13.0,	181.91,			1.61,			0.226,			0.059
732,	2,	137.0,	182.276,			12.331,			1.098,			0.114
733,	1,	103.0,	182.443,			1.928,			0.198,			0.057
734,	1,	157.0,	183.184,			2.006,			0.215,			0.052
735,	1,	59.0,	183.288,			2.02,			0.208,			0.054
736,	2,	112.0,	183.44,			12.88,			1.144,			0.155
737,	1,	28.0,	183.517,			1.915,			0.211,			0.055
738,	1,	6.0,	183.891,			2.727,			0.217,			0.051
739,	1,	512.0,	184.716,			2.711,			0.103,			0.056
740,	1,	6.0,	185.026,			2.78,			0.124,			0.055
741,	1,	157.0,	185.292,			2.198,			0.132,			0.051
742,	1,	6.0,	185.318,			1.157,			0.156,			0.056
743,	1,	59.0,	185.439,			1.485,			0.216,			0.058
744,	1,	126.0,	185.449,			1.331,			0.144,			0.057
745,	1,	30.0,	186.182,			1.249,			0.207,			0.055
746,	1,	6.0,	186.236,			2.647,			0.134,			0.051
747,	1,	95.0,	187.621,			1.145,			0.15,			0.051
748,	1,	498.0,	187.792,			1.07,			0.259,			0.052
749,	1,	30.0,	188.259,			2.598,			0.29,			0.051
750,	1,	103.0,	188.677,			2.819,			0.127,			0.058
751,	1,	44.0,	188.751,			1.409,			0.223,			0.053
752,	2,	117.0,	188.994,			13.941,			1.431,			0.19
753,	1,	379.0,	189.008,			1.489,			0.134,			0.055
754,	2,	112.0,	189.106,			11.707,			1.499,			0.105
755,	1,	157.0,	189.131,			1.471,			0.266,			0.055
756,	1,	146.0,	189.743,			1.909,			0.173,			0.05
757,	1,	28.0,	189.875,			1.609,			0.174,			0.059
758,	2,	156.0,	189.945,			12.48,			1.124,			0.119
759,	1,	7.0,	190.001,			1.703,			0.284,			0.055
760,	2,	171.0,	190.214,			10.319,			1.296,			0.198
761,	1,	7.0,	190.288,			1.981,			0.102,			0.058
762,	1,	95.0,	190.344,			2.345,			0.158,			0.056
763,	1,	512.0,	190.477,			2.799,			0.198,			0.058
764,	1,	387.0,	190.521,			2.955,			0.106,			0.059
765,	1,	169.0,	190.526,			1.653,			0.17,			0.058
766,	1,	7.0,	190.57,			2.986,			0.284,			0.056
767,	1,	95.0,	191.068,			2.939,			0.248,			0.058
768,	1,	447.0,	191.128,			2.92,			0.108,			0.06
769,	1,	30.0,	191.243,			1.786,			0.156,			0.054
770,	1,	157.0,	191.257,			2.132,			0.208,			0.057
771,	1,	7.0,	192.022,			1.009,			0.269,			0.055
772,	1,	44.0,	192.135,			2.852,			0.217,			0.055
773,	1,	13.0,	192.41,			1.663,			0.133,			0.06
774,	1,	120.0,	192.555,			1.826,			0.251,			0.055
775,	1,	7.0,	192.798,			1.428,			0.136,			0.055
776,	1,	95.0,	193.15,			2.582,			0.228,			0.054
777,	1,	95.0,	193.258,			1.458,			0.245,			0.055
778,	1,	379.0,	193.268,			2.304,			0.239,			0.051
779,	1,	44.0,	193.403,			1.283,			0.134,			0.056
780,	1,	13.0,	193.453,			1.76,			0.202,			0.056
781,	1,	10.0,	193.652,			2.972,			0.203,			0.054
782,	1,	146.0,	193.799,			1.557,			0.236,			0.05
783,	1,	447.0,	193.956,			2.449,			0.244,			0.059
784,	1,	126.0,	194.187,			1.327,			0.21,			0.057
785,	2,	69.0,	194.933,			10.672,			1.239,			0.181
786,	1,	6.0,	195.042,			2.645,			0.176,			0.056
787,	2,	195.0,	195.309,			12.145,			1.186,			0.133
788,	1,	214.0,	195.604,			2.2,			0.107,			0.051
789,	1,	7.0,	195.907,			1.504,			0.133,			0.054
790,	2,	155.0,	196.388,			12.046,			1.488,			0.117
791,	1,	16.0,	196.473,			1.188,			0.238,			0.055
792,	1,	559.0,	196.664,			1.753,			0.125,			0.053
793,	1,	379.0,	196.774,			2.43,			0.244,			0.052
794,	1,	7.0,	196.793,			1.22,			0.211,			0.052
795,	1,	214.0,	197.285,			2.939,			0.139,			0.055
796,	1,	7.0,	197.642,			1.988,			0.276,			0.06
797,	1,	214.0,	197.866,			1.36,			0.162,			0.051
798,	2,	130.0,	197.997,			14.368,			1.361,			0.135
799,	1,	447.0,	198.294,			2.711,			0.192,			0.056
800,	1,	44.0,	198.667,			2.302,			0.224,			0.057
801,	1,	169.0,	198.669,			2.827,			0.126,			0.058
802,	1,	59.0,	198.987,			1.688,			0.142,			0.06
803,	1,	28.0,	199.066,			1.941,			0.231,			0.06
804,	1,	44.0,	199.232,			2.797,			0.297,			0.055
805,	1,	103.0,	199.733,			2.968,			0.235,			0.053
806,	1,	10.0,	199.839,			2.076,			0.289,			0.054
807,	2,	38.0,	199.886,			12.115,			1.456,			0.136
808,	1,	559.0,	200.71,			1.956,			0.207,			0.05
809,	1,	214.0,	201.261,			1.086,			0.148,			0.056
810,	1,	16.0,	201.438,			1.467,			0.215,			0.058
811,	1,	498.0,	201.873,			2.991,			0.189,			0.057
812,	1,	7.0,	202.304,			1.098,			0.224,			0.055
813,	1,	559.0,	202.799,			1.119,			0.268,			0.057
814,	1,	44.0,	203.122,			1.805,			0.203,			0.059
815,	1,	7.0,	203.123,			1.86,			0.162,			0.054
816,	1,	44.0,	203.154,			2.943,			0.122,			0.057
817,	1,	95.0,	203.705,			1.749,			0.284,			0.054
818,	1,	7.0,	203.782,			1.26,			0.157,			0.054
819,	1,	120.0,	203.876,			2.151,			0.192,			0.052
820,	1,	103.0,	203.908,			1.728,			0.192,			0.06
821,	1,	30.0,	203.964,			2.238,			0.2,			0.053
822,	1,	214.0,	204.361,			2.194,			0.13,			0.053
823,	1,	7.0,	204.361,			1.14,			0.26,			0.054
824,	1,	7.0,	205.05,			1.683,			0.263,			0.052
825,	1,	7.0,	205.127,			2.014,			0.277,			0.052
826,	1,	13.0,	205.863,			2.2,			0.138,			0.054
827,	1,	7.0,	206.352,			1.483,			0.159,			0.057
828,	1,	559.0,	206.759,			1.883,			0.249,			0.054
829,	1,	13.0,	206.767,			2.565,			0.243,			0.056
830,	2,	121.0,	206.801,			12.146,			1.175,			0.188
831,	1,	44.0,	207.006,			2.198,			0.263,			0.051
832,	1,	7.0,	207.008,			1.968,			0.217,			0.054
833,	1,	90.0,	207.664,			1.523,			0.112,			0.053
834,	1,	44.0,	207.761,			1.008,			0.223,			0.06
835,	1,	28.0,	208.08,			2.193,			0.129,			0.053
836,	1,	28.0,	208.76,			1.458,			0.162,			0.054
837,	1,	169.0,	208.874,			1.535,			0.162,			0.052
838,	1,	6.0,	208.88,			2.712,			0.279,			0.054
839,	1,	49.0,	208.965,			2.298,			0.218,			0.053
840,	1,	7.0,	208.987,			2.985,			0.231,			0.05
841,	1,	559.0,	209.326,			2.459,			0.259,			0.052
842,	1,	6.0,	209.557,			1.092,			0.174,			0.052
843,	1,	13.0,	209.991,			1.827,			0.151,			0.054
844,	1,	30.0,	210.005,			2.2,			0.282,			0.057
845,	2,	149.0,	210.339,			12.089,			1.491,			0.122
846,	1,	559.0,	210.377,			1.833,			0.202,			0.055
847,	1,	146.0,	210.951,			1.203,			0.249,			0.054
848,	1,	559.0,	210.989,			1.285,			0.273,			0.058
849,	1,	30.0,	211.177,			1.911,			0.253,			0.053
850,	1,	7.0,	211.464,			2.222,			0.152,			0.051
851,	1,	7.0,	211.994,			2.384,			0.195,			0.055
852,	1,	498.0,	213.108,			1.302,			0.222,			0.056
853,	1,	559.0,	213.179,			2.151,			0.228,			0.054
854,	1,	10.0,	213.489,			1.853,			0.277,			0.051
855,	1,	7.0,	213.829,			2.714,			0.284,			0.057
856,	1,	447.0,	213.987,			2.288,			0.217,			0.052
857,	1,	157.0,	214.273,			2.632,			0.243,			0.058
858,	2,	104.0,	214.415,			12.75,			1.252,			0.141
859,	1,	6.0,	215.006,			2.284,			0.109,			0.052
860,	1,	379.0,	215.026,			1.504,			0.162,			0.058
861,	1,	95.0,	215.109,			1.119,			0.122,			0.06
862,	1,	169.0,	215.143,			1.26,			0.171,			0.057
863,	1,	44.0,	215.581,			2.56,			0.113,			0.06
864,	1,	6.0,	215.77,			1.504,			0.27,			0.057
865,	1,	6.0,	215.777,			1.919,			0.228,			0.054
866,	1,	16.0,	216.104,			1.756,			0.297,			0.056
867,	1,	7.0,	216.187,			1.962,			0.134,			0.059
868,	1,	44.0,	216.239,			1.07,			0.231,			0.051
869,	1,	146.0,	216.243,			1.956,			0.286,			0.058
870,	1,	7.0,	216.261,			2.562,			0.118,			0.05
871,	2,	188.0,	216.562,			10.769,			1.297,			0.19
872,	1,	559.0,	216.876,			2.725,			0.198,			0.051
873,	1,	120.0,	216.884,			1.807,			0.253,			0.055
874,	1,	214.0,	217.457,			1.853,			0.192,			0.052
875,	2,	193.0,	217.841,			11.706,			1.008,			0.186
876,	1,	498.0,	218.815,			1.843,			0.15,			0.051
877,	1,	447.0,	219.06,			1.262,			0.25,			0.055
878,	2,	196.0,	219.337,			13.439,			1.319,			0.156
879,	1,	44.0,	219.448,			1.364,			0.25,			0.053
880,	1,	7.0,	219.6,			2.548,			0.292,			0.053
881,	1,	146.0,	220.804,			2.986,			0.169,			0.051
882,	1,	157.0,	221.193,			1.515,			0.2,			0.051
883,	1,	126.0,	221.615,			1.99,			0.198,			0.059
884,	1,	30.0,	221.699,			2.776,			0.24,			0.053
885,	1,	157.0,	221.813,			1.924,			0.204,			0.057
886,	1,	157.0,	221.967,			1.702,			0.285,			0.053
887,	1,	10.0,	222.379,			1.553,			0.268,			0.051
888,	2,	195.0,	222.636,			10.782,			1.189,			0.187
889,	2,	59.0,	223.058,			10.77,			1.332,			0.155
890,	1,	512.0,	223.5,			1.024,			0.225,			0.055
891,	1,	103.0,	223.793,			1.553,			0.241,			0.059
892,	1,	146.0,	224.35,			1.174,			0.187,			0.057
893,	2,	177.0,	224.659,			11.478,			1.431,			0.185
894,	2,	149.0,	226.541,			11.993,			1.425,			0.134
895,	1,	95.0,	226.554,			2.896,			0.227,			0.051
896,	1,	169.0,	227.053,			2.813,			0.275,			0.053
897,	1,	16.0,	228.182,			2.866,			0.299,			0.051
898,	1,	7.0,	228.326,			2.454,			0.238,			0.057
899,	1,	16.0,	228.719,			1.998,			0.107,			0.053
900,	1,	7.0,	228.925,			1.827,			0.299,			0.05
901,	2,	227.0,	229.325,			14.49,			1.067,			0.161
902,	2,	281.0,	229.361,			10.84,			1.179,			0.106
903,	1,	44.0,	229.518,			2.872,			0.2,			0.05
904,	1,	6.0,	230.077,			1.092,			0.107,			0.052
905,	2,	252.0,	230.401,			10.63,			1.021,			0.195
906,	1,	30.0,	231.107,			1.151,			0.133,			0.053
907,	1,	447.0,	231.109,			1.303,			0.131,			0.052
908,	1,	44.0,	231.492,			1.749,			0.222,			0.055
909,	1,	49.0,	231.605,			1.654,			0.297,			0.051
910,	1,	146.0,	231.792,			2.756,			0.162,			0.052
911,	1,	59.0,	232.093,			1.26,			0.245,			0.053
912,	2,	110.0,	232.662,			10.654,			1.197,			0.107
913,	1,	7.0,	233.182,			1.701,			0.216,			0.054
914,	1,	10.0,	233.553,			1.843,			0.165,			0.052
915,	1,	44.0,	234.667,			1.035,			0.284,			0.057
916,	1,	120.0,	235.142,			1.168,			0.177,			0.057
917,	2,	145.0,	235.452,			13.025,			1.489,			0.131
918,	2,	257.0,	235.56,			14.767,			1.305,			0.104
919,	2,	56.0,	236.105,			11.484,			1.376,			0.168
920,	2,	74.0,	236.233,			13.828,			1.32,			0.122
921,	1,	120.0,	236.915,			1.173,			0.145,			0.054
922,	1,	90.0,	237.106,			1.516,			0.166,			0.056
923,	1,	90.0,	238.176,			2.681,			0.299,			0.05
924,	1,	447.0,	239.017,			2.999,			0.194,			0.056
925,	1,	512.0,	239.429,			1.486,			0.16,			0.056
926,	1,	447.0,	239.755,			2.866,			0.237,			0.056
927,	2,	234.0,	239.934,			13.575,			1.397,			0.16
928,	1,	214.0,	240.304,			1.841,			0.248,			0.05
929,	1,	512.0,	240.923,			2.954,			0.249,			0.057
930,	2,	263.0,	243.101,			14.439,			1.023,			0.114
931,	2,	286.0,	243.49,			12.503,			1.495,			0.118
932,	1,	169.0,	244.13,			2.0,			0.145,			0.059
933,	2,	183.0,	244.184,			12.815,			1.215,			0.138
934,	2,	150.0,	244.932,			12.849,			1.171,			0.161
935,	2,	164.0,	247.564,			14.705,			1.278,			0.119
936,	1,	157.0,	247.742,			2.388,			0.142,			0.059
937,	2,	121.0,	248.881,			13.396,			1.304,			0.197
938,	1,	7.0,	248.951,			2.467,			0.23,			0.059
939,	1,	7.0,	249.522,			1.827,			0.278,			0.054
940,	1,	44.0,	250.022,			1.612,			0.136,			0.054
941,	1,	6.0,	250.07,			2.034,			0.222,			0.051
942,	2,	207.0,	251.141,			11.504,			1.236,			0.127
943,	2,	127.0,	251.154,			12.299,			1.294,			0.183
944,	2,	154.0,	252.232,			13.703,			1.442,			0.176
945,	2,	190.0,	252.487,			14.149,			1.326,			0.142
946,	2,	264.0,	252.532,			14.53,			1.051,			0.151
947,	2,	190.0,	253.568,			10.957,			1.305,			0.176
948,	1,	16.0,	253.638,			2.726,			0.284,			0.051
949,	1,	157.0,	253.819,			1.035,			0.23,			0.05
950,	1,	157.0,	254.437,			1.304,			0.146,			0.051
951,	2,	225.0,	255.281,			13.163,			1.454,			0.125
952,	2,	129.0,	255.461,			11.886,			1.188,			0.138
953,	1,	44.0,	255.563,			1.64,			0.199,			0.053
954,	1,	103.0,	257.273,			1.663,			0.166,			0.055
955,	2,	139.0,	260.293,			13.671,			1.32,			0.178
956,	2,	143.0,	260.985,			13.973,			1.441,			0.118
957,	2,	184.0,	261.488,			14.871,			1.175,			0.179
958,	1,	7.0,	261.782,			1.27,			0.119,			0.057
959,	2,	62.0,	262.028,			10.789,			1.346,			0.151
960,	1,	214.0,	262.953,			1.582,			0.233,			0.053
961,	1,	559.0,	264.427,			1.548,			0.174,			0.052
962,	2,	142.0,	264.475,			12.242,			1.246,			0.129
963,	2,	136.0,	264.88,			13.528,			1.452,			0.137
964,	1,	10.0,	265.654,			2.369,			0.133,			0.055
965,	1,	16.0,	265.928,			2.366,			0.242,			0.051
966,	2,	217.0,	265.963,			11.138,			1.254,			0.101
967,	1,	126.0,	269.864,			2.096,			0.241,			0.05
968,	2,	131.0,	271.113,			10.118,			1.097,			0.155
969,	2,	192.0,	271.44,			12.242,			1.465,			0.2
970,	1,	7.0,	271.533,			2.388,			0.263,			0.056
971,	2,	87.0,	271.674,			12.317,			1.447,			0.142
972,	2,	185.0,	274.41,			10.415,			1.467,			0.162
973,	1,	214.0,	274.631,			2.179,			0.187,			0.053
974,	2,	151.0,	275.311,			14.692,			1.473,			0.151
975,	2,	123.0,	275.335,			14.853,			1.398,			0.11
976,	1,	95.0,	275.69,			1.921,			0.104,			0.052
977,	2,	121.0,	277.498,			13.651,			1.426,			0.198
978,	2,	275.0,	281.456,			12.317,			1.213,			0.189
979,	2,	101.0,	281.474,			13.977,			1.07,			0.148
980,	2,	167.0,	282.518,			13.76,			1.098,			0.171
981,	2,	149.0,	282.752,			14.245,			1.163,			0.126
982,	1,	16.0,	283.704,			1.553,			0.208,			0.05
983,	2,	159.0,	285.539,			10.51,			1.326,			0.127
984,	2,	201.0,	287.922,			12.987,			1.473,			0.191
985,	2,	197.0,	289.359,			12.564,			1.273,			0.112
986,	2,	218.0,	289.517,			10.742,			1.227,			0.187
987,	2,	255.0,	290.565,			10.837,			1.44,			0.15
988,	2,	133.0,	290.732,			14.914,			1.068,			0.141
989,	2,	153.0,	291.029,			12.503,			1.278,			0.142
990,	2,	133.0,	291.063,			11.816,			1.288,			0.106
991,	1,	559.0,	291.09,			1.543,			0.206,			0.05
992,	2,	107.0,	292.062,			11.604,			1.379,			0.157
993,	2,	103.0,	293.069,			10.702,			1.465,			0.159
994,	2,	122.0,	295.708,			13.669,			1.186,			0.16
995,	2,	15.0,	296.815,			10.204,			1.166,			0.142
996,	1,	6.0,	297.446,			1.869,			0.154,			0.057
997,	2,	179.0,	297.607,			14.53,			1.253,			0.186
998,	2,	112.0,	298.876,			11.761,			1.361,			0.118
999,	2,	174.0,	299.342,			13.499,			1.311,			0.155
1000,	2,	246.0,	299.455,			12.787,			1.379,			0.196
