#, task_type_id, size, arrival_time,	execution_time_cpu,	execution_time_gpu,	execution_time_CLOUD
1,	1,	30.0,	0.0,			2.509,			0.104,			0.057
2,	1,	44.0,	0.0,			1.08,			0.103,			0.053
3,	2,	110.0,	0.045,			11.091,			1.185,			0.168
4,	2,	71.0,	1.015,			12.296,			1.304,			0.173
5,	2,	144.0,	2.391,			10.404,			1.324,			0.12
6,	2,	132.0,	3.068,			10.617,			1.447,			0.14
7,	2,	145.0,	6.129,			14.146,			1.066,			0.18
8,	2,	95.0,	6.387,			13.535,			1.111,			0.172
9,	2,	151.0,	6.53,			10.573,			1.148,			0.169
10,	2,	149.0,	6.667,			10.146,			1.016,			0.101
11,	2,	183.0,	6.712,			10.789,			1.076,			0.156
12,	2,	127.0,	7.52,			10.77,			1.108,			0.141
13,	1,	10.0,	11.404,			1.269,			0.275,			0.06
14,	2,	108.0,	11.73,			11.124,			1.447,			0.147
15,	2,	98.0,	12.011,			12.447,			1.382,			0.142
16,	1,	146.0,	13.471,			2.2,			0.174,			0.056
17,	1,	90.0,	15.376,			1.969,			0.231,			0.057
18,	2,	92.0,	16.908,			13.76,			1.085,			0.126
19,	2,	76.0,	17.591,			10.974,			1.465,			0.185
20,	2,	157.0,	18.704,			10.476,			1.488,			0.173
21,	2,	224.0,	21.74,			13.288,			1.304,			0.104
22,	1,	6.0,	23.148,			1.303,			0.125,			0.057
23,	2,	139.0,	23.191,			11.478,			1.413,			0.144
24,	1,	95.0,	23.281,			1.679,			0.29,			0.052
25,	2,	184.0,	23.392,			14.721,			1.289,			0.125
26,	2,	259.0,	25.123,			10.702,			1.073,			0.157
27,	2,	129.0,	25.165,			10.521,			1.103,			0.133
28,	2,	215.0,	25.712,			13.469,			1.005,			0.133
29,	2,	97.0,	27.21,			14.948,			1.482,			0.145
30,	1,	30.0,	27.744,			2.636,			0.202,			0.056
31,	2,	115.0,	28.364,			11.339,			1.154,			0.196
32,	2,	103.0,	28.512,			10.173,			1.172,			0.132
33,	2,	245.0,	29.26,			11.88,			1.172,			0.132
34,	2,	133.0,	29.821,			14.809,			1.086,			0.169
35,	2,	110.0,	31.413,			13.828,			1.319,			0.177
36,	2,	234.0,	32.241,			14.934,			1.426,			0.17
37,	2,	141.0,	32.613,			11.6,			1.259,			0.136
38,	2,	174.0,	33.047,			12.591,			1.17,			0.149
39,	1,	59.0,	33.194,			2.31,			0.242,			0.054
40,	2,	121.0,	33.211,			14.704,			1.095,			0.14
41,	1,	30.0,	33.352,			2.087,			0.217,			0.054
42,	1,	512.0,	33.742,			1.426,			0.239,			0.06
43,	2,	51.0,	37.914,			13.148,			1.412,			0.182
44,	1,	30.0,	38.428,			1.838,			0.249,			0.058
45,	2,	97.0,	38.899,			10.742,			1.116,			0.167
46,	2,	136.0,	39.562,			13.487,			1.141,			0.119
47,	2,	153.0,	40.129,			14.49,			1.244,			0.196
48,	1,	10.0,	40.487,			2.525,			0.216,			0.052
49,	1,	7.0,	40.657,			1.071,			0.141,			0.058
50,	1,	157.0,	41.228,			1.67,			0.231,			0.058
51,	1,	6.0,	43.695,			2.006,			0.128,			0.051
52,	1,	103.0,	44.951,			1.728,			0.162,			0.055
53,	1,	30.0,	45.254,			2.381,			0.166,			0.055
54,	2,	157.0,	45.295,			14.969,			1.005,			0.184
55,	1,	447.0,	46.26,			1.071,			0.256,			0.055
56,	1,	7.0,	46.267,			2.616,			0.174,			0.059
57,	2,	109.0,	46.371,			14.219,			1.264,			0.156
58,	1,	10.0,	46.471,			1.702,			0.114,			0.051
59,	2,	275.0,	46.681,			11.63,			1.107,			0.166
60,	2,	199.0,	48.801,			11.011,			1.491,			0.142
61,	1,	120.0,	49.006,			1.716,			0.299,			0.059
62,	1,	379.0,	49.044,			1.007,			0.267,			0.052
63,	2,	96.0,	49.927,			14.05,			1.07,			0.184
64,	2,	107.0,	51.198,			10.014,			1.373,			0.156
65,	2,	222.0,	51.693,			10.96,			1.47,			0.108
66,	1,	90.0,	51.717,			1.592,			0.236,			0.059
67,	2,	113.0,	52.341,			11.441,			1.488,			0.135
68,	1,	447.0,	52.714,			2.643,			0.241,			0.057
69,	1,	126.0,	53.013,			1.411,			0.284,			0.053
70,	1,	126.0,	53.306,			1.158,			0.206,			0.053
71,	1,	6.0,	54.648,			1.774,			0.166,			0.056
72,	1,	512.0,	56.077,			1.985,			0.12,			0.053
73,	1,	157.0,	56.794,			1.092,			0.221,			0.054
74,	2,	229.0,	56.917,			12.363,			1.406,			0.133
75,	1,	7.0,	57.86,			1.595,			0.265,			0.056
76,	1,	44.0,	58.854,			1.478,			0.101,			0.058
77,	1,	559.0,	59.211,			1.01,			0.194,			0.054
78,	1,	379.0,	59.356,			1.968,			0.234,			0.057
79,	1,	447.0,	59.377,			2.896,			0.194,			0.056
80,	2,	332.0,	59.595,			10.279,			1.122,			0.195
81,	1,	7.0,	59.679,			2.133,			0.163,			0.052
82,	1,	90.0,	59.98,			1.908,			0.141,			0.055
83,	1,	49.0,	61.038,			1.883,			0.147,			0.059
84,	1,	120.0,	61.072,			1.17,			0.238,			0.058
85,	1,	126.0,	62.558,			1.626,			0.217,			0.054
86,	1,	169.0,	63.497,			1.515,			0.183,			0.058
87,	1,	6.0,	63.814,			2.425,			0.254,			0.057
88,	2,	49.0,	64.138,			13.961,			1.197,			0.128
89,	1,	126.0,	64.284,			1.613,			0.176,			0.059
90,	1,	120.0,	64.413,			2.454,			0.252,			0.058
91,	1,	7.0,	64.541,			2.43,			0.225,			0.057
92,	2,	81.0,	64.662,			11.781,			1.351,			0.185
93,	2,	107.0,	64.821,			13.828,			1.086,			0.132
94,	1,	146.0,	64.857,			2.479,			0.284,			0.053
95,	2,	138.0,	64.933,			14.633,			1.224,			0.103
96,	1,	379.0,	65.674,			1.111,			0.191,			0.056
97,	1,	498.0,	65.777,			2.922,			0.162,			0.054
98,	2,	219.0,	66.693,			14.535,			1.083,			0.174
99,	2,	69.0,	66.713,			12.331,			1.128,			0.111
100,	2,	225.0,	66.794,			10.769,			1.491,			0.11
101,	2,	120.0,	66.841,			13.892,			1.171,			0.125
102,	1,	512.0,	67.074,			1.869,			0.292,			0.058
103,	2,	171.0,	67.462,			12.93,			1.261,			0.17
104,	1,	169.0,	68.146,			1.371,			0.103,			0.055
105,	1,	13.0,	68.345,			2.509,			0.109,			0.052
106,	1,	387.0,	68.935,			1.69,			0.134,			0.059
107,	2,	146.0,	69.603,			12.701,			1.174,			0.105
108,	1,	512.0,	69.753,			2.31,			0.161,			0.053
109,	2,	169.0,	69.826,			12.668,			1.435,			0.18
110,	2,	135.0,	70.131,			10.463,			1.31,			0.136
111,	2,	61.0,	70.356,			14.918,			1.049,			0.133
112,	1,	126.0,	70.525,			1.748,			0.136,			0.054
113,	1,	379.0,	70.838,			2.187,			0.217,			0.054
114,	2,	275.0,	70.907,			14.836,			1.374,			0.16
115,	1,	44.0,	70.942,			2.004,			0.279,			0.052
116,	1,	169.0,	71.217,			2.58,			0.149,			0.056
117,	1,	6.0,	71.588,			2.827,			0.216,			0.056
118,	1,	120.0,	71.757,			2.153,			0.291,			0.06
119,	1,	387.0,	71.853,			2.103,			0.113,			0.06
120,	1,	146.0,	72.057,			2.063,			0.29,			0.052
121,	1,	387.0,	72.226,			2.645,			0.209,			0.056
122,	1,	169.0,	72.611,			1.578,			0.133,			0.054
123,	1,	146.0,	72.704,			1.467,			0.172,			0.051
124,	1,	49.0,	73.034,			1.421,			0.192,			0.052
125,	1,	7.0,	76.016,			1.637,			0.289,			0.058
126,	1,	6.0,	76.256,			1.158,			0.231,			0.056
127,	1,	126.0,	76.907,			1.749,			0.15,			0.059
128,	1,	7.0,	76.945,			2.945,			0.276,			0.059
129,	1,	7.0,	76.993,			2.278,			0.128,			0.058
130,	2,	225.0,	77.429,			12.447,			1.401,			0.123
131,	1,	447.0,	78.638,			1.303,			0.218,			0.051
132,	2,	205.0,	78.815,			11.405,			1.285,			0.19
133,	1,	7.0,	78.88,			2.616,			0.135,			0.051
134,	1,	126.0,	79.055,			1.731,			0.228,			0.054
135,	1,	120.0,	79.443,			2.562,			0.109,			0.06
136,	1,	379.0,	79.686,			1.086,			0.16,			0.056
137,	1,	6.0,	79.914,			2.922,			0.148,			0.054
138,	1,	10.0,	80.133,			1.886,			0.173,			0.058
139,	2,	163.0,	80.139,			13.612,			1.065,			0.118
140,	1,	44.0,	81.233,			2.983,			0.222,			0.057
141,	1,	157.0,	82.285,			2.787,			0.16,			0.058
142,	1,	59.0,	82.618,			2.598,			0.119,			0.06
143,	1,	214.0,	82.697,			2.14,			0.123,			0.057
144,	1,	379.0,	83.727,			1.126,			0.267,			0.059
145,	1,	120.0,	83.948,			2.78,			0.189,			0.058
146,	1,	90.0,	84.385,			2.621,			0.233,			0.056
147,	1,	120.0,	85.052,			2.073,			0.102,			0.051
148,	1,	7.0,	85.495,			1.924,			0.247,			0.053
149,	1,	512.0,	85.591,			2.534,			0.272,			0.051
150,	2,	146.0,	85.657,			14.334,			1.217,			0.105
151,	1,	498.0,	85.74,			2.932,			0.249,			0.051
152,	2,	106.0,	85.871,			11.63,			1.253,			0.117
153,	1,	379.0,	85.979,			1.517,			0.101,			0.057
154,	1,	7.0,	86.304,			1.086,			0.187,			0.053
155,	1,	498.0,	86.344,			1.406,			0.135,			0.057
156,	1,	498.0,	86.63,			2.684,			0.237,			0.057
157,	1,	49.0,	86.748,			2.787,			0.116,			0.052
158,	1,	169.0,	87.439,			2.939,			0.253,			0.056
159,	2,	88.0,	87.995,			13.61,			1.453,			0.175
160,	1,	95.0,	88.875,			2.555,			0.211,			0.054
161,	1,	44.0,	88.928,			1.523,			0.249,			0.055
162,	1,	7.0,	89.912,			2.697,			0.211,			0.058
163,	1,	169.0,	90.157,			2.634,			0.258,			0.06
164,	1,	214.0,	90.266,			1.612,			0.245,			0.057
165,	2,	187.0,	91.162,			14.891,			1.265,			0.188
166,	1,	447.0,	91.237,			1.748,			0.289,			0.058
167,	1,	7.0,	91.317,			1.499,			0.183,			0.052
168,	1,	13.0,	92.151,			1.522,			0.177,			0.053
169,	1,	7.0,	92.319,			2.842,			0.246,			0.058
170,	2,	129.0,	92.374,			10.279,			1.402,			0.128
171,	1,	387.0,	92.486,			2.278,			0.162,			0.055
172,	1,	379.0,	92.609,			2.398,			0.288,			0.059
173,	1,	169.0,	92.827,			2.096,			0.158,			0.055
174,	1,	7.0,	92.916,			2.351,			0.161,			0.052
175,	1,	498.0,	93.036,			1.548,			0.287,			0.059
176,	2,	122.0,	93.103,			14.05,			1.268,			0.161
177,	1,	16.0,	93.165,			1.988,			0.17,			0.055
178,	1,	447.0,	93.426,			1.05,			0.164,			0.057
179,	1,	44.0,	93.455,			1.431,			0.134,			0.051
180,	1,	6.0,	93.649,			2.556,			0.242,			0.057
181,	1,	387.0,	93.769,			1.168,			0.219,			0.054
182,	1,	7.0,	93.868,			2.03,			0.233,			0.056
183,	1,	559.0,	94.151,			2.088,			0.164,			0.053
184,	1,	7.0,	94.754,			2.797,			0.241,			0.06
185,	1,	7.0,	94.872,			1.36,			0.299,			0.053
186,	1,	6.0,	95.14,			2.874,			0.16,			0.05
187,	1,	7.0,	95.295,			2.653,			0.145,			0.059
188,	1,	30.0,	95.314,			2.509,			0.167,			0.058
189,	1,	7.0,	95.361,			1.115,			0.195,			0.052
190,	1,	6.0,	95.369,			2.681,			0.211,			0.055
191,	1,	49.0,	95.754,			1.67,			0.255,			0.055
192,	1,	7.0,	95.931,			2.834,			0.288,			0.059
193,	1,	512.0,	96.337,			2.314,			0.273,			0.054
194,	1,	13.0,	96.621,			2.013,			0.209,			0.052
195,	1,	16.0,	96.71,			2.69,			0.243,			0.057
196,	2,	201.0,	96.88,			10.957,			1.03,			0.112
197,	2,	149.0,	96.929,			13.379,			1.166,			0.188
198,	1,	157.0,	97.453,			2.418,			0.205,			0.055
199,	1,	126.0,	98.222,			1.581,			0.297,			0.055
200,	1,	157.0,	98.763,			2.794,			0.218,			0.055
201,	1,	379.0,	99.067,			2.163,			0.215,			0.057
202,	1,	214.0,	99.385,			2.936,			0.125,			0.055
203,	1,	28.0,	99.495,			2.524,			0.198,			0.053
204,	1,	379.0,	99.758,			1.178,			0.27,			0.055
205,	1,	6.0,	99.82,			2.675,			0.141,			0.052
206,	1,	49.0,	99.887,			1.467,			0.28,			0.059
207,	1,	379.0,	100.725,			2.779,			0.218,			0.052
208,	1,	59.0,	101.286,			2.534,			0.153,			0.051
209,	1,	120.0,	101.346,			1.188,			0.254,			0.054
210,	2,	91.0,	101.418,			13.074,			1.094,			0.19
211,	1,	157.0,	101.508,			2.627,			0.176,			0.052
212,	1,	214.0,	102.233,			1.595,			0.155,			0.06
213,	2,	176.0,	102.272,			14.666,			1.158,			0.168
214,	2,	134.0,	102.349,			10.978,			1.452,			0.139
215,	1,	7.0,	102.77,			2.726,			0.248,			0.053
216,	1,	90.0,	102.906,			2.131,			0.28,			0.059
217,	1,	7.0,	102.919,			1.104,			0.266,			0.053
218,	1,	126.0,	102.999,			1.46,			0.258,			0.057
219,	1,	7.0,	103.395,			2.681,			0.185,			0.055
220,	1,	49.0,	103.542,			2.601,			0.154,			0.052
221,	1,	559.0,	104.032,			1.639,			0.122,			0.05
222,	1,	6.0,	104.243,			2.522,			0.166,			0.052
223,	1,	13.0,	104.646,			2.956,			0.233,			0.058
224,	2,	86.0,	104.74,			11.11,			1.417,			0.181
225,	1,	6.0,	104.752,			2.685,			0.113,			0.056
226,	1,	7.0,	104.933,			1.543,			0.28,			0.05
227,	1,	44.0,	104.953,			2.237,			0.158,			0.052
228,	1,	447.0,	104.984,			1.672,			0.14,			0.054
229,	1,	7.0,	105.204,			2.776,			0.233,			0.059
230,	1,	16.0,	105.82,			1.719,			0.147,			0.057
231,	1,	126.0,	105.999,			1.601,			0.195,			0.055
232,	1,	447.0,	106.691,			2.776,			0.177,			0.051
233,	1,	498.0,	106.848,			2.056,			0.16,			0.051
234,	1,	90.0,	107.212,			1.805,			0.263,			0.059
235,	2,	249.0,	107.453,			12.608,			1.442,			0.145
236,	1,	6.0,	107.916,			2.834,			0.108,			0.056
237,	1,	49.0,	107.941,			2.366,			0.168,			0.056
238,	1,	126.0,	107.98,			2.681,			0.165,			0.06
239,	2,	223.0,	108.196,			14.921,			1.499,			0.164
240,	2,	66.0,	108.666,			12.971,			1.49,			0.155
241,	1,	49.0,	108.912,			2.763,			0.154,			0.054
242,	1,	90.0,	109.156,			2.038,			0.245,			0.055
243,	1,	387.0,	109.394,			2.265,			0.214,			0.053
244,	1,	7.0,	109.421,			2.549,			0.108,			0.05
245,	1,	6.0,	109.491,			1.188,			0.26,			0.051
246,	1,	447.0,	109.533,			1.031,			0.101,			0.056
247,	1,	7.0,	109.852,			1.557,			0.289,			0.053
248,	1,	103.0,	110.029,			2.393,			0.254,			0.057
249,	1,	95.0,	110.232,			1.031,			0.285,			0.051
250,	1,	95.0,	110.362,			1.372,			0.256,			0.053
251,	2,	192.0,	110.562,			13.288,			1.381,			0.15
252,	1,	16.0,	110.596,			2.467,			0.254,			0.059
253,	1,	16.0,	110.599,			2.479,			0.282,			0.057
254,	1,	512.0,	110.608,			1.03,			0.111,			0.052
255,	1,	59.0,	110.634,			1.262,			0.29,			0.057
256,	1,	28.0,	110.869,			2.761,			0.182,			0.059
257,	1,	7.0,	110.879,			1.325,			0.196,			0.058
258,	1,	214.0,	111.038,			2.772,			0.201,			0.051
259,	1,	44.0,	111.087,			1.952,			0.174,			0.059
260,	1,	10.0,	111.122,			1.684,			0.108,			0.054
261,	2,	110.0,	111.307,			12.48,			1.341,			0.179
262,	1,	447.0,	111.706,			1.35,			0.289,			0.06
263,	1,	146.0,	111.786,			2.795,			0.105,			0.06
264,	1,	7.0,	112.59,			1.008,			0.228,			0.052
265,	1,	6.0,	112.674,			2.627,			0.157,			0.056
266,	1,	7.0,	113.055,			2.143,			0.101,			0.058
267,	1,	30.0,	113.134,			1.737,			0.258,			0.052
268,	1,	103.0,	113.24,			1.807,			0.228,			0.054
269,	1,	498.0,	113.35,			1.45,			0.124,			0.054
270,	1,	7.0,	113.414,			2.751,			0.283,			0.052
271,	1,	16.0,	113.496,			1.59,			0.135,			0.056
272,	1,	95.0,	113.667,			1.402,			0.29,			0.052
273,	1,	49.0,	114.181,			1.16,			0.252,			0.054
274,	1,	95.0,	114.296,			2.02,			0.154,			0.051
275,	2,	90.0,	114.298,			11.289,			1.065,			0.195
276,	1,	10.0,	114.952,			1.869,			0.207,			0.058
277,	1,	559.0,	115.198,			1.279,			0.258,			0.051
278,	1,	49.0,	115.472,			1.006,			0.121,			0.054
279,	1,	6.0,	115.517,			1.394,			0.299,			0.057
280,	1,	103.0,	115.568,			1.447,			0.103,			0.058
281,	1,	30.0,	115.743,			1.612,			0.112,			0.056
282,	1,	28.0,	116.015,			2.885,			0.129,			0.054
283,	1,	103.0,	116.045,			2.686,			0.137,			0.057
284,	1,	44.0,	116.285,			2.76,			0.177,			0.053
285,	1,	146.0,	116.503,			2.813,			0.211,			0.058
286,	1,	49.0,	116.547,			2.223,			0.287,			0.05
287,	1,	44.0,	116.558,			2.318,			0.258,			0.054
288,	1,	169.0,	116.737,			1.144,			0.193,			0.051
289,	1,	103.0,	116.841,			2.945,			0.255,			0.056
290,	2,	95.0,	116.844,			13.476,			1.042,			0.149
291,	1,	387.0,	118.203,			2.318,			0.135,			0.053
292,	1,	559.0,	118.913,			1.671,			0.139,			0.051
293,	1,	157.0,	118.95,			1.172,			0.17,			0.051
294,	1,	6.0,	119.02,			2.706,			0.101,			0.059
295,	1,	44.0,	119.233,			2.799,			0.173,			0.056
296,	1,	7.0,	119.317,			2.748,			0.282,			0.053
297,	1,	30.0,	119.444,			2.429,			0.26,			0.06
298,	1,	169.0,	119.718,			1.729,			0.154,			0.051
299,	1,	49.0,	119.743,			2.663,			0.106,			0.059
300,	1,	169.0,	119.821,			2.819,			0.113,			0.053
301,	1,	214.0,	119.902,			2.326,			0.255,			0.059
302,	1,	120.0,	119.935,			2.063,			0.268,			0.059
303,	1,	6.0,	120.071,			1.008,			0.172,			0.055
304,	1,	49.0,	120.273,			1.078,			0.138,			0.058
305,	1,	126.0,	120.368,			1.657,			0.195,			0.055
306,	1,	447.0,	120.401,			1.731,			0.187,			0.057
307,	1,	103.0,	121.062,			2.155,			0.161,			0.05
308,	1,	126.0,	121.118,			1.679,			0.134,			0.054
309,	1,	447.0,	121.259,			1.028,			0.211,			0.052
310,	1,	7.0,	121.637,			1.039,			0.275,			0.06
311,	2,	122.0,	121.701,			13.635,			1.292,			0.114
312,	2,	155.0,	121.858,			10.332,			1.241,			0.176
313,	2,	68.0,	121.951,			10.269,			1.218,			0.15
314,	1,	16.0,	122.404,			1.988,			0.217,			0.059
315,	1,	146.0,	122.497,			2.857,			0.217,			0.054
316,	1,	44.0,	122.561,			1.996,			0.27,			0.052
317,	2,	100.0,	122.848,			12.329,			1.349,			0.134
318,	1,	103.0,	122.863,			1.302,			0.151,			0.053
319,	1,	59.0,	123.057,			1.869,			0.14,			0.053
320,	1,	214.0,	123.182,			1.742,			0.222,			0.051
321,	1,	59.0,	123.277,			1.97,			0.164,			0.055
322,	1,	10.0,	123.585,			1.729,			0.107,			0.054
323,	1,	512.0,	123.672,			1.554,			0.259,			0.05
324,	1,	498.0,	124.124,			1.505,			0.277,			0.054
325,	1,	559.0,	124.225,			2.199,			0.22,			0.056
326,	1,	146.0,	124.307,			1.828,			0.108,			0.055
327,	1,	59.0,	124.471,			1.908,			0.212,			0.051
328,	1,	169.0,	124.8,			1.581,			0.122,			0.051
329,	1,	512.0,	124.889,			1.914,			0.267,			0.052
330,	1,	387.0,	125.059,			1.516,			0.141,			0.051
331,	1,	126.0,	125.153,			1.23,			0.234,			0.059
332,	1,	447.0,	125.181,			1.358,			0.186,			0.057
333,	1,	498.0,	126.47,			1.01,			0.108,			0.052
334,	1,	13.0,	126.663,			2.379,			0.152,			0.056
335,	1,	169.0,	126.763,			1.963,			0.227,			0.06
336,	1,	7.0,	126.786,			2.459,			0.155,			0.052
337,	1,	7.0,	127.013,			1.106,			0.12,			0.052
338,	1,	126.0,	127.022,			2.323,			0.284,			0.051
339,	2,	215.0,	127.303,			13.135,			1.109,			0.166
340,	1,	6.0,	127.397,			1.407,			0.112,			0.055
341,	2,	105.0,	127.855,			14.387,			1.456,			0.197
342,	1,	10.0,	128.169,			2.1,			0.236,			0.059
343,	1,	447.0,	128.483,			2.568,			0.147,			0.057
344,	1,	49.0,	128.609,			2.252,			0.221,			0.06
345,	1,	498.0,	128.629,			1.843,			0.217,			0.055
346,	1,	169.0,	128.809,			1.27,			0.271,			0.056
347,	2,	132.0,	128.947,			10.404,			1.243,			0.139
348,	2,	24.0,	129.127,			10.523,			1.123,			0.117
349,	1,	7.0,	129.173,			1.115,			0.128,			0.057
350,	1,	6.0,	129.416,			1.019,			0.198,			0.059
351,	1,	7.0,	129.481,			2.318,			0.156,			0.052
352,	1,	95.0,	129.629,			2.709,			0.152,			0.059
353,	1,	126.0,	129.672,			1.982,			0.169,			0.055
354,	1,	157.0,	130.024,			2.748,			0.289,			0.058
355,	1,	559.0,	130.334,			2.691,			0.207,			0.051
356,	1,	7.0,	130.351,			2.557,			0.101,			0.05
357,	1,	28.0,	130.951,			1.407,			0.161,			0.058
358,	1,	90.0,	131.037,			2.184,			0.216,			0.057
359,	1,	44.0,	131.136,			2.673,			0.241,			0.055
360,	1,	44.0,	131.249,			2.955,			0.203,			0.057
361,	2,	62.0,	131.465,			14.067,			1.411,			0.158
362,	1,	146.0,	131.57,			1.601,			0.174,			0.058
363,	1,	559.0,	131.581,			2.379,			0.225,			0.055
364,	1,	7.0,	131.7,			2.911,			0.146,			0.059
365,	1,	126.0,	131.776,			2.2,			0.266,			0.051
366,	1,	214.0,	131.973,			1.72,			0.265,			0.053
367,	1,	157.0,	132.117,			2.441,			0.161,			0.052
368,	1,	6.0,	132.233,			2.08,			0.223,			0.056
369,	1,	59.0,	132.574,			2.896,			0.174,			0.052
370,	1,	10.0,	132.768,			1.169,			0.156,			0.057
371,	1,	146.0,	132.888,			1.391,			0.17,			0.05
372,	1,	59.0,	132.888,			2.415,			0.266,			0.052
373,	1,	120.0,	133.553,			2.614,			0.258,			0.053
374,	1,	7.0,	133.966,			2.911,			0.177,			0.054
375,	1,	146.0,	133.983,			1.496,			0.107,			0.053
376,	1,	30.0,	134.291,			2.006,			0.238,			0.051
377,	1,	157.0,	134.302,			2.197,			0.149,			0.056
378,	1,	7.0,	134.763,			1.467,			0.251,			0.05
379,	1,	28.0,	135.099,			2.753,			0.197,			0.056
380,	2,	125.0,	135.176,			13.17,			1.254,			0.136
381,	1,	126.0,	135.558,			1.014,			0.161,			0.056
382,	1,	169.0,	135.744,			2.703,			0.176,			0.056
383,	1,	512.0,	135.836,			1.191,			0.137,			0.056
384,	1,	157.0,	136.053,			2.673,			0.296,			0.053
385,	1,	44.0,	136.197,			1.79,			0.232,			0.056
386,	1,	512.0,	136.198,			2.807,			0.231,			0.054
387,	1,	447.0,	136.25,			1.61,			0.16,			0.059
388,	1,	28.0,	136.287,			2.14,			0.254,			0.052
389,	1,	169.0,	136.689,			2.819,			0.27,			0.056
390,	1,	13.0,	136.741,			2.436,			0.249,			0.052
391,	1,	512.0,	136.934,			2.143,			0.123,			0.058
392,	1,	146.0,	136.973,			1.314,			0.279,			0.051
393,	1,	7.0,	137.146,			1.296,			0.183,			0.052
394,	1,	379.0,	137.464,			1.679,			0.228,			0.05
395,	1,	28.0,	137.476,			1.432,			0.129,			0.055
396,	1,	387.0,	137.801,			2.858,			0.137,			0.056
397,	1,	44.0,	137.825,			1.639,			0.242,			0.06
398,	1,	7.0,	137.948,			1.516,			0.244,			0.053
399,	1,	6.0,	137.961,			2.984,			0.172,			0.056
400,	1,	498.0,	138.016,			2.78,			0.26,			0.052
401,	1,	498.0,	138.11,			2.407,			0.263,			0.05
402,	1,	6.0,	138.359,			2.36,			0.238,			0.055
403,	1,	90.0,	138.376,			2.282,			0.185,			0.054
404,	1,	6.0,	138.549,			1.645,			0.228,			0.055
405,	1,	6.0,	138.586,			2.725,			0.106,			0.058
406,	1,	59.0,	138.694,			2.149,			0.255,			0.059
407,	1,	16.0,	139.038,			2.645,			0.263,			0.059
408,	1,	447.0,	139.045,			1.009,			0.286,			0.054
409,	1,	95.0,	139.133,			1.645,			0.165,			0.056
410,	1,	59.0,	139.133,			2.555,			0.239,			0.057
411,	1,	49.0,	139.18,			2.407,			0.221,			0.053
412,	1,	7.0,	139.215,			1.86,			0.189,			0.051
413,	1,	44.0,	139.268,			2.293,			0.133,			0.053
414,	1,	10.0,	139.359,			2.127,			0.113,			0.055
415,	1,	7.0,	139.532,			2.122,			0.121,			0.056
416,	2,	102.0,	139.908,			13.667,			1.431,			0.109
417,	1,	512.0,	140.034,			1.694,			0.272,			0.056
418,	1,	379.0,	140.12,			1.178,			0.202,			0.056
419,	1,	6.0,	140.222,			1.915,			0.109,			0.057
420,	1,	7.0,	140.249,			2.655,			0.238,			0.05
421,	1,	28.0,	140.479,			2.013,			0.156,			0.055
422,	1,	169.0,	140.52,			2.509,			0.217,			0.057
423,	1,	49.0,	140.742,			1.203,			0.255,			0.052
424,	1,	6.0,	140.825,			1.367,			0.203,			0.051
425,	1,	447.0,	140.885,			2.276,			0.157,			0.051
426,	1,	13.0,	140.925,			1.932,			0.224,			0.053
427,	1,	10.0,	140.966,			1.748,			0.277,			0.055
428,	1,	30.0,	140.986,			2.777,			0.174,			0.06
429,	2,	112.0,	141.038,			12.576,			1.416,			0.181
430,	1,	7.0,	141.057,			2.616,			0.206,			0.057
431,	2,	164.0,	141.085,			12.242,			1.299,			0.104
432,	1,	146.0,	141.227,			2.852,			0.272,			0.056
433,	1,	28.0,	141.238,			1.447,			0.247,			0.05
434,	1,	120.0,	141.327,			1.07,			0.125,			0.055
435,	1,	59.0,	141.702,			1.707,			0.282,			0.057
436,	1,	44.0,	141.744,			1.343,			0.113,			0.056
437,	1,	447.0,	141.753,			1.17,			0.25,			0.059
438,	1,	559.0,	142.015,			2.916,			0.126,			0.054
439,	1,	169.0,	142.206,			1.515,			0.251,			0.051
440,	1,	95.0,	142.259,			1.681,			0.272,			0.052
441,	1,	498.0,	142.698,			1.761,			0.27,			0.058
442,	1,	157.0,	142.802,			2.127,			0.269,			0.06
443,	1,	49.0,	142.888,			2.194,			0.258,			0.059
444,	1,	44.0,	143.006,			1.192,			0.244,			0.054
445,	1,	90.0,	143.103,			1.325,			0.168,			0.051
446,	1,	90.0,	143.369,			1.178,			0.133,			0.058
447,	1,	44.0,	143.442,			2.556,			0.161,			0.056
448,	1,	6.0,	143.506,			1.75,			0.156,			0.056
449,	1,	49.0,	143.589,			1.99,			0.172,			0.055
450,	1,	126.0,	143.644,			1.488,			0.111,			0.052
451,	1,	30.0,	143.668,			1.915,			0.27,			0.053
452,	1,	7.0,	143.744,			1.532,			0.145,			0.053
453,	1,	28.0,	144.057,			2.265,			0.137,			0.056
454,	1,	146.0,	144.225,			2.027,			0.189,			0.052
455,	1,	90.0,	144.433,			2.225,			0.142,			0.06
456,	1,	157.0,	144.493,			2.407,			0.267,			0.051
457,	1,	59.0,	144.573,			1.477,			0.222,			0.054
458,	1,	214.0,	144.923,			2.637,			0.238,			0.057
459,	1,	44.0,	144.994,			2.235,			0.109,			0.058
460,	1,	28.0,	145.259,			2.772,			0.174,			0.053
461,	2,	135.0,	145.338,			14.43,			1.286,			0.137
462,	1,	103.0,	145.419,			2.414,			0.188,			0.051
463,	1,	7.0,	145.509,			2.034,			0.186,			0.058
464,	1,	10.0,	145.98,			1.442,			0.189,			0.057
465,	1,	90.0,	146.033,			1.708,			0.185,			0.051
466,	1,	10.0,	146.201,			2.711,			0.209,			0.053
467,	1,	120.0,	146.419,			1.45,			0.128,			0.059
468,	1,	169.0,	146.669,			2.197,			0.249,			0.056
469,	1,	7.0,	147.118,			2.09,			0.173,			0.055
470,	1,	169.0,	147.132,			1.128,			0.173,			0.059
471,	1,	146.0,	147.171,			1.428,			0.195,			0.059
472,	1,	146.0,	147.188,			1.561,			0.211,			0.055
473,	1,	559.0,	147.313,			2.691,			0.191,			0.055
474,	1,	10.0,	147.355,			2.807,			0.162,			0.055
475,	1,	7.0,	147.65,			2.627,			0.169,			0.053
476,	1,	559.0,	147.785,			1.942,			0.277,			0.056
477,	2,	195.0,	147.893,			12.528,			1.372,			0.137
478,	1,	146.0,	147.932,			2.636,			0.128,			0.054
479,	1,	7.0,	148.074,			2.298,			0.118,			0.056
480,	1,	6.0,	148.108,			1.376,			0.123,			0.06
481,	1,	44.0,	148.191,			2.847,			0.272,			0.054
482,	1,	49.0,	148.273,			2.378,			0.168,			0.056
483,	1,	7.0,	148.312,			1.483,			0.124,			0.052
484,	1,	7.0,	148.368,			1.325,			0.176,			0.06
485,	1,	120.0,	148.836,			1.269,			0.271,			0.058
486,	1,	7.0,	148.886,			1.402,			0.286,			0.057
487,	1,	498.0,	149.011,			2.748,			0.261,			0.052
488,	1,	169.0,	149.077,			2.637,			0.272,			0.056
489,	1,	214.0,	149.128,			2.647,			0.215,			0.056
490,	1,	6.0,	149.301,			1.076,			0.142,			0.054
491,	1,	387.0,	149.381,			2.549,			0.176,			0.058
492,	1,	146.0,	149.415,			2.673,			0.284,			0.051
493,	1,	146.0,	149.598,			1.304,			0.254,			0.053
494,	1,	447.0,	149.63,			1.158,			0.117,			0.059
495,	1,	126.0,	149.819,			1.317,			0.148,			0.052
496,	1,	169.0,	149.846,			1.826,			0.135,			0.056
497,	1,	214.0,	150.077,			2.893,			0.258,			0.05
498,	1,	44.0,	150.178,			1.327,			0.139,			0.057
499,	1,	30.0,	150.22,			2.379,			0.283,			0.056
500,	1,	103.0,	150.243,			2.99,			0.174,			0.06
501,	1,	6.0,	150.398,			2.725,			0.208,			0.06
502,	1,	498.0,	150.797,			1.69,			0.295,			0.055
503,	1,	95.0,	150.803,			1.633,			0.107,			0.055
504,	1,	214.0,	150.888,			1.289,			0.171,			0.058
505,	1,	28.0,	151.02,			1.358,			0.225,			0.059
506,	1,	90.0,	151.277,			1.331,			0.122,			0.054
507,	1,	90.0,	151.323,			1.27,			0.27,			0.057
508,	1,	49.0,	151.479,			1.524,			0.277,			0.053
509,	1,	16.0,	151.689,			2.846,			0.186,			0.052
510,	2,	189.0,	151.912,			14.809,			1.263,			0.121
511,	1,	126.0,	152.143,			1.749,			0.134,			0.051
512,	1,	44.0,	152.535,			1.204,			0.174,			0.056
513,	1,	59.0,	152.542,			1.625,			0.113,			0.051
514,	1,	30.0,	152.73,			1.907,			0.16,			0.056
515,	1,	30.0,	152.748,			2.91,			0.268,			0.057
516,	1,	59.0,	152.786,			1.103,			0.225,			0.054
517,	1,	16.0,	152.912,			2.127,			0.268,			0.055
518,	1,	169.0,	153.067,			1.441,			0.275,			0.052
519,	1,	6.0,	153.103,			1.963,			0.203,			0.05
520,	1,	379.0,	153.113,			1.702,			0.229,			0.054
521,	2,	113.0,	153.216,			10.742,			1.088,			0.112
522,	1,	16.0,	153.22,			1.684,			0.195,			0.056
523,	1,	169.0,	153.25,			1.701,			0.219,			0.051
524,	1,	146.0,	153.288,			2.661,			0.186,			0.05
525,	1,	44.0,	153.401,			2.303,			0.161,			0.055
526,	1,	169.0,	153.447,			1.766,			0.225,			0.056
527,	1,	103.0,	153.482,			1.86,			0.109,			0.053
528,	1,	95.0,	153.751,			2.318,			0.201,			0.055
529,	1,	169.0,	153.803,			1.178,			0.252,			0.052
530,	2,	208.0,	153.922,			13.007,			1.451,			0.187
531,	1,	447.0,	154.035,			1.509,			0.211,			0.05
532,	1,	6.0,	154.038,			1.083,			0.203,			0.054
533,	1,	512.0,	154.236,			1.63,			0.177,			0.055
534,	1,	7.0,	154.243,			1.134,			0.225,			0.054
535,	1,	447.0,	154.308,			2.1,			0.199,			0.057
536,	1,	44.0,	154.532,			2.976,			0.15,			0.054
537,	1,	126.0,	154.73,			2.013,			0.227,			0.053
538,	2,	117.0,	155.127,			13.437,			1.031,			0.152
539,	1,	7.0,	155.21,			2.852,			0.297,			0.06
540,	1,	7.0,	155.267,			1.566,			0.202,			0.059
541,	1,	120.0,	155.427,			1.116,			0.153,			0.05
542,	1,	7.0,	155.501,			2.928,			0.203,			0.056
543,	1,	169.0,	155.985,			2.282,			0.137,			0.054
544,	1,	7.0,	156.129,			1.362,			0.245,			0.056
545,	1,	126.0,	156.154,			1.786,			0.186,			0.056
546,	1,	16.0,	156.47,			2.074,			0.242,			0.058
547,	2,	275.0,	156.682,			13.288,			1.011,			0.152
548,	1,	559.0,	156.801,			1.631,			0.247,			0.055
549,	1,	59.0,	156.919,			2.652,			0.295,			0.053
550,	1,	44.0,	157.355,			2.635,			0.156,			0.056
551,	1,	498.0,	157.404,			1.178,			0.257,			0.053
552,	1,	169.0,	157.463,			2.279,			0.241,			0.056
553,	1,	44.0,	157.733,			1.158,			0.154,			0.052
554,	1,	214.0,	157.826,			1.009,			0.211,			0.052
555,	1,	13.0,	157.98,			2.345,			0.216,			0.056
556,	1,	7.0,	158.18,			2.653,			0.176,			0.054
557,	1,	103.0,	158.254,			2.914,			0.285,			0.06
558,	1,	7.0,	158.285,			1.245,			0.125,			0.059
559,	1,	44.0,	158.449,			1.702,			0.137,			0.051
560,	1,	7.0,	158.842,			1.403,			0.139,			0.059
561,	1,	169.0,	158.856,			1.864,			0.191,			0.058
562,	1,	169.0,	158.878,			2.928,			0.247,			0.059
563,	1,	6.0,	159.079,			2.598,			0.281,			0.058
564,	1,	49.0,	159.351,			2.522,			0.172,			0.05
565,	1,	10.0,	159.396,			1.663,			0.258,			0.053
566,	1,	7.0,	159.438,			1.217,			0.166,			0.056
567,	1,	214.0,	159.47,			1.406,			0.255,			0.054
568,	1,	95.0,	159.887,			2.976,			0.216,			0.052
569,	1,	90.0,	160.002,			2.91,			0.109,			0.055
570,	1,	10.0,	160.128,			1.3,			0.167,			0.055
571,	1,	146.0,	160.395,			1.086,			0.166,			0.053
572,	1,	387.0,	160.516,			2.976,			0.167,			0.053
573,	1,	90.0,	160.595,			1.607,			0.179,			0.053
574,	1,	7.0,	160.733,			1.966,			0.253,			0.057
575,	1,	44.0,	160.756,			1.482,			0.267,			0.051
576,	1,	387.0,	160.946,			2.753,			0.11,			0.055
577,	1,	447.0,	161.056,			2.735,			0.256,			0.052
578,	1,	379.0,	161.085,			2.063,			0.147,			0.06
579,	1,	7.0,	161.091,			2.465,			0.208,			0.058
580,	1,	120.0,	161.175,			2.298,			0.13,			0.056
581,	2,	157.0,	161.221,			13.136,			1.329,			0.142
582,	1,	7.0,	161.264,			1.496,			0.112,			0.058
583,	1,	559.0,	161.313,			2.631,			0.282,			0.051
584,	1,	95.0,	161.488,			2.765,			0.197,			0.06
585,	1,	10.0,	161.598,			2.461,			0.141,			0.051
586,	1,	10.0,	161.634,			2.491,			0.2,			0.052
587,	1,	7.0,	161.705,			1.991,			0.274,			0.052
588,	1,	379.0,	161.766,			2.948,			0.168,			0.058
589,	1,	498.0,	161.963,			1.232,			0.282,			0.06
590,	1,	120.0,	162.137,			2.151,			0.26,			0.052
591,	1,	7.0,	162.277,			1.651,			0.195,			0.051
592,	1,	214.0,	162.395,			1.406,			0.289,			0.053
593,	1,	6.0,	162.56,			2.408,			0.133,			0.053
594,	1,	157.0,	162.669,			2.18,			0.253,			0.059
595,	1,	146.0,	163.034,			2.169,			0.108,			0.06
596,	1,	387.0,	163.197,			1.626,			0.183,			0.055
597,	2,	177.0,	163.291,			12.424,			1.337,			0.197
598,	2,	147.0,	163.331,			10.594,			1.159,			0.115
599,	1,	7.0,	163.368,			1.025,			0.299,			0.057
600,	1,	16.0,	163.523,			2.799,			0.125,			0.052
601,	2,	216.0,	163.644,			12.351,			1.316,			0.195
602,	1,	6.0,	163.664,			1.504,			0.22,			0.05
603,	1,	6.0,	163.776,			1.864,			0.206,			0.055
604,	1,	16.0,	163.787,			2.901,			0.214,			0.053
605,	1,	13.0,	164.519,			2.232,			0.237,			0.054
606,	1,	379.0,	164.931,			2.509,			0.167,			0.054
607,	1,	126.0,	165.341,			2.288,			0.141,			0.051
608,	1,	10.0,	165.437,			1.445,			0.119,			0.06
609,	1,	7.0,	165.522,			2.349,			0.11,			0.05
610,	1,	169.0,	165.616,			2.18,			0.23,			0.051
611,	2,	241.0,	165.842,			10.742,			1.227,			0.179
612,	1,	28.0,	165.888,			1.728,			0.114,			0.059
613,	1,	157.0,	166.179,			1.481,			0.221,			0.055
614,	1,	379.0,	166.205,			1.733,			0.258,			0.054
615,	1,	7.0,	166.266,			2.038,			0.294,			0.059
616,	1,	16.0,	166.318,			1.868,			0.174,			0.06
617,	1,	28.0,	166.359,			1.428,			0.299,			0.052
618,	1,	6.0,	166.457,			2.618,			0.268,			0.054
619,	2,	106.0,	166.699,			11.411,			1.376,			0.199
620,	1,	95.0,	166.735,			2.948,			0.111,			0.055
621,	1,	95.0,	167.148,			1.091,			0.103,			0.057
622,	2,	383.0,	167.223,			12.486,			1.287,			0.114
623,	1,	157.0,	167.255,			1.252,			0.17,			0.055
624,	1,	387.0,	167.317,			1.472,			0.247,			0.057
625,	1,	7.0,	167.467,			1.515,			0.133,			0.057
626,	1,	379.0,	167.472,			1.104,			0.16,			0.06
627,	1,	44.0,	167.682,			2.757,			0.283,			0.058
628,	1,	447.0,	167.691,			2.787,			0.179,			0.056
629,	1,	120.0,	167.829,			2.084,			0.232,			0.05
630,	1,	7.0,	167.846,			2.9,			0.279,			0.059
631,	1,	30.0,	168.43,			2.879,			0.22,			0.058
632,	1,	498.0,	168.782,			2.727,			0.167,			0.054
633,	1,	169.0,	168.812,			1.708,			0.186,			0.056
634,	2,	98.0,	168.834,			13.377,			1.161,			0.174
635,	1,	28.0,	168.836,			2.847,			0.234,			0.055
636,	1,	59.0,	169.031,			1.76,			0.29,			0.056
637,	1,	6.0,	169.858,			2.986,			0.272,			0.057
638,	1,	7.0,	170.086,			2.398,			0.175,			0.054
639,	1,	10.0,	170.176,			2.283,			0.25,			0.051
640,	1,	6.0,	170.206,			2.2,			0.162,			0.054
641,	1,	44.0,	170.275,			2.02,			0.254,			0.05
642,	1,	6.0,	170.325,			2.252,			0.256,			0.059
643,	1,	214.0,	170.349,			2.711,			0.174,			0.058
644,	1,	44.0,	170.566,			1.981,			0.222,			0.06
645,	1,	512.0,	170.961,			1.595,			0.284,			0.057
646,	1,	103.0,	171.29,			2.084,			0.191,			0.057
647,	1,	7.0,	171.365,			1.484,			0.168,			0.057
648,	1,	157.0,	171.508,			1.731,			0.135,			0.052
649,	1,	10.0,	171.512,			1.105,			0.19,			0.057
650,	1,	95.0,	171.675,			2.88,			0.109,			0.054
651,	1,	6.0,	171.779,			1.489,			0.179,			0.054
652,	1,	13.0,	171.913,			2.532,			0.289,			0.06
653,	1,	16.0,	171.957,			2.088,			0.212,			0.052
654,	1,	7.0,	172.688,			2.187,			0.279,			0.055
655,	1,	559.0,	172.694,			1.883,			0.183,			0.057
656,	1,	6.0,	172.821,			1.433,			0.267,			0.052
657,	1,	103.0,	172.988,			2.703,			0.152,			0.06
658,	1,	6.0,	173.064,			1.08,			0.179,			0.053
659,	1,	387.0,	173.162,			1.225,			0.226,			0.058
660,	1,	120.0,	173.31,			2.813,			0.103,			0.058
661,	1,	157.0,	173.652,			1.26,			0.254,			0.052
662,	1,	157.0,	173.802,			1.553,			0.266,			0.056
663,	1,	103.0,	174.209,			2.144,			0.134,			0.058
664,	1,	44.0,	174.719,			2.858,			0.245,			0.052
665,	1,	387.0,	174.797,			1.061,			0.216,			0.05
666,	1,	379.0,	174.879,			1.841,			0.221,			0.051
667,	1,	146.0,	174.997,			1.911,			0.252,			0.059
668,	1,	157.0,	175.126,			2.288,			0.297,			0.052
669,	1,	90.0,	175.564,			2.559,			0.17,			0.056
670,	2,	94.0,	175.627,			13.222,			1.126,			0.13
671,	1,	103.0,	175.804,			2.22,			0.241,			0.06
672,	1,	90.0,	175.847,			1.848,			0.272,			0.051
673,	1,	214.0,	175.854,			1.448,			0.193,			0.059
674,	1,	30.0,	175.88,			1.715,			0.174,			0.052
675,	1,	146.0,	175.948,			2.581,			0.233,			0.055
676,	2,	89.0,	175.949,			13.899,			1.124,			0.195
677,	1,	120.0,	176.081,			2.398,			0.209,			0.053
678,	1,	7.0,	176.116,			2.316,			0.233,			0.051
679,	1,	10.0,	176.178,			2.542,			0.185,			0.057
680,	1,	30.0,	176.19,			1.031,			0.195,			0.05
681,	1,	13.0,	176.291,			1.732,			0.275,			0.06
682,	1,	90.0,	176.488,			2.663,			0.166,			0.055
683,	1,	7.0,	176.536,			1.642,			0.192,			0.051
684,	1,	169.0,	176.984,			2.454,			0.299,			0.054
685,	1,	30.0,	177.048,			1.807,			0.241,			0.059
686,	1,	90.0,	177.584,			1.702,			0.257,			0.058
687,	1,	7.0,	177.69,			1.67,			0.26,			0.056
688,	1,	559.0,	177.71,			1.613,			0.244,			0.059
689,	1,	59.0,	177.777,			2.509,			0.133,			0.059
690,	1,	59.0,	177.821,			1.442,			0.165,			0.058
691,	2,	138.0,	178.129,			12.987,			1.477,			0.131
692,	1,	157.0,	178.187,			2.298,			0.209,			0.052
693,	1,	90.0,	178.298,			1.642,			0.256,			0.053
694,	1,	44.0,	178.343,			2.457,			0.149,			0.055
695,	1,	30.0,	179.552,			1.657,			0.242,			0.06
696,	1,	103.0,	179.628,			2.634,			0.1,			0.059
697,	1,	49.0,	179.699,			1.07,			0.239,			0.053
698,	2,	233.0,	179.933,			11.028,			1.373,			0.195
699,	2,	64.0,	179.935,			14.399,			1.295,			0.119
700,	1,	49.0,	180.658,			1.9,			0.17,			0.059
701,	1,	559.0,	180.66,			2.802,			0.111,			0.05
702,	1,	559.0,	180.742,			2.103,			0.161,			0.059
703,	2,	89.0,	180.968,			10.178,			1.348,			0.112
704,	1,	103.0,	181.147,			1.59,			0.284,			0.059
705,	2,	96.0,	181.157,			14.705,			1.296,			0.166
706,	1,	146.0,	181.374,			1.103,			0.2,			0.058
707,	1,	498.0,	181.495,			2.43,			0.157,			0.051
708,	1,	90.0,	182.052,			2.467,			0.268,			0.057
709,	1,	7.0,	182.094,			1.681,			0.219,			0.054
710,	1,	44.0,	182.214,			2.273,			0.142,			0.054
711,	1,	49.0,	182.875,			2.757,			0.206,			0.057
712,	1,	10.0,	182.886,			2.636,			0.265,			0.054
713,	1,	157.0,	182.9,			1.174,			0.143,			0.058
714,	1,	28.0,	182.955,			2.41,			0.278,			0.05
715,	1,	44.0,	183.251,			2.623,			0.249,			0.052
716,	1,	387.0,	183.408,			2.673,			0.162,			0.058
717,	1,	387.0,	183.894,			2.661,			0.268,			0.054
718,	1,	95.0,	184.194,			2.265,			0.194,			0.058
719,	1,	7.0,	184.59,			2.542,			0.244,			0.058
720,	1,	30.0,	184.595,			1.864,			0.208,			0.057
721,	1,	16.0,	184.903,			2.678,			0.146,			0.058
722,	1,	387.0,	184.989,			2.847,			0.198,			0.052
723,	1,	59.0,	184.994,			1.061,			0.214,			0.057
724,	1,	44.0,	185.117,			1.442,			0.107,			0.058
725,	1,	6.0,	185.372,			1.663,			0.12,			0.056
726,	1,	6.0,	185.481,			1.164,			0.182,			0.055
727,	1,	7.0,	185.647,			1.63,			0.262,			0.05
728,	2,	344.0,	186.59,			13.438,			1.108,			0.17
729,	2,	76.0,	186.609,			12.112,			1.015,			0.188
730,	1,	7.0,	186.749,			2.366,			0.108,			0.055
731,	1,	44.0,	186.78,			2.241,			0.188,			0.055
732,	1,	13.0,	186.843,			1.402,			0.222,			0.053
733,	1,	387.0,	187.43,			1.391,			0.131,			0.056
734,	1,	379.0,	187.585,			1.083,			0.268,			0.057
735,	1,	126.0,	187.588,			1.524,			0.142,			0.058
736,	2,	108.0,	187.619,			13.05,			1.362,			0.191
737,	1,	49.0,	187.983,			1.103,			0.233,			0.051
738,	1,	379.0,	188.068,			1.402,			0.193,			0.059
739,	2,	209.0,	188.165,			10.15,			1.407,			0.147
740,	2,	88.0,	188.268,			12.301,			1.268,			0.186
741,	1,	214.0,	188.523,			1.988,			0.253,			0.052
742,	1,	387.0,	188.889,			1.933,			0.217,			0.053
743,	1,	120.0,	188.933,			2.691,			0.134,			0.055
744,	1,	559.0,	188.952,			1.672,			0.135,			0.055
745,	1,	59.0,	189.169,			1.45,			0.218,			0.057
746,	1,	30.0,	189.297,			1.484,			0.259,			0.055
747,	2,	127.0,	189.322,			10.586,			1.417,			0.133
748,	1,	157.0,	189.523,			2.533,			0.238,			0.058
749,	1,	126.0,	189.975,			1.364,			0.108,			0.06
750,	1,	559.0,	190.03,			1.287,			0.169,			0.054
751,	1,	7.0,	190.132,			2.759,			0.208,			0.054
752,	1,	447.0,	190.283,			1.313,			0.219,			0.057
753,	1,	44.0,	190.526,			1.107,			0.172,			0.053
754,	1,	6.0,	190.687,			2.279,			0.139,			0.053
755,	1,	120.0,	190.723,			2.675,			0.284,			0.058
756,	1,	169.0,	190.755,			1.736,			0.131,			0.052
757,	1,	447.0,	190.777,			2.5,			0.297,			0.06
758,	1,	169.0,	190.893,			1.681,			0.109,			0.056
759,	2,	226.0,	191.416,			14.008,			1.22,			0.159
760,	1,	13.0,	191.454,			1.376,			0.165,			0.06
761,	1,	169.0,	191.506,			1.071,			0.211,			0.058
762,	2,	168.0,	191.919,			14.49,			1.454,			0.127
763,	2,	281.0,	191.944,			14.49,			1.121,			0.155
764,	1,	49.0,	192.099,			2.378,			0.278,			0.053
765,	1,	6.0,	193.108,			1.952,			0.284,			0.056
766,	1,	169.0,	193.172,			1.539,			0.273,			0.059
767,	1,	95.0,	193.183,			1.805,			0.262,			0.059
768,	2,	147.0,	193.451,			11.662,			1.046,			0.155
769,	1,	512.0,	193.59,			1.515,			0.24,			0.058
770,	1,	379.0,	193.865,			2.602,			0.113,			0.058
771,	1,	44.0,	194.029,			2.424,			0.217,			0.057
772,	1,	44.0,	194.246,			2.827,			0.194,			0.054
773,	1,	126.0,	194.321,			2.19,			0.183,			0.055
774,	1,	7.0,	194.504,			1.581,			0.202,			0.058
775,	2,	109.0,	194.565,			11.134,			1.186,			0.159
776,	1,	44.0,	194.654,			2.222,			0.13,			0.06
777,	1,	7.0,	195.042,			1.844,			0.105,			0.056
778,	1,	44.0,	195.251,			1.952,			0.214,			0.058
779,	1,	59.0,	195.543,			1.86,			0.139,			0.055
780,	2,	105.0,	195.547,			10.782,			1.401,			0.157
781,	1,	103.0,	195.969,			2.638,			0.251,			0.06
782,	1,	95.0,	196.016,			2.556,			0.299,			0.059
783,	1,	559.0,	196.144,			2.985,			0.275,			0.055
784,	1,	214.0,	196.515,			2.454,			0.249,			0.055
785,	1,	6.0,	196.533,			1.956,			0.2,			0.059
786,	2,	152.0,	196.866,			10.011,			1.162,			0.171
787,	1,	28.0,	196.9,			1.977,			0.195,			0.06
788,	1,	126.0,	197.442,			2.173,			0.157,			0.057
789,	1,	146.0,	197.559,			1.625,			0.267,			0.055
790,	1,	59.0,	197.646,			1.217,			0.282,			0.059
791,	2,	77.0,	197.677,			11.078,			1.287,			0.134
792,	1,	44.0,	197.988,			1.483,			0.134,			0.059
793,	1,	7.0,	198.023,			1.982,			0.252,			0.057
794,	1,	49.0,	198.059,			1.509,			0.276,			0.057
795,	1,	447.0,	198.127,			2.157,			0.198,			0.05
796,	1,	157.0,	198.165,			2.796,			0.157,			0.052
797,	1,	28.0,	198.234,			2.772,			0.237,			0.059
798,	1,	44.0,	198.641,			1.653,			0.298,			0.051
799,	1,	95.0,	198.868,			2.051,			0.125,			0.057
800,	1,	13.0,	199.777,			2.051,			0.23,			0.059
801,	1,	10.0,	199.969,			1.166,			0.299,			0.056
802,	1,	379.0,	200.212,			2.232,			0.215,			0.057
803,	1,	44.0,	200.26,			1.811,			0.244,			0.058
804,	1,	512.0,	200.657,			1.417,			0.142,			0.053
805,	1,	6.0,	200.695,			1.225,			0.225,			0.058
806,	1,	30.0,	200.767,			2.78,			0.203,			0.052
807,	1,	30.0,	200.934,			2.057,			0.234,			0.053
808,	1,	6.0,	200.97,			2.684,			0.263,			0.051
809,	1,	7.0,	201.081,			1.515,			0.275,			0.057
810,	1,	44.0,	201.148,			2.881,			0.202,			0.053
811,	1,	6.0,	201.404,			2.76,			0.145,			0.05
812,	1,	7.0,	201.848,			1.75,			0.15,			0.053
813,	1,	387.0,	202.028,			2.864,			0.133,			0.051
814,	1,	7.0,	202.415,			2.328,			0.102,			0.058
815,	1,	10.0,	202.506,			2.345,			0.234,			0.054
816,	1,	169.0,	202.586,			1.407,			0.296,			0.055
817,	2,	234.0,	202.701,			10.175,			1.222,			0.195
818,	1,	49.0,	202.784,			2.76,			0.124,			0.05
819,	1,	559.0,	202.991,			1.039,			0.109,			0.051
820,	1,	95.0,	203.117,			2.553,			0.132,			0.05
821,	1,	6.0,	203.429,			1.008,			0.228,			0.054
822,	1,	7.0,	203.517,			1.071,			0.21,			0.052
823,	2,	212.0,	203.612,			13.027,			1.144,			0.166
824,	1,	379.0,	203.872,			1.643,			0.195,			0.054
825,	2,	242.0,	203.956,			10.594,			1.369,			0.149
826,	2,	175.0,	204.051,			10.319,			1.365,			0.176
827,	1,	387.0,	204.643,			2.304,			0.197,			0.05
828,	1,	44.0,	205.235,			1.728,			0.267,			0.058
829,	1,	120.0,	206.638,			2.249,			0.221,			0.058
830,	1,	559.0,	206.834,			2.41,			0.182,			0.055
831,	1,	59.0,	207.501,			1.81,			0.234,			0.06
832,	1,	10.0,	207.69,			2.579,			0.198,			0.06
833,	1,	49.0,	207.799,			1.752,			0.108,			0.059
834,	1,	44.0,	207.908,			1.631,			0.258,			0.05
835,	1,	169.0,	208.515,			1.128,			0.203,			0.051
836,	1,	379.0,	208.543,			1.97,			0.189,			0.057
837,	1,	44.0,	208.729,			1.749,			0.125,			0.051
838,	2,	139.0,	208.899,			12.024,			1.381,			0.147
839,	2,	181.0,	209.456,			14.076,			1.41,			0.134
840,	1,	16.0,	209.501,			1.186,			0.186,			0.054
841,	1,	28.0,	209.519,			1.592,			0.267,			0.052
842,	1,	103.0,	209.976,			2.87,			0.289,			0.056
843,	1,	7.0,	210.437,			1.548,			0.287,			0.054
844,	2,	240.0,	210.481,			10.617,			1.051,			0.138
845,	1,	10.0,	210.59,			1.841,			0.145,			0.058
846,	1,	90.0,	211.425,			1.596,			0.288,			0.058
847,	2,	84.0,	211.556,			14.372,			1.055,			0.125
848,	1,	49.0,	211.594,			1.557,			0.116,			0.053
849,	1,	146.0,	211.891,			2.675,			0.176,			0.051
850,	1,	90.0,	211.918,			1.096,			0.283,			0.05
851,	1,	10.0,	212.064,			2.321,			0.26,			0.057
852,	1,	512.0,	212.142,			1.078,			0.233,			0.054
853,	1,	28.0,	212.152,			1.554,			0.194,			0.057
854,	1,	95.0,	212.177,			1.807,			0.165,			0.053
855,	1,	379.0,	213.055,			1.155,			0.107,			0.054
856,	1,	214.0,	213.516,			1.809,			0.17,			0.054
857,	1,	95.0,	213.6,			1.309,			0.27,			0.054
858,	2,	206.0,	214.027,			11.85,			1.411,			0.17
859,	1,	157.0,	214.232,			1.144,			0.12,			0.056
860,	1,	146.0,	214.657,			1.684,			0.206,			0.058
861,	2,	274.0,	215.068,			12.214,			1.065,			0.145
862,	1,	49.0,	215.585,			2.557,			0.272,			0.058
863,	1,	379.0,	215.653,			1.97,			0.238,			0.05
864,	1,	28.0,	216.335,			2.358,			0.126,			0.051
865,	1,	214.0,	216.547,			1.733,			0.203,			0.052
866,	1,	90.0,	216.923,			1.028,			0.236,			0.055
867,	1,	379.0,	217.465,			1.008,			0.289,			0.055
868,	1,	90.0,	217.995,			2.398,			0.117,			0.054
869,	1,	387.0,	218.231,			2.01,			0.195,			0.055
870,	1,	90.0,	218.675,			2.265,			0.2,			0.055
871,	2,	150.0,	218.82,			11.302,			1.493,			0.161
872,	2,	236.0,	218.888,			12.301,			1.266,			0.198
873,	1,	512.0,	219.044,			1.525,			0.233,			0.052
874,	2,	67.0,	219.618,			11.011,			1.43,			0.197
875,	1,	157.0,	219.77,			1.596,			0.199,			0.056
876,	1,	103.0,	219.997,			1.977,			0.199,			0.055
877,	1,	146.0,	220.226,			1.582,			0.268,			0.058
878,	1,	6.0,	220.441,			1.086,			0.141,			0.058
879,	2,	155.0,	221.007,			12.424,			1.384,			0.138
880,	1,	10.0,	221.145,			1.252,			0.159,			0.052
881,	1,	95.0,	221.232,			1.822,			0.14,			0.055
882,	1,	559.0,	221.996,			1.291,			0.136,			0.059
883,	1,	90.0,	222.002,			2.827,			0.139,			0.05
884,	1,	7.0,	222.044,			1.859,			0.117,			0.051
885,	2,	146.0,	222.361,			13.169,			1.114,			0.153
886,	1,	146.0,	222.562,			1.783,			0.222,			0.058
887,	1,	7.0,	222.692,			2.565,			0.145,			0.053
888,	1,	559.0,	222.757,			2.8,			0.147,			0.056
889,	2,	200.0,	223.23,			13.266,			1.001,			0.112
890,	1,	7.0,	223.269,			2.407,			0.257,			0.059
891,	1,	30.0,	223.521,			2.014,			0.177,			0.05
892,	1,	28.0,	224.615,			2.549,			0.229,			0.055
893,	1,	95.0,	224.743,			1.522,			0.292,			0.053
894,	2,	183.0,	224.757,			11.707,			1.121,			0.148
895,	1,	559.0,	225.086,			2.151,			0.233,			0.052
896,	1,	90.0,	225.236,			1.694,			0.134,			0.058
897,	1,	146.0,	225.458,			1.919,			0.193,			0.05
898,	1,	6.0,	225.459,			1.114,			0.14,			0.059
899,	1,	120.0,	225.783,			2.986,			0.242,			0.057
900,	1,	28.0,	225.919,			2.407,			0.226,			0.058
901,	2,	155.0,	226.108,			11.793,			1.171,			0.195
902,	1,	13.0,	226.377,			2.414,			0.215,			0.053
903,	2,	92.0,	226.477,			11.816,			1.288,			0.119
904,	1,	379.0,	226.677,			1.756,			0.205,			0.057
905,	1,	120.0,	227.284,			1.838,			0.225,			0.058
906,	1,	16.0,	227.996,			1.501,			0.151,			0.051
907,	1,	6.0,	230.393,			1.008,			0.171,			0.054
908,	1,	7.0,	231.299,			1.929,			0.101,			0.052
909,	1,	6.0,	231.396,			1.776,			0.22,			0.051
910,	1,	559.0,	231.621,			1.249,			0.15,			0.057
911,	2,	76.0,	231.749,			11.933,			1.456,			0.132
912,	1,	103.0,	231.991,			2.846,			0.275,			0.054
913,	1,	7.0,	232.029,			1.566,			0.146,			0.057
914,	1,	10.0,	234.307,			1.458,			0.225,			0.055
915,	2,	227.0,	234.307,			12.357,			1.178,			0.125
916,	1,	387.0,	235.757,			2.02,			0.214,			0.057
917,	1,	10.0,	235.871,			1.838,			0.114,			0.052
918,	1,	6.0,	236.116,			1.417,			0.118,			0.05
919,	1,	120.0,	236.159,			2.378,			0.187,			0.054
920,	1,	498.0,	237.211,			1.722,			0.264,			0.059
921,	1,	7.0,	237.341,			1.684,			0.125,			0.057
922,	2,	94.0,	237.609,			14.436,			1.368,			0.179
923,	2,	123.0,	237.613,			12.152,			1.468,			0.156
924,	1,	44.0,	238.158,			1.543,			0.151,			0.056
925,	1,	103.0,	238.717,			2.198,			0.174,			0.052
926,	1,	95.0,	239.376,			2.832,			0.225,			0.053
927,	1,	6.0,	239.894,			2.932,			0.146,			0.058
928,	2,	201.0,	240.841,			11.537,			1.356,			0.182
929,	2,	185.0,	241.198,			13.346,			1.398,			0.197
930,	1,	90.0,	241.355,			2.525,			0.294,			0.058
931,	2,	98.0,	241.894,			14.969,			1.067,			0.133
932,	1,	157.0,	242.08,			1.761,			0.123,			0.053
933,	2,	289.0,	242.422,			12.521,			1.35,			0.13
934,	1,	214.0,	243.851,			1.736,			0.28,			0.055
935,	2,	81.0,	244.275,			14.501,			1.098,			0.174
936,	1,	59.0,	244.53,			1.733,			0.169,			0.056
937,	1,	120.0,	244.646,			2.789,			0.256,			0.054
938,	2,	116.0,	244.953,			13.346,			1.159,			0.124
939,	2,	97.0,	245.044,			11.717,			1.098,			0.128
940,	2,	131.0,	245.46,			11.411,			1.186,			0.165
941,	1,	559.0,	246.388,			1.204,			0.141,			0.058
942,	1,	49.0,	246.817,			1.106,			0.29,			0.055
943,	1,	59.0,	247.165,			2.522,			0.16,			0.053
944,	2,	62.0,	247.599,			12.638,			1.349,			0.129
945,	2,	157.0,	248.23,			11.764,			1.453,			0.148
946,	1,	49.0,	248.899,			2.534,			0.104,			0.054
947,	1,	90.0,	249.273,			2.302,			0.16,			0.053
948,	2,	162.0,	249.456,			13.946,			1.017,			0.142
949,	1,	498.0,	249.954,			1.08,			0.225,			0.059
950,	2,	197.0,	250.256,			12.02,			1.192,			0.117
951,	2,	241.0,	250.319,			14.721,			1.1,			0.157
952,	2,	111.0,	251.356,			11.215,			1.302,			0.125
953,	2,	215.0,	252.891,			10.365,			1.493,			0.105
954,	1,	379.0,	253.26,			2.279,			0.229,			0.051
955,	1,	120.0,	253.762,			2.144,			0.278,			0.052
956,	1,	387.0,	253.988,			2.169,			0.181,			0.053
957,	1,	10.0,	254.174,			2.684,			0.153,			0.054
958,	2,	154.0,	254.361,			10.235,			1.458,			0.195
959,	1,	16.0,	255.474,			1.73,			0.135,			0.053
960,	1,	95.0,	256.435,			2.69,			0.176,			0.055
961,	2,	169.0,	257.194,			11.028,			1.389,			0.166
962,	2,	171.0,	259.501,			11.666,			1.364,			0.163
963,	1,	214.0,	260.047,			1.69,			0.264,			0.055
964,	1,	44.0,	260.306,			2.379,			0.161,			0.058
965,	2,	181.0,	260.33,			13.596,			1.012,			0.101
966,	2,	116.0,	260.707,			11.876,			1.044,			0.138
967,	2,	72.0,	263.933,			11.842,			1.264,			0.147
968,	1,	6.0,	265.494,			1.499,			0.209,			0.052
969,	2,	221.0,	266.632,			11.915,			1.497,			0.13
970,	2,	152.0,	268.363,			12.242,			1.245,			0.103
971,	2,	225.0,	268.974,			14.946,			1.454,			0.129
972,	1,	7.0,	270.631,			1.753,			0.184,			0.059
973,	2,	214.0,	271.411,			11.864,			1.405,			0.141
974,	2,	181.0,	271.469,			11.929,			1.126,			0.144
975,	1,	49.0,	272.286,			1.657,			0.184,			0.058
976,	2,	194.0,	274.043,			14.842,			1.399,			0.143
977,	2,	177.0,	274.499,			12.421,			1.185,			0.102
978,	2,	237.0,	275.716,			14.114,			1.481,			0.166
979,	2,	264.0,	275.917,			14.836,			1.303,			0.114
980,	2,	76.0,	278.285,			11.027,			1.465,			0.142
981,	2,	303.0,	278.467,			13.174,			1.392,			0.17
982,	2,	194.0,	278.931,			13.676,			1.222,			0.194
983,	2,	113.0,	279.382,			13.263,			1.346,			0.175
984,	2,	199.0,	281.391,			13.651,			1.12,			0.157
985,	1,	103.0,	284.457,			1.596,			0.147,			0.058
986,	2,	146.0,	285.237,			10.9,			1.456,			0.105
987,	2,	238.0,	285.467,			12.33,			1.463,			0.127
988,	1,	6.0,	285.941,			2.283,			0.156,			0.05
989,	2,	192.0,	286.105,			10.099,			1.071,			0.108
990,	2,	74.0,	288.138,			10.999,			1.362,			0.143
991,	2,	107.0,	288.897,			14.663,			1.301,			0.117
992,	2,	268.0,	290.167,			13.273,			1.202,			0.121
993,	2,	99.0,	293.157,			10.463,			1.266,			0.13
994,	2,	179.0,	293.209,			14.704,			1.191,			0.145
995,	1,	120.0,	294.773,			1.72,			0.153,			0.06
996,	2,	136.0,	295.869,			11.393,			1.098,			0.161
997,	2,	143.0,	297.141,			11.036,			1.129,			0.154
998,	2,	127.0,	297.362,			14.127,			1.185,			0.104
999,	2,	71.0,	298.932,			11.876,			1.229,			0.139
1000,	1,	13.0,	300.0,			1.671,			0.256,			0.054
