#, task_type_id, size, arrival_time,	execution_time_cpu,	execution_time_gpu,	execution_time_CLOUD
1,	1,	49.0,	0.0,			1.915,			0.14,			0.052
2,	1,	16.0,	0.0,			2.198,			0.279,			0.05
3,	2,	177.0,	0.663,			12.301,			1.332,			0.159
4,	2,	76.0,	1.558,			12.648,			1.071,			0.16
5,	2,	121.0,	6.571,			12.615,			1.443,			0.18
6,	1,	387.0,	9.472,			2.149,			0.225,			0.059
7,	2,	168.0,	10.924,			13.737,			1.054,			0.198
8,	1,	49.0,	10.979,			1.927,			0.202,			0.057
9,	2,	146.0,	11.048,			10.782,			1.456,			0.155
10,	2,	213.0,	12.588,			10.335,			1.349,			0.12
11,	2,	198.0,	13.346,			13.946,			1.468,			0.177
12,	2,	187.0,	15.597,			12.179,			1.071,			0.144
13,	2,	124.0,	15.611,			14.136,			1.332,			0.125
14,	2,	81.0,	16.342,			12.902,			1.252,			0.131
15,	2,	87.0,	16.671,			11.124,			1.467,			0.169
16,	1,	59.0,	16.733,			1.657,			0.242,			0.058
17,	2,	212.0,	16.744,			12.581,			1.179,			0.105
18,	2,	100.0,	18.212,			10.392,			1.231,			0.137
19,	2,	225.0,	19.796,			13.224,			1.189,			0.136
20,	1,	447.0,	21.45,			1.681,			0.295,			0.052
21,	2,	153.0,	24.955,			12.438,			1.27,			0.137
22,	1,	214.0,	25.437,			1.72,			0.172,			0.057
23,	2,	231.0,	28.715,			10.099,			1.409,			0.166
24,	1,	44.0,	29.986,			1.432,			0.286,			0.053
25,	2,	202.0,	30.665,			12.15,			1.265,			0.128
26,	2,	225.0,	31.363,			11.506,			1.334,			0.106
27,	2,	84.0,	35.138,			12.287,			1.467,			0.173
28,	1,	28.0,	35.186,			1.731,			0.165,			0.051
29,	2,	235.0,	37.289,			13.415,			1.416,			0.143
30,	1,	379.0,	37.927,			1.864,			0.237,			0.055
31,	2,	137.0,	38.156,			14.368,			1.433,			0.128
32,	2,	154.0,	38.172,			10.742,			1.256,			0.138
33,	2,	70.0,	40.466,			14.692,			1.119,			0.162
34,	1,	498.0,	40.641,			2.087,			0.134,			0.055
35,	2,	96.0,	40.654,			10.016,			1.389,			0.193
36,	1,	13.0,	43.142,			2.486,			0.215,			0.054
37,	2,	254.0,	43.542,			10.886,			1.306,			0.14
38,	1,	7.0,	44.318,			1.36,			0.287,			0.055
39,	1,	103.0,	46.356,			1.494,			0.199,			0.051
40,	2,	120.0,	47.071,			13.89,			1.015,			0.195
41,	1,	512.0,	47.269,			1.848,			0.294,			0.058
42,	1,	44.0,	47.914,			1.018,			0.124,			0.058
43,	2,	182.0,	48.153,			12.024,			1.349,			0.114
44,	2,	230.0,	48.455,			11.69,			1.356,			0.196
45,	1,	126.0,	48.739,			1.431,			0.194,			0.055
46,	1,	10.0,	49.575,			2.318,			0.202,			0.055
47,	1,	59.0,	51.549,			2.787,			0.28,			0.05
48,	2,	201.0,	52.016,			10.629,			1.306,			0.185
49,	2,	111.0,	52.113,			14.969,			1.465,			0.14
50,	2,	132.0,	52.88,			12.304,			1.357,			0.184
51,	1,	512.0,	53.592,			2.232,			0.113,			0.051
52,	1,	7.0,	53.68,			1.848,			0.29,			0.051
53,	1,	44.0,	53.814,			1.84,			0.111,			0.055
54,	1,	103.0,	54.326,			1.64,			0.175,			0.055
55,	1,	512.0,	54.355,			2.14,			0.229,			0.06
56,	2,	197.0,	56.324,			14.917,			1.279,			0.197
57,	1,	13.0,	56.327,			2.525,			0.112,			0.055
58,	2,	107.0,	57.579,			13.478,			1.241,			0.179
59,	2,	83.0,	57.687,			11.727,			1.484,			0.143
60,	2,	151.0,	59.317,			14.889,			1.021,			0.119
61,	2,	49.0,	59.589,			10.984,			1.4,			0.142
62,	2,	183.0,	59.938,			14.187,			1.091,			0.14
63,	1,	447.0,	61.033,			1.097,			0.116,			0.052
64,	1,	90.0,	61.847,			1.025,			0.132,			0.059
65,	2,	161.0,	61.976,			13.372,			1.185,			0.185
66,	1,	6.0,	62.057,			2.479,			0.139,			0.057
67,	2,	114.0,	62.435,			14.076,			1.042,			0.113
68,	1,	146.0,	63.891,			2.299,			0.153,			0.051
69,	2,	150.0,	64.274,			12.287,			1.453,			0.143
70,	1,	379.0,	64.591,			1.128,			0.193,			0.052
71,	2,	86.0,	65.543,			11.508,			1.44,			0.18
72,	1,	49.0,	65.854,			1.558,			0.184,			0.055
73,	1,	379.0,	66.379,			2.408,			0.281,			0.06
74,	2,	82.0,	66.403,			13.027,			1.384,			0.187
75,	2,	201.0,	66.887,			14.524,			1.178,			0.178
76,	1,	49.0,	68.204,			1.575,			0.277,			0.051
77,	1,	6.0,	68.356,			1.443,			0.291,			0.059
78,	1,	59.0,	68.668,			1.158,			0.258,			0.059
79,	1,	44.0,	68.682,			2.498,			0.185,			0.055
80,	2,	115.0,	68.762,			11.575,			1.271,			0.114
81,	1,	103.0,	68.876,			2.318,			0.222,			0.056
82,	1,	44.0,	69.603,			2.169,			0.13,			0.056
83,	1,	559.0,	69.934,			1.624,			0.244,			0.054
84,	1,	49.0,	69.998,			2.179,			0.275,			0.058
85,	2,	216.0,	70.071,			14.117,			1.128,			0.162
86,	1,	7.0,	70.256,			2.827,			0.128,			0.053
87,	1,	7.0,	70.256,			1.232,			0.112,			0.053
88,	2,	91.0,	71.246,			11.001,			1.232,			0.132
89,	1,	6.0,	71.544,			1.79,			0.104,			0.051
90,	1,	7.0,	71.686,			1.12,			0.1,			0.054
91,	1,	44.0,	72.02,			2.936,			0.174,			0.06
92,	1,	559.0,	72.192,			2.454,			0.239,			0.053
93,	1,	169.0,	72.234,			1.371,			0.108,			0.054
94,	2,	76.0,	72.55,			13.669,			1.252,			0.113
95,	1,	44.0,	72.789,			2.932,			0.227,			0.059
96,	1,	7.0,	72.794,			2.647,			0.175,			0.052
97,	1,	90.0,	73.168,			2.424,			0.275,			0.057
98,	1,	6.0,	73.3,			1.141,			0.158,			0.058
99,	1,	126.0,	73.627,			1.302,			0.22,			0.057
100,	2,	129.0,	73.853,			14.958,			1.482,			0.137
101,	1,	6.0,	74.245,			2.95,			0.197,			0.059
102,	1,	7.0,	74.7,			2.777,			0.157,			0.054
103,	1,	6.0,	74.781,			1.039,			0.165,			0.051
104,	1,	59.0,	75.008,			1.776,			0.222,			0.055
105,	1,	498.0,	75.114,			1.26,			0.174,			0.054
106,	2,	128.0,	75.156,			12.4,			1.349,			0.107
107,	1,	559.0,	75.272,			2.861,			0.186,			0.055
108,	1,	6.0,	76.153,			1.03,			0.27,			0.052
109,	1,	7.0,	76.947,			1.316,			0.177,			0.051
110,	2,	174.0,	78.127,			12.955,			1.482,			0.151
111,	1,	49.0,	78.582,			1.962,			0.176,			0.05
112,	1,	7.0,	78.592,			1.853,			0.267,			0.059
113,	1,	126.0,	78.836,			1.107,			0.267,			0.052
114,	2,	340.0,	78.878,			12.458,			1.391,			0.199
115,	1,	16.0,	78.887,			2.31,			0.207,			0.051
116,	1,	59.0,	78.95,			2.509,			0.215,			0.053
117,	2,	131.0,	79.245,			14.244,			1.241,			0.168
118,	1,	512.0,	79.485,			1.334,			0.249,			0.058
119,	1,	6.0,	79.847,			1.768,			0.155,			0.055
120,	1,	146.0,	80.018,			2.627,			0.282,			0.06
121,	1,	6.0,	80.495,			2.404,			0.221,			0.05
122,	1,	169.0,	80.908,			1.523,			0.129,			0.057
123,	1,	126.0,	81.909,			1.011,			0.175,			0.057
124,	1,	13.0,	82.152,			2.198,			0.144,			0.055
125,	1,	6.0,	82.408,			1.643,			0.145,			0.055
126,	1,	214.0,	83.137,			1.006,			0.263,			0.054
127,	1,	120.0,	83.277,			1.428,			0.227,			0.057
128,	2,	264.0,	83.277,			14.276,			1.037,			0.133
129,	1,	120.0,	83.603,			2.454,			0.14,			0.055
130,	1,	146.0,	83.757,			2.986,			0.107,			0.054
131,	2,	202.0,	83.968,			14.135,			1.119,			0.152
132,	1,	44.0,	84.031,			1.731,			0.164,			0.06
133,	1,	387.0,	84.105,			2.316,			0.141,			0.05
134,	1,	379.0,	84.656,			1.805,			0.283,			0.054
135,	1,	7.0,	84.705,			2.991,			0.159,			0.057
136,	1,	7.0,	84.981,			1.146,			0.159,			0.06
137,	1,	559.0,	85.06,			1.702,			0.16,			0.051
138,	1,	447.0,	85.381,			1.97,			0.105,			0.055
139,	1,	7.0,	85.511,			2.486,			0.146,			0.057
140,	1,	7.0,	85.741,			1.921,			0.176,			0.052
141,	1,	49.0,	85.927,			2.232,			0.241,			0.053
142,	1,	146.0,	86.188,			1.719,			0.175,			0.058
143,	2,	184.0,	86.322,			10.518,			1.285,			0.113
144,	2,	135.0,	86.386,			14.931,			1.353,			0.14
145,	1,	512.0,	86.637,			1.425,			0.29,			0.053
146,	1,	30.0,	87.552,			1.432,			0.177,			0.054
147,	1,	169.0,	88.32,			1.151,			0.285,			0.052
148,	2,	109.0,	88.331,			11.388,			1.117,			0.137
149,	2,	214.0,	88.79,			10.461,			1.133,			0.104
150,	1,	146.0,	88.814,			1.3,			0.224,			0.056
151,	1,	498.0,	88.846,			1.523,			0.142,			0.059
152,	1,	10.0,	88.854,			1.266,			0.165,			0.053
153,	1,	90.0,	88.942,			2.342,			0.223,			0.055
154,	1,	169.0,	89.422,			1.247,			0.215,			0.06
155,	1,	16.0,	89.465,			1.683,			0.135,			0.055
156,	1,	146.0,	89.62,			2.999,			0.254,			0.053
157,	1,	16.0,	89.688,			2.133,			0.183,			0.056
158,	1,	28.0,	89.939,			2.874,			0.109,			0.056
159,	1,	214.0,	89.996,			1.211,			0.189,			0.057
160,	1,	146.0,	90.051,			1.386,			0.154,			0.051
161,	2,	174.0,	90.522,			12.447,			1.142,			0.104
162,	1,	559.0,	91.124,			1.174,			0.288,			0.059
163,	1,	7.0,	91.715,			2.542,			0.252,			0.058
164,	1,	16.0,	91.798,			2.379,			0.156,			0.051
165,	2,	137.0,	92.824,			12.101,			1.067,			0.108
166,	1,	16.0,	93.319,			2.842,			0.177,			0.056
167,	1,	7.0,	93.509,			1.445,			0.284,			0.054
168,	1,	16.0,	93.627,			1.433,			0.14,			0.052
169,	2,	186.0,	93.77,			10.697,			1.363,			0.152
170,	1,	44.0,	94.508,			1.694,			0.224,			0.055
171,	2,	118.0,	94.641,			13.557,			1.124,			0.108
172,	1,	7.0,	95.349,			2.237,			0.217,			0.058
173,	1,	7.0,	95.385,			1.111,			0.25,			0.057
174,	1,	7.0,	95.578,			1.241,			0.288,			0.057
175,	1,	59.0,	95.839,			2.025,			0.162,			0.054
176,	1,	6.0,	96.097,			2.926,			0.131,			0.056
177,	1,	90.0,	96.254,			2.932,			0.203,			0.056
178,	1,	387.0,	96.603,			2.282,			0.208,			0.054
179,	2,	228.0,	97.1,			14.064,			1.086,			0.152
180,	1,	120.0,	97.687,			1.86,			0.228,			0.058
181,	2,	99.0,	97.784,			11.816,			1.111,			0.137
182,	1,	95.0,	97.889,			2.87,			0.279,			0.052
183,	2,	135.0,	97.991,			12.964,			1.392,			0.106
184,	1,	169.0,	98.018,			2.149,			0.271,			0.052
185,	2,	141.0,	98.285,			13.016,			1.066,			0.112
186,	1,	6.0,	98.454,			2.479,			0.284,			0.05
187,	1,	6.0,	98.719,			2.03,			0.256,			0.05
188,	1,	387.0,	99.052,			2.799,			0.267,			0.058
189,	2,	77.0,	99.377,			12.421,			1.463,			0.19
190,	1,	44.0,	99.481,			2.581,			0.161,			0.051
191,	1,	16.0,	99.728,			2.711,			0.17,			0.05
192,	1,	7.0,	100.212,			1.811,			0.133,			0.057
193,	2,	225.0,	100.33,			12.134,			1.122,			0.13
194,	1,	90.0,	100.5,			1.728,			0.295,			0.054
195,	1,	95.0,	100.553,			2.342,			0.252,			0.056
196,	1,	157.0,	100.708,			2.176,			0.214,			0.056
197,	2,	198.0,	100.746,			13.596,			1.194,			0.11
198,	1,	387.0,	101.059,			1.441,			0.251,			0.055
199,	1,	169.0,	101.188,			2.622,			0.221,			0.059
200,	2,	175.0,	101.669,			11.854,			1.085,			0.137
201,	1,	387.0,	101.966,			2.872,			0.14,			0.052
202,	1,	30.0,	102.181,			1.76,			0.265,			0.057
203,	1,	169.0,	102.2,			1.988,			0.229,			0.059
204,	1,	16.0,	102.344,			2.532,			0.216,			0.051
205,	1,	49.0,	102.388,			2.055,			0.153,			0.051
206,	2,	259.0,	102.425,			12.014,			1.454,			0.133
207,	1,	90.0,	102.43,			2.28,			0.2,			0.059
208,	1,	6.0,	102.524,			2.176,			0.239,			0.057
209,	1,	559.0,	102.617,			1.031,			0.132,			0.052
210,	1,	59.0,	102.656,			2.976,			0.197,			0.054
211,	2,	122.0,	102.849,			14.268,			1.31,			0.149
212,	1,	44.0,	103.101,			2.181,			0.185,			0.058
213,	1,	6.0,	103.325,			1.443,			0.279,			0.058
214,	1,	90.0,	103.452,			2.025,			0.106,			0.054
215,	1,	28.0,	103.609,			1.029,			0.225,			0.059
216,	1,	44.0,	103.677,			1.416,			0.129,			0.055
217,	1,	16.0,	104.21,			2.705,			0.156,			0.052
218,	1,	214.0,	104.531,			1.416,			0.285,			0.053
219,	2,	246.0,	104.564,			11.896,			1.197,			0.14
220,	1,	447.0,	104.862,			1.406,			0.162,			0.053
221,	1,	120.0,	104.989,			1.157,			0.298,			0.053
222,	2,	242.0,	105.945,			14.908,			1.389,			0.142
223,	1,	13.0,	106.102,			1.929,			0.147,			0.051
224,	1,	6.0,	106.263,			2.273,			0.162,			0.059
225,	2,	165.0,	106.828,			14.931,			1.409,			0.188
226,	1,	387.0,	107.139,			1.631,			0.224,			0.052
227,	1,	512.0,	107.799,			1.192,			0.267,			0.054
228,	1,	7.0,	107.882,			1.494,			0.289,			0.055
229,	1,	214.0,	108.077,			2.057,			0.144,			0.051
230,	1,	169.0,	108.209,			2.974,			0.287,			0.057
231,	1,	10.0,	108.271,			2.133,			0.2,			0.051
232,	1,	13.0,	108.369,			2.305,			0.217,			0.054
233,	1,	169.0,	108.392,			2.449,			0.207,			0.055
234,	1,	7.0,	108.644,			1.173,			0.258,			0.056
235,	1,	387.0,	108.692,			2.034,			0.16,			0.058
236,	1,	59.0,	108.831,			1.007,			0.148,			0.055
237,	1,	13.0,	108.904,			1.114,			0.231,			0.055
238,	1,	7.0,	109.03,			2.895,			0.182,			0.059
239,	1,	30.0,	109.102,			1.047,			0.18,			0.052
240,	2,	100.0,	109.594,			10.225,			1.457,			0.139
241,	2,	248.0,	109.71,			13.823,			1.029,			0.149
242,	1,	6.0,	109.711,			1.402,			0.189,			0.059
243,	1,	90.0,	109.825,			2.827,			0.157,			0.059
244,	1,	498.0,	109.992,			2.438,			0.124,			0.051
245,	1,	387.0,	110.075,			2.074,			0.288,			0.051
246,	1,	7.0,	110.752,			1.104,			0.121,			0.059
247,	2,	82.0,	111.246,			12.206,			1.483,			0.136
248,	1,	103.0,	111.323,			1.45,			0.296,			0.057
249,	1,	126.0,	111.38,			1.612,			0.257,			0.055
250,	1,	7.0,	111.562,			2.647,			0.283,			0.053
251,	1,	7.0,	111.935,			2.846,			0.298,			0.056
252,	1,	387.0,	111.951,			2.096,			0.297,			0.059
253,	2,	105.0,	111.96,			14.666,			1.213,			0.129
254,	2,	122.0,	112.126,			12.024,			1.116,			0.161
255,	1,	214.0,	112.205,			1.977,			0.193,			0.054
256,	1,	30.0,	112.266,			2.555,			0.225,			0.054
257,	1,	126.0,	112.558,			1.481,			0.2,			0.055
258,	1,	7.0,	112.941,			2.449,			0.271,			0.053
259,	1,	157.0,	112.983,			1.3,			0.131,			0.052
260,	2,	165.0,	112.985,			14.917,			1.3,			0.184
261,	1,	157.0,	113.001,			1.245,			0.192,			0.056
262,	1,	7.0,	113.24,			1.009,			0.234,			0.057
263,	1,	49.0,	113.508,			2.714,			0.215,			0.05
264,	1,	498.0,	113.931,			1.481,			0.259,			0.051
265,	1,	7.0,	113.944,			1.009,			0.203,			0.054
266,	1,	387.0,	114.019,			2.2,			0.29,			0.06
267,	2,	45.0,	114.193,			11.643,			1.136,			0.128
268,	1,	214.0,	114.322,			1.609,			0.157,			0.059
269,	1,	120.0,	114.322,			1.861,			0.224,			0.053
270,	2,	182.0,	114.339,			11.706,			1.326,			0.176
271,	1,	6.0,	114.483,			2.673,			0.113,			0.053
272,	2,	105.0,	114.722,			12.046,			1.407,			0.103
273,	1,	146.0,	114.972,			1.441,			0.17,			0.059
274,	1,	28.0,	115.072,			1.988,			0.241,			0.056
275,	2,	231.0,	115.715,			10.826,			1.065,			0.109
276,	1,	559.0,	116.073,			1.435,			0.103,			0.058
277,	1,	120.0,	116.138,			2.643,			0.263,			0.052
278,	1,	59.0,	116.591,			1.229,			0.237,			0.059
279,	1,	214.0,	116.77,			1.75,			0.16,			0.052
280,	1,	59.0,	116.846,			1.613,			0.222,			0.056
281,	2,	83.0,	116.849,			11.772,			1.029,			0.174
282,	1,	30.0,	116.903,			2.232,			0.298,			0.052
283,	1,	120.0,	116.948,			2.302,			0.263,			0.053
284,	1,	126.0,	116.97,			1.204,			0.206,			0.051
285,	1,	90.0,	117.05,			2.265,			0.191,			0.052
286,	2,	64.0,	117.094,			13.718,			1.268,			0.145
287,	1,	44.0,	117.301,			2.711,			0.191,			0.06
288,	1,	10.0,	117.327,			2.454,			0.184,			0.055
289,	1,	44.0,	117.381,			2.661,			0.102,			0.055
290,	1,	126.0,	117.516,			1.148,			0.139,			0.051
291,	1,	157.0,	117.565,			2.685,			0.2,			0.054
292,	1,	90.0,	117.621,			2.976,			0.138,			0.052
293,	1,	95.0,	117.955,			2.973,			0.21,			0.059
294,	1,	157.0,	118.116,			2.614,			0.299,			0.058
295,	1,	30.0,	118.708,			1.909,			0.21,			0.056
296,	1,	214.0,	118.865,			1.631,			0.238,			0.055
297,	2,	154.0,	118.915,			13.794,			1.143,			0.134
298,	1,	120.0,	119.019,			2.651,			0.191,			0.051
299,	1,	7.0,	119.266,			1.774,			0.17,			0.051
300,	1,	7.0,	119.827,			1.985,			0.152,			0.052
301,	1,	146.0,	119.886,			1.203,			0.262,			0.052
302,	1,	126.0,	119.934,			2.2,			0.224,			0.06
303,	1,	169.0,	119.99,			1.411,			0.27,			0.053
304,	1,	10.0,	120.644,			2.914,			0.218,			0.056
305,	1,	95.0,	120.823,			1.434,			0.106,			0.054
306,	1,	30.0,	121.081,			2.149,			0.162,			0.052
307,	1,	10.0,	121.087,			2.703,			0.295,			0.051
308,	1,	7.0,	121.376,			2.559,			0.267,			0.058
309,	1,	447.0,	121.4,			2.52,			0.152,			0.053
310,	1,	6.0,	121.421,			2.797,			0.142,			0.054
311,	1,	146.0,	121.463,			2.681,			0.125,			0.051
312,	1,	95.0,	121.682,			1.853,			0.286,			0.054
313,	2,	104.0,	121.694,			11.335,			1.083,			0.167
314,	2,	332.0,	121.708,			12.617,			1.411,			0.149
315,	1,	44.0,	121.712,			1.841,			0.197,			0.056
316,	1,	6.0,	121.914,			1.169,			0.226,			0.058
317,	1,	7.0,	121.937,			2.342,			0.277,			0.052
318,	1,	146.0,	122.054,			2.133,			0.144,			0.052
319,	1,	7.0,	122.168,			2.601,			0.186,			0.058
320,	1,	59.0,	122.322,			2.596,			0.242,			0.057
321,	1,	7.0,	122.373,			1.191,			0.286,			0.06
322,	1,	379.0,	122.422,			2.858,			0.127,			0.05
323,	1,	6.0,	122.424,			1.716,			0.13,			0.054
324,	1,	49.0,	122.699,			1.994,			0.279,			0.052
325,	1,	59.0,	122.757,			2.438,			0.18,			0.054
326,	1,	146.0,	122.831,			2.351,			0.159,			0.054
327,	1,	13.0,	122.839,			1.56,			0.184,			0.053
328,	1,	103.0,	122.968,			2.711,			0.215,			0.05
329,	1,	379.0,	123.083,			1.402,			0.219,			0.052
330,	1,	146.0,	123.15,			1.472,			0.231,			0.058
331,	1,	6.0,	123.27,			1.116,			0.202,			0.051
332,	1,	447.0,	123.343,			1.679,			0.125,			0.059
333,	1,	44.0,	123.377,			2.223,			0.267,			0.055
334,	1,	103.0,	123.397,			1.757,			0.27,			0.059
335,	1,	30.0,	123.603,			1.962,			0.206,			0.056
336,	1,	379.0,	123.652,			2.58,			0.274,			0.052
337,	1,	387.0,	123.948,			2.625,			0.108,			0.054
338,	1,	7.0,	123.966,			1.67,			0.275,			0.057
339,	1,	90.0,	124.056,			1.061,			0.252,			0.054
340,	1,	387.0,	124.06,			1.613,			0.182,			0.059
341,	2,	111.0,	124.375,			11.194,			1.06,			0.142
342,	1,	447.0,	124.51,			1.114,			0.271,			0.053
343,	1,	30.0,	124.758,			1.104,			0.146,			0.057
344,	1,	6.0,	124.779,			1.709,			0.228,			0.054
345,	1,	7.0,	124.932,			1.844,			0.189,			0.059
346,	1,	169.0,	124.992,			2.01,			0.277,			0.053
347,	1,	157.0,	125.122,			1.848,			0.142,			0.052
348,	1,	126.0,	125.193,			1.028,			0.209,			0.056
349,	2,	214.0,	125.46,			13.262,			1.255,			0.178
350,	1,	10.0,	125.776,			2.063,			0.215,			0.051
351,	1,	120.0,	125.926,			2.548,			0.276,			0.06
352,	1,	126.0,	125.944,			1.168,			0.177,			0.052
353,	1,	214.0,	126.03,			2.155,			0.191,			0.057
354,	1,	44.0,	126.071,			2.351,			0.2,			0.056
355,	1,	13.0,	126.248,			2.098,			0.28,			0.054
356,	1,	7.0,	126.302,			2.847,			0.194,			0.053
357,	1,	44.0,	126.443,			2.415,			0.255,			0.054
358,	1,	13.0,	126.762,			1.755,			0.279,			0.058
359,	1,	44.0,	126.976,			1.811,			0.215,			0.06
360,	1,	6.0,	127.194,			1.994,			0.191,			0.057
361,	2,	102.0,	127.322,			10.036,			1.192,			0.118
362,	1,	120.0,	127.857,			1.126,			0.12,			0.051
363,	1,	7.0,	127.915,			1.158,			0.287,			0.059
364,	1,	90.0,	127.982,			1.46,			0.146,			0.058
365,	1,	59.0,	127.987,			2.606,			0.231,			0.05
366,	2,	120.0,	128.325,			12.973,			1.285,			0.122
367,	1,	498.0,	128.751,			1.482,			0.28,			0.051
368,	1,	90.0,	128.917,			1.915,			0.243,			0.057
369,	1,	169.0,	128.955,			2.879,			0.146,			0.05
370,	1,	6.0,	129.076,			2.557,			0.222,			0.051
371,	1,	7.0,	129.178,			1.639,			0.195,			0.059
372,	1,	126.0,	129.324,			1.141,			0.246,			0.051
373,	1,	49.0,	129.746,			1.491,			0.267,			0.052
374,	1,	146.0,	129.964,			2.08,			0.249,			0.055
375,	1,	7.0,	130.018,			2.885,			0.228,			0.06
376,	1,	30.0,	130.3,			2.779,			0.157,			0.055
377,	1,	559.0,	130.512,			1.783,			0.242,			0.051
378,	1,	214.0,	130.581,			1.588,			0.136,			0.054
379,	1,	379.0,	130.645,			2.623,			0.286,			0.051
380,	1,	169.0,	130.806,			1.841,			0.223,			0.056
381,	1,	7.0,	131.024,			2.467,			0.116,			0.057
382,	1,	13.0,	131.251,			2.725,			0.195,			0.057
383,	1,	13.0,	131.404,			2.006,			0.295,			0.052
384,	1,	7.0,	131.479,			1.371,			0.275,			0.06
385,	2,	119.0,	131.733,			11.39,			1.191,			0.148
386,	1,	126.0,	131.752,			2.96,			0.273,			0.051
387,	1,	7.0,	131.912,			1.061,			0.244,			0.058
388,	1,	59.0,	132.034,			1.027,			0.166,			0.059
389,	1,	379.0,	132.221,			2.627,			0.177,			0.052
390,	1,	7.0,	132.36,			1.009,			0.294,			0.058
391,	1,	90.0,	132.672,			1.491,			0.155,			0.058
392,	1,	13.0,	132.782,			1.044,			0.175,			0.055
393,	1,	59.0,	132.833,			1.683,			0.241,			0.059
394,	2,	117.0,	132.869,			12.435,			1.474,			0.159
395,	1,	44.0,	133.257,			2.404,			0.146,			0.06
396,	1,	120.0,	133.491,			1.805,			0.17,			0.059
397,	1,	59.0,	133.555,			2.296,			0.146,			0.051
398,	2,	246.0,	133.664,			13.596,			1.394,			0.107
399,	2,	244.0,	133.863,			14.399,			1.49,			0.19
400,	1,	13.0,	133.984,			2.034,			0.103,			0.056
401,	2,	84.0,	134.199,			11.537,			1.12,			0.144
402,	1,	7.0,	134.448,			1.757,			0.256,			0.055
403,	1,	59.0,	134.519,			2.006,			0.116,			0.051
404,	1,	498.0,	134.595,			2.425,			0.109,			0.053
405,	1,	49.0,	134.74,			1.883,			0.135,			0.053
406,	1,	7.0,	134.978,			2.922,			0.146,			0.055
407,	1,	169.0,	135.007,			2.098,			0.167,			0.05
408,	1,	7.0,	135.663,			1.484,			0.212,			0.057
409,	1,	559.0,	135.827,			2.541,			0.201,			0.055
410,	1,	6.0,	135.983,			2.09,			0.114,			0.056
411,	1,	44.0,	136.074,			1.554,			0.256,			0.053
412,	2,	95.0,	136.171,			13.136,			1.417,			0.15
413,	1,	379.0,	136.262,			2.759,			0.175,			0.057
414,	1,	44.0,	136.278,			2.123,			0.249,			0.055
415,	1,	157.0,	136.328,			2.36,			0.122,			0.051
416,	1,	6.0,	136.459,			1.488,			0.142,			0.059
417,	1,	512.0,	136.673,			2.102,			0.133,			0.051
418,	1,	95.0,	136.681,			2.618,			0.18,			0.056
419,	1,	559.0,	136.687,			1.706,			0.139,			0.057
420,	1,	30.0,	136.853,			1.581,			0.248,			0.057
421,	1,	6.0,	136.863,			2.582,			0.288,			0.058
422,	1,	103.0,	136.901,			2.879,			0.114,			0.055
423,	1,	498.0,	136.929,			1.443,			0.111,			0.056
424,	2,	157.0,	137.088,			14.249,			1.231,			0.164
425,	1,	498.0,	137.237,			1.009,			0.186,			0.051
426,	1,	30.0,	137.265,			2.293,			0.131,			0.059
427,	1,	28.0,	137.594,			1.485,			0.28,			0.055
428,	1,	10.0,	137.678,			1.243,			0.228,			0.052
429,	1,	169.0,	137.738,			2.776,			0.289,			0.054
430,	1,	16.0,	137.973,			2.449,			0.239,			0.05
431,	1,	49.0,	137.982,			1.018,			0.29,			0.055
432,	1,	169.0,	138.166,			2.299,			0.206,			0.058
433,	1,	13.0,	138.352,			1.455,			0.294,			0.055
434,	2,	133.0,	138.565,			13.645,			1.172,			0.178
435,	1,	44.0,	138.576,			2.685,			0.298,			0.05
436,	1,	6.0,	138.612,			1.481,			0.165,			0.052
437,	1,	16.0,	138.625,			1.431,			0.234,			0.054
438,	1,	169.0,	138.741,			1.007,			0.191,			0.05
439,	1,	90.0,	138.945,			2.795,			0.185,			0.054
440,	1,	387.0,	139.163,			1.279,			0.225,			0.056
441,	1,	7.0,	139.326,			2.637,			0.17,			0.052
442,	1,	16.0,	139.346,			2.842,			0.132,			0.056
443,	1,	157.0,	139.86,			2.759,			0.234,			0.055
444,	1,	379.0,	140.051,			1.591,			0.142,			0.055
445,	1,	44.0,	140.057,			2.843,			0.206,			0.056
446,	1,	7.0,	140.114,			1.4,			0.131,			0.059
447,	2,	132.0,	140.167,			13.305,			1.376,			0.166
448,	1,	59.0,	140.185,			1.558,			0.222,			0.051
449,	1,	59.0,	140.345,			2.345,			0.275,			0.057
450,	1,	157.0,	140.612,			2.143,			0.124,			0.058
451,	1,	44.0,	140.635,			1.861,			0.202,			0.054
452,	1,	120.0,	140.952,			1.225,			0.139,			0.059
453,	1,	7.0,	140.989,			1.835,			0.253,			0.058
454,	1,	120.0,	141.177,			2.479,			0.159,			0.051
455,	1,	146.0,	141.288,			1.706,			0.169,			0.055
456,	1,	6.0,	141.756,			2.935,			0.295,			0.057
457,	2,	141.0,	141.954,			11.11,			1.325,			0.197
458,	2,	236.0,	142.123,			10.415,			1.176,			0.122
459,	1,	13.0,	142.322,			1.317,			0.217,			0.054
460,	1,	44.0,	142.402,			2.525,			0.295,			0.055
461,	1,	44.0,	142.496,			2.459,			0.14,			0.057
462,	1,	44.0,	142.634,			2.969,			0.225,			0.058
463,	1,	7.0,	142.636,			2.596,			0.275,			0.053
464,	1,	447.0,	143.338,			1.643,			0.108,			0.057
465,	1,	6.0,	143.56,			2.487,			0.162,			0.057
466,	1,	30.0,	143.565,			2.932,			0.207,			0.055
467,	1,	379.0,	143.702,			1.407,			0.297,			0.05
468,	2,	246.0,	143.755,			14.721,			1.303,			0.127
469,	1,	447.0,	143.868,			1.862,			0.259,			0.053
470,	1,	44.0,	143.882,			1.947,			0.224,			0.056
471,	1,	214.0,	144.037,			2.158,			0.214,			0.052
472,	2,	151.0,	144.076,			11.162,			1.093,			0.197
473,	1,	6.0,	144.299,			1.128,			0.158,			0.052
474,	1,	387.0,	144.31,			1.027,			0.29,			0.054
475,	1,	120.0,	144.32,			2.037,			0.298,			0.05
476,	1,	169.0,	144.38,			2.459,			0.299,			0.055
477,	1,	59.0,	144.39,			1.006,			0.159,			0.057
478,	1,	30.0,	144.448,			2.048,			0.173,			0.055
479,	1,	103.0,	144.474,			1.557,			0.106,			0.056
480,	1,	559.0,	144.487,			1.654,			0.297,			0.055
481,	1,	10.0,	144.715,			1.728,			0.258,			0.058
482,	1,	7.0,	144.741,			1.566,			0.149,			0.06
483,	1,	7.0,	144.957,			1.984,			0.294,			0.054
484,	1,	379.0,	144.969,			2.454,			0.165,			0.054
485,	1,	103.0,	145.007,			2.776,			0.212,			0.052
486,	1,	28.0,	145.098,			2.807,			0.236,			0.051
487,	1,	169.0,	145.244,			2.385,			0.238,			0.059
488,	1,	7.0,	145.447,			1.153,			0.107,			0.059
489,	1,	7.0,	145.454,			1.681,			0.136,			0.057
490,	1,	387.0,	145.553,			2.33,			0.186,			0.055
491,	1,	103.0,	145.558,			1.005,			0.244,			0.057
492,	1,	16.0,	145.628,			2.907,			0.183,			0.056
493,	1,	44.0,	145.699,			2.324,			0.142,			0.052
494,	1,	7.0,	145.764,			1.657,			0.267,			0.053
495,	1,	169.0,	146.19,			2.284,			0.261,			0.055
496,	1,	7.0,	146.202,			1.414,			0.277,			0.058
497,	1,	44.0,	146.459,			1.99,			0.168,			0.052
498,	1,	126.0,	146.619,			2.684,			0.231,			0.056
499,	1,	214.0,	146.685,			1.111,			0.281,			0.054
500,	1,	157.0,	146.766,			1.969,			0.277,			0.052
501,	1,	169.0,	146.837,			2.388,			0.176,			0.056
502,	1,	214.0,	146.843,			1.304,			0.278,			0.051
503,	1,	16.0,	146.87,			2.163,			0.121,			0.057
504,	1,	7.0,	146.897,			1.178,			0.103,			0.059
505,	1,	169.0,	146.992,			2.167,			0.235,			0.052
506,	1,	387.0,	147.036,			1.801,			0.113,			0.054
507,	1,	28.0,	147.199,			1.153,			0.273,			0.054
508,	1,	157.0,	147.226,			2.872,			0.105,			0.057
509,	1,	498.0,	147.382,			2.888,			0.235,			0.055
510,	1,	6.0,	147.431,			2.198,			0.127,			0.054
511,	1,	13.0,	147.738,			1.434,			0.169,			0.058
512,	2,	143.0,	148.069,			13.131,			1.456,			0.171
513,	1,	10.0,	148.14,			1.014,			0.176,			0.058
514,	1,	214.0,	148.151,			1.019,			0.293,			0.055
515,	1,	90.0,	148.161,			1.774,			0.116,			0.055
516,	2,	160.0,	148.277,			10.273,			1.47,			0.132
517,	1,	59.0,	148.295,			1.578,			0.183,			0.053
518,	2,	129.0,	148.609,			11.915,			1.333,			0.15
519,	2,	192.0,	148.71,			12.271,			1.204,			0.16
520,	1,	6.0,	148.836,			2.879,			0.251,			0.055
521,	1,	126.0,	149.006,			1.028,			0.228,			0.055
522,	1,	559.0,	149.456,			2.582,			0.257,			0.052
523,	1,	169.0,	149.655,			2.616,			0.151,			0.053
524,	1,	6.0,	149.804,			1.557,			0.108,			0.055
525,	1,	157.0,	149.877,			2.457,			0.292,			0.055
526,	1,	59.0,	149.984,			2.691,			0.119,			0.056
527,	1,	498.0,	150.097,			2.366,			0.139,			0.054
528,	1,	6.0,	150.196,			2.968,			0.29,			0.056
529,	1,	214.0,	150.509,			2.123,			0.29,			0.059
530,	1,	30.0,	150.574,			1.784,			0.262,			0.057
531,	1,	16.0,	150.621,			1.581,			0.277,			0.051
532,	1,	7.0,	150.68,			1.035,			0.182,			0.056
533,	1,	146.0,	150.732,			1.551,			0.256,			0.054
534,	1,	13.0,	150.831,			2.598,			0.249,			0.056
535,	1,	387.0,	151.013,			1.472,			0.149,			0.05
536,	1,	512.0,	151.261,			1.73,			0.111,			0.059
537,	1,	447.0,	151.543,			2.838,			0.279,			0.059
538,	1,	6.0,	151.622,			2.133,			0.119,			0.059
539,	1,	498.0,	151.876,			2.237,			0.177,			0.051
540,	1,	559.0,	152.35,			1.174,			0.161,			0.055
541,	1,	30.0,	152.553,			1.977,			0.106,			0.056
542,	1,	126.0,	152.709,			1.755,			0.187,			0.052
543,	1,	103.0,	152.744,			1.791,			0.295,			0.058
544,	1,	126.0,	152.75,			1.694,			0.164,			0.057
545,	1,	214.0,	152.757,			1.731,			0.242,			0.057
546,	1,	30.0,	152.863,			2.133,			0.197,			0.051
547,	1,	44.0,	152.944,			2.321,			0.142,			0.055
548,	1,	103.0,	153.451,			1.188,			0.277,			0.053
549,	1,	95.0,	153.764,			1.104,			0.107,			0.057
550,	1,	6.0,	154.098,			1.61,			0.144,			0.058
551,	1,	30.0,	154.227,			1.291,			0.135,			0.052
552,	1,	559.0,	154.475,			2.318,			0.292,			0.059
553,	1,	6.0,	154.776,			2.173,			0.166,			0.059
554,	1,	103.0,	155.222,			1.543,			0.219,			0.055
555,	1,	44.0,	155.384,			1.371,			0.234,			0.056
556,	1,	447.0,	155.454,			2.304,			0.165,			0.052
557,	1,	512.0,	155.605,			1.3,			0.215,			0.053
558,	1,	30.0,	155.609,			1.523,			0.239,			0.051
559,	1,	10.0,	155.683,			2.751,			0.123,			0.051
560,	1,	214.0,	155.693,			2.143,			0.214,			0.051
561,	1,	44.0,	155.702,			2.862,			0.287,			0.054
562,	2,	106.0,	156.059,			12.434,			1.003,			0.194
563,	1,	30.0,	156.36,			1.909,			0.24,			0.058
564,	1,	6.0,	156.478,			2.78,			0.234,			0.05
565,	2,	82.0,	156.521,			12.987,			1.129,			0.137
566,	1,	44.0,	156.729,			1.612,			0.21,			0.059
567,	1,	512.0,	157.042,			2.757,			0.233,			0.054
568,	1,	7.0,	157.132,			1.981,			0.18,			0.055
569,	1,	126.0,	157.327,			2.637,			0.28,			0.06
570,	1,	44.0,	157.385,			2.895,			0.216,			0.052
571,	1,	146.0,	157.57,			1.172,			0.147,			0.052
572,	1,	126.0,	157.974,			1.996,			0.22,			0.056
573,	1,	214.0,	158.19,			2.9,			0.292,			0.05
574,	2,	215.0,	158.205,			11.229,			1.117,			0.12
575,	1,	28.0,	158.484,			1.748,			0.166,			0.058
576,	1,	120.0,	158.821,			1.441,			0.117,			0.052
577,	1,	559.0,	158.841,			1.97,			0.173,			0.054
578,	1,	6.0,	159.04,			1.671,			0.275,			0.057
579,	1,	6.0,	159.215,			1.211,			0.272,			0.05
580,	1,	214.0,	159.812,			1.535,			0.139,			0.057
581,	1,	169.0,	159.849,			1.027,			0.153,			0.056
582,	1,	559.0,	160.083,			1.731,			0.231,			0.051
583,	1,	559.0,	160.086,			1.168,			0.144,			0.059
584,	1,	447.0,	160.383,			1.362,			0.27,			0.054
585,	1,	6.0,	160.967,			2.03,			0.209,			0.053
586,	1,	214.0,	161.088,			1.03,			0.14,			0.057
587,	1,	157.0,	161.371,			2.273,			0.129,			0.055
588,	2,	217.0,	161.397,			11.402,			1.369,			0.116
589,	1,	7.0,	161.713,			2.936,			0.227,			0.053
590,	1,	126.0,	161.745,			2.252,			0.296,			0.059
591,	1,	10.0,	161.813,			2.763,			0.22,			0.055
592,	2,	144.0,	161.825,			12.02,			1.051,			0.13
593,	1,	379.0,	162.666,			2.176,			0.214,			0.051
594,	2,	282.0,	163.012,			10.432,			1.456,			0.142
595,	1,	59.0,	163.034,			2.479,			0.244,			0.06
596,	1,	169.0,	163.041,			2.631,			0.106,			0.057
597,	2,	197.0,	163.424,			10.629,			1.412,			0.145
598,	1,	44.0,	163.546,			1.472,			0.124,			0.058
599,	1,	120.0,	163.579,			2.757,			0.253,			0.05
600,	1,	49.0,	163.609,			1.406,			0.195,			0.054
601,	2,	236.0,	163.738,			12.183,			1.003,			0.188
602,	1,	59.0,	163.895,			2.322,			0.27,			0.056
603,	1,	28.0,	163.919,			2.544,			0.103,			0.054
604,	1,	387.0,	164.0,			2.18,			0.122,			0.057
605,	1,	90.0,	164.231,			1.683,			0.122,			0.056
606,	1,	146.0,	164.267,			2.018,			0.122,			0.058
607,	1,	559.0,	164.577,			1.204,			0.162,			0.056
608,	1,	7.0,	164.642,			1.35,			0.215,			0.056
609,	1,	379.0,	164.782,			2.194,			0.106,			0.056
610,	1,	120.0,	165.05,			1.912,			0.139,			0.057
611,	1,	6.0,	165.102,			2.635,			0.221,			0.052
612,	1,	13.0,	165.143,			1.612,			0.239,			0.051
613,	1,	379.0,	165.281,			2.838,			0.222,			0.059
614,	1,	6.0,	165.586,			1.116,			0.187,			0.059
615,	1,	387.0,	165.895,			2.954,			0.254,			0.053
616,	1,	7.0,	165.944,			2.697,			0.165,			0.05
617,	1,	512.0,	165.956,			2.652,			0.22,			0.055
618,	1,	103.0,	166.126,			1.566,			0.158,			0.06
619,	1,	7.0,	166.342,			2.757,			0.135,			0.059
620,	1,	95.0,	166.472,			2.874,			0.165,			0.05
621,	1,	49.0,	166.477,			1.642,			0.185,			0.057
622,	1,	169.0,	166.578,			2.063,			0.208,			0.056
623,	1,	7.0,	166.847,			1.277,			0.13,			0.055
624,	1,	6.0,	166.969,			2.31,			0.211,			0.058
625,	1,	169.0,	167.269,			2.198,			0.15,			0.056
626,	2,	129.0,	167.292,			12.154,			1.417,			0.176
627,	2,	56.0,	167.535,			10.215,			1.324,			0.191
628,	1,	30.0,	167.566,			1.434,			0.15,			0.051
629,	1,	7.0,	168.08,			2.896,			0.225,			0.057
630,	1,	6.0,	168.22,			2.299,			0.215,			0.058
631,	1,	103.0,	168.257,			2.717,			0.228,			0.055
632,	1,	214.0,	168.297,			2.366,			0.189,			0.055
633,	1,	49.0,	168.326,			2.098,			0.25,			0.059
634,	1,	120.0,	168.503,			1.014,			0.194,			0.056
635,	2,	137.0,	168.667,			10.036,			1.04,			0.16
636,	1,	447.0,	168.737,			1.587,			0.101,			0.05
637,	2,	137.0,	168.747,			12.15,			1.018,			0.187
638,	1,	59.0,	168.801,			1.86,			0.2,			0.059
639,	1,	169.0,	168.809,			2.621,			0.133,			0.054
640,	1,	49.0,	169.797,			1.791,			0.202,			0.051
641,	1,	512.0,	169.963,			2.772,			0.154,			0.054
642,	1,	59.0,	170.175,			2.576,			0.159,			0.05
643,	1,	49.0,	170.345,			1.587,			0.229,			0.056
644,	1,	7.0,	171.014,			1.103,			0.233,			0.051
645,	1,	6.0,	171.028,			2.56,			0.164,			0.053
646,	1,	16.0,	171.078,			2.974,			0.28,			0.06
647,	1,	44.0,	171.152,			1.609,			0.295,			0.059
648,	1,	49.0,	171.171,			1.844,			0.268,			0.05
649,	1,	28.0,	171.256,			2.286,			0.132,			0.055
650,	1,	387.0,	171.337,			1.947,			0.162,			0.05
651,	1,	157.0,	171.49,			1.357,			0.215,			0.051
652,	2,	194.0,	171.594,			14.666,			1.495,			0.114
653,	1,	10.0,	171.599,			2.861,			0.128,			0.059
654,	1,	59.0,	171.935,			2.701,			0.164,			0.054
655,	1,	126.0,	172.028,			2.016,			0.226,			0.05
656,	2,	89.0,	172.063,			11.872,			1.347,			0.178
657,	1,	10.0,	172.464,			1.984,			0.241,			0.052
658,	1,	214.0,	172.962,			1.174,			0.296,			0.055
659,	1,	146.0,	173.187,			2.984,			0.151,			0.056
660,	1,	7.0,	173.391,			1.024,			0.268,			0.057
661,	1,	157.0,	173.584,			1.728,			0.244,			0.051
662,	1,	44.0,	173.612,			2.651,			0.173,			0.053
663,	1,	7.0,	173.684,			1.443,			0.101,			0.052
664,	1,	59.0,	173.706,			2.222,			0.284,			0.059
665,	1,	7.0,	173.858,			2.799,			0.288,			0.058
666,	1,	7.0,	174.067,			1.731,			0.122,			0.056
667,	1,	90.0,	174.134,			2.616,			0.106,			0.054
668,	1,	10.0,	174.195,			1.728,			0.268,			0.055
669,	1,	7.0,	174.253,			1.968,			0.113,			0.057
670,	1,	169.0,	174.282,			2.947,			0.159,			0.051
671,	1,	7.0,	174.309,			1.188,			0.147,			0.058
672,	1,	30.0,	174.334,			1.643,			0.218,			0.052
673,	1,	59.0,	174.448,			2.26,			0.246,			0.054
674,	1,	512.0,	174.6,			1.027,			0.124,			0.054
675,	1,	7.0,	175.136,			2.532,			0.249,			0.053
676,	1,	44.0,	175.336,			2.031,			0.242,			0.059
677,	1,	44.0,	175.589,			1.886,			0.279,			0.055
678,	2,	159.0,	175.684,			14.789,			1.408,			0.142
679,	1,	44.0,	176.26,			2.386,			0.29,			0.055
680,	1,	13.0,	176.385,			2.149,			0.203,			0.055
681,	1,	44.0,	176.415,			2.678,			0.226,			0.058
682,	1,	6.0,	176.461,			1.667,			0.272,			0.054
683,	1,	157.0,	176.562,			1.749,			0.282,			0.054
684,	1,	7.0,	176.617,			2.714,			0.137,			0.058
685,	1,	214.0,	176.893,			2.652,			0.217,			0.056
686,	1,	44.0,	176.975,			1.774,			0.19,			0.05
687,	1,	559.0,	176.99,			1.924,			0.198,			0.052
688,	1,	10.0,	176.997,			1.096,			0.245,			0.05
689,	1,	379.0,	177.231,			1.431,			0.281,			0.052
690,	1,	13.0,	177.247,			2.038,			0.172,			0.053
691,	1,	103.0,	177.511,			1.213,			0.157,			0.058
692,	1,	157.0,	177.657,			1.501,			0.238,			0.055
693,	1,	59.0,	177.862,			1.047,			0.121,			0.06
694,	1,	44.0,	177.863,			1.822,			0.163,			0.055
695,	1,	7.0,	177.936,			2.288,			0.277,			0.058
696,	1,	10.0,	178.324,			2.618,			0.195,			0.06
697,	1,	512.0,	178.599,			2.557,			0.254,			0.056
698,	1,	498.0,	178.623,			1.509,			0.195,			0.054
699,	1,	44.0,	178.65,			1.857,			0.253,			0.053
700,	1,	214.0,	178.679,			2.78,			0.141,			0.056
701,	1,	214.0,	178.696,			1.448,			0.187,			0.056
702,	1,	379.0,	180.05,			1.67,			0.191,			0.06
703,	1,	44.0,	180.339,			1.095,			0.262,			0.058
704,	1,	126.0,	180.659,			2.104,			0.232,			0.058
705,	1,	59.0,	180.774,			2.681,			0.171,			0.051
706,	1,	13.0,	180.848,			2.969,			0.207,			0.054
707,	1,	7.0,	180.853,			2.35,			0.182,			0.059
708,	1,	16.0,	180.928,			1.472,			0.225,			0.06
709,	1,	512.0,	180.96,			2.813,			0.283,			0.054
710,	1,	7.0,	181.024,			1.302,			0.186,			0.051
711,	1,	6.0,	181.236,			2.632,			0.27,			0.057
712,	1,	447.0,	181.283,			2.153,			0.139,			0.052
713,	1,	146.0,	181.432,			1.988,			0.155,			0.057
714,	1,	13.0,	181.689,			1.828,			0.144,			0.06
715,	1,	559.0,	182.065,			1.869,			0.133,			0.06
716,	1,	6.0,	182.104,			2.143,			0.116,			0.056
717,	1,	559.0,	182.196,			1.158,			0.22,			0.058
718,	2,	104.0,	182.435,			11.28,			1.029,			0.126
719,	1,	28.0,	182.776,			2.01,			0.29,			0.053
720,	1,	30.0,	182.836,			1.496,			0.114,			0.058
721,	1,	95.0,	183.544,			1.716,			0.279,			0.056
722,	1,	90.0,	183.561,			1.679,			0.251,			0.05
723,	1,	379.0,	183.694,			1.791,			0.131,			0.057
724,	1,	44.0,	183.728,			1.168,			0.108,			0.058
725,	1,	16.0,	183.78,			2.256,			0.133,			0.059
726,	1,	512.0,	183.866,			1.215,			0.101,			0.051
727,	1,	95.0,	183.927,			1.835,			0.216,			0.058
728,	1,	559.0,	183.941,			1.256,			0.168,			0.054
729,	1,	59.0,	183.944,			1.157,			0.269,			0.057
730,	1,	30.0,	184.141,			2.565,			0.131,			0.051
731,	2,	147.0,	184.178,			13.277,			1.333,			0.131
732,	1,	214.0,	184.385,			1.81,			0.205,			0.053
733,	1,	6.0,	184.386,			2.384,			0.147,			0.059
734,	1,	559.0,	184.429,			1.679,			0.234,			0.051
735,	1,	169.0,	184.557,			1.356,			0.249,			0.053
736,	1,	6.0,	184.726,			1.007,			0.142,			0.055
737,	1,	447.0,	184.815,			2.09,			0.294,			0.056
738,	1,	6.0,	185.122,			2.675,			0.217,			0.053
739,	1,	7.0,	185.287,			1.707,			0.299,			0.056
740,	1,	498.0,	185.479,			2.896,			0.211,			0.06
741,	1,	90.0,	185.623,			2.076,			0.227,			0.055
742,	1,	7.0,	185.743,			2.226,			0.276,			0.052
743,	1,	214.0,	185.807,			1.25,			0.233,			0.053
744,	1,	44.0,	185.875,			1.64,			0.284,			0.051
745,	1,	169.0,	186.358,			1.979,			0.267,			0.053
746,	2,	114.0,	186.817,			12.146,			1.211,			0.191
747,	2,	75.0,	187.051,			14.028,			1.042,			0.137
748,	1,	7.0,	187.592,			2.454,			0.139,			0.05
749,	1,	7.0,	187.755,			1.968,			0.128,			0.054
750,	1,	6.0,	187.871,			2.342,			0.129,			0.06
751,	1,	7.0,	187.984,			1.411,			0.217,			0.059
752,	1,	120.0,	188.008,			1.445,			0.133,			0.06
753,	1,	59.0,	188.042,			1.756,			0.112,			0.05
754,	1,	7.0,	188.043,			1.869,			0.173,			0.055
755,	1,	44.0,	188.092,			1.111,			0.2,			0.05
756,	1,	7.0,	188.396,			1.172,			0.198,			0.051
757,	1,	6.0,	188.412,			1.748,			0.208,			0.051
758,	1,	512.0,	188.438,			2.09,			0.184,			0.059
759,	1,	6.0,	188.499,			1.407,			0.106,			0.058
760,	1,	6.0,	188.544,			1.511,			0.145,			0.05
761,	1,	7.0,	188.584,			2.132,			0.235,			0.052
762,	2,	181.0,	189.043,			12.767,			1.127,			0.196
763,	1,	7.0,	189.183,			1.269,			0.238,			0.06
764,	1,	7.0,	189.343,			1.164,			0.221,			0.058
765,	1,	157.0,	189.697,			2.084,			0.279,			0.053
766,	1,	7.0,	189.789,			2.034,			0.208,			0.055
767,	1,	59.0,	189.916,			2.268,			0.12,			0.06
768,	1,	59.0,	190.046,			1.76,			0.108,			0.053
769,	1,	146.0,	190.122,			1.473,			0.186,			0.052
770,	1,	6.0,	190.605,			1.489,			0.242,			0.051
771,	1,	120.0,	190.715,			2.384,			0.146,			0.051
772,	1,	44.0,	191.216,			1.008,			0.295,			0.052
773,	1,	44.0,	191.233,			2.004,			0.13,			0.055
774,	1,	6.0,	191.355,			1.302,			0.189,			0.057
775,	2,	121.0,	191.386,			10.178,			1.108,			0.116
776,	1,	28.0,	191.534,			2.555,			0.277,			0.055
777,	1,	387.0,	191.861,			2.522,			0.229,			0.058
778,	1,	95.0,	192.31,			2.52,			0.279,			0.055
779,	1,	28.0,	192.321,			2.322,			0.137,			0.06
780,	1,	6.0,	192.559,			1.515,			0.239,			0.057
781,	2,	279.0,	192.564,			11.531,			1.384,			0.102
782,	1,	16.0,	192.766,			2.235,			0.154,			0.054
783,	1,	559.0,	193.385,			1.442,			0.108,			0.058
784,	1,	447.0,	193.403,			1.505,			0.137,			0.056
785,	1,	44.0,	193.856,			1.005,			0.151,			0.057
786,	1,	6.0,	193.924,			2.154,			0.226,			0.053
787,	1,	120.0,	193.994,			1.07,			0.255,			0.051
788,	1,	7.0,	194.006,			1.548,			0.105,			0.057
789,	1,	28.0,	194.197,			1.019,			0.139,			0.054
790,	1,	146.0,	194.74,			2.874,			0.237,			0.06
791,	2,	117.0,	194.763,			11.772,			1.425,			0.101
792,	1,	90.0,	194.796,			2.968,			0.157,			0.059
793,	1,	49.0,	195.157,			1.039,			0.241,			0.053
794,	1,	103.0,	195.222,			2.14,			0.277,			0.056
795,	1,	6.0,	195.505,			1.9,			0.175,			0.058
796,	1,	13.0,	195.639,			1.309,			0.145,			0.057
797,	2,	221.0,	195.644,			14.337,			1.45,			0.185
798,	1,	44.0,	195.66,			2.866,			0.135,			0.057
799,	1,	157.0,	195.737,			2.047,			0.236,			0.059
800,	1,	49.0,	196.082,			1.424,			0.161,			0.058
801,	2,	195.0,	196.12,			10.177,			1.245,			0.151
802,	1,	120.0,	197.101,			2.885,			0.203,			0.058
803,	1,	447.0,	197.255,			1.008,			0.104,			0.05
804,	2,	80.0,	197.762,			11.876,			1.47,			0.135
805,	1,	59.0,	198.595,			1.981,			0.129,			0.052
806,	1,	16.0,	198.708,			1.639,			0.2,			0.053
807,	1,	559.0,	198.913,			2.922,			0.232,			0.05
808,	2,	137.0,	199.05,			10.15,			1.406,			0.121
809,	1,	28.0,	199.332,			2.78,			0.202,			0.056
810,	1,	13.0,	199.343,			1.3,			0.251,			0.055
811,	1,	169.0,	199.497,			1.309,			0.158,			0.056
812,	1,	10.0,	199.532,			2.757,			0.257,			0.051
813,	2,	217.0,	199.879,			14.965,			1.138,			0.152
814,	2,	234.0,	200.111,			13.979,			1.181,			0.148
815,	1,	7.0,	200.421,			1.367,			0.124,			0.052
816,	1,	10.0,	200.972,			1.828,			0.202,			0.06
817,	1,	44.0,	201.18,			2.318,			0.268,			0.055
818,	1,	10.0,	201.721,			1.307,			0.268,			0.05
819,	1,	59.0,	201.952,			2.151,			0.106,			0.057
820,	1,	7.0,	202.005,			1.631,			0.245,			0.059
821,	1,	95.0,	202.265,			2.943,			0.109,			0.053
822,	1,	30.0,	202.351,			2.669,			0.244,			0.055
823,	1,	10.0,	202.394,			1.597,			0.212,			0.056
824,	2,	109.0,	202.552,			12.15,			1.367,			0.172
825,	1,	13.0,	203.027,			2.976,			0.134,			0.056
826,	1,	7.0,	203.168,			1.024,			0.17,			0.051
827,	1,	447.0,	203.272,			2.076,			0.154,			0.051
828,	1,	126.0,	203.305,			1.215,			0.294,			0.059
829,	1,	7.0,	203.587,			1.188,			0.28,			0.052
830,	1,	44.0,	204.147,			2.976,			0.269,			0.053
831,	2,	30.0,	204.427,			11.12,			1.261,			0.151
832,	1,	120.0,	204.482,			1.148,			0.227,			0.053
833,	1,	103.0,	204.592,			1.968,			0.291,			0.058
834,	1,	30.0,	204.601,			1.009,			0.222,			0.059
835,	1,	7.0,	204.974,			1.305,			0.125,			0.055
836,	1,	157.0,	205.207,			1.247,			0.275,			0.053
837,	1,	169.0,	205.292,			1.203,			0.122,			0.052
838,	1,	169.0,	205.316,			2.87,			0.266,			0.052
839,	1,	559.0,	205.405,			2.885,			0.197,			0.051
840,	1,	387.0,	205.918,			2.176,			0.283,			0.056
841,	1,	157.0,	206.194,			2.984,			0.17,			0.058
842,	2,	171.0,	206.31,			14.005,			1.373,			0.13
843,	1,	49.0,	206.372,			2.627,			0.101,			0.058
844,	1,	16.0,	207.136,			2.947,			0.243,			0.051
845,	2,	138.0,	208.044,			12.546,			1.083,			0.119
846,	1,	559.0,	208.601,			1.188,			0.179,			0.058
847,	1,	44.0,	208.932,			1.111,			0.137,			0.056
848,	1,	6.0,	208.948,			2.03,			0.226,			0.054
849,	1,	559.0,	209.223,			1.262,			0.221,			0.057
850,	2,	168.0,	209.23,			12.214,			1.191,			0.134
851,	1,	447.0,	209.522,			2.968,			0.142,			0.06
852,	1,	103.0,	209.549,			1.984,			0.242,			0.057
853,	1,	157.0,	209.922,			2.219,			0.29,			0.051
854,	2,	81.0,	210.253,			13.439,			1.442,			0.171
855,	1,	559.0,	210.267,			1.241,			0.113,			0.06
856,	1,	169.0,	210.289,			1.494,			0.279,			0.057
857,	1,	169.0,	210.583,			2.753,			0.228,			0.056
858,	1,	16.0,	210.627,			1.27,			0.138,			0.051
859,	1,	44.0,	210.738,			2.284,			0.292,			0.055
860,	1,	169.0,	210.896,			1.491,			0.258,			0.052
861,	1,	559.0,	211.125,			1.643,			0.26,			0.06
862,	2,	261.0,	211.211,			14.842,			1.137,			0.135
863,	2,	162.0,	211.481,			14.649,			1.294,			0.133
864,	1,	498.0,	211.802,			1.3,			0.21,			0.052
865,	2,	198.0,	212.215,			10.659,			1.089,			0.172
866,	1,	447.0,	212.415,			2.893,			0.158,			0.053
867,	1,	126.0,	212.611,			1.933,			0.146,			0.052
868,	1,	447.0,	213.471,			2.914,			0.217,			0.051
869,	2,	71.0,	213.765,			13.137,			1.082,			0.174
870,	1,	6.0,	214.252,			1.07,			0.258,			0.054
871,	2,	172.0,	214.305,			10.15,			1.056,			0.185
872,	2,	95.0,	215.459,			12.315,			1.231,			0.151
873,	1,	120.0,	216.022,			1.362,			0.132,			0.052
874,	1,	498.0,	216.403,			1.681,			0.132,			0.053
875,	1,	10.0,	216.98,			1.523,			0.224,			0.06
876,	2,	75.0,	217.375,			11.433,			1.091,			0.173
877,	1,	44.0,	217.545,			2.492,			0.289,			0.055
878,	1,	7.0,	217.643,			2.43,			0.284,			0.059
879,	1,	59.0,	217.955,			1.968,			0.121,			0.059
880,	1,	90.0,	217.999,			1.104,			0.202,			0.053
881,	2,	125.0,	218.5,			10.476,			1.227,			0.177
882,	1,	59.0,	218.872,			2.69,			0.195,			0.054
883,	1,	120.0,	219.599,			2.618,			0.133,			0.057
884,	1,	214.0,	220.43,			2.429,			0.137,			0.054
885,	2,	167.0,	220.724,			11.884,			1.39,			0.122
886,	1,	447.0,	221.568,			2.628,			0.249,			0.051
887,	2,	133.0,	222.04,			12.661,			1.102,			0.137
888,	1,	44.0,	222.084,			1.031,			0.278,			0.055
889,	1,	7.0,	222.189,			1.425,			0.263,			0.054
890,	1,	28.0,	222.74,			1.542,			0.109,			0.06
891,	1,	10.0,	223.023,			1.596,			0.28,			0.052
892,	1,	214.0,	223.031,			2.651,			0.114,			0.057
893,	1,	6.0,	223.29,			2.415,			0.238,			0.055
894,	1,	59.0,	223.552,			1.403,			0.202,			0.057
895,	1,	498.0,	223.942,			2.446,			0.298,			0.056
896,	1,	6.0,	224.074,			2.789,			0.158,			0.053
897,	1,	103.0,	224.184,			1.095,			0.227,			0.059
898,	1,	49.0,	224.56,			2.427,			0.289,			0.057
899,	1,	6.0,	224.866,			1.561,			0.167,			0.052
900,	1,	6.0,	225.149,			2.031,			0.137,			0.058
901,	1,	90.0,	225.787,			2.582,			0.202,			0.052
902,	1,	214.0,	225.898,			1.203,			0.132,			0.057
903,	1,	59.0,	226.335,			2.691,			0.206,			0.055
904,	1,	7.0,	227.124,			1.304,			0.244,			0.058
905,	2,	177.0,	227.356,			12.286,			1.479,			0.197
906,	1,	49.0,	227.456,			1.581,			0.142,			0.055
907,	1,	95.0,	227.551,			2.288,			0.133,			0.056
908,	2,	222.0,	227.656,			12.728,			1.096,			0.101
909,	1,	6.0,	227.893,			2.802,			0.293,			0.057
910,	1,	169.0,	228.188,			1.358,			0.117,			0.058
911,	1,	49.0,	229.413,			1.45,			0.161,			0.054
912,	1,	126.0,	229.509,			2.956,			0.22,			0.053
913,	1,	447.0,	232.351,			1.279,			0.295,			0.051
914,	1,	146.0,	232.414,			1.247,			0.208,			0.056
915,	1,	126.0,	233.563,			2.872,			0.279,			0.052
916,	1,	126.0,	234.105,			1.35,			0.286,			0.055
917,	2,	225.0,	234.448,			12.145,			1.087,			0.139
918,	2,	136.0,	235.002,			12.125,			1.135,			0.134
919,	2,	201.0,	235.494,			13.941,			1.486,			0.149
920,	1,	95.0,	235.577,			1.942,			0.195,			0.059
921,	1,	103.0,	235.732,			1.432,			0.123,			0.057
922,	2,	225.0,	236.203,			12.144,			1.416,			0.198
923,	1,	10.0,	236.53,			2.41,			0.209,			0.058
924,	1,	157.0,	236.787,			2.11,			0.24,			0.057
925,	1,	157.0,	238.175,			2.025,			0.228,			0.055
926,	1,	59.0,	239.048,			2.612,			0.135,			0.055
927,	2,	103.0,	239.105,			10.782,			1.349,			0.2
928,	2,	149.0,	240.19,			10.756,			1.259,			0.107
929,	1,	447.0,	240.395,			1.111,			0.231,			0.054
930,	2,	201.0,	240.477,			11.81,			1.244,			0.145
931,	1,	30.0,	240.602,			2.866,			0.277,			0.057
932,	1,	7.0,	240.701,			1.024,			0.249,			0.051
933,	1,	30.0,	241.673,			1.3,			0.253,			0.054
934,	1,	498.0,	242.16,			1.188,			0.121,			0.051
935,	1,	16.0,	242.22,			1.67,			0.193,			0.053
936,	1,	146.0,	242.776,			2.074,			0.137,			0.057
937,	1,	6.0,	243.778,			1.535,			0.134,			0.057
938,	1,	44.0,	243.806,			2.487,			0.133,			0.056
939,	2,	192.0,	244.372,			10.837,			1.207,			0.173
940,	2,	176.0,	244.431,			11.666,			1.212,			0.106
941,	1,	6.0,	244.494,			2.813,			0.277,			0.052
942,	1,	169.0,	244.624,			2.796,			0.195,			0.053
943,	2,	191.0,	245.778,			14.154,			1.008,			0.15
944,	1,	59.0,	246.119,			1.566,			0.241,			0.054
945,	1,	146.0,	247.026,			2.567,			0.211,			0.056
946,	2,	136.0,	247.317,			10.758,			1.213,			0.132
947,	2,	122.0,	247.349,			14.914,			1.124,			0.156
948,	2,	267.0,	247.839,			12.971,			1.031,			0.19
949,	1,	28.0,	248.334,			2.314,			0.298,			0.057
950,	1,	44.0,	248.662,			2.249,			0.214,			0.06
951,	2,	166.0,	248.777,			14.099,			1.416,			0.122
952,	2,	130.0,	248.876,			12.144,			1.361,			0.187
953,	2,	110.0,	250.222,			12.537,			1.36,			0.196
954,	1,	7.0,	250.253,			1.08,			0.166,			0.055
955,	2,	264.0,	252.442,			11.153,			1.086,			0.158
956,	2,	200.0,	253.931,			12.191,			1.381,			0.16
957,	2,	106.0,	254.646,			10.621,			1.457,			0.177
958,	1,	559.0,	255.846,			1.061,			0.109,			0.059
959,	1,	28.0,	256.658,			1.679,			0.171,			0.057
960,	1,	7.0,	256.785,			1.662,			0.277,			0.057
961,	2,	258.0,	258.202,			10.651,			1.294,			0.129
962,	1,	559.0,	259.116,			2.702,			0.299,			0.052
963,	1,	13.0,	259.827,			2.9,			0.26,			0.057
964,	2,	106.0,	260.418,			12.434,			1.313,			0.125
965,	1,	379.0,	262.589,			1.302,			0.178,			0.055
966,	1,	103.0,	263.436,			2.408,			0.192,			0.05
967,	1,	49.0,	264.241,			1.031,			0.165,			0.059
968,	2,	99.0,	264.851,			11.99,			1.286,			0.122
969,	1,	59.0,	265.25,			2.969,			0.257,			0.059
970,	2,	195.0,	266.137,			14.653,			1.321,			0.101
971,	1,	13.0,	266.445,			2.522,			0.193,			0.06
972,	2,	210.0,	267.193,			10.397,			1.362,			0.135
973,	1,	95.0,	268.051,			2.132,			0.16,			0.054
974,	1,	44.0,	268.138,			2.628,			0.107,			0.054
975,	1,	90.0,	268.19,			1.805,			0.148,			0.059
976,	2,	239.0,	268.594,			10.16,			1.05,			0.103
977,	2,	69.0,	268.69,			14.722,			1.124,			0.198
978,	1,	30.0,	269.537,			1.283,			0.276,			0.059
979,	1,	7.0,	269.974,			2.799,			0.21,			0.059
980,	1,	28.0,	272.9,			1.692,			0.216,			0.055
981,	2,	83.0,	274.963,			13.528,			1.385,			0.156
982,	2,	238.0,	275.204,			14.36,			1.388,			0.173
983,	2,	157.0,	275.232,			10.721,			1.216,			0.197
984,	2,	234.0,	277.723,			11.302,			1.385,			0.148
985,	1,	95.0,	278.304,			1.968,			0.226,			0.056
986,	2,	162.0,	279.78,			11.423,			1.226,			0.177
987,	1,	7.0,	280.163,			2.717,			0.207,			0.05
988,	2,	154.0,	280.343,			12.893,			1.155,			0.195
989,	2,	54.0,	282.147,			13.061,			1.361,			0.191
990,	2,	210.0,	288.128,			13.761,			1.115,			0.123
991,	1,	6.0,	288.636,			1.609,			0.22,			0.052
992,	2,	250.0,	290.375,			10.769,			1.389,			0.178
993,	2,	103.0,	294.296,			11.553,			1.012,			0.13
994,	2,	214.0,	294.877,			10.415,			1.075,			0.132
995,	2,	171.0,	296.143,			14.511,			1.065,			0.171
996,	2,	249.0,	296.408,			13.86,			1.252,			0.165
997,	2,	59.0,	296.993,			12.15,			1.229,			0.134
998,	2,	75.0,	297.506,			13.129,			1.412,			0.154
999,	2,	114.0,	298.565,			10.016,			1.104,			0.141
1000,	1,	6.0,	300.0,			1.722,			0.277,			0.057
