#, task_type_id, size, arrival_time,	execution_time_cpu,	execution_time_gpu,	execution_time_CLOUD
1,	1,	6.0,	0.0,			2.404,			0.107,			0.052
2,	2,	280.0,	0.265,			13.007,			1.326,			0.164
3,	2,	176.0,	6.945,			14.067,			1.389,			0.189
4,	1,	103.0,	7.681,			2.35,			0.146,			0.05
5,	2,	175.0,	7.862,			10.595,			1.092,			0.122
6,	1,	6.0,	8.324,			2.102,			0.257,			0.052
7,	2,	190.0,	12.047,			12.107,			1.44,			0.151
8,	2,	151.0,	12.284,			11.19,			1.12,			0.127
9,	2,	122.0,	12.912,			10.826,			1.241,			0.122
10,	2,	225.0,	13.111,			11.696,			1.399,			0.151
11,	2,	168.0,	13.512,			14.249,			1.086,			0.185
12,	2,	113.0,	13.578,			11.134,			1.285,			0.178
13,	2,	112.0,	14.571,			13.399,			1.499,			0.107
14,	2,	122.0,	16.299,			11.598,			1.488,			0.122
15,	2,	169.0,	19.064,			10.099,			1.418,			0.113
16,	2,	177.0,	19.093,			14.705,			1.374,			0.145
17,	1,	49.0,	20.775,			1.269,			0.123,			0.057
18,	1,	214.0,	22.912,			2.398,			0.111,			0.052
19,	2,	155.0,	22.999,			11.842,			1.065,			0.199
20,	2,	73.0,	23.06,			10.78,			1.306,			0.122
21,	2,	127.0,	23.093,			11.649,			1.426,			0.121
22,	1,	49.0,	23.705,			2.385,			0.116,			0.057
23,	2,	59.0,	24.436,			12.346,			1.205,			0.179
24,	2,	221.0,	24.968,			12.648,			1.494,			0.185
25,	2,	251.0,	27.924,			13.921,			1.495,			0.195
26,	2,	26.0,	28.802,			12.375,			1.187,			0.134
27,	2,	198.0,	28.858,			13.111,			1.084,			0.175
28,	1,	7.0,	31.275,			1.03,			0.15,			0.056
29,	1,	10.0,	31.722,			2.232,			0.151,			0.05
30,	2,	131.0,	32.322,			13.349,			1.264,			0.16
31,	2,	136.0,	33.139,			12.275,			1.116,			0.164
32,	2,	88.0,	35.716,			10.977,			1.222,			0.114
33,	2,	76.0,	36.127,			10.01,			1.114,			0.147
34,	1,	7.0,	40.75,			2.974,			0.18,			0.054
35,	2,	136.0,	41.901,			12.386,			1.28,			0.158
36,	1,	6.0,	42.858,			2.273,			0.259,			0.053
37,	2,	131.0,	43.294,			11.71,			1.036,			0.17
38,	1,	7.0,	43.991,			2.232,			0.146,			0.058
39,	2,	205.0,	46.19,			11.027,			1.03,			0.155
40,	1,	7.0,	48.025,			2.757,			0.103,			0.058
41,	1,	30.0,	48.277,			2.407,			0.217,			0.053
42,	2,	195.0,	49.076,			13.622,			1.389,			0.145
43,	1,	146.0,	49.395,			2.52,			0.101,			0.057
44,	1,	90.0,	49.817,			1.091,			0.289,			0.052
45,	1,	120.0,	51.602,			1.16,			0.145,			0.057
46,	1,	6.0,	53.232,			1.679,			0.215,			0.056
47,	1,	214.0,	54.176,			1.485,			0.17,			0.051
48,	2,	309.0,	55.376,			10.16,			1.219,			0.179
49,	2,	58.0,	57.299,			11.459,			1.177,			0.107
50,	1,	13.0,	57.526,			2.232,			0.238,			0.051
51,	1,	7.0,	57.652,			2.249,			0.131,			0.054
52,	1,	146.0,	57.938,			1.908,			0.206,			0.05
53,	2,	98.0,	58.445,			12.165,			1.46,			0.137
54,	1,	126.0,	59.222,			2.412,			0.294,			0.058
55,	2,	131.0,	60.114,			14.509,			1.253,			0.139
56,	2,	192.0,	60.228,			11.707,			1.264,			0.16
57,	2,	203.0,	60.386,			11.994,			1.273,			0.169
58,	1,	49.0,	60.67,			2.096,			0.237,			0.06
59,	1,	90.0,	61.843,			2.991,			0.111,			0.053
60,	1,	7.0,	62.479,			1.402,			0.224,			0.055
61,	2,	219.0,	62.854,			12.649,			1.495,			0.131
62,	2,	75.0,	62.967,			13.737,			1.25,			0.13
63,	1,	7.0,	63.011,			1.173,			0.244,			0.053
64,	2,	127.0,	63.415,			11.793,			1.016,			0.101
65,	1,	90.0,	63.594,			2.601,			0.267,			0.051
66,	2,	119.0,	64.661,			11.317,			1.368,			0.105
67,	1,	30.0,	65.339,			1.45,			0.258,			0.057
68,	2,	119.0,	65.894,			14.283,			1.288,			0.117
69,	1,	103.0,	66.399,			1.018,			0.152,			0.054
70,	2,	147.0,	66.803,			11.392,			1.084,			0.195
71,	1,	126.0,	66.838,			2.103,			0.169,			0.055
72,	2,	138.0,	67.193,			12.588,			1.255,			0.126
73,	1,	16.0,	67.759,			1.637,			0.284,			0.053
74,	2,	257.0,	67.938,			11.202,			1.498,			0.106
75,	1,	7.0,	68.2,			2.847,			0.148,			0.056
76,	1,	387.0,	68.375,			1.126,			0.217,			0.057
77,	1,	157.0,	68.438,			1.416,			0.28,			0.055
78,	2,	72.0,	68.6,			14.931,			1.188,			0.168
79,	1,	498.0,	68.665,			1.828,			0.108,			0.054
80,	1,	379.0,	68.821,			1.256,			0.215,			0.051
81,	2,	186.0,	68.974,			10.584,			1.089,			0.175
82,	1,	146.0,	71.34,			1.431,			0.171,			0.059
83,	1,	512.0,	71.395,			1.566,			0.142,			0.057
84,	1,	16.0,	71.695,			1.014,			0.119,			0.053
85,	1,	498.0,	72.193,			2.779,			0.297,			0.058
86,	1,	59.0,	72.422,			1.681,			0.157,			0.057
87,	1,	559.0,	72.671,			2.588,			0.156,			0.052
88,	1,	214.0,	73.103,			1.211,			0.208,			0.052
89,	1,	95.0,	73.389,			2.273,			0.22,			0.06
90,	1,	90.0,	73.55,			1.473,			0.217,			0.059
91,	1,	7.0,	73.91,			2.91,			0.224,			0.058
92,	1,	13.0,	74.298,			2.345,			0.221,			0.052
93,	1,	120.0,	74.399,			1.243,			0.185,			0.056
94,	1,	30.0,	74.84,			2.051,			0.245,			0.05
95,	2,	181.0,	75.238,			12.815,			1.292,			0.124
96,	1,	95.0,	75.257,			2.076,			0.173,			0.059
97,	2,	130.0,	76.243,			13.535,			1.275,			0.198
98,	1,	10.0,	76.3,			1.625,			0.243,			0.058
99,	1,	447.0,	76.469,			1.504,			0.221,			0.056
100,	1,	44.0,	76.56,			2.885,			0.245,			0.06
101,	1,	95.0,	77.326,			1.051,			0.2,			0.054
102,	1,	44.0,	77.338,			1.69,			0.211,			0.06
103,	1,	16.0,	77.474,			1.45,			0.22,			0.051
104,	1,	126.0,	77.668,			2.936,			0.158,			0.055
105,	2,	132.0,	78.127,			14.249,			1.332,			0.151
106,	2,	113.0,	78.369,			10.686,			1.443,			0.181
107,	1,	120.0,	78.539,			1.009,			0.175,			0.052
108,	1,	7.0,	78.933,			1.146,			0.162,			0.053
109,	1,	6.0,	79.006,			1.245,			0.291,			0.053
110,	1,	447.0,	80.006,			1.605,			0.161,			0.05
111,	1,	10.0,	80.53,			2.844,			0.14,			0.052
112,	1,	95.0,	80.606,			2.631,			0.151,			0.053
113,	1,	59.0,	80.938,			1.505,			0.209,			0.057
114,	1,	214.0,	81.431,			1.146,			0.24,			0.058
115,	1,	7.0,	81.903,			1.433,			0.273,			0.057
116,	1,	7.0,	82.065,			1.509,			0.222,			0.054
117,	2,	264.0,	82.152,			12.328,			1.457,			0.111
118,	1,	6.0,	83.326,			2.2,			0.244,			0.051
119,	1,	512.0,	83.359,			2.087,			0.15,			0.054
120,	1,	6.0,	83.486,			2.037,			0.284,			0.054
121,	2,	198.0,	84.596,			14.204,			1.202,			0.182
122,	1,	30.0,	85.255,			1.653,			0.131,			0.05
123,	1,	447.0,	85.409,			2.388,			0.174,			0.057
124,	1,	90.0,	85.715,			2.378,			0.151,			0.055
125,	1,	6.0,	85.829,			1.843,			0.285,			0.059
126,	1,	379.0,	85.925,			1.719,			0.224,			0.051
127,	1,	103.0,	85.991,			2.684,			0.272,			0.057
128,	1,	447.0,	86.515,			1.988,			0.297,			0.052
129,	1,	6.0,	86.719,			2.857,			0.138,			0.053
130,	1,	559.0,	87.083,			1.247,			0.278,			0.052
131,	1,	6.0,	87.981,			1.683,			0.237,			0.055
132,	1,	7.0,	88.156,			1.433,			0.275,			0.056
133,	1,	120.0,	88.158,			1.969,			0.134,			0.053
134,	1,	7.0,	88.379,			2.799,			0.119,			0.05
135,	1,	146.0,	88.554,			1.031,			0.133,			0.052
136,	1,	498.0,	88.575,			1.663,			0.251,			0.052
137,	1,	387.0,	89.119,			1.613,			0.13,			0.057
138,	1,	559.0,	89.535,			2.269,			0.217,			0.059
139,	1,	387.0,	89.612,			2.438,			0.216,			0.06
140,	2,	154.0,	90.032,			13.299,			1.177,			0.137
141,	1,	16.0,	90.048,			1.592,			0.268,			0.051
142,	1,	59.0,	90.12,			1.878,			0.249,			0.051
143,	1,	6.0,	90.66,			1.071,			0.101,			0.05
144,	1,	498.0,	90.666,			1.296,			0.21,			0.055
145,	1,	95.0,	91.48,			2.103,			0.117,			0.056
146,	1,	7.0,	91.762,			1.843,			0.167,			0.059
147,	1,	90.0,	91.77,			2.293,			0.196,			0.058
148,	1,	103.0,	92.298,			2.293,			0.292,			0.059
149,	2,	136.0,	92.943,			11.19,			1.029,			0.161
150,	1,	13.0,	92.955,			2.22,			0.123,			0.06
151,	1,	7.0,	93.219,			1.403,			0.137,			0.055
152,	1,	387.0,	93.243,			2.565,			0.111,			0.051
153,	1,	30.0,	93.344,			2.565,			0.272,			0.053
154,	1,	498.0,	93.715,			1.213,			0.214,			0.058
155,	1,	44.0,	93.734,			2.143,			0.247,			0.051
156,	1,	126.0,	93.775,			2.776,			0.184,			0.059
157,	1,	7.0,	93.839,			1.774,			0.296,			0.052
158,	1,	214.0,	93.951,			2.596,			0.277,			0.06
159,	1,	7.0,	94.825,			2.554,			0.182,			0.059
160,	1,	103.0,	94.84,			1.524,			0.15,			0.051
161,	1,	512.0,	95.029,			2.08,			0.135,			0.053
162,	1,	120.0,	95.134,			1.431,			0.134,			0.06
163,	1,	49.0,	95.722,			2.914,			0.237,			0.054
164,	1,	28.0,	95.766,			1.215,			0.283,			0.054
165,	1,	7.0,	96.11,			2.18,			0.214,			0.051
166,	1,	16.0,	96.571,			1.126,			0.281,			0.054
167,	2,	163.0,	96.591,			13.329,			1.012,			0.133
168,	1,	7.0,	96.973,			1.833,			0.269,			0.055
169,	1,	7.0,	97.079,			1.768,			0.225,			0.052
170,	1,	13.0,	97.452,			1.684,			0.189,			0.057
171,	1,	49.0,	97.834,			1.633,			0.124,			0.055
172,	2,	92.0,	97.835,			14.162,			1.243,			0.18
173,	1,	6.0,	98.216,			2.797,			0.109,			0.055
174,	1,	6.0,	98.289,			2.169,			0.27,			0.059
175,	1,	7.0,	98.441,			2.388,			0.294,			0.051
176,	1,	6.0,	98.447,			2.398,			0.144,			0.052
177,	1,	157.0,	98.548,			1.679,			0.215,			0.053
178,	1,	559.0,	98.694,			2.846,			0.257,			0.051
179,	1,	7.0,	98.882,			1.035,			0.241,			0.057
180,	1,	49.0,	98.951,			2.096,			0.214,			0.055
181,	1,	157.0,	99.06,			1.67,			0.136,			0.056
182,	1,	379.0,	99.163,			2.569,			0.117,			0.059
183,	1,	16.0,	99.183,			1.72,			0.297,			0.051
184,	2,	242.0,	99.427,			12.955,			1.064,			0.141
185,	1,	95.0,	99.605,			2.832,			0.239,			0.06
186,	1,	16.0,	99.701,			2.939,			0.204,			0.056
187,	1,	157.0,	99.82,			1.933,			0.233,			0.052
188,	1,	214.0,	100.349,			1.653,			0.137,			0.053
189,	1,	6.0,	100.623,			2.638,			0.224,			0.059
190,	1,	169.0,	100.903,			1.722,			0.298,			0.056
191,	1,	30.0,	101.086,			2.055,			0.172,			0.052
192,	1,	447.0,	101.101,			1.473,			0.256,			0.058
193,	1,	90.0,	101.316,			1.356,			0.254,			0.055
194,	1,	16.0,	101.378,			1.006,			0.147,			0.058
195,	1,	90.0,	101.625,			2.968,			0.292,			0.052
196,	2,	112.0,	101.725,			12.383,			1.147,			0.118
197,	1,	7.0,	101.773,			1.13,			0.159,			0.053
198,	2,	112.0,	101.931,			13.456,			1.25,			0.196
199,	1,	169.0,	101.947,			1.478,			0.168,			0.058
200,	1,	7.0,	101.988,			2.123,			0.206,			0.05
201,	1,	387.0,	102.465,			2.047,			0.27,			0.057
202,	1,	13.0,	102.497,			2.404,			0.168,			0.054
203,	1,	103.0,	102.627,			1.247,			0.164,			0.054
204,	1,	6.0,	102.629,			2.025,			0.223,			0.051
205,	2,	237.0,	102.75,			12.144,			1.075,			0.167
206,	1,	559.0,	102.962,			2.314,			0.133,			0.059
207,	1,	103.0,	103.11,			1.933,			0.259,			0.058
208,	2,	243.0,	103.478,			10.952,			1.326,			0.181
209,	1,	7.0,	103.693,			2.866,			0.289,			0.06
210,	1,	59.0,	104.397,			1.588,			0.295,			0.053
211,	1,	90.0,	104.849,			2.844,			0.277,			0.055
212,	1,	49.0,	104.966,			1.188,			0.217,			0.055
213,	1,	447.0,	105.032,			1.972,			0.12,			0.057
214,	1,	16.0,	105.091,			1.996,			0.114,			0.052
215,	2,	162.0,	105.244,			10.978,			1.127,			0.195
216,	1,	126.0,	105.268,			2.057,			0.279,			0.055
217,	1,	6.0,	105.39,			1.835,			0.25,			0.058
218,	1,	7.0,	105.542,			1.483,			0.294,			0.059
219,	2,	108.0,	105.606,			12.976,			1.302,			0.157
220,	1,	447.0,	105.65,			2.567,			0.242,			0.056
221,	2,	176.0,	106.015,			11.237,			1.187,			0.161
222,	1,	49.0,	106.025,			2.753,			0.257,			0.053
223,	2,	159.0,	106.09,			12.214,			1.222,			0.157
224,	1,	6.0,	106.455,			1.913,			0.251,			0.054
225,	1,	7.0,	107.273,			2.846,			0.17,			0.057
226,	1,	7.0,	107.297,			1.81,			0.251,			0.058
227,	1,	7.0,	107.456,			1.485,			0.1,			0.059
228,	1,	6.0,	107.971,			1.166,			0.129,			0.057
229,	1,	559.0,	108.023,			2.947,			0.27,			0.051
230,	1,	13.0,	108.435,			2.706,			0.234,			0.056
231,	1,	214.0,	108.441,			1.27,			0.142,			0.051
232,	1,	49.0,	108.499,			1.523,			0.22,			0.057
233,	1,	7.0,	108.579,			1.4,			0.292,			0.054
234,	1,	7.0,	109.012,			1.111,			0.298,			0.052
235,	1,	13.0,	109.278,			1.121,			0.119,			0.051
236,	1,	126.0,	109.384,			2.903,			0.132,			0.051
237,	2,	226.0,	109.657,			10.339,			1.398,			0.137
238,	1,	90.0,	109.803,			1.681,			0.199,			0.056
239,	1,	49.0,	109.81,			1.496,			0.182,			0.057
240,	1,	16.0,	110.061,			2.2,			0.172,			0.059
241,	1,	146.0,	110.242,			2.366,			0.116,			0.051
242,	2,	102.0,	110.841,			13.297,			1.477,			0.172
243,	2,	151.0,	110.841,			14.366,			1.457,			0.145
244,	1,	16.0,	111.585,			2.187,			0.119,			0.055
245,	1,	44.0,	111.738,			2.074,			0.149,			0.056
246,	1,	6.0,	112.27,			2.414,			0.156,			0.05
247,	1,	7.0,	112.322,			1.316,			0.297,			0.057
248,	1,	103.0,	112.507,			1.188,			0.212,			0.058
249,	1,	387.0,	112.631,			1.928,			0.292,			0.058
250,	1,	7.0,	112.938,			1.784,			0.109,			0.056
251,	1,	146.0,	112.961,			1.645,			0.11,			0.058
252,	2,	153.0,	113.244,			12.57,			1.47,			0.195
253,	2,	102.0,	113.533,			12.112,			1.347,			0.181
254,	1,	7.0,	113.547,			2.138,			0.197,			0.058
255,	2,	149.0,	113.555,			10.697,			1.42,			0.168
256,	1,	512.0,	113.748,			1.774,			0.278,			0.054
257,	1,	7.0,	114.653,			1.134,			0.183,			0.053
258,	1,	95.0,	114.734,			1.715,			0.108,			0.057
259,	2,	68.0,	114.753,			11.433,			1.389,			0.106
260,	1,	559.0,	114.817,			2.144,			0.125,			0.052
261,	1,	28.0,	114.878,			1.732,			0.252,			0.051
262,	2,	200.0,	114.888,			10.38,			1.201,			0.188
263,	1,	6.0,	115.07,			2.486,			0.221,			0.057
264,	1,	447.0,	115.094,			1.334,			0.206,			0.06
265,	1,	387.0,	115.125,			1.103,			0.287,			0.052
266,	1,	126.0,	115.315,			1.45,			0.23,			0.052
267,	1,	95.0,	115.868,			1.051,			0.182,			0.052
268,	1,	447.0,	116.37,			1.424,			0.16,			0.05
269,	1,	214.0,	116.414,			1.784,			0.176,			0.051
270,	1,	59.0,	116.424,			1.84,			0.161,			0.056
271,	1,	59.0,	116.653,			1.988,			0.263,			0.054
272,	1,	13.0,	116.712,			1.683,			0.207,			0.059
273,	2,	55.0,	116.861,			10.527,			1.056,			0.109
274,	1,	126.0,	116.994,			2.945,			0.149,			0.056
275,	1,	28.0,	117.052,			2.454,			0.254,			0.053
276,	1,	447.0,	117.102,			1.414,			0.186,			0.056
277,	1,	44.0,	117.323,			2.084,			0.111,			0.058
278,	1,	498.0,	117.565,			2.438,			0.147,			0.055
279,	1,	157.0,	117.969,			2.976,			0.298,			0.057
280,	2,	323.0,	117.995,			12.296,			1.249,			0.131
281,	1,	16.0,	118.002,			1.075,			0.236,			0.055
282,	2,	90.0,	118.103,			14.064,			1.356,			0.139
283,	1,	146.0,	118.352,			2.318,			0.141,			0.056
284,	1,	6.0,	118.671,			2.055,			0.189,			0.058
285,	1,	214.0,	119.465,			2.298,			0.106,			0.055
286,	1,	559.0,	119.631,			1.631,			0.288,			0.058
287,	1,	387.0,	119.687,			1.128,			0.155,			0.06
288,	1,	103.0,	119.691,			1.927,			0.175,			0.051
289,	1,	90.0,	119.922,			2.9,			0.192,			0.056
290,	1,	95.0,	120.076,			2.226,			0.144,			0.05
291,	1,	157.0,	120.353,			1.654,			0.236,			0.055
292,	1,	90.0,	120.398,			1.096,			0.184,			0.053
293,	1,	44.0,	120.578,			1.3,			0.242,			0.051
294,	1,	44.0,	120.674,			2.675,			0.252,			0.053
295,	1,	169.0,	120.739,			1.256,			0.119,			0.056
296,	2,	141.0,	120.772,			14.087,			1.013,			0.167
297,	1,	49.0,	120.855,			1.844,			0.297,			0.054
298,	1,	498.0,	120.856,			2.014,			0.113,			0.051
299,	1,	6.0,	120.947,			1.489,			0.225,			0.053
300,	1,	7.0,	121.087,			2.565,			0.178,			0.059
301,	1,	7.0,	121.095,			2.509,			0.237,			0.058
302,	2,	124.0,	121.23,			11.228,			1.029,			0.119
303,	1,	512.0,	121.281,			1.485,			0.265,			0.05
304,	1,	387.0,	121.302,			1.025,			0.108,			0.06
305,	2,	173.0,	121.611,			11.22,			1.377,			0.137
306,	1,	59.0,	121.849,			1.702,			0.173,			0.054
307,	1,	146.0,	121.988,			1.609,			0.279,			0.054
308,	1,	103.0,	122.085,			2.487,			0.2,			0.06
309,	1,	13.0,	122.097,			2.449,			0.232,			0.059
310,	1,	512.0,	122.13,			1.473,			0.145,			0.055
311,	1,	387.0,	122.18,			1.048,			0.229,			0.051
312,	1,	146.0,	122.197,			1.103,			0.133,			0.057
313,	1,	30.0,	122.223,			1.601,			0.202,			0.053
314,	1,	498.0,	122.335,			2.223,			0.2,			0.052
315,	1,	103.0,	122.532,			1.266,			0.109,			0.06
316,	2,	131.0,	123.276,			12.835,			1.03,			0.166
317,	1,	498.0,	123.489,			1.807,			0.183,			0.053
318,	1,	28.0,	123.518,			1.861,			0.208,			0.051
319,	1,	387.0,	123.751,			2.618,			0.279,			0.057
320,	1,	103.0,	124.008,			2.623,			0.15,			0.053
321,	1,	379.0,	124.065,			2.622,			0.19,			0.053
322,	1,	95.0,	124.325,			1.169,			0.293,			0.052
323,	2,	135.0,	124.624,			13.162,			1.194,			0.107
324,	2,	150.0,	125.026,			11.202,			1.453,			0.179
325,	1,	95.0,	125.207,			2.695,			0.222,			0.059
326,	1,	6.0,	125.651,			2.459,			0.254,			0.057
327,	1,	120.0,	125.679,			2.638,			0.117,			0.054
328,	1,	146.0,	125.964,			2.753,			0.112,			0.051
329,	1,	214.0,	125.972,			2.286,			0.258,			0.057
330,	1,	7.0,	126.033,			2.798,			0.171,			0.057
331,	2,	150.0,	126.18,			11.99,			1.051,			0.142
332,	1,	95.0,	126.835,			1.394,			0.129,			0.058
333,	2,	133.0,	127.042,			11.316,			1.32,			0.113
334,	1,	90.0,	127.162,			1.532,			0.167,			0.056
335,	1,	7.0,	127.259,			2.711,			0.295,			0.055
336,	1,	44.0,	127.522,			2.943,			0.267,			0.051
337,	1,	559.0,	127.558,			1.522,			0.227,			0.059
338,	1,	146.0,	127.612,			1.639,			0.194,			0.054
339,	1,	59.0,	127.736,			2.184,			0.198,			0.055
340,	1,	49.0,	127.754,			1.317,			0.231,			0.059
341,	2,	233.0,	127.849,			12.57,			1.493,			0.138
342,	2,	236.0,	127.905,			13.871,			1.224,			0.188
343,	1,	59.0,	127.948,			2.056,			0.13,			0.058
344,	1,	7.0,	128.886,			1.08,			0.185,			0.056
345,	1,	6.0,	129.573,			2.717,			0.164,			0.054
346,	1,	120.0,	129.754,			1.766,			0.189,			0.054
347,	1,	7.0,	129.779,			1.998,			0.253,			0.056
348,	1,	95.0,	129.871,			2.705,			0.288,			0.053
349,	1,	59.0,	129.99,			1.489,			0.192,			0.054
350,	1,	7.0,	130.016,			2.684,			0.292,			0.051
351,	1,	498.0,	130.042,			2.78,			0.29,			0.053
352,	1,	447.0,	130.044,			1.483,			0.113,			0.057
353,	1,	7.0,	130.133,			2.328,			0.272,			0.052
354,	1,	7.0,	130.305,			2.819,			0.292,			0.056
355,	1,	6.0,	130.523,			2.438,			0.281,			0.05
356,	1,	214.0,	130.551,			2.947,			0.107,			0.054
357,	1,	103.0,	130.628,			2.711,			0.247,			0.053
358,	1,	120.0,	130.663,			1.62,			0.19,			0.059
359,	1,	10.0,	130.936,			1.609,			0.195,			0.059
360,	1,	120.0,	131.544,			1.915,			0.244,			0.053
361,	1,	7.0,	131.572,			2.638,			0.239,			0.059
362,	1,	44.0,	131.647,			2.889,			0.239,			0.057
363,	1,	10.0,	131.736,			2.298,			0.175,			0.055
364,	1,	146.0,	131.809,			1.525,			0.136,			0.051
365,	1,	44.0,	131.942,			1.467,			0.115,			0.057
366,	1,	7.0,	131.97,			2.602,			0.295,			0.056
367,	1,	13.0,	132.133,			1.972,			0.221,			0.055
368,	1,	6.0,	132.364,			2.256,			0.21,			0.055
369,	1,	146.0,	133.113,			2.622,			0.277,			0.056
370,	2,	131.0,	133.173,			10.63,			1.249,			0.188
371,	2,	68.0,	133.304,			14.853,			1.206,			0.163
372,	1,	44.0,	133.353,			2.31,			0.27,			0.059
373,	1,	120.0,	133.792,			1.662,			0.267,			0.057
374,	1,	559.0,	134.044,			1.188,			0.233,			0.055
375,	2,	149.0,	134.133,			14.334,			1.351,			0.162
376,	1,	559.0,	134.178,			2.99,			0.287,			0.06
377,	1,	157.0,	134.305,			1.277,			0.177,			0.053
378,	1,	169.0,	134.391,			2.415,			0.279,			0.051
379,	1,	387.0,	134.465,			2.622,			0.146,			0.054
380,	1,	13.0,	134.653,			1.428,			0.217,			0.056
381,	1,	379.0,	134.736,			1.011,			0.222,			0.055
382,	1,	512.0,	135.131,			2.465,			0.223,			0.051
383,	1,	169.0,	135.243,			1.575,			0.288,			0.053
384,	1,	7.0,	135.26,			1.694,			0.29,			0.06
385,	1,	214.0,	135.445,			2.398,			0.288,			0.058
386,	1,	95.0,	135.904,			1.631,			0.197,			0.051
387,	1,	7.0,	136.272,			1.03,			0.241,			0.056
388,	1,	6.0,	136.511,			1.25,			0.241,			0.052
389,	1,	13.0,	136.714,			1.313,			0.279,			0.058
390,	2,	157.0,	137.045,			13.75,			1.286,			0.131
391,	1,	7.0,	137.137,			1.557,			0.256,			0.058
392,	1,	447.0,	137.151,			1.702,			0.283,			0.058
393,	1,	498.0,	137.244,			1.965,			0.202,			0.059
394,	1,	379.0,	137.253,			1.988,			0.123,			0.058
395,	1,	90.0,	137.284,			1.166,			0.107,			0.051
396,	1,	146.0,	137.333,			1.491,			0.233,			0.051
397,	1,	49.0,	137.523,			2.99,			0.296,			0.055
398,	1,	6.0,	137.678,			1.769,			0.185,			0.053
399,	1,	7.0,	138.014,			1.293,			0.211,			0.055
400,	2,	131.0,	138.015,			12.934,			1.196,			0.145
401,	1,	6.0,	138.195,			2.056,			0.205,			0.052
402,	2,	267.0,	138.309,			10.584,			1.374,			0.126
403,	1,	7.0,	138.344,			1.864,			0.139,			0.057
404,	1,	7.0,	138.414,			2.796,			0.297,			0.054
405,	1,	49.0,	138.448,			1.791,			0.268,			0.054
406,	1,	169.0,	138.563,			1.293,			0.254,			0.055
407,	1,	7.0,	138.593,			2.757,			0.222,			0.052
408,	1,	146.0,	138.697,			1.703,			0.116,			0.054
409,	1,	559.0,	138.708,			1.225,			0.22,			0.053
410,	2,	161.0,	138.955,			12.733,			1.01,			0.198
411,	1,	169.0,	139.123,			1.031,			0.268,			0.059
412,	1,	387.0,	139.333,			2.155,			0.28,			0.051
413,	1,	126.0,	139.369,			1.039,			0.241,			0.052
414,	1,	44.0,	139.489,			1.35,			0.296,			0.057
415,	1,	44.0,	139.571,			1.467,			0.253,			0.056
416,	1,	95.0,	139.588,			2.984,			0.253,			0.054
417,	1,	126.0,	139.624,			2.772,			0.135,			0.058
418,	1,	559.0,	139.699,			2.984,			0.216,			0.051
419,	1,	10.0,	139.75,			1.421,			0.166,			0.059
420,	1,	16.0,	139.897,			2.388,			0.238,			0.058
421,	1,	44.0,	139.906,			1.924,			0.136,			0.055
422,	1,	49.0,	140.004,			1.542,			0.157,			0.058
423,	2,	200.0,	140.064,			14.809,			1.49,			0.148
424,	1,	498.0,	140.135,			2.346,			0.16,			0.054
425,	2,	162.0,	140.322,			13.572,			1.171,			0.197
426,	1,	49.0,	140.357,			2.675,			0.289,			0.051
427,	1,	13.0,	140.433,			1.719,			0.229,			0.056
428,	1,	44.0,	140.657,			2.562,			0.299,			0.056
429,	1,	7.0,	140.913,			2.448,			0.202,			0.056
430,	1,	44.0,	140.949,			1.703,			0.299,			0.053
431,	1,	7.0,	140.968,			1.728,			0.217,			0.058
432,	1,	49.0,	140.987,			2.461,			0.286,			0.06
433,	1,	59.0,	141.118,			2.843,			0.171,			0.052
434,	1,	157.0,	141.159,			1.844,			0.252,			0.054
435,	1,	7.0,	141.167,			2.799,			0.268,			0.058
436,	1,	30.0,	141.657,			1.031,			0.282,			0.058
437,	1,	120.0,	141.682,			2.653,			0.14,			0.059
438,	1,	120.0,	141.786,			2.314,			0.156,			0.055
439,	1,	30.0,	141.834,			1.61,			0.141,			0.057
440,	1,	126.0,	142.246,			1.985,			0.221,			0.058
441,	2,	73.0,	142.491,			11.929,			1.224,			0.195
442,	1,	44.0,	142.507,			1.36,			0.107,			0.052
443,	1,	559.0,	142.511,			2.974,			0.237,			0.058
444,	1,	49.0,	142.512,			1.024,			0.166,			0.05
445,	1,	7.0,	142.714,			2.509,			0.174,			0.052
446,	1,	103.0,	142.825,			1.698,			0.113,			0.059
447,	2,	147.0,	142.923,			13.038,			1.308,			0.158
448,	1,	28.0,	143.258,			1.692,			0.135,			0.05
449,	1,	512.0,	143.453,			1.966,			0.248,			0.056
450,	1,	16.0,	143.524,			1.038,			0.198,			0.052
451,	1,	7.0,	143.557,			2.735,			0.227,			0.06
452,	2,	123.0,	143.57,			14.268,			1.046,			0.141
453,	1,	6.0,	143.8,			1.919,			0.223,			0.057
454,	1,	49.0,	144.087,			1.719,			0.129,			0.054
455,	1,	10.0,	144.322,			1.869,			0.288,			0.06
456,	1,	447.0,	144.494,			1.592,			0.276,			0.058
457,	1,	120.0,	144.506,			1.12,			0.233,			0.055
458,	1,	498.0,	144.554,			2.265,			0.21,			0.051
459,	1,	169.0,	144.872,			2.038,			0.272,			0.058
460,	1,	146.0,	145.077,			2.282,			0.129,			0.057
461,	1,	103.0,	145.528,			1.719,			0.123,			0.051
462,	1,	6.0,	145.608,			2.976,			0.29,			0.057
463,	1,	7.0,	145.655,			2.314,			0.222,			0.059
464,	1,	512.0,	145.677,			1.304,			0.187,			0.056
465,	1,	49.0,	145.872,			1.141,			0.296,			0.06
466,	1,	559.0,	146.008,			1.869,			0.157,			0.052
467,	1,	13.0,	146.055,			2.813,			0.2,			0.053
468,	1,	498.0,	146.206,			2.2,			0.269,			0.059
469,	1,	7.0,	146.309,			1.878,			0.239,			0.054
470,	1,	214.0,	146.446,			1.822,			0.164,			0.056
471,	1,	7.0,	146.615,			1.998,			0.214,			0.054
472,	1,	447.0,	146.787,			1.681,			0.288,			0.05
473,	1,	379.0,	146.854,			2.669,			0.253,			0.052
474,	1,	49.0,	146.868,			1.642,			0.172,			0.058
475,	1,	44.0,	147.223,			1.119,			0.133,			0.05
476,	1,	6.0,	147.294,			2.711,			0.159,			0.052
477,	1,	6.0,	147.295,			2.412,			0.121,			0.058
478,	1,	44.0,	147.343,			1.494,			0.278,			0.055
479,	2,	127.0,	147.49,			10.297,			1.437,			0.136
480,	1,	59.0,	147.61,			1.114,			0.138,			0.057
481,	1,	559.0,	147.715,			2.322,			0.164,			0.058
482,	1,	90.0,	147.724,			2.318,			0.295,			0.052
483,	1,	30.0,	147.78,			2.972,			0.197,			0.052
484,	1,	379.0,	147.848,			2.33,			0.125,			0.058
485,	1,	49.0,	147.947,			1.204,			0.11,			0.053
486,	2,	126.0,	148.006,			13.795,			1.117,			0.12
487,	1,	447.0,	148.058,			2.155,			0.258,			0.058
488,	1,	28.0,	148.132,			1.211,			0.17,			0.06
489,	1,	49.0,	148.134,			1.42,			0.267,			0.055
490,	2,	157.0,	148.135,			14.977,			1.024,			0.172
491,	1,	559.0,	148.433,			2.787,			0.125,			0.057
492,	1,	10.0,	148.655,			2.976,			0.111,			0.05
493,	1,	6.0,	148.874,			2.632,			0.125,			0.052
494,	1,	59.0,	149.09,			2.197,			0.176,			0.059
495,	1,	169.0,	149.464,			2.984,			0.117,			0.058
496,	1,	387.0,	149.564,			2.999,			0.289,			0.054
497,	1,	44.0,	149.698,			2.697,			0.169,			0.051
498,	1,	7.0,	150.226,			1.581,			0.266,			0.05
499,	2,	196.0,	150.564,			14.933,			1.231,			0.198
500,	1,	214.0,	150.614,			2.901,			0.13,			0.05
501,	2,	230.0,	151.285,			10.909,			1.282,			0.148
502,	1,	16.0,	151.51,			1.204,			0.175,			0.058
503,	1,	6.0,	151.662,			2.154,			0.175,			0.057
504,	1,	44.0,	151.798,			2.92,			0.208,			0.059
505,	1,	103.0,	151.839,			1.669,			0.13,			0.052
506,	1,	6.0,	152.095,			2.598,			0.113,			0.053
507,	1,	95.0,	152.173,			1.561,			0.29,			0.058
508,	1,	7.0,	152.379,			1.532,			0.189,			0.05
509,	2,	131.0,	152.691,			10.392,			1.499,			0.168
510,	1,	214.0,	153.184,			2.324,			0.174,			0.052
511,	1,	30.0,	153.335,			1.642,			0.225,			0.054
512,	1,	157.0,	153.676,			2.795,			0.138,			0.055
513,	1,	16.0,	153.741,			1.542,			0.27,			0.058
514,	1,	169.0,	153.812,			2.398,			0.26,			0.054
515,	1,	59.0,	154.153,			1.596,			0.144,			0.054
516,	2,	131.0,	154.314,			13.137,			1.348,			0.158
517,	2,	180.0,	154.358,			13.494,			1.291,			0.199
518,	1,	16.0,	154.64,			2.237,			0.121,			0.051
519,	1,	30.0,	154.713,			2.631,			0.187,			0.058
520,	1,	157.0,	154.783,			1.414,			0.113,			0.052
521,	2,	152.0,	154.989,			12.643,			1.204,			0.136
522,	1,	126.0,	155.429,			2.681,			0.235,			0.054
523,	1,	30.0,	155.503,			2.016,			0.293,			0.052
524,	1,	214.0,	155.619,			1.426,			0.126,			0.059
525,	1,	379.0,	155.732,			2.299,			0.127,			0.059
526,	1,	13.0,	155.789,			2.916,			0.16,			0.055
527,	1,	44.0,	155.962,			2.914,			0.174,			0.059
528,	1,	95.0,	156.329,			1.421,			0.233,			0.05
529,	1,	214.0,	156.478,			2.048,			0.284,			0.059
530,	1,	30.0,	156.489,			1.031,			0.16,			0.06
531,	2,	117.0,	156.869,			14.524,			1.453,			0.191
532,	1,	16.0,	156.917,			2.157,			0.251,			0.056
533,	1,	169.0,	157.119,			2.565,			0.139,			0.059
534,	1,	559.0,	157.253,			2.797,			0.133,			0.054
535,	1,	169.0,	157.278,			1.107,			0.116,			0.056
536,	1,	387.0,	157.503,			2.492,			0.241,			0.06
537,	1,	6.0,	157.787,			2.969,			0.2,			0.06
538,	1,	49.0,	157.856,			1.557,			0.106,			0.054
539,	1,	379.0,	157.894,			1.204,			0.161,			0.054
540,	1,	146.0,	158.155,			1.056,			0.116,			0.055
541,	1,	379.0,	158.301,			1.485,			0.137,			0.056
542,	1,	95.0,	158.338,			1.173,			0.228,			0.055
543,	1,	126.0,	158.397,			2.11,			0.191,			0.056
544,	1,	59.0,	158.429,			1.631,			0.202,			0.057
545,	2,	154.0,	158.548,			11.876,			1.456,			0.125
546,	1,	157.0,	158.826,			2.569,			0.251,			0.06
547,	1,	512.0,	158.906,			2.298,			0.117,			0.056
548,	1,	512.0,	158.907,			2.149,			0.207,			0.057
549,	1,	13.0,	159.212,			2.065,			0.184,			0.053
550,	1,	13.0,	159.668,			2.554,			0.133,			0.051
551,	1,	95.0,	159.756,			2.08,			0.242,			0.051
552,	1,	157.0,	159.948,			1.67,			0.258,			0.055
553,	1,	7.0,	160.542,			2.424,			0.109,			0.059
554,	1,	49.0,	160.988,			1.455,			0.16,			0.058
555,	1,	214.0,	161.214,			1.631,			0.234,			0.056
556,	1,	6.0,	161.504,			1.386,			0.284,			0.053
557,	1,	6.0,	161.687,			1.821,			0.2,			0.056
558,	1,	30.0,	161.753,			2.096,			0.145,			0.057
559,	1,	7.0,	162.049,			2.985,			0.124,			0.06
560,	1,	387.0,	162.177,			1.178,			0.111,			0.056
561,	1,	7.0,	162.348,			1.187,			0.207,			0.053
562,	1,	120.0,	162.553,			1.106,			0.124,			0.05
563,	1,	44.0,	162.605,			2.155,			0.111,			0.057
564,	1,	126.0,	162.666,			2.706,			0.17,			0.052
565,	1,	146.0,	162.671,			2.055,			0.162,			0.052
566,	1,	44.0,	163.0,			1.431,			0.206,			0.059
567,	1,	7.0,	163.159,			1.376,			0.169,			0.059
568,	1,	120.0,	163.667,			2.711,			0.277,			0.056
569,	2,	153.0,	163.705,			12.088,			1.421,			0.121
570,	1,	59.0,	163.708,			1.028,			0.191,			0.053
571,	1,	90.0,	163.795,			2.777,			0.167,			0.053
572,	1,	49.0,	163.953,			2.632,			0.223,			0.057
573,	1,	6.0,	164.029,			2.984,			0.177,			0.059
574,	1,	447.0,	164.047,			2.622,			0.119,			0.059
575,	1,	169.0,	164.163,			1.425,			0.161,			0.058
576,	1,	95.0,	164.33,			2.068,			0.166,			0.053
577,	1,	120.0,	164.362,			1.256,			0.124,			0.054
578,	2,	197.0,	164.51,			12.527,			1.175,			0.148
579,	1,	13.0,	164.635,			1.571,			0.205,			0.053
580,	2,	101.0,	164.84,			12.115,			1.108,			0.133
581,	1,	44.0,	165.317,			1.031,			0.199,			0.054
582,	1,	447.0,	165.498,			1.982,			0.203,			0.058
583,	1,	95.0,	165.743,			2.381,			0.106,			0.059
584,	1,	13.0,	166.03,			1.245,			0.209,			0.05
585,	1,	7.0,	166.113,			2.318,			0.201,			0.055
586,	1,	387.0,	166.347,			2.31,			0.136,			0.051
587,	1,	95.0,	166.759,			1.071,			0.168,			0.057
588,	1,	28.0,	166.903,			1.542,			0.23,			0.05
589,	1,	387.0,	167.111,			2.048,			0.27,			0.057
590,	1,	49.0,	167.16,			1.372,			0.289,			0.06
591,	2,	319.0,	167.312,			10.863,			1.371,			0.121
592,	1,	559.0,	167.316,			1.458,			0.13,			0.055
593,	1,	126.0,	167.334,			1.681,			0.134,			0.05
594,	1,	16.0,	167.349,			2.288,			0.255,			0.053
595,	2,	247.0,	167.608,			10.523,			1.287,			0.138
596,	1,	13.0,	167.627,			1.766,			0.241,			0.052
597,	1,	7.0,	167.862,			2.293,			0.122,			0.058
598,	1,	512.0,	167.888,			1.591,			0.186,			0.053
599,	1,	13.0,	167.909,			2.056,			0.149,			0.057
600,	1,	126.0,	167.969,			1.97,			0.221,			0.056
601,	1,	512.0,	168.006,			1.509,			0.187,			0.053
602,	1,	447.0,	168.015,			1.869,			0.119,			0.051
603,	1,	6.0,	168.034,			1.056,			0.185,			0.06
604,	1,	126.0,	168.232,			2.457,			0.251,			0.06
605,	1,	13.0,	168.279,			1.17,			0.132,			0.053
606,	1,	44.0,	168.288,			1.985,			0.221,			0.056
607,	1,	146.0,	168.798,			2.351,			0.173,			0.059
608,	1,	126.0,	168.921,			1.924,			0.255,			0.054
609,	1,	10.0,	168.978,			1.672,			0.135,			0.055
610,	1,	126.0,	169.223,			2.628,			0.266,			0.053
611,	1,	214.0,	169.25,			1.913,			0.283,			0.06
612,	1,	498.0,	169.277,			2.025,			0.214,			0.051
613,	1,	44.0,	169.302,			2.706,			0.168,			0.054
614,	1,	169.0,	169.339,			1.73,			0.228,			0.051
615,	1,	146.0,	169.425,			2.632,			0.144,			0.055
616,	1,	59.0,	169.566,			2.057,			0.257,			0.052
617,	1,	95.0,	169.646,			1.403,			0.225,			0.056
618,	1,	44.0,	170.03,			1.13,			0.291,			0.056
619,	1,	126.0,	170.093,			1.998,			0.185,			0.057
620,	1,	120.0,	170.542,			1.173,			0.162,			0.053
621,	1,	169.0,	170.613,			1.56,			0.251,			0.056
622,	1,	512.0,	170.7,			1.024,			0.247,			0.059
623,	1,	7.0,	170.722,			1.211,			0.158,			0.058
624,	1,	498.0,	170.927,			1.821,			0.256,			0.06
625,	1,	49.0,	171.218,			1.45,			0.243,			0.051
626,	1,	49.0,	171.32,			1.112,			0.186,			0.051
627,	1,	146.0,	171.606,			2.412,			0.132,			0.054
628,	1,	387.0,	171.756,			2.034,			0.23,			0.054
629,	1,	387.0,	171.949,			1.407,			0.242,			0.051
630,	1,	16.0,	172.091,			1.737,			0.21,			0.054
631,	1,	44.0,	172.194,			1.728,			0.294,			0.053
632,	1,	126.0,	172.473,			2.524,			0.224,			0.056
633,	1,	7.0,	172.572,			1.42,			0.263,			0.052
634,	1,	95.0,	172.954,			1.886,			0.138,			0.055
635,	1,	512.0,	173.072,			1.886,			0.271,			0.053
636,	1,	6.0,	173.531,			1.303,			0.23,			0.054
637,	2,	248.0,	173.616,			13.161,			1.015,			0.166
638,	1,	126.0,	173.703,			2.888,			0.159,			0.056
639,	1,	7.0,	173.908,			1.443,			0.267,			0.051
640,	1,	95.0,	174.008,			2.342,			0.152,			0.053
641,	1,	447.0,	174.044,			1.121,			0.249,			0.055
642,	1,	447.0,	174.142,			2.852,			0.215,			0.051
643,	1,	7.0,	174.195,			2.006,			0.27,			0.057
644,	1,	44.0,	174.314,			2.407,			0.235,			0.059
645,	2,	136.0,	174.402,			13.669,			1.341,			0.185
646,	1,	559.0,	174.458,			2.991,			0.236,			0.058
647,	1,	13.0,	174.604,			1.561,			0.153,			0.052
648,	1,	44.0,	174.637,			2.424,			0.126,			0.059
649,	1,	169.0,	174.718,			1.719,			0.222,			0.053
650,	2,	270.0,	175.002,			10.565,			1.285,			0.101
651,	1,	7.0,	175.574,			1.172,			0.244,			0.058
652,	1,	214.0,	175.629,			1.302,			0.184,			0.051
653,	1,	7.0,	175.674,			2.027,			0.189,			0.058
654,	1,	30.0,	176.438,			2.088,			0.181,			0.056
655,	2,	173.0,	176.729,			13.478,			1.317,			0.117
656,	1,	379.0,	176.878,			2.454,			0.201,			0.051
657,	1,	498.0,	176.91,			2.252,			0.116,			0.052
658,	1,	6.0,	177.142,			2.415,			0.123,			0.052
659,	1,	6.0,	177.492,			1.588,			0.289,			0.06
660,	1,	379.0,	177.749,			1.651,			0.148,			0.05
661,	1,	214.0,	178.883,			2.414,			0.121,			0.06
662,	2,	69.0,	178.923,			10.617,			1.115,			0.164
663,	1,	498.0,	178.973,			2.037,			0.153,			0.06
664,	1,	126.0,	179.099,			1.639,			0.118,			0.058
665,	1,	387.0,	179.106,			1.114,			0.141,			0.057
666,	1,	214.0,	179.157,			1.805,			0.138,			0.056
667,	1,	13.0,	179.215,			1.59,			0.154,			0.055
668,	1,	7.0,	179.454,			1.17,			0.258,			0.06
669,	1,	7.0,	179.473,			2.813,			0.175,			0.054
670,	1,	6.0,	180.034,			1.684,			0.179,			0.051
671,	1,	103.0,	180.082,			2.797,			0.149,			0.053
672,	1,	28.0,	180.247,			1.542,			0.166,			0.056
673,	2,	162.0,	180.421,			13.953,			1.382,			0.122
674,	1,	103.0,	180.455,			2.284,			0.229,			0.06
675,	1,	447.0,	180.966,			1.932,			0.226,			0.054
676,	1,	28.0,	181.001,			2.138,			0.226,			0.055
677,	1,	214.0,	181.221,			2.2,			0.177,			0.054
678,	1,	95.0,	181.341,			2.795,			0.194,			0.055
679,	1,	6.0,	181.345,			1.07,			0.186,			0.05
680,	1,	44.0,	181.554,			1.467,			0.2,			0.058
681,	1,	379.0,	181.598,			2.844,			0.277,			0.058
682,	1,	157.0,	182.071,			2.438,			0.195,			0.054
683,	1,	169.0,	182.138,			1.27,			0.149,			0.057
684,	1,	59.0,	182.547,			2.197,			0.225,			0.059
685,	1,	6.0,	182.618,			1.358,			0.289,			0.056
686,	1,	44.0,	182.644,			2.842,			0.173,			0.055
687,	1,	16.0,	182.707,			1.305,			0.177,			0.055
688,	1,	6.0,	182.715,			2.751,			0.251,			0.056
689,	1,	120.0,	182.955,			1.919,			0.108,			0.056
690,	1,	7.0,	182.976,			1.766,			0.109,			0.056
691,	1,	379.0,	182.978,			2.249,			0.16,			0.055
692,	1,	30.0,	182.986,			1.489,			0.28,			0.059
693,	1,	447.0,	183.059,			2.852,			0.189,			0.054
694,	1,	387.0,	183.219,			1.869,			0.186,			0.057
695,	1,	90.0,	183.234,			1.158,			0.184,			0.05
696,	1,	379.0,	183.55,			2.602,			0.27,			0.057
697,	1,	13.0,	183.695,			2.56,			0.129,			0.051
698,	1,	6.0,	183.755,			2.194,			0.124,			0.057
699,	1,	103.0,	183.888,			2.642,			0.228,			0.051
700,	2,	248.0,	183.932,			10.778,			1.055,			0.119
701,	1,	44.0,	183.985,			1.766,			0.288,			0.058
702,	1,	103.0,	183.988,			1.03,			0.19,			0.055
703,	1,	44.0,	183.994,			2.706,			0.237,			0.055
704,	1,	44.0,	184.176,			2.655,			0.163,			0.05
705,	1,	10.0,	184.69,			2.381,			0.256,			0.056
706,	1,	10.0,	184.703,			2.454,			0.214,			0.056
707,	1,	498.0,	184.725,			1.115,			0.154,			0.051
708,	1,	379.0,	184.73,			2.935,			0.221,			0.053
709,	1,	10.0,	184.967,			2.103,			0.277,			0.058
710,	1,	49.0,	185.162,			2.795,			0.174,			0.05
711,	1,	49.0,	185.445,			1.4,			0.265,			0.058
712,	1,	146.0,	185.625,			2.144,			0.249,			0.05
713,	1,	59.0,	185.704,			2.974,			0.124,			0.057
714,	1,	7.0,	185.802,			2.645,			0.208,			0.055
715,	1,	44.0,	186.278,			1.211,			0.235,			0.053
716,	2,	166.0,	186.965,			11.604,			1.064,			0.136
717,	1,	7.0,	186.966,			1.749,			0.151,			0.058
718,	1,	30.0,	186.987,			1.655,			0.134,			0.051
719,	2,	208.0,	187.22,			13.111,			1.05,			0.165
720,	1,	6.0,	187.241,			2.799,			0.142,			0.056
721,	1,	512.0,	187.263,			2.232,			0.128,			0.059
722,	1,	13.0,	187.31,			1.103,			0.118,			0.05
723,	1,	379.0,	187.319,			1.307,			0.177,			0.053
724,	1,	7.0,	187.339,			1.879,			0.27,			0.051
725,	1,	49.0,	187.973,			2.265,			0.146,			0.059
726,	1,	169.0,	187.997,			2.711,			0.241,			0.053
727,	1,	103.0,	188.167,			1.031,			0.284,			0.057
728,	1,	498.0,	188.794,			1.46,			0.284,			0.06
729,	1,	16.0,	189.049,			1.188,			0.175,			0.054
730,	1,	146.0,	189.194,			1.535,			0.252,			0.057
731,	1,	103.0,	189.374,			2.532,			0.174,			0.05
732,	1,	387.0,	189.768,			2.795,			0.214,			0.058
733,	1,	120.0,	189.833,			1.571,			0.2,			0.056
734,	1,	28.0,	190.073,			2.772,			0.279,			0.055
735,	1,	120.0,	190.145,			1.671,			0.159,			0.059
736,	1,	447.0,	190.355,			1.828,			0.11,			0.05
737,	1,	59.0,	190.955,			1.561,			0.284,			0.059
738,	1,	10.0,	191.916,			1.589,			0.189,			0.05
739,	1,	7.0,	192.298,			2.874,			0.279,			0.053
740,	1,	126.0,	192.303,			2.175,			0.106,			0.06
741,	1,	49.0,	192.53,			2.366,			0.155,			0.054
742,	2,	232.0,	192.848,			14.005,			1.412,			0.103
743,	1,	16.0,	193.064,			2.623,			0.298,			0.051
744,	2,	131.0,	193.266,			14.002,			1.183,			0.116
745,	1,	379.0,	193.355,			2.385,			0.131,			0.056
746,	1,	44.0,	193.376,			1.582,			0.137,			0.052
747,	1,	126.0,	193.541,			2.098,			0.252,			0.058
748,	1,	30.0,	193.586,			2.076,			0.257,			0.059
749,	1,	146.0,	193.814,			1.683,			0.291,			0.054
750,	1,	146.0,	194.059,			1.277,			0.139,			0.06
751,	1,	214.0,	194.241,			1.801,			0.161,			0.06
752,	1,	157.0,	194.485,			2.085,			0.256,			0.05
753,	2,	80.0,	194.547,			14.936,			1.222,			0.191
754,	1,	6.0,	194.555,			1.731,			0.287,			0.057
755,	1,	95.0,	194.557,			2.167,			0.203,			0.051
756,	1,	90.0,	194.987,			1.252,			0.249,			0.051
757,	1,	379.0,	195.526,			2.441,			0.2,			0.06
758,	1,	214.0,	195.613,			2.479,			0.133,			0.053
759,	1,	157.0,	196.659,			2.296,			0.224,			0.058
760,	2,	98.0,	196.679,			11.756,			1.438,			0.114
761,	1,	498.0,	196.693,			1.768,			0.161,			0.055
762,	1,	447.0,	196.808,			1.841,			0.266,			0.052
763,	1,	559.0,	196.846,			1.128,			0.282,			0.058
764,	1,	44.0,	197.161,			2.278,			0.183,			0.052
765,	1,	6.0,	197.254,			1.731,			0.185,			0.059
766,	1,	157.0,	197.341,			2.819,			0.206,			0.051
767,	1,	379.0,	197.375,			2.08,			0.142,			0.051
768,	1,	103.0,	197.472,			1.701,			0.211,			0.052
769,	1,	28.0,	197.477,			1.14,			0.266,			0.055
770,	2,	201.0,	197.574,			10.146,			1.444,			0.2
771,	1,	7.0,	197.762,			2.759,			0.284,			0.055
772,	1,	169.0,	198.617,			1.605,			0.205,			0.059
773,	1,	103.0,	199.5,			1.357,			0.15,			0.055
774,	1,	7.0,	199.77,			1.941,			0.138,			0.054
775,	2,	88.0,	199.995,			12.152,			1.239,			0.106
776,	1,	157.0,	200.038,			2.076,			0.106,			0.056
777,	1,	126.0,	200.096,			2.969,			0.246,			0.053
778,	1,	90.0,	200.771,			2.252,			0.146,			0.058
779,	1,	7.0,	200.979,			2.789,			0.188,			0.05
780,	1,	7.0,	201.026,			2.198,			0.287,			0.054
781,	2,	198.0,	201.054,			10.621,			1.137,			0.144
782,	1,	7.0,	201.169,			1.752,			0.289,			0.053
783,	1,	169.0,	201.531,			2.777,			0.237,			0.055
784,	1,	13.0,	201.532,			2.498,			0.299,			0.057
785,	1,	49.0,	201.842,			2.22,			0.162,			0.057
786,	1,	7.0,	202.124,			2.127,			0.259,			0.057
787,	1,	126.0,	202.378,			1.736,			0.174,			0.055
788,	1,	10.0,	202.729,			1.421,			0.286,			0.052
789,	1,	157.0,	202.732,			1.431,			0.166,			0.056
790,	1,	6.0,	202.792,			1.141,			0.244,			0.052
791,	2,	249.0,	202.83,			12.141,			1.322,			0.167
792,	2,	138.0,	203.12,			12.801,			1.483,			0.137
793,	1,	498.0,	203.291,			1.73,			0.11,			0.059
794,	1,	7.0,	203.747,			1.97,			0.284,			0.053
795,	1,	10.0,	203.829,			2.151,			0.13,			0.057
796,	1,	13.0,	204.015,			1.733,			0.137,			0.055
797,	2,	214.0,	204.129,			13.074,			1.29,			0.173
798,	1,	126.0,	204.205,			1.981,			0.275,			0.058
799,	1,	10.0,	204.46,			2.016,			0.208,			0.051
800,	2,	150.0,	205.079,			14.376,			1.096,			0.114
801,	1,	126.0,	205.105,			1.924,			0.113,			0.059
802,	1,	30.0,	205.334,			1.86,			0.202,			0.059
803,	1,	214.0,	205.382,			1.364,			0.235,			0.05
804,	1,	44.0,	206.078,			2.222,			0.138,			0.053
805,	1,	498.0,	206.215,			2.103,			0.259,			0.054
806,	2,	184.0,	206.238,			14.804,			1.206,			0.167
807,	1,	387.0,	206.751,			1.821,			0.21,			0.057
808,	1,	16.0,	206.787,			1.477,			0.2,			0.055
809,	1,	28.0,	206.852,			2.622,			0.116,			0.057
810,	1,	95.0,	206.862,			2.651,			0.144,			0.052
811,	2,	220.0,	207.074,			12.588,			1.185,			0.161
812,	1,	379.0,	207.168,			1.307,			0.177,			0.059
813,	1,	59.0,	207.189,			2.346,			0.233,			0.054
814,	1,	447.0,	207.574,			1.679,			0.297,			0.059
815,	1,	103.0,	207.69,			1.485,			0.133,			0.054
816,	2,	120.0,	208.186,			12.93,			1.493,			0.113
817,	1,	90.0,	208.268,			2.976,			0.264,			0.052
818,	1,	10.0,	208.35,			2.489,			0.129,			0.053
819,	1,	6.0,	208.562,			1.406,			0.113,			0.058
820,	1,	146.0,	208.597,			1.458,			0.123,			0.055
821,	1,	10.0,	208.779,			1.247,			0.133,			0.058
822,	1,	44.0,	208.834,			1.277,			0.12,			0.057
823,	1,	379.0,	209.261,			2.663,			0.233,			0.054
824,	1,	30.0,	209.446,			1.581,			0.195,			0.051
825,	1,	169.0,	209.851,			2.26,			0.193,			0.057
826,	1,	447.0,	209.894,			2.408,			0.215,			0.052
827,	2,	126.0,	210.192,			12.475,			1.366,			0.188
828,	1,	559.0,	210.251,			1.653,			0.262,			0.059
829,	1,	559.0,	210.331,			1.173,			0.241,			0.05
830,	1,	379.0,	210.409,			1.188,			0.167,			0.055
831,	1,	28.0,	210.691,			2.618,			0.249,			0.05
832,	1,	387.0,	210.924,			1.357,			0.244,			0.056
833,	2,	124.0,	211.469,			10.884,			1.172,			0.13
834,	1,	512.0,	211.693,			1.991,			0.133,			0.052
835,	1,	126.0,	211.921,			2.659,			0.231,			0.059
836,	2,	171.0,	212.167,			14.53,			1.039,			0.11
837,	1,	30.0,	212.188,			1.083,			0.151,			0.056
838,	1,	95.0,	212.925,			2.976,			0.131,			0.054
839,	1,	120.0,	213.074,			1.12,			0.258,			0.053
840,	1,	6.0,	213.146,			1.262,			0.125,			0.06
841,	1,	28.0,	213.481,			2.52,			0.124,			0.051
842,	1,	6.0,	213.668,			2.726,			0.151,			0.051
843,	1,	146.0,	213.725,			2.08,			0.116,			0.05
844,	1,	7.0,	213.879,			1.394,			0.26,			0.056
845,	2,	84.0,	213.95,			14.425,			1.075,			0.165
846,	2,	75.0,	214.02,			13.161,			1.401,			0.15
847,	1,	169.0,	214.096,			1.924,			0.186,			0.055
848,	1,	447.0,	214.494,			2.047,			0.152,			0.055
849,	1,	16.0,	214.864,			1.728,			0.127,			0.056
850,	1,	7.0,	215.084,			2.302,			0.168,			0.056
851,	1,	559.0,	215.407,			2.76,			0.27,			0.051
852,	1,	146.0,	215.572,			1.115,			0.133,			0.055
853,	1,	126.0,	215.994,			2.133,			0.178,			0.056
854,	1,	7.0,	215.996,			1.05,			0.29,			0.056
855,	1,	6.0,	215.997,			1.35,			0.267,			0.06
856,	1,	44.0,	216.199,			1.575,			0.27,			0.055
857,	1,	10.0,	216.431,			1.364,			0.231,			0.057
858,	1,	447.0,	216.683,			1.14,			0.299,			0.06
859,	2,	122.0,	216.755,			12.317,			1.392,			0.2
860,	1,	146.0,	216.833,			1.542,			0.16,			0.057
861,	1,	379.0,	216.989,			2.571,			0.243,			0.054
862,	1,	120.0,	217.156,			2.2,			0.14,			0.059
863,	1,	59.0,	217.483,			2.772,			0.282,			0.057
864,	1,	120.0,	217.708,			2.131,			0.262,			0.053
865,	1,	10.0,	217.725,			1.076,			0.106,			0.056
866,	1,	6.0,	218.294,			1.886,			0.213,			0.057
867,	1,	120.0,	218.656,			1.296,			0.238,			0.059
868,	1,	49.0,	218.838,			1.287,			0.192,			0.06
869,	1,	44.0,	219.391,			1.025,			0.164,			0.051
870,	1,	387.0,	219.801,			1.844,			0.222,			0.06
871,	1,	6.0,	220.31,			2.2,			0.197,			0.058
872,	1,	6.0,	220.585,			1.096,			0.112,			0.055
873,	2,	80.0,	220.858,			14.14,			1.116,			0.112
874,	1,	28.0,	221.399,			1.698,			0.226,			0.052
875,	1,	95.0,	221.55,			1.981,			0.134,			0.052
876,	2,	120.0,	221.913,			13.399,			1.023,			0.136
877,	1,	379.0,	222.248,			1.22,			0.207,			0.051
878,	1,	447.0,	222.317,			1.168,			0.297,			0.051
879,	1,	6.0,	222.363,			1.862,			0.273,			0.054
880,	2,	241.0,	222.718,			11.842,			1.296,			0.19
881,	1,	59.0,	223.122,			2.441,			0.205,			0.054
882,	1,	7.0,	224.207,			2.414,			0.272,			0.057
883,	2,	151.0,	224.427,			13.645,			1.311,			0.137
884,	1,	28.0,	224.844,			1.128,			0.215,			0.055
885,	2,	117.0,	225.001,			12.801,			1.087,			0.13
886,	1,	447.0,	225.421,			2.874,			0.191,			0.053
887,	1,	7.0,	227.312,			2.01,			0.111,			0.056
888,	1,	387.0,	227.989,			2.56,			0.244,			0.057
889,	1,	126.0,	228.19,			2.972,			0.116,			0.054
890,	1,	95.0,	228.207,			2.888,			0.202,			0.056
891,	2,	195.0,	228.662,			10.215,			1.07,			0.107
892,	1,	49.0,	230.457,			1.322,			0.194,			0.053
893,	1,	95.0,	231.867,			2.034,			0.136,			0.06
894,	2,	68.0,	232.995,			14.918,			1.142,			0.175
895,	1,	559.0,	233.109,			2.103,			0.183,			0.056
896,	1,	7.0,	233.196,			1.509,			0.203,			0.059
897,	1,	44.0,	233.309,			1.362,			0.22,			0.06
898,	2,	180.0,	233.484,			14.424,			1.103,			0.144
899,	2,	84.0,	233.553,			10.957,			1.361,			0.134
900,	1,	59.0,	233.67,			1.97,			0.114,			0.058
901,	1,	559.0,	234.125,			1.799,			0.26,			0.057
902,	1,	6.0,	235.62,			2.487,			0.14,			0.053
903,	2,	176.0,	235.762,			10.442,			1.376,			0.194
904,	1,	7.0,	235.835,			2.795,			0.189,			0.05
905,	2,	99.0,	236.008,			11.89,			1.065,			0.188
906,	2,	106.0,	236.227,			11.764,			1.442,			0.194
907,	1,	498.0,	236.532,			2.074,			0.248,			0.051
908,	1,	49.0,	236.73,			2.796,			0.151,			0.05
909,	1,	7.0,	237.153,			2.705,			0.282,			0.057
910,	2,	192.0,	237.283,			13.816,			1.109,			0.143
911,	1,	512.0,	237.464,			1.383,			0.179,			0.05
912,	2,	118.0,	238.161,			13.596,			1.304,			0.127
913,	2,	144.0,	238.885,			11.6,			1.041,			0.131
914,	1,	28.0,	239.181,			2.866,			0.156,			0.05
915,	1,	103.0,	239.236,			2.556,			0.166,			0.051
916,	2,	121.0,	239.323,			12.615,			1.089,			0.105
917,	2,	160.0,	239.448,			12.654,			1.328,			0.174
918,	1,	10.0,	239.521,			2.034,			0.167,			0.054
919,	2,	217.0,	240.06,			13.933,			1.216,			0.142
920,	1,	146.0,	240.09,			1.97,			0.237,			0.06
921,	2,	139.0,	240.839,			12.701,			1.236,			0.113
922,	1,	7.0,	241.195,			2.065,			0.199,			0.052
923,	1,	146.0,	241.456,			2.197,			0.268,			0.058
924,	1,	126.0,	241.628,			2.288,			0.272,			0.055
925,	2,	125.0,	241.642,			14.929,			1.248,			0.169
926,	1,	6.0,	242.143,			2.153,			0.299,			0.057
927,	1,	13.0,	242.792,			2.199,			0.154,			0.053
928,	1,	146.0,	242.823,			2.193,			0.298,			0.051
929,	2,	239.0,	242.951,			12.869,			1.252,			0.114
930,	1,	6.0,	242.993,			2.09,			0.173,			0.055
931,	2,	181.0,	243.182,			11.761,			1.311,			0.187
932,	1,	30.0,	243.489,			1.968,			0.227,			0.057
933,	1,	498.0,	243.518,			2.299,			0.216,			0.05
934,	1,	126.0,	244.23,			1.409,			0.236,			0.055
935,	2,	117.0,	244.351,			13.228,			1.117,			0.141
936,	1,	103.0,	246.959,			2.155,			0.2,			0.057
937,	1,	28.0,	249.425,			2.149,			0.169,			0.057
938,	1,	103.0,	250.132,			1.343,			0.244,			0.052
939,	1,	7.0,	250.205,			1.025,			0.233,			0.06
940,	1,	6.0,	250.594,			1.991,			0.192,			0.058
941,	1,	95.0,	250.97,			1.039,			0.186,			0.051
942,	2,	69.0,	251.185,			13.169,			1.351,			0.109
943,	2,	182.0,	251.957,			10.565,			1.241,			0.139
944,	2,	234.0,	252.334,			10.365,			1.038,			0.178
945,	1,	126.0,	254.187,			2.879,			0.205,			0.052
946,	2,	95.0,	254.341,			10.826,			1.255,			0.154
947,	1,	387.0,	254.741,			1.447,			0.236,			0.052
948,	1,	49.0,	255.124,			1.504,			0.228,			0.052
949,	1,	44.0,	255.559,			2.911,			0.177,			0.059
950,	1,	126.0,	255.777,			1.052,			0.138,			0.055
951,	1,	16.0,	258.814,			1.485,			0.103,			0.059
952,	2,	45.0,	259.291,			12.317,			1.302,			0.127
953,	2,	214.0,	259.912,			13.743,			1.245,			0.135
954,	1,	157.0,	259.932,			1.783,			0.209,			0.058
955,	2,	67.0,	261.126,			13.998,			1.328,			0.151
956,	2,	275.0,	261.182,			11.696,			1.011,			0.155
957,	2,	210.0,	263.128,			13.232,			1.063,			0.104
958,	1,	146.0,	263.253,			2.757,			0.187,			0.057
959,	2,	175.0,	263.572,			10.15,			1.337,			0.198
960,	2,	174.0,	266.501,			11.059,			1.206,			0.114
961,	1,	103.0,	266.843,			1.409,			0.124,			0.056
962,	1,	120.0,	267.016,			2.252,			0.153,			0.052
963,	1,	7.0,	267.401,			1.79,			0.175,			0.054
964,	1,	169.0,	267.741,			1.869,			0.187,			0.051
965,	1,	59.0,	268.781,			1.153,			0.119,			0.055
966,	1,	103.0,	268.917,			1.204,			0.222,			0.052
967,	1,	6.0,	269.835,			1.092,			0.278,			0.051
968,	1,	447.0,	270.742,			2.844,			0.131,			0.058
969,	2,	148.0,	271.246,			10.316,			1.299,			0.137
970,	1,	7.0,	271.451,			2.143,			0.167,			0.058
971,	1,	146.0,	272.023,			1.631,			0.202,			0.057
972,	2,	150.0,	272.442,			10.882,			1.35,			0.184
973,	2,	93.0,	273.609,			14.535,			1.082,			0.156
974,	2,	171.0,	273.864,			14.969,			1.017,			0.152
975,	2,	135.0,	274.003,			11.027,			1.022,			0.124
976,	2,	157.0,	274.345,			14.948,			1.494,			0.114
977,	2,	96.0,	274.604,			14.513,			1.457,			0.187
978,	2,	107.0,	275.015,			14.524,			1.368,			0.189
979,	1,	379.0,	276.314,			1.028,			0.175,			0.056
980,	2,	208.0,	280.878,			10.277,			1.46,			0.119
981,	2,	208.0,	281.48,			14.737,			1.437,			0.161
982,	2,	120.0,	281.661,			14.183,			1.068,			0.105
983,	1,	13.0,	282.919,			1.36,			0.207,			0.053
984,	2,	91.0,	283.39,			13.449,			1.279,			0.188
985,	2,	121.0,	285.124,			10.659,			1.437,			0.159
986,	2,	87.0,	287.026,			10.587,			1.286,			0.168
987,	2,	66.0,	287.816,			12.447,			1.197,			0.116
988,	1,	146.0,	288.125,			2.9,			0.167,			0.059
989,	2,	234.0,	288.406,			11.478,			1.123,			0.105
990,	2,	88.0,	288.6,			12.615,			1.483,			0.152
991,	2,	90.0,	289.547,			13.669,			1.082,			0.113
992,	2,	55.0,	289.867,			10.297,			1.413,			0.174
993,	1,	13.0,	291.055,			2.282,			0.258,			0.051
994,	2,	112.0,	293.9,			12.299,			1.243,			0.188
995,	2,	126.0,	295.574,			12.184,			1.456,			0.147
996,	2,	102.0,	295.598,			11.689,			1.108,			0.188
997,	2,	127.0,	298.221,			14.767,			1.199,			0.164
998,	2,	184.0,	299.06,			13.613,			1.315,			0.127
999,	1,	512.0,	300.0,			1.561,			0.158,			0.053
1000,	1,	16.0,	300.0,			1.009,			0.162,			0.056
