#, task_type_id, size, arrival_time,	execution_time_cpu,	execution_time_gpu,	execution_time_CLOUD
1,	1,	559.0,	0.0,			2.879,			0.191,			0.051
2,	1,	49.0,	1.453,			1.358,			0.198,			0.051
3,	2,	211.0,	2.295,			10.686,			1.469,			0.194
4,	2,	109.0,	3.28,			14.582,			1.036,			0.157
5,	2,	249.0,	7.421,			10.659,			1.317,			0.133
6,	2,	207.0,	7.945,			10.55,			1.265,			0.124
7,	2,	152.0,	8.945,			12.02,			1.136,			0.171
8,	2,	141.0,	9.078,			14.564,			1.229,			0.171
9,	2,	120.0,	9.958,			13.136,			1.02,			0.191
10,	2,	105.0,	10.689,			14.249,			1.433,			0.158
11,	2,	150.0,	10.697,			10.893,			1.417,			0.102
12,	2,	200.0,	10.966,			12.728,			1.351,			0.185
13,	2,	150.0,	11.548,			10.893,			1.29,			0.118
14,	2,	206.0,	12.66,			13.088,			1.32,			0.128
15,	2,	66.0,	14.274,			11.553,			1.098,			0.164
16,	2,	248.0,	15.468,			14.53,			1.437,			0.106
17,	2,	117.0,	15.95,			13.977,			1.259,			0.114
18,	2,	163.0,	17.352,			11.578,			1.236,			0.163
19,	2,	82.0,	19.156,			12.346,			1.162,			0.143
20,	1,	498.0,	20.138,			1.717,			0.206,			0.05
21,	2,	74.0,	20.64,			12.57,			1.166,			0.104
22,	2,	143.0,	20.844,			10.159,			1.104,			0.155
23,	1,	10.0,	23.548,			2.893,			0.176,			0.058
24,	2,	140.0,	25.633,			10.117,			1.055,			0.169
25,	2,	152.0,	26.279,			14.965,			1.258,			0.179
26,	2,	74.0,	27.619,			14.906,			1.219,			0.152
27,	2,	196.0,	29.986,			12.127,			1.096,			0.18
28,	2,	106.0,	30.283,			10.215,			1.442,			0.125
29,	2,	195.0,	30.291,			12.101,			1.046,			0.194
30,	1,	103.0,	30.46,			1.382,			0.166,			0.051
31,	1,	95.0,	30.718,			2.76,			0.228,			0.051
32,	1,	28.0,	32.632,			1.981,			0.118,			0.056
33,	2,	174.0,	33.024,			14.908,			1.101,			0.164
34,	1,	387.0,	34.701,			2.102,			0.176,			0.059
35,	1,	6.0,	34.777,			1.36,			0.256,			0.056
36,	1,	7.0,	35.515,			2.567,			0.153,			0.055
37,	1,	44.0,	36.584,			2.795,			0.234,			0.058
38,	1,	379.0,	37.166,			2.943,			0.113,			0.058
39,	2,	92.0,	37.569,			11.756,			1.185,			0.131
40,	1,	6.0,	38.375,			2.01,			0.131,			0.053
41,	2,	111.0,	40.026,			10.978,			1.442,			0.127
42,	2,	124.0,	40.239,			14.946,			1.394,			0.134
43,	2,	89.0,	40.678,			11.504,			1.396,			0.137
44,	2,	241.0,	41.013,			10.319,			1.421,			0.191
45,	1,	6.0,	41.772,			2.697,			0.157,			0.056
46,	2,	171.0,	43.036,			13.645,			1.241,			0.125
47,	1,	44.0,	46.25,			1.669,			0.159,			0.057
48,	2,	205.0,	46.667,			10.681,			1.44,			0.128
49,	1,	6.0,	47.342,			1.857,			0.299,			0.06
50,	2,	201.0,	47.764,			12.287,			1.493,			0.177
51,	2,	132.0,	48.263,			11.572,			1.159,			0.187
52,	1,	44.0,	48.267,			2.819,			0.195,			0.051
53,	1,	7.0,	48.275,			2.616,			0.276,			0.056
54,	1,	30.0,	48.562,			1.4,			0.108,			0.06
55,	1,	214.0,	48.805,			2.491,			0.228,			0.058
56,	1,	447.0,	50.681,			1.213,			0.104,			0.057
57,	2,	170.0,	51.297,			14.215,			1.033,			0.16
58,	1,	28.0,	52.766,			1.791,			0.108,			0.055
59,	2,	201.0,	52.807,			11.63,			1.166,			0.139
60,	1,	16.0,	53.259,			1.403,			0.236,			0.055
61,	2,	153.0,	53.668,			10.279,			1.278,			0.198
62,	1,	59.0,	53.86,			1.807,			0.249,			0.053
63,	1,	28.0,	54.622,			1.141,			0.292,			0.052
64,	1,	126.0,	54.958,			2.378,			0.106,			0.057
65,	1,	387.0,	55.087,			1.827,			0.196,			0.057
66,	1,	28.0,	55.255,			2.298,			0.109,			0.057
67,	2,	129.0,	55.594,			10.39,			1.278,			0.121
68,	1,	59.0,	55.954,			2.0,			0.156,			0.052
69,	1,	379.0,	56.318,			2.364,			0.124,			0.052
70,	2,	200.0,	56.526,			14.604,			1.031,			0.166
71,	1,	59.0,	57.609,			1.17,			0.223,			0.055
72,	2,	135.0,	58.229,			12.162,			1.494,			0.147
73,	2,	72.0,	59.643,			14.277,			1.308,			0.138
74,	1,	13.0,	60.232,			2.532,			0.21,			0.056
75,	2,	92.0,	60.657,			14.963,			1.006,			0.19
76,	2,	115.0,	60.944,			13.027,			1.369,			0.18
77,	2,	211.0,	61.001,			10.902,			1.375,			0.109
78,	1,	7.0,	61.102,			2.88,			0.165,			0.056
79,	2,	120.0,	61.293,			11.819,			1.086,			0.12
80,	1,	387.0,	62.184,			1.128,			0.112,			0.052
81,	1,	30.0,	62.589,			2.03,			0.162,			0.05
82,	1,	214.0,	63.261,			1.61,			0.122,			0.054
83,	1,	44.0,	63.674,			2.122,			0.271,			0.059
84,	2,	226.0,	63.841,			10.223,			1.107,			0.147
85,	1,	379.0,	64.194,			1.835,			0.113,			0.055
86,	1,	7.0,	64.628,			1.141,			0.183,			0.055
87,	1,	90.0,	65.162,			2.691,			0.113,			0.05
88,	1,	498.0,	66.393,			1.79,			0.221,			0.059
89,	1,	7.0,	67.559,			1.426,			0.208,			0.056
90,	1,	16.0,	67.965,			1.096,			0.233,			0.056
91,	2,	185.0,	68.221,			11.639,			1.456,			0.128
92,	1,	7.0,	68.453,			1.912,			0.157,			0.052
93,	1,	214.0,	69.601,			1.841,			0.247,			0.05
94,	1,	30.0,	69.665,			2.176,			0.145,			0.053
95,	1,	169.0,	69.708,			2.857,			0.12,			0.055
96,	1,	157.0,	71.014,			1.532,			0.241,			0.059
97,	1,	379.0,	73.938,			2.872,			0.279,			0.053
98,	2,	154.0,	74.118,			12.551,			1.025,			0.111
99,	1,	126.0,	74.227,			1.482,			0.184,			0.058
100,	1,	120.0,	74.346,			2.58,			0.28,			0.058
101,	2,	130.0,	74.692,			14.366,			1.407,			0.132
102,	2,	267.0,	75.056,			10.279,			1.222,			0.148
103,	1,	28.0,	75.235,			1.942,			0.165,			0.054
104,	1,	103.0,	75.466,			2.548,			0.232,			0.054
105,	2,	164.0,	75.5,			14.624,			1.269,			0.179
106,	1,	28.0,	76.47,			2.943,			0.177,			0.053
107,	1,	7.0,	76.68,			1.048,			0.2,			0.059
108,	1,	7.0,	76.909,			2.386,			0.282,			0.057
109,	2,	189.0,	77.454,			11.581,			1.491,			0.127
110,	2,	118.0,	78.099,			11.317,			1.326,			0.127
111,	1,	44.0,	78.24,			1.509,			0.128,			0.057
112,	1,	447.0,	78.351,			2.675,			0.117,			0.051
113,	2,	137.0,	78.372,			10.936,			1.003,			0.127
114,	1,	7.0,	79.259,			2.795,			0.291,			0.057
115,	1,	28.0,	79.336,			1.633,			0.228,			0.057
116,	1,	7.0,	79.483,			1.578,			0.21,			0.055
117,	1,	126.0,	79.744,			2.461,			0.201,			0.06
118,	1,	6.0,	80.076,			2.751,			0.139,			0.056
119,	1,	59.0,	80.09,			2.761,			0.202,			0.052
120,	1,	387.0,	80.234,			2.037,			0.135,			0.055
121,	1,	30.0,	80.492,			1.653,			0.176,			0.055
122,	1,	7.0,	80.637,			1.801,			0.195,			0.053
123,	1,	387.0,	80.654,			2.765,			0.255,			0.059
124,	1,	7.0,	80.708,			2.796,			0.222,			0.057
125,	1,	387.0,	81.106,			2.702,			0.223,			0.056
126,	2,	81.0,	81.85,			10.244,			1.133,			0.195
127,	1,	498.0,	82.512,			1.681,			0.186,			0.052
128,	1,	95.0,	82.542,			2.016,			0.133,			0.059
129,	1,	44.0,	82.669,			2.296,			0.276,			0.056
130,	1,	126.0,	82.876,			2.19,			0.174,			0.051
131,	1,	7.0,	83.057,			2.685,			0.179,			0.055
132,	1,	169.0,	83.584,			1.019,			0.254,			0.058
133,	1,	157.0,	83.618,			1.111,			0.27,			0.056
134,	2,	240.0,	84.687,			14.908,			1.264,			0.127
135,	2,	166.0,	84.991,			14.432,			1.493,			0.141
136,	1,	120.0,	85.522,			2.038,			0.126,			0.056
137,	2,	112.0,	85.825,			13.316,			1.333,			0.137
138,	1,	7.0,	85.847,			1.597,			0.156,			0.056
139,	1,	13.0,	85.994,			1.364,			0.154,			0.055
140,	1,	387.0,	86.081,			1.293,			0.161,			0.057
141,	1,	120.0,	87.091,			2.759,			0.233,			0.055
142,	1,	30.0,	87.297,			1.774,			0.125,			0.055
143,	1,	16.0,	87.424,			2.465,			0.2,			0.059
144,	2,	98.0,	87.813,			13.217,			1.252,			0.128
145,	1,	169.0,	87.972,			2.635,			0.293,			0.059
146,	1,	157.0,	88.352,			2.69,			0.224,			0.055
147,	1,	146.0,	88.412,			2.284,			0.105,			0.054
148,	1,	28.0,	88.495,			1.07,			0.174,			0.054
149,	1,	90.0,	88.845,			2.326,			0.233,			0.058
150,	1,	7.0,	89.122,			2.642,			0.133,			0.054
151,	1,	512.0,	89.434,			1.62,			0.28,			0.06
152,	2,	88.0,	89.604,			11.263,			1.49,			0.167
153,	1,	59.0,	90.091,			2.795,			0.145,			0.06
154,	1,	7.0,	90.63,			2.802,			0.241,			0.055
155,	1,	214.0,	90.952,			2.614,			0.252,			0.06
156,	1,	7.0,	91.229,			2.237,			0.23,			0.051
157,	1,	59.0,	91.571,			1.353,			0.277,			0.055
158,	1,	13.0,	91.742,			1.247,			0.165,			0.054
159,	1,	387.0,	91.763,			2.138,			0.133,			0.057
160,	1,	44.0,	92.012,			1.827,			0.284,			0.05
161,	1,	120.0,	92.397,			2.047,			0.185,			0.055
162,	1,	447.0,	92.43,			1.061,			0.164,			0.053
163,	2,	94.0,	92.44,			14.933,			1.447,			0.12
164,	1,	146.0,	92.678,			2.26,			0.266,			0.057
165,	1,	7.0,	92.737,			2.457,			0.144,			0.053
166,	1,	126.0,	92.786,			2.1,			0.138,			0.05
167,	1,	7.0,	93.38,			2.756,			0.15,			0.052
168,	1,	59.0,	93.409,			2.407,			0.231,			0.05
169,	1,	169.0,	93.448,			1.432,			0.197,			0.056
170,	1,	7.0,	93.765,			1.56,			0.202,			0.052
171,	1,	146.0,	93.96,			2.013,			0.247,			0.06
172,	1,	447.0,	94.226,			1.826,			0.195,			0.054
173,	1,	44.0,	94.715,			2.084,			0.253,			0.054
174,	1,	90.0,	94.909,			1.59,			0.239,			0.057
175,	1,	120.0,	94.995,			2.879,			0.111,			0.06
176,	1,	28.0,	95.264,			1.531,			0.108,			0.054
177,	2,	198.0,	96.506,			10.554,			1.363,			0.192
178,	1,	120.0,	96.599,			1.581,			0.268,			0.056
179,	2,	172.0,	96.635,			14.076,			1.297,			0.134
180,	1,	379.0,	96.687,			1.304,			0.295,			0.052
181,	2,	144.0,	96.699,			12.648,			1.401,			0.162
182,	1,	7.0,	96.775,			1.303,			0.16,			0.051
183,	2,	179.0,	96.792,			13.681,			1.07,			0.172
184,	1,	7.0,	97.526,			2.765,			0.183,			0.053
185,	1,	103.0,	97.637,			1.981,			0.174,			0.055
186,	1,	512.0,	97.914,			2.346,			0.284,			0.056
187,	1,	7.0,	97.96,			2.222,			0.221,			0.056
188,	1,	103.0,	98.017,			2.976,			0.26,			0.06
189,	1,	7.0,	98.131,			1.928,			0.177,			0.06
190,	1,	6.0,	98.294,			2.454,			0.203,			0.053
191,	2,	131.0,	98.332,			13.596,			1.463,			0.107
192,	1,	498.0,	98.578,			1.302,			0.216,			0.06
193,	1,	146.0,	98.678,			2.131,			0.222,			0.059
194,	1,	16.0,	98.875,			2.09,			0.134,			0.057
195,	1,	44.0,	99.675,			2.02,			0.226,			0.056
196,	2,	147.0,	100.015,			13.305,			1.477,			0.143
197,	1,	146.0,	100.157,			2.548,			0.2,			0.057
198,	2,	227.0,	100.199,			13.629,			1.285,			0.19
199,	1,	126.0,	100.329,			1.367,			0.186,			0.055
200,	1,	49.0,	100.752,			2.148,			0.257,			0.05
201,	2,	169.0,	100.776,			12.987,			1.426,			0.161
202,	1,	7.0,	100.823,			1.25,			0.192,			0.054
203,	1,	512.0,	100.96,			1.008,			0.2,			0.057
204,	1,	7.0,	101.01,			2.709,			0.255,			0.058
205,	1,	90.0,	101.123,			1.998,			0.254,			0.055
206,	1,	169.0,	101.177,			1.095,			0.253,			0.05
207,	1,	214.0,	101.188,			1.612,			0.288,			0.055
208,	1,	214.0,	101.29,			2.412,			0.217,			0.053
209,	1,	379.0,	101.652,			2.316,			0.221,			0.051
210,	1,	7.0,	102.266,			2.41,			0.239,			0.051
211,	2,	81.0,	102.29,			13.263,			1.167,			0.155
212,	1,	90.0,	102.768,			1.911,			0.109,			0.058
213,	1,	90.0,	102.771,			1.97,			0.206,			0.057
214,	1,	559.0,	102.844,			1.702,			0.27,			0.055
215,	2,	246.0,	102.88,			12.313,			1.222,			0.123
216,	1,	44.0,	103.006,			2.838,			0.18,			0.052
217,	1,	44.0,	103.521,			2.034,			0.134,			0.058
218,	1,	120.0,	103.635,			2.265,			0.131,			0.052
219,	1,	559.0,	103.753,			1.539,			0.138,			0.057
220,	1,	90.0,	103.803,			2.278,			0.29,			0.057
221,	1,	95.0,	104.116,			2.492,			0.161,			0.06
222,	1,	169.0,	104.197,			1.447,			0.198,			0.054
223,	1,	126.0,	104.309,			2.123,			0.189,			0.06
224,	1,	387.0,	104.544,			1.539,			0.289,			0.057
225,	2,	84.0,	104.766,			11.28,			1.242,			0.105
226,	1,	7.0,	104.874,			1.364,			0.134,			0.055
227,	1,	387.0,	105.2,			1.9,			0.29,			0.051
228,	1,	44.0,	105.278,			2.237,			0.244,			0.055
229,	1,	7.0,	105.282,			2.102,			0.263,			0.053
230,	1,	7.0,	105.371,			2.316,			0.23,			0.059
231,	1,	7.0,	105.553,			2.18,			0.283,			0.058
232,	1,	49.0,	105.834,			2.051,			0.182,			0.056
233,	1,	146.0,	105.859,			2.76,			0.17,			0.051
234,	1,	214.0,	105.994,			1.243,			0.192,			0.05
235,	1,	379.0,	106.089,			1.425,			0.21,			0.057
236,	2,	98.0,	106.188,			11.078,			1.254,			0.155
237,	1,	379.0,	106.816,			2.709,			0.185,			0.058
238,	1,	16.0,	106.941,			1.367,			0.118,			0.051
239,	1,	30.0,	107.2,			2.276,			0.226,			0.059
240,	2,	51.0,	107.464,			11.46,			1.136,			0.13
241,	1,	13.0,	108.742,			1.642,			0.297,			0.059
242,	1,	103.0,	108.774,			1.424,			0.202,			0.058
243,	1,	90.0,	108.785,			2.569,			0.291,			0.057
244,	1,	146.0,	109.505,			2.56,			0.273,			0.052
245,	1,	559.0,	109.82,			2.418,			0.139,			0.059
246,	1,	7.0,	110.276,			2.846,			0.209,			0.053
247,	1,	214.0,	110.805,			1.783,			0.209,			0.053
248,	1,	169.0,	111.036,			1.966,			0.233,			0.055
249,	2,	70.0,	111.047,			13.396,			1.299,			0.111
250,	1,	498.0,	111.078,			2.706,			0.146,			0.056
251,	1,	146.0,	112.155,			1.869,			0.182,			0.059
252,	1,	6.0,	112.181,			1.285,			0.106,			0.051
253,	1,	44.0,	112.526,			2.612,			0.101,			0.054
254,	1,	157.0,	113.071,			1.009,			0.162,			0.052
255,	1,	169.0,	113.279,			1.737,			0.299,			0.051
256,	1,	498.0,	113.425,			1.421,			0.23,			0.051
257,	1,	44.0,	113.68,			1.484,			0.127,			0.056
258,	1,	7.0,	113.73,			2.031,			0.112,			0.055
259,	1,	44.0,	113.842,			1.848,			0.158,			0.056
260,	1,	10.0,	114.384,			1.262,			0.217,			0.054
261,	1,	387.0,	114.405,			2.298,			0.263,			0.052
262,	1,	146.0,	114.53,			2.632,			0.109,			0.054
263,	1,	7.0,	114.745,			2.492,			0.107,			0.059
264,	1,	447.0,	114.804,			2.366,			0.232,			0.058
265,	1,	387.0,	115.52,			1.522,			0.246,			0.053
266,	1,	447.0,	115.814,			1.499,			0.195,			0.05
267,	1,	146.0,	116.175,			2.457,			0.259,			0.053
268,	1,	49.0,	116.191,			1.157,			0.134,			0.06
269,	1,	59.0,	116.233,			2.712,			0.249,			0.055
270,	1,	7.0,	116.345,			2.651,			0.253,			0.055
271,	1,	379.0,	116.611,			1.63,			0.16,			0.054
272,	1,	103.0,	116.765,			2.449,			0.223,			0.051
273,	2,	157.0,	116.844,			13.953,			1.299,			0.176
274,	2,	215.0,	116.866,			14.185,			1.264,			0.119
275,	1,	16.0,	116.894,			2.265,			0.123,			0.054
276,	1,	7.0,	117.476,			1.211,			0.288,			0.053
277,	1,	157.0,	117.785,			1.994,			0.233,			0.052
278,	1,	559.0,	117.799,			2.193,			0.119,			0.053
279,	1,	28.0,	118.014,			1.035,			0.29,			0.051
280,	1,	44.0,	118.033,			2.76,			0.298,			0.053
281,	1,	498.0,	118.034,			2.939,			0.124,			0.053
282,	1,	6.0,	118.035,			2.567,			0.225,			0.054
283,	2,	333.0,	118.043,			14.45,			1.493,			0.148
284,	1,	59.0,	118.143,			2.103,			0.14,			0.059
285,	1,	498.0,	118.153,			1.575,			0.133,			0.054
286,	1,	95.0,	118.216,			1.107,			0.217,			0.055
287,	1,	90.0,	118.253,			2.673,			0.217,			0.058
288,	1,	44.0,	118.385,			2.138,			0.192,			0.053
289,	1,	49.0,	118.452,			1.495,			0.187,			0.059
290,	1,	59.0,	118.944,			1.588,			0.108,			0.05
291,	2,	122.0,	118.988,			11.237,			1.067,			0.189
292,	1,	7.0,	119.015,			2.759,			0.182,			0.051
293,	1,	16.0,	119.083,			1.654,			0.214,			0.054
294,	1,	103.0,	119.283,			1.807,			0.133,			0.051
295,	1,	28.0,	119.382,			2.896,			0.123,			0.054
296,	1,	7.0,	119.449,			2.265,			0.295,			0.056
297,	1,	6.0,	119.622,			2.643,			0.15,			0.051
298,	1,	28.0,	119.82,			1.626,			0.152,			0.058
299,	2,	228.0,	119.837,			11.317,			1.335,			0.197
300,	1,	90.0,	119.96,			1.928,			0.298,			0.053
301,	1,	49.0,	119.975,			2.926,			0.192,			0.053
302,	1,	7.0,	120.44,			2.479,			0.166,			0.05
303,	1,	103.0,	120.47,			1.942,			0.201,			0.054
304,	1,	7.0,	120.483,			1.651,			0.275,			0.056
305,	1,	498.0,	120.709,			1.08,			0.2,			0.054
306,	2,	97.0,	120.926,			11.078,			1.425,			0.156
307,	1,	157.0,	121.157,			2.068,			0.225,			0.059
308,	1,	447.0,	121.176,			2.955,			0.209,			0.057
309,	1,	13.0,	121.494,			2.675,			0.172,			0.053
310,	1,	6.0,	121.636,			1.025,			0.175,			0.056
311,	1,	49.0,	121.856,			1.293,			0.267,			0.051
312,	1,	157.0,	122.015,			2.226,			0.163,			0.05
313,	1,	6.0,	122.059,			1.62,			0.231,			0.055
314,	1,	90.0,	122.447,			2.047,			0.277,			0.051
315,	1,	49.0,	122.518,			2.984,			0.136,			0.057
316,	1,	447.0,	122.732,			1.991,			0.121,			0.055
317,	1,	6.0,	122.847,			1.783,			0.124,			0.059
318,	1,	59.0,	122.955,			2.503,			0.266,			0.053
319,	1,	7.0,	123.302,			2.487,			0.288,			0.053
320,	1,	28.0,	123.433,			1.488,			0.166,			0.056
321,	1,	447.0,	123.592,			1.702,			0.192,			0.058
322,	1,	16.0,	123.722,			2.753,			0.195,			0.057
323,	1,	379.0,	123.818,			2.638,			0.125,			0.058
324,	2,	238.0,	123.833,			10.669,			1.171,			0.176
325,	1,	13.0,	123.843,			1.523,			0.281,			0.051
326,	1,	6.0,	124.001,			1.876,			0.236,			0.058
327,	1,	10.0,	124.351,			1.663,			0.161,			0.055
328,	1,	387.0,	124.467,			2.03,			0.278,			0.051
329,	1,	379.0,	124.719,			1.766,			0.267,			0.054
330,	1,	90.0,	124.902,			2.006,			0.112,			0.057
331,	1,	95.0,	125.22,			2.525,			0.279,			0.055
332,	1,	169.0,	125.278,			2.388,			0.241,			0.054
333,	1,	169.0,	125.656,			2.09,			0.258,			0.052
334,	1,	6.0,	126.123,			2.014,			0.133,			0.05
335,	1,	126.0,	126.222,			1.605,			0.2,			0.06
336,	2,	80.0,	126.26,			14.582,			1.049,			0.113
337,	1,	13.0,	126.346,			2.454,			0.282,			0.059
338,	2,	173.0,	126.358,			10.298,			1.115,			0.125
339,	1,	6.0,	126.608,			2.149,			0.113,			0.055
340,	1,	498.0,	126.684,			1.609,			0.272,			0.059
341,	1,	6.0,	126.842,			2.879,			0.185,			0.053
342,	1,	214.0,	126.851,			1.589,			0.297,			0.055
343,	1,	498.0,	127.042,			1.868,			0.109,			0.058
344,	1,	49.0,	127.05,			2.813,			0.292,			0.052
345,	1,	126.0,	127.127,			1.112,			0.263,			0.055
346,	1,	10.0,	127.169,			1.878,			0.28,			0.05
347,	1,	169.0,	127.446,			1.631,			0.14,			0.054
348,	1,	387.0,	127.451,			1.715,			0.189,			0.056
349,	1,	559.0,	127.457,			1.966,			0.217,			0.059
350,	1,	30.0,	127.497,			1.626,			0.136,			0.058
351,	1,	95.0,	127.504,			1.364,			0.154,			0.056
352,	1,	44.0,	127.568,			2.973,			0.14,			0.05
353,	1,	126.0,	127.641,			2.198,			0.101,			0.052
354,	2,	28.0,	127.648,			14.916,			1.133,			0.158
355,	1,	59.0,	127.726,			1.642,			0.225,			0.057
356,	1,	6.0,	127.995,			2.187,			0.148,			0.056
357,	1,	387.0,	128.004,			2.237,			0.173,			0.057
358,	2,	171.0,	128.011,			10.286,			1.172,			0.127
359,	2,	106.0,	128.052,			10.553,			1.186,			0.142
360,	1,	7.0,	128.326,			2.651,			0.225,			0.058
361,	1,	120.0,	128.38,			1.501,			0.16,			0.058
362,	1,	157.0,	128.417,			1.279,			0.245,			0.056
363,	1,	16.0,	128.543,			2.175,			0.152,			0.059
364,	1,	6.0,	128.58,			1.371,			0.215,			0.057
365,	1,	7.0,	128.77,			2.843,			0.275,			0.059
366,	1,	13.0,	128.833,			2.486,			0.28,			0.06
367,	1,	95.0,	128.904,			1.701,			0.28,			0.052
368,	1,	559.0,	128.956,			1.289,			0.212,			0.059
369,	1,	126.0,	129.155,			1.116,			0.277,			0.059
370,	1,	90.0,	129.16,			2.509,			0.258,			0.055
371,	1,	6.0,	129.735,			1.706,			0.237,			0.058
372,	1,	512.0,	129.858,			1.038,			0.16,			0.057
373,	1,	95.0,	129.858,			1.876,			0.187,			0.053
374,	1,	169.0,	129.894,			1.728,			0.133,			0.055
375,	2,	176.0,	130.037,			11.993,			1.301,			0.197
376,	1,	146.0,	130.297,			2.874,			0.103,			0.057
377,	1,	44.0,	130.468,			1.411,			0.139,			0.054
378,	1,	559.0,	130.774,			2.986,			0.159,			0.051
379,	1,	169.0,	130.925,			1.807,			0.259,			0.058
380,	1,	103.0,	131.03,			2.226,			0.168,			0.056
381,	1,	7.0,	131.248,			1.575,			0.19,			0.051
382,	2,	140.0,	131.264,			14.921,			1.275,			0.1
383,	1,	103.0,	131.364,			1.484,			0.277,			0.059
384,	2,	149.0,	131.552,			12.088,			1.029,			0.122
385,	1,	10.0,	131.82,			1.477,			0.179,			0.057
386,	1,	6.0,	131.995,			2.879,			0.182,			0.059
387,	1,	512.0,	132.009,			2.569,			0.244,			0.052
388,	1,	146.0,	132.773,			1.984,			0.117,			0.058
389,	1,	44.0,	132.791,			1.482,			0.29,			0.054
390,	1,	512.0,	132.862,			2.194,			0.277,			0.055
391,	1,	13.0,	132.976,			1.532,			0.288,			0.054
392,	1,	387.0,	133.052,			2.776,			0.141,			0.057
393,	1,	120.0,	133.13,			1.857,			0.233,			0.057
394,	1,	95.0,	133.198,			2.241,			0.188,			0.052
395,	1,	146.0,	133.37,			2.567,			0.147,			0.06
396,	1,	379.0,	133.69,			1.035,			0.231,			0.058
397,	1,	103.0,	134.062,			2.632,			0.254,			0.057
398,	1,	379.0,	134.139,			1.541,			0.147,			0.053
399,	1,	387.0,	134.214,			2.847,			0.112,			0.056
400,	2,	215.0,	134.642,			11.598,			1.06,			0.189
401,	1,	169.0,	134.908,			1.07,			0.192,			0.055
402,	1,	379.0,	134.909,			1.213,			0.206,			0.055
403,	1,	7.0,	135.112,			1.61,			0.297,			0.054
404,	1,	7.0,	135.129,			1.402,			0.256,			0.055
405,	1,	13.0,	135.182,			1.774,			0.227,			0.058
406,	1,	44.0,	135.557,			2.659,			0.121,			0.051
407,	1,	90.0,	135.569,			1.582,			0.277,			0.053
408,	2,	92.0,	135.711,			11.834,			1.255,			0.158
409,	1,	7.0,	135.728,			2.9,			0.121,			0.056
410,	1,	379.0,	135.78,			2.777,			0.121,			0.052
411,	1,	30.0,	135.844,			1.471,			0.226,			0.058
412,	1,	59.0,	135.979,			1.106,			0.122,			0.055
413,	1,	379.0,	136.266,			1.103,			0.137,			0.057
414,	1,	120.0,	136.411,			1.376,			0.237,			0.052
415,	1,	7.0,	136.705,			1.807,			0.297,			0.055
416,	1,	7.0,	136.837,			2.249,			0.221,			0.052
417,	1,	447.0,	136.859,			1.262,			0.222,			0.053
418,	1,	214.0,	137.667,			2.151,			0.242,			0.057
419,	2,	76.0,	137.955,			13.225,			1.102,			0.185
420,	1,	95.0,	137.992,			2.268,			0.212,			0.055
421,	1,	10.0,	138.142,			1.942,			0.284,			0.056
422,	1,	13.0,	138.162,			1.516,			0.195,			0.051
423,	1,	7.0,	138.187,			2.509,			0.268,			0.051
424,	1,	44.0,	138.279,			2.179,			0.146,			0.06
425,	1,	13.0,	138.45,			1.408,			0.262,			0.052
426,	1,	120.0,	138.45,			1.985,			0.198,			0.051
427,	1,	7.0,	138.488,			1.907,			0.209,			0.059
428,	1,	7.0,	138.583,			1.483,			0.229,			0.055
429,	1,	7.0,	138.751,			1.203,			0.207,			0.055
430,	1,	7.0,	138.83,			1.988,			0.166,			0.055
431,	1,	6.0,	138.935,			2.388,			0.175,			0.058
432,	1,	387.0,	139.156,			1.432,			0.108,			0.055
433,	1,	126.0,	139.395,			2.602,			0.225,			0.056
434,	1,	6.0,	139.43,			2.199,			0.243,			0.055
435,	1,	214.0,	139.445,			1.756,			0.21,			0.055
436,	1,	7.0,	139.546,			2.084,			0.242,			0.055
437,	1,	512.0,	139.569,			1.566,			0.288,			0.056
438,	1,	95.0,	139.654,			2.8,			0.211,			0.054
439,	1,	49.0,	139.683,			2.606,			0.178,			0.056
440,	1,	6.0,	140.038,			2.581,			0.268,			0.054
441,	1,	387.0,	140.477,			1.728,			0.21,			0.056
442,	2,	158.0,	140.57,			12.815,			1.202,			0.104
443,	1,	7.0,	140.594,			2.911,			0.286,			0.051
444,	1,	387.0,	141.072,			2.398,			0.152,			0.06
445,	1,	387.0,	141.104,			2.31,			0.21,			0.057
446,	1,	169.0,	141.312,			1.566,			0.29,			0.054
447,	1,	49.0,	141.456,			1.398,			0.257,			0.057
448,	1,	157.0,	141.537,			1.625,			0.182,			0.054
449,	1,	44.0,	141.912,			2.048,			0.187,			0.057
450,	1,	214.0,	141.959,			2.701,			0.286,			0.051
451,	1,	44.0,	141.969,			2.398,			0.203,			0.057
452,	1,	59.0,	141.997,			1.442,			0.103,			0.059
453,	1,	146.0,	142.088,			1.914,			0.14,			0.056
454,	1,	30.0,	142.35,			2.748,			0.282,			0.051
455,	1,	30.0,	142.66,			1.455,			0.198,			0.051
456,	2,	85.0,	142.767,			11.248,			1.433,			0.133
457,	1,	95.0,	142.888,			2.316,			0.117,			0.052
458,	1,	103.0,	142.899,			2.556,			0.273,			0.053
459,	1,	6.0,	142.958,			2.244,			0.292,			0.051
460,	1,	49.0,	142.974,			2.991,			0.111,			0.056
461,	2,	197.0,	143.111,			14.658,			1.282,			0.182
462,	1,	7.0,	143.128,			1.828,			0.112,			0.057
463,	1,	559.0,	143.277,			1.921,			0.253,			0.052
464,	1,	379.0,	143.314,			2.415,			0.273,			0.059
465,	1,	126.0,	143.324,			2.407,			0.103,			0.051
466,	2,	128.0,	143.392,			11.917,			1.35,			0.167
467,	1,	157.0,	143.623,			2.256,			0.195,			0.052
468,	1,	44.0,	143.883,			1.07,			0.161,			0.056
469,	1,	7.0,	143.886,			1.083,			0.14,			0.058
470,	1,	498.0,	143.912,			2.725,			0.159,			0.059
471,	1,	387.0,	143.94,			1.679,			0.254,			0.055
472,	1,	59.0,	143.985,			2.602,			0.231,			0.05
473,	1,	13.0,	144.134,			2.673,			0.208,			0.056
474,	2,	208.0,	144.353,			12.005,			1.399,			0.191
475,	1,	49.0,	144.365,			1.116,			0.212,			0.054
476,	1,	7.0,	144.375,			2.379,			0.166,			0.05
477,	2,	76.0,	144.422,			13.849,			1.07,			0.135
478,	1,	7.0,	144.537,			1.731,			0.249,			0.055
479,	1,	387.0,	144.708,			1.736,			0.248,			0.057
480,	1,	28.0,	144.727,			2.534,			0.298,			0.054
481,	1,	146.0,	144.91,			2.157,			0.16,			0.059
482,	1,	169.0,	144.928,			2.237,			0.223,			0.055
483,	1,	44.0,	145.167,			1.776,			0.129,			0.051
484,	1,	559.0,	145.174,			1.442,			0.177,			0.058
485,	1,	44.0,	145.269,			1.513,			0.135,			0.054
486,	1,	103.0,	145.346,			1.659,			0.13,			0.053
487,	1,	169.0,	145.36,			1.291,			0.115,			0.051
488,	1,	512.0,	145.454,			2.601,			0.107,			0.059
489,	1,	146.0,	145.582,			2.407,			0.299,			0.06
490,	2,	87.0,	145.859,			12.107,			1.266,			0.188
491,	1,	103.0,	145.954,			2.321,			0.288,			0.058
492,	1,	16.0,	145.999,			1.988,			0.231,			0.053
493,	1,	103.0,	146.045,			2.366,			0.184,			0.056
494,	1,	44.0,	146.106,			2.26,			0.228,			0.05
495,	1,	16.0,	146.27,			2.881,			0.133,			0.053
496,	1,	90.0,	146.333,			2.167,			0.298,			0.051
497,	1,	169.0,	146.401,			1.485,			0.21,			0.052
498,	1,	90.0,	146.443,			2.398,			0.202,			0.06
499,	1,	13.0,	146.601,			2.652,			0.288,			0.054
500,	1,	120.0,	146.621,			2.864,			0.224,			0.053
501,	1,	44.0,	146.958,			2.957,			0.164,			0.059
502,	2,	162.0,	147.102,			12.346,			1.161,			0.106
503,	1,	44.0,	147.116,			2.18,			0.109,			0.051
504,	1,	28.0,	147.235,			1.425,			0.129,			0.055
505,	1,	7.0,	147.281,			1.501,			0.132,			0.055
506,	1,	512.0,	147.334,			1.911,			0.281,			0.054
507,	1,	44.0,	147.633,			1.031,			0.109,			0.058
508,	1,	30.0,	148.008,			1.431,			0.214,			0.058
509,	1,	6.0,	148.491,			1.708,			0.244,			0.055
510,	1,	214.0,	148.556,			1.091,			0.129,			0.06
511,	1,	49.0,	148.674,			1.263,			0.182,			0.051
512,	1,	28.0,	148.764,			1.982,			0.169,			0.055
513,	2,	216.0,	148.791,			11.764,			1.498,			0.126
514,	1,	7.0,	148.825,			1.862,			0.279,			0.053
515,	1,	387.0,	148.983,			1.605,			0.133,			0.051
516,	1,	146.0,	149.53,			2.388,			0.107,			0.054
517,	1,	6.0,	149.614,			1.245,			0.237,			0.058
518,	1,	59.0,	149.705,			1.141,			0.151,			0.054
519,	1,	120.0,	149.787,			1.524,			0.19,			0.057
520,	1,	7.0,	149.909,			2.976,			0.139,			0.056
521,	2,	205.0,	149.946,			10.886,			1.346,			0.129
522,	1,	214.0,	150.249,			1.768,			0.103,			0.058
523,	1,	7.0,	150.471,			2.318,			0.115,			0.055
524,	1,	447.0,	150.605,			2.748,			0.193,			0.056
525,	1,	7.0,	150.672,			1.417,			0.262,			0.059
526,	1,	387.0,	150.815,			1.052,			0.293,			0.057
527,	1,	30.0,	150.865,			1.327,			0.175,			0.05
528,	1,	214.0,	150.897,			2.366,			0.2,			0.059
529,	1,	387.0,	151.243,			1.838,			0.221,			0.054
530,	1,	120.0,	151.255,			1.145,			0.272,			0.051
531,	1,	379.0,	151.472,			2.622,			0.124,			0.051
532,	1,	559.0,	151.484,			2.302,			0.185,			0.051
533,	1,	498.0,	151.751,			1.736,			0.28,			0.058
534,	1,	95.0,	152.079,			1.607,			0.25,			0.05
535,	1,	59.0,	152.111,			2.249,			0.232,			0.056
536,	1,	90.0,	152.193,			2.18,			0.296,			0.052
537,	1,	157.0,	152.249,			1.414,			0.157,			0.055
538,	1,	95.0,	152.311,			2.866,			0.154,			0.051
539,	1,	379.0,	152.385,			2.09,			0.238,			0.059
540,	1,	7.0,	152.536,			1.116,			0.235,			0.051
541,	1,	90.0,	152.576,			1.933,			0.214,			0.058
542,	1,	44.0,	152.911,			1.591,			0.21,			0.06
543,	1,	559.0,	152.958,			2.438,			0.253,			0.057
544,	1,	559.0,	153.141,			2.404,			0.217,			0.056
545,	1,	30.0,	153.255,			1.028,			0.129,			0.059
546,	1,	498.0,	153.368,			1.096,			0.218,			0.05
547,	1,	103.0,	153.411,			1.558,			0.184,			0.053
548,	1,	157.0,	153.499,			1.985,			0.149,			0.058
549,	1,	13.0,	153.545,			2.642,			0.238,			0.051
550,	1,	157.0,	153.65,			1.625,			0.221,			0.051
551,	1,	10.0,	153.682,			2.479,			0.212,			0.051
552,	1,	44.0,	153.742,			1.411,			0.277,			0.053
553,	1,	28.0,	153.869,			2.197,			0.123,			0.055
554,	1,	49.0,	153.877,			1.575,			0.242,			0.051
555,	1,	44.0,	153.878,			1.97,			0.114,			0.051
556,	1,	28.0,	154.074,			2.187,			0.209,			0.057
557,	1,	7.0,	154.198,			1.857,			0.122,			0.056
558,	1,	49.0,	154.238,			2.598,			0.267,			0.057
559,	1,	13.0,	154.403,			1.488,			0.173,			0.05
560,	1,	559.0,	154.485,			1.801,			0.12,			0.054
561,	1,	7.0,	154.551,			2.844,			0.109,			0.055
562,	2,	184.0,	154.71,			10.054,			1.197,			0.196
563,	1,	49.0,	154.895,			1.561,			0.294,			0.057
564,	1,	6.0,	154.919,			2.154,			0.147,			0.055
565,	2,	151.0,	154.927,			14.149,			1.016,			0.17
566,	2,	124.0,	155.219,			10.669,			1.025,			0.122
567,	1,	512.0,	155.595,			2.279,			0.12,			0.05
568,	1,	498.0,	155.725,			2.843,			0.209,			0.055
569,	1,	10.0,	155.983,			2.103,			0.108,			0.054
570,	1,	214.0,	156.476,			2.789,			0.139,			0.05
571,	1,	559.0,	156.7,			1.05,			0.195,			0.053
572,	1,	120.0,	156.727,			2.133,			0.229,			0.05
573,	1,	7.0,	156.762,			1.783,			0.172,			0.05
574,	1,	7.0,	156.77,			1.358,			0.223,			0.057
575,	1,	44.0,	156.778,			2.759,			0.108,			0.057
576,	1,	169.0,	156.785,			1.038,			0.157,			0.055
577,	1,	95.0,	156.876,			1.173,			0.26,			0.057
578,	1,	6.0,	157.072,			2.58,			0.156,			0.055
579,	1,	59.0,	157.112,			2.661,			0.101,			0.056
580,	1,	512.0,	157.243,			1.158,			0.295,			0.051
581,	1,	512.0,	157.286,			1.566,			0.16,			0.053
582,	1,	13.0,	157.602,			1.408,			0.156,			0.059
583,	1,	6.0,	157.607,			2.018,			0.259,			0.05
584,	1,	214.0,	157.842,			2.398,			0.134,			0.051
585,	2,	144.0,	157.964,			14.099,			1.112,			0.174
586,	1,	49.0,	158.222,			1.801,			0.193,			0.057
587,	1,	7.0,	158.276,			2.366,			0.17,			0.059
588,	1,	559.0,	158.299,			2.926,			0.176,			0.052
589,	1,	59.0,	158.484,			2.777,			0.248,			0.05
590,	1,	28.0,	158.564,			2.705,			0.221,			0.052
591,	1,	379.0,	158.653,			2.467,			0.128,			0.058
592,	2,	171.0,	158.937,			13.15,			1.245,			0.178
593,	1,	28.0,	158.943,			1.158,			0.149,			0.059
594,	2,	54.0,	158.96,			13.941,			1.306,			0.134
595,	1,	7.0,	158.968,			1.733,			0.184,			0.051
596,	1,	559.0,	159.16,			1.742,			0.139,			0.051
597,	1,	30.0,	159.192,			1.883,			0.228,			0.054
598,	1,	387.0,	159.374,			1.445,			0.242,			0.057
599,	1,	10.0,	159.507,			1.086,			0.215,			0.052
600,	1,	169.0,	159.6,			2.459,			0.288,			0.053
601,	1,	379.0,	159.695,			1.061,			0.127,			0.057
602,	1,	126.0,	159.761,			1.146,			0.212,			0.058
603,	1,	214.0,	159.797,			1.841,			0.238,			0.052
604,	1,	7.0,	160.025,			1.028,			0.217,			0.055
605,	1,	44.0,	160.071,			2.88,			0.177,			0.055
606,	1,	146.0,	160.151,			1.024,			0.177,			0.057
607,	1,	126.0,	160.599,			2.96,			0.239,			0.059
608,	1,	120.0,	160.747,			2.969,			0.146,			0.051
609,	1,	30.0,	160.755,			2.702,			0.126,			0.054
610,	2,	227.0,	160.794,			13.667,			1.289,			0.198
611,	1,	120.0,	160.903,			1.213,			0.298,			0.053
612,	1,	95.0,	160.906,			1.935,			0.256,			0.054
613,	1,	44.0,	160.96,			1.522,			0.132,			0.059
614,	1,	169.0,	161.054,			1.039,			0.263,			0.06
615,	1,	13.0,	161.067,			1.645,			0.176,			0.057
616,	1,	126.0,	161.672,			1.382,			0.284,			0.053
617,	1,	103.0,	162.275,			2.92,			0.22,			0.054
618,	1,	44.0,	162.331,			2.446,			0.288,			0.055
619,	1,	126.0,	162.333,			1.701,			0.135,			0.055
620,	2,	109.0,	162.374,			10.984,			1.498,			0.133
621,	1,	7.0,	162.501,			2.697,			0.234,			0.051
622,	1,	28.0,	162.649,			2.441,			0.146,			0.057
623,	1,	512.0,	162.753,			2.073,			0.251,			0.059
624,	1,	49.0,	162.922,			2.881,			0.166,			0.053
625,	1,	169.0,	162.952,			1.558,			0.175,			0.06
626,	1,	126.0,	163.213,			2.914,			0.222,			0.056
627,	1,	379.0,	163.271,			2.318,			0.206,			0.058
628,	1,	214.0,	163.402,			1.317,			0.133,			0.055
629,	1,	103.0,	164.429,			2.316,			0.177,			0.056
630,	1,	214.0,	164.515,			1.962,			0.159,			0.054
631,	1,	95.0,	164.635,			2.127,			0.101,			0.059
632,	1,	30.0,	164.703,			2.601,			0.189,			0.05
633,	1,	16.0,	164.767,			2.838,			0.153,			0.057
634,	2,	172.0,	165.236,			13.758,			1.423,			0.17
635,	1,	49.0,	165.255,			2.726,			0.225,			0.059
636,	1,	103.0,	165.918,			1.304,			0.182,			0.054
637,	1,	30.0,	165.966,			1.859,			0.135,			0.053
638,	1,	559.0,	166.137,			1.698,			0.189,			0.054
639,	1,	44.0,	166.168,			1.168,			0.149,			0.054
640,	1,	559.0,	166.281,			1.756,			0.144,			0.057
641,	1,	498.0,	166.348,			1.919,			0.293,			0.05
642,	2,	225.0,	166.354,			12.57,			1.229,			0.19
643,	1,	7.0,	166.472,			2.11,			0.18,			0.06
644,	1,	13.0,	166.77,			2.553,			0.254,			0.051
645,	1,	379.0,	167.146,			2.084,			0.166,			0.057
646,	1,	7.0,	167.204,			1.702,			0.235,			0.05
647,	1,	13.0,	167.247,			2.322,			0.239,			0.055
648,	1,	44.0,	167.33,			1.715,			0.281,			0.053
649,	1,	44.0,	167.401,			2.366,			0.165,			0.055
650,	1,	90.0,	167.558,			1.625,			0.239,			0.051
651,	1,	379.0,	167.619,			1.511,			0.29,			0.054
652,	2,	164.0,	167.691,			14.087,			1.456,			0.157
653,	1,	7.0,	167.86,			2.819,			0.16,			0.051
654,	1,	214.0,	167.992,			2.103,			0.15,			0.051
655,	1,	13.0,	168.419,			2.33,			0.227,			0.058
656,	2,	124.0,	168.596,			11.639,			1.375,			0.19
657,	1,	16.0,	168.598,			2.647,			0.127,			0.06
658,	1,	13.0,	168.626,			2.582,			0.114,			0.059
659,	1,	157.0,	168.644,			1.485,			0.272,			0.052
660,	1,	559.0,	168.695,			2.193,			0.29,			0.059
661,	1,	7.0,	169.308,			1.155,			0.185,			0.056
662,	1,	146.0,	169.366,			2.427,			0.221,			0.05
663,	1,	103.0,	169.444,			1.69,			0.231,			0.055
664,	2,	139.0,	169.601,			11.611,			1.048,			0.111
665,	1,	13.0,	169.631,			2.323,			0.186,			0.057
666,	2,	129.0,	169.638,			13.222,			1.175,			0.167
667,	1,	146.0,	169.929,			1.443,			0.238,			0.054
668,	1,	7.0,	170.15,			2.283,			0.116,			0.05
669,	1,	7.0,	170.233,			2.268,			0.222,			0.053
670,	2,	183.0,	170.239,			12.591,			1.384,			0.102
671,	1,	44.0,	170.375,			2.606,			0.228,			0.057
672,	1,	30.0,	170.377,			2.232,			0.133,			0.05
673,	1,	157.0,	170.47,			1.701,			0.161,			0.058
674,	2,	71.0,	170.561,			11.878,			1.014,			0.197
675,	1,	214.0,	170.693,			1.633,			0.147,			0.051
676,	1,	169.0,	170.816,			2.705,			0.116,			0.058
677,	2,	142.0,	170.911,			14.067,			1.483,			0.15
678,	1,	95.0,	171.141,			1.59,			0.162,			0.06
679,	2,	162.0,	171.149,			14.114,			1.219,			0.132
680,	2,	129.0,	171.412,			12.15,			1.295,			0.126
681,	1,	498.0,	171.641,			1.434,			0.176,			0.059
682,	1,	13.0,	171.643,			2.58,			0.216,			0.053
683,	1,	7.0,	171.721,			1.935,			0.153,			0.055
684,	2,	211.0,	171.815,			14.934,			1.055,			0.179
685,	1,	59.0,	172.059,			1.731,			0.293,			0.058
686,	2,	298.0,	172.062,			10.902,			1.49,			0.197
687,	1,	44.0,	172.104,			1.038,			0.221,			0.056
688,	1,	498.0,	172.252,			2.18,			0.234,			0.056
689,	1,	90.0,	172.352,			1.241,			0.17,			0.054
690,	1,	512.0,	172.478,			1.61,			0.235,			0.05
691,	1,	7.0,	172.575,			1.79,			0.251,			0.052
692,	1,	7.0,	172.612,			2.293,			0.175,			0.051
693,	1,	512.0,	172.727,			2.685,			0.279,			0.06
694,	1,	7.0,	172.787,			1.061,			0.258,			0.058
695,	2,	181.0,	172.923,			12.116,			1.053,			0.18
696,	1,	169.0,	172.943,			2.544,			0.101,			0.053
697,	1,	559.0,	172.975,			1.613,			0.22,			0.057
698,	1,	498.0,	172.976,			1.651,			0.234,			0.053
699,	1,	7.0,	173.014,			1.609,			0.135,			0.057
700,	1,	10.0,	173.227,			1.841,			0.195,			0.057
701,	1,	90.0,	173.257,			1.816,			0.166,			0.051
702,	1,	447.0,	173.324,			2.759,			0.215,			0.052
703,	1,	157.0,	173.325,			2.244,			0.215,			0.053
704,	1,	90.0,	173.496,			1.969,			0.27,			0.051
705,	1,	6.0,	173.768,			2.047,			0.279,			0.05
706,	1,	126.0,	174.003,			1.729,			0.279,			0.051
707,	1,	44.0,	174.251,			2.991,			0.25,			0.059
708,	1,	126.0,	174.289,			2.735,			0.203,			0.05
709,	1,	512.0,	174.48,			1.605,			0.203,			0.06
710,	1,	28.0,	174.679,			1.447,			0.279,			0.057
711,	1,	7.0,	174.791,			1.537,			0.12,			0.054
712,	1,	7.0,	174.962,			2.448,			0.281,			0.051
713,	1,	6.0,	174.973,			2.954,			0.215,			0.056
714,	1,	49.0,	175.108,			2.288,			0.166,			0.06
715,	1,	7.0,	175.121,			2.149,			0.174,			0.058
716,	1,	30.0,	175.294,			1.509,			0.168,			0.057
717,	1,	10.0,	175.442,			2.09,			0.228,			0.052
718,	1,	447.0,	175.664,			1.172,			0.133,			0.06
719,	2,	99.0,	175.732,			13.17,			1.111,			0.195
720,	2,	228.0,	175.791,			14.931,			1.244,			0.171
721,	1,	447.0,	175.948,			2.717,			0.287,			0.053
722,	1,	30.0,	175.981,			2.123,			0.106,			0.056
723,	1,	512.0,	176.068,			1.009,			0.26,			0.058
724,	1,	10.0,	176.323,			2.384,			0.146,			0.051
725,	1,	7.0,	176.425,			2.969,			0.263,			0.054
726,	1,	59.0,	176.456,			2.479,			0.213,			0.051
727,	1,	559.0,	176.566,			2.219,			0.227,			0.057
728,	1,	157.0,	176.566,			2.441,			0.124,			0.059
729,	1,	49.0,	176.65,			1.749,			0.186,			0.054
730,	1,	169.0,	177.091,			2.398,			0.205,			0.057
731,	1,	126.0,	177.122,			1.031,			0.172,			0.059
732,	1,	7.0,	177.159,			2.41,			0.27,			0.056
733,	1,	103.0,	177.735,			2.303,			0.238,			0.054
734,	1,	44.0,	177.841,			1.289,			0.163,			0.052
735,	1,	6.0,	177.948,			1.409,			0.251,			0.056
736,	1,	379.0,	178.169,			1.883,			0.244,			0.056
737,	1,	10.0,	178.384,			2.798,			0.253,			0.058
738,	1,	103.0,	178.549,			1.908,			0.209,			0.055
739,	1,	214.0,	178.825,			2.454,			0.2,			0.059
740,	1,	103.0,	178.943,			2.9,			0.161,			0.053
741,	1,	512.0,	179.106,			2.388,			0.159,			0.051
742,	1,	7.0,	179.131,			2.013,			0.239,			0.054
743,	1,	30.0,	179.362,			1.283,			0.128,			0.052
744,	1,	44.0,	179.582,			2.279,			0.142,			0.055
745,	1,	120.0,	179.631,			1.316,			0.146,			0.051
746,	2,	125.0,	180.074,			10.984,			1.148,			0.16
747,	1,	512.0,	180.185,			1.769,			0.162,			0.052
748,	1,	13.0,	180.303,			2.777,			0.155,			0.053
749,	1,	7.0,	180.692,			2.489,			0.157,			0.051
750,	2,	200.0,	180.711,			11.764,			1.091,			0.188
751,	1,	7.0,	180.782,			1.008,			0.107,			0.052
752,	1,	498.0,	181.095,			2.103,			0.184,			0.05
753,	2,	120.0,	181.228,			10.907,			1.285,			0.125
754,	1,	387.0,	181.588,			1.525,			0.27,			0.056
755,	1,	13.0,	181.791,			2.055,			0.172,			0.056
756,	2,	110.0,	181.8,			14.33,			1.013,			0.104
757,	2,	271.0,	181.961,			11.134,			1.316,			0.127
758,	1,	387.0,	182.21,			1.969,			0.237,			0.051
759,	1,	169.0,	182.337,			1.982,			0.245,			0.056
760,	1,	59.0,	182.369,			1.542,			0.245,			0.053
761,	1,	126.0,	182.688,			2.96,			0.142,			0.057
762,	1,	146.0,	182.706,			2.663,			0.267,			0.056
763,	1,	49.0,	182.769,			1.915,			0.192,			0.059
764,	2,	287.0,	182.836,			13.645,			1.089,			0.133
765,	1,	13.0,	183.205,			1.733,			0.269,			0.058
766,	1,	146.0,	183.675,			2.645,			0.231,			0.053
767,	2,	176.0,	183.882,			13.086,			1.048,			0.114
768,	2,	239.0,	183.981,			12.809,			1.012,			0.159
769,	2,	116.0,	184.324,			12.154,			1.394,			0.158
770,	1,	16.0,	184.419,			2.706,			0.288,			0.05
771,	1,	7.0,	184.461,			1.393,			0.143,			0.055
772,	2,	105.0,	184.534,			10.159,			1.013,			0.149
773,	1,	498.0,	185.211,			2.006,			0.267,			0.056
774,	1,	214.0,	185.352,			2.11,			0.107,			0.056
775,	1,	103.0,	185.445,			1.631,			0.222,			0.055
776,	2,	208.0,	185.875,			13.297,			1.031,			0.171
777,	1,	44.0,	185.908,			1.61,			0.245,			0.052
778,	1,	447.0,	186.283,			2.293,			0.13,			0.051
779,	1,	447.0,	186.408,			2.465,			0.216,			0.059
780,	1,	157.0,	186.688,			2.947,			0.299,			0.053
781,	1,	7.0,	187.012,			2.857,			0.201,			0.055
782,	1,	126.0,	187.165,			1.681,			0.224,			0.056
783,	1,	7.0,	187.548,			1.753,			0.18,			0.052
784,	1,	59.0,	187.551,			1.331,			0.236,			0.056
785,	1,	28.0,	187.863,			2.95,			0.249,			0.051
786,	1,	7.0,	188.148,			2.273,			0.173,			0.053
787,	1,	6.0,	188.366,			1.302,			0.179,			0.056
788,	1,	120.0,	188.778,			2.555,			0.222,			0.058
789,	1,	10.0,	188.858,			1.748,			0.29,			0.059
790,	1,	30.0,	189.147,			1.241,			0.127,			0.058
791,	1,	559.0,	189.23,			2.148,			0.106,			0.053
792,	1,	447.0,	189.251,			2.184,			0.165,			0.054
793,	1,	95.0,	189.343,			2.446,			0.285,			0.05
794,	1,	169.0,	189.573,			2.256,			0.28,			0.056
795,	1,	6.0,	189.575,			2.454,			0.113,			0.058
796,	1,	120.0,	189.577,			1.811,			0.221,			0.051
797,	1,	214.0,	189.767,			1.876,			0.129,			0.058
798,	1,	28.0,	189.911,			2.881,			0.29,			0.052
799,	1,	559.0,	189.916,			1.609,			0.261,			0.058
800,	1,	6.0,	190.053,			2.947,			0.225,			0.054
801,	1,	146.0,	190.438,			1.106,			0.296,			0.058
802,	1,	28.0,	190.842,			2.293,			0.233,			0.053
803,	1,	214.0,	190.844,			2.78,			0.244,			0.059
804,	1,	7.0,	191.435,			2.316,			0.139,			0.06
805,	1,	157.0,	191.52,			1.277,			0.221,			0.053
806,	1,	120.0,	191.645,			2.678,			0.175,			0.06
807,	1,	95.0,	191.671,			1.256,			0.228,			0.053
808,	1,	559.0,	191.811,			1.807,			0.258,			0.057
809,	1,	44.0,	192.734,			1.03,			0.162,			0.053
810,	1,	30.0,	192.805,			2.622,			0.225,			0.059
811,	1,	59.0,	192.834,			2.298,			0.234,			0.057
812,	1,	16.0,	193.157,			1.907,			0.215,			0.052
813,	1,	28.0,	193.56,			2.634,			0.284,			0.059
814,	1,	28.0,	193.622,			1.313,			0.12,			0.06
815,	1,	28.0,	193.768,			2.846,			0.172,			0.056
816,	1,	126.0,	194.495,			2.9,			0.217,			0.056
817,	1,	28.0,	194.606,			1.571,			0.296,			0.054
818,	1,	10.0,	195.547,			1.283,			0.172,			0.059
819,	1,	146.0,	196.286,			1.394,			0.19,			0.052
820,	1,	120.0,	196.379,			1.211,			0.139,			0.05
821,	1,	214.0,	196.548,			1.407,			0.223,			0.054
822,	1,	7.0,	196.675,			1.682,			0.113,			0.053
823,	1,	126.0,	196.698,			1.933,			0.195,			0.053
824,	2,	137.0,	196.715,			11.753,			1.445,			0.176
825,	2,	232.0,	196.93,			12.835,			1.323,			0.165
826,	1,	498.0,	197.013,			2.33,			0.132,			0.054
827,	1,	387.0,	197.406,			1.828,			0.195,			0.06
828,	2,	140.0,	197.592,			11.423,			1.166,			0.15
829,	1,	7.0,	197.949,			2.545,			0.184,			0.058
830,	1,	30.0,	198.001,			2.813,			0.225,			0.056
831,	1,	49.0,	198.204,			2.581,			0.29,			0.053
832,	1,	146.0,	198.205,			1.172,			0.14,			0.052
833,	1,	44.0,	198.25,			2.415,			0.193,			0.056
834,	1,	7.0,	198.559,			2.345,			0.103,			0.057
835,	1,	146.0,	198.565,			2.486,			0.142,			0.053
836,	2,	212.0,	198.574,			14.249,			1.47,			0.198
837,	1,	498.0,	199.44,			1.862,			0.197,			0.053
838,	1,	44.0,	199.541,			1.733,			0.148,			0.059
839,	1,	95.0,	199.632,			1.188,			0.131,			0.058
840,	1,	169.0,	199.802,			1.116,			0.123,			0.053
841,	1,	103.0,	200.368,			1.45,			0.268,			0.059
842,	1,	10.0,	200.511,			2.404,			0.124,			0.058
843,	2,	87.0,	200.642,			12.617,			1.437,			0.192
844,	1,	126.0,	200.786,			1.269,			0.157,			0.054
845,	1,	7.0,	200.938,			2.768,			0.289,			0.059
846,	1,	126.0,	201.785,			1.406,			0.146,			0.059
847,	1,	10.0,	201.961,			1.168,			0.108,			0.058
848,	1,	6.0,	201.995,			1.581,			0.12,			0.057
849,	1,	120.0,	202.073,			2.031,			0.133,			0.054
850,	1,	512.0,	202.103,			1.581,			0.136,			0.05
851,	1,	7.0,	202.43,			2.763,			0.17,			0.051
852,	1,	49.0,	203.916,			2.155,			0.228,			0.059
853,	1,	13.0,	203.92,			1.144,			0.226,			0.051
854,	1,	103.0,	203.989,			1.732,			0.229,			0.058
855,	1,	90.0,	204.084,			1.482,			0.182,			0.05
856,	2,	228.0,	204.293,			12.57,			1.015,			0.127
857,	1,	10.0,	204.294,			1.825,			0.203,			0.06
858,	1,	13.0,	204.492,			1.857,			0.125,			0.058
859,	1,	16.0,	204.538,			1.768,			0.2,			0.052
860,	1,	559.0,	205.436,			1.083,			0.108,			0.054
861,	2,	195.0,	205.473,			12.206,			1.1,			0.122
862,	1,	498.0,	205.84,			2.018,			0.179,			0.053
863,	2,	95.0,	206.229,			12.299,			1.229,			0.188
864,	1,	7.0,	206.587,			2.565,			0.206,			0.053
865,	1,	6.0,	206.777,			2.888,			0.278,			0.054
866,	1,	95.0,	206.871,			1.009,			0.169,			0.057
867,	1,	59.0,	207.215,			1.423,			0.154,			0.054
868,	1,	6.0,	208.802,			2.169,			0.214,			0.06
869,	1,	126.0,	208.982,			1.14,			0.118,			0.06
870,	1,	30.0,	208.986,			2.102,			0.189,			0.059
871,	1,	44.0,	209.356,			1.225,			0.267,			0.057
872,	1,	28.0,	209.597,			2.26,			0.217,			0.054
873,	1,	103.0,	210.325,			1.64,			0.274,			0.059
874,	1,	498.0,	212.121,			2.709,			0.146,			0.055
875,	2,	263.0,	212.215,			11.3,			1.437,			0.168
876,	1,	6.0,	212.338,			2.598,			0.275,			0.058
877,	1,	13.0,	212.493,			2.557,			0.215,			0.057
878,	2,	79.0,	212.619,			10.9,			1.473,			0.161
879,	1,	44.0,	212.727,			2.103,			0.125,			0.055
880,	2,	207.0,	212.838,			12.608,			1.166,			0.191
881,	1,	387.0,	212.892,			2.427,			0.232,			0.054
882,	2,	127.0,	213.046,			12.434,			1.254,			0.137
883,	1,	103.0,	213.866,			2.838,			0.148,			0.055
884,	1,	498.0,	213.912,			1.826,			0.275,			0.059
885,	1,	44.0,	214.582,			2.91,			0.282,			0.055
886,	2,	165.0,	214.619,			10.339,			1.486,			0.109
887,	1,	512.0,	215.694,			1.145,			0.228,			0.06
888,	1,	16.0,	216.207,			2.407,			0.29,			0.053
889,	2,	156.0,	216.243,			14.76,			1.248,			0.125
890,	1,	559.0,	216.386,			2.317,			0.267,			0.054
891,	1,	95.0,	216.399,			1.071,			0.191,			0.06
892,	2,	102.0,	218.188,			13.676,			1.064,			0.113
893,	1,	7.0,	218.828,			1.683,			0.138,			0.053
894,	1,	49.0,	218.878,			1.822,			0.299,			0.056
895,	1,	379.0,	219.136,			1.659,			0.189,			0.051
896,	2,	283.0,	219.236,			10.592,			1.484,			0.189
897,	2,	158.0,	219.273,			13.528,			1.343,			0.187
898,	1,	30.0,	219.447,			1.501,			0.109,			0.056
899,	1,	169.0,	219.58,			1.516,			0.169,			0.06
900,	1,	6.0,	219.811,			1.391,			0.252,			0.053
901,	1,	498.0,	220.408,			2.149,			0.134,			0.051
902,	1,	30.0,	220.942,			2.241,			0.101,			0.056
903,	1,	49.0,	220.97,			2.407,			0.174,			0.059
904,	1,	379.0,	221.386,			2.199,			0.202,			0.052
905,	1,	10.0,	221.572,			1.515,			0.287,			0.053
906,	1,	44.0,	222.142,			2.926,			0.116,			0.052
907,	2,	123.0,	222.419,			11.764,			1.108,			0.174
908,	1,	146.0,	222.903,			2.194,			0.166,			0.058
909,	1,	559.0,	223.806,			1.031,			0.175,			0.056
910,	2,	79.0,	224.543,			12.304,			1.015,			0.111
911,	1,	28.0,	224.729,			1.421,			0.299,			0.058
912,	1,	214.0,	224.918,			1.701,			0.263,			0.052
913,	1,	10.0,	224.975,			2.282,			0.15,			0.058
914,	1,	498.0,	225.358,			2.388,			0.205,			0.054
915,	2,	77.0,	225.426,			10.118,			1.299,			0.142
916,	2,	118.0,	226.51,			11.575,			1.27,			0.192
917,	1,	59.0,	226.572,			1.748,			0.242,			0.056
918,	1,	120.0,	226.848,			2.968,			0.189,			0.054
919,	1,	387.0,	227.218,			1.504,			0.208,			0.054
920,	2,	190.0,	227.791,			14.439,			1.155,			0.111
921,	1,	10.0,	227.874,			2.404,			0.241,			0.05
922,	1,	90.0,	227.99,			2.318,			0.287,			0.051
923,	1,	6.0,	227.993,			1.008,			0.293,			0.051
924,	2,	232.0,	228.354,			14.906,			1.029,			0.12
925,	1,	90.0,	228.413,			2.554,			0.266,			0.051
926,	1,	498.0,	229.428,			2.628,			0.283,			0.059
927,	1,	120.0,	230.261,			2.133,			0.249,			0.057
928,	2,	102.0,	231.883,			10.15,			1.073,			0.177
929,	1,	559.0,	232.973,			1.225,			0.154,			0.054
930,	1,	7.0,	233.956,			2.588,			0.189,			0.056
931,	1,	44.0,	234.335,			1.472,			0.189,			0.051
932,	1,	7.0,	234.494,			2.858,			0.161,			0.06
933,	1,	13.0,	236.392,			2.293,			0.183,			0.052
934,	1,	512.0,	236.887,			2.226,			0.116,			0.053
935,	2,	53.0,	237.422,			12.741,			1.278,			0.156
936,	2,	172.0,	237.756,			13.349,			1.108,			0.197
937,	1,	157.0,	238.644,			2.675,			0.208,			0.051
938,	2,	98.0,	239.993,			14.33,			1.12,			0.136
939,	2,	140.0,	241.251,			11.628,			1.315,			0.195
940,	2,	126.0,	242.396,			10.598,			1.244,			0.12
941,	1,	512.0,	242.693,			1.653,			0.174,			0.06
942,	1,	120.0,	243.61,			2.947,			0.289,			0.058
943,	2,	200.0,	243.734,			10.392,			1.053,			0.179
944,	2,	144.0,	244.371,			10.527,			1.473,			0.134
945,	1,	49.0,	244.459,			2.103,			0.15,			0.052
946,	2,	171.0,	244.803,			11.834,			1.244,			0.184
947,	2,	73.0,	246.032,			12.909,			1.27,			0.149
948,	1,	7.0,	247.933,			1.631,			0.13,			0.056
949,	1,	146.0,	248.604,			1.61,			0.112,			0.059
950,	2,	103.0,	248.947,			13.303,			1.433,			0.127
951,	1,	10.0,	248.982,			1.263,			0.184,			0.052
952,	2,	266.0,	249.462,			11.028,			1.166,			0.167
953,	1,	214.0,	249.645,			2.013,			0.231,			0.054
954,	2,	179.0,	249.938,			10.397,			1.433,			0.125
955,	1,	169.0,	250.844,			1.36,			0.162,			0.054
956,	1,	7.0,	251.637,			2.866,			0.284,			0.05
957,	2,	93.0,	251.856,			13.639,			1.379,			0.146
958,	1,	146.0,	252.827,			1.128,			0.23,			0.058
959,	1,	447.0,	255.15,			1.511,			0.113,			0.052
960,	2,	158.0,	255.623,			11.28,			1.186,			0.118
961,	1,	103.0,	257.158,			2.759,			0.206,			0.051
962,	1,	59.0,	259.481,			1.411,			0.289,			0.052
963,	1,	30.0,	259.683,			1.4,			0.22,			0.052
964,	1,	512.0,	259.972,			1.148,			0.246,			0.056
965,	1,	6.0,	261.392,			1.719,			0.207,			0.053
966,	2,	172.0,	261.467,			13.499,			1.32,			0.147
967,	2,	205.0,	262.904,			11.93,			1.335,			0.145
968,	2,	171.0,	263.064,			11.392,			1.087,			0.103
969,	2,	135.0,	263.981,			13.667,			1.022,			0.114
970,	1,	387.0,	265.314,			1.424,			0.151,			0.052
971,	1,	28.0,	265.709,			1.031,			0.24,			0.053
972,	2,	101.0,	265.847,			14.53,			1.147,			0.156
973,	1,	157.0,	265.959,			2.943,			0.272,			0.051
974,	2,	333.0,	266.086,			13.575,			1.356,			0.104
975,	2,	220.0,	266.579,			13.667,			1.321,			0.145
976,	2,	274.0,	266.678,			13.735,			1.223,			0.119
977,	2,	186.0,	268.246,			10.882,			1.418,			0.149
978,	1,	379.0,	269.225,			1.67,			0.289,			0.056
979,	2,	150.0,	269.352,			13.266,			1.334,			0.188
980,	1,	103.0,	269.493,			2.681,			0.184,			0.054
981,	2,	82.0,	275.06,			10.506,			1.175,			0.15
982,	1,	13.0,	275.36,			1.406,			0.232,			0.051
983,	2,	159.0,	275.522,			12.15,			1.35,			0.135
984,	2,	185.0,	276.122,			11.994,			1.075,			0.107
985,	2,	105.0,	280.278,			13.195,			1.187,			0.156
986,	2,	160.0,	280.466,			11.011,			1.051,			0.14
987,	1,	90.0,	282.085,			1.425,			0.144,			0.059
988,	2,	158.0,	283.897,			10.223,			1.278,			0.102
989,	2,	307.0,	286.354,			13.718,			1.299,			0.186
990,	1,	379.0,	287.628,			1.859,			0.285,			0.057
991,	2,	65.0,	288.879,			14.572,			1.161,			0.151
992,	2,	156.0,	292.827,			10.78,			1.096,			0.137
993,	2,	67.0,	293.159,			12.93,			1.171,			0.177
994,	2,	147.0,	293.858,			11.082,			1.236,			0.137
995,	1,	447.0,	294.017,			1.985,			0.236,			0.05
996,	2,	33.0,	294.153,			10.55,			1.087,			0.164
997,	1,	498.0,	296.034,			1.151,			0.289,			0.053
998,	2,	128.0,	296.243,			13.345,			1.251,			0.143
999,	1,	30.0,	300.0,			2.618,			0.298,			0.055
1000,	1,	7.0,	300.0,			1.052,			0.288,			0.052
