#, task_type_id, size, arrival_time,	execution_time_cpu,	execution_time_gpu,	execution_time_CLOUD
1,	1,	6.0,	0.0,			2.063,			0.121,			0.052
2,	2,	154.0,	1.264,			12.174,			1.308,			0.163
3,	2,	176.0,	1.409,			12.372,			1.153,			0.176
4,	2,	117.0,	1.466,			10.46,			1.188,			0.137
5,	2,	137.0,	2.332,			12.546,			1.017,			0.102
6,	2,	93.0,	4.416,			13.681,			1.431,			0.126
7,	2,	192.0,	4.943,			13.651,			1.303,			0.172
8,	2,	105.0,	5.047,			12.902,			1.25,			0.199
9,	2,	195.0,	5.672,			10.669,			1.241,			0.194
10,	2,	166.0,	7.297,			14.282,			1.245,			0.121
11,	2,	285.0,	9.109,			11.85,			1.186,			0.108
12,	2,	155.0,	12.615,			12.046,			1.24,			0.164
13,	2,	151.0,	13.583,			13.894,			1.322,			0.11
14,	2,	263.0,	15.06,			10.669,			1.283,			0.133
15,	2,	141.0,	15.147,			12.088,			1.096,			0.107
16,	2,	114.0,	15.571,			13.613,			1.038,			0.123
17,	1,	387.0,	15.695,			2.888,			0.129,			0.058
18,	2,	132.0,	25.535,			14.4,			1.365,			0.105
19,	2,	160.0,	25.551,			12.304,			1.203,			0.131
20,	2,	113.0,	25.688,			12.787,			1.282,			0.113
21,	1,	6.0,	30.108,			2.799,			0.135,			0.059
22,	2,	244.0,	30.694,			10.083,			1.416,			0.198
23,	1,	387.0,	30.976,			1.421,			0.283,			0.054
24,	2,	72.0,	31.7,			14.43,			1.453,			0.136
25,	1,	559.0,	31.77,			1.364,			0.159,			0.055
26,	2,	125.0,	33.219,			10.56,			1.398,			0.132
27,	2,	72.0,	34.724,			14.436,			1.467,			0.108
28,	1,	559.0,	35.504,			2.548,			0.185,			0.058
29,	2,	281.0,	35.706,			11.331,			1.085,			0.165
30,	2,	139.0,	35.787,			13.106,			1.077,			0.114
31,	2,	139.0,	35.813,			14.216,			1.219,			0.197
32,	2,	139.0,	36.369,			12.789,			1.141,			0.142
33,	1,	49.0,	36.895,			1.213,			0.253,			0.053
34,	1,	95.0,	37.891,			1.448,			0.263,			0.053
35,	1,	214.0,	38.207,			1.807,			0.193,			0.06
36,	1,	6.0,	38.297,			2.866,			0.187,			0.05
37,	2,	167.0,	38.347,			10.173,			1.092,			0.127
38,	2,	172.0,	40.53,			11.764,			1.498,			0.131
39,	2,	266.0,	40.573,			12.533,			1.117,			0.197
40,	1,	13.0,	40.902,			2.167,			0.133,			0.055
41,	1,	10.0,	41.108,			2.701,			0.211,			0.056
42,	1,	7.0,	41.471,			2.317,			0.157,			0.054
43,	1,	126.0,	41.727,			1.486,			0.266,			0.056
44,	2,	248.0,	41.858,			14.572,			1.041,			0.172
45,	1,	387.0,	42.493,			1.121,			0.166,			0.05
46,	2,	89.0,	42.637,			10.592,			1.2,			0.16
47,	2,	111.0,	43.162,			12.546,			1.441,			0.123
48,	1,	447.0,	43.17,			2.26,			0.249,			0.058
49,	1,	13.0,	43.697,			2.652,			0.195,			0.058
50,	2,	248.0,	43.786,			12.741,			1.44,			0.105
51,	1,	157.0,	43.903,			1.116,			0.277,			0.059
52,	1,	90.0,	44.374,			2.874,			0.156,			0.053
53,	2,	274.0,	45.662,			11.19,			1.489,			0.108
54,	2,	190.0,	46.15,			11.229,			1.121,			0.14
55,	2,	215.0,	46.59,			14.244,			1.406,			0.107
56,	1,	7.0,	46.703,			1.413,			0.193,			0.056
57,	1,	379.0,	46.742,			1.071,			0.238,			0.055
58,	1,	120.0,	47.157,			1.501,			0.298,			0.058
59,	1,	6.0,	47.222,			2.567,			0.199,			0.054
60,	2,	347.0,	47.222,			10.617,			1.367,			0.121
61,	1,	559.0,	47.404,			2.006,			0.287,			0.059
62,	2,	133.0,	48.628,			11.628,			1.296,			0.126
63,	2,	233.0,	49.428,			13.217,			1.337,			0.129
64,	1,	6.0,	50.461,			1.76,			0.189,			0.058
65,	1,	387.0,	51.535,			1.483,			0.138,			0.058
66,	2,	133.0,	53.467,			10.721,			1.099,			0.152
67,	1,	28.0,	54.19,			1.61,			0.177,			0.059
68,	2,	83.0,	55.888,			10.083,			1.323,			0.119
69,	1,	7.0,	58.435,			1.722,			0.288,			0.058
70,	1,	7.0,	58.978,			1.61,			0.152,			0.056
71,	2,	88.0,	60.572,			12.105,			1.356,			0.133
72,	2,	159.0,	61.45,			12.15,			1.249,			0.161
73,	2,	79.0,	61.676,			10.978,			1.427,			0.164
74,	1,	7.0,	62.225,			1.441,			0.211,			0.06
75,	2,	89.0,	62.319,			13.136,			1.374,			0.111
76,	1,	90.0,	62.763,			2.249,			0.14,			0.056
77,	1,	387.0,	63.028,			2.759,			0.221,			0.055
78,	2,	98.0,	63.049,			10.178,			1.457,			0.117
79,	2,	203.0,	63.139,			13.892,			1.029,			0.165
80,	1,	7.0,	63.438,			1.225,			0.293,			0.051
81,	1,	6.0,	63.834,			1.698,			0.176,			0.055
82,	1,	44.0,	64.11,			2.176,			0.271,			0.055
83,	1,	59.0,	64.195,			1.561,			0.177,			0.057
84,	1,	126.0,	64.945,			1.522,			0.216,			0.057
85,	1,	387.0,	65.59,			1.633,			0.12,			0.052
86,	1,	169.0,	65.77,			1.098,			0.146,			0.055
87,	1,	44.0,	66.143,			2.681,			0.142,			0.056
88,	1,	379.0,	66.636,			2.225,			0.225,			0.054
89,	1,	90.0,	67.61,			1.393,			0.29,			0.054
90,	2,	149.0,	67.781,			12.564,			1.011,			0.198
91,	1,	103.0,	68.062,			1.524,			0.215,			0.054
92,	1,	7.0,	68.239,			2.36,			0.219,			0.054
93,	2,	158.0,	68.9,			10.77,			1.015,			0.197
94,	1,	512.0,	69.036,			2.579,			0.133,			0.059
95,	2,	155.0,	69.34,			12.144,			1.405,			0.162
96,	1,	7.0,	69.631,			2.087,			0.15,			0.051
97,	1,	498.0,	70.553,			2.14,			0.124,			0.052
98,	1,	7.0,	70.659,			1.707,			0.146,			0.057
99,	1,	146.0,	70.758,			2.169,			0.297,			0.058
100,	1,	387.0,	71.132,			2.702,			0.295,			0.052
101,	1,	90.0,	72.18,			1.588,			0.132,			0.056
102,	1,	7.0,	72.24,			1.432,			0.287,			0.05
103,	1,	103.0,	72.879,			1.515,			0.211,			0.053
104,	2,	214.0,	73.264,			12.33,			1.35,			0.121
105,	1,	16.0,	73.33,			2.857,			0.284,			0.06
106,	2,	149.0,	73.876,			12.627,			1.253,			0.163
107,	1,	447.0,	74.213,			1.883,			0.262,			0.052
108,	1,	498.0,	74.554,			2.945,			0.158,			0.051
109,	2,	137.0,	74.637,			13.088,			1.038,			0.131
110,	2,	154.0,	74.831,			13.266,			1.29,			0.16
111,	1,	6.0,	75.385,			2.149,			0.29,			0.059
112,	1,	126.0,	75.552,			1.406,			0.234,			0.051
113,	1,	30.0,	75.754,			1.485,			0.142,			0.058
114,	1,	157.0,	76.75,			1.262,			0.284,			0.055
115,	1,	44.0,	77.309,			2.757,			0.17,			0.05
116,	1,	30.0,	77.73,			2.95,			0.186,			0.052
117,	1,	49.0,	77.924,			2.223,			0.176,			0.054
118,	1,	6.0,	77.935,			2.717,			0.198,			0.051
119,	1,	169.0,	78.019,			1.282,			0.272,			0.054
120,	2,	154.0,	78.096,			11.302,			1.097,			0.113
121,	1,	103.0,	78.237,			2.879,			0.106,			0.056
122,	1,	7.0,	78.624,			2.725,			0.231,			0.052
123,	1,	169.0,	78.755,			2.9,			0.133,			0.056
124,	1,	7.0,	79.123,			2.911,			0.238,			0.054
125,	2,	28.0,	79.178,			13.209,			1.454,			0.184
126,	1,	7.0,	79.368,			2.127,			0.293,			0.053
127,	1,	7.0,	79.398,			1.128,			0.161,			0.052
128,	1,	447.0,	79.408,			1.391,			0.131,			0.059
129,	1,	95.0,	79.728,			1.984,			0.127,			0.054
130,	1,	30.0,	79.745,			1.913,			0.244,			0.059
131,	1,	95.0,	79.77,			1.924,			0.119,			0.052
132,	1,	49.0,	79.912,			1.485,			0.279,			0.059
133,	1,	120.0,	79.925,			1.217,			0.29,			0.052
134,	1,	7.0,	79.928,			2.542,			0.187,			0.051
135,	1,	16.0,	80.052,			2.557,			0.288,			0.056
136,	1,	6.0,	80.676,			2.11,			0.284,			0.057
137,	2,	124.0,	80.845,			12.528,			1.492,			0.176
138,	1,	6.0,	81.385,			2.911,			0.236,			0.05
139,	1,	103.0,	81.445,			2.268,			0.282,			0.057
140,	2,	147.0,	82.055,			10.397,			1.297,			0.18
141,	2,	155.0,	82.13,			12.15,			1.389,			0.103
142,	1,	126.0,	82.29,			2.467,			0.129,			0.052
143,	1,	16.0,	82.497,			1.408,			0.135,			0.058
144,	1,	90.0,	82.739,			1.684,			0.209,			0.06
145,	1,	512.0,	82.962,			1.749,			0.221,			0.052
146,	1,	95.0,	82.999,			2.398,			0.128,			0.053
147,	1,	214.0,	83.446,			1.927,			0.131,			0.056
148,	1,	28.0,	83.483,			2.498,			0.135,			0.05
149,	1,	387.0,	84.077,			2.896,			0.259,			0.06
150,	1,	7.0,	84.104,			2.11,			0.215,			0.055
151,	1,	44.0,	84.164,			1.358,			0.166,			0.06
152,	1,	16.0,	84.785,			2.318,			0.167,			0.057
153,	1,	387.0,	84.812,			2.345,			0.237,			0.058
154,	1,	6.0,	85.074,			2.78,			0.161,			0.052
155,	1,	7.0,	85.994,			1.742,			0.264,			0.051
156,	1,	214.0,	86.683,			1.028,			0.118,			0.059
157,	1,	498.0,	86.698,			2.893,			0.159,			0.054
158,	1,	49.0,	86.869,			1.662,			0.217,			0.054
159,	1,	7.0,	87.017,			1.631,			0.13,			0.057
160,	1,	44.0,	87.102,			2.557,			0.258,			0.055
161,	1,	559.0,	87.465,			1.293,			0.239,			0.055
162,	1,	120.0,	87.932,			1.423,			0.206,			0.051
163,	1,	13.0,	88.212,			1.086,			0.134,			0.051
164,	1,	10.0,	88.462,			1.372,			0.116,			0.057
165,	1,	169.0,	88.551,			1.291,			0.214,			0.059
166,	1,	157.0,	88.95,			2.418,			0.13,			0.056
167,	2,	250.0,	88.968,			11.091,			1.227,			0.194
168,	1,	559.0,	89.17,			1.631,			0.246,			0.059
169,	1,	7.0,	89.964,			1.42,			0.207,			0.053
170,	1,	169.0,	90.075,			1.694,			0.14,			0.054
171,	1,	512.0,	90.324,			1.645,			0.21,			0.056
172,	2,	95.0,	90.494,			13.225,			1.029,			0.148
173,	1,	126.0,	90.603,			2.542,			0.104,			0.06
174,	1,	447.0,	91.166,			1.408,			0.239,			0.052
175,	1,	13.0,	91.255,			1.566,			0.106,			0.053
176,	1,	447.0,	91.325,			1.317,			0.255,			0.059
177,	1,	126.0,	91.624,			2.772,			0.242,			0.056
178,	1,	28.0,	91.76,			1.886,			0.174,			0.059
179,	1,	59.0,	91.892,			1.543,			0.231,			0.057
180,	1,	447.0,	92.057,			1.025,			0.262,			0.059
181,	1,	44.0,	92.735,			1.22,			0.2,			0.051
182,	1,	44.0,	92.784,			2.797,			0.19,			0.056
183,	1,	95.0,	92.815,			1.36,			0.135,			0.053
184,	1,	447.0,	92.915,			2.616,			0.24,			0.052
185,	1,	146.0,	93.433,			2.36,			0.113,			0.053
186,	1,	559.0,	93.633,			1.172,			0.225,			0.052
187,	1,	59.0,	93.84,			1.719,			0.162,			0.054
188,	2,	178.0,	94.19,			14.215,			1.015,			0.139
189,	1,	13.0,	94.442,			2.914,			0.276,			0.054
190,	2,	72.0,	94.442,			11.727,			1.332,			0.199
191,	1,	7.0,	94.556,			1.716,			0.211,			0.054
192,	1,	44.0,	94.961,			2.18,			0.215,			0.054
193,	1,	6.0,	95.785,			1.398,			0.281,			0.056
194,	1,	512.0,	96.072,			2.645,			0.15,			0.054
195,	1,	16.0,	96.288,			1.213,			0.133,			0.06
196,	1,	447.0,	96.449,			2.655,			0.221,			0.051
197,	2,	135.0,	96.695,			13.381,			1.39,			0.131
198,	1,	6.0,	96.743,			2.386,			0.297,			0.057
199,	1,	90.0,	96.814,			1.969,			0.114,			0.054
200,	1,	447.0,	96.953,			1.484,			0.226,			0.052
201,	1,	30.0,	97.474,			2.305,			0.131,			0.052
202,	1,	16.0,	97.867,			2.549,			0.29,			0.056
203,	1,	30.0,	97.895,			1.252,			0.19,			0.052
204,	2,	217.0,	98.236,			10.178,			1.397,			0.137
205,	1,	44.0,	98.705,			1.776,			0.128,			0.055
206,	2,	76.0,	98.877,			10.365,			1.1,			0.149
207,	1,	169.0,	99.233,			2.31,			0.243,			0.052
208,	1,	7.0,	99.381,			2.41,			0.106,			0.059
209,	1,	559.0,	99.4,			2.562,			0.217,			0.051
210,	1,	13.0,	99.525,			2.911,			0.263,			0.056
211,	1,	59.0,	99.68,			2.225,			0.192,			0.052
212,	2,	103.0,	99.778,			12.155,			1.243,			0.122
213,	1,	214.0,	99.79,			1.535,			0.117,			0.054
214,	1,	28.0,	99.803,			2.317,			0.279,			0.052
215,	1,	10.0,	100.076,			1.107,			0.151,			0.054
216,	1,	379.0,	100.147,			2.703,			0.174,			0.055
217,	1,	103.0,	100.255,			2.18,			0.223,			0.056
218,	1,	498.0,	100.735,			2.293,			0.133,			0.059
219,	1,	28.0,	100.998,			1.575,			0.189,			0.053
220,	1,	559.0,	101.072,			1.671,			0.17,			0.06
221,	2,	184.0,	101.21,			10.96,			1.189,			0.179
222,	1,	44.0,	101.582,			2.701,			0.187,			0.054
223,	1,	157.0,	101.754,			1.406,			0.22,			0.06
224,	1,	16.0,	101.92,			2.865,			0.139,			0.056
225,	1,	126.0,	102.15,			2.2,			0.289,			0.058
226,	1,	16.0,	102.171,			1.548,			0.27,			0.054
227,	1,	10.0,	102.333,			1.009,			0.162,			0.058
228,	1,	214.0,	102.703,			1.402,			0.22,			0.055
229,	1,	379.0,	102.953,			1.525,			0.279,			0.054
230,	1,	7.0,	103.415,			1.225,			0.192,			0.055
231,	1,	7.0,	103.434,			1.08,			0.27,			0.06
232,	2,	163.0,	103.456,			12.767,			1.374,			0.149
233,	1,	6.0,	103.591,			1.748,			0.205,			0.05
234,	1,	44.0,	103.713,			1.478,			0.133,			0.055
235,	1,	379.0,	103.886,			1.158,			0.145,			0.053
236,	1,	103.0,	104.19,			2.446,			0.256,			0.059
237,	1,	95.0,	104.645,			1.343,			0.191,			0.058
238,	1,	7.0,	104.66,			2.26,			0.242,			0.056
239,	1,	146.0,	104.793,			2.768,			0.267,			0.051
240,	1,	169.0,	104.835,			1.679,			0.262,			0.058
241,	1,	49.0,	105.096,			1.486,			0.217,			0.055
242,	1,	6.0,	105.379,			2.223,			0.145,			0.057
243,	1,	559.0,	105.499,			1.358,			0.244,			0.056
244,	1,	498.0,	105.54,			1.878,			0.167,			0.055
245,	1,	447.0,	105.619,			2.673,			0.205,			0.057
246,	1,	379.0,	106.438,			2.636,			0.249,			0.054
247,	1,	498.0,	106.608,			1.81,			0.195,			0.051
248,	1,	7.0,	106.637,			2.238,			0.222,			0.051
249,	1,	447.0,	107.023,			1.168,			0.215,			0.06
250,	2,	42.0,	107.308,			13.86,			1.438,			0.111
251,	1,	7.0,	108.083,			2.498,			0.19,			0.053
252,	2,	123.0,	108.346,			14.889,			1.207,			0.102
253,	1,	13.0,	108.374,			2.31,			0.233,			0.058
254,	1,	169.0,	108.44,			1.039,			0.154,			0.052
255,	1,	95.0,	109.056,			1.683,			0.212,			0.056
256,	1,	90.0,	109.101,			1.596,			0.277,			0.057
257,	1,	512.0,	109.173,			2.491,			0.172,			0.056
258,	1,	6.0,	109.205,			2.407,			0.174,			0.059
259,	1,	387.0,	109.99,			2.533,			0.172,			0.052
260,	1,	6.0,	110.091,			1.435,			0.133,			0.05
261,	1,	387.0,	110.148,			2.795,			0.282,			0.054
262,	1,	157.0,	110.253,			1.853,			0.22,			0.056
263,	1,	103.0,	110.263,			1.733,			0.146,			0.051
264,	1,	169.0,	110.341,			1.211,			0.122,			0.057
265,	2,	242.0,	110.584,			10.742,			1.268,			0.139
266,	1,	7.0,	110.673,			1.972,			0.125,			0.051
267,	2,	201.0,	110.742,			11.371,			1.27,			0.103
268,	1,	498.0,	110.764,			1.988,			0.211,			0.053
269,	1,	387.0,	111.458,			1.539,			0.131,			0.058
270,	1,	120.0,	111.526,			1.732,			0.165,			0.055
271,	1,	214.0,	111.534,			1.485,			0.298,			0.051
272,	1,	214.0,	112.06,			1.981,			0.253,			0.058
273,	1,	13.0,	112.302,			2.222,			0.256,			0.056
274,	1,	103.0,	112.324,			2.415,			0.234,			0.05
275,	1,	10.0,	112.373,			1.422,			0.298,			0.057
276,	1,	6.0,	112.714,			1.651,			0.247,			0.051
277,	1,	16.0,	112.768,			1.413,			0.157,			0.052
278,	1,	13.0,	112.796,			1.979,			0.282,			0.058
279,	1,	6.0,	113.051,			1.709,			0.203,			0.051
280,	1,	7.0,	113.066,			2.799,			0.173,			0.06
281,	1,	126.0,	113.103,			1.861,			0.231,			0.06
282,	1,	103.0,	113.54,			1.9,			0.179,			0.056
283,	1,	44.0,	113.636,			1.719,			0.28,			0.058
284,	1,	28.0,	113.882,			2.893,			0.248,			0.054
285,	2,	323.0,	114.389,			13.345,			1.454,			0.156
286,	1,	103.0,	114.688,			2.807,			0.154,			0.057
287,	1,	126.0,	115.043,			1.174,			0.125,			0.06
288,	1,	7.0,	115.097,			2.705,			0.256,			0.06
289,	1,	28.0,	115.224,			2.955,			0.133,			0.056
290,	1,	103.0,	115.375,			2.114,			0.275,			0.055
291,	1,	126.0,	115.515,			1.631,			0.254,			0.06
292,	2,	165.0,	115.638,			11.302,			1.443,			0.13
293,	1,	7.0,	115.716,			2.181,			0.147,			0.054
294,	1,	512.0,	116.006,			2.321,			0.135,			0.052
295,	1,	30.0,	116.326,			1.411,			0.274,			0.054
296,	1,	13.0,	116.708,			2.625,			0.272,			0.056
297,	1,	7.0,	116.855,			1.511,			0.275,			0.055
298,	1,	49.0,	117.006,			1.486,			0.202,			0.055
299,	1,	44.0,	117.045,			2.454,			0.101,			0.057
300,	1,	126.0,	117.165,			1.393,			0.168,			0.051
301,	1,	7.0,	117.201,			2.926,			0.143,			0.058
302,	1,	30.0,	117.418,			1.164,			0.116,			0.052
303,	1,	7.0,	117.492,			2.548,			0.222,			0.056
304,	1,	214.0,	117.613,			1.35,			0.238,			0.056
305,	1,	559.0,	117.834,			2.384,			0.226,			0.055
306,	1,	126.0,	118.305,			1.27,			0.176,			0.051
307,	1,	16.0,	118.461,			2.544,			0.125,			0.057
308,	1,	498.0,	118.772,			1.952,			0.255,			0.051
309,	1,	103.0,	118.945,			1.42,			0.128,			0.051
310,	1,	7.0,	119.003,			2.768,			0.238,			0.054
311,	1,	16.0,	119.086,			1.688,			0.162,			0.057
312,	1,	16.0,	119.264,			1.809,			0.107,			0.056
313,	1,	447.0,	119.415,			2.598,			0.272,			0.054
314,	1,	387.0,	119.718,			1.395,			0.209,			0.056
315,	1,	512.0,	119.875,			1.128,			0.156,			0.059
316,	2,	117.0,	119.963,			13.174,			1.011,			0.164
317,	2,	138.0,	119.983,			13.86,			1.498,			0.185
318,	1,	498.0,	120.002,			2.487,			0.231,			0.051
319,	1,	6.0,	120.081,			2.323,			0.297,			0.054
320,	1,	169.0,	120.137,			1.425,			0.289,			0.056
321,	1,	498.0,	120.225,			1.431,			0.281,			0.054
322,	1,	49.0,	120.227,			1.422,			0.293,			0.051
323,	1,	7.0,	120.382,			2.711,			0.134,			0.051
324,	1,	13.0,	120.428,			1.035,			0.116,			0.055
325,	1,	214.0,	120.496,			2.143,			0.212,			0.058
326,	1,	49.0,	120.842,			1.009,			0.226,			0.059
327,	1,	16.0,	121.253,			2.612,			0.131,			0.057
328,	2,	141.0,	121.311,			14.906,			1.463,			0.169
329,	1,	6.0,	121.409,			2.697,			0.278,			0.054
330,	1,	7.0,	121.414,			2.429,			0.102,			0.051
331,	2,	125.0,	121.525,			12.179,			1.194,			0.125
332,	1,	512.0,	121.672,			2.232,			0.214,			0.054
333,	1,	6.0,	121.763,			2.968,			0.284,			0.054
334,	1,	7.0,	122.092,			2.866,			0.222,			0.056
335,	1,	30.0,	122.262,			2.663,			0.102,			0.059
336,	1,	6.0,	122.607,			2.184,			0.119,			0.058
337,	1,	157.0,	122.651,			2.249,			0.207,			0.053
338,	1,	447.0,	122.651,			2.316,			0.279,			0.058
339,	1,	30.0,	122.757,			1.681,			0.2,			0.057
340,	1,	7.0,	123.05,			2.2,			0.158,			0.06
341,	1,	559.0,	123.077,			2.304,			0.299,			0.055
342,	1,	447.0,	123.474,			1.671,			0.146,			0.05
343,	1,	6.0,	123.863,			2.548,			0.272,			0.058
344,	1,	126.0,	124.174,			1.252,			0.218,			0.058
345,	1,	95.0,	124.207,			1.464,			0.278,			0.059
346,	1,	95.0,	124.322,			1.64,			0.202,			0.051
347,	1,	95.0,	124.574,			1.908,			0.125,			0.053
348,	1,	90.0,	124.626,			2.645,			0.267,			0.056
349,	1,	95.0,	124.728,			2.31,			0.283,			0.054
350,	1,	16.0,	124.763,			1.035,			0.185,			0.056
351,	1,	6.0,	124.878,			2.418,			0.19,			0.051
352,	1,	7.0,	124.915,			2.26,			0.124,			0.051
353,	2,	226.0,	124.93,			14.216,			1.136,			0.116
354,	1,	7.0,	125.076,			2.377,			0.259,			0.051
355,	1,	13.0,	125.093,			1.314,			0.18,			0.051
356,	1,	7.0,	125.491,			2.638,			0.179,			0.059
357,	2,	84.0,	125.587,			13.973,			1.397,			0.114
358,	1,	103.0,	125.647,			2.298,			0.194,			0.05
359,	1,	559.0,	125.67,			1.515,			0.178,			0.052
360,	1,	214.0,	125.834,			1.111,			0.205,			0.053
361,	1,	126.0,	125.874,			1.394,			0.109,			0.052
362,	2,	207.0,	125.928,			10.297,			1.183,			0.149
363,	1,	447.0,	125.934,			1.698,			0.131,			0.055
364,	1,	146.0,	125.939,			1.26,			0.26,			0.057
365,	1,	7.0,	126.083,			1.625,			0.23,			0.058
366,	1,	169.0,	126.16,			1.358,			0.249,			0.054
367,	1,	44.0,	126.176,			1.731,			0.248,			0.06
368,	1,	7.0,	126.26,			2.999,			0.287,			0.057
369,	1,	13.0,	126.344,			1.489,			0.276,			0.057
370,	1,	6.0,	126.513,			1.031,			0.231,			0.051
371,	1,	10.0,	126.804,			2.057,			0.147,			0.051
372,	1,	498.0,	126.918,			1.008,			0.269,			0.054
373,	1,	7.0,	126.981,			2.225,			0.229,			0.052
374,	1,	498.0,	127.381,			2.852,			0.186,			0.052
375,	1,	7.0,	127.437,			1.517,			0.108,			0.056
376,	1,	6.0,	127.549,			2.598,			0.23,			0.058
377,	1,	120.0,	127.593,			2.838,			0.233,			0.054
378,	1,	169.0,	127.653,			1.535,			0.246,			0.053
379,	1,	90.0,	127.656,			2.088,			0.129,			0.051
380,	1,	103.0,	127.858,			2.324,			0.289,			0.056
381,	1,	7.0,	128.495,			1.402,			0.133,			0.057
382,	1,	7.0,	128.613,			1.956,			0.153,			0.056
383,	1,	7.0,	128.641,			1.912,			0.256,			0.059
384,	1,	126.0,	128.644,			2.076,			0.229,			0.059
385,	1,	30.0,	129.109,			1.313,			0.165,			0.056
386,	2,	142.0,	129.223,			10.586,			1.308,			0.145
387,	1,	126.0,	129.991,			1.458,			0.29,			0.059
388,	1,	28.0,	130.036,			1.483,			0.119,			0.052
389,	1,	49.0,	130.201,			1.353,			0.174,			0.059
390,	1,	6.0,	130.59,			2.796,			0.272,			0.053
391,	1,	387.0,	130.85,			2.2,			0.248,			0.055
392,	2,	266.0,	130.883,			14.132,			1.326,			0.131
393,	1,	7.0,	131.029,			1.985,			0.231,			0.054
394,	1,	379.0,	131.03,			2.911,			0.28,			0.055
395,	1,	44.0,	131.219,			2.99,			0.145,			0.059
396,	2,	131.0,	131.31,			11.11,			1.324,			0.147
397,	1,	7.0,	131.378,			2.832,			0.238,			0.058
398,	1,	169.0,	131.541,			1.928,			0.21,			0.056
399,	1,	6.0,	131.624,			1.164,			0.193,			0.05
400,	1,	59.0,	131.722,			2.366,			0.113,			0.051
401,	1,	30.0,	131.736,			1.447,			0.135,			0.054
402,	2,	214.0,	131.783,			14.931,			1.356,			0.183
403,	1,	30.0,	132.159,			2.776,			0.112,			0.055
404,	1,	95.0,	132.258,			1.601,			0.12,			0.056
405,	1,	512.0,	132.285,			1.692,			0.2,			0.056
406,	1,	7.0,	132.344,			1.421,			0.256,			0.05
407,	1,	120.0,	132.386,			1.911,			0.251,			0.051
408,	1,	95.0,	132.578,			1.864,			0.155,			0.057
409,	1,	44.0,	132.676,			2.18,			0.133,			0.057
410,	1,	49.0,	132.835,			1.581,			0.109,			0.057
411,	1,	59.0,	133.066,			1.571,			0.146,			0.051
412,	1,	512.0,	133.074,			1.731,			0.229,			0.059
413,	1,	16.0,	133.442,			1.73,			0.142,			0.059
414,	1,	44.0,	133.732,			1.316,			0.108,			0.054
415,	1,	7.0,	133.903,			1.755,			0.129,			0.053
416,	1,	49.0,	134.029,			1.998,			0.121,			0.051
417,	1,	16.0,	134.063,			1.394,			0.171,			0.052
418,	1,	379.0,	134.349,			2.901,			0.19,			0.054
419,	1,	559.0,	134.442,			1.289,			0.248,			0.055
420,	1,	379.0,	134.565,			1.411,			0.174,			0.057
421,	1,	49.0,	134.596,			2.827,			0.214,			0.055
422,	1,	498.0,	134.597,			2.725,			0.274,			0.057
423,	1,	214.0,	134.866,			2.645,			0.13,			0.054
424,	2,	126.0,	135.0,			14.351,			1.493,			0.126
425,	1,	512.0,	135.14,			2.28,			0.235,			0.06
426,	1,	7.0,	135.168,			2.598,			0.121,			0.053
427,	1,	16.0,	135.24,			1.63,			0.156,			0.059
428,	1,	146.0,	135.371,			2.751,			0.289,			0.058
429,	1,	146.0,	135.386,			1.146,			0.233,			0.052
430,	1,	44.0,	136.027,			2.149,			0.217,			0.055
431,	2,	136.0,	136.062,			13.185,			1.073,			0.139
432,	1,	447.0,	136.244,			1.515,			0.21,			0.052
433,	1,	387.0,	136.43,			1.915,			0.254,			0.06
434,	1,	7.0,	136.926,			1.302,			0.2,			0.054
435,	1,	10.0,	137.049,			2.571,			0.104,			0.056
436,	1,	90.0,	137.317,			2.903,			0.257,			0.05
437,	1,	512.0,	137.602,			2.163,			0.252,			0.05
438,	1,	90.0,	137.606,			2.525,			0.242,			0.055
439,	1,	90.0,	137.856,			1.416,			0.19,			0.058
440,	2,	264.0,	137.89,			11.162,			1.012,			0.131
441,	1,	7.0,	138.129,			1.909,			0.168,			0.051
442,	2,	71.0,	138.154,			12.581,			1.06,			0.194
443,	1,	214.0,	138.271,			1.382,			0.131,			0.058
444,	1,	7.0,	138.285,			1.172,			0.217,			0.058
445,	2,	314.0,	138.579,			11.316,			1.343,			0.113
446,	1,	126.0,	138.897,			1.372,			0.214,			0.055
447,	2,	182.0,	138.982,			10.103,			1.498,			0.158
448,	1,	49.0,	139.047,			2.796,			0.228,			0.057
449,	2,	124.0,	139.455,			10.792,			1.481,			0.164
450,	1,	7.0,	139.621,			1.499,			0.212,			0.052
451,	1,	103.0,	139.692,			2.238,			0.14,			0.051
452,	1,	559.0,	139.852,			1.505,			0.224,			0.056
453,	1,	7.0,	139.916,			2.857,			0.21,			0.051
454,	1,	7.0,	139.97,			1.204,			0.124,			0.055
455,	1,	90.0,	140.142,			1.188,			0.192,			0.052
456,	1,	559.0,	140.289,			2.779,			0.255,			0.056
457,	1,	214.0,	140.371,			2.509,			0.295,			0.06
458,	1,	126.0,	140.398,			2.193,			0.148,			0.051
459,	1,	126.0,	140.413,			2.398,			0.249,			0.057
460,	1,	28.0,	141.019,			1.005,			0.297,			0.056
461,	1,	7.0,	141.293,			1.287,			0.124,			0.054
462,	1,	95.0,	141.307,			2.26,			0.174,			0.055
463,	1,	7.0,	141.367,			2.661,			0.113,			0.06
464,	1,	16.0,	141.687,			1.639,			0.215,			0.059
465,	1,	120.0,	142.057,			2.888,			0.17,			0.052
466,	1,	90.0,	142.108,			1.548,			0.287,			0.053
467,	1,	214.0,	142.161,			1.607,			0.137,			0.057
468,	1,	447.0,	142.265,			2.222,			0.169,			0.056
469,	2,	234.0,	142.266,			14.12,			1.275,			0.135
470,	1,	6.0,	142.28,			2.95,			0.23,			0.059
471,	1,	7.0,	142.303,			1.663,			0.2,			0.057
472,	1,	44.0,	142.441,			1.12,			0.186,			0.059
473,	1,	7.0,	142.581,			2.179,			0.167,			0.052
474,	1,	379.0,	142.613,			2.114,			0.206,			0.052
475,	1,	95.0,	142.634,			1.203,			0.247,			0.054
476,	1,	146.0,	142.79,			2.073,			0.101,			0.055
477,	1,	126.0,	142.861,			2.872,			0.18,			0.058
478,	1,	13.0,	143.075,			2.123,			0.136,			0.055
479,	1,	6.0,	143.54,			2.098,			0.228,			0.056
480,	1,	95.0,	143.604,			1.575,			0.27,			0.056
481,	1,	90.0,	143.651,			1.731,			0.276,			0.059
482,	1,	7.0,	143.74,			2.301,			0.283,			0.06
483,	1,	498.0,	143.75,			1.919,			0.189,			0.059
484,	1,	44.0,	143.88,			2.857,			0.106,			0.059
485,	1,	10.0,	144.257,			1.07,			0.172,			0.058
486,	1,	95.0,	144.565,			2.08,			0.266,			0.058
487,	1,	126.0,	144.577,			2.945,			0.15,			0.051
488,	1,	13.0,	144.735,			2.893,			0.206,			0.059
489,	1,	6.0,	144.741,			1.044,			0.202,			0.059
490,	1,	214.0,	144.776,			1.422,			0.167,			0.052
491,	1,	7.0,	145.162,			1.256,			0.221,			0.059
492,	1,	512.0,	145.262,			2.11,			0.16,			0.057
493,	1,	559.0,	145.277,			2.407,			0.22,			0.057
494,	1,	169.0,	145.371,			2.284,			0.146,			0.051
495,	1,	498.0,	145.512,			2.612,			0.133,			0.058
496,	1,	6.0,	145.6,			1.488,			0.236,			0.057
497,	1,	49.0,	146.174,			2.663,			0.127,			0.057
498,	2,	134.0,	146.527,			14.863,			1.073,			0.116
499,	1,	7.0,	146.613,			1.707,			0.103,			0.051
500,	1,	103.0,	146.761,			1.188,			0.241,			0.057
501,	1,	146.0,	146.871,			1.515,			0.232,			0.058
502,	1,	44.0,	147.353,			1.963,			0.119,			0.055
503,	1,	44.0,	147.376,			1.025,			0.236,			0.054
504,	2,	62.0,	147.704,			14.197,			1.418,			0.145
505,	1,	30.0,	147.728,			2.104,			0.268,			0.053
506,	1,	95.0,	147.858,			2.864,			0.284,			0.056
507,	1,	126.0,	147.98,			2.697,			0.224,			0.055
508,	1,	126.0,	148.031,			1.996,			0.103,			0.059
509,	1,	7.0,	148.189,			1.575,			0.149,			0.057
510,	1,	16.0,	148.294,			2.268,			0.23,			0.054
511,	1,	7.0,	148.327,			2.955,			0.11,			0.051
512,	1,	214.0,	148.561,			1.883,			0.198,			0.052
513,	1,	559.0,	148.668,			2.52,			0.129,			0.053
514,	1,	28.0,	148.789,			2.047,			0.19,			0.052
515,	1,	44.0,	149.343,			1.116,			0.159,			0.057
516,	1,	146.0,	149.431,			2.393,			0.248,			0.051
517,	2,	103.0,	149.452,			13.795,			1.185,			0.176
518,	1,	120.0,	149.626,			2.2,			0.198,			0.055
519,	1,	59.0,	149.812,			1.402,			0.259,			0.051
520,	1,	7.0,	149.967,			2.932,			0.215,			0.054
521,	1,	103.0,	150.061,			1.907,			0.185,			0.054
522,	1,	13.0,	150.291,			2.772,			0.224,			0.059
523,	1,	379.0,	150.38,			1.226,			0.297,			0.06
524,	1,	146.0,	150.421,			1.252,			0.229,			0.057
525,	1,	13.0,	150.614,			1.653,			0.156,			0.052
526,	1,	387.0,	150.698,			1.663,			0.258,			0.054
527,	1,	387.0,	150.734,			1.592,			0.237,			0.056
528,	1,	120.0,	150.87,			2.559,			0.114,			0.052
529,	2,	155.0,	151.09,			13.034,			1.421,			0.104
530,	1,	16.0,	151.166,			2.11,			0.195,			0.06
531,	1,	28.0,	151.436,			1.828,			0.175,			0.058
532,	1,	6.0,	151.629,			1.631,			0.151,			0.059
533,	2,	161.0,	152.123,			11.39,			1.025,			0.138
534,	1,	214.0,	152.177,			1.05,			0.271,			0.06
535,	1,	90.0,	152.179,			1.112,			0.255,			0.058
536,	2,	168.0,	152.208,			13.438,			1.029,			0.154
537,	2,	130.0,	152.263,			11.411,			1.269,			0.183
538,	1,	498.0,	152.38,			2.911,			0.153,			0.053
539,	1,	90.0,	152.58,			1.048,			0.224,			0.054
540,	1,	103.0,	152.612,			2.852,			0.14,			0.058
541,	1,	512.0,	152.709,			1.86,			0.217,			0.054
542,	1,	7.0,	153.065,			2.03,			0.116,			0.057
543,	1,	7.0,	153.136,			2.133,			0.259,			0.054
544,	1,	6.0,	153.489,			1.748,			0.184,			0.06
545,	2,	206.0,	153.501,			11.13,			1.265,			0.132
546,	1,	44.0,	153.877,			1.263,			0.227,			0.053
547,	1,	447.0,	153.906,			1.26,			0.162,			0.055
548,	1,	6.0,	153.97,			1.402,			0.275,			0.05
549,	1,	7.0,	153.976,			2.027,			0.214,			0.054
550,	1,	59.0,	154.162,			2.616,			0.202,			0.053
551,	1,	512.0,	154.26,			2.947,			0.289,			0.055
552,	1,	7.0,	154.3,			2.0,			0.287,			0.051
553,	1,	28.0,	154.679,			2.398,			0.244,			0.053
554,	1,	379.0,	154.938,			2.991,			0.21,			0.059
555,	1,	28.0,	155.112,			1.596,			0.298,			0.058
556,	1,	512.0,	155.483,			2.797,			0.15,			0.057
557,	1,	146.0,	155.552,			1.61,			0.236,			0.054
558,	1,	7.0,	155.731,			2.479,			0.242,			0.053
559,	1,	7.0,	155.867,			1.828,			0.274,			0.06
560,	1,	214.0,	155.973,			2.31,			0.225,			0.052
561,	1,	146.0,	155.977,			2.798,			0.267,			0.059
562,	2,	110.0,	156.088,			14.948,			1.266,			0.138
563,	1,	7.0,	156.139,			1.669,			0.255,			0.059
564,	1,	90.0,	156.567,			2.0,			0.226,			0.054
565,	1,	7.0,	157.071,			1.981,			0.151,			0.055
566,	1,	146.0,	157.12,			2.193,			0.177,			0.058
567,	1,	126.0,	157.237,			2.598,			0.192,			0.053
568,	2,	186.0,	157.392,			10.16,			1.493,			0.128
569,	2,	130.0,	157.392,			10.769,			1.098,			0.185
570,	1,	512.0,	157.507,			2.819,			0.161,			0.055
571,	1,	7.0,	157.563,			1.753,			0.238,			0.051
572,	1,	10.0,	157.695,			1.225,			0.104,			0.056
573,	1,	7.0,	158.174,			2.95,			0.146,			0.059
574,	1,	6.0,	158.244,			2.381,			0.133,			0.06
575,	1,	13.0,	158.268,			1.561,			0.224,			0.051
576,	1,	146.0,	158.471,			1.755,			0.223,			0.054
577,	1,	214.0,	158.541,			2.954,			0.232,			0.059
578,	2,	210.0,	158.703,			14.676,			1.05,			0.152
579,	1,	10.0,	158.761,			2.388,			0.133,			0.053
580,	1,	10.0,	158.852,			1.505,			0.258,			0.06
581,	1,	44.0,	158.97,			1.052,			0.177,			0.056
582,	1,	447.0,	159.256,			1.554,			0.28,			0.058
583,	1,	447.0,	159.338,			1.912,			0.299,			0.052
584,	1,	120.0,	159.389,			1.112,			0.108,			0.054
585,	1,	28.0,	159.489,			2.194,			0.166,			0.058
586,	1,	214.0,	159.586,			2.366,			0.225,			0.059
587,	1,	7.0,	159.698,			2.661,			0.288,			0.053
588,	2,	120.0,	160.102,			12.299,			1.227,			0.194
589,	1,	512.0,	160.257,			1.684,			0.296,			0.053
590,	1,	146.0,	160.681,			2.393,			0.146,			0.055
591,	1,	512.0,	160.728,			1.717,			0.267,			0.052
592,	1,	498.0,	160.885,			2.974,			0.106,			0.056
593,	1,	379.0,	161.026,			2.318,			0.272,			0.054
594,	1,	559.0,	161.033,			1.883,			0.164,			0.055
595,	1,	103.0,	161.068,			1.561,			0.189,			0.053
596,	1,	120.0,	161.232,			2.685,			0.136,			0.053
597,	1,	559.0,	161.381,			1.809,			0.29,			0.053
598,	1,	157.0,	161.62,			1.371,			0.22,			0.053
599,	1,	498.0,	161.637,			2.559,			0.172,			0.058
600,	1,	59.0,	161.847,			1.279,			0.238,			0.055
601,	2,	232.0,	162.252,			11.002,			1.468,			0.132
602,	1,	157.0,	162.382,			1.609,			0.238,			0.057
603,	1,	10.0,	162.791,			2.712,			0.241,			0.055
604,	1,	169.0,	163.022,			1.071,			0.198,			0.054
605,	1,	379.0,	163.491,			2.249,			0.262,			0.051
606,	1,	103.0,	164.233,			2.283,			0.228,			0.059
607,	2,	119.0,	164.568,			13.129,			1.481,			0.179
608,	1,	146.0,	164.593,			2.31,			0.134,			0.058
609,	1,	214.0,	164.706,			1.005,			0.113,			0.052
610,	1,	44.0,	164.849,			2.265,			0.222,			0.056
611,	1,	7.0,	164.946,			1.801,			0.15,			0.053
612,	1,	498.0,	164.948,			1.489,			0.197,			0.055
613,	1,	13.0,	165.005,			2.351,			0.253,			0.059
614,	1,	10.0,	165.087,			2.084,			0.215,			0.054
615,	1,	447.0,	165.259,			1.45,			0.284,			0.051
616,	1,	6.0,	165.282,			1.111,			0.134,			0.052
617,	1,	126.0,	165.404,			1.639,			0.162,			0.058
618,	2,	225.0,	165.418,			10.226,			1.45,			0.126
619,	1,	7.0,	165.425,			2.408,			0.214,			0.054
620,	1,	214.0,	165.598,			2.273,			0.206,			0.057
621,	1,	498.0,	165.955,			1.486,			0.191,			0.054
622,	1,	559.0,	166.15,			1.252,			0.244,			0.051
623,	1,	559.0,	166.318,			1.141,			0.249,			0.059
624,	1,	30.0,	166.494,			2.852,			0.296,			0.055
625,	1,	146.0,	166.512,			1.356,			0.215,			0.052
626,	1,	16.0,	166.587,			1.613,			0.12,			0.051
627,	1,	387.0,	166.609,			1.019,			0.212,			0.052
628,	1,	59.0,	166.628,			2.073,			0.109,			0.054
629,	2,	79.0,	166.894,			14.282,			1.304,			0.165
630,	1,	16.0,	167.089,			1.408,			0.217,			0.056
631,	1,	6.0,	167.709,			1.173,			0.295,			0.052
632,	1,	13.0,	167.778,			2.073,			0.175,			0.058
633,	1,	146.0,	167.959,			1.051,			0.267,			0.06
634,	1,	7.0,	168.064,			1.977,			0.275,			0.055
635,	1,	157.0,	168.181,			1.811,			0.241,			0.052
636,	1,	169.0,	168.278,			1.241,			0.176,			0.052
637,	1,	447.0,	168.309,			2.304,			0.297,			0.054
638,	1,	146.0,	168.328,			2.167,			0.201,			0.051
639,	1,	559.0,	168.568,			2.09,			0.288,			0.054
640,	1,	59.0,	168.738,			2.088,			0.18,			0.057
641,	1,	387.0,	168.923,			1.096,			0.221,			0.052
642,	1,	387.0,	169.629,			2.085,			0.172,			0.055
643,	2,	125.0,	169.68,			13.069,			1.326,			0.109
644,	1,	13.0,	169.857,			1.633,			0.239,			0.05
645,	1,	10.0,	169.974,			2.051,			0.192,			0.057
646,	1,	44.0,	170.057,			2.425,			0.241,			0.053
647,	1,	13.0,	170.217,			1.145,			0.104,			0.056
648,	1,	44.0,	170.307,			1.211,			0.275,			0.055
649,	1,	387.0,	170.478,			1.942,			0.215,			0.055
650,	1,	28.0,	170.555,			1.915,			0.166,			0.06
651,	1,	10.0,	170.578,			1.031,			0.17,			0.058
652,	1,	90.0,	170.663,			1.869,			0.17,			0.052
653,	1,	59.0,	170.781,			1.485,			0.216,			0.057
654,	1,	30.0,	170.786,			2.562,			0.165,			0.053
655,	1,	6.0,	171.012,			1.169,			0.159,			0.051
656,	1,	10.0,	171.026,			2.004,			0.172,			0.056
657,	1,	44.0,	171.27,			1.731,			0.292,			0.057
658,	1,	157.0,	171.551,			2.545,			0.114,			0.057
659,	1,	120.0,	171.639,			1.362,			0.202,			0.059
660,	1,	447.0,	171.921,			1.044,			0.15,			0.052
661,	1,	6.0,	172.38,			2.549,			0.161,			0.051
662,	1,	30.0,	172.69,			2.776,			0.14,			0.053
663,	1,	157.0,	172.79,			1.211,			0.19,			0.057
664,	1,	30.0,	173.098,			1.08,			0.116,			0.058
665,	1,	157.0,	173.122,			1.73,			0.183,			0.057
666,	1,	7.0,	173.296,			1.25,			0.178,			0.052
667,	2,	169.0,	173.33,			12.26,			1.332,			0.198
668,	1,	90.0,	173.389,			1.071,			0.221,			0.058
669,	1,	157.0,	173.485,			2.318,			0.101,			0.058
670,	1,	498.0,	174.056,			1.467,			0.133,			0.057
671,	1,	59.0,	174.189,			1.107,			0.195,			0.056
672,	1,	7.0,	174.258,			2.096,			0.177,			0.05
673,	1,	120.0,	174.282,			1.204,			0.111,			0.053
674,	1,	146.0,	174.403,			1.935,			0.237,			0.056
675,	1,	512.0,	175.158,			2.326,			0.177,			0.06
676,	2,	103.0,	175.449,			10.666,			1.271,			0.176
677,	1,	7.0,	175.686,			2.565,			0.162,			0.051
678,	1,	214.0,	175.709,			2.663,			0.277,			0.059
679,	1,	146.0,	175.755,			1.532,			0.166,			0.054
680,	1,	169.0,	175.809,			1.047,			0.151,			0.056
681,	1,	7.0,	175.933,			2.154,			0.119,			0.057
682,	1,	7.0,	175.944,			1.038,			0.201,			0.054
683,	1,	379.0,	176.231,			2.092,			0.257,			0.053
684,	1,	10.0,	176.543,			2.18,			0.289,			0.06
685,	1,	379.0,	176.559,			2.983,			0.275,			0.056
686,	1,	512.0,	176.671,			2.846,			0.169,			0.051
687,	1,	169.0,	176.824,			1.173,			0.16,			0.056
688,	1,	44.0,	176.999,			2.616,			0.183,			0.056
689,	1,	13.0,	177.422,			1.395,			0.13,			0.056
690,	1,	447.0,	177.569,			1.166,			0.247,			0.052
691,	1,	49.0,	177.594,			2.013,			0.247,			0.053
692,	1,	157.0,	177.607,			2.454,			0.161,			0.059
693,	1,	387.0,	177.61,			2.318,			0.165,			0.055
694,	1,	28.0,	177.823,			2.798,			0.106,			0.059
695,	1,	6.0,	177.925,			2.956,			0.12,			0.055
696,	1,	59.0,	177.931,			2.014,			0.294,			0.053
697,	1,	120.0,	178.157,			2.735,			0.247,			0.055
698,	1,	95.0,	178.182,			1.554,			0.29,			0.054
699,	1,	6.0,	178.321,			1.597,			0.151,			0.054
700,	1,	7.0,	178.342,			1.13,			0.254,			0.052
701,	1,	447.0,	178.405,			2.932,			0.116,			0.058
702,	2,	89.0,	178.496,			13.262,			1.433,			0.143
703,	1,	126.0,	178.565,			2.047,			0.121,			0.054
704,	1,	6.0,	179.01,			2.346,			0.103,			0.05
705,	1,	103.0,	179.066,			1.383,			0.161,			0.051
706,	2,	157.0,	179.172,			14.722,			1.205,			0.122
707,	2,	120.0,	179.205,			13.193,			1.096,			0.156
708,	1,	387.0,	179.293,			2.701,			0.214,			0.052
709,	1,	59.0,	179.437,			1.173,			0.109,			0.05
710,	1,	44.0,	179.657,			1.144,			0.214,			0.052
711,	1,	16.0,	179.866,			2.08,			0.129,			0.055
712,	2,	150.0,	179.879,			13.874,			1.461,			0.109
713,	1,	559.0,	180.247,			1.728,			0.244,			0.057
714,	1,	126.0,	180.306,			2.588,			0.108,			0.051
715,	1,	447.0,	180.317,			1.717,			0.12,			0.06
716,	1,	16.0,	180.963,			2.901,			0.113,			0.057
717,	2,	171.0,	181.07,			11.28,			1.133,			0.196
718,	1,	13.0,	181.243,			1.17,			0.185,			0.056
719,	1,	387.0,	181.715,			2.381,			0.26,			0.058
720,	1,	10.0,	181.779,			1.814,			0.239,			0.056
721,	1,	6.0,	181.842,			1.187,			0.159,			0.06
722,	1,	7.0,	182.595,			1.702,			0.128,			0.05
723,	2,	128.0,	182.868,			11.719,			1.212,			0.177
724,	1,	103.0,	183.097,			2.726,			0.162,			0.052
725,	1,	95.0,	183.104,			1.076,			0.199,			0.055
726,	1,	169.0,	183.325,			1.386,			0.238,			0.054
727,	1,	512.0,	183.397,			1.776,			0.27,			0.058
728,	1,	169.0,	183.424,			2.947,			0.168,			0.054
729,	1,	103.0,	183.508,			1.524,			0.195,			0.052
730,	1,	10.0,	183.599,			2.939,			0.228,			0.052
731,	1,	512.0,	183.633,			2.554,			0.28,			0.051
732,	1,	103.0,	183.92,			1.731,			0.299,			0.05
733,	1,	28.0,	184.111,			2.08,			0.113,			0.059
734,	1,	559.0,	184.132,			2.1,			0.202,			0.05
735,	1,	146.0,	184.583,			2.288,			0.228,			0.057
736,	1,	44.0,	184.621,			1.749,			0.116,			0.05
737,	1,	447.0,	185.365,			1.014,			0.111,			0.059
738,	1,	30.0,	185.429,			1.441,			0.202,			0.054
739,	1,	169.0,	185.445,			2.085,			0.228,			0.059
740,	1,	30.0,	185.534,			2.013,			0.22,			0.051
741,	1,	95.0,	185.737,			1.653,			0.205,			0.06
742,	1,	447.0,	185.874,			2.549,			0.29,			0.05
743,	2,	252.0,	186.439,			10.84,			1.439,			0.102
744,	1,	7.0,	186.505,			1.051,			0.25,			0.059
745,	1,	49.0,	186.629,			1.071,			0.139,			0.056
746,	1,	7.0,	186.778,			2.686,			0.263,			0.06
747,	1,	120.0,	186.861,			1.588,			0.295,			0.058
748,	1,	30.0,	186.96,			2.956,			0.284,			0.055
749,	1,	447.0,	187.013,			1.103,			0.205,			0.052
750,	1,	30.0,	187.32,			1.915,			0.114,			0.054
751,	1,	498.0,	187.678,			1.4,			0.134,			0.056
752,	1,	126.0,	188.108,			2.155,			0.214,			0.054
753,	1,	7.0,	188.134,			2.675,			0.3,			0.057
754,	1,	13.0,	188.162,			2.131,			0.149,			0.057
755,	2,	201.0,	188.169,			13.027,			1.285,			0.137
756,	2,	151.0,	188.502,			11.575,			1.124,			0.149
757,	1,	28.0,	188.702,			2.414,			0.217,			0.057
758,	1,	6.0,	189.142,			1.844,			0.186,			0.056
759,	1,	44.0,	189.71,			2.645,			0.193,			0.054
760,	1,	44.0,	189.746,			1.532,			0.24,			0.054
761,	1,	146.0,	189.834,			2.866,			0.27,			0.056
762,	1,	49.0,	190.139,			2.702,			0.284,			0.057
763,	1,	30.0,	190.152,			1.12,			0.244,			0.057
764,	1,	103.0,	190.419,			1.657,			0.162,			0.057
765,	1,	387.0,	190.849,			2.652,			0.119,			0.057
766,	1,	120.0,	191.119,			1.203,			0.298,			0.054
767,	1,	126.0,	191.209,			2.219,			0.222,			0.056
768,	1,	49.0,	191.812,			1.05,			0.27,			0.053
769,	1,	6.0,	191.826,			2.76,			0.128,			0.052
770,	1,	447.0,	192.294,			2.103,			0.231,			0.051
771,	1,	498.0,	192.324,			1.769,			0.153,			0.053
772,	1,	90.0,	192.9,			2.714,			0.28,			0.051
773,	1,	120.0,	192.927,			1.984,			0.153,			0.055
774,	1,	387.0,	192.968,			1.411,			0.153,			0.06
775,	2,	231.0,	193.358,			13.36,			1.256,			0.142
776,	1,	498.0,	193.471,			2.148,			0.175,			0.053
777,	2,	189.0,	193.587,			10.198,			1.291,			0.101
778,	1,	49.0,	193.872,			1.524,			0.161,			0.056
779,	1,	498.0,	193.92,			2.398,			0.151,			0.054
780,	1,	512.0,	194.28,			1.859,			0.24,			0.057
781,	2,	93.0,	194.548,			12.116,			1.5,			0.132
782,	1,	59.0,	194.633,			2.795,			0.254,			0.06
783,	2,	130.0,	194.983,			11.793,			1.35,			0.133
784,	1,	379.0,	195.025,			2.11,			0.133,			0.058
785,	2,	148.0,	195.563,			12.014,			1.037,			0.166
786,	1,	16.0,	195.596,			2.226,			0.134,			0.051
787,	1,	10.0,	195.768,			1.096,			0.165,			0.055
788,	1,	7.0,	195.933,			2.663,			0.197,			0.056
789,	1,	7.0,	196.316,			2.388,			0.281,			0.059
790,	1,	90.0,	196.878,			1.814,			0.298,			0.058
791,	1,	49.0,	196.942,			2.567,			0.17,			0.055
792,	1,	10.0,	196.966,			2.123,			0.244,			0.059
793,	1,	7.0,	197.087,			1.078,			0.259,			0.051
794,	1,	95.0,	197.311,			1.913,			0.292,			0.059
795,	1,	157.0,	197.447,			1.61,			0.199,			0.057
796,	1,	214.0,	197.466,			2.304,			0.216,			0.058
797,	1,	146.0,	198.306,			2.985,			0.262,			0.052
798,	1,	447.0,	198.551,			2.765,			0.283,			0.058
799,	2,	154.0,	198.724,			12.648,			1.205,			0.122
800,	1,	7.0,	199.45,			2.034,			0.224,			0.054
801,	1,	146.0,	199.508,			1.145,			0.207,			0.053
802,	1,	126.0,	199.957,			1.575,			0.207,			0.059
803,	2,	110.0,	200.7,			10.742,			1.007,			0.186
804,	2,	207.0,	202.11,			10.782,			1.413,			0.152
805,	1,	103.0,	202.338,			1.277,			0.167,			0.057
806,	1,	13.0,	202.785,			1.791,			0.157,			0.05
807,	1,	126.0,	203.149,			2.659,			0.217,			0.059
808,	1,	214.0,	203.29,			1.683,			0.205,			0.053
809,	1,	169.0,	203.297,			1.485,			0.217,			0.054
810,	1,	512.0,	203.331,			1.289,			0.221,			0.06
811,	1,	49.0,	203.424,			1.523,			0.133,			0.059
812,	1,	126.0,	203.657,			1.561,			0.145,			0.052
813,	1,	6.0,	203.78,			2.303,			0.123,			0.054
814,	1,	6.0,	203.903,			1.426,			0.211,			0.053
815,	1,	387.0,	203.998,			2.757,			0.16,			0.054
816,	1,	10.0,	204.024,			2.09,			0.184,			0.051
817,	1,	169.0,	204.295,			2.761,			0.115,			0.054
818,	1,	49.0,	204.315,			2.047,			0.135,			0.05
819,	1,	169.0,	204.556,			1.715,			0.143,			0.053
820,	2,	79.0,	204.642,			10.175,			1.5,			0.117
821,	1,	559.0,	204.757,			2.324,			0.2,			0.058
822,	1,	447.0,	204.814,			2.776,			0.216,			0.056
823,	2,	170.0,	205.066,			13.943,			1.259,			0.186
824,	1,	7.0,	205.192,			1.543,			0.195,			0.057
825,	1,	512.0,	205.435,			2.957,			0.277,			0.056
826,	1,	90.0,	205.639,			2.288,			0.203,			0.059
827,	1,	126.0,	205.692,			1.215,			0.195,			0.059
828,	1,	7.0,	205.913,			2.834,			0.114,			0.055
829,	1,	28.0,	205.98,			2.038,			0.223,			0.054
830,	1,	7.0,	206.219,			2.184,			0.254,			0.052
831,	1,	16.0,	206.578,			2.874,			0.241,			0.054
832,	2,	133.0,	206.607,			11.89,			1.417,			0.167
833,	2,	182.0,	208.376,			13.946,			1.44,			0.126
834,	1,	6.0,	208.651,			1.086,			0.298,			0.059
835,	1,	59.0,	208.762,			1.426,			0.193,			0.051
836,	1,	387.0,	209.052,			1.515,			0.124,			0.052
837,	1,	498.0,	209.056,			1.358,			0.259,			0.053
838,	1,	30.0,	209.127,			1.509,			0.111,			0.055
839,	1,	10.0,	209.138,			2.895,			0.16,			0.059
840,	1,	498.0,	209.244,			1.304,			0.136,			0.05
841,	1,	95.0,	209.653,			1.715,			0.125,			0.058
842,	1,	447.0,	209.781,			1.376,			0.222,			0.059
843,	1,	44.0,	210.327,			2.013,			0.216,			0.056
844,	1,	169.0,	210.638,			2.556,			0.269,			0.058
845,	1,	126.0,	210.959,			1.162,			0.183,			0.057
846,	1,	559.0,	211.01,			1.984,			0.148,			0.059
847,	1,	157.0,	211.501,			1.679,			0.196,			0.056
848,	2,	40.0,	211.506,			11.449,			1.386,			0.105
849,	1,	6.0,	211.718,			2.18,			0.206,			0.057
850,	1,	7.0,	212.432,			1.217,			0.133,			0.051
851,	1,	146.0,	212.96,			2.378,			0.16,			0.051
852,	1,	44.0,	213.92,			2.616,			0.276,			0.057
853,	1,	16.0,	214.529,			1.08,			0.184,			0.056
854,	1,	146.0,	215.092,			1.651,			0.132,			0.051
855,	1,	10.0,	215.414,			2.857,			0.156,			0.051
856,	2,	92.0,	215.503,			10.909,			1.106,			0.137
857,	1,	16.0,	215.701,			1.078,			0.217,			0.057
858,	2,	65.0,	215.798,			14.916,			1.409,			0.134
859,	1,	7.0,	215.88,			2.047,			0.173,			0.054
860,	1,	90.0,	216.228,			1.539,			0.195,			0.054
861,	1,	90.0,	216.481,			2.085,			0.17,			0.051
862,	1,	59.0,	216.521,			1.756,			0.157,			0.052
863,	1,	13.0,	216.547,			2.659,			0.135,			0.053
864,	2,	179.0,	216.655,			10.686,			1.453,			0.114
865,	1,	44.0,	217.173,			1.445,			0.205,			0.052
866,	1,	7.0,	217.612,			2.249,			0.15,			0.058
867,	2,	234.0,	217.612,			11.589,			1.207,			0.184
868,	1,	169.0,	217.791,			1.869,			0.263,			0.059
869,	1,	169.0,	218.145,			1.376,			0.192,			0.057
870,	1,	44.0,	218.54,			1.59,			0.255,			0.057
871,	1,	16.0,	219.654,			2.122,			0.107,			0.055
872,	2,	123.0,	219.667,			11.696,			1.366,			0.176
873,	1,	379.0,	219.964,			1.805,			0.265,			0.054
874,	1,	6.0,	220.086,			2.889,			0.25,			0.051
875,	1,	512.0,	220.466,			1.155,			0.197,			0.053
876,	1,	157.0,	220.595,			1.408,			0.257,			0.06
877,	1,	44.0,	220.814,			1.408,			0.157,			0.059
878,	1,	214.0,	221.428,			1.229,			0.285,			0.053
879,	1,	10.0,	221.485,			1.915,			0.2,			0.058
880,	1,	387.0,	221.698,			1.942,			0.235,			0.058
881,	1,	6.0,	221.947,			1.653,			0.142,			0.056
882,	1,	16.0,	221.958,			1.279,			0.202,			0.051
883,	2,	169.0,	224.346,			12.661,			1.073,			0.134
884,	1,	49.0,	224.509,			2.614,			0.231,			0.058
885,	2,	183.0,	224.638,			12.503,			1.068,			0.112
886,	1,	59.0,	224.733,			2.084,			0.17,			0.054
887,	2,	102.0,	224.792,			14.49,			1.253,			0.141
888,	1,	512.0,	225.228,			2.957,			0.193,			0.057
889,	1,	146.0,	225.26,			1.188,			0.299,			0.052
890,	1,	7.0,	225.457,			2.862,			0.124,			0.052
891,	1,	7.0,	225.492,			1.709,			0.255,			0.056
892,	1,	120.0,	227.18,			2.377,			0.257,			0.057
893,	2,	122.0,	227.352,			14.4,			1.109,			0.18
894,	2,	73.0,	227.477,			10.16,			1.284,			0.162
895,	1,	379.0,	227.493,			2.606,			0.175,			0.054
896,	1,	169.0,	228.005,			2.487,			0.211,			0.06
897,	2,	250.0,	228.494,			13.345,			1.315,			0.2
898,	1,	44.0,	229.481,			2.582,			0.186,			0.057
899,	1,	559.0,	229.608,			2.057,			0.234,			0.055
900,	1,	28.0,	230.773,			2.235,			0.184,			0.056
901,	1,	90.0,	231.731,			2.601,			0.288,			0.055
902,	1,	28.0,	232.135,			2.684,			0.206,			0.055
903,	1,	447.0,	232.488,			1.048,			0.187,			0.059
904,	2,	130.0,	233.242,			10.819,			1.108,			0.191
905,	1,	90.0,	233.461,			1.981,			0.242,			0.058
906,	1,	28.0,	233.584,			1.84,			0.197,			0.059
907,	1,	95.0,	233.649,			1.331,			0.106,			0.054
908,	1,	7.0,	233.712,			1.473,			0.148,			0.057
909,	2,	94.0,	234.341,			14.087,			1.075,			0.14
910,	1,	10.0,	234.523,			1.296,			0.288,			0.06
911,	1,	7.0,	234.595,			1.225,			0.237,			0.054
912,	1,	120.0,	234.77,			1.031,			0.177,			0.056
913,	1,	7.0,	235.076,			2.653,			0.15,			0.05
914,	2,	43.0,	235.377,			12.393,			1.109,			0.12
915,	1,	214.0,	235.439,			1.035,			0.125,			0.054
916,	1,	379.0,	235.871,			2.219,			0.164,			0.052
917,	1,	28.0,	235.955,			1.642,			0.165,			0.052
918,	1,	95.0,	236.665,			2.78,			0.15,			0.056
919,	1,	10.0,	237.399,			1.402,			0.248,			0.055
920,	2,	138.0,	237.626,			11.744,			1.0,			0.128
921,	1,	90.0,	237.897,			1.998,			0.27,			0.054
922,	1,	126.0,	238.203,			2.559,			0.236,			0.052
923,	2,	87.0,	238.265,			10.114,			1.176,			0.126
924,	1,	120.0,	238.424,			1.962,			0.13,			0.05
925,	1,	7.0,	238.631,			2.653,			0.148,			0.059
926,	1,	157.0,	238.677,			1.717,			0.222,			0.058
927,	2,	204.0,	238.803,			14.934,			1.492,			0.16
928,	2,	76.0,	239.915,			12.046,			1.008,			0.123
929,	2,	61.0,	240.85,			13.181,			1.236,			0.16
930,	2,	143.0,	240.863,			14.958,			1.166,			0.125
931,	1,	44.0,	240.947,			2.9,			0.252,			0.056
932,	2,	120.0,	241.651,			10.42,			1.175,			0.127
933,	1,	7.0,	242.053,			1.731,			0.296,			0.058
934,	2,	123.0,	242.223,			13.958,			1.166,			0.107
935,	2,	264.0,	242.648,			12.286,			1.197,			0.118
936,	2,	170.0,	243.313,			14.127,			1.185,			0.15
937,	1,	120.0,	243.612,			1.748,			0.183,			0.057
938,	2,	197.0,	244.625,			13.639,			1.404,			0.2
939,	2,	271.0,	244.999,			12.664,			1.05,			0.197
940,	1,	6.0,	245.126,			1.977,			0.146,			0.051
941,	1,	28.0,	245.964,			2.525,			0.217,			0.054
942,	1,	16.0,	246.408,			1.844,			0.151,			0.058
943,	2,	136.0,	246.869,			14.399,			1.22,			0.166
944,	1,	6.0,	246.98,			1.027,			0.169,			0.055
945,	1,	120.0,	247.7,			2.761,			0.295,			0.06
946,	1,	95.0,	248.374,			2.388,			0.294,			0.054
947,	2,	161.0,	248.894,			11.3,			1.384,			0.196
948,	2,	70.0,	249.087,			14.48,			1.333,			0.179
949,	2,	83.0,	249.918,			12.635,			1.389,			0.144
950,	2,	104.0,	251.469,			11.405,			1.332,			0.144
951,	2,	114.0,	251.976,			13.05,			1.333,			0.113
952,	1,	10.0,	253.171,			1.421,			0.158,			0.05
953,	1,	447.0,	253.821,			2.503,			0.124,			0.054
954,	1,	44.0,	253.879,			2.318,			0.145,			0.057
955,	1,	214.0,	254.161,			2.634,			0.209,			0.053
956,	2,	274.0,	255.251,			10.442,			1.435,			0.157
957,	2,	183.0,	256.772,			13.933,			1.322,			0.199
958,	2,	236.0,	257.978,			11.81,			1.003,			0.156
959,	1,	49.0,	259.771,			2.063,			0.268,			0.052
960,	1,	7.0,	261.127,			1.924,			0.231,			0.051
961,	1,	447.0,	262.289,			1.302,			0.236,			0.054
962,	2,	212.0,	262.524,			12.733,			1.188,			0.15
963,	1,	28.0,	262.557,			1.505,			0.26,			0.051
964,	2,	158.0,	262.783,			10.599,			1.231,			0.164
965,	1,	169.0,	264.472,			1.303,			0.13,			0.05
966,	1,	95.0,	265.972,			2.76,			0.23,			0.051
967,	1,	126.0,	266.0,			1.441,			0.133,			0.052
968,	2,	120.0,	266.976,			13.396,			1.46,			0.194
969,	2,	153.0,	268.161,			10.279,			1.008,			0.169
970,	2,	234.0,	268.611,			13.163,			1.056,			0.182
971,	1,	103.0,	268.899,			2.441,			0.16,			0.058
972,	2,	185.0,	269.332,			10.316,			1.086,			0.102
973,	2,	170.0,	270.258,			12.155,			1.203,			0.179
974,	2,	238.0,	271.432,			12.617,			1.161,			0.166
975,	2,	207.0,	277.971,			10.054,			1.443,			0.138
976,	2,	211.0,	278.147,			12.33,			1.394,			0.173
977,	1,	44.0,	278.542,			1.083,			0.124,			0.057
978,	2,	115.0,	279.003,			14.393,			1.333,			0.198
979,	2,	101.0,	279.719,			14.245,			1.124,			0.188
980,	2,	275.0,	280.302,			12.271,			1.098,			0.156
981,	2,	197.0,	280.758,			10.194,			1.405,			0.158
982,	2,	94.0,	282.111,			14.914,			1.172,			0.119
983,	1,	120.0,	283.655,			2.057,			0.121,			0.056
984,	2,	140.0,	284.129,			10.383,			1.051,			0.196
985,	2,	133.0,	284.866,			11.484,			1.062,			0.122
986,	2,	106.0,	285.91,			10.4,			1.112,			0.174
987,	2,	93.0,	288.322,			14.276,			1.43,			0.119
988,	2,	245.0,	289.483,			13.735,			1.098,			0.171
989,	1,	6.0,	290.334,			1.907,			0.255,			0.052
990,	1,	6.0,	290.923,			2.321,			0.124,			0.053
991,	2,	118.0,	292.713,			11.536,			1.239,			0.151
992,	2,	167.0,	292.827,			10.592,			1.469,			0.135
993,	2,	183.0,	293.775,			10.669,			1.046,			0.102
994,	2,	162.0,	295.454,			11.437,			1.275,			0.157
995,	2,	73.0,	295.532,			12.154,			1.133,			0.173
996,	2,	244.0,	297.397,			11.392,			1.238,			0.134
997,	2,	138.0,	298.049,			10.322,			1.259,			0.129
998,	2,	176.0,	298.968,			11.685,			1.322,			0.106
999,	2,	68.0,	299.645,			11.488,			1.364,			0.103
1000,	1,	44.0,	300.0,			1.008,			0.285,			0.051
