#, task_type_id, arrival_time,	estimated_time_t2xlarge,	estimated_time_g3sxlarge,	estimated_time_CLOUD,	execution_time_t2xlarge,	execution_time_g3sxlarge,	execution_time_CLOUD
1,	1,	0.447,			1.228,			0.934,			0.934,			1.238,			0.967,			0.735
2,	2,	6.153,			22.422,			0.099,			0.099,			23.068,			0.099,			0.1
3,	2,	8.566,			22.09,			0.1,			0.1,			21.961,			0.099,			0.099
4,	1,	9.971,			1.263,			0.739,			0.739,			0.962,			0.91,			1.124
5,	3,	11.01,			3.649,			2.396,			2.396,			12.385,			2.038,			1.452
6,	1,	13.317,			1.253,			0.937,			0.937,			1.291,			0.848,			1.228
7,	2,	14.635,			22.499,			0.099,			0.099,			21.391,			0.1,			0.099
8,	2,	14.744,			24.83,			0.099,			0.099,			24.27,			0.099,			0.099
9,	2,	24.897,			24.476,			0.099,			0.099,			24.76,			0.1,			0.099
10,	2,	30.624,			21.775,			0.099,			0.099,			24.282,			0.099,			0.099
11,	1,	40.324,			1.41,			0.779,			0.779,			1.301,			0.935,			0.94
12,	2,	47.546,			21.694,			0.099,			0.099,			24.509,			0.099,			0.1
13,	1,	51.717,			1.41,			0.884,			0.884,			1.514,			1.228,			0.885
14,	2,	62.77,			23.982,			0.099,			0.099,			21.596,			0.099,			0.099
15,	1,	63.462,			1.058,			1.255,			1.255,			1.224,			0.947,			0.945
16,	1,	65.011,			1.096,			0.869,			0.869,			0.94,			0.972,			0.611
17,	2,	75.295,			22.053,			0.099,			0.099,			24.358,			0.099,			0.099
18,	2,	75.89,			23.084,			0.099,			0.099,			23.084,			0.099,			0.099
19,	1,	93.908,			1.084,			0.905,			0.905,			1.0,			1.131,			1.054
20,	2,	97.995,			24.316,			0.099,			0.099,			24.169,			0.099,			0.099
21,	2,	99.606,			22.972,			0.099,			0.099,			22.484,			0.099,			0.099
22,	2,	112.844,			21.938,			0.099,			0.099,			23.191,			0.099,			0.099
23,	2,	117.356,			23.116,			0.099,			0.099,			24.701,			0.099,			0.099
24,	1,	126.853,			1.799,			0.617,			0.617,			1.5,			0.611,			0.764
25,	1,	127.602,			2.042,			0.63,			0.63,			1.019,			0.934,			1.444
26,	2,	134.212,			21.944,			0.099,			0.099,			21.854,			0.099,			0.099
27,	2,	160.27,			23.561,			0.099,			0.099,			23.082,			0.099,			0.099
28,	2,	160.932,			23.345,			0.099,			0.099,			23.012,			0.099,			0.099
29,	2,	167.826,			23.483,			0.099,			0.099,			21.956,			0.1,			0.099
30,	2,	180.046,			24.242,			0.099,			0.099,			23.805,			0.099,			0.099
31,	2,	181.477,			21.627,			0.099,			0.099,			22.679,			0.099,			0.099
32,	2,	181.928,			23.827,			0.099,			0.099,			22.731,			0.099,			0.099
33,	2,	191.225,			24.141,			0.1,			0.1,			24.867,			0.1,			0.099
34,	2,	198.934,			21.85,			0.099,			0.099,			21.872,			0.099,			0.099
35,	2,	199.933,			21.526,			0.099,			0.099,			22.712,			0.1,			0.099
36,	2,	205.072,			23.18,			0.099,			0.099,			22.231,			0.099,			0.099
37,	1,	206.912,			1.325,			0.892,			0.892,			1.033,			1.087,			1.187
38,	3,	223.198,			3.213,			3.203,			3.203,			6.475,			2.546,			2.335
39,	3,	223.3,			1.73,			2.265,			2.265,			4.554,			0.796,			1.0
40,	3,	223.455,			2.286,			1.101,			1.101,			1.526,			1.919,			1.981
41,	3,	223.472,			4.776,			3.465,			3.465,			8.337,			1.403,			1.28
42,	3,	223.481,			10.061,			1.253,			1.253,			4.028,			2.96,			2.416
43,	3,	223.56,			1.594,			0.796,			0.796,			9.144,			1.011,			1.072
44,	3,	223.601,			1.848,			1.891,			1.891,			13.378,			0.905,			1.446
45,	3,	223.669,			2.197,			1.667,			1.667,			4.339,			0.691,			1.262
46,	3,	223.716,			6.287,			0.959,			0.959,			8.055,			1.744,			0.901
47,	3,	223.775,			8.036,			0.68,			0.68,			5.83,			0.905,			2.385
48,	3,	223.788,			2.296,			0.961,			0.961,			4.24,			1.216,			1.604
49,	3,	223.847,			9.651,			2.167,			2.167,			1.417,			0.954,			1.721
50,	3,	223.852,			9.692,			1.293,			1.293,			10.546,			1.494,			0.818
51,	3,	223.992,			2.819,			1.352,			1.352,			3.88,			1.217,			0.819
52,	3,	224.003,			1.874,			1.163,			1.163,			6.082,			2.717,			0.884
53,	3,	224.006,			12.529,			1.916,			1.916,			10.576,			1.085,			2.017
54,	3,	224.133,			3.653,			0.941,			0.941,			2.193,			0.971,			3.265
55,	3,	224.24,			6.07,			1.958,			1.958,			6.769,			1.364,			1.075
56,	3,	224.437,			3.649,			0.796,			0.796,			11.284,			3.465,			2.221
57,	2,	224.55,			24.165,			0.099,			0.099,			23.383,			0.099,			0.099
58,	3,	224.604,			6.07,			1.262,			1.262,			5.813,			2.038,			1.693
59,	3,	224.651,			1.9,			3.165,			3.165,			8.946,			0.715,			2.601
60,	3,	224.735,			3.92,			1.011,			1.011,			3.176,			0.741,			0.941
61,	3,	224.775,			1.616,			0.533,			0.533,			8.012,			1.275,			1.133
62,	3,	224.838,			3.077,			0.874,			0.874,			13.792,			1.119,			1.133
63,	3,	224.957,			7.091,			0.738,			0.738,			11.794,			0.929,			1.667
64,	3,	225.078,			5.671,			1.309,			1.309,			9.692,			3.25,			1.262
65,	3,	225.112,			1.954,			2.59,			2.59,			3.626,			1.253,			1.336
66,	3,	225.154,			2.544,			0.844,			0.844,			13.287,			1.093,			1.229
67,	3,	225.19,			3.949,			1.707,			1.707,			8.906,			2.014,			0.733
68,	3,	225.238,			4.179,			3.58,			3.58,			6.145,			1.135,			1.333
69,	3,	225.295,			12.87,			1.21,			1.21,			3.379,			3.203,			0.733
70,	3,	225.336,			4.028,			0.907,			0.907,			3.743,			0.846,			3.142
71,	1,	225.351,			1.41,			0.652,			0.652,			1.826,			0.993,			0.977
72,	3,	225.384,			3.379,			0.737,			0.737,			6.63,			1.637,			1.209
73,	3,	225.401,			6.133,			2.048,			2.048,			3.626,			2.822,			1.065
74,	3,	225.407,			13.059,			1.701,			1.701,			3.234,			0.661,			0.981
75,	3,	225.484,			4.373,			1.117,			1.117,			1.969,			0.677,			1.262
76,	3,	225.536,			12.079,			0.625,			0.625,			6.093,			0.706,			1.09
77,	3,	225.567,			1.94,			1.564,			1.564,			3.162,			1.484,			1.667
78,	3,	225.644,			2.411,			1.213,			1.213,			3.284,			0.738,			0.856
79,	3,	225.695,			5.106,			1.646,			1.646,			6.932,			1.606,			1.891
80,	3,	225.848,			3.435,			1.043,			1.043,			3.845,			0.754,			1.663
81,	3,	226.015,			11.51,			2.427,			2.427,			2.481,			1.998,			1.401
82,	3,	226.176,			1.48,			1.373,			1.373,			9.643,			1.178,			1.061
83,	3,	226.231,			6.779,			0.981,			0.981,			2.688,			1.366,			1.667
84,	3,	226.28,			3.634,			1.389,			1.389,			7.878,			1.853,			2.873
85,	3,	226.341,			4.289,			1.615,			1.615,			5.786,			1.101,			0.832
86,	3,	226.341,			3.855,			1.851,			1.851,			3.032,			0.912,			2.105
87,	3,	226.407,			5.18,			2.561,			2.561,			3.815,			1.091,			1.107
88,	3,	226.573,			2.197,			1.531,			1.531,			9.123,			1.172,			1.061
89,	3,	226.592,			4.454,			1.998,			1.998,			8.05,			0.636,			1.447
90,	1,	226.607,			1.265,			1.255,			1.255,			2.151,			1.129,			0.816
91,	3,	226.615,			2.64,			1.426,			1.426,			3.923,			0.787,			1.28
92,	3,	226.78,			3.21,			1.011,			1.011,			1.848,			3.162,			1.101
93,	3,	226.88,			7.338,			2.632,			2.632,			10.721,			1.76,			1.093
94,	3,	226.902,			3.194,			2.379,			2.379,			8.402,			2.56,			1.011
95,	3,	226.948,			3.888,			1.165,			1.165,			3.299,			1.168,			1.613
96,	3,	226.948,			11.812,			3.127,			3.127,			10.636,			1.397,			1.101
97,	3,	227.046,			2.131,			1.438,			1.438,			5.206,			1.557,			0.797
98,	3,	227.056,			2.43,			2.574,			2.574,			4.085,			0.791,			2.064
99,	3,	227.065,			10.546,			3.009,			3.009,			2.248,			1.535,			0.699
100,	3,	227.092,			3.21,			1.254,			1.254,			2.43,			1.116,			1.663
101,	3,	227.172,			1.643,			1.329,			1.329,			7.238,			0.941,			2.774
102,	3,	227.3,			2.199,			2.394,			2.394,			4.456,			1.667,			1.693
103,	3,	227.392,			3.133,			1.262,			1.262,			5.43,			1.42,			1.0
104,	3,	227.475,			7.084,			1.872,			1.872,			6.215,			0.855,			1.976
105,	3,	227.524,			7.326,			1.606,			1.606,			1.579,			0.983,			2.067
106,	3,	227.566,			1.408,			0.836,			0.836,			3.288,			1.484,			1.098
107,	2,	227.796,			22.529,			0.099,			0.099,			24.307,			0.099,			0.099
108,	3,	227.813,			6.796,			0.999,			0.999,			3.028,			1.279,			1.232
109,	3,	227.966,			8.337,			2.139,			2.139,			5.812,			1.089,			0.669
110,	3,	228.019,			4.615,			2.396,			2.396,			5.338,			1.956,			3.169
111,	3,	228.073,			2.578,			1.783,			1.783,			4.028,			2.954,			1.199
112,	3,	228.205,			12.35,			1.046,			1.046,			8.233,			0.894,			1.522
113,	3,	228.368,			2.928,			2.899,			2.899,			11.765,			1.549,			2.295
114,	3,	228.411,			5.064,			0.629,			0.629,			2.611,			1.937,			0.965
115,	3,	228.529,			1.973,			1.094,			1.094,			4.312,			2.173,			1.131
116,	3,	228.54,			4.882,			1.107,			1.107,			8.062,			1.615,			1.046
117,	3,	228.568,			2.25,			1.216,			1.216,			1.66,			2.943,			2.039
118,	3,	228.611,			8.766,			0.669,			0.669,			4.389,			2.972,			2.221
119,	3,	228.614,			6.145,			1.373,			1.373,			2.31,			0.745,			0.952
120,	3,	228.629,			5.927,			0.685,			0.685,			2.346,			1.723,			1.849
121,	3,	228.752,			8.101,			0.642,			0.642,			10.171,			2.825,			1.506
122,	3,	228.766,			13.059,			1.302,			1.302,			6.225,			1.092,			2.142
123,	2,	228.835,			24.487,			0.099,			0.099,			21.44,			0.099,			0.099
124,	3,	229.02,			11.86,			2.854,			2.854,			7.13,			1.436,			0.771
125,	3,	229.029,			13.409,			0.737,			0.737,			1.641,			1.375,			1.5
126,	3,	229.101,			3.133,			0.733,			0.733,			10.367,			1.943,			1.169
127,	3,	229.308,			4.488,			0.987,			0.987,			9.53,			0.656,			3.23
128,	3,	229.313,			3.263,			2.379,			2.379,			5.089,			1.17,			1.011
129,	3,	229.354,			2.46,			0.607,			0.607,			5.1,			0.543,			3.25
130,	3,	229.463,			13.792,			1.642,			1.642,			3.165,			2.776,			3.425
131,	3,	229.514,			3.297,			0.74,			0.74,			1.807,			0.741,			1.336
132,	3,	229.601,			10.367,			1.646,			1.646,			10.532,			0.754,			1.26
133,	3,	229.742,			5.219,			1.415,			1.415,			2.923,			1.825,			0.819
134,	3,	229.779,			2.241,			1.001,			1.001,			1.955,			0.738,			0.617
135,	3,	229.891,			12.341,			1.559,			1.559,			3.653,			1.943,			2.952
136,	3,	229.955,			13.021,			0.71,			0.71,			1.703,			1.232,			2.278
137,	3,	230.0,			5.386,			2.017,			2.017,			8.515,			3.112,			1.044
138,	3,	230.141,			3.052,			1.091,			1.091,			9.789,			1.19,			1.066
139,	3,	230.289,			13.059,			2.782,			2.782,			8.478,			1.631,			1.199
140,	3,	230.331,			8.437,			1.522,			1.522,			1.191,			1.536,			1.998
141,	3,	230.377,			4.972,			1.243,			1.243,			4.721,			1.243,			1.862
142,	3,	230.458,			2.184,			1.236,			1.236,			11.529,			1.428,			0.621
143,	3,	230.825,			6.156,			1.435,			1.435,			11.548,			0.791,			1.426
144,	3,	230.91,			2.197,			2.782,			2.782,			2.939,			1.217,			1.598
145,	3,	230.947,			2.082,			2.384,			2.384,			8.464,			0.542,			2.525
146,	3,	231.043,			11.821,			1.552,			1.552,			4.166,			0.666,			3.238
147,	3,	231.157,			2.952,			0.697,			0.697,			7.573,			0.642,			0.673
148,	3,	231.213,			3.074,			1.256,			1.256,			7.091,			2.912,			0.601
149,	3,	231.497,			4.99,			1.169,			1.169,			4.555,			1.0,			3.085
150,	3,	231.701,			3.185,			1.447,			1.447,			12.383,			1.807,			1.563
151,	3,	231.781,			3.861,			2.984,			2.984,			4.554,			3.085,			1.466
152,	3,	231.829,			2.258,			1.701,			1.701,			4.161,			0.591,			1.535
153,	3,	231.929,			5.734,			0.946,			0.946,			9.144,			0.759,			1.95
154,	3,	232.064,			5.335,			0.809,			0.809,			12.475,			3.259,			2.669
155,	3,	232.123,			6.635,			0.72,			0.72,			2.765,			1.976,			1.668
156,	3,	235.301,			11.941,			3.425,			3.425,			2.838,			1.085,			0.84
157,	3,	235.305,			4.615,			3.225,			3.225,			11.905,			2.508,			1.324
158,	3,	235.371,			5.386,			1.335,			1.335,			1.679,			0.743,			0.699
159,	3,	235.632,			11.077,			1.976,			1.976,			8.507,			2.811,			1.641
160,	3,	235.675,			4.935,			2.755,			2.755,			8.05,			0.959,			0.954
161,	3,	235.798,			9.48,			1.584,			1.584,			12.185,			2.416,			1.818
162,	3,	235.94,			9.692,			1.335,			1.335,			3.774,			0.879,			0.701
163,	3,	235.959,			5.386,			0.738,			0.738,			2.432,			2.017,			2.822
164,	3,	236.771,			3.858,			0.919,			0.919,			7.542,			1.943,			0.706
165,	3,	237.027,			7.543,			0.987,			0.987,			3.756,			0.894,			0.878
166,	3,	237.191,			7.115,			0.939,			0.939,			6.126,			0.824,			0.531
167,	3,	237.193,			4.088,			1.618,			1.618,			1.602,			3.127,			1.263
168,	3,	237.216,			4.179,			2.998,			2.998,			5.812,			2.091,			1.165
169,	3,	237.579,			7.141,			1.028,			1.028,			3.527,			1.597,			1.086
170,	3,	237.598,			2.31,			0.825,			0.825,			4.378,			1.397,			1.535
171,	3,	237.634,			11.132,			1.826,			1.826,			2.229,			1.206,			0.981
172,	3,	237.818,			13.021,			1.522,			1.522,			3.223,			0.699,			1.934
173,	2,	238.001,			22.041,			0.099,			0.099,			23.598,			0.099,			0.099
174,	3,	238.001,			5.685,			2.173,			2.173,			1.579,			1.956,			0.601
175,	3,	238.017,			4.852,			2.165,			2.165,			3.757,			0.567,			1.54
176,	3,	238.037,			3.284,			3.58,			3.58,			5.165,			1.915,			2.229
177,	3,	238.082,			4.033,			1.549,			1.549,			2.234,			1.659,			1.216
178,	3,	238.358,			12.444,			1.76,			1.76,			7.141,			1.206,			1.194
179,	3,	238.382,			11.529,			0.944,			0.944,			12.982,			1.208,			3.579
180,	3,	238.473,			6.225,			0.476,			0.476,			4.174,			1.172,			1.991
181,	3,	238.513,			8.05,			1.891,			1.891,			2.923,			0.93,			0.981
182,	3,	238.72,			9.839,			1.551,			1.551,			9.839,			0.774,			1.646
183,	3,	238.786,			7.542,			0.853,			0.853,			2.457,			1.173,			0.832
184,	3,	238.848,			4.07,			2.039,			2.039,			5.018,			1.606,			1.807
185,	3,	238.885,			6.492,			1.175,			1.175,			7.125,			0.543,			0.815
186,	3,	239.037,			4.961,			2.989,			2.989,			3.501,			0.914,			1.168
187,	3,	239.08,			11.268,			1.333,			1.333,			12.424,			0.667,			0.622
188,	3,	239.53,			3.282,			1.527,			1.527,			5.195,			1.236,			0.952
189,	3,	239.551,			3.923,			1.943,			1.943,			9.321,			2.119,			1.119
190,	3,	239.722,			2.864,			1.5,			1.5,			3.036,			1.281,			0.905
191,	3,	239.729,			10.779,			1.867,			1.867,			4.146,			0.764,			1.706
192,	3,	239.742,			1.954,			0.528,			0.528,			4.327,			1.95,			1.662
193,	3,	239.933,			2.421,			1.348,			1.348,			8.024,			2.561,			0.737
194,	2,	240.057,			21.755,			0.099,			0.099,			22.738,			0.099,			0.099
195,	3,	240.24,			5.255,			2.508,			2.508,			2.677,			0.804,			1.924
196,	3,	240.244,			3.155,			0.967,			0.967,			1.862,			0.656,			0.476
197,	3,	240.401,			3.781,			1.818,			1.818,			3.028,			0.761,			1.231
198,	3,	240.429,			1.689,			1.375,			1.375,			5.685,			0.833,			1.502
199,	3,	240.583,			3.282,			2.236,			2.236,			4.445,			0.683,			1.082
200,	2,	240.79,			21.629,			0.099,			0.099,			21.775,			0.099,			0.1
201,	3,	240.815,			5.195,			0.944,			0.944,			2.637,			1.663,			1.009
202,	3,	240.96,			6.145,			1.549,			1.549,			4.721,			1.456,			0.741
203,	3,	241.012,			9.003,			1.301,			1.301,			12.079,			2.116,			1.26
204,	3,	241.025,			6.039,			1.085,			1.085,			7.372,			0.983,			1.444
205,	3,	241.03,			6.979,			2.59,			2.59,			5.538,			3.167,			0.656
206,	3,	241.42,			4.379,			1.133,			1.133,			8.728,			3.167,			0.588
207,	3,	241.447,			7.08,			1.124,			1.124,			2.31,			1.217,			1.107
208,	3,	241.522,			6.796,			1.317,			1.317,			7.091,			0.879,			0.932
209,	3,	241.562,			6.772,			0.907,			0.907,			6.143,			1.891,			1.924
210,	3,	241.644,			5.83,			0.905,			0.905,			2.767,			0.781,			1.208
211,	3,	242.081,			4.24,			0.759,			0.759,			5.376,			2.96,			1.415
212,	3,	242.092,			9.122,			1.162,			1.162,			8.099,			1.838,			3.343
213,	3,	242.114,			2.878,			0.729,			0.729,			6.132,			0.797,			2.026
214,	3,	242.163,			7.178,			1.535,			1.535,			5.775,			1.69,			2.903
215,	3,	242.346,			5.47,			2.412,			2.412,			3.337,			0.819,			2.385
216,	3,	242.354,			6.12,			0.6,			0.6,			4.99,			1.728,			2.007
217,	3,	242.565,			6.635,			0.939,			0.939,			4.07,			0.905,			1.671
218,	3,	242.631,			2.727,			1.618,			1.618,			8.652,			1.961,			1.641
219,	3,	242.695,			4.899,			2.232,			2.232,			6.372,			0.766,			0.699
220,	3,	242.855,			13.097,			0.833,			0.833,			2.193,			1.641,			0.844
221,	3,	243.394,			7.304,			3.238,			3.238,			6.358,			0.89,			2.911
222,	3,	243.574,			11.772,			0.752,			0.752,			5.708,			0.567,			1.103
223,	3,	243.666,			12.463,			1.388,			1.388,			1.495,			2.213,			0.542
224,	3,	243.792,			5.806,			1.648,			1.648,			7.878,			2.017,			1.853
225,	3,	244.023,			2.767,			1.444,			1.444,			3.382,			0.533,			1.011
226,	3,	244.038,			13.059,			2.016,			2.016,			1.408,			0.896,			3.127
227,	3,	244.317,			12.36,			3.336,			3.336,			2.977,			0.685,			0.791
228,	3,	247.053,			10.361,			1.989,			1.989,			12.35,			0.89,			0.993
229,	3,	247.212,			4.341,			0.835,			0.835,			9.048,			2.945,			2.278
230,	3,	250.55,			2.402,			1.667,			1.667,			5.97,			0.905,			2.601
231,	2,	252.318,			22.404,			0.099,			0.099,			22.729,			0.099,			0.099
232,	2,	252.977,			21.779,			0.099,			0.099,			21.479,			0.099,			0.099
233,	2,	253.234,			24.362,			0.099,			0.099,			24.08,			0.099,			0.099
234,	1,	253.825,			1.253,			0.967,			0.967,			1.272,			0.934,			0.944
235,	2,	254.096,			21.448,			0.099,			0.099,			22.161,			0.099,			0.099
236,	2,	267.815,			22.442,			0.099,			0.099,			24.648,			0.099,			0.099
237,	1,	270.799,			2.019,			0.87,			0.87,			1.019,			0.74,			0.944
238,	1,	278.812,			1.074,			0.87,			0.87,			1.281,			0.674,			0.968
239,	2,	283.92,			22.105,			0.099,			0.099,			24.774,			0.1,			0.099
240,	2,	286.436,			23.287,			0.099,			0.099,			24.717,			0.099,			0.099
241,	1,	291.918,			0.954,			0.925,			0.925,			1.323,			0.879,			1.401
242,	2,	292.49,			22.072,			0.099,			0.099,			25.064,			0.099,			0.1
243,	2,	296.886,			24.206,			0.1,			0.1,			23.138,			0.099,			0.1
244,	2,	297.474,			22.609,			0.1,			0.1,			23.598,			0.099,			0.099
245,	2,	301.262,			23.645,			0.099,			0.099,			23.354,			0.099,			0.099
246,	1,	306.777,			1.318,			0.856,			0.856,			2.019,			1.144,			1.182
247,	2,	309.525,			23.008,			0.099,			0.099,			22.673,			0.099,			0.099
248,	2,	317.897,			24.767,			0.099,			0.099,			24.117,			0.099,			0.099
249,	2,	322.698,			23.592,			0.099,			0.099,			22.154,			0.099,			0.099
250,	2,	329.492,			24.008,			0.1,			0.1,			22.209,			0.099,			0.099
251,	2,	331.74,			21.731,			0.099,			0.099,			23.567,			0.099,			0.099
252,	2,	343.812,			21.952,			0.099,			0.099,			21.83,			0.099,			0.099
253,	2,	361.105,			22.881,			0.099,			0.099,			21.895,			0.099,			0.099
254,	2,	364.493,			21.396,			0.099,			0.099,			22.56,			0.099,			0.099
255,	2,	367.291,			23.976,			0.099,			0.099,			23.955,			0.099,			0.099
256,	1,	374.164,			1.033,			0.89,			0.89,			1.257,			0.903,			0.996
257,	2,	375.745,			21.925,			0.099,			0.099,			21.886,			0.099,			0.099
258,	2,	381.778,			23.156,			0.099,			0.099,			23.317,			0.099,			0.099
259,	2,	392.979,			21.801,			0.099,			0.099,			24.409,			0.099,			0.099
260,	2,	396.798,			22.089,			0.1,			0.1,			21.703,			0.099,			0.099
261,	1,	401.58,			1.311,			1.182,			1.182,			1.241,			1.137,			0.886
262,	1,	409.734,			1.223,			0.883,			0.883,			2.002,			0.957,			1.027
263,	2,	410.496,			22.235,			0.1,			0.1,			22.484,			0.099,			0.099
264,	1,	419.026,			1.224,			0.913,			0.913,			1.213,			0.991,			0.646
265,	2,	422.473,			21.727,			0.099,			0.099,			23.273,			0.099,			0.099
266,	2,	426.96,			22.529,			0.099,			0.099,			21.501,			0.099,			0.099
267,	2,	435.528,			24.687,			0.099,			0.099,			21.946,			0.099,			0.099
268,	3,	437.704,			10.607,			1.54,			1.54,			2.683,			1.425,			1.443
269,	3,	439.817,			3.658,			1.853,			1.853,			2.814,			2.908,			1.173
270,	3,	440.223,			1.616,			1.107,			1.107,			5.927,			0.567,			0.807
271,	3,	440.563,			2.193,			3.488,			3.488,			9.069,			0.863,			2.954
272,	3,	440.59,			12.023,			1.701,			1.701,			5.7,			0.935,			2.199
273,	3,	440.754,			11.42,			0.974,			0.974,			9.123,			1.69,			0.852
274,	3,	441.09,			5.184,			1.924,			1.924,			3.1,			1.668,			3.141
275,	3,	441.146,			1.603,			0.6,			0.6,			7.39,			1.937,			0.972
276,	3,	441.557,			6.63,			1.564,			1.564,			5.195,			0.784,			1.484
277,	3,	441.745,			5.97,			1.851,			1.851,			2.742,			0.667,			1.598
278,	3,	441.884,			7.207,			3.265,			3.265,			2.03,			1.163,			1.046
279,	3,	442.011,			2.662,			1.279,			1.279,			2.831,			2.366,			1.471
280,	3,	444.112,			11.765,			0.47,			0.47,			10.607,			1.862,			2.825
281,	3,	444.614,			5.43,			0.825,			0.825,			13.9,			1.388,			0.855
282,	3,	444.827,			6.796,			2.954,			2.954,			4.548,			1.236,			1.709
283,	2,	474.28,			23.547,			0.099,			0.099,			24.465,			0.099,			0.099
284,	2,	475.903,			22.175,			0.1,			0.1,			21.791,			0.099,			0.099
285,	2,	476.269,			22.894,			0.099,			0.099,			24.019,			0.1,			0.099
286,	2,	478.515,			22.963,			0.099,			0.099,			21.436,			0.099,			0.099
287,	2,	482.415,			21.961,			0.1,			0.1,			22.176,			0.099,			0.099
288,	1,	486.196,			1.791,			1.231,			1.231,			0.983,			0.886,			1.392
289,	2,	489.259,			23.023,			0.099,			0.099,			23.419,			0.099,			0.099
290,	2,	494.071,			22.232,			0.099,			0.099,			22.477,			0.099,			0.099
291,	2,	495.743,			21.928,			0.099,			0.099,			21.59,			0.099,			0.099
292,	2,	496.449,			22.275,			0.099,			0.099,			24.469,			0.099,			0.1
293,	2,	497.138,			22.099,			0.099,			0.099,			22.144,			0.099,			0.099
294,	1,	497.692,			1.916,			1.25,			1.25,			0.983,			1.227,			0.735
295,	1,	503.235,			2.04,			0.944,			0.944,			2.025,			1.149,			0.857
296,	2,	504.114,			22.24,			0.099,			0.099,			22.637,			0.099,			0.099
297,	2,	508.013,			22.132,			0.099,			0.099,			21.744,			0.099,			0.1
298,	1,	517.448,			1.436,			0.903,			0.903,			1.301,			0.811,			0.821
299,	2,	519.416,			22.585,			0.099,			0.099,			22.179,			0.099,			0.099
300,	1,	520.951,			1.277,			0.635,			0.635,			1.23,			1.398,			1.1
301,	2,	522.983,			23.226,			0.099,			0.099,			23.052,			0.099,			0.099
302,	2,	525.486,			22.231,			0.099,			0.099,			24.681,			0.099,			0.099
303,	2,	525.677,			22.555,			0.099,			0.099,			25.069,			0.099,			0.099
304,	2,	526.825,			23.246,			0.099,			0.099,			24.569,			0.099,			0.099
305,	2,	543.863,			22.768,			0.099,			0.099,			22.642,			0.099,			0.099
306,	2,	547.638,			23.182,			0.099,			0.099,			22.411,			0.099,			0.099
307,	2,	550.137,			22.624,			0.099,			0.099,			21.73,			0.099,			0.099
308,	3,	550.164,			4.098,			0.656,			0.656,			1.191,			1.556,			0.846
309,	3,	550.375,			4.174,			0.551,			0.551,			10.397,			2.779,			0.825
310,	3,	550.382,			4.825,			0.699,			0.699,			13.827,			2.945,			1.429
311,	3,	550.815,			2.634,			1.98,			1.98,			1.591,			1.956,			1.552
312,	3,	553.188,			4.214,			2.412,			2.412,			13.942,			1.036,			2.952
313,	3,	554.079,			8.715,			1.822,			1.822,			6.635,			0.615,			3.009
314,	3,	554.753,			5.887,			0.836,			0.836,			2.952,			2.603,			3.11
315,	3,	554.798,			2.796,			1.95,			1.95,			1.812,			2.427,			0.919
316,	3,	554.987,			2.802,			1.046,			1.046,			7.735,			1.956,			2.985
317,	3,	559.72,			7.287,			1.301,			1.301,			12.529,			1.236,			3.244
318,	3,	562.065,			2.472,			0.557,			0.557,			6.132,			0.729,			1.165
319,	3,	562.327,			3.757,			0.827,			0.827,			8.099,			0.974,			3.139
320,	2,	569.211,			23.791,			0.099,			0.099,			22.036,			0.099,			0.1
321,	3,	570.554,			1.73,			1.552,			1.552,			2.097,			1.206,			2.525
322,	3,	570.945,			3.038,			1.158,			1.158,			2.634,			1.924,			0.567
323,	3,	571.009,			3.966,			1.639,			1.639,			5.624,			1.216,			1.334
324,	3,	571.233,			5.559,			1.499,			1.499,			7.39,			3.167,			1.199
325,	3,	571.386,			4.76,			1.552,			1.552,			4.132,			1.452,			3.25
326,	3,	571.525,			11.37,			0.959,			0.959,			9.651,			1.826,			1.668
327,	3,	571.552,			5.105,			3.415,			3.415,			7.091,			1.663,			1.667
328,	3,	571.747,			4.922,			1.241,			1.241,			3.188,			1.707,			0.551
329,	3,	571.863,			2.258,			0.71,			0.71,			5.43,			1.522,			0.701
330,	3,	572.142,			8.408,			1.093,			1.093,			1.603,			1.345,			0.943
331,	3,	572.269,			11.941,			1.106,			1.106,			2.207,			0.855,			1.707
332,	3,	572.293,			12.385,			0.924,			0.924,			5.671,			2.016,			0.774
333,	3,	572.304,			6.779,			0.781,			0.781,			1.074,			1.152,			1.215
334,	3,	572.335,			4.615,			0.807,			0.807,			5.965,			0.771,			2.899
335,	3,	572.406,			2.572,			3.112,			3.112,			2.64,			1.04,			0.902
336,	3,	572.467,			4.074,			1.22,			1.22,			10.171,			0.878,			2.609
337,	3,	572.564,			4.507,			1.5,			1.5,			2.271,			0.827,			1.031
338,	3,	572.647,			11.641,			2.989,			2.989,			6.475,			3.275,			1.092
339,	3,	572.704,			4.287,			1.279,			1.279,			6.475,			0.8,			1.062
340,	3,	572.905,			7.431,			0.71,			0.71,			2.434,			1.667,			2.989
341,	3,	572.911,			3.858,			1.637,			1.637,			5.708,			1.466,			1.644
342,	3,	572.981,			13.9,			3.563,			3.563,			10.367,			1.254,			3.165
343,	3,	573.059,			6.153,			2.601,			2.601,			11.62,			0.738,			0.629
344,	3,	573.121,			1.616,			2.396,			2.396,			5.812,			1.401,			1.636
345,	3,	573.34,			7.08,			0.909,			0.909,			13.011,			1.783,			1.693
346,	3,	573.404,			3.492,			1.334,			1.334,			3.004,			2.912,			1.504
347,	3,	573.407,			10.721,			0.878,			0.878,			3.653,			3.488,			2.899
348,	3,	573.487,			2.802,			0.784,			0.784,			5.146,			0.874,			0.669
349,	3,	573.751,			3.219,			1.336,			1.336,			3.379,			1.334,			0.607
350,	3,	573.875,			2.097,			1.28,			1.28,			1.73,			0.764,			2.298
351,	3,	574.011,			5.089,			0.601,			0.601,			5.488,			1.793,			2.165
352,	3,	574.085,			7.377,			1.092,			1.092,			2.289,			1.639,			2.854
353,	3,	574.246,			8.374,			3.25,			3.25,			5.064,			1.688,			1.194
354,	3,	574.262,			2.304,			1.293,			1.293,			3.029,			2.653,			1.373
355,	2,	574.27,			23.567,			0.099,			0.099,			21.938,			0.099,			0.099
356,	3,	574.441,			7.141,			1.337,			1.337,			6.718,			1.001,			1.401
357,	3,	574.49,			6.82,			1.636,			1.636,			3.907,			2.911,			1.163
358,	3,	574.74,			3.861,			1.563,			1.563,			6.228,			1.107,			2.113
359,	3,	574.766,			11.62,			0.567,			0.567,			5.43,			1.9,			3.294
360,	3,	574.791,			8.055,			0.781,			0.781,			11.132,			3.58,			0.766
361,	3,	574.82,			2.54,			1.119,			1.119,			4.935,			1.178,			3.113
362,	3,	574.947,			4.429,			0.636,			0.636,			6.394,			1.366,			0.967
363,	3,	575.082,			12.106,			0.601,			0.601,			2.402,			0.873,			0.657
364,	3,	575.273,			2.085,			0.968,			0.968,			4.174,			1.58,			0.738
365,	3,	575.378,			11.226,			3.169,			3.169,			4.882,			0.952,			2.972
366,	3,	575.469,			1.703,			0.884,			0.884,			2.289,			0.6,			0.636
367,	3,	575.493,			3.787,			1.176,			1.176,			8.293,			2.717,			1.527
368,	3,	575.663,			1.993,			1.927,			1.927,			1.962,			0.852,			3.58
369,	3,	575.736,			4.507,			0.68,			0.68,			10.526,			2.574,			1.851
370,	3,	576.193,			5.376,			1.236,			1.236,			8.728,			2.379,			0.542
371,	3,	576.344,			3.858,			0.773,			0.773,			2.683,			0.907,			0.764
372,	3,	576.478,			13.587,			0.759,			0.759,			11.869,			1.215,			3.25
373,	3,	576.543,			2.119,			0.846,			0.846,			1.818,			0.837,			1.093
374,	3,	576.601,			4.137,			2.232,			2.232,			3.52,			0.805,			2.854
375,	3,	576.698,			6.07,			2.653,			2.653,			10.613,			0.66,			1.531
376,	3,	576.742,			7.238,			2.002,			2.002,			12.475,			2.579,			3.486
377,	3,	576.804,			2.757,			1.706,			1.706,			2.567,			1.194,			1.236
378,	3,	576.892,			2.063,			0.72,			0.72,			6.156,			1.086,			1.671
379,	3,	576.955,			10.731,			0.675,			0.675,			2.286,			1.549,			2.105
380,	3,	576.971,			2.064,			2.405,			2.405,			11.202,			2.026,			0.836
381,	3,	577.033,			4.081,			1.213,			1.213,			1.484,			0.691,			0.588
382,	3,	577.055,			4.341,			0.588,			0.588,			9.34,			0.952,			0.914
383,	3,	577.21,			5.512,			1.154,			1.154,			12.529,			1.956,			1.09
384,	3,	577.338,			4.634,			3.142,			3.142,			3.379,			1.98,			0.959
385,	3,	577.367,			1.602,			3.336,			3.336,			11.458,			1.518,			1.098
386,	3,	577.437,			1.977,			1.737,			1.737,			4.516,			1.201,			2.669
387,	3,	577.482,			3.698,			1.352,			1.352,			4.927,			1.19,			1.062
388,	3,	577.539,			4.718,			3.25,			3.25,			3.054,			1.329,			1.594
389,	3,	577.643,			5.184,			1.255,			1.255,			2.481,			1.133,			1.046
390,	3,	577.788,			4.516,			0.852,			0.852,			5.47,			1.04,			0.891
391,	3,	577.995,			3.223,			1.631,			1.631,			4.684,			1.924,			1.388
392,	3,	578.065,			5.165,			1.009,			1.009,			8.099,			1.639,			1.09
393,	3,	578.088,			2.662,			1.401,			1.401,			4.42,			1.334,			0.614
394,	3,	578.294,			2.31,			2.385,			2.385,			3.815,			0.773,			2.574
395,	3,	578.319,			1.66,			0.607,			0.607,			3.162,			3.58,			2.579
396,	3,	578.526,			4.705,			1.261,			1.261,			1.955,			1.717,			0.974
397,	3,	578.617,			10.464,			0.853,			0.853,			1.603,			1.312,			3.009
398,	3,	578.697,			11.381,			0.731,			0.731,			1.818,			1.494,			1.397
399,	3,	578.703,			10.601,			2.048,			2.048,			7.853,			1.162,			0.988
400,	3,	578.743,			11.928,			1.0,			1.0,			8.715,			2.379,			1.301
401,	3,	578.928,			4.016,			2.78,			2.78,			6.082,			1.092,			1.916
402,	3,	578.929,			8.478,			0.959,			0.959,			5.824,			1.671,			1.37
403,	3,	579.201,			2.369,			0.766,			0.766,			3.028,			2.469,			1.388
404,	3,	579.209,			6.394,			2.998,			2.998,			11.458,			2.139,			0.961
405,	3,	579.286,			2.694,			1.117,			1.117,			3.194,			1.976,			0.748
406,	3,	579.304,			7.287,			1.597,			1.597,			9.861,			3.138,			1.849
407,	3,	579.358,			2.882,			0.9,			0.9,			3.295,			2.825,			2.954
408,	3,	579.461,			8.809,			1.957,			1.957,			2.558,			1.215,			1.638
409,	2,	586.595,			22.636,			0.099,			0.099,			21.652,			0.099,			0.099
410,	1,	590.246,			2.036,			1.093,			1.093,			1.813,			0.674,			0.939
411,	1,	591.634,			1.214,			0.788,			0.788,			2.018,			0.878,			0.873
412,	2,	594.817,			21.711,			0.099,			0.099,			21.546,			0.099,			0.099
413,	2,	596.458,			22.19,			0.1,			0.1,			22.575,			0.099,			0.099
414,	2,	598.625,			21.76,			0.099,			0.099,			24.57,			0.099,			0.099
415,	2,	601.531,			22.955,			0.099,			0.099,			22.218,			0.099,			0.099
416,	2,	603.983,			22.404,			0.099,			0.099,			22.164,			0.099,			0.099
417,	2,	608.165,			22.679,			0.099,			0.099,			23.037,			0.099,			0.099
418,	2,	610.232,			21.731,			0.099,			0.099,			23.182,			0.099,			0.099
419,	2,	610.446,			23.688,			0.099,			0.099,			23.274,			0.099,			0.099
420,	2,	613.732,			21.813,			0.099,			0.099,			22.096,			0.099,			0.099
421,	1,	614.844,			1.437,			0.993,			0.993,			1.091,			0.619,			0.9
422,	2,	616.224,			22.456,			0.099,			0.099,			22.566,			0.099,			0.099
423,	1,	616.72,			1.059,			1.124,			1.124,			1.38,			1.151,			0.878
424,	1,	622.136,			1.26,			0.82,			0.82,			1.293,			0.89,			0.967
425,	2,	624.038,			22.365,			0.099,			0.099,			21.529,			0.099,			0.099
426,	2,	631.887,			21.804,			0.099,			0.099,			21.684,			0.099,			0.099
427,	2,	634.537,			23.454,			0.099,			0.099,			21.752,			0.1,			0.1
428,	2,	640.956,			24.279,			0.099,			0.099,			21.921,			0.099,			0.099
429,	1,	650.42,			1.308,			0.828,			0.828,			1.417,			0.613,			0.862
430,	2,	650.586,			21.844,			0.1,			0.1,			22.578,			0.099,			0.1
431,	1,	656.457,			0.961,			0.688,			0.688,			1.864,			1.245,			0.863
432,	1,	656.808,			1.108,			0.872,			0.872,			2.048,			1.359,			0.585
433,	2,	661.011,			21.323,			0.099,			0.099,			21.761,			0.099,			0.099
434,	2,	661.109,			21.765,			0.1,			0.1,			25.046,			0.099,			0.099
435,	2,	662.149,			22.163,			0.099,			0.099,			23.199,			0.099,			0.099
436,	1,	663.767,			2.106,			0.756,			0.756,			1.025,			0.843,			1.228
437,	1,	666.651,			1.286,			0.927,			0.927,			1.407,			0.951,			1.25
438,	2,	671.923,			22.084,			0.099,			0.099,			23.975,			0.099,			0.099
439,	2,	673.854,			23.201,			0.099,			0.099,			22.018,			0.099,			0.099
440,	2,	674.123,			23.159,			0.099,			0.099,			21.902,			0.099,			0.099
441,	1,	684.915,			1.224,			0.948,			0.948,			1.98,			0.912,			0.935
442,	1,	685.725,			1.18,			0.844,			0.844,			2.13,			0.856,			1.377
443,	2,	690.269,			22.248,			0.099,			0.099,			21.6,			0.099,			0.099
444,	2,	691.541,			24.445,			0.099,			0.099,			21.671,			0.099,			0.099
445,	2,	701.194,			22.427,			0.099,			0.099,			23.167,			0.099,			0.099
446,	2,	701.527,			21.671,			0.099,			0.099,			22.081,			0.099,			0.099
447,	2,	704.454,			21.782,			0.099,			0.099,			23.512,			0.1,			0.099
448,	2,	704.478,			23.69,			0.099,			0.099,			21.823,			0.099,			0.099
449,	2,	708.212,			24.57,			0.099,			0.099,			24.74,			0.099,			0.099
450,	1,	708.505,			1.259,			1.337,			1.337,			1.328,			1.123,			0.617
451,	1,	709.942,			1.289,			1.115,			1.115,			1.288,			0.822,			0.875
452,	2,	710.057,			22.053,			0.099,			0.099,			23.374,			0.1,			0.099
453,	1,	711.187,			2.151,			0.673,			0.673,			1.2,			1.223,			0.9
454,	2,	711.539,			21.998,			0.099,			0.099,			23.529,			0.099,			0.099
455,	2,	720.692,			24.098,			0.099,			0.099,			21.74,			0.099,			0.099
456,	1,	723.394,			1.255,			0.756,			0.756,			1.515,			0.913,			1.07
457,	2,	725.075,			22.513,			0.099,			0.099,			21.409,			0.099,			0.099
458,	1,	725.473,			2.397,			0.918,			0.918,			1.01,			0.887,			0.926
459,	1,	729.118,			1.435,			0.897,			0.897,			2.039,			0.92,			0.87
460,	2,	750.07,			23.518,			0.099,			0.099,			23.839,			0.099,			0.099
461,	2,	750.151,			24.821,			0.099,			0.099,			23.423,			0.099,			0.1
462,	2,	750.983,			22.176,			0.099,			0.099,			24.716,			0.099,			0.099
463,	2,	753.678,			21.492,			0.1,			0.1,			22.567,			0.099,			0.099
464,	2,	757.997,			22.043,			0.099,			0.099,			21.875,			0.099,			0.099
465,	2,	762.25,			24.631,			0.099,			0.099,			22.886,			0.099,			0.099
466,	1,	767.982,			1.417,			0.789,			0.789,			1.757,			1.4,			0.908
467,	2,	773.806,			21.64,			0.099,			0.099,			22.402,			0.099,			0.099
468,	1,	783.977,			0.933,			0.951,			0.951,			1.852,			1.054,			0.879
469,	2,	796.712,			22.292,			0.099,			0.099,			21.521,			0.099,			0.1
470,	2,	799.347,			22.374,			0.099,			0.099,			23.76,			0.099,			0.099
471,	2,	801.943,			23.322,			0.099,			0.099,			21.597,			0.099,			0.099
472,	2,	813.299,			22.472,			0.099,			0.099,			24.855,			0.1,			0.099
473,	2,	818.191,			21.995,			0.1,			0.1,			22.24,			0.099,			0.099
474,	2,	822.286,			22.072,			0.099,			0.099,			22.183,			0.099,			0.099
475,	2,	823.277,			23.613,			0.099,			0.099,			23.043,			0.099,			0.099
476,	2,	825.224,			21.757,			0.099,			0.099,			24.471,			0.099,			0.1
477,	2,	825.867,			24.116,			0.099,			0.099,			24.872,			0.099,			0.099
478,	2,	826.56,			21.991,			0.099,			0.099,			22.117,			0.099,			0.099
479,	2,	827.658,			24.003,			0.099,			0.099,			22.195,			0.099,			0.099
480,	2,	831.63,			23.345,			0.099,			0.099,			21.641,			0.099,			0.099
481,	2,	835.222,			23.737,			0.099,			0.099,			24.009,			0.099,			0.099
482,	1,	837.636,			1.261,			1.516,			1.516,			1.423,			0.867,			0.848
483,	2,	840.197,			22.09,			0.099,			0.099,			21.548,			0.1,			0.1
484,	2,	842.701,			25.172,			0.099,			0.099,			24.362,			0.099,			0.099
485,	2,	845.67,			22.772,			0.099,			0.099,			24.002,			0.099,			0.099
486,	2,	848.4,			24.926,			0.099,			0.099,			24.346,			0.099,			0.099
487,	2,	854.301,			25.172,			0.099,			0.099,			23.139,			0.099,			0.099
488,	2,	857.641,			23.882,			0.099,			0.099,			22.4,			0.099,			0.099
489,	2,	858.324,			23.793,			0.099,			0.099,			22.484,			0.099,			0.099
490,	2,	861.658,			22.021,			0.099,			0.099,			22.947,			0.099,			0.1
491,	2,	865.824,			23.942,			0.099,			0.099,			23.452,			0.099,			0.099
492,	2,	868.111,			24.194,			0.099,			0.099,			21.841,			0.099,			0.099
493,	2,	872.143,			22.201,			0.1,			0.1,			25.064,			0.099,			0.099
494,	1,	874.471,			0.993,			0.73,			0.73,			1.253,			1.132,			0.904
495,	2,	882.701,			22.557,			0.099,			0.099,			21.717,			0.099,			0.099
496,	2,	882.833,			22.313,			0.099,			0.099,			23.973,			0.099,			0.099
497,	2,	883.945,			21.362,			0.099,			0.099,			24.117,			0.099,			0.1
498,	1,	891.874,			1.019,			0.91,			0.91,			1.763,			1.078,			1.446
499,	2,	892.224,			21.639,			0.099,			0.099,			22.25,			0.099,			0.099
500,	2,	894.793,			23.199,			0.099,			0.099,			23.404,			0.099,			0.099
