#, task_type_id, arrival_time,	estimated_time_t2xlarge,	estimated_time_g3sxlarge,	estimated_time_CLOUD,	execution_time_t2xlarge,	execution_time_g3sxlarge,	execution_time_CLOUD
1,	2,	77.196,			23.579,			0.099,			0.099,			23.664,			0.099,			0.099
2,	2,	77.53,			21.661,			0.099,			0.099,			21.835,			0.099,			0.099
3,	2,	124.058,			24.0,			0.099,			0.099,			22.313,			0.099,			0.099
4,	2,	130.988,			23.245,			0.099,			0.099,			23.965,			0.099,			0.099
5,	2,	131.677,			24.798,			0.1,			0.1,			21.951,			0.099,			0.099
6,	2,	135.903,			21.715,			0.1,			0.1,			21.563,			0.1,			0.099
7,	2,	137.786,			22.529,			0.099,			0.099,			24.605,			0.099,			0.099
8,	2,	153.301,			24.926,			0.099,			0.099,			22.036,			0.099,			0.099
9,	3,	153.564,			8.437,			1.154,			1.154,			3.907,			1.236,			2.705
10,	3,	158.467,			4.129,			1.232,			1.232,			1.183,			0.661,			1.737
11,	2,	160.962,			21.666,			0.099,			0.099,			22.983,			0.099,			0.099
12,	2,	163.218,			24.144,			0.099,			0.099,			23.036,			0.1,			0.1
13,	3,	176.822,			5.1,			1.998,			1.998,			2.402,			0.836,			1.057
14,	3,	176.857,			3.923,			0.987,			0.987,			11.326,			1.302,			2.119
15,	3,	176.971,			5.62,			2.091,			2.091,			1.764,			0.677,			1.206
16,	3,	177.188,			1.862,			1.541,			1.541,			8.05,			1.25,			0.865
17,	3,	177.191,			13.942,			1.717,			1.717,			12.475,			1.919,			1.456
18,	3,	177.274,			2.346,			1.76,			1.76,			1.898,			2.23,			0.666
19,	3,	177.298,			1.9,			1.401,			1.401,			4.24,			0.853,			0.622
20,	3,	177.358,			2.765,			1.426,			1.426,			6.093,			0.996,			0.981
21,	3,	177.363,			3.038,			1.639,			1.639,			4.721,			1.471,			0.992
22,	3,	177.537,			2.271,			1.667,			1.667,			3.949,			2.998,			1.484
23,	3,	177.6,			3.028,			1.95,			1.95,			10.779,			2.221,			2.221
24,	3,	177.737,			5.69,			0.672,			0.672,			6.979,			1.106,			2.0
25,	3,	177.817,			3.698,			0.781,			0.781,			4.081,			3.265,			0.846
26,	3,	177.825,			9.651,			0.672,			0.672,			2.567,			1.646,			1.663
27,	3,	177.849,			6.369,			0.796,			0.796,			11.529,			1.703,			2.776
28,	3,	177.902,			5.488,			1.454,			1.454,			6.492,			0.774,			1.09
29,	3,	177.925,			6.447,			0.733,			0.733,			11.641,			1.117,			1.549
30,	3,	177.946,			4.378,			1.667,			1.667,			4.312,			0.541,			1.11
31,	3,	178.09,			2.097,			2.427,			2.427,			2.804,			2.199,			1.337
32,	3,	178.162,			6.312,			3.041,			3.041,			7.102,			3.141,			1.915
33,	3,	178.23,			7.39,			2.669,			2.669,			5.064,			0.657,			0.903
34,	3,	178.243,			5.376,			1.32,			1.32,			5.649,			0.814,			1.275
35,	3,	178.33,			4.339,			0.745,			0.745,			3.176,			0.796,			0.844
36,	3,	178.604,			2.924,			2.899,			2.899,			3.134,			0.941,			1.011
37,	3,	178.794,			13.016,			0.918,			0.918,			6.553,			1.682,			1.584
38,	3,	178.816,			3.501,			2.002,			2.002,			7.39,			0.832,			2.458
39,	3,	178.915,			3.24,			1.036,			1.036,			3.861,			1.394,			2.822
40,	3,	178.99,			9.53,			1.072,			1.072,			6.475,			2.811,			2.416
41,	3,	179.054,			6.195,			1.822,			1.822,			7.624,			0.8,			0.733
42,	3,	179.206,			6.145,			1.107,			1.107,			2.765,			3.138,			0.533
43,	3,	179.256,			2.742,			3.084,			3.084,			9.321,			1.061,			1.53
44,	3,	179.273,			4.529,			2.81,			2.81,			7.13,			1.826,			1.924
45,	3,	179.428,			8.652,			1.404,			1.404,			11.077,			2.366,			2.182
46,	3,	179.673,			13.9,			1.241,			1.241,			7.141,			1.348,			0.903
47,	3,	179.908,			7.588,			0.753,			0.753,			11.529,			1.646,			1.639
48,	3,	179.911,			10.731,			0.74,			0.74,			8.478,			1.822,			3.373
49,	3,	179.941,			4.083,			1.853,			1.853,			5.805,			2.899,			2.392
50,	3,	179.942,			5.214,			0.918,			0.918,			5.89,			1.527,			1.639
51,	3,	179.961,			4.2,			1.213,			1.213,			1.812,			2.455,			1.212
52,	3,	179.961,			5.279,			2.939,			2.939,			11.905,			1.188,			0.607
53,	3,	179.988,			1.75,			1.168,			1.168,			9.839,			1.273,			0.929
54,	3,	180.084,			1.969,			0.685,			0.685,			10.367,			2.943,			1.826
55,	3,	180.122,			13.097,			2.825,			2.825,			4.103,			1.107,			0.946
56,	3,	180.178,			13.792,			1.618,			1.618,			4.341,			1.124,			0.735
57,	3,	180.224,			9.015,			0.812,			0.812,			6.844,			2.105,			1.086
58,	3,	180.23,			7.24,			3.105,			3.105,			1.807,			2.469,			1.169
59,	3,	180.3,			12.023,			0.591,			0.591,			2.831,			1.706,			0.682
60,	3,	180.318,			2.402,			0.699,			0.699,			1.616,			1.46,			0.753
61,	3,	180.334,			2.271,			1.176,			1.176,			5.559,			3.064,			1.131
62,	3,	180.423,			2.268,			0.878,			0.878,			1.562,			0.674,			1.131
63,	3,	180.481,			4.028,			1.604,			1.604,			3.077,			0.974,			1.103
64,	3,	180.53,			2.878,			3.105,			3.105,			5.927,			1.334,			3.58
65,	3,	180.543,			2.765,			0.663,			0.663,			13.942,			0.929,			0.836
66,	3,	180.683,			11.077,			0.993,			0.993,			11.772,			1.403,			0.733
67,	3,	180.741,			6.769,			1.682,			1.682,			4.735,			2.766,			1.587
68,	3,	180.787,			5.219,			0.752,			0.752,			6.15,			1.28,			2.394
69,	3,	180.91,			11.134,			0.912,			0.912,			8.293,			3.084,			1.924
70,	3,	180.991,			4.615,			1.564,			1.564,			4.132,			0.733,			3.244
71,	3,	181.056,			7.338,			3.203,			3.203,			6.133,			2.954,			1.262
72,	3,	181.132,			8.906,			1.257,			1.257,			4.016,			1.506,			2.002
73,	3,	181.138,			2.814,			0.965,			0.965,			2.558,			2.984,			2.173
74,	3,	181.26,			4.42,			3.336,			3.336,			5.335,			3.009,			1.404
75,	3,	181.324,			4.554,			0.896,			0.896,			5.43,			1.807,			1.541
76,	3,	181.342,			2.997,			0.588,			0.588,			2.838,			1.043,			0.733
77,	3,	181.355,			7.706,			1.891,			1.891,			3.054,			1.065,			0.905
78,	3,	181.378,			12.036,			0.543,			0.543,			2.215,			1.53,			2.142
79,	3,	181.396,			3.435,			1.531,			1.531,			11.37,			0.824,			2.278
80,	3,	181.41,			11.42,			1.641,			1.641,			9.643,			0.533,			1.536
81,	3,	181.509,			2.558,			0.766,			0.766,			1.579,			1.388,			2.574
82,	3,	181.608,			1.66,			0.6,			0.6,			4.76,			1.273,			1.216
83,	3,	181.652,			3.527,			1.484,			1.484,			2.153,			1.771,			1.991
84,	3,	181.729,			6.143,			1.671,			1.671,			2.449,			1.215,			0.531
85,	3,	181.74,			2.193,			1.53,			1.53,			2.662,			0.853,			1.194
86,	3,	181.759,			3.527,			3.203,			3.203,			4.111,			0.564,			0.836
87,	3,	181.801,			5.813,			2.286,			2.286,			10.021,			2.911,			0.814
88,	3,	181.842,			5.69,			0.974,			0.974,			3.949,			1.927,			1.966
89,	3,	181.887,			2.193,			0.677,			0.677,			3.295,			1.98,			1.961
90,	3,	181.94,			1.48,			0.805,			0.805,			10.731,			2.394,			1.658
91,	3,	182.168,			3.786,			0.642,			0.642,			2.924,			0.902,			1.044
92,	3,	182.228,			1.939,			1.958,			1.958,			3.155,			1.454,			1.044
93,	3,	182.35,			2.873,			0.528,			0.528,			12.079,			0.879,			1.693
94,	3,	182.567,			6.358,			0.726,			0.726,			4.516,			1.009,			0.752
95,	3,	182.669,			3.194,			0.929,			0.929,			3.443,			2.278,			0.677
96,	3,	182.678,			3.273,			1.135,			1.135,			1.81,			3.422,			0.89
97,	3,	182.707,			6.943,			1.551,			1.551,			3.626,			2.139,			1.707
98,	3,	182.741,			1.955,			1.092,			1.092,			7.706,			3.191,			1.241
99,	3,	182.783,			6.145,			2.026,			2.026,			9.016,			0.543,			1.5
100,	3,	182.824,			1.807,			3.071,			3.071,			2.023,			0.902,			2.038
101,	3,	182.882,			5.685,			0.697,			0.697,			11.202,			1.394,			2.379
102,	3,	182.927,			10.613,			1.215,			1.215,			4.922,			1.562,			2.286
103,	3,	183.177,			11.941,			2.0,			2.0,			4.033,			1.998,			2.298
104,	3,	183.214,			4.055,			1.787,			1.787,			4.554,			2.579,			0.781
105,	3,	183.227,			4.58,			0.905,			0.905,			11.905,			1.404,			1.639
106,	3,	183.267,			2.997,			3.141,			3.141,			2.864,			2.038,			1.76
107,	3,	183.368,			5.624,			2.359,			2.359,			4.79,			1.352,			1.261
108,	3,	183.385,			13.011,			1.807,			1.807,			8.355,			1.891,			0.74
109,	3,	183.409,			6.156,			1.825,			1.825,			9.839,			0.617,			0.703
110,	3,	183.473,			2.313,			0.917,			0.917,			12.185,			0.738,			2.653
111,	3,	183.575,			2.369,			1.09,			1.09,			4.76,			1.706,			0.621
112,	3,	183.818,			7.031,			0.89,			0.89,			4.111,			0.753,			0.607
113,	3,	183.901,			2.902,			1.924,			1.924,			7.207,			0.699,			1.279
114,	3,	183.917,			1.899,			1.447,			1.447,			7.24,			0.741,			0.909
115,	2,	183.931,			22.209,			0.1,			0.1,			22.516,			0.099,			0.099
116,	3,	184.028,			4.023,			1.247,			1.247,			11.459,			1.101,			0.972
117,	3,	184.109,			5.986,			2.105,			2.105,			1.417,			1.22,			1.956
118,	3,	184.12,			4.42,			0.773,			0.773,			7.178,			1.236,			1.236
119,	3,	184.15,			3.88,			0.754,			0.754,			2.762,			1.133,			0.567
120,	3,	184.277,			9.048,			0.791,			0.791,			12.1,			1.324,			2.016
121,	3,	184.288,			7.735,			0.773,			0.773,			2.184,			0.533,			2.039
122,	3,	184.61,			3.194,			1.131,			1.131,			11.529,			0.683,			0.805
123,	3,	184.624,			9.602,			1.506,			1.506,			4.882,			2.017,			0.967
124,	3,	184.637,			6.492,			0.815,			0.815,			2.831,			1.615,			3.151
125,	3,	184.703,			2.31,			1.867,			1.867,			6.093,			2.026,			3.113
126,	3,	184.715,			7.13,			1.154,			1.154,			3.923,			0.832,			1.957
127,	3,	184.77,			12.341,			0.877,			0.877,			2.268,			3.488,			2.776
128,	3,	184.853,			3.337,			0.967,			0.967,			12.348,			0.896,			1.145
129,	3,	184.927,			2.153,			0.614,			0.614,			9.144,			2.165,			0.727
130,	3,	184.964,			4.516,			2.899,			2.899,			3.649,			1.1,			2.56
131,	3,	185.063,			1.81,			1.807,			1.807,			8.337,			1.28,			1.42
132,	3,	185.081,			2.578,			1.551,			1.551,			5.105,			0.766,			0.855
133,	3,	185.113,			2.304,			1.103,			1.103,			3.92,			1.557,			0.819
134,	3,	185.142,			1.911,			2.229,			2.229,			6.145,			1.793,			0.784
135,	3,	185.172,			3.382,			1.626,			1.626,			2.248,			2.429,			0.811
136,	3,	185.201,			9.122,			0.902,			0.902,			5.61,			0.988,			1.319
137,	3,	185.252,			12.383,			0.429,			0.429,			6.635,			1.309,			1.093
138,	3,	185.373,			2.804,			1.37,			1.37,			6.718,			1.217,			1.335
139,	3,	185.514,			6.287,			0.787,			0.787,			5.487,			1.615,			2.774
140,	3,	185.518,			12.444,			0.567,			0.567,			4.718,			2.445,			0.677
141,	3,	185.542,			2.504,			1.373,			1.373,			10.397,			1.637,			1.213
142,	2,	198.187,			22.285,			0.099,			0.099,			24.744,			0.099,			0.1
143,	2,	199.634,			22.119,			0.099,			0.099,			21.587,			0.1,			0.099
144,	1,	208.222,			0.962,			1.191,			1.191,			1.204,			0.928,			0.874
145,	2,	223.632,			24.085,			0.099,			0.099,			22.465,			0.099,			0.099
146,	2,	230.083,			23.339,			0.099,			0.099,			22.609,			0.099,			0.099
147,	2,	231.689,			23.747,			0.099,			0.099,			21.778,			0.099,			0.1
148,	2,	237.907,			21.841,			0.099,			0.099,			22.284,			0.099,			0.099
149,	2,	245.043,			22.117,			0.099,			0.099,			22.298,			0.1,			0.099
150,	2,	250.221,			25.028,			0.099,			0.099,			21.719,			0.099,			0.099
151,	2,	252.815,			24.704,			0.099,			0.099,			24.442,			0.099,			0.099
152,	2,	255.982,			22.238,			0.099,			0.099,			22.33,			0.099,			0.099
153,	2,	258.887,			22.285,			0.099,			0.099,			22.201,			0.099,			0.099
154,	2,	269.869,			23.849,			0.099,			0.099,			24.152,			0.099,			0.1
155,	2,	276.569,			23.666,			0.099,			0.099,			22.748,			0.099,			0.099
156,	2,	277.552,			22.073,			0.099,			0.099,			22.54,			0.099,			0.099
157,	2,	278.614,			22.779,			0.099,			0.099,			23.849,			0.099,			0.099
158,	2,	283.793,			22.614,			0.1,			0.1,			23.199,			0.099,			0.099
159,	2,	288.1,			22.396,			0.099,			0.099,			21.576,			0.099,			0.099
160,	2,	290.163,			21.931,			0.099,			0.099,			22.894,			0.099,			0.099
161,	2,	292.879,			22.214,			0.099,			0.099,			21.572,			0.099,			0.099
162,	1,	293.963,			1.208,			0.963,			0.963,			1.232,			0.835,			1.257
163,	1,	294.676,			1.247,			0.903,			0.903,			0.964,			1.235,			0.832
164,	2,	295.582,			23.099,			0.099,			0.099,			21.82,			0.099,			0.1
165,	1,	297.41,			1.417,			0.678,			0.678,			2.164,			0.874,			0.816
166,	2,	297.796,			22.154,			0.099,			0.099,			21.827,			0.099,			0.1
167,	1,	298.006,			1.453,			1.426,			1.426,			1.967,			1.342,			0.874
168,	1,	298.693,			1.048,			1.086,			1.086,			1.478,			1.255,			0.839
169,	1,	299.517,			1.298,			1.233,			1.233,			2.039,			0.873,			0.856
170,	2,	301.529,			22.413,			0.099,			0.099,			22.006,			0.099,			0.099
171,	2,	312.321,			23.682,			0.099,			0.099,			21.706,			0.099,			0.099
172,	2,	314.039,			23.743,			0.099,			0.099,			22.702,			0.099,			0.099
173,	2,	314.251,			24.289,			0.099,			0.099,			22.171,			0.099,			0.1
174,	2,	318.269,			22.553,			0.099,			0.099,			21.671,			0.099,			0.099
175,	2,	320.636,			21.939,			0.099,			0.099,			23.983,			0.099,			0.099
176,	2,	321.601,			21.765,			0.099,			0.099,			23.666,			0.1,			0.099
177,	2,	322.302,			22.738,			0.1,			0.1,			24.843,			0.099,			0.099
178,	2,	327.497,			22.097,			0.099,			0.099,			21.78,			0.099,			0.099
179,	2,	330.98,			21.635,			0.1,			0.1,			23.34,			0.099,			0.099
180,	2,	333.009,			21.786,			0.099,			0.099,			21.567,			0.099,			0.099
181,	2,	335.349,			22.124,			0.1,			0.1,			24.811,			0.099,			0.099
182,	2,	338.66,			22.564,			0.099,			0.099,			23.139,			0.099,			0.099
183,	2,	340.389,			23.203,			0.099,			0.099,			22.425,			0.099,			0.099
184,	2,	342.074,			22.307,			0.1,			0.1,			22.334,			0.1,			0.1
185,	2,	349.669,			21.811,			0.099,			0.099,			21.466,			0.099,			0.099
186,	2,	351.158,			22.568,			0.099,			0.099,			22.157,			0.099,			0.099
187,	2,	352.828,			22.268,			0.099,			0.099,			22.282,			0.099,			0.099
188,	2,	357.673,			21.988,			0.099,			0.099,			22.218,			0.099,			0.099
189,	2,	363.857,			24.116,			0.099,			0.099,			22.53,			0.099,			0.099
190,	2,	363.858,			23.078,			0.099,			0.099,			21.491,			0.099,			0.099
191,	2,	364.54,			23.769,			0.099,			0.099,			24.798,			0.099,			0.099
192,	1,	365.692,			1.765,			1.451,			1.451,			1.291,			0.912,			1.143
193,	2,	366.386,			23.416,			0.099,			0.099,			21.699,			0.099,			0.099
194,	1,	366.694,			1.255,			0.919,			0.919,			2.049,			1.183,			0.983
195,	1,	367.125,			1.272,			1.178,			1.178,			2.079,			1.182,			0.967
196,	2,	367.954,			22.347,			0.099,			0.099,			22.4,			0.099,			0.099
197,	2,	368.401,			21.641,			0.099,			0.099,			23.685,			0.099,			0.099
198,	1,	369.13,			0.964,			1.245,			1.245,			2.397,			1.234,			0.876
199,	2,	369.9,			23.785,			0.099,			0.099,			23.511,			0.099,			0.099
200,	2,	373.622,			22.044,			0.099,			0.099,			22.298,			0.099,			0.099
201,	2,	373.886,			21.773,			0.099,			0.099,			23.463,			0.099,			0.099
202,	2,	373.905,			22.968,			0.099,			0.099,			21.86,			0.099,			0.099
203,	2,	377.071,			21.618,			0.099,			0.099,			21.89,			0.099,			0.099
204,	2,	378.816,			22.414,			0.099,			0.099,			21.825,			0.099,			0.099
205,	2,	379.454,			22.377,			0.099,			0.099,			22.029,			0.099,			0.099
206,	2,	380.605,			23.835,			0.099,			0.099,			22.902,			0.099,			0.099
207,	2,	382.495,			22.594,			0.099,			0.099,			21.606,			0.099,			0.099
208,	2,	384.577,			23.937,			0.099,			0.099,			24.138,			0.099,			0.099
209,	2,	389.761,			22.729,			0.099,			0.099,			23.137,			0.099,			0.099
210,	2,	390.945,			22.759,			0.099,			0.099,			21.808,			0.099,			0.099
211,	2,	393.85,			22.036,			0.1,			0.1,			22.157,			0.099,			0.099
212,	2,	395.594,			23.567,			0.099,			0.099,			21.627,			0.099,			0.099
213,	2,	395.716,			21.87,			0.099,			0.099,			24.209,			0.099,			0.099
214,	2,	397.94,			22.317,			0.099,			0.099,			23.598,			0.099,			0.099
215,	2,	398.466,			22.041,			0.099,			0.099,			21.801,			0.099,			0.1
216,	2,	399.19,			23.008,			0.099,			0.099,			21.88,			0.099,			0.099
217,	2,	402.689,			22.857,			0.099,			0.099,			23.339,			0.1,			0.099
218,	2,	407.875,			22.14,			0.1,			0.1,			21.501,			0.099,			0.099
219,	2,	414.73,			21.548,			0.099,			0.099,			24.629,			0.1,			0.099
220,	2,	418.512,			24.409,			0.099,			0.099,			22.233,			0.099,			0.099
221,	2,	419.199,			23.523,			0.099,			0.099,			21.775,			0.099,			0.099
222,	2,	420.679,			22.981,			0.099,			0.099,			22.907,			0.099,			0.099
223,	2,	422.73,			24.114,			0.099,			0.099,			22.779,			0.099,			0.099
224,	2,	423.256,			22.579,			0.099,			0.099,			21.84,			0.1,			0.099
225,	2,	425.516,			23.396,			0.099,			0.099,			21.926,			0.099,			0.099
226,	2,	425.541,			22.356,			0.099,			0.099,			22.884,			0.099,			0.099
227,	2,	427.851,			22.872,			0.099,			0.099,			22.4,			0.099,			0.099
228,	2,	433.01,			23.225,			0.099,			0.099,			23.456,			0.099,			0.099
229,	2,	435.937,			23.523,			0.099,			0.099,			22.273,			0.099,			0.1
230,	2,	437.239,			23.541,			0.099,			0.099,			21.508,			0.1,			0.099
231,	2,	437.284,			22.397,			0.099,			0.099,			22.9,			0.099,			0.099
232,	2,	437.829,			21.909,			0.099,			0.099,			22.683,			0.1,			0.099
233,	2,	438.514,			22.406,			0.099,			0.099,			21.621,			0.099,			0.099
234,	2,	439.726,			21.626,			0.099,			0.099,			24.848,			0.099,			0.099
235,	2,	440.401,			23.946,			0.099,			0.099,			24.216,			0.099,			0.099
236,	1,	446.977,			1.791,			0.929,			0.929,			0.944,			1.215,			0.784
237,	1,	448.812,			1.193,			0.91,			0.91,			1.289,			1.394,			0.848
238,	1,	449.185,			1.222,			0.873,			0.873,			1.277,			0.896,			1.389
239,	1,	450.29,			1.343,			1.191,			1.191,			1.185,			0.615,			0.621
240,	1,	451.016,			1.765,			0.996,			0.996,			1.284,			0.627,			1.506
241,	1,	451.785,			1.046,			0.876,			0.876,			1.084,			0.935,			1.182
242,	2,	452.149,			21.766,			0.099,			0.099,			21.865,			0.099,			0.099
243,	1,	452.559,			0.996,			0.935,			0.935,			1.536,			1.178,			1.342
244,	2,	452.728,			24.912,			0.099,			0.099,			23.72,			0.1,			0.099
245,	2,	452.83,			24.26,			0.099,			0.099,			21.687,			0.099,			0.1
246,	1,	453.353,			1.949,			0.881,			0.881,			1.26,			1.088,			0.621
247,	2,	455.398,			23.329,			0.099,			0.099,			23.612,			0.099,			0.1
248,	2,	458.29,			23.811,			0.099,			0.099,			22.411,			0.099,			0.099
249,	2,	458.447,			21.999,			0.099,			0.099,			22.564,			0.099,			0.099
250,	2,	458.662,			22.424,			0.099,			0.099,			25.098,			0.099,			0.099
251,	2,	463.891,			22.768,			0.099,			0.099,			22.495,			0.099,			0.1
252,	2,	464.265,			22.231,			0.099,			0.099,			21.753,			0.099,			0.1
253,	2,	464.723,			22.484,			0.099,			0.099,			21.827,			0.099,			0.099
254,	2,	466.608,			25.098,			0.099,			0.099,			23.701,			0.1,			0.099
255,	2,	467.34,			22.439,			0.099,			0.099,			22.422,			0.099,			0.099
256,	2,	469.058,			24.079,			0.099,			0.099,			23.028,			0.099,			0.099
257,	2,	469.138,			22.017,			0.099,			0.099,			22.375,			0.099,			0.099
258,	2,	469.976,			23.278,			0.1,			0.1,			23.109,			0.099,			0.099
259,	2,	470.468,			22.432,			0.099,			0.099,			21.984,			0.099,			0.099
260,	2,	471.722,			21.683,			0.1,			0.1,			23.359,			0.099,			0.099
261,	2,	471.736,			21.718,			0.099,			0.099,			22.979,			0.099,			0.099
262,	2,	472.981,			23.764,			0.099,			0.099,			24.492,			0.1,			0.1
263,	2,	476.09,			23.088,			0.099,			0.099,			24.248,			0.099,			0.099
264,	2,	478.261,			22.465,			0.099,			0.099,			23.374,			0.099,			0.099
265,	2,	480.352,			21.541,			0.099,			0.099,			23.666,			0.099,			0.099
266,	2,	481.631,			21.401,			0.099,			0.099,			23.551,			0.099,			0.099
267,	2,	482.423,			24.14,			0.099,			0.099,			23.008,			0.099,			0.099
268,	2,	484.103,			23.35,			0.099,			0.099,			23.309,			0.099,			0.099
269,	2,	484.784,			24.837,			0.1,			0.1,			22.156,			0.099,			0.099
270,	2,	492.683,			23.904,			0.099,			0.099,			23.049,			0.099,			0.099
271,	2,	493.441,			24.096,			0.099,			0.099,			22.199,			0.099,			0.099
272,	2,	497.186,			22.37,			0.099,			0.099,			23.659,			0.099,			0.099
273,	2,	501.663,			24.54,			0.099,			0.099,			22.748,			0.099,			0.099
274,	2,	502.457,			23.311,			0.099,			0.099,			24.144,			0.099,			0.1
275,	2,	507.104,			21.782,			0.1,			0.1,			22.164,			0.099,			0.1
276,	2,	509.039,			23.727,			0.099,			0.099,			22.564,			0.1,			0.099
277,	2,	510.388,			23.183,			0.099,			0.099,			23.017,			0.099,			0.099
278,	2,	510.651,			22.268,			0.099,			0.099,			21.89,			0.099,			0.1
279,	2,	511.185,			21.76,			0.099,			0.099,			24.532,			0.099,			0.099
280,	2,	518.324,			21.9,			0.099,			0.099,			23.953,			0.099,			0.099
281,	2,	518.396,			24.613,			0.099,			0.099,			21.988,			0.099,			0.099
282,	2,	520.101,			23.744,			0.099,			0.099,			22.644,			0.1,			0.099
283,	2,	521.899,			23.99,			0.099,			0.099,			24.57,			0.099,			0.099
284,	2,	522.056,			21.765,			0.099,			0.099,			24.05,			0.099,			0.099
285,	2,	531.498,			21.787,			0.099,			0.099,			22.485,			0.099,			0.1
286,	2,	532.632,			21.548,			0.099,			0.099,			22.811,			0.099,			0.099
287,	2,	534.009,			24.297,			0.099,			0.099,			22.289,			0.099,			0.099
288,	2,	536.138,			23.784,			0.099,			0.099,			25.25,			0.099,			0.099
289,	2,	536.418,			21.648,			0.1,			0.1,			22.579,			0.099,			0.099
290,	2,	537.198,			24.929,			0.099,			0.099,			23.123,			0.099,			0.099
291,	2,	541.49,			21.782,			0.099,			0.099,			24.346,			0.099,			0.099
292,	2,	543.378,			22.823,			0.099,			0.099,			21.788,			0.1,			0.099
293,	2,	545.952,			22.088,			0.099,			0.099,			23.97,			0.099,			0.1
294,	2,	546.258,			22.157,			0.099,			0.099,			21.84,			0.099,			0.099
295,	2,	555.073,			22.904,			0.099,			0.099,			25.109,			0.099,			0.099
296,	2,	555.612,			23.23,			0.099,			0.099,			21.895,			0.099,			0.099
297,	2,	556.917,			22.905,			0.099,			0.099,			21.823,			0.099,			0.099
298,	2,	557.508,			21.973,			0.099,			0.099,			23.463,			0.099,			0.099
299,	2,	563.196,			21.471,			0.099,			0.099,			21.645,			0.099,			0.099
300,	2,	568.792,			21.394,			0.099,			0.099,			21.817,			0.099,			0.099
301,	2,	569.568,			23.176,			0.099,			0.099,			21.991,			0.099,			0.099
302,	2,	569.81,			22.285,			0.099,			0.099,			23.234,			0.099,			0.099
303,	2,	572.819,			23.043,			0.099,			0.099,			21.761,			0.099,			0.1
304,	2,	577.244,			22.267,			0.099,			0.099,			21.941,			0.099,			0.099
305,	2,	577.668,			21.647,			0.099,			0.099,			25.205,			0.099,			0.099
306,	2,	577.756,			22.272,			0.099,			0.099,			23.7,			0.099,			0.099
307,	2,	579.431,			22.594,			0.099,			0.099,			24.038,			0.099,			0.099
308,	2,	582.865,			22.134,			0.1,			0.1,			21.756,			0.099,			0.099
309,	2,	589.995,			23.811,			0.099,			0.099,			22.548,			0.099,			0.099
310,	2,	590.511,			21.373,			0.099,			0.099,			24.502,			0.099,			0.099
311,	2,	594.988,			21.414,			0.099,			0.099,			22.279,			0.1,			0.099
312,	2,	595.302,			23.562,			0.099,			0.099,			23.432,			0.1,			0.1
313,	2,	596.522,			22.783,			0.099,			0.099,			22.088,			0.099,			0.099
314,	2,	601.603,			23.278,			0.1,			0.1,			22.996,			0.099,			0.1
315,	2,	609.457,			21.823,			0.099,			0.099,			21.601,			0.099,			0.099
316,	2,	610.678,			22.586,			0.099,			0.099,			22.506,			0.1,			0.099
317,	2,	614.428,			22.28,			0.099,			0.099,			22.507,			0.099,			0.099
318,	2,	614.711,			22.942,			0.099,			0.099,			22.053,			0.099,			0.1
319,	2,	616.092,			22.424,			0.099,			0.099,			21.757,			0.099,			0.099
320,	2,	618.63,			22.249,			0.099,			0.099,			25.132,			0.1,			0.099
321,	2,	620.149,			23.201,			0.099,			0.099,			24.016,			0.099,			0.099
322,	2,	625.924,			23.456,			0.099,			0.099,			22.171,			0.099,			0.099
323,	2,	627.674,			22.589,			0.099,			0.099,			24.926,			0.099,			0.099
324,	2,	627.818,			22.779,			0.099,			0.099,			22.05,			0.099,			0.099
325,	2,	629.415,			24.119,			0.099,			0.099,			21.373,			0.099,			0.099
326,	2,	634.244,			22.783,			0.099,			0.099,			24.555,			0.099,			0.099
327,	2,	634.605,			23.827,			0.099,			0.099,			21.699,			0.099,			0.099
328,	2,	636.183,			23.133,			0.099,			0.099,			23.97,			0.1,			0.099
329,	2,	639.629,			24.774,			0.099,			0.099,			23.892,			0.1,			0.099
330,	2,	642.317,			22.723,			0.099,			0.099,			21.775,			0.099,			0.099
331,	2,	651.44,			21.713,			0.099,			0.099,			21.951,			0.099,			0.099
332,	2,	653.539,			21.703,			0.099,			0.099,			24.044,			0.099,			0.099
333,	2,	655.421,			24.047,			0.099,			0.099,			23.245,			0.1,			0.099
334,	2,	661.85,			24.282,			0.099,			0.099,			23.72,			0.099,			0.099
335,	2,	665.029,			22.564,			0.099,			0.099,			21.73,			0.099,			0.099
336,	2,	669.446,			21.668,			0.099,			0.099,			22.082,			0.099,			0.1
337,	2,	681.068,			22.761,			0.099,			0.099,			22.402,			0.099,			0.1
338,	2,	681.762,			23.432,			0.099,			0.099,			22.473,			0.099,			0.1
339,	2,	682.61,			24.047,			0.099,			0.099,			23.349,			0.1,			0.099
340,	2,	683.499,			22.985,			0.099,			0.099,			22.405,			0.099,			0.099
341,	2,	688.52,			23.199,			0.099,			0.099,			23.576,			0.099,			0.099
342,	2,	708.619,			24.679,			0.099,			0.099,			23.55,			0.099,			0.099
343,	2,	708.89,			23.749,			0.099,			0.099,			22.353,			0.099,			0.099
344,	2,	710.892,			22.206,			0.099,			0.099,			21.471,			0.099,			0.099
345,	2,	715.664,			21.995,			0.099,			0.099,			23.288,			0.1,			0.099
346,	2,	724.694,			22.942,			0.099,			0.099,			21.875,			0.1,			0.099
347,	2,	754.09,			23.537,			0.1,			0.1,			21.987,			0.099,			0.099
348,	1,	757.978,			1.21,			0.674,			0.674,			1.032,			1.451,			1.047
349,	2,	758.212,			24.358,			0.099,			0.099,			22.341,			0.099,			0.099
350,	3,	797.277,			5.512,			3.486,			3.486,			11.548,			1.667,			3.424
351,	3,	797.428,			2.153,			2.469,			2.469,			10.601,			1.194,			3.132
352,	3,	797.519,			2.802,			1.706,			1.706,			2.992,			1.838,			1.209
353,	3,	797.602,			6.553,			2.992,			2.992,			2.808,			0.775,			0.934
354,	3,	798.103,			7.584,			0.607,			0.607,			8.387,			0.691,			2.782
355,	3,	798.741,			3.755,			0.905,			0.905,			3.029,			3.071,			3.336
356,	3,	799.006,			2.193,			1.257,			1.257,			5.089,			0.588,			0.784
357,	3,	799.039,			5.212,			1.212,			1.212,			9.602,			0.905,			0.726
358,	3,	799.062,			4.705,			1.365,			1.365,			4.524,			1.426,			0.818
359,	3,	799.098,			4.76,			0.675,			0.675,			11.077,			0.775,			0.476
360,	3,	799.247,			7.573,			0.855,			0.855,			3.966,			2.119,			0.853
361,	3,	799.297,			1.643,			1.851,			1.851,			11.813,			0.916,			2.278
362,	3,	799.367,			7.431,			1.366,			1.366,			6.447,			0.805,			2.751
363,	3,	799.621,			6.093,			0.553,			0.553,			2.127,			0.691,			1.818
364,	3,	799.907,			3.698,			2.507,			2.507,			2.831,			0.903,			0.591
365,	3,	799.946,			3.851,			0.959,			0.959,			2.688,			1.263,			0.999
366,	3,	800.126,			1.73,			0.8,			0.8,			5.18,			1.535,			1.53
367,	3,	800.646,			7.115,			0.6,			0.6,			2.765,			0.803,			1.867
368,	3,	800.648,			5.743,			1.919,			1.919,			1.957,			0.8,			2.899
369,	3,	800.698,			8.783,			0.774,			0.774,			11.869,			3.433,			1.403
370,	3,	800.844,			3.038,			2.782,			2.782,			3.381,			1.926,			2.525
371,	3,	801.2,			7.338,			0.824,			0.824,			8.402,			3.137,			1.822
372,	3,	802.118,			5.18,			2.455,			2.455,			3.337,			1.791,			1.7
373,	3,	802.267,			7.24,			0.542,			0.542,			4.516,			0.674,			3.579
374,	3,	802.421,			2.457,			0.685,			0.685,			4.103,			2.26,			1.28
375,	3,	802.741,			3.781,			1.916,			1.916,			1.812,			3.127,			1.093
376,	3,	802.817,			2.193,			1.555,			1.555,			8.374,			0.917,			0.982
377,	3,	803.251,			2.804,			1.089,			1.089,			2.135,			0.832,			1.703
378,	3,	803.371,			7.207,			1.279,			1.279,			7.102,			2.843,			0.959
379,	3,	803.767,			2.573,			0.811,			0.811,			7.178,			0.863,			1.257
380,	3,	803.901,			2.063,			1.172,			1.172,			8.387,			1.615,			0.879
381,	3,	803.968,			6.145,			0.842,			0.842,			4.033,			3.373,			1.399
382,	3,	804.088,			4.146,			1.663,			1.663,			3.757,			1.783,			1.989
383,	3,	804.186,			11.024,			1.194,			1.194,			2.587,			0.929,			0.72
384,	3,	804.307,			3.176,			0.675,			0.675,			13.9,			2.092,			1.212
385,	3,	804.388,			2.258,			1.257,			1.257,			2.206,			0.992,			0.884
386,	3,	804.556,			5.538,			0.832,			0.832,			4.195,			1.256,			2.007
387,	3,	804.716,			5.106,			0.733,			0.733,			3.028,			0.844,			1.231
388,	3,	804.773,			3.652,			1.646,			1.646,			5.927,			1.166,			0.533
389,	3,	804.871,			12.341,			0.924,			0.924,			7.156,			0.981,			1.618
390,	3,	805.101,			8.852,			1.872,			1.872,			4.858,			1.04,			2.229
391,	3,	805.983,			12.713,			0.551,			0.551,			5.806,			0.879,			2.751
392,	3,	808.901,			2.481,			1.124,			1.124,			3.161,			0.836,			1.401
393,	3,	810.683,			5.059,			0.796,			0.796,			10.999,			0.557,			0.873
394,	3,	811.071,			6.932,			2.017,			2.017,			12.079,			1.663,			1.21
395,	3,	811.98,			12.463,			1.091,			1.091,			1.562,			0.429,			0.832
396,	3,	823.778,			13.779,			1.273,			1.273,			1.969,			0.675,			1.107
397,	3,	827.557,			5.212,			3.275,			3.275,			8.766,			1.086,			1.256
398,	3,	827.607,			11.941,			2.903,			2.903,			7.141,			1.857,			0.804
399,	3,	830.046,			8.464,			1.957,			1.957,			11.821,			3.041,			1.5
400,	2,	900.0,			22.932,			0.099,			0.099,			23.334,			0.099,			0.1
