#, task_type_id, arrival_time,	estimated_time_t2xlarge,	estimated_time_g3sxlarge,	estimated_time_CLOUD,	execution_time_t2xlarge,	execution_time_g3sxlarge,	execution_time_CLOUD
1,	2,	0.0,			21.395,			0.099,			0.099,			22.088,			0.1,			0.099
2,	1,	60.025,			2.043,			1.434,			1.434,			0.981,			0.847,			1.129
3,	3,	120.904,			3.786,			0.974,			0.974,			6.132,			1.043,			2.779
4,	3,	121.157,			5.603,			1.011,			1.011,			5.603,			1.443,			2.335
5,	3,	122.374,			2.45,			1.014,			1.014,			10.171,			2.669,			1.11
6,	3,	122.43,			3.654,			0.929,			0.929,			2.796,			2.843,			3.486
7,	3,	122.756,			5.594,			0.874,			0.874,			4.554,			2.96,			0.84
8,	3,	122.924,			2.767,			0.941,			0.941,			5.736,			2.911,			0.542
9,	3,	123.006,			8.293,			2.985,			2.985,			2.127,			1.389,			2.23
10,	3,	123.193,			12.023,			1.694,			1.694,			4.13,			2.236,			0.588
11,	3,	123.273,			1.679,			1.695,			1.695,			7.573,			2.379,			0.907
12,	3,	123.788,			9.829,			0.836,			0.836,			4.115,			1.337,			1.236
13,	3,	123.791,			5.786,			0.988,			0.988,			1.962,			2.298,			1.721
14,	3,	123.933,			13.779,			1.165,			1.165,			1.591,			3.162,			2.71
15,	3,	125.087,			4.718,			1.001,			1.001,			4.501,			2.561,			2.519
16,	3,	125.332,			4.028,			3.424,			3.424,			9.48,			1.639,			3.127
17,	3,	125.501,			4.456,			1.638,			1.638,			2.591,			2.455,			1.257
18,	3,	125.79,			2.677,			1.659,			1.659,			3.645,			0.981,			0.8
19,	3,	126.039,			1.812,			2.766,			2.766,			3.074,			1.101,			1.791
20,	3,	126.192,			5.068,			1.159,			1.159,			3.658,			0.796,			2.405
21,	3,	126.282,			5.746,			3.433,			3.433,			7.429,			1.236,			2.653
22,	3,	126.58,			5.488,			1.085,			1.085,			3.109,			1.606,			1.849
23,	3,	127.914,			4.721,			0.729,			0.729,			4.927,			0.715,			2.873
24,	3,	128.786,			6.82,			1.536,			1.536,			7.542,			1.275,			1.695
25,	3,	129.145,			6.126,			2.755,			2.755,			2.567,			1.154,			1.293
26,	3,	129.602,			2.286,			1.536,			1.536,			6.081,			2.165,			1.194
27,	3,	129.649,			13.059,			2.026,			2.026,			6.143,			1.085,			0.865
28,	3,	129.693,			3.162,			1.668,			1.668,			1.532,			1.17,			0.8
29,	2,	147.439,			22.346,			0.1,			0.1,			22.385,			0.099,			0.099
30,	2,	161.63,			22.503,			0.099,			0.099,			22.424,			0.099,			0.099
31,	2,	164.208,			22.203,			0.099,			0.099,			23.725,			0.099,			0.099
32,	2,	165.878,			22.242,			0.099,			0.099,			22.726,			0.099,			0.099
33,	2,	166.873,			22.009,			0.1,			0.1,			22.281,			0.099,			0.099
34,	2,	168.331,			23.234,			0.099,			0.099,			22.686,			0.099,			0.099
35,	2,	180.977,			22.127,			0.099,			0.099,			25.063,			0.099,			0.099
36,	2,	189.839,			21.86,			0.099,			0.099,			21.706,			0.099,			0.1
37,	2,	191.609,			23.701,			0.099,			0.099,			21.766,			0.099,			0.099
38,	2,	192.597,			22.21,			0.1,			0.1,			21.756,			0.099,			0.099
39,	2,	202.289,			23.798,			0.099,			0.099,			24.926,			0.099,			0.099
40,	2,	203.831,			21.659,			0.099,			0.099,			22.452,			0.099,			0.099
41,	2,	205.144,			21.731,			0.099,			0.099,			21.89,			0.099,			0.099
42,	2,	205.555,			22.129,			0.099,			0.099,			22.542,			0.099,			0.1
43,	2,	210.235,			23.561,			0.1,			0.1,			24.39,			0.099,			0.099
44,	2,	210.913,			21.937,			0.099,			0.099,			22.622,			0.1,			0.099
45,	2,	221.703,			23.832,			0.099,			0.099,			21.701,			0.1,			0.099
46,	2,	221.728,			22.609,			0.099,			0.099,			22.538,			0.1,			0.099
47,	2,	222.985,			23.789,			0.099,			0.099,			23.023,			0.099,			0.099
48,	2,	231.567,			22.46,			0.099,			0.099,			23.999,			0.099,			0.099
49,	3,	238.367,			3.984,			3.137,			3.137,			2.747,			0.812,			2.427
50,	3,	238.425,			2.687,			0.625,			0.625,			3.0,			0.735,			0.842
51,	2,	239.273,			23.113,			0.099,			0.099,			21.472,			0.099,			0.099
52,	2,	239.906,			23.416,			0.099,			0.099,			21.835,			0.099,			0.099
53,	3,	240.817,			7.372,			1.261,			1.261,			6.086,			1.867,			1.319
54,	3,	240.943,			9.02,			1.934,			1.934,			2.457,			2.779,			1.169
55,	3,	241.149,			3.658,			0.753,			0.753,			2.271,			0.968,			0.946
56,	3,	243.446,			4.919,			2.601,			2.601,			11.459,			2.782,			1.822
57,	3,	245.09,			2.757,			1.744,			1.744,			5.743,			1.241,			1.991
58,	3,	246.109,			3.357,			1.455,			1.455,			12.424,			1.17,			1.257
59,	2,	252.533,			22.741,			0.1,			0.1,			22.328,			0.099,			0.099
60,	2,	260.192,			23.805,			0.099,			0.099,			21.72,			0.099,			0.099
61,	2,	266.536,			23.118,			0.099,			0.099,			24.169,			0.099,			0.099
62,	2,	277.808,			23.191,			0.1,			0.1,			21.708,			0.1,			0.099
63,	2,	280.371,			23.136,			0.099,			0.099,			22.636,			0.099,			0.099
64,	1,	285.585,			1.343,			1.339,			1.339,			1.78,			1.132,			0.626
65,	2,	291.203,			24.776,			0.099,			0.099,			23.653,			0.099,			0.099
66,	2,	291.732,			21.697,			0.099,			0.099,			22.806,			0.099,			0.099
67,	2,	294.059,			21.966,			0.099,			0.099,			23.639,			0.099,			0.099
68,	2,	299.988,			23.136,			0.099,			0.099,			22.852,			0.099,			0.099
69,	2,	301.699,			23.811,			0.099,			0.099,			22.377,			0.099,			0.099
70,	2,	301.704,			21.954,			0.099,			0.099,			22.905,			0.099,			0.099
71,	2,	304.058,			22.015,			0.1,			0.1,			21.535,			0.099,			0.1
72,	2,	306.813,			22.185,			0.099,			0.099,			24.45,			0.099,			0.099
73,	2,	308.797,			23.141,			0.099,			0.099,			22.572,			0.099,			0.099
74,	2,	311.708,			23.055,			0.099,			0.099,			23.666,			0.099,			0.099
75,	2,	312.31,			23.459,			0.099,			0.099,			21.748,			0.1,			0.099
76,	2,	314.646,			21.775,			0.099,			0.099,			23.448,			0.099,			0.099
77,	2,	320.266,			23.965,			0.099,			0.099,			23.511,			0.099,			0.099
78,	2,	321.421,			22.291,			0.099,			0.099,			21.716,			0.099,			0.099
79,	2,	322.589,			22.435,			0.099,			0.099,			21.304,			0.099,			0.1
80,	2,	323.493,			24.069,			0.099,			0.099,			24.73,			0.099,			0.099
81,	2,	326.273,			25.022,			0.099,			0.099,			21.778,			0.099,			0.099
82,	1,	328.393,			1.235,			0.855,			0.855,			1.417,			0.614,			0.928
83,	1,	328.68,			1.271,			0.929,			0.929,			1.767,			1.161,			0.877
84,	1,	329.771,			2.189,			0.972,			0.972,			2.119,			0.903,			1.161
85,	2,	330.267,			21.748,			0.099,			0.099,			23.272,			0.099,			0.099
86,	1,	331.337,			1.336,			0.848,			0.848,			1.035,			1.144,			0.625
87,	1,	331.354,			1.01,			1.082,			1.082,			1.321,			1.093,			0.621
88,	1,	331.505,			1.291,			0.824,			0.824,			2.074,			0.94,			1.337
89,	2,	331.829,			22.936,			0.099,			0.099,			23.462,			0.099,			0.099
90,	2,	332.349,			23.062,			0.099,			0.099,			22.764,			0.099,			0.099
91,	1,	332.612,			1.789,			0.869,			0.869,			1.491,			0.627,			1.161
92,	1,	332.845,			1.237,			1.444,			1.444,			2.155,			1.158,			0.788
93,	1,	333.224,			0.953,			1.143,			1.143,			1.289,			0.947,			1.476
94,	1,	333.642,			1.219,			1.231,			1.231,			1.81,			0.879,			0.952
95,	1,	335.175,			1.217,			0.886,			0.886,			1.083,			0.918,			0.883
96,	1,	335.53,			2.024,			0.928,			0.928,			1.2,			1.128,			0.884
97,	1,	335.626,			1.429,			1.436,			1.436,			1.04,			0.63,			0.898
98,	2,	344.495,			22.883,			0.099,			0.099,			24.648,			0.099,			0.099
99,	2,	344.77,			22.566,			0.099,			0.099,			23.942,			0.099,			0.099
100,	2,	348.838,			21.487,			0.099,			0.099,			22.643,			0.099,			0.099
101,	2,	349.618,			22.177,			0.099,			0.099,			24.637,			0.099,			0.099
102,	2,	351.299,			23.133,			0.1,			0.1,			21.902,			0.099,			0.099
103,	2,	352.751,			23.52,			0.099,			0.099,			22.748,			0.1,			0.099
104,	2,	354.487,			23.555,			0.099,			0.099,			22.143,			0.099,			0.099
105,	2,	354.669,			24.108,			0.099,			0.099,			23.743,			0.099,			0.099
106,	2,	355.535,			24.87,			0.099,			0.099,			21.716,			0.1,			0.099
107,	2,	360.846,			22.427,			0.099,			0.099,			21.96,			0.099,			0.099
108,	2,	361.374,			21.291,			0.099,			0.099,			23.006,			0.099,			0.099
109,	2,	361.74,			21.83,			0.099,			0.099,			24.27,			0.1,			0.1
110,	2,	369.338,			23.176,			0.099,			0.099,			22.243,			0.099,			0.099
111,	2,	370.927,			24.418,			0.099,			0.099,			21.885,			0.1,			0.1
112,	2,	371.015,			22.859,			0.099,			0.099,			22.963,			0.099,			0.099
113,	2,	371.786,			24.764,			0.099,			0.099,			24.208,			0.099,			0.099
114,	2,	372.007,			21.946,			0.1,			0.1,			22.543,			0.099,			0.099
115,	2,	373.503,			22.151,			0.1,			0.1,			23.5,			0.099,			0.1
116,	2,	374.247,			22.513,			0.099,			0.099,			22.465,			0.099,			0.099
117,	2,	375.545,			24.943,			0.099,			0.099,			23.374,			0.099,			0.099
118,	2,	376.517,			21.65,			0.099,			0.099,			23.642,			0.099,			0.099
119,	2,	378.015,			21.806,			0.1,			0.1,			24.395,			0.099,			0.099
120,	2,	381.422,			24.543,			0.099,			0.099,			23.735,			0.099,			0.099
121,	2,	382.403,			22.82,			0.099,			0.099,			22.636,			0.099,			0.099
122,	2,	383.164,			21.818,			0.1,			0.1,			21.754,			0.099,			0.099
123,	2,	383.289,			23.383,			0.099,			0.099,			22.955,			0.099,			0.099
124,	2,	384.314,			21.387,			0.1,			0.1,			22.855,			0.099,			0.099
125,	2,	385.863,			24.409,			0.099,			0.099,			21.524,			0.099,			0.099
126,	2,	387.705,			23.456,			0.099,			0.099,			22.015,			0.099,			0.099
127,	2,	390.33,			24.13,			0.099,			0.099,			21.613,			0.1,			0.099
128,	2,	393.592,			21.955,			0.099,			0.099,			21.855,			0.099,			0.099
129,	2,	394.316,			23.504,			0.099,			0.099,			22.487,			0.099,			0.099
130,	2,	394.448,			22.381,			0.099,			0.099,			22.682,			0.099,			0.099
131,	2,	396.461,			23.124,			0.099,			0.099,			24.187,			0.099,			0.1
132,	2,	396.503,			21.752,			0.1,			0.1,			23.868,			0.099,			0.099
133,	2,	400.738,			21.548,			0.099,			0.099,			21.6,			0.099,			0.099
134,	2,	400.816,			22.529,			0.1,			0.1,			23.974,			0.099,			0.099
135,	2,	402.741,			21.582,			0.099,			0.099,			22.217,			0.099,			0.099
136,	2,	403.85,			23.474,			0.099,			0.099,			23.39,			0.099,			0.1
137,	2,	411.503,			21.818,			0.099,			0.099,			23.7,			0.099,			0.099
138,	2,	412.288,			22.872,			0.099,			0.099,			22.648,			0.099,			0.099
139,	2,	414.991,			22.723,			0.099,			0.099,			22.741,			0.099,			0.099
140,	2,	415.861,			21.9,			0.099,			0.099,			24.55,			0.099,			0.099
141,	2,	418.436,			21.578,			0.1,			0.1,			24.281,			0.099,			0.099
142,	2,	421.291,			23.026,			0.099,			0.099,			22.487,			0.099,			0.099
143,	2,	421.663,			23.504,			0.1,			0.1,			23.849,			0.099,			0.099
144,	2,	424.185,			22.068,			0.099,			0.099,			23.89,			0.1,			0.1
145,	2,	425.636,			24.193,			0.099,			0.099,			23.77,			0.099,			0.099
146,	3,	425.84,			1.926,			0.856,			0.856,			5.775,			1.502,			0.874
147,	2,	430.119,			24.37,			0.099,			0.099,			22.281,			0.099,			0.099
148,	3,	430.167,			4.554,			2.899,			2.899,			4.718,			1.194,			0.983
149,	3,	432.529,			5.064,			0.766,			0.766,			5.43,			1.564,			0.943
150,	2,	434.102,			22.819,			0.099,			0.099,			21.832,			0.099,			0.099
151,	2,	434.376,			23.219,			0.099,			0.099,			22.014,			0.099,			0.099
152,	2,	436.306,			22.839,			0.099,			0.099,			22.809,			0.099,			0.099
153,	1,	436.325,			1.048,			0.95,			0.95,			0.961,			0.614,			0.958
154,	1,	437.806,			1.102,			1.07,			1.07,			1.102,			0.611,			1.337
155,	2,	437.995,			21.541,			0.099,			0.099,			24.208,			0.099,			0.099
156,	1,	438.833,			1.337,			0.88,			0.88,			2.015,			1.143,			0.623
157,	1,	440.526,			1.426,			0.93,			0.93,			1.021,			1.393,			0.942
158,	1,	442.639,			1.237,			1.074,			1.074,			1.233,			1.516,			0.96
159,	2,	445.682,			22.352,			0.099,			0.099,			24.732,			0.099,			0.099
160,	2,	447.293,			22.455,			0.099,			0.099,			23.69,			0.099,			0.099
161,	2,	448.094,			23.141,			0.099,			0.099,			23.012,			0.099,			0.099
162,	2,	454.099,			23.043,			0.099,			0.099,			22.628,			0.099,			0.099
163,	2,	454.886,			24.836,			0.099,			0.099,			22.783,			0.099,			0.099
164,	2,	454.899,			22.701,			0.099,			0.099,			22.053,			0.099,			0.099
165,	2,	457.433,			23.606,			0.099,			0.099,			23.684,			0.099,			0.099
166,	2,	458.247,			23.859,			0.099,			0.099,			22.878,			0.099,			0.099
167,	2,	458.926,			21.626,			0.099,			0.099,			22.695,			0.099,			0.099
168,	2,	460.916,			23.664,			0.099,			0.099,			22.14,			0.099,			0.1
169,	2,	469.72,			21.902,			0.099,			0.099,			22.757,			0.099,			0.099
170,	2,	469.981,			23.832,			0.099,			0.099,			23.895,			0.099,			0.099
171,	2,	470.466,			22.437,			0.099,			0.099,			24.22,			0.099,			0.099
172,	2,	473.816,			23.973,			0.099,			0.099,			22.028,			0.099,			0.099
173,	2,	478.661,			22.532,			0.099,			0.099,			23.381,			0.099,			0.1
174,	2,	481.361,			22.088,			0.099,			0.099,			21.716,			0.099,			0.099
175,	2,	481.369,			22.946,			0.099,			0.099,			21.807,			0.099,			0.099
176,	2,	481.38,			21.915,			0.1,			0.1,			22.337,			0.099,			0.099
177,	2,	482.494,			23.709,			0.099,			0.099,			21.697,			0.099,			0.099
178,	2,	484.603,			21.522,			0.099,			0.099,			22.088,			0.099,			0.1
179,	2,	488.738,			22.329,			0.099,			0.099,			21.545,			0.099,			0.099
180,	2,	494.058,			21.595,			0.1,			0.1,			21.374,			0.099,			0.099
181,	2,	494.486,			22.262,			0.099,			0.099,			23.137,			0.099,			0.099
182,	2,	494.669,			22.344,			0.099,			0.099,			22.589,			0.099,			0.099
183,	2,	498.289,			22.895,			0.099,			0.099,			21.765,			0.099,			0.099
184,	2,	500.575,			21.805,			0.1,			0.1,			22.442,			0.099,			0.099
185,	2,	504.568,			22.088,			0.099,			0.099,			21.841,			0.099,			0.099
186,	2,	505.436,			23.442,			0.099,			0.099,			22.563,			0.1,			0.099
187,	2,	507.953,			23.246,			0.099,			0.099,			24.0,			0.099,			0.1
188,	2,	509.584,			23.592,			0.099,			0.099,			23.558,			0.099,			0.099
189,	2,	510.985,			24.003,			0.099,			0.099,			21.6,			0.099,			0.099
190,	2,	511.523,			22.323,			0.099,			0.099,			23.795,			0.099,			0.099
191,	2,	517.493,			23.773,			0.099,			0.099,			23.629,			0.099,			0.099
192,	2,	518.196,			22.413,			0.099,			0.099,			22.044,			0.099,			0.099
193,	2,	520.92,			22.978,			0.099,			0.099,			24.806,			0.099,			0.099
194,	2,	521.373,			22.559,			0.099,			0.099,			22.414,			0.1,			0.099
195,	2,	523.578,			24.248,			0.099,			0.099,			23.558,			0.099,			0.099
196,	2,	525.015,			22.179,			0.099,			0.099,			23.559,			0.099,			0.099
197,	2,	529.883,			21.557,			0.099,			0.099,			21.459,			0.099,			0.099
198,	2,	530.684,			22.302,			0.099,			0.099,			21.412,			0.099,			0.099
199,	2,	531.683,			22.589,			0.1,			0.1,			24.152,			0.099,			0.099
200,	2,	537.103,			22.381,			0.1,			0.1,			23.031,			0.099,			0.099
201,	2,	539.22,			21.753,			0.1,			0.1,			22.348,			0.099,			0.099
202,	2,	539.398,			21.808,			0.099,			0.099,			22.197,			0.1,			0.099
203,	2,	541.284,			24.21,			0.099,			0.099,			21.961,			0.099,			0.099
204,	2,	542.266,			22.143,			0.099,			0.099,			23.634,			0.099,			0.099
205,	2,	545.289,			22.473,			0.099,			0.099,			21.504,			0.099,			0.099
206,	2,	550.242,			22.143,			0.099,			0.099,			22.21,			0.099,			0.099
207,	2,	550.686,			22.552,			0.1,			0.1,			21.641,			0.099,			0.1
208,	2,	551.26,			24.704,			0.1,			0.1,			22.487,			0.099,			0.099
209,	2,	557.072,			21.535,			0.099,			0.099,			22.894,			0.099,			0.099
210,	2,	563.054,			25.039,			0.099,			0.099,			24.364,			0.099,			0.099
211,	2,	565.992,			21.601,			0.099,			0.099,			22.564,			0.099,			0.099
212,	2,	566.029,			22.748,			0.099,			0.099,			21.939,			0.099,			0.099
213,	2,	567.865,			23.386,			0.1,			0.1,			24.251,			0.099,			0.099
214,	2,	576.768,			21.612,			0.099,			0.099,			23.91,			0.099,			0.099
215,	2,	578.258,			21.691,			0.1,			0.1,			22.817,			0.099,			0.099
216,	2,	578.87,			23.07,			0.099,			0.099,			23.526,			0.099,			0.1
217,	2,	580.813,			25.205,			0.099,			0.099,			23.2,			0.099,			0.099
218,	2,	582.318,			22.267,			0.099,			0.099,			24.176,			0.099,			0.1
219,	2,	582.525,			22.511,			0.099,			0.099,			22.511,			0.099,			0.099
220,	2,	584.306,			23.518,			0.099,			0.099,			21.463,			0.099,			0.099
221,	2,	584.664,			21.92,			0.099,			0.099,			22.751,			0.099,			0.099
222,	2,	590.376,			21.762,			0.099,			0.099,			23.731,			0.1,			0.1
223,	2,	593.65,			21.576,			0.099,			0.099,			23.798,			0.099,			0.099
224,	2,	595.43,			24.372,			0.099,			0.099,			22.705,			0.099,			0.099
225,	2,	595.685,			22.248,			0.099,			0.099,			24.831,			0.099,			0.1
226,	2,	598.002,			24.197,			0.099,			0.099,			23.538,			0.1,			0.1
227,	2,	598.107,			24.251,			0.099,			0.099,			23.861,			0.099,			0.1
228,	2,	599.006,			24.171,			0.099,			0.099,			23.288,			0.099,			0.099
229,	2,	603.226,			22.373,			0.099,			0.099,			22.238,			0.099,			0.099
230,	2,	603.432,			24.22,			0.099,			0.099,			21.72,			0.099,			0.1
231,	2,	612.574,			22.521,			0.099,			0.099,			21.888,			0.1,			0.099
232,	2,	614.417,			23.888,			0.099,			0.099,			24.088,			0.099,			0.099
233,	2,	616.873,			22.963,			0.099,			0.099,			23.068,			0.099,			0.099
234,	2,	617.871,			24.734,			0.099,			0.099,			23.526,			0.099,			0.099
235,	2,	617.914,			23.523,			0.099,			0.099,			24.457,			0.1,			0.099
236,	2,	618.986,			22.648,			0.099,			0.099,			21.827,			0.099,			0.099
237,	2,	621.721,			21.949,			0.099,			0.099,			22.431,			0.099,			0.099
238,	2,	625.596,			21.715,			0.1,			0.1,			23.807,			0.1,			0.099
239,	2,	630.286,			21.645,			0.099,			0.099,			22.217,			0.099,			0.099
240,	2,	635.452,			23.191,			0.099,			0.099,			22.695,			0.099,			0.099
241,	2,	649.553,			23.091,			0.1,			0.1,			24.282,			0.099,			0.099
242,	2,	655.444,			21.606,			0.099,			0.099,			22.151,			0.1,			0.099
243,	2,	658.252,			22.422,			0.099,			0.099,			21.584,			0.099,			0.1
244,	2,	659.192,			21.658,			0.099,			0.099,			23.774,			0.099,			0.099
245,	3,	659.645,			5.805,			1.19,			1.19,			4.179,			0.704,			1.273
246,	2,	667.889,			23.848,			0.1,			0.1,			22.764,			0.099,			0.099
247,	2,	668.909,			22.435,			0.099,			0.099,			22.259,			0.099,			0.099
248,	2,	670.078,			23.888,			0.099,			0.099,			22.24,			0.099,			0.099
249,	2,	681.645,			22.935,			0.099,			0.099,			24.235,			0.1,			0.099
250,	2,	699.129,			21.966,			0.099,			0.099,			24.269,			0.099,			0.099
251,	3,	714.151,			11.794,			2.78,			2.78,			1.812,			0.567,			0.66
252,	3,	714.151,			7.266,			0.691,			0.691,			1.579,			0.766,			3.433
253,	3,	714.775,			5.487,			2.0,			2.0,			2.881,			2.811,			1.934
254,	3,	714.942,			8.387,			1.663,			1.663,			4.083,			0.67,			0.636
255,	3,	715.939,			3.923,			1.721,			1.721,			1.562,			2.23,			0.699
256,	3,	715.971,			3.194,			1.42,			1.42,			3.52,			0.691,			2.27
257,	3,	716.031,			4.174,			2.265,			2.265,			1.81,			2.845,			2.265
258,	3,	717.047,			6.126,			0.941,			0.941,			6.16,			1.937,			1.924
259,	3,	717.131,			5.212,			1.957,			1.957,			5.311,			2.384,			2.384
260,	3,	717.878,			12.106,			1.956,			1.956,			4.456,			3.084,			0.557
261,	2,	719.018,			22.373,			0.099,			0.099,			23.493,			0.099,			0.099
262,	3,	719.061,			12.1,			2.064,			2.064,			7.031,			1.644,			1.813
263,	3,	719.551,			8.879,			1.145,			1.145,			2.085,			2.838,			1.057
264,	3,	719.686,			1.955,			1.229,			1.229,			3.194,			0.733,			2.822
265,	3,	720.008,			12.508,			2.247,			2.247,			4.615,			1.998,			0.699
266,	3,	720.039,			6.796,			1.849,			1.849,			6.188,			1.217,			0.856
267,	3,	720.191,			1.603,			1.688,			1.688,			5.206,			3.373,			0.47
268,	3,	720.222,			4.174,			2.335,			2.335,			1.643,			3.139,			1.42
269,	3,	720.24,			2.197,			1.093,			1.093,			3.21,			1.426,			0.9
270,	3,	720.29,			8.012,			2.579,			2.579,			3.492,			0.919,			0.947
271,	3,	720.38,			10.999,			0.935,			0.935,			10.731,			1.721,			1.324
272,	3,	720.609,			1.862,			1.107,			1.107,			7.011,			0.796,			3.141
273,	3,	721.023,			2.882,			1.175,			1.175,			5.487,			0.807,			0.601
274,	3,	721.186,			6.943,			0.677,			0.677,			1.183,			1.639,			0.726
275,	3,	722.033,			2.587,			2.912,			2.912,			4.612,			1.471,			0.796
276,	3,	722.302,			7.178,			0.842,			0.842,			4.488,			0.784,			2.394
277,	2,	724.701,			22.175,			0.099,			0.099,			21.41,			0.099,			0.099
278,	2,	731.218,			23.39,			0.099,			0.099,			22.071,			0.099,			0.099
279,	2,	732.601,			23.737,			0.099,			0.099,			23.734,			0.099,			0.099
280,	2,	748.059,			21.962,			0.099,			0.099,			23.612,			0.099,			0.1
281,	2,	789.484,			22.5,			0.099,			0.099,			24.798,			0.099,			0.1
282,	2,	811.209,			22.433,			0.099,			0.099,			21.901,			0.099,			0.099
283,	3,	837.728,			5.298,			0.731,			0.731,			2.662,			0.959,			2.717
284,	3,	838.215,			10.731,			1.615,			1.615,			2.43,			0.733,			1.279
285,	3,	838.589,			4.858,			0.673,			0.673,			6.601,			1.014,			2.182
286,	3,	839.121,			3.485,			1.717,			1.717,			7.019,			1.604,			3.139
287,	3,	841.18,			9.144,			2.653,			2.653,			1.918,			0.901,			1.082
288,	3,	842.739,			3.234,			1.254,			1.254,			1.074,			1.11,			1.025
289,	3,	844.164,			3.653,			0.72,			0.72,			4.529,			0.6,			1.916
290,	3,	844.635,			5.68,			1.279,			1.279,			3.902,			1.943,			1.927
291,	3,	860.741,			4.041,			1.152,			1.152,			11.821,			3.294,			2.811
292,	3,	860.817,			4.129,			1.432,			1.432,			8.507,			3.265,			1.061
293,	3,	860.826,			8.852,			0.818,			0.818,			2.632,			0.804,			2.26
294,	3,	861.114,			7.883,			0.824,			0.824,			1.703,			1.76,			0.874
295,	3,	861.12,			2.928,			0.811,			0.811,			6.082,			2.84,			1.536
296,	3,	861.311,			3.038,			0.929,			0.929,			6.04,			2.766,			1.721
297,	3,	861.354,			7.59,			1.199,			1.199,			7.542,			1.826,			0.905
298,	3,	861.413,			5.68,			0.557,			0.557,			3.029,			1.53,			1.154
299,	3,	861.566,			3.443,			1.119,			1.119,			9.082,			0.617,			0.916
300,	3,	861.594,			4.554,			1.648,			1.648,			4.488,			3.422,			1.194
301,	3,	861.753,			11.529,			1.166,			1.166,			6.12,			0.894,			1.391
302,	3,	861.925,			2.796,			0.961,			0.961,			6.228,			1.0,			1.415
303,	3,	862.027,			3.923,			1.58,			1.58,			13.587,			0.905,			0.825
304,	3,	862.065,			4.615,			3.064,			3.064,			7.883,			0.903,			0.796
305,	3,	862.072,			4.501,			2.298,			2.298,			9.48,			1.924,			1.156
306,	3,	862.076,			10.779,			1.717,			1.717,			2.25,			1.42,			0.907
307,	3,	862.093,			3.92,			2.908,			2.908,			4.146,			1.598,			2.113
308,	3,	862.15,			4.899,			2.444,			2.444,			12.172,			0.842,			0.987
309,	3,	862.2,			8.71,			1.535,			1.535,			3.029,			2.379,			1.087
310,	3,	862.208,			3.752,			1.036,			1.036,			4.456,			0.975,			1.336
311,	3,	862.229,			3.911,			3.113,			3.113,			5.813,			1.094,			1.352
312,	3,	862.663,			7.987,			1.663,			1.663,			3.209,			3.071,			1.211
313,	3,	862.672,			3.52,			1.19,			1.19,			2.488,			3.457,			1.512
314,	3,	862.755,			7.084,			0.759,			0.759,			4.488,			1.25,			1.117
315,	3,	862.82,			2.086,			1.522,			1.522,			1.526,			1.101,			0.674
316,	3,	862.837,			4.379,			1.693,			1.693,			3.028,			1.295,			1.133
317,	3,	862.877,			1.643,			0.741,			0.741,			2.097,			1.937,			1.128
318,	3,	862.914,			2.571,			2.05,			2.05,			3.649,			2.972,			0.701
319,	3,	863.036,			2.838,			2.384,			2.384,			1.94,			0.944,			0.855
320,	3,	863.05,			8.099,			0.784,			0.784,			2.572,			3.113,			1.54
321,	3,	863.058,			11.821,			3.238,			3.238,			2.31,			1.212,			0.884
322,	3,	863.167,			1.748,			0.918,			0.918,			4.327,			0.918,			0.981
323,	3,	863.357,			3.75,			2.911,			2.911,			2.902,			1.086,			1.644
324,	3,	863.465,			2.31,			2.298,			2.298,			7.706,			1.189,			1.165
325,	3,	863.494,			6.153,			1.364,			1.364,			1.44,			1.813,			2.589
326,	3,	863.522,			11.458,			1.401,			1.401,			2.881,			0.803,			0.873
327,	3,	863.592,			5.653,			3.105,			3.105,			3.911,			1.061,			3.579
328,	3,	863.741,			7.326,			1.216,			1.216,			6.309,			1.853,			1.397
329,	3,	863.903,			1.993,			0.873,			0.873,			6.406,			0.885,			2.508
330,	3,	863.952,			4.598,			0.699,			0.699,			4.174,			3.259,			1.401
331,	3,	863.989,			4.555,			2.05,			2.05,			12.36,			1.222,			0.743
332,	3,	864.058,			3.368,			1.853,			1.853,			4.935,			1.389,			1.943
333,	3,	864.152,			2.304,			1.216,			1.216,			10.061,			0.981,			2.444
334,	3,	864.152,			7.019,			1.536,			1.536,			5.064,			0.621,			2.447
335,	3,	864.375,			6.475,			0.733,			0.733,			4.554,			2.843,			3.165
336,	3,	864.4,			3.923,			0.863,			0.863,			2.206,			1.504,			0.727
337,	3,	864.502,			4.776,			0.852,			0.852,			3.752,			1.512,			0.993
338,	3,	864.545,			4.24,			3.169,			3.169,			4.516,			0.896,			3.425
339,	3,	864.66,			4.825,			1.364,			1.364,			6.156,			0.601,			0.856
340,	3,	864.737,			3.12,			1.236,			1.236,			3.758,			2.385,			2.247
341,	3,	864.807,			5.698,			0.553,			0.553,			3.052,			2.0,			0.929
342,	3,	864.844,			1.874,			0.955,			0.955,			12.348,			1.436,			0.542
343,	3,	865.057,			5.214,			0.852,			0.852,			2.184,			0.885,			0.601
344,	3,	865.082,			3.077,			1.169,			1.169,			8.337,			0.874,			1.584
345,	3,	865.149,			10.22,			1.98,			1.98,			12.1,			1.194,			0.726
346,	3,	865.173,			3.337,			1.862,			1.862,			5.43,			1.456,			2.139
347,	3,	865.177,			6.086,			0.67,			0.67,			5.195,			1.119,			0.47
348,	3,	865.38,			3.24,			2.173,			2.173,			9.321,			0.878,			2.507
349,	3,	865.483,			2.634,			1.415,			1.415,			4.919,			0.677,			0.878
350,	3,	865.531,			2.553,			1.217,			1.217,			4.825,			1.783,			0.683
351,	3,	865.616,			2.567,			2.427,			2.427,			2.195,			0.476,			1.518
352,	3,	865.772,			6.63,			0.909,			0.909,			4.776,			2.445,			0.784
353,	3,	865.84,			4.456,			2.026,			2.026,			6.188,			1.671,			0.903
354,	3,	865.871,			2.757,			3.064,			3.064,			7.207,			1.082,			1.189
355,	3,	865.894,			5.986,			0.667,			0.667,			2.765,			1.556,			1.494
356,	3,	866.091,			2.544,			1.011,			1.011,			4.524,			1.301,			3.142
357,	3,	866.133,			2.563,			1.646,			1.646,			3.861,			2.561,			1.675
358,	3,	866.166,			8.781,			2.4,			2.4,			8.1,			0.809,			2.469
359,	3,	866.167,			6.12,			1.506,			1.506,			6.63,			1.564,			1.35
360,	3,	866.405,			5.748,			0.929,			0.929,			3.028,			1.502,			0.687
361,	3,	866.444,			3.654,			1.838,			1.838,			11.869,			1.717,			2.766
362,	3,	866.477,			7.207,			0.955,			0.955,			1.748,			0.974,			1.301
363,	3,	866.697,			3.47,			0.557,			0.557,			11.765,			2.038,			0.715
364,	3,	866.741,			8.036,			1.636,			1.636,			3.911,			1.553,			0.974
365,	3,	866.816,			2.457,			1.25,			1.25,			2.632,			3.415,			2.335
366,	3,	866.887,			4.341,			3.041,			3.041,			7.125,			1.512,			0.771
367,	3,	866.895,			3.791,			0.93,			0.93,			5.97,			0.804,			0.791
368,	3,	867.076,			2.481,			3.169,			3.169,			2.023,			1.163,			0.999
369,	3,	867.112,			6.287,			0.983,			0.983,			2.563,			1.135,			1.256
370,	3,	867.127,			13.378,			0.825,			0.825,			7.031,			0.656,			2.766
371,	3,	867.142,			3.903,			0.896,			0.896,			8.036,			2.359,			2.84
372,	3,	867.178,			3.509,			2.458,			2.458,			7.13,			1.415,			0.747
373,	3,	867.227,			7.326,			0.981,			0.981,			6.082,			0.6,			1.363
374,	3,	867.237,			9.069,			1.54,			1.54,			2.043,			0.874,			1.082
375,	3,	867.289,			1.683,			1.891,			1.891,			4.735,			2.265,			1.663
376,	3,	867.449,			4.99,			1.466,			1.466,			3.748,			1.605,			1.21
377,	3,	867.645,			4.033,			3.113,			3.113,			6.287,			2.173,			0.677
378,	3,	867.687,			1.764,			0.96,			0.96,			4.899,			2.396,			2.669
379,	3,	867.871,			2.689,			2.232,			2.232,			8.036,			1.08,			1.709
380,	3,	867.975,			3.161,			0.946,			0.946,			2.881,			0.837,			1.345
381,	3,	868.126,			3.47,			3.132,			3.132,			13.942,			0.748,			1.37
382,	3,	868.349,			3.165,			2.366,			2.366,			3.911,			0.855,			0.689
383,	3,	868.445,			6.225,			2.067,			2.067,			10.367,			0.608,			1.21
384,	3,	868.48,			3.368,			1.535,			1.535,			3.907,			0.759,			2.952
385,	3,	868.537,			7.011,			1.178,			1.178,			5.824,			0.622,			1.46
386,	3,	868.628,			4.501,			0.743,			0.743,			3.034,			1.301,			1.822
387,	3,	868.698,			3.162,			3.191,			3.191,			3.382,			0.429,			1.254
388,	3,	868.722,			13.792,			2.113,			2.113,			2.286,			1.336,			1.337
389,	3,	868.732,			3.654,			2.71,			2.71,			13.011,			1.415,			1.173
390,	3,	868.772,			2.941,			1.348,			1.348,			7.125,			2.992,			2.026
391,	3,	869.263,			5.83,			2.412,			2.412,			1.98,			2.291,			0.993
392,	3,	869.283,			2.587,			1.334,			1.334,			5.094,			1.694,			0.636
393,	3,	869.34,			11.941,			0.781,			0.781,			3.297,			1.32,			3.009
394,	3,	869.349,			1.807,			2.998,			2.998,			13.021,			1.976,			0.68
395,	2,	869.369,			24.205,			0.099,			0.099,			22.354,			0.099,			0.099
396,	3,	869.372,			4.811,			0.917,			0.917,			11.905,			1.399,			1.163
397,	3,	869.468,			2.572,			1.365,			1.365,			2.313,			1.37,			0.853
398,	3,	869.49,			1.579,			0.731,			0.731,			11.458,			1.093,			1.646
399,	3,	869.579,			3.046,			0.905,			0.905,			7.584,			1.085,			0.686
400,	3,	869.674,			10.526,			3.139,			3.139,			6.07,			1.518,			2.014
