#, task_type_id, arrival_time,	estimated_time_t2xlarge,	estimated_time_g3sxlarge,	estimated_time_CLOUD,	execution_time_t2xlarge,	execution_time_g3sxlarge,	execution_time_CLOUD
1,	2,	6.047,			23.082,			0.099,			0.099,			22.242,			0.099,			0.099
2,	2,	6.122,			23.488,			0.099,			0.099,			22.088,			0.099,			0.099
3,	2,	7.788,			23.659,			0.099,			0.099,			21.782,			0.099,			0.099
4,	2,	9.937,			24.358,			0.1,			0.1,			21.436,			0.099,			0.099
5,	2,	10.124,			21.506,			0.099,			0.099,			21.951,			0.099,			0.099
6,	2,	10.921,			22.164,			0.099,			0.099,			24.144,			0.099,			0.099
7,	2,	12.274,			21.941,			0.099,			0.099,			22.856,			0.099,			0.099
8,	2,	12.666,			24.3,			0.1,			0.1,			21.999,			0.099,			0.099
9,	2,	18.212,			23.037,			0.099,			0.099,			22.018,			0.099,			0.1
10,	2,	20.106,			21.771,			0.099,			0.099,			21.706,			0.099,			0.099
11,	2,	20.967,			22.29,			0.099,			0.099,			22.155,			0.099,			0.099
12,	2,	22.468,			22.536,			0.099,			0.099,			22.68,			0.099,			0.099
13,	2,	22.564,			24.316,			0.1,			0.1,			25.022,			0.099,			0.099
14,	2,	25.115,			22.14,			0.099,			0.099,			22.034,			0.1,			0.099
15,	2,	25.271,			24.03,			0.099,			0.099,			21.587,			0.099,			0.099
16,	2,	25.674,			22.856,			0.099,			0.099,			24.798,			0.099,			0.099
17,	2,	27.271,			21.386,			0.099,			0.099,			21.529,			0.099,			0.099
18,	2,	28.979,			21.731,			0.099,			0.099,			21.816,			0.099,			0.099
19,	2,	29.356,			23.463,			0.099,			0.099,			24.442,			0.099,			0.099
20,	2,	29.372,			24.187,			0.099,			0.099,			23.383,			0.1,			0.099
21,	2,	29.835,			21.491,			0.099,			0.099,			24.464,			0.099,			0.099
22,	2,	31.208,			22.56,			0.099,			0.099,			22.927,			0.099,			0.099
23,	2,	32.566,			21.674,			0.099,			0.099,			24.56,			0.099,			0.099
24,	2,	37.161,			22.975,			0.099,			0.099,			22.614,			0.099,			0.099
25,	2,	37.258,			24.002,			0.099,			0.099,			21.704,			0.099,			0.099
26,	2,	39.155,			24.534,			0.099,			0.099,			22.07,			0.099,			0.099
27,	2,	39.266,			21.464,			0.099,			0.099,			22.088,			0.099,			0.099
28,	2,	39.615,			22.495,			0.099,			0.099,			22.233,			0.099,			0.1
29,	2,	40.652,			21.7,			0.099,			0.099,			24.08,			0.099,			0.099
30,	2,	41.01,			24.27,			0.099,			0.099,			24.608,			0.099,			0.099
31,	2,	41.127,			22.695,			0.099,			0.099,			22.249,			0.099,			0.099
32,	2,	41.708,			23.043,			0.099,			0.099,			22.601,			0.1,			0.099
33,	2,	42.459,			22.365,			0.099,			0.099,			21.968,			0.099,			0.099
34,	2,	43.359,			22.081,			0.099,			0.099,			23.349,			0.099,			0.099
35,	2,	45.817,			22.233,			0.099,			0.099,			22.289,			0.099,			0.099
36,	2,	46.888,			22.981,			0.099,			0.099,			23.576,			0.099,			0.099
37,	2,	50.58,			21.847,			0.099,			0.099,			21.634,			0.099,			0.099
38,	2,	53.901,			22.081,			0.099,			0.099,			22.424,			0.099,			0.099
39,	2,	54.104,			22.37,			0.099,			0.099,			23.05,			0.099,			0.1
40,	2,	55.26,			21.994,			0.099,			0.099,			21.585,			0.099,			0.099
41,	2,	55.302,			22.029,			0.099,			0.099,			24.169,			0.099,			0.1
42,	2,	56.09,			22.071,			0.099,			0.099,			21.755,			0.099,			0.099
43,	2,	59.967,			23.205,			0.099,			0.099,			23.275,			0.099,			0.099
44,	2,	61.571,			22.137,			0.099,			0.099,			22.552,			0.099,			0.099
45,	2,	63.569,			21.68,			0.099,			0.099,			22.956,			0.099,			0.099
46,	2,	63.83,			21.717,			0.099,			0.099,			22.427,			0.099,			0.099
47,	2,	65.273,			23.584,			0.1,			0.1,			24.295,			0.099,			0.099
48,	2,	65.893,			21.606,			0.099,			0.099,			22.196,			0.099,			0.099
49,	2,	68.225,			21.974,			0.099,			0.099,			21.7,			0.099,			0.099
50,	2,	68.537,			22.484,			0.099,			0.099,			21.997,			0.099,			0.099
51,	2,	69.709,			22.484,			0.099,			0.099,			24.118,			0.099,			0.099
52,	2,	72.331,			24.798,			0.099,			0.099,			22.298,			0.099,			0.099
53,	2,	74.367,			23.037,			0.099,			0.099,			24.471,			0.099,			0.099
54,	2,	74.827,			24.648,			0.1,			0.1,			21.927,			0.099,			0.099
55,	2,	75.314,			24.464,			0.099,			0.099,			23.824,			0.099,			0.099
56,	2,	75.637,			22.812,			0.099,			0.099,			21.989,			0.1,			0.1
57,	2,	76.167,			22.465,			0.099,			0.099,			23.361,			0.099,			0.099
58,	2,	81.382,			22.193,			0.099,			0.099,			23.873,			0.099,			0.099
59,	2,	81.66,			21.661,			0.099,			0.099,			23.767,			0.099,			0.099
60,	2,	81.742,			22.517,			0.099,			0.099,			22.414,			0.1,			0.099
61,	2,	82.746,			22.195,			0.099,			0.099,			22.543,			0.099,			0.099
62,	2,	83.598,			24.023,			0.099,			0.099,			22.455,			0.099,			0.099
63,	2,	83.623,			23.799,			0.099,			0.099,			21.988,			0.099,			0.099
64,	2,	83.837,			25.035,			0.099,			0.099,			23.383,			0.1,			0.099
65,	2,	84.119,			21.886,			0.099,			0.099,			24.907,			0.099,			0.1
66,	2,	86.41,			23.31,			0.099,			0.099,			22.601,			0.099,			0.099
67,	2,	88.492,			22.084,			0.099,			0.099,			23.318,			0.099,			0.1
68,	2,	88.516,			22.659,			0.099,			0.099,			21.782,			0.099,			0.099
69,	2,	90.358,			22.548,			0.099,			0.099,			21.571,			0.099,			0.1
70,	2,	91.158,			21.821,			0.099,			0.099,			23.318,			0.1,			0.1
71,	2,	92.138,			23.385,			0.099,			0.099,			25.074,			0.099,			0.099
72,	2,	93.633,			23.521,			0.099,			0.099,			22.388,			0.1,			0.099
73,	2,	93.634,			23.062,			0.099,			0.099,			24.183,			0.099,			0.099
74,	2,	93.83,			22.058,			0.099,			0.099,			22.756,			0.1,			0.099
75,	2,	94.201,			21.84,			0.099,			0.099,			23.167,			0.099,			0.1
76,	2,	94.37,			22.338,			0.099,			0.099,			24.558,			0.099,			0.099
77,	2,	94.58,			24.813,			0.099,			0.099,			21.683,			0.099,			0.099
78,	2,	94.925,			24.798,			0.099,			0.099,			22.193,			0.099,			0.099
79,	2,	95.876,			24.248,			0.099,			0.099,			23.693,			0.099,			0.099
80,	2,	97.264,			22.279,			0.099,			0.099,			21.852,			0.099,			0.099
81,	2,	97.779,			22.749,			0.099,			0.099,			21.765,			0.099,			0.1
82,	2,	97.969,			22.11,			0.099,			0.099,			21.373,			0.099,			0.099
83,	2,	100.157,			22.248,			0.1,			0.1,			22.72,			0.099,			0.099
84,	2,	101.881,			22.686,			0.099,			0.099,			21.684,			0.099,			0.099
85,	2,	102.27,			23.955,			0.099,			0.099,			24.74,			0.099,			0.099
86,	2,	102.276,			22.422,			0.099,			0.099,			21.913,			0.099,			0.099
87,	2,	103.668,			22.134,			0.099,			0.099,			24.042,			0.099,			0.099
88,	2,	103.916,			23.844,			0.099,			0.099,			23.474,			0.099,			0.099
89,	2,	104.297,			23.988,			0.099,			0.099,			21.867,			0.099,			0.099
90,	2,	104.978,			21.656,			0.1,			0.1,			23.055,			0.099,			0.099
91,	2,	105.339,			24.101,			0.099,			0.099,			21.854,			0.099,			0.099
92,	2,	106.076,			22.864,			0.099,			0.099,			22.285,			0.1,			0.099
93,	2,	107.947,			21.988,			0.099,			0.099,			22.462,			0.099,			0.099
94,	2,	108.164,			23.4,			0.099,			0.099,			22.659,			0.099,			0.099
95,	3,	108.521,			6.369,			0.699,			0.699,			3.382,			1.293,			1.09
96,	2,	109.62,			21.608,			0.099,			0.099,			22.046,			0.099,			0.1
97,	2,	110.942,			21.731,			0.099,			0.099,			23.35,			0.1,			0.099
98,	2,	113.422,			24.378,			0.099,			0.099,			21.895,			0.099,			0.099
99,	2,	113.565,			21.706,			0.099,			0.099,			23.958,			0.099,			0.099
100,	2,	115.036,			23.036,			0.099,			0.099,			25.171,			0.099,			0.099
101,	2,	115.549,			21.668,			0.099,			0.099,			22.566,			0.099,			0.099
102,	2,	115.776,			21.586,			0.099,			0.099,			22.003,			0.099,			0.099
103,	2,	118.911,			23.156,			0.099,			0.099,			24.326,			0.099,			0.099
104,	2,	118.963,			21.504,			0.099,			0.099,			22.177,			0.099,			0.099
105,	2,	119.688,			21.524,			0.099,			0.099,			23.044,			0.1,			0.099
106,	2,	124.718,			21.838,			0.099,			0.099,			22.352,			0.1,			0.099
107,	2,	125.225,			21.657,			0.099,			0.099,			22.009,			0.099,			0.099
108,	2,	125.828,			22.148,			0.099,			0.099,			22.453,			0.099,			0.099
109,	2,	127.288,			24.374,			0.1,			0.1,			21.978,			0.1,			0.099
110,	2,	128.055,			23.805,			0.1,			0.1,			21.618,			0.099,			0.099
111,	2,	132.386,			22.978,			0.099,			0.099,			23.7,			0.099,			0.099
112,	2,	133.855,			22.033,			0.099,			0.099,			21.398,			0.099,			0.099
113,	2,	134.031,			22.157,			0.099,			0.099,			21.699,			0.099,			0.099
114,	2,	135.542,			23.772,			0.099,			0.099,			23.295,			0.099,			0.099
115,	2,	136.899,			23.359,			0.099,			0.099,			21.873,			0.099,			0.099
116,	2,	137.742,			23.652,			0.099,			0.099,			21.463,			0.1,			0.099
117,	2,	139.204,			21.845,			0.099,			0.099,			22.578,			0.099,			0.099
118,	2,	139.227,			22.54,			0.099,			0.099,			21.827,			0.099,			0.1
119,	2,	139.382,			23.769,			0.099,			0.099,			22.492,			0.099,			0.099
120,	2,	139.708,			21.753,			0.099,			0.099,			21.721,			0.099,			0.099
121,	2,	141.042,			22.493,			0.099,			0.099,			22.052,			0.099,			0.099
122,	2,	143.208,			23.749,			0.099,			0.099,			22.759,			0.099,			0.099
123,	2,	144.415,			24.137,			0.099,			0.099,			22.193,			0.099,			0.099
124,	2,	144.685,			21.796,			0.099,			0.099,			23.05,			0.099,			0.099
125,	2,	145.825,			22.683,			0.099,			0.099,			24.687,			0.099,			0.099
126,	2,	145.903,			21.872,			0.1,			0.1,			21.738,			0.099,			0.099
127,	2,	147.791,			23.832,			0.099,			0.099,			25.174,			0.099,			0.099
128,	2,	148.763,			23.805,			0.099,			0.099,			21.771,			0.099,			0.099
129,	2,	149.516,			22.198,			0.099,			0.099,			21.578,			0.099,			0.099
130,	2,	149.646,			21.821,			0.099,			0.099,			24.445,			0.099,			0.099
131,	2,	150.885,			23.541,			0.099,			0.099,			21.627,			0.099,			0.099
132,	2,	151.402,			24.846,			0.099,			0.099,			25.02,			0.099,			0.099
133,	2,	152.135,			21.665,			0.1,			0.1,			21.737,			0.099,			0.099
134,	2,	152.549,			21.708,			0.099,			0.099,			21.56,			0.099,			0.099
135,	2,	153.553,			22.891,			0.099,			0.099,			23.128,			0.099,			0.099
136,	2,	154.673,			22.252,			0.099,			0.099,			22.281,			0.099,			0.099
137,	2,	155.446,			23.385,			0.1,			0.1,			21.881,			0.099,			0.099
138,	2,	155.572,			22.216,			0.099,			0.099,			22.864,			0.099,			0.099
139,	2,	156.406,			23.77,			0.099,			0.099,			24.003,			0.099,			0.099
140,	2,	157.243,			21.737,			0.099,			0.099,			21.955,			0.099,			0.1
141,	2,	157.594,			22.308,			0.099,			0.099,			22.933,			0.099,			0.099
142,	2,	159.145,			23.246,			0.099,			0.099,			22.137,			0.099,			0.1
143,	2,	161.631,			23.298,			0.099,			0.099,			21.972,			0.099,			0.099
144,	2,	164.502,			21.939,			0.099,			0.099,			23.096,			0.099,			0.099
145,	2,	164.725,			23.416,			0.099,			0.099,			23.071,			0.099,			0.099
146,	2,	165.063,			22.405,			0.099,			0.099,			22.442,			0.099,			0.099
147,	2,	166.473,			22.197,			0.099,			0.099,			22.424,			0.099,			0.1
148,	2,	167.139,			21.717,			0.1,			0.1,			22.036,			0.099,			0.099
149,	2,	168.459,			22.063,			0.099,			0.099,			24.072,			0.099,			0.099
150,	2,	170.288,			21.657,			0.1,			0.1,			24.346,			0.099,			0.099
151,	2,	170.334,			21.83,			0.099,			0.099,			21.448,			0.099,			0.099
152,	2,	170.382,			23.425,			0.099,			0.099,			23.272,			0.099,			0.099
153,	2,	171.558,			23.708,			0.099,			0.099,			24.307,			0.099,			0.099
154,	2,	172.004,			21.984,			0.099,			0.099,			21.821,			0.099,			0.099
155,	2,	172.025,			21.463,			0.099,			0.099,			23.354,			0.099,			0.099
156,	2,	172.377,			21.659,			0.099,			0.099,			21.818,			0.099,			0.099
157,	2,	173.006,			23.316,			0.099,			0.099,			21.779,			0.099,			0.099
158,	2,	174.193,			24.797,			0.099,			0.099,			24.141,			0.099,			0.099
159,	2,	175.411,			21.827,			0.1,			0.1,			21.578,			0.099,			0.099
160,	2,	175.788,			22.594,			0.099,			0.099,			21.703,			0.099,			0.099
161,	2,	176.149,			23.212,			0.099,			0.099,			23.396,			0.099,			0.099
162,	2,	176.678,			23.875,			0.1,			0.1,			22.121,			0.099,			0.099
163,	2,	176.795,			22.538,			0.099,			0.099,			21.759,			0.099,			0.099
164,	2,	176.818,			22.317,			0.099,			0.099,			22.42,			0.099,			0.099
165,	2,	178.477,			23.005,			0.099,			0.099,			24.855,			0.099,			0.099
166,	2,	179.206,			25.133,			0.099,			0.099,			21.752,			0.099,			0.1
167,	2,	181.566,			23.425,			0.099,			0.099,			23.956,			0.1,			0.099
168,	2,	181.621,			22.558,			0.099,			0.099,			22.585,			0.099,			0.099
169,	2,	181.934,			22.248,			0.1,			0.1,			22.004,			0.099,			0.099
170,	2,	182.455,			24.066,			0.099,			0.099,			21.921,			0.099,			0.099
171,	2,	184.746,			24.877,			0.099,			0.099,			23.576,			0.099,			0.099
172,	2,	185.267,			23.66,			0.1,			0.1,			21.961,			0.099,			0.1
173,	2,	188.242,			22.168,			0.099,			0.099,			21.837,			0.099,			0.1
174,	2,	191.783,			22.608,			0.099,			0.099,			22.3,			0.099,			0.099
175,	2,	192.028,			23.39,			0.099,			0.099,			22.895,			0.099,			0.099
176,	2,	192.094,			24.412,			0.099,			0.099,			24.102,			0.099,			0.099
177,	2,	194.158,			24.128,			0.099,			0.099,			24.837,			0.099,			0.099
178,	2,	196.214,			22.499,			0.099,			0.099,			24.351,			0.099,			0.099
179,	2,	196.249,			23.848,			0.099,			0.099,			23.737,			0.099,			0.099
180,	2,	198.603,			23.028,			0.099,			0.099,			21.92,			0.099,			0.099
181,	2,	198.755,			21.75,			0.099,			0.099,			24.038,			0.1,			0.099
182,	2,	199.27,			21.641,			0.099,			0.099,			22.394,			0.099,			0.099
183,	2,	200.097,			22.133,			0.099,			0.099,			23.262,			0.1,			0.1
184,	2,	201.803,			21.651,			0.099,			0.099,			22.563,			0.099,			0.099
185,	2,	201.972,			23.534,			0.099,			0.099,			24.74,			0.099,			0.099
186,	2,	202.222,			21.89,			0.099,			0.099,			24.183,			0.099,			0.099
187,	2,	202.504,			22.354,			0.099,			0.099,			21.875,			0.099,			0.099
188,	2,	203.077,			23.674,			0.099,			0.099,			23.97,			0.099,			0.099
189,	2,	203.194,			21.668,			0.099,			0.099,			21.796,			0.099,			0.099
190,	2,	204.23,			21.76,			0.099,			0.099,			23.191,			0.099,			0.099
191,	2,	204.501,			25.022,			0.099,			0.099,			22.818,			0.099,			0.099
192,	2,	205.817,			22.096,			0.099,			0.099,			21.819,			0.1,			0.099
193,	2,	207.035,			21.941,			0.1,			0.1,			21.875,			0.099,			0.099
194,	2,	209.18,			22.434,			0.1,			0.1,			22.692,			0.099,			0.1
195,	2,	210.462,			23.526,			0.099,			0.099,			21.963,			0.099,			0.099
196,	2,	212.662,			22.817,			0.099,			0.099,			23.035,			0.099,			0.099
197,	2,	213.877,			22.239,			0.099,			0.099,			22.439,			0.099,			0.099
198,	2,	214.024,			21.821,			0.099,			0.099,			23.988,			0.1,			0.099
199,	2,	214.267,			21.459,			0.099,			0.099,			22.4,			0.099,			0.099
200,	2,	218.728,			23.17,			0.099,			0.099,			21.731,			0.099,			0.099
201,	2,	220.967,			22.94,			0.099,			0.099,			21.601,			0.099,			0.099
202,	2,	223.957,			24.119,			0.099,			0.099,			22.683,			0.099,			0.099
203,	2,	224.658,			23.091,			0.1,			0.1,			22.633,			0.099,			0.099
204,	2,	224.838,			22.222,			0.099,			0.099,			24.445,			0.099,			0.099
205,	2,	225.68,			22.381,			0.099,			0.099,			22.269,			0.099,			0.099
206,	2,	226.023,			23.584,			0.1,			0.1,			21.601,			0.099,			0.099
207,	2,	231.177,			21.89,			0.099,			0.099,			25.02,			0.099,			0.099
208,	2,	232.603,			23.743,			0.099,			0.099,			23.634,			0.099,			0.099
209,	2,	232.896,			21.772,			0.099,			0.099,			23.017,			0.099,			0.099
210,	2,	233.361,			25.074,			0.099,			0.099,			23.059,			0.099,			0.099
211,	2,	234.662,			21.627,			0.099,			0.099,			21.492,			0.099,			0.1
212,	2,	235.184,			22.39,			0.099,			0.099,			21.9,			0.099,			0.099
213,	2,	235.954,			24.102,			0.099,			0.099,			22.232,			0.099,			0.099
214,	2,	236.619,			21.556,			0.099,			0.099,			22.387,			0.099,			0.099
215,	2,	238.204,			22.433,			0.099,			0.099,			22.578,			0.099,			0.099
216,	2,	239.365,			21.81,			0.099,			0.099,			22.3,			0.1,			0.099
217,	2,	240.818,			23.523,			0.099,			0.099,			21.706,			0.099,			0.099
218,	2,	240.888,			23.381,			0.099,			0.099,			24.409,			0.099,			0.099
219,	2,	243.965,			21.595,			0.099,			0.099,			21.821,			0.099,			0.099
220,	2,	244.184,			22.812,			0.099,			0.099,			22.156,			0.099,			0.099
221,	2,	244.458,			21.968,			0.099,			0.099,			23.447,			0.099,			0.099
222,	2,	245.683,			23.512,			0.099,			0.099,			25.064,			0.099,			0.099
223,	2,	248.747,			21.727,			0.099,			0.099,			23.14,			0.1,			0.099
224,	2,	252.326,			23.688,			0.099,			0.099,			22.021,			0.099,			0.099
225,	2,	253.158,			22.375,			0.099,			0.099,			24.505,			0.1,			0.099
226,	2,	253.399,			23.635,			0.099,			0.099,			24.982,			0.099,			0.099
227,	2,	255.034,			22.212,			0.099,			0.099,			22.071,			0.099,			0.099
228,	2,	255.109,			25.135,			0.099,			0.099,			21.762,			0.099,			0.1
229,	2,	255.445,			22.955,			0.099,			0.099,			22.736,			0.099,			0.099
230,	2,	256.516,			24.374,			0.099,			0.099,			21.974,			0.099,			0.099
231,	2,	258.043,			23.54,			0.099,			0.099,			24.098,			0.099,			0.099
232,	2,	258.857,			23.046,			0.099,			0.099,			23.44,			0.099,			0.099
233,	2,	258.982,			21.942,			0.099,			0.099,			21.621,			0.099,			0.099
234,	2,	259.492,			24.616,			0.099,			0.099,			23.016,			0.099,			0.099
235,	2,	259.721,			22.292,			0.099,			0.099,			21.98,			0.099,			0.099
236,	2,	260.154,			21.412,			0.099,			0.099,			22.117,			0.099,			0.099
237,	2,	262.029,			21.602,			0.099,			0.099,			22.096,			0.099,			0.099
238,	2,	262.743,			21.492,			0.1,			0.1,			22.197,			0.099,			0.099
239,	2,	263.141,			21.775,			0.099,			0.099,			24.072,			0.099,			0.099
240,	3,	263.477,			9.855,			1.106,			1.106,			10.478,			3.162,			1.555
241,	2,	263.496,			22.199,			0.1,			0.1,			23.104,			0.099,			0.099
242,	2,	264.232,			21.833,			0.099,			0.099,			22.402,			0.099,			0.099
243,	3,	265.529,			2.03,			1.862,			1.862,			7.431,			0.674,			0.741
244,	2,	267.429,			22.171,			0.099,			0.099,			22.238,			0.099,			0.099
245,	2,	269.004,			23.158,			0.099,			0.099,			23.534,			0.099,			0.099
246,	2,	269.241,			21.915,			0.099,			0.099,			22.051,			0.1,			0.099
247,	2,	269.421,			22.051,			0.099,			0.099,			22.051,			0.1,			0.099
248,	2,	271.835,			22.895,			0.099,			0.099,			21.671,			0.099,			0.099
249,	2,	271.853,			23.287,			0.099,			0.099,			21.763,			0.099,			0.099
250,	2,	273.151,			21.808,			0.099,			0.099,			23.744,			0.099,			0.099
251,	2,	274.122,			24.476,			0.099,			0.099,			22.164,			0.1,			0.099
252,	2,	275.217,			21.883,			0.099,			0.099,			22.493,			0.099,			0.1
253,	2,	275.708,			22.673,			0.1,			0.1,			23.561,			0.099,			0.099
254,	2,	279.022,			22.302,			0.099,			0.099,			22.267,			0.099,			0.099
255,	1,	279.184,			1.536,			0.613,			0.613,			1.271,			0.62,			0.794
256,	1,	279.444,			1.436,			0.872,			0.872,			1.111,			1.246,			0.939
257,	2,	279.553,			22.943,			0.099,			0.099,			22.373,			0.099,			0.099
258,	1,	279.621,			1.778,			0.726,			0.726,			2.13,			1.113,			1.119
259,	1,	279.637,			2.018,			1.119,			1.119,			1.012,			0.782,			0.869
260,	1,	279.838,			1.852,			0.909,			0.909,			0.948,			0.874,			1.348
261,	2,	279.96,			21.78,			0.099,			0.099,			22.594,			0.099,			0.099
262,	1,	279.998,			1.202,			0.884,			0.884,			1.032,			0.919,			1.191
263,	1,	280.238,			1.318,			1.09,			1.09,			1.25,			1.09,			1.129
264,	1,	280.24,			1.328,			1.344,			1.344,			1.476,			0.614,			0.865
265,	2,	280.692,			21.758,			0.099,			0.099,			23.329,			0.099,			0.099
266,	1,	281.084,			1.349,			1.057,			1.057,			1.274,			1.132,			1.483
267,	1,	281.236,			1.218,			1.12,			1.12,			1.426,			1.141,			1.384
268,	1,	281.805,			1.223,			0.753,			0.753,			1.062,			0.9,			1.21
269,	1,	281.961,			1.262,			1.539,			1.539,			1.253,			0.906,			1.158
270,	1,	282.001,			1.255,			0.623,			0.623,			1.454,			1.134,			0.783
271,	1,	282.325,			1.516,			0.873,			0.873,			2.106,			0.782,			1.457
272,	1,	282.406,			1.273,			0.997,			0.997,			1.235,			1.53,			1.227
273,	1,	282.598,			1.051,			1.233,			1.233,			1.363,			0.727,			0.688
274,	2,	283.095,			21.66,			0.099,			0.099,			22.221,			0.099,			0.099
275,	1,	283.156,			2.023,			0.907,			0.907,			2.024,			0.62,			0.629
276,	2,	283.519,			22.684,			0.099,			0.099,			21.941,			0.099,			0.099
277,	2,	283.639,			23.585,			0.099,			0.099,			24.235,			0.099,			0.099
278,	1,	283.812,			1.273,			1.264,			1.264,			2.416,			0.894,			0.85
279,	1,	283.839,			1.29,			0.935,			0.935,			1.277,			0.642,			0.895
280,	1,	283.907,			1.437,			0.676,			0.676,			1.318,			0.823,			1.335
281,	1,	284.024,			1.391,			0.623,			0.623,			1.819,			0.886,			0.928
282,	1,	284.058,			1.312,			0.992,			0.992,			1.232,			1.129,			1.401
283,	1,	284.24,			1.431,			0.885,			0.885,			1.25,			1.236,			0.903
284,	1,	284.599,			1.29,			0.939,			0.939,			2.046,			0.935,			0.954
285,	1,	285.283,			1.892,			0.876,			0.876,			1.102,			0.983,			0.73
286,	1,	285.695,			1.096,			1.144,			1.144,			1.205,			0.936,			0.623
287,	1,	285.713,			1.219,			0.887,			0.887,			1.001,			0.75,			0.587
288,	1,	285.836,			1.51,			0.934,			0.934,			1.469,			0.955,			0.884
289,	2,	285.877,			21.557,			0.099,			0.099,			22.122,			0.099,			0.099
290,	1,	286.014,			1.256,			1.086,			1.086,			1.758,			1.114,			0.884
291,	2,	286.236,			23.246,			0.099,			0.099,			23.072,			0.099,			0.099
292,	1,	286.419,			1.013,			0.9,			0.9,			1.09,			0.742,			0.725
293,	1,	286.536,			1.916,			1.191,			1.191,			2.025,			0.643,			1.233
294,	1,	286.612,			1.476,			1.192,			1.192,			1.461,			1.123,			0.616
295,	1,	286.722,			1.268,			1.271,			1.271,			0.986,			0.732,			0.87
296,	1,	286.876,			2.13,			0.881,			0.881,			1.318,			0.895,			0.727
297,	1,	287.046,			1.439,			0.945,			0.945,			1.418,			0.969,			0.955
298,	1,	287.203,			1.216,			0.614,			0.614,			0.954,			1.231,			0.853
299,	1,	287.536,			1.292,			1.082,			1.082,			1.436,			0.963,			0.72
300,	2,	287.91,			22.495,			0.099,			0.099,			24.098,			0.099,			0.099
301,	1,	288.574,			1.227,			0.912,			0.912,			1.341,			0.935,			1.082
302,	2,	288.7,			24.807,			0.099,			0.099,			22.122,			0.099,			0.099
303,	1,	288.766,			1.789,			1.387,			1.387,			0.996,			0.653,			0.95
304,	2,	289.619,			21.697,			0.099,			0.099,			22.316,			0.099,			0.099
305,	2,	290.987,			23.057,			0.099,			0.099,			22.351,			0.099,			0.099
306,	1,	291.282,			1.11,			1.257,			1.257,			1.227,			0.988,			1.16
307,	1,	291.373,			2.103,			1.24,			1.24,			1.252,			1.516,			0.867
308,	2,	291.873,			21.613,			0.099,			0.099,			22.333,			0.099,			0.099
309,	1,	292.257,			1.536,			0.863,			0.863,			1.073,			0.899,			1.216
310,	1,	292.662,			1.925,			0.853,			0.853,			2.016,			1.247,			0.666
311,	2,	293.659,			24.616,			0.099,			0.099,			22.764,			0.099,			0.099
312,	1,	294.282,			1.489,			0.942,			0.942,			0.978,			0.849,			1.078
313,	2,	294.921,			22.894,			0.099,			0.099,			22.029,			0.099,			0.099
314,	2,	298.17,			24.61,			0.099,			0.099,			21.687,			0.099,			0.099
315,	2,	298.432,			22.253,			0.099,			0.099,			21.898,			0.099,			0.099
316,	2,	299.796,			22.04,			0.099,			0.099,			21.753,			0.099,			0.1
317,	2,	300.157,			22.209,			0.099,			0.099,			22.122,			0.099,			0.099
318,	2,	300.266,			21.554,			0.1,			0.1,			22.793,			0.099,			0.099
319,	2,	302.656,			22.08,			0.099,			0.099,			21.938,			0.099,			0.099
320,	2,	304.438,			22.067,			0.099,			0.099,			22.146,			0.1,			0.1
321,	2,	307.529,			23.412,			0.099,			0.099,			21.716,			0.099,			0.099
322,	2,	307.889,			23.567,			0.099,			0.099,			23.498,			0.099,			0.099
323,	2,	308.269,			22.927,			0.099,			0.099,			22.009,			0.099,			0.099
324,	2,	308.322,			23.968,			0.099,			0.099,			23.598,			0.099,			0.099
325,	2,	310.563,			21.44,			0.099,			0.099,			22.084,			0.099,			0.1
326,	2,	312.676,			24.65,			0.099,			0.099,			21.634,			0.099,			0.099
327,	2,	315.488,			24.573,			0.099,			0.099,			23.023,			0.099,			0.1
328,	2,	315.955,			21.811,			0.099,			0.099,			23.718,			0.099,			0.099
329,	2,	316.049,			22.538,			0.1,			0.1,			21.793,			0.1,			0.099
330,	2,	316.386,			23.197,			0.099,			0.099,			21.564,			0.099,			0.099
331,	2,	316.545,			22.972,			0.1,			0.1,			23.17,			0.099,			0.099
332,	2,	317.006,			21.876,			0.1,			0.1,			21.74,			0.099,			0.099
333,	2,	317.277,			22.146,			0.1,			0.1,			23.999,			0.099,			0.099
334,	2,	317.507,			21.773,			0.099,			0.099,			21.784,			0.099,			0.099
335,	2,	318.235,			22.11,			0.099,			0.099,			21.864,			0.099,			0.099
336,	2,	318.89,			21.841,			0.099,			0.099,			22.083,			0.1,			0.099
337,	2,	319.521,			22.065,			0.099,			0.099,			22.028,			0.099,			0.099
338,	2,	320.536,			22.818,			0.099,			0.099,			23.891,			0.099,			0.099
339,	2,	320.81,			22.684,			0.099,			0.099,			22.11,			0.099,			0.099
340,	2,	322.01,			24.003,			0.099,			0.099,			21.689,			0.099,			0.099
341,	2,	323.357,			21.731,			0.099,			0.099,			23.968,			0.099,			0.099
342,	2,	324.151,			22.369,			0.099,			0.099,			22.231,			0.1,			0.1
343,	2,	324.797,			21.835,			0.099,			0.099,			22.611,			0.099,			0.099
344,	2,	326.051,			22.014,			0.099,			0.099,			21.98,			0.099,			0.099
345,	2,	328.196,			21.493,			0.099,			0.099,			21.722,			0.099,			0.1
346,	2,	332.39,			24.011,			0.099,			0.099,			22.933,			0.099,			0.099
347,	2,	332.648,			24.7,			0.099,			0.099,			23.849,			0.099,			0.099
348,	2,	333.971,			21.88,			0.099,			0.099,			22.745,			0.099,			0.1
349,	2,	334.163,			22.673,			0.099,			0.099,			21.957,			0.099,			0.099
350,	2,	336.441,			23.423,			0.099,			0.099,			24.184,			0.099,			0.099
351,	2,	338.192,			22.273,			0.099,			0.099,			24.573,			0.099,			0.099
352,	2,	338.255,			23.128,			0.099,			0.099,			23.662,			0.099,			0.099
353,	2,	338.547,			22.442,			0.099,			0.099,			23.583,			0.099,			0.099
354,	2,	339.909,			23.454,			0.099,			0.099,			21.803,			0.099,			0.099
355,	2,	342.326,			22.071,			0.1,			0.1,			23.329,			0.099,			0.1
356,	2,	343.058,			25.133,			0.099,			0.099,			23.138,			0.099,			0.099
357,	2,	343.545,			22.543,			0.099,			0.099,			24.003,			0.099,			0.099
358,	2,	346.595,			24.477,			0.1,			0.1,			21.937,			0.099,			0.099
359,	2,	347.436,			21.808,			0.099,			0.099,			24.285,			0.099,			0.099
360,	2,	347.686,			24.255,			0.099,			0.099,			22.49,			0.099,			0.099
361,	2,	350.128,			23.35,			0.1,			0.1,			24.946,			0.099,			0.099
362,	2,	351.051,			21.492,			0.099,			0.099,			22.261,			0.099,			0.099
363,	2,	351.999,			22.289,			0.099,			0.099,			23.383,			0.099,			0.1
364,	2,	352.836,			21.882,			0.1,			0.1,			22.464,			0.099,			0.099
365,	2,	353.691,			24.187,			0.099,			0.099,			21.994,			0.099,			0.099
366,	2,	354.21,			22.442,			0.099,			0.099,			23.347,			0.099,			0.099
367,	2,	354.753,			21.448,			0.099,			0.099,			23.156,			0.099,			0.099
368,	2,	355.711,			21.895,			0.099,			0.099,			22.084,			0.099,			0.099
369,	2,	355.956,			23.811,			0.099,			0.099,			23.126,			0.099,			0.099
370,	2,	358.109,			21.621,			0.099,			0.099,			22.979,			0.1,			0.099
371,	2,	358.192,			22.778,			0.1,			0.1,			21.838,			0.1,			0.099
372,	2,	358.901,			23.269,			0.1,			0.1,			23.474,			0.099,			0.099
373,	2,	359.247,			21.9,			0.099,			0.099,			24.468,			0.1,			0.099
374,	2,	362.033,			21.778,			0.099,			0.099,			23.807,			0.099,			0.099
375,	2,	362.485,			23.561,			0.099,			0.099,			22.269,			0.099,			0.1
376,	2,	362.499,			21.608,			0.099,			0.099,			23.148,			0.099,			0.099
377,	2,	362.791,			21.951,			0.099,			0.099,			22.563,			0.099,			0.099
378,	2,	368.928,			22.489,			0.099,			0.099,			23.611,			0.099,			0.099
379,	2,	370.122,			23.729,			0.099,			0.099,			22.314,			0.1,			0.099
380,	2,	370.629,			22.402,			0.099,			0.099,			24.248,			0.099,			0.099
381,	2,	370.752,			22.157,			0.099,			0.099,			21.832,			0.099,			0.099
382,	2,	372.518,			21.89,			0.099,			0.099,			21.606,			0.099,			0.099
383,	2,	372.615,			21.515,			0.099,			0.099,			24.468,			0.099,			0.099
384,	2,	373.31,			24.003,			0.099,			0.099,			23.664,			0.099,			0.099
385,	2,	374.327,			22.086,			0.099,			0.099,			22.11,			0.099,			0.099
386,	2,	374.533,			23.804,			0.099,			0.099,			24.14,			0.099,			0.099
387,	2,	376.354,			21.682,			0.099,			0.099,			22.346,			0.099,			0.099
388,	2,	376.869,			21.609,			0.099,			0.099,			22.156,			0.099,			0.099
389,	2,	377.738,			22.058,			0.1,			0.1,			24.279,			0.099,			0.099
390,	2,	379.899,			25.049,			0.099,			0.099,			23.574,			0.099,			0.099
391,	2,	381.755,			22.032,			0.099,			0.099,			21.577,			0.099,			0.099
392,	2,	382.598,			22.246,			0.099,			0.099,			21.59,			0.099,			0.099
393,	2,	384.928,			22.771,			0.1,			0.1,			21.703,			0.099,			0.1
394,	2,	385.788,			22.112,			0.099,			0.099,			24.381,			0.099,			0.099
395,	2,	388.229,			24.476,			0.099,			0.099,			22.012,			0.099,			0.099
396,	2,	390.866,			22.679,			0.099,			0.099,			24.072,			0.1,			0.099
397,	2,	391.066,			23.614,			0.099,			0.099,			22.091,			0.099,			0.099
398,	2,	391.28,			22.519,			0.099,			0.099,			22.009,			0.1,			0.099
399,	2,	391.375,			23.295,			0.099,			0.099,			23.062,			0.099,			0.099
400,	3,	391.717,			11.458,			0.657,			0.657,			5.97,			3.244,			1.21
401,	3,	391.982,			11.024,			1.924,			1.924,			6.718,			3.507,			1.783
402,	2,	392.092,			22.905,			0.099,			0.099,			22.161,			0.1,			0.099
403,	3,	392.239,			2.064,			1.825,			1.825,			2.578,			2.286,			3.141
404,	3,	392.709,			7.706,			1.175,			1.175,			4.516,			1.648,			0.812
405,	2,	393.454,			22.655,			0.099,			0.099,			23.736,			0.099,			0.099
406,	2,	393.992,			22.157,			0.099,			0.099,			22.424,			0.099,			0.1
407,	3,	396.594,			5.338,			0.863,			0.863,			4.098,			1.21,			0.918
408,	2,	397.468,			21.937,			0.099,			0.099,			22.801,			0.1,			0.099
409,	2,	399.002,			22.151,			0.099,			0.099,			24.21,			0.099,			0.099
410,	2,	399.065,			21.401,			0.099,			0.099,			22.232,			0.099,			0.099
411,	2,	402.877,			24.122,			0.099,			0.099,			22.743,			0.099,			0.099
412,	2,	403.001,			24.378,			0.099,			0.099,			24.274,			0.099,			0.099
413,	2,	405.162,			23.583,			0.099,			0.099,			24.023,			0.099,			0.099
414,	2,	408.509,			22.248,			0.099,			0.099,			23.448,			0.1,			0.099
415,	2,	408.806,			21.834,			0.099,			0.099,			22.5,			0.099,			0.099
416,	2,	409.23,			21.731,			0.099,			0.099,			24.519,			0.099,			0.099
417,	2,	409.283,			22.614,			0.099,			0.099,			24.412,			0.099,			0.099
418,	2,	409.637,			21.949,			0.099,			0.099,			21.782,			0.099,			0.1
419,	2,	410.898,			24.74,			0.099,			0.099,			21.398,			0.099,			0.099
420,	2,	411.341,			24.616,			0.099,			0.099,			23.725,			0.099,			0.099
421,	2,	411.579,			23.582,			0.1,			0.1,			21.949,			0.099,			0.099
422,	2,	411.685,			21.765,			0.099,			0.099,			22.246,			0.099,			0.099
423,	2,	413.412,			23.454,			0.1,			0.1,			25.133,			0.099,			0.099
424,	2,	415.059,			23.226,			0.099,			0.099,			22.329,			0.099,			0.099
425,	2,	416.294,			21.716,			0.099,			0.099,			24.83,			0.099,			0.099
426,	2,	418.042,			21.715,			0.1,			0.1,			21.89,			0.099,			0.099
427,	2,	419.481,			22.029,			0.099,			0.099,			21.438,			0.099,			0.099
428,	2,	419.576,			24.307,			0.099,			0.099,			22.566,			0.099,			0.099
429,	2,	420.399,			22.081,			0.099,			0.099,			21.88,			0.099,			0.099
430,	2,	422.034,			21.938,			0.099,			0.099,			23.789,			0.099,			0.099
431,	2,	423.721,			23.836,			0.1,			0.1,			21.961,			0.099,			0.099
432,	2,	429.559,			22.344,			0.099,			0.099,			22.348,			0.099,			0.1
433,	2,	429.604,			22.282,			0.099,			0.099,			21.951,			0.1,			0.099
434,	2,	429.874,			23.078,			0.099,			0.099,			23.903,			0.099,			0.099
435,	2,	430.276,			22.394,			0.099,			0.099,			22.564,			0.099,			0.099
436,	2,	436.014,			21.76,			0.1,			0.1,			23.555,			0.099,			0.099
437,	2,	437.354,			21.858,			0.099,			0.099,			24.484,			0.1,			0.099
438,	2,	438.612,			21.558,			0.099,			0.099,			23.313,			0.099,			0.099
439,	2,	438.966,			22.088,			0.099,			0.099,			21.892,			0.099,			0.099
440,	2,	439.642,			22.253,			0.099,			0.099,			24.938,			0.099,			0.099
441,	2,	439.885,			24.475,			0.099,			0.099,			22.747,			0.1,			0.1
442,	2,	441.919,			21.991,			0.099,			0.099,			21.775,			0.099,			0.099
443,	2,	443.619,			22.705,			0.099,			0.099,			23.611,			0.1,			0.099
444,	2,	445.586,			24.346,			0.099,			0.099,			22.354,			0.099,			0.099
445,	2,	445.979,			22.185,			0.1,			0.1,			25.028,			0.099,			0.099
446,	2,	447.157,			22.374,			0.099,			0.099,			21.782,			0.099,			0.099
447,	2,	447.809,			24.616,			0.099,			0.099,			22.973,			0.099,			0.099
448,	2,	447.905,			21.87,			0.099,			0.099,			23.77,			0.099,			0.099
449,	2,	448.287,			23.016,			0.099,			0.099,			21.898,			0.099,			0.099
450,	2,	448.426,			22.963,			0.099,			0.099,			23.078,			0.099,			0.099
451,	2,	448.539,			23.773,			0.099,			0.099,			23.381,			0.099,			0.099
452,	2,	449.257,			24.33,			0.099,			0.099,			22.44,			0.1,			0.099
453,	2,	450.578,			22.559,			0.1,			0.1,			22.902,			0.099,			0.099
454,	2,	451.323,			22.128,			0.099,			0.099,			23.956,			0.099,			0.099
455,	2,	451.521,			22.088,			0.099,			0.099,			22.044,			0.1,			0.099
456,	2,	451.73,			22.661,			0.099,			0.099,			23.739,			0.099,			0.099
457,	2,	452.691,			22.238,			0.099,			0.099,			22.421,			0.1,			0.099
458,	2,	453.854,			21.857,			0.1,			0.1,			24.08,			0.099,			0.1
459,	2,	453.929,			24.094,			0.099,			0.099,			21.291,			0.099,			0.099
460,	2,	454.811,			21.571,			0.099,			0.099,			23.714,			0.099,			0.099
461,	2,	455.629,			23.674,			0.099,			0.099,			23.745,			0.099,			0.099
462,	2,	457.405,			23.159,			0.1,			0.1,			22.682,			0.099,			0.099
463,	2,	458.789,			23.139,			0.099,			0.099,			21.716,			0.099,			0.1
464,	2,	458.902,			23.871,			0.099,			0.099,			22.322,			0.099,			0.099
465,	2,	459.39,			23.226,			0.099,			0.099,			22.015,			0.099,			0.099
466,	2,	461.826,			21.723,			0.099,			0.099,			23.069,			0.099,			0.099
467,	2,	462.362,			21.983,			0.099,			0.099,			22.421,			0.099,			0.099
468,	2,	464.999,			23.5,			0.099,			0.099,			23.432,			0.099,			0.1
469,	2,	469.052,			21.979,			0.099,			0.099,			22.659,			0.099,			0.099
470,	2,	470.219,			21.899,			0.099,			0.099,			24.465,			0.099,			0.099
471,	2,	470.733,			25.152,			0.099,			0.099,			22.305,			0.099,			0.099
472,	2,	471.766,			22.519,			0.099,			0.099,			23.122,			0.1,			0.099
473,	2,	472.683,			23.574,			0.099,			0.099,			21.938,			0.1,			0.099
474,	2,	476.286,			24.613,			0.099,			0.099,			22.165,			0.099,			0.099
475,	2,	477.953,			21.927,			0.099,			0.099,			22.235,			0.1,			0.099
476,	2,	478.926,			21.732,			0.099,			0.099,			21.712,			0.099,			0.1
477,	2,	479.086,			24.524,			0.099,			0.099,			23.329,			0.099,			0.099
478,	2,	479.429,			21.752,			0.1,			0.1,			24.558,			0.099,			0.099
479,	2,	479.841,			24.988,			0.099,			0.099,			22.997,			0.099,			0.099
480,	2,	481.616,			21.934,			0.099,			0.099,			22.919,			0.099,			0.099
481,	2,	482.678,			21.487,			0.099,			0.099,			22.402,			0.099,			0.099
482,	2,	484.823,			22.037,			0.099,			0.099,			23.289,			0.1,			0.099
483,	2,	485.165,			23.123,			0.099,			0.099,			21.674,			0.099,			0.099
484,	2,	485.656,			22.011,			0.099,			0.099,			21.732,			0.099,			0.099
485,	2,	486.413,			22.374,			0.099,			0.099,			21.887,			0.099,			0.099
486,	2,	487.072,			21.923,			0.099,			0.099,			23.188,			0.1,			0.099
487,	2,	487.51,			22.313,			0.099,			0.099,			22.607,			0.099,			0.099
488,	2,	487.512,			23.37,			0.099,			0.099,			22.739,			0.099,			0.099
489,	2,	487.599,			22.109,			0.099,			0.099,			23.844,			0.099,			0.099
490,	2,	488.327,			24.969,			0.099,			0.099,			22.155,			0.099,			0.099
491,	2,	488.432,			21.877,			0.099,			0.099,			21.89,			0.099,			0.099
492,	2,	488.648,			23.068,			0.099,			0.099,			21.995,			0.099,			0.099
493,	2,	488.694,			21.716,			0.099,			0.099,			22.537,			0.099,			0.1
494,	2,	489.769,			23.456,			0.099,			0.099,			21.905,			0.099,			0.099
495,	2,	490.0,			24.734,			0.099,			0.099,			25.132,			0.099,			0.099
496,	2,	490.447,			22.122,			0.099,			0.099,			22.942,			0.099,			0.099
497,	2,	490.504,			24.898,			0.099,			0.099,			22.532,			0.099,			0.1
498,	2,	492.467,			24.062,			0.099,			0.099,			22.072,			0.1,			0.099
499,	2,	493.062,			22.176,			0.099,			0.099,			21.682,			0.1,			0.099
500,	2,	493.764,			22.878,			0.099,			0.099,			22.896,			0.099,			0.099
501,	2,	496.653,			23.713,			0.1,			0.1,			23.813,			0.099,			0.099
502,	2,	500.59,			22.498,			0.099,			0.099,			23.205,			0.099,			0.099
503,	2,	500.778,			21.814,			0.099,			0.099,			22.729,			0.099,			0.099
504,	2,	501.276,			21.905,			0.099,			0.099,			21.685,			0.1,			0.099
505,	2,	501.809,			21.902,			0.099,			0.099,			21.609,			0.099,			0.099
506,	2,	502.754,			24.358,			0.099,			0.099,			21.952,			0.099,			0.1
507,	2,	503.241,			23.776,			0.099,			0.099,			22.041,			0.099,			0.099
508,	2,	504.083,			23.307,			0.1,			0.1,			21.459,			0.099,			0.099
509,	2,	504.094,			23.138,			0.099,			0.099,			23.071,			0.099,			0.099
510,	2,	504.438,			23.39,			0.099,			0.099,			23.424,			0.1,			0.099
511,	2,	506.238,			22.536,			0.1,			0.1,			21.727,			0.099,			0.099
512,	2,	507.863,			22.414,			0.099,			0.099,			23.61,			0.099,			0.099
513,	2,	512.036,			21.493,			0.099,			0.099,			21.761,			0.099,			0.099
514,	2,	513.763,			23.968,			0.099,			0.099,			23.585,			0.099,			0.099
515,	2,	513.91,			21.875,			0.1,			0.1,			23.307,			0.099,			0.1
516,	2,	514.735,			23.598,			0.099,			0.099,			21.963,			0.099,			0.099
517,	2,	514.957,			23.13,			0.099,			0.099,			24.269,			0.099,			0.099
518,	2,	515.321,			21.579,			0.099,			0.099,			22.176,			0.099,			0.1
519,	2,	517.31,			23.047,			0.099,			0.099,			22.614,			0.1,			0.099
520,	2,	518.445,			21.99,			0.1,			0.1,			22.19,			0.099,			0.099
521,	2,	520.216,			23.795,			0.099,			0.099,			23.474,			0.099,			0.099
522,	2,	520.95,			21.635,			0.099,			0.099,			24.003,			0.099,			0.099
523,	2,	526.277,			21.593,			0.099,			0.099,			23.578,			0.1,			0.099
524,	2,	527.191,			22.751,			0.1,			0.1,			23.047,			0.099,			0.099
525,	2,	528.809,			22.556,			0.099,			0.099,			24.616,			0.099,			0.099
526,	2,	530.199,			24.39,			0.099,			0.099,			21.823,			0.099,			0.1
527,	2,	531.719,			22.996,			0.099,			0.099,			22.905,			0.099,			0.1
528,	2,	532.699,			22.496,			0.099,			0.099,			23.845,			0.099,			0.099
529,	2,	534.11,			23.824,			0.099,			0.099,			24.372,			0.099,			0.099
530,	2,	536.627,			23.562,			0.099,			0.099,			22.24,			0.099,			0.099
531,	2,	540.391,			22.437,			0.099,			0.099,			21.973,			0.099,			0.099
532,	2,	541.187,			22.859,			0.099,			0.099,			21.689,			0.099,			0.099
533,	2,	542.155,			23.061,			0.099,			0.099,			21.988,			0.099,			0.099
534,	2,	542.783,			24.247,			0.1,			0.1,			21.796,			0.099,			0.099
535,	2,	543.602,			23.538,			0.099,			0.099,			23.199,			0.099,			0.1
536,	2,	546.239,			21.747,			0.099,			0.099,			21.579,			0.099,			0.099
537,	2,	547.766,			21.903,			0.099,			0.099,			22.21,			0.099,			0.099
538,	2,	548.859,			22.363,			0.099,			0.099,			21.765,			0.1,			0.1
539,	2,	549.082,			24.484,			0.1,			0.1,			24.61,			0.099,			0.099
540,	2,	552.85,			25.18,			0.1,			0.1,			22.087,			0.099,			0.099
541,	2,	552.988,			23.058,			0.099,			0.099,			25.013,			0.099,			0.099
542,	2,	557.03,			21.579,			0.099,			0.099,			24.248,			0.099,			0.099
543,	2,	557.388,			23.057,			0.099,			0.099,			24.426,			0.099,			0.099
544,	2,	558.607,			22.244,			0.099,			0.099,			21.844,			0.099,			0.099
545,	2,	560.372,			21.687,			0.099,			0.099,			22.032,			0.099,			0.099
546,	2,	561.757,			24.798,			0.099,			0.099,			21.78,			0.099,			0.099
547,	2,	563.449,			22.028,			0.099,			0.099,			22.566,			0.099,			0.099
548,	2,	563.555,			23.448,			0.099,			0.099,			23.049,			0.099,			0.099
549,	2,	566.041,			22.222,			0.099,			0.099,			22.74,			0.099,			0.099
550,	2,	567.217,			23.659,			0.099,			0.099,			22.159,			0.099,			0.1
551,	2,	568.141,			22.378,			0.099,			0.099,			22.212,			0.099,			0.099
552,	2,	568.323,			23.461,			0.099,			0.099,			23.955,			0.099,			0.1
553,	2,	569.309,			22.959,			0.1,			0.1,			24.282,			0.099,			0.099
554,	2,	571.085,			21.555,			0.1,			0.1,			21.846,			0.099,			0.099
555,	2,	571.618,			23.277,			0.099,			0.099,			22.045,			0.099,			0.099
556,	2,	574.342,			22.225,			0.099,			0.099,			22.086,			0.099,			0.1
557,	2,	575.276,			22.439,			0.099,			0.099,			22.757,			0.099,			0.099
558,	2,	576.925,			24.713,			0.099,			0.099,			23.435,			0.099,			0.1
559,	2,	578.523,			21.706,			0.099,			0.099,			22.745,			0.099,			0.099
560,	2,	578.566,			23.548,			0.099,			0.099,			23.97,			0.099,			0.099
561,	2,	579.602,			24.125,			0.099,			0.099,			22.956,			0.099,			0.099
562,	2,	579.878,			24.513,			0.099,			0.099,			24.45,			0.099,			0.099
563,	2,	581.412,			21.904,			0.099,			0.099,			21.971,			0.099,			0.099
564,	2,	584.627,			23.731,			0.099,			0.099,			22.195,			0.099,			0.099
565,	2,	586.348,			24.603,			0.099,			0.099,			22.579,			0.099,			0.099
566,	2,	587.162,			23.861,			0.099,			0.099,			24.469,			0.099,			0.099
567,	2,	587.646,			23.212,			0.099,			0.099,			23.653,			0.099,			0.099
568,	2,	587.76,			23.35,			0.1,			0.1,			24.766,			0.099,			0.099
569,	2,	593.752,			23.454,			0.099,			0.099,			22.699,			0.099,			0.099
570,	2,	593.985,			24.534,			0.099,			0.099,			24.283,			0.099,			0.1
571,	2,	598.361,			22.723,			0.099,			0.099,			24.196,			0.099,			0.099
572,	2,	598.467,			22.026,			0.1,			0.1,			24.195,			0.099,			0.099
573,	2,	599.775,			22.482,			0.099,			0.099,			22.205,			0.099,			0.1
574,	2,	599.81,			21.796,			0.099,			0.099,			23.267,			0.099,			0.099
575,	2,	601.563,			22.996,			0.099,			0.099,			23.51,			0.099,			0.099
576,	2,	603.691,			21.813,			0.099,			0.099,			21.661,			0.099,			0.099
577,	2,	604.447,			23.292,			0.099,			0.099,			23.006,			0.099,			0.099
578,	2,	605.447,			25.003,			0.099,			0.099,			22.137,			0.099,			0.1
579,	2,	605.608,			24.445,			0.099,			0.099,			22.995,			0.099,			0.099
580,	2,	608.598,			23.582,			0.099,			0.099,			22.532,			0.099,			0.099
581,	2,	611.436,			22.018,			0.099,			0.099,			24.366,			0.1,			0.099
582,	2,	612.737,			21.562,			0.099,			0.099,			22.59,			0.099,			0.099
583,	2,	613.917,			21.763,			0.099,			0.099,			22.11,			0.1,			0.099
584,	2,	614.304,			23.868,			0.099,			0.099,			21.939,			0.099,			0.099
585,	2,	614.986,			22.801,			0.099,			0.099,			21.509,			0.1,			0.099
586,	2,	615.125,			21.85,			0.099,			0.099,			22.922,			0.099,			0.099
587,	2,	615.865,			24.45,			0.099,			0.099,			23.262,			0.1,			0.099
588,	2,	615.986,			23.873,			0.099,			0.099,			24.443,			0.099,			0.099
589,	2,	616.514,			21.926,			0.099,			0.099,			22.181,			0.099,			0.099
590,	2,	616.964,			23.784,			0.099,			0.099,			22.932,			0.099,			0.099
591,	2,	617.095,			22.003,			0.1,			0.1,			23.287,			0.099,			0.099
592,	2,	617.848,			24.118,			0.1,			0.1,			23.252,			0.099,			0.099
593,	2,	617.997,			21.491,			0.099,			0.099,			24.194,			0.099,			0.099
594,	2,	618.74,			22.552,			0.099,			0.099,			22.302,			0.1,			0.099
595,	2,	620.266,			23.547,			0.1,			0.1,			21.571,			0.099,			0.1
596,	2,	620.29,			24.104,			0.099,			0.099,			21.817,			0.099,			0.099
597,	2,	621.725,			23.965,			0.099,			0.099,			21.492,			0.1,			0.099
598,	2,	624.344,			23.396,			0.099,			0.099,			22.601,			0.099,			0.099
599,	2,	626.515,			24.521,			0.099,			0.099,			24.281,			0.099,			0.099
600,	2,	626.572,			22.51,			0.099,			0.099,			22.644,			0.099,			0.099
601,	2,	627.646,			21.564,			0.099,			0.099,			22.096,			0.099,			0.099
602,	2,	629.066,			21.565,			0.099,			0.099,			23.318,			0.099,			0.099
603,	2,	631.362,			25.171,			0.099,			0.099,			23.693,			0.099,			0.099
604,	2,	631.778,			23.718,			0.099,			0.099,			24.704,			0.099,			0.099
605,	2,	631.861,			22.91,			0.099,			0.099,			22.757,			0.099,			0.099
606,	2,	633.127,			24.339,			0.099,			0.099,			23.784,			0.099,			0.099
607,	2,	633.769,			24.673,			0.099,			0.099,			23.77,			0.1,			0.1
608,	2,	636.125,			24.457,			0.099,			0.099,			22.679,			0.099,			0.099
609,	2,	638.234,			22.103,			0.099,			0.099,			22.198,			0.099,			0.099
610,	2,	638.455,			22.972,			0.099,			0.099,			21.875,			0.099,			0.099
611,	2,	640.809,			22.165,			0.099,			0.099,			24.255,			0.099,			0.099
612,	2,	641.619,			22.317,			0.099,			0.099,			21.892,			0.099,			0.099
613,	2,	642.006,			24.534,			0.099,			0.099,			22.961,			0.099,			0.099
614,	2,	643.02,			22.995,			0.1,			0.1,			23.277,			0.099,			0.099
615,	2,	644.078,			24.555,			0.099,			0.099,			22.393,			0.099,			0.099
616,	2,	644.112,			21.945,			0.099,			0.099,			21.778,			0.099,			0.099
617,	2,	645.737,			22.185,			0.099,			0.099,			24.108,			0.099,			0.099
618,	2,	645.928,			22.373,			0.099,			0.099,			21.934,			0.099,			0.099
619,	2,	646.359,			22.013,			0.099,			0.099,			22.004,			0.099,			0.099
620,	2,	646.928,			21.816,			0.099,			0.099,			22.766,			0.099,			0.099
621,	2,	648.146,			21.527,			0.099,			0.099,			23.33,			0.099,			0.099
622,	2,	650.021,			23.226,			0.099,			0.099,			21.713,			0.099,			0.099
623,	2,	650.735,			24.024,			0.1,			0.1,			22.841,			0.099,			0.099
624,	2,	653.676,			22.26,			0.099,			0.099,			24.969,			0.099,			0.099
625,	2,	654.045,			23.584,			0.099,			0.099,			22.159,			0.099,			0.1
626,	2,	654.205,			21.753,			0.099,			0.099,			21.808,			0.099,			0.099
627,	2,	655.074,			23.558,			0.099,			0.099,			23.639,			0.1,			0.099
628,	2,	657.872,			23.175,			0.099,			0.099,			22.904,			0.099,			0.099
629,	2,	658.099,			23.233,			0.099,			0.099,			21.466,			0.099,			0.099
630,	2,	658.558,			22.223,			0.099,			0.099,			23.611,			0.099,			0.099
631,	2,	658.763,			22.686,			0.099,			0.099,			22.532,			0.099,			0.099
632,	2,	658.992,			22.041,			0.099,			0.099,			23.979,			0.099,			0.099
633,	2,	659.165,			22.795,			0.099,			0.099,			21.662,			0.099,			0.099
634,	2,	659.655,			22.021,			0.099,			0.099,			21.686,			0.099,			0.099
635,	2,	659.805,			24.169,			0.099,			0.099,			24.195,			0.099,			0.099
636,	2,	660.979,			22.156,			0.099,			0.099,			21.892,			0.099,			0.099
637,	2,	661.431,			23.385,			0.099,			0.099,			23.141,			0.099,			0.099
638,	2,	662.321,			21.945,			0.099,			0.099,			21.695,			0.099,			0.1
639,	2,	662.398,			23.666,			0.099,			0.099,			24.76,			0.099,			0.099
640,	2,	663.552,			23.67,			0.099,			0.099,			21.892,			0.099,			0.099
641,	2,	667.23,			24.23,			0.099,			0.099,			23.784,			0.099,			0.099
642,	2,	668.837,			22.772,			0.099,			0.099,			21.869,			0.099,			0.099
643,	2,	669.342,			23.612,			0.099,			0.099,			22.87,			0.099,			0.099
644,	2,	671.501,			21.949,			0.099,			0.099,			22.394,			0.1,			0.099
645,	2,	672.042,			23.295,			0.099,			0.099,			21.696,			0.099,			0.099
646,	2,	674.333,			22.946,			0.1,			0.1,			24.066,			0.099,			0.099
647,	2,	676.661,			21.652,			0.099,			0.099,			23.592,			0.1,			0.099
648,	2,	677.278,			21.787,			0.099,			0.099,			23.671,			0.099,			0.099
649,	2,	677.341,			24.068,			0.099,			0.099,			23.18,			0.099,			0.099
650,	2,	678.244,			22.177,			0.099,			0.099,			24.366,			0.099,			0.099
651,	2,	678.396,			21.669,			0.099,			0.099,			21.809,			0.099,			0.1
652,	3,	678.921,			4.373,			0.541,			0.541,			10.576,			0.787,			0.855
653,	3,	679.052,			5.69,			1.414,			1.414,			6.145,			2.469,			2.064
654,	3,	679.229,			7.207,			1.998,			1.998,			3.046,			3.11,			0.967
655,	3,	679.239,			5.603,			1.961,			1.961,			1.679,			1.502,			0.738
656,	3,	679.269,			1.417,			0.918,			0.918,			3.787,			1.133,			0.929
657,	3,	679.3,			6.948,			3.563,			3.563,			3.133,			0.973,			1.194
658,	2,	679.403,			22.648,			0.099,			0.099,			21.514,			0.099,			0.099
659,	3,	679.421,			2.496,			1.527,			1.527,			12.383,			0.884,			0.884
660,	3,	679.495,			3.0,			0.89,			0.89,			3.028,			0.675,			0.615
661,	2,	679.664,			22.026,			0.099,			0.099,			23.023,			0.099,			0.099
662,	3,	679.752,			2.241,			1.273,			1.273,			3.743,			1.093,			2.167
663,	3,	679.756,			5.927,			1.117,			1.117,			7.115,			1.849,			1.966
664,	3,	679.783,			2.578,			1.605,			1.605,			1.591,			1.301,			1.53
665,	3,	679.793,			6.772,			2.911,			2.911,			2.765,			0.855,			1.107
666,	3,	679.982,			5.805,			0.748,			0.748,			5.572,			0.809,			1.5
667,	3,	680.159,			2.924,			0.748,			0.748,			4.501,			0.759,			1.366
668,	3,	680.169,			5.165,			1.535,			1.535,			13.779,			2.579,			1.301
669,	3,	680.278,			1.679,			0.557,			0.557,			2.31,			0.542,			0.627
670,	3,	680.397,			4.721,			1.301,			1.301,			1.818,			0.543,			3.167
671,	3,	680.442,			3.165,			1.604,			1.604,			13.827,			0.959,			1.232
672,	3,	680.492,			5.746,			0.918,			0.918,			8.012,			2.444,			3.191
673,	3,	680.588,			2.193,			0.701,			0.701,			3.223,			1.302,			1.822
674,	3,	680.712,			2.064,			3.422,			3.422,			11.794,			0.699,			0.666
675,	3,	680.889,			1.918,			1.166,			1.166,			3.219,			3.579,			2.165
676,	3,	681.009,			4.919,			2.27,			2.27,			9.84,			1.563,			0.902
677,	3,	681.013,			2.977,			1.117,			1.117,			5.388,			0.683,			3.225
678,	3,	681.018,			1.408,			1.943,			1.943,			3.501,			0.759,			0.781
679,	3,	681.473,			3.155,			2.838,			2.838,			2.296,			2.939,			1.723
680,	3,	681.489,			5.094,			1.76,			1.76,			2.831,			0.914,			2.873
681,	3,	681.542,			4.083,			1.279,			1.279,			2.197,			2.989,			1.403
682,	3,	681.924,			2.304,			0.731,			0.731,			2.838,			1.452,			1.849
683,	3,	682.036,			7.286,			1.257,			1.257,			6.126,			1.208,			1.663
684,	3,	682.047,			6.477,			2.811,			2.811,			5.106,			0.677,			0.675
685,	3,	682.138,			6.317,			1.429,			1.429,			4.146,			1.212,			1.783
686,	3,	682.29,			4.166,			1.145,			1.145,			11.794,			3.336,			1.96
687,	3,	682.294,			8.022,			1.605,			1.605,			2.15,			2.236,			1.232
688,	3,	682.312,			2.015,			2.561,			2.561,			2.127,			2.908,			1.597
689,	2,	682.435,			22.56,			0.099,			0.099,			21.883,			0.099,			0.099
690,	2,	682.686,			24.458,			0.099,			0.099,			22.465,			0.099,			0.099
691,	3,	682.742,			1.955,			3.112,			3.112,			4.107,			2.213,			1.301
692,	3,	683.013,			3.223,			1.178,			1.178,			4.289,			2.998,			1.953
693,	2,	683.061,			23.13,			0.099,			0.099,			21.618,			0.099,			0.099
694,	3,	683.063,			3.234,			0.614,			0.614,			3.288,			1.642,			2.359
695,	3,	683.089,			3.279,			0.844,			0.844,			10.361,			1.236,			1.494
696,	3,	683.099,			3.903,			0.975,			0.975,			5.444,			1.587,			0.615
697,	3,	683.262,			7.584,			3.424,			3.424,			5.671,			1.682,			0.731
698,	3,	683.313,			8.05,			3.009,			3.009,			5.685,			1.96,			2.952
699,	3,	683.339,			11.51,			0.687,			0.687,			2.206,			0.767,			1.701
700,	3,	683.471,			10.171,			1.124,			1.124,			1.874,			1.336,			0.988
701,	3,	683.647,			12.565,			1.14,			1.14,			2.446,			1.838,			1.345
702,	3,	683.932,			6.447,			1.21,			1.21,			2.737,			1.156,			1.682
703,	3,	684.045,			6.07,			0.819,			0.819,			3.036,			2.429,			1.19
704,	3,	684.103,			6.082,			0.93,			0.93,			5.61,			0.787,			1.658
705,	3,	684.167,			2.229,			0.47,			0.47,			3.911,			2.811,			0.832
706,	3,	684.346,			5.89,			0.697,			0.697,			3.943,			1.263,			2.139
707,	3,	684.425,			3.851,			0.993,			0.993,			12.713,			0.796,			1.613
708,	3,	684.491,			2.611,			2.213,			2.213,			8.408,			1.484,			2.943
709,	3,	684.503,			3.004,			1.296,			1.296,			4.507,			1.189,			1.976
710,	3,	684.57,			3.929,			0.683,			0.683,			3.752,			0.959,			0.905
711,	3,	684.639,			13.39,			3.151,			3.151,			3.756,			1.522,			3.169
712,	2,	684.688,			22.741,			0.099,			0.099,			22.212,			0.099,			0.099
713,	3,	684.777,			2.197,			1.085,			1.085,			3.223,			1.531,			1.872
714,	3,	684.815,			2.15,			0.567,			0.567,			3.902,			1.072,			1.637
715,	3,	684.972,			7.338,			0.837,			0.837,			4.2,			1.217,			2.845
716,	3,	684.99,			1.594,			2.199,			2.199,			6.764,			3.415,			1.646
717,	3,	685.098,			8.012,			1.189,			1.189,			4.115,			1.09,			2.427
718,	3,	685.129,			11.821,			3.488,			3.488,			4.825,			3.343,			1.737
719,	3,	685.14,			1.591,			0.809,			0.809,			2.023,			0.832,			1.615
720,	3,	685.186,			4.129,			2.4,			2.4,			7.141,			2.105,			2.908
721,	3,	685.311,			6.093,			1.365,			1.365,			4.718,			3.465,			0.912
722,	3,	685.397,			6.312,			1.688,			1.688,			3.649,			2.05,			0.987
723,	3,	685.504,			9.84,			1.011,			1.011,			4.422,			0.935,			1.21
724,	3,	685.858,			11.794,			1.32,			1.32,			6.447,			1.107,			1.01
725,	3,	685.895,			5.915,			1.723,			1.723,			1.591,			0.797,			1.145
726,	3,	686.027,			1.962,			1.212,			1.212,			4.776,			1.425,			2.384
727,	3,	686.049,			3.297,			0.729,			0.729,			2.687,			1.301,			0.952
728,	3,	686.054,			2.64,			1.737,			1.737,			4.735,			2.998,			0.74
729,	3,	686.237,			4.289,			1.241,			1.241,			12.508,			1.446,			0.947
730,	3,	686.239,			3.12,			1.587,			1.587,			13.409,			3.239,			2.838
731,	3,	686.628,			3.75,			2.092,			2.092,			4.933,			1.787,			1.085
732,	3,	686.628,			12.475,			0.657,			0.657,			3.645,			1.961,			1.373
733,	3,	686.651,			2.637,			0.836,			0.836,			4.055,			0.699,			1.336
734,	3,	686.776,			3.134,			2.845,			2.845,			8.652,			1.709,			1.212
735,	3,	686.798,			4.378,			1.671,			1.671,			6.358,			0.747,			1.915
736,	3,	686.843,			6.081,			1.924,			1.924,			11.548,			0.6,			1.446
737,	3,	686.856,			2.193,			1.597,			1.597,			7.735,			0.636,			1.646
738,	3,	686.888,			8.164,			1.452,			1.452,			2.977,			1.254,			2.873
739,	3,	687.014,			2.662,			0.68,			0.68,			2.952,			0.541,			0.701
740,	3,	687.058,			2.573,			0.836,			0.836,			5.106,			0.666,			0.689
741,	3,	687.102,			7.304,			0.987,			0.987,			3.1,			2.27,			1.065
742,	3,	687.277,			8.652,			1.563,			1.563,			12.36,			1.425,			1.082
743,	3,	687.344,			4.32,			1.618,			1.618,			3.357,			1.065,			0.661
744,	3,	687.376,			3.626,			1.46,			1.46,			2.197,			1.231,			0.607
745,	2,	687.496,			24.774,			0.099,			0.099,			21.9,			0.099,			0.099
746,	3,	687.499,			11.941,			2.392,			2.392,			12.36,			1.74,			0.533
747,	3,	687.503,			6.086,			1.454,			1.454,			3.781,			1.551,			2.048
748,	2,	687.561,			21.518,			0.099,			0.099,			22.668,			0.099,			0.099
749,	3,	687.566,			2.268,			0.954,			0.954,			3.284,			2.717,			0.959
750,	3,	687.659,			10.331,			2.445,			2.445,			8.387,			3.294,			1.044
751,	2,	687.681,			24.902,			0.099,			0.099,			22.263,			0.099,			0.099
752,	3,	687.789,			1.679,			1.098,			1.098,			9.144,			1.615,			1.293
753,	2,	689.524,			21.627,			0.099,			0.099,			21.491,			0.099,			0.099
754,	2,	690.211,			23.726,			0.099,			0.099,			21.753,			0.099,			0.099
755,	2,	690.528,			21.703,			0.099,			0.099,			21.692,			0.099,			0.099
756,	2,	690.673,			22.473,			0.1,			0.1,			21.645,			0.099,			0.099
757,	2,	691.026,			22.25,			0.099,			0.099,			21.824,			0.099,			0.099
758,	2,	691.449,			23.029,			0.1,			0.1,			23.199,			0.099,			0.099
759,	2,	692.075,			22.46,			0.099,			0.099,			22.211,			0.099,			0.099
760,	2,	692.786,			22.161,			0.1,			0.1,			23.511,			0.099,			0.099
761,	2,	693.424,			23.118,			0.099,			0.099,			24.088,			0.099,			0.1
762,	2,	693.579,			24.802,			0.099,			0.099,			25.016,			0.099,			0.099
763,	2,	694.39,			21.809,			0.099,			0.099,			21.317,			0.099,			0.099
764,	2,	694.902,			22.759,			0.099,			0.099,			22.37,			0.099,			0.099
765,	2,	695.408,			21.681,			0.099,			0.099,			21.885,			0.1,			0.099
766,	2,	699.673,			22.496,			0.099,			0.099,			24.881,			0.099,			0.099
767,	2,	700.874,			24.578,			0.099,			0.099,			23.089,			0.099,			0.099
768,	2,	702.05,			22.099,			0.099,			0.099,			22.267,			0.099,			0.099
769,	2,	705.164,			24.193,			0.1,			0.1,			21.738,			0.099,			0.099
770,	2,	705.568,			22.068,			0.099,			0.099,			21.463,			0.099,			0.099
771,	2,	706.857,			21.558,			0.099,			0.099,			21.89,			0.099,			0.099
772,	2,	707.979,			24.843,			0.099,			0.099,			21.731,			0.099,			0.099
773,	2,	708.247,			24.024,			0.099,			0.099,			21.805,			0.099,			0.099
774,	2,	710.188,			22.536,			0.099,			0.099,			21.487,			0.099,			0.099
775,	2,	710.414,			23.35,			0.099,			0.099,			22.067,			0.099,			0.1
776,	2,	711.804,			24.374,			0.1,			0.1,			21.788,			0.099,			0.099
777,	2,	712.173,			21.639,			0.099,			0.099,			22.233,			0.099,			0.1
778,	2,	713.544,			22.779,			0.099,			0.099,			21.613,			0.099,			0.099
779,	2,	713.797,			22.352,			0.1,			0.1,			24.929,			0.099,			0.1
780,	2,	715.096,			22.406,			0.1,			0.1,			24.211,			0.099,			0.099
781,	2,	718.287,			22.625,			0.099,			0.099,			21.738,			0.099,			0.099
782,	2,	719.627,			21.954,			0.099,			0.099,			21.821,			0.1,			0.099
783,	2,	720.107,			23.612,			0.1,			0.1,			22.132,			0.099,			0.1
784,	2,	720.393,			21.471,			0.099,			0.099,			22.532,			0.1,			0.099
785,	2,	725.728,			23.381,			0.099,			0.099,			24.607,			0.099,			0.099
786,	2,	725.907,			23.955,			0.099,			0.099,			21.902,			0.1,			0.099
787,	2,	726.314,			23.295,			0.099,			0.099,			23.683,			0.099,			0.099
788,	2,	726.601,			21.657,			0.099,			0.099,			22.035,			0.099,			0.099
789,	2,	726.854,			21.883,			0.099,			0.099,			21.485,			0.099,			0.099
790,	2,	728.191,			24.933,			0.099,			0.099,			22.155,			0.099,			0.099
791,	2,	728.289,			22.513,			0.1,			0.1,			22.5,			0.099,			0.099
792,	2,	728.512,			21.584,			0.099,			0.099,			23.664,			0.099,			0.099
793,	2,	728.587,			22.353,			0.099,			0.099,			24.136,			0.099,			0.1
794,	2,	729.12,			22.397,			0.099,			0.099,			22.891,			0.099,			0.099
795,	2,	731.95,			21.657,			0.099,			0.099,			22.972,			0.099,			0.099
796,	2,	733.652,			21.89,			0.099,			0.099,			21.564,			0.099,			0.099
797,	2,	734.261,			21.579,			0.099,			0.099,			22.348,			0.099,			0.099
798,	2,	734.819,			23.988,			0.099,			0.099,			23.322,			0.1,			0.1
799,	2,	735.47,			23.17,			0.099,			0.099,			24.74,			0.099,			0.1
800,	2,	737.524,			23.381,			0.1,			0.1,			22.9,			0.099,			0.1
801,	1,	739.198,			2.056,			0.909,			0.909,			1.111,			1.161,			0.688
802,	1,	739.974,			2.114,			1.405,			1.405,			1.514,			0.948,			1.222
803,	2,	740.033,			22.878,			0.099,			0.099,			23.735,			0.1,			0.099
804,	2,	741.474,			22.243,			0.099,			0.099,			21.754,			0.099,			0.1
805,	1,	742.3,			1.154,			0.924,			0.924,			1.467,			1.252,			0.918
806,	1,	744.407,			1.418,			0.874,			0.874,			2.002,			0.939,			1.335
807,	2,	744.869,			23.217,			0.099,			0.099,			23.914,			0.099,			0.099
808,	1,	745.806,			1.444,			0.858,			0.858,			1.249,			1.086,			0.884
809,	1,	747.11,			2.149,			0.922,			0.922,			1.265,			0.935,			0.948
810,	2,	747.557,			21.843,			0.099,			0.099,			23.72,			0.1,			0.099
811,	2,	747.929,			21.947,			0.099,			0.099,			24.629,			0.099,			0.099
812,	2,	754.736,			23.483,			0.099,			0.099,			22.427,			0.099,			0.099
813,	2,	757.079,			24.907,			0.099,			0.099,			21.706,			0.099,			0.099
814,	2,	758.555,			22.914,			0.099,			0.099,			22.499,			0.099,			0.099
815,	2,	758.575,			23.22,			0.099,			0.099,			24.079,			0.099,			0.099
816,	2,	760.036,			22.589,			0.099,			0.099,			24.029,			0.099,			0.099
817,	2,	760.285,			22.978,			0.099,			0.099,			22.218,			0.099,			0.099
818,	2,	760.387,			22.186,			0.099,			0.099,			23.34,			0.099,			0.099
819,	2,	761.365,			22.477,			0.099,			0.099,			23.935,			0.099,			0.099
820,	2,	761.719,			21.835,			0.099,			0.099,			22.422,			0.1,			0.1
821,	2,	761.751,			22.231,			0.099,			0.099,			23.947,			0.099,			0.099
822,	2,	767.321,			23.246,			0.099,			0.099,			22.109,			0.099,			0.099
823,	2,	767.929,			21.747,			0.099,			0.099,			24.137,			0.099,			0.099
824,	2,	770.739,			22.532,			0.1,			0.1,			22.126,			0.099,			0.099
825,	2,	771.068,			21.835,			0.099,			0.099,			21.689,			0.099,			0.099
826,	2,	771.885,			22.357,			0.099,			0.099,			21.686,			0.099,			0.099
827,	2,	772.455,			23.714,			0.099,			0.099,			21.756,			0.099,			0.099
828,	2,	772.671,			24.029,			0.099,			0.099,			22.536,			0.099,			0.099
829,	2,	776.495,			21.469,			0.099,			0.099,			24.616,			0.099,			0.099
830,	2,	776.536,			22.141,			0.1,			0.1,			21.427,			0.099,			0.1
831,	2,	777.465,			24.1,			0.099,			0.099,			21.752,			0.099,			0.099
832,	2,	777.794,			23.462,			0.1,			0.1,			24.128,			0.099,			0.099
833,	2,	778.306,			23.158,			0.099,			0.099,			22.768,			0.1,			0.099
834,	2,	781.967,			23.149,			0.099,			0.099,			22.884,			0.099,			0.099
835,	2,	783.235,			23.413,			0.099,			0.099,			23.423,			0.099,			0.099
836,	2,	783.263,			22.881,			0.099,			0.099,			23.37,			0.099,			0.099
837,	2,	783.569,			22.552,			0.099,			0.099,			23.871,			0.099,			0.099
838,	2,	783.772,			21.466,			0.099,			0.099,			22.238,			0.099,			0.099
839,	2,	787.499,			21.813,			0.1,			0.1,			21.768,			0.099,			0.099
840,	2,	789.154,			22.979,			0.1,			0.1,			23.415,			0.1,			0.1
841,	2,	789.449,			22.233,			0.099,			0.099,			22.8,			0.099,			0.099
842,	2,	789.842,			23.836,			0.099,			0.099,			21.757,			0.099,			0.099
843,	2,	790.26,			21.988,			0.099,			0.099,			23.558,			0.099,			0.099
844,	2,	791.045,			24.235,			0.099,			0.099,			22.146,			0.099,			0.099
845,	2,	792.742,			24.279,			0.099,			0.099,			23.22,			0.099,			0.099
846,	2,	793.123,			23.494,			0.099,			0.099,			22.05,			0.099,			0.099
847,	2,	793.595,			22.048,			0.099,			0.099,			24.339,			0.099,			0.099
848,	2,	794.188,			22.39,			0.099,			0.099,			24.443,			0.099,			0.099
849,	2,	794.994,			24.201,			0.099,			0.099,			21.604,			0.1,			0.099
850,	2,	795.699,			22.559,			0.099,			0.099,			23.734,			0.099,			0.099
851,	2,	797.707,			21.81,			0.1,			0.1,			22.203,			0.099,			0.099
852,	2,	799.227,			22.279,			0.099,			0.099,			22.233,			0.1,			0.1
853,	2,	799.634,			21.937,			0.099,			0.099,			21.864,			0.099,			0.1
854,	2,	800.543,			21.85,			0.099,			0.099,			21.635,			0.099,			0.099
855,	2,	802.001,			22.856,			0.099,			0.099,			21.865,			0.1,			0.099
856,	2,	803.251,			24.062,			0.099,			0.099,			22.076,			0.099,			0.1
857,	2,	804.4,			22.614,			0.099,			0.099,			24.019,			0.099,			0.099
858,	2,	807.935,			21.78,			0.1,			0.1,			22.614,			0.099,			0.099
859,	2,	808.074,			22.188,			0.099,			0.099,			23.181,			0.099,			0.099
860,	2,	811.802,			21.472,			0.099,			0.099,			23.201,			0.1,			0.099
861,	2,	815.534,			23.241,			0.099,			0.099,			21.999,			0.099,			0.099
862,	2,	816.12,			25.117,			0.099,			0.099,			21.821,			0.1,			0.099
863,	2,	816.723,			23.611,			0.099,			0.099,			21.949,			0.099,			0.1
864,	2,	817.983,			22.214,			0.099,			0.099,			21.87,			0.099,			0.099
865,	2,	818.98,			21.583,			0.099,			0.099,			21.763,			0.1,			0.099
866,	2,	819.905,			24.196,			0.099,			0.099,			22.316,			0.099,			0.099
867,	2,	820.44,			24.469,			0.1,			0.1,			21.556,			0.099,			0.099
868,	2,	821.417,			23.156,			0.099,			0.099,			22.394,			0.099,			0.099
869,	2,	821.725,			24.05,			0.1,			0.1,			24.119,			0.099,			0.099
870,	2,	822.138,			24.471,			0.099,			0.099,			23.246,			0.099,			0.099
871,	2,	824.061,			23.355,			0.099,			0.099,			22.11,			0.099,			0.099
872,	2,	826.377,			22.465,			0.099,			0.099,			21.787,			0.1,			0.1
873,	2,	828.538,			22.151,			0.099,			0.099,			22.503,			0.099,			0.099
874,	2,	828.783,			22.87,			0.099,			0.099,			22.041,			0.099,			0.099
875,	2,	829.104,			21.778,			0.099,			0.099,			22.15,			0.099,			0.099
876,	2,	829.167,			22.361,			0.099,			0.099,			21.951,			0.099,			0.099
877,	2,	829.866,			21.81,			0.1,			0.1,			24.74,			0.099,			0.099
878,	2,	831.91,			24.047,			0.099,			0.099,			22.924,			0.099,			0.099
879,	2,	831.983,			22.377,			0.099,			0.099,			23.67,			0.1,			0.099
880,	2,	835.87,			24.912,			0.099,			0.099,			21.935,			0.099,			0.1
881,	2,	836.816,			22.3,			0.099,			0.099,			24.393,			0.099,			0.099
882,	2,	838.28,			23.76,			0.099,			0.099,			22.328,			0.099,			0.099
883,	2,	838.291,			24.051,			0.1,			0.1,			22.028,			0.099,			0.099
884,	2,	839.041,			23.257,			0.099,			0.099,			21.865,			0.099,			0.099
885,	2,	840.957,			21.945,			0.099,			0.099,			21.717,			0.099,			0.099
886,	2,	841.534,			24.279,			0.099,			0.099,			22.381,			0.099,			0.099
887,	2,	842.313,			21.618,			0.1,			0.1,			22.432,			0.099,			0.099
888,	2,	842.965,			22.22,			0.099,			0.099,			23.442,			0.099,			0.1
889,	2,	843.243,			21.809,			0.099,			0.099,			21.522,			0.099,			0.099
890,	2,	844.653,			23.827,			0.1,			0.1,			22.933,			0.099,			0.1
891,	2,	844.953,			21.612,			0.099,			0.099,			22.876,			0.099,			0.099
892,	2,	845.004,			25.105,			0.1,			0.1,			21.619,			0.099,			0.1
893,	2,	845.61,			24.044,			0.1,			0.1,			24.062,			0.099,			0.099
894,	2,	846.055,			22.594,			0.099,			0.099,			21.752,			0.099,			0.099
895,	2,	846.627,			22.219,			0.1,			0.1,			21.427,			0.099,			0.099
896,	2,	847.141,			23.537,			0.099,			0.099,			22.9,			0.099,			0.099
897,	2,	847.993,			24.309,			0.099,			0.099,			21.85,			0.099,			0.099
898,	2,	848.625,			22.566,			0.099,			0.099,			22.231,			0.1,			0.099
899,	2,	849.06,			22.996,			0.099,			0.099,			21.78,			0.099,			0.099
900,	2,	849.456,			22.302,			0.099,			0.099,			24.26,			0.099,			0.099
901,	2,	849.741,			23.7,			0.099,			0.099,			24.855,			0.099,			0.1
902,	2,	849.968,			22.425,			0.099,			0.099,			21.645,			0.099,			0.099
903,	2,	849.998,			24.011,			0.099,			0.099,			23.246,			0.099,			0.099
904,	2,	850.673,			21.697,			0.099,			0.099,			22.745,			0.099,			0.099
905,	2,	851.982,			22.432,			0.099,			0.099,			22.171,			0.099,			0.099
906,	2,	852.608,			24.933,			0.099,			0.099,			22.818,			0.099,			0.099
907,	2,	853.015,			21.768,			0.099,			0.099,			22.397,			0.099,			0.099
908,	2,	853.738,			23.713,			0.1,			0.1,			24.019,			0.099,			0.099
909,	2,	853.849,			22.799,			0.099,			0.099,			24.182,			0.1,			0.099
910,	2,	853.866,			24.61,			0.1,			0.1,			23.287,			0.1,			0.1
911,	2,	855.213,			21.864,			0.1,			0.1,			22.973,			0.099,			0.099
912,	2,	856.823,			23.055,			0.099,			0.099,			22.291,			0.099,			0.099
913,	2,	857.839,			21.928,			0.099,			0.099,			22.607,			0.099,			0.099
914,	2,	858.265,			21.816,			0.099,			0.099,			21.708,			0.1,			0.099
915,	2,	860.418,			22.058,			0.099,			0.099,			21.797,			0.099,			0.099
916,	2,	860.695,			24.307,			0.1,			0.1,			21.662,			0.099,			0.1
917,	2,	862.557,			23.199,			0.099,			0.099,			22.065,			0.099,			0.099
918,	2,	863.033,			21.814,			0.099,			0.099,			22.119,			0.099,			0.099
919,	2,	863.076,			22.439,			0.099,			0.099,			23.718,			0.099,			0.099
920,	2,	864.437,			21.304,			0.099,			0.099,			24.227,			0.099,			0.099
921,	2,	865.135,			23.027,			0.099,			0.099,			23.307,			0.099,			0.099
922,	2,	866.845,			23.868,			0.099,			0.099,			23.726,			0.099,			0.1
923,	2,	868.402,			23.086,			0.099,			0.099,			22.878,			0.099,			0.099
924,	2,	868.654,			22.894,			0.1,			0.1,			22.961,			0.099,			0.099
925,	2,	869.168,			22.916,			0.099,			0.099,			21.664,			0.099,			0.099
926,	2,	872.394,			23.013,			0.099,			0.099,			22.012,			0.099,			0.099
927,	2,	873.007,			24.442,			0.099,			0.099,			23.946,			0.1,			0.1
928,	2,	874.56,			22.538,			0.1,			0.1,			22.073,			0.099,			0.099
929,	2,	874.995,			22.068,			0.099,			0.099,			23.503,			0.099,			0.099
930,	2,	875.985,			24.61,			0.099,			0.099,			24.468,			0.099,			0.099
931,	2,	876.908,			21.323,			0.099,			0.099,			21.699,			0.099,			0.099
932,	2,	877.778,			24.279,			0.099,			0.099,			22.357,			0.099,			0.099
933,	2,	879.332,			23.224,			0.099,			0.099,			23.845,			0.099,			0.099
934,	2,	883.431,			21.756,			0.1,			0.1,			21.954,			0.099,			0.099
935,	2,	883.518,			21.841,			0.099,			0.099,			22.411,			0.099,			0.099
936,	2,	885.32,			23.7,			0.099,			0.099,			22.532,			0.099,			0.099
937,	2,	885.78,			22.326,			0.099,			0.099,			23.275,			0.099,			0.099
938,	2,	886.579,			21.902,			0.1,			0.1,			22.088,			0.099,			0.099
939,	2,	886.999,			22.013,			0.099,			0.099,			22.181,			0.099,			0.099
940,	2,	890.671,			22.111,			0.1,			0.1,			22.546,			0.099,			0.099
941,	2,	891.144,			23.39,			0.099,			0.099,			21.866,			0.099,			0.099
942,	2,	891.528,			21.662,			0.099,			0.099,			24.116,			0.1,			0.099
943,	2,	892.973,			23.069,			0.099,			0.099,			22.348,			0.099,			0.099
944,	2,	893.47,			21.902,			0.099,			0.099,			22.241,			0.099,			0.099
945,	2,	893.89,			22.437,			0.1,			0.1,			21.687,			0.099,			0.099
946,	2,	895.071,			24.7,			0.099,			0.099,			24.503,			0.099,			0.099
947,	2,	895.643,			22.4,			0.099,			0.099,			21.625,			0.099,			0.099
948,	2,	896.621,			21.872,			0.099,			0.099,			21.485,			0.099,			0.099
949,	2,	898.843,			21.999,			0.099,			0.099,			23.39,			0.099,			0.099
950,	2,	898.888,			22.817,			0.099,			0.099,			21.74,			0.099,			0.099
