#, task_type_id, arrival_time,	estimated_time_t2xlarge,	estimated_time_g3sxlarge,	estimated_time_CLOUD,	execution_time_t2xlarge,	execution_time_g3sxlarge,	execution_time_CLOUD
1,	2,	0.652,			23.308,			0.1,			0.1,			21.642,			0.099,			0.099
2,	2,	1.632,			22.044,			0.099,			0.099,			24.295,			0.099,			0.099
3,	2,	1.789,			22.259,			0.099,			0.099,			22.41,			0.1,			0.099
4,	2,	4.393,			24.066,			0.1,			0.1,			22.371,			0.099,			0.1
5,	2,	4.987,			21.808,			0.099,			0.099,			23.875,			0.099,			0.099
6,	2,	5.152,			22.692,			0.099,			0.099,			22.065,			0.099,			0.099
7,	2,	5.954,			22.426,			0.099,			0.099,			22.555,			0.099,			0.099
8,	2,	6.783,			23.41,			0.1,			0.1,			22.019,			0.099,			0.099
9,	2,	7.325,			21.564,			0.099,			0.099,			23.272,			0.099,			0.099
10,	2,	9.649,			23.04,			0.1,			0.1,			23.343,			0.099,			0.1
11,	2,	9.798,			22.594,			0.099,			0.099,			24.073,			0.099,			0.099
12,	2,	10.577,			21.78,			0.099,			0.099,			22.232,			0.099,			0.099
13,	2,	12.246,			23.385,			0.099,			0.099,			24.988,			0.099,			0.099
14,	2,	14.911,			21.659,			0.099,			0.099,			22.589,			0.099,			0.099
15,	2,	14.935,			23.4,			0.099,			0.099,			23.793,			0.099,			0.099
16,	2,	16.616,			23.574,			0.099,			0.099,			23.354,			0.099,			0.099
17,	2,	17.657,			23.714,			0.099,			0.099,			23.36,			0.099,			0.099
18,	2,	21.654,			23.245,			0.099,			0.099,			23.339,			0.099,			0.099
19,	2,	22.053,			21.942,			0.099,			0.099,			23.006,			0.099,			0.099
20,	2,	24.838,			21.665,			0.099,			0.099,			22.854,			0.099,			0.099
21,	2,	24.965,			22.88,			0.099,			0.099,			22.482,			0.099,			0.1
22,	2,	25.918,			23.289,			0.099,			0.099,			22.017,			0.099,			0.099
23,	2,	26.189,			23.435,			0.099,			0.099,			22.051,			0.099,			0.099
24,	2,	27.38,			24.183,			0.099,			0.099,			22.055,			0.1,			0.099
25,	2,	28.088,			24.79,			0.099,			0.099,			22.058,			0.099,			0.099
26,	2,	28.236,			22.197,			0.099,			0.099,			22.679,			0.099,			0.1
27,	2,	28.437,			21.555,			0.099,			0.099,			22.14,			0.099,			0.099
28,	2,	29.522,			22.668,			0.099,			0.099,			23.269,			0.099,			0.099
29,	2,	29.561,			23.029,			0.099,			0.099,			21.89,			0.099,			0.099
30,	2,	30.977,			21.414,			0.099,			0.099,			22.433,			0.1,			0.099
31,	2,	35.157,			24.774,			0.099,			0.099,			23.39,			0.099,			0.099
32,	2,	35.999,			23.97,			0.099,			0.099,			24.196,			0.099,			0.099
33,	2,	36.806,			21.832,			0.099,			0.099,			22.852,			0.099,			0.099
34,	2,	37.329,			23.816,			0.099,			0.099,			21.898,			0.099,			0.099
35,	2,	39.71,			23.659,			0.099,			0.099,			21.436,			0.1,			0.1
36,	2,	41.516,			22.414,			0.099,			0.099,			22.517,			0.1,			0.1
37,	2,	41.609,			21.851,			0.099,			0.099,			23.488,			0.1,			0.099
38,	2,	41.655,			21.819,			0.099,			0.099,			22.611,			0.099,			0.099
39,	2,	42.901,			22.306,			0.099,			0.099,			22.323,			0.099,			0.099
40,	2,	44.871,			23.765,			0.099,			0.099,			23.467,			0.099,			0.099
41,	2,	45.203,			22.003,			0.099,			0.099,			21.913,			0.099,			0.099
42,	2,	45.335,			21.78,			0.099,			0.099,			22.168,			0.099,			0.099
43,	2,	45.737,			22.743,			0.099,			0.099,			22.51,			0.099,			0.099
44,	2,	47.132,			22.43,			0.099,			0.099,			22.813,			0.099,			0.099
45,	2,	47.5,			22.126,			0.099,			0.099,			22.015,			0.099,			0.1
46,	2,	48.471,			21.88,			0.099,			0.099,			23.234,			0.099,			0.099
47,	2,	48.87,			23.341,			0.099,			0.099,			24.279,			0.1,			0.099
48,	2,	48.931,			22.72,			0.099,			0.099,			23.062,			0.099,			0.099
49,	2,	49.085,			22.164,			0.099,			0.099,			21.782,			0.099,			0.099
50,	2,	52.088,			21.75,			0.1,			0.1,			24.132,			0.099,			0.099
51,	2,	53.286,			22.302,			0.099,			0.099,			21.904,			0.099,			0.099
52,	2,	53.901,			24.877,			0.099,			0.099,			23.999,			0.099,			0.099
53,	2,	55.584,			24.831,			0.1,			0.1,			23.526,			0.099,			0.099
54,	2,	55.734,			22.018,			0.099,			0.099,			22.164,			0.099,			0.099
55,	2,	56.165,			24.27,			0.099,			0.099,			23.104,			0.099,			0.099
56,	2,	57.586,			22.035,			0.099,			0.099,			23.598,			0.099,			0.099
57,	2,	59.442,			22.259,			0.099,			0.099,			24.476,			0.099,			0.099
58,	2,	59.791,			23.123,			0.099,			0.099,			23.955,			0.099,			0.099
59,	2,	61.448,			21.583,			0.099,			0.099,			24.044,			0.1,			0.099
60,	2,	62.169,			21.721,			0.1,			0.1,			24.701,			0.099,			0.099
61,	2,	64.957,			24.141,			0.099,			0.099,			21.865,			0.099,			0.099
62,	2,	65.802,			23.005,			0.099,			0.099,			21.706,			0.099,			0.099
63,	2,	65.938,			23.685,			0.099,			0.099,			23.531,			0.099,			0.099
64,	2,	65.991,			23.141,			0.099,			0.099,			21.973,			0.099,			0.099
65,	2,	67.064,			24.39,			0.099,			0.099,			21.944,			0.1,			0.099
66,	2,	67.266,			22.95,			0.1,			0.1,			23.355,			0.099,			0.099
67,	2,	67.985,			21.841,			0.099,			0.099,			21.915,			0.099,			0.099
68,	2,	69.505,			22.337,			0.099,			0.099,			21.68,			0.099,			0.099
69,	2,	70.873,			22.417,			0.099,			0.099,			23.555,			0.099,			0.099
70,	2,	71.899,			21.731,			0.099,			0.099,			22.121,			0.099,			0.099
71,	2,	72.379,			25.135,			0.099,			0.099,			22.147,			0.099,			0.099
72,	2,	72.473,			21.825,			0.099,			0.099,			22.517,			0.099,			0.099
73,	2,	72.73,			22.403,			0.099,			0.099,			21.809,			0.099,			0.099
74,	2,	72.757,			22.995,			0.099,			0.099,			22.206,			0.099,			0.1
75,	2,	73.217,			22.19,			0.099,			0.099,			25.178,			0.099,			0.099
76,	2,	73.88,			21.915,			0.099,			0.099,			22.979,			0.099,			0.099
77,	2,	73.985,			23.682,			0.099,			0.099,			21.385,			0.1,			0.099
78,	2,	74.727,			24.681,			0.099,			0.099,			24.201,			0.1,			0.099
79,	2,	74.818,			22.852,			0.099,			0.099,			22.217,			0.099,			0.099
80,	2,	76.516,			23.512,			0.099,			0.099,			24.098,			0.1,			0.099
81,	2,	77.292,			25.18,			0.099,			0.099,			21.996,			0.1,			0.099
82,	2,	78.647,			21.9,			0.099,			0.099,			21.878,			0.099,			0.099
83,	2,	78.923,			23.688,			0.099,			0.099,			23.526,			0.1,			0.1
84,	2,	79.284,			22.493,			0.099,			0.099,			21.613,			0.099,			0.099
85,	2,	80.361,			22.757,			0.099,			0.099,			24.08,			0.099,			0.1
86,	2,	81.52,			24.187,			0.099,			0.099,			23.046,			0.099,			0.099
87,	2,	82.618,			24.051,			0.099,			0.099,			21.906,			0.099,			0.1
88,	2,	83.121,			21.782,			0.099,			0.099,			21.531,			0.099,			0.099
89,	2,	84.113,			22.197,			0.099,			0.099,			24.088,			0.099,			0.099
90,	2,	85.642,			21.803,			0.099,			0.099,			22.396,			0.099,			0.099
91,	2,	85.9,			23.904,			0.099,			0.099,			25.022,			0.099,			0.099
92,	2,	92.524,			22.396,			0.1,			0.1,			23.81,			0.099,			0.099
93,	2,	94.16,			23.457,			0.099,			0.099,			22.009,			0.099,			0.099
94,	2,	94.858,			23.551,			0.099,			0.099,			22.313,			0.099,			0.099
95,	2,	94.885,			21.747,			0.099,			0.099,			21.662,			0.099,			0.099
96,	2,	96.888,			23.629,			0.099,			0.099,			22.314,			0.1,			0.099
97,	2,	97.198,			23.77,			0.099,			0.099,			22.099,			0.099,			0.099
98,	2,	103.25,			21.554,			0.099,			0.099,			22.738,			0.099,			0.099
99,	2,	105.834,			22.134,			0.1,			0.1,			24.242,			0.099,			0.099
100,	2,	106.0,			22.555,			0.1,			0.1,			24.263,			0.099,			0.099
101,	2,	107.52,			23.907,			0.099,			0.099,			22.46,			0.099,			0.099
102,	2,	109.26,			22.637,			0.099,			0.099,			21.72,			0.099,			0.099
103,	2,	113.093,			23.888,			0.099,			0.099,			22.545,			0.099,			0.099
104,	2,	113.301,			24.492,			0.1,			0.1,			22.404,			0.099,			0.099
105,	2,	114.161,			22.164,			0.1,			0.1,			22.506,			0.099,			0.099
106,	2,	115.089,			22.442,			0.099,			0.099,			23.005,			0.099,			0.099
107,	2,	115.093,			23.541,			0.099,			0.099,			23.659,			0.099,			0.099
108,	2,	116.845,			22.348,			0.099,			0.099,			21.899,			0.099,			0.099
109,	2,	117.693,			23.269,			0.099,			0.099,			23.355,			0.099,			0.099
110,	2,	118.319,			22.084,			0.099,			0.099,			22.151,			0.099,			0.099
111,	2,	118.654,			22.198,			0.099,			0.099,			22.527,			0.099,			0.099
112,	2,	119.971,			21.665,			0.099,			0.099,			23.285,			0.1,			0.1
113,	2,	121.134,			22.309,			0.099,			0.099,			22.431,			0.099,			0.099
114,	2,	123.86,			24.069,			0.099,			0.099,			21.945,			0.099,			0.099
115,	2,	125.206,			25.156,			0.099,			0.099,			22.111,			0.099,			0.099
116,	2,	125.413,			23.954,			0.099,			0.099,			22.227,			0.099,			0.099
117,	2,	128.512,			24.448,			0.099,			0.099,			24.421,			0.099,			0.099
118,	2,	129.164,			24.742,			0.099,			0.099,			23.827,			0.099,			0.099
119,	2,	130.033,			24.081,			0.099,			0.099,			22.063,			0.099,			0.099
120,	2,	131.345,			21.939,			0.099,			0.099,			23.835,			0.099,			0.099
121,	2,	133.908,			24.524,			0.099,			0.099,			23.699,			0.1,			0.099
122,	2,	134.722,			22.529,			0.099,			0.099,			21.786,			0.099,			0.1
123,	2,	135.73,			23.863,			0.1,			0.1,			21.787,			0.099,			0.099
124,	2,	137.574,			23.13,			0.099,			0.099,			22.115,			0.099,			0.1
125,	2,	138.386,			21.949,			0.099,			0.099,			22.922,			0.1,			0.099
126,	2,	138.504,			22.566,			0.1,			0.1,			24.072,			0.099,			0.099
127,	2,	138.572,			24.119,			0.099,			0.099,			21.798,			0.1,			0.099
128,	2,	139.124,			24.7,			0.099,			0.099,			23.619,			0.1,			0.099
129,	2,	140.411,			22.963,			0.099,			0.099,			22.566,			0.099,			0.099
130,	2,	141.902,			23.256,			0.099,			0.099,			22.484,			0.099,			0.099
131,	2,	141.923,			22.077,			0.099,			0.099,			22.424,			0.099,			0.099
132,	2,	142.226,			24.257,			0.1,			0.1,			22.373,			0.099,			0.099
133,	2,	143.373,			23.558,			0.099,			0.099,			21.786,			0.099,			0.099
134,	2,	144.341,			24.521,			0.099,			0.099,			23.156,			0.099,			0.099
135,	2,	144.913,			21.807,			0.099,			0.099,			22.154,			0.099,			0.099
136,	2,	146.156,			23.404,			0.099,			0.099,			21.935,			0.099,			0.099
137,	2,	146.369,			24.104,			0.099,			0.099,			21.78,			0.099,			0.099
138,	2,	146.537,			22.018,			0.099,			0.099,			22.995,			0.099,			0.099
139,	2,	148.758,			22.247,			0.099,			0.099,			24.044,			0.099,			0.099
140,	2,	151.529,			21.479,			0.099,			0.099,			23.375,			0.099,			0.099
141,	2,	152.062,			23.341,			0.099,			0.099,			22.316,			0.1,			0.099
142,	2,	155.825,			24.096,			0.099,			0.099,			21.395,			0.099,			0.1
143,	2,	157.538,			21.915,			0.099,			0.099,			23.77,			0.099,			0.099
144,	2,	159.129,			24.279,			0.099,			0.099,			22.171,			0.099,			0.099
145,	2,	160.802,			22.222,			0.099,			0.099,			23.611,			0.099,			0.099
146,	2,	160.827,			22.371,			0.099,			0.099,			23.958,			0.099,			0.099
147,	2,	162.267,			23.385,			0.099,			0.099,			22.527,			0.099,			0.1
148,	2,	163.4,			21.724,			0.099,			0.099,			23.683,			0.099,			0.1
149,	2,	163.988,			21.754,			0.099,			0.099,			21.751,			0.1,			0.099
150,	2,	164.096,			24.742,			0.099,			0.099,			22.601,			0.099,			0.099
151,	2,	164.448,			22.945,			0.1,			0.1,			22.494,			0.099,			0.099
152,	2,	164.629,			23.684,			0.1,			0.1,			22.5,			0.099,			0.099
153,	2,	165.952,			23.904,			0.099,			0.099,			23.091,			0.099,			0.1
154,	2,	168.354,			24.54,			0.1,			0.1,			21.486,			0.099,			0.099
155,	2,	170.144,			22.156,			0.099,			0.099,			22.455,			0.1,			0.099
156,	2,	171.263,			22.185,			0.099,			0.099,			23.556,			0.099,			0.099
157,	2,	173.638,			23.36,			0.099,			0.099,			21.906,			0.1,			0.099
158,	2,	174.105,			22.757,			0.099,			0.099,			23.561,			0.099,			0.099
159,	2,	178.666,			22.739,			0.099,			0.099,			22.308,			0.099,			0.1
160,	2,	179.262,			22.398,			0.099,			0.099,			23.585,			0.099,			0.099
161,	2,	179.966,			21.559,			0.099,			0.099,			23.41,			0.099,			0.099
162,	2,	181.761,			21.675,			0.1,			0.1,			22.931,			0.099,			0.099
163,	2,	182.493,			23.512,			0.099,			0.099,			22.455,			0.099,			0.099
164,	2,	182.587,			24.76,			0.099,			0.099,			21.463,			0.099,			0.099
165,	2,	183.667,			23.446,			0.099,			0.099,			21.797,			0.099,			0.099
166,	2,	185.57,			21.938,			0.1,			0.1,			22.661,			0.099,			0.099
167,	2,	185.621,			23.996,			0.099,			0.099,			24.76,			0.099,			0.099
168,	2,	185.728,			22.527,			0.1,			0.1,			23.718,			0.099,			0.099
169,	2,	185.854,			23.958,			0.099,			0.099,			22.267,			0.099,			0.099
170,	2,	186.799,			22.157,			0.1,			0.1,			21.529,			0.1,			0.099
171,	2,	187.687,			23.477,			0.099,			0.099,			22.158,			0.099,			0.099
172,	2,	188.637,			24.938,			0.099,			0.099,			23.795,			0.099,			0.099
173,	2,	188.791,			21.818,			0.099,			0.099,			24.269,			0.099,			0.099
174,	2,	188.808,			21.908,			0.099,			0.099,			22.648,			0.099,			0.099
175,	2,	189.227,			22.156,			0.099,			0.099,			23.504,			0.099,			0.099
176,	2,	192.428,			24.066,			0.099,			0.099,			21.744,			0.099,			0.099
177,	2,	192.972,			22.006,			0.099,			0.099,			23.541,			0.099,			0.099
178,	2,	193.727,			21.438,			0.1,			0.1,			21.687,			0.099,			0.099
179,	2,	194.354,			22.37,			0.099,			0.099,			22.439,			0.099,			0.099
180,	2,	194.372,			21.819,			0.099,			0.099,			21.823,			0.099,			0.099
181,	2,	195.563,			24.08,			0.099,			0.099,			21.931,			0.099,			0.099
182,	2,	195.962,			23.145,			0.1,			0.1,			21.558,			0.1,			0.099
183,	2,	196.143,			23.51,			0.099,			0.099,			21.803,			0.099,			0.099
184,	2,	196.996,			22.817,			0.1,			0.1,			22.826,			0.099,			0.099
185,	2,	197.925,			22.445,			0.099,			0.099,			22.405,			0.099,			0.099
186,	2,	197.99,			21.691,			0.1,			0.1,			22.883,			0.099,			0.099
187,	2,	199.359,			21.949,			0.099,			0.099,			22.134,			0.099,			0.099
188,	2,	205.521,			21.757,			0.099,			0.099,			22.995,			0.099,			0.099
189,	2,	205.526,			24.088,			0.099,			0.099,			22.566,			0.1,			0.099
190,	2,	207.231,			21.245,			0.099,			0.099,			22.157,			0.099,			0.099
191,	2,	209.87,			21.642,			0.099,			0.099,			24.519,			0.099,			0.099
192,	2,	212.88,			24.03,			0.099,			0.099,			23.958,			0.099,			0.099
193,	2,	215.234,			23.129,			0.099,			0.099,			23.944,			0.1,			0.099
194,	2,	215.743,			21.61,			0.099,			0.099,			23.764,			0.099,			0.099
195,	2,	216.567,			23.634,			0.099,			0.099,			22.187,			0.099,			0.099
196,	2,	217.132,			24.113,			0.099,			0.099,			21.99,			0.099,			0.099
197,	2,	218.366,			22.338,			0.099,			0.099,			23.14,			0.099,			0.099
198,	2,	218.919,			21.954,			0.099,			0.099,			22.622,			0.1,			0.099
199,	2,	219.739,			22.427,			0.099,			0.099,			22.607,			0.1,			0.099
200,	2,	219.848,			23.979,			0.099,			0.099,			21.641,			0.099,			0.099
201,	2,	219.956,			24.0,			0.099,			0.099,			21.473,			0.099,			0.099
202,	2,	220.413,			23.055,			0.099,			0.099,			22.377,			0.099,			0.099
203,	2,	221.568,			23.74,			0.099,			0.099,			23.684,			0.099,			0.099
204,	2,	225.053,			23.836,			0.099,			0.099,			22.036,			0.099,			0.099
205,	2,	225.523,			24.117,			0.099,			0.099,			24.443,			0.099,			0.099
206,	2,	227.334,			24.269,			0.099,			0.099,			22.856,			0.099,			0.099
207,	2,	228.476,			24.56,			0.099,			0.099,			22.29,			0.099,			0.099
208,	2,	230.748,			23.498,			0.099,			0.099,			21.858,			0.099,			0.099
209,	2,	232.63,			22.26,			0.099,			0.099,			22.053,			0.099,			0.099
210,	2,	232.652,			22.017,			0.099,			0.099,			22.16,			0.099,			0.099
211,	2,	232.81,			23.868,			0.099,			0.099,			24.713,			0.1,			0.1
212,	2,	233.377,			23.7,			0.099,			0.099,			21.865,			0.1,			0.099
213,	2,	233.683,			22.51,			0.099,			0.099,			22.313,			0.099,			0.099
214,	2,	233.704,			22.24,			0.099,			0.099,			23.773,			0.099,			0.099
215,	2,	233.87,			21.883,			0.099,			0.099,			22.745,			0.099,			0.099
216,	2,	234.515,			21.796,			0.099,			0.099,			22.073,			0.099,			0.1
217,	2,	235.776,			23.725,			0.099,			0.099,			23.832,			0.099,			0.099
218,	2,	236.488,			22.17,			0.099,			0.099,			21.682,			0.099,			0.099
219,	2,	237.188,			21.715,			0.099,			0.099,			24.069,			0.099,			0.099
220,	2,	237.818,			23.289,			0.099,			0.099,			24.357,			0.099,			0.099
221,	2,	238.788,			22.176,			0.099,			0.099,			21.708,			0.099,			0.099
222,	2,	239.486,			21.596,			0.099,			0.099,			22.308,			0.099,			0.099
223,	2,	243.09,			24.445,			0.1,			0.1,			22.113,			0.099,			0.099
224,	2,	243.646,			21.89,			0.099,			0.099,			22.117,			0.099,			0.099
225,	2,	245.914,			23.531,			0.099,			0.099,			24.471,			0.099,			0.1
226,	2,	246.327,			21.508,			0.099,			0.099,			21.558,			0.099,			0.099
227,	2,	247.819,			23.955,			0.099,			0.099,			21.596,			0.099,			0.099
228,	2,	248.505,			22.036,			0.099,			0.099,			21.819,			0.099,			0.099
229,	2,	251.418,			23.564,			0.099,			0.099,			23.357,			0.099,			0.099
230,	2,	252.027,			23.452,			0.1,			0.1,			23.696,			0.099,			0.099
231,	2,	252.034,			23.452,			0.1,			0.1,			21.577,			0.099,			0.099
232,	2,	252.083,			23.14,			0.099,			0.099,			22.023,			0.099,			0.099
233,	2,	253.419,			24.274,			0.099,			0.099,			22.011,			0.099,			0.099
234,	2,	253.969,			24.607,			0.099,			0.099,			21.608,			0.099,			0.099
235,	2,	254.069,			22.015,			0.099,			0.099,			21.56,			0.099,			0.099
236,	2,	254.356,			23.727,			0.099,			0.099,			21.417,			0.099,			0.099
237,	2,	254.734,			22.985,			0.099,			0.099,			21.44,			0.099,			0.099
238,	2,	255.148,			21.759,			0.1,			0.1,			23.318,			0.099,			0.099
239,	2,	257.207,			24.279,			0.099,			0.099,			21.887,			0.099,			0.099
240,	2,	257.42,			21.757,			0.1,			0.1,			23.396,			0.099,			0.099
241,	2,	257.774,			22.07,			0.099,			0.099,			22.373,			0.099,			0.099
242,	2,	258.034,			22.922,			0.099,			0.099,			21.708,			0.099,			0.1
243,	2,	258.324,			23.134,			0.099,			0.099,			23.136,			0.099,			0.099
244,	2,	260.105,			24.521,			0.1,			0.1,			21.564,			0.099,			0.099
245,	2,	261.958,			21.796,			0.099,			0.099,			24.446,			0.099,			0.099
246,	2,	262.6,			22.014,			0.099,			0.099,			24.285,			0.1,			0.1
247,	2,	263.164,			25.066,			0.099,			0.099,			24.197,			0.099,			0.099
248,	2,	264.229,			22.741,			0.099,			0.099,			21.995,			0.099,			0.099
249,	2,	264.229,			22.426,			0.099,			0.099,			22.003,			0.099,			0.099
250,	2,	264.253,			24.385,			0.099,			0.099,			21.627,			0.099,			0.099
251,	2,	264.743,			22.552,			0.099,			0.099,			24.426,			0.099,			0.099
252,	2,	265.152,			23.848,			0.099,			0.099,			21.819,			0.099,			0.099
253,	2,	265.85,			23.789,			0.099,			0.099,			21.821,			0.1,			0.099
254,	2,	266.939,			22.252,			0.099,			0.099,			22.373,			0.099,			0.099
255,	2,	268.249,			24.65,			0.099,			0.099,			22.009,			0.099,			0.099
256,	2,	270.802,			24.125,			0.099,			0.099,			21.869,			0.099,			0.1
257,	2,	272.975,			22.021,			0.099,			0.099,			21.504,			0.099,			0.099
258,	2,	277.039,			25.079,			0.099,			0.099,			21.527,			0.099,			0.099
259,	2,	277.051,			22.177,			0.099,			0.099,			25.039,			0.099,			0.099
260,	2,	279.186,			22.624,			0.099,			0.099,			24.464,			0.099,			0.099
261,	2,	280.537,			21.647,			0.099,			0.099,			22.077,			0.099,			0.099
262,	2,	280.549,			21.9,			0.099,			0.099,			23.659,			0.1,			0.099
263,	2,	281.04,			21.896,			0.099,			0.099,			22.037,			0.1,			0.099
264,	2,	281.491,			25.109,			0.099,			0.099,			23.037,			0.099,			0.099
265,	2,	284.638,			21.908,			0.099,			0.099,			23.262,			0.099,			0.099
266,	2,	286.093,			23.123,			0.099,			0.099,			23.23,			0.099,			0.099
267,	2,	287.253,			21.677,			0.099,			0.099,			21.697,			0.099,			0.099
268,	2,	289.999,			23.696,			0.099,			0.099,			22.804,			0.099,			0.099
269,	2,	290.703,			21.844,			0.099,			0.099,			23.447,			0.099,			0.099
270,	2,	291.178,			25.013,			0.099,			0.099,			24.349,			0.099,			0.099
271,	3,	292.274,			9.016,			1.229,			1.229,			4.373,			0.791,			0.557
272,	2,	292.612,			21.396,			0.099,			0.099,			22.017,			0.099,			0.099
273,	3,	292.972,			4.129,			0.753,			0.753,			6.796,			1.101,			1.337
274,	3,	293.407,			4.055,			0.799,			0.799,			3.88,			2.445,			3.244
275,	2,	293.423,			21.774,			0.1,			0.1,			24.349,			0.099,			0.099
276,	3,	293.442,			3.155,			0.974,			0.974,			5.386,			2.139,			2.908
277,	3,	293.637,			1.643,			0.916,			0.916,			7.372,			2.843,			0.683
278,	3,	293.641,			5.512,			3.142,			3.142,			7.091,			0.942,			2.119
279,	3,	293.797,			4.882,			1.484,			1.484,			5.388,			1.54,			1.117
280,	2,	293.817,			24.255,			0.099,			0.099,			21.706,			0.099,			0.099
281,	3,	294.037,			3.622,			0.939,			0.939,			1.926,			0.796,			0.622
282,	3,	294.138,			3.162,			1.926,			1.926,			6.406,			1.613,			1.236
283,	3,	294.433,			13.287,			1.853,			1.853,			10.731,			0.745,			1.95
284,	3,	294.6,			3.028,			3.424,			3.424,			2.578,			2.579,			1.0
285,	3,	294.602,			1.848,			1.036,			1.036,			3.029,			1.825,			0.934
286,	3,	294.792,			3.851,			0.796,			0.796,			8.781,			1.154,			0.541
287,	3,	294.953,			2.241,			0.429,			0.429,			5.279,			0.879,			2.0
288,	3,	295.032,			4.369,			0.89,			0.89,			5.018,			1.706,			2.546
289,	3,	295.093,			1.504,			1.966,			1.966,			3.263,			1.178,			2.525
290,	3,	295.337,			8.055,			1.309,			1.309,			5.805,			1.605,			1.667
291,	3,	295.567,			2.296,			1.35,			1.35,			7.853,			2.295,			0.551
292,	3,	296.376,			11.941,			1.981,			1.981,			3.698,			2.232,			1.044
293,	3,	296.685,			11.548,			1.107,			1.107,			8.012,			1.499,			2.445
294,	3,	296.828,			2.45,			1.293,			1.293,			3.357,			2.394,			1.597
295,	3,	297.039,			1.504,			1.373,			1.373,			2.571,			1.301,			1.229
296,	3,	297.198,			6.081,			2.162,			2.162,			10.779,			2.705,			1.818
297,	3,	298.044,			2.864,			1.092,			1.092,			8.099,			0.814,			1.188
298,	2,	298.05,			23.558,			0.099,			0.099,			21.937,			0.099,			0.099
299,	3,	298.134,			2.553,			3.162,			3.162,			4.972,			1.08,			1.232
300,	3,	298.33,			5.582,			3.203,			3.203,			1.191,			3.138,			0.675
301,	3,	298.333,			2.481,			2.427,			2.427,			6.153,			0.533,			1.194
302,	3,	298.623,			2.553,			1.872,			1.872,			2.924,			1.08,			1.397
303,	2,	298.625,			21.898,			0.099,			0.099,			23.538,			0.099,			0.099
304,	3,	298.703,			3.213,			0.8,			0.8,			2.804,			0.699,			1.658
305,	3,	298.984,			8.879,			1.541,			1.541,			8.946,			1.432,			0.874
306,	3,	299.241,			5.985,			1.707,			1.707,			1.641,			2.984,			1.217
307,	3,	299.371,			3.492,			3.425,			3.425,			9.53,			1.213,			3.015
308,	3,	299.525,			3.984,			1.154,			1.154,			7.031,			1.443,			2.56
309,	2,	299.571,			24.83,			0.099,			0.099,			23.139,			0.099,			0.099
310,	3,	299.908,			10.607,			0.636,			0.636,			11.268,			1.178,			0.981
311,	2,	300.209,			24.92,			0.099,			0.099,			23.182,			0.099,			0.099
312,	3,	300.23,			11.794,			1.5,			1.5,			3.752,			1.667,			1.807
313,	3,	300.305,			2.296,			1.37,			1.37,			1.848,			1.154,			1.128
314,	3,	300.536,			1.579,			2.96,			2.96,			7.833,			3.465,			0.943
315,	3,	300.621,			5.607,			3.137,			3.137,			3.185,			1.641,			0.852
316,	3,	300.756,			9.53,			0.614,			0.614,			6.086,			1.401,			1.128
317,	3,	300.936,			2.796,			1.206,			1.206,			11.813,			2.119,			1.639
318,	3,	301.095,			2.496,			1.754,			1.754,			1.794,			3.169,			1.557
319,	2,	305.544,			24.76,			0.099,			0.099,			22.376,			0.099,			0.099
320,	2,	306.79,			22.006,			0.099,			0.099,			23.478,			0.099,			0.099
321,	2,	307.34,			21.471,			0.099,			0.099,			22.996,			0.099,			0.1
322,	2,	307.671,			21.391,			0.1,			0.1,			24.098,			0.099,			0.099
323,	2,	307.767,			22.73,			0.099,			0.099,			23.396,			0.099,			0.099
324,	2,	308.478,			23.563,			0.1,			0.1,			22.146,			0.099,			0.1
325,	2,	310.259,			23.892,			0.1,			0.1,			24.041,			0.099,			0.099
326,	2,	314.039,			22.809,			0.099,			0.099,			22.841,			0.099,			0.099
327,	2,	316.163,			24.313,			0.099,			0.099,			23.734,			0.099,			0.099
328,	2,	316.951,			25.155,			0.099,			0.099,			23.938,			0.099,			0.1
329,	2,	317.696,			21.873,			0.099,			0.099,			21.761,			0.099,			0.099
330,	2,	320.56,			22.924,			0.099,			0.099,			23.078,			0.099,			0.099
331,	2,	321.967,			22.465,			0.099,			0.099,			23.386,			0.099,			0.099
332,	2,	322.229,			21.725,			0.099,			0.099,			22.188,			0.099,			0.099
333,	2,	323.79,			22.453,			0.099,			0.099,			23.272,			0.099,			0.099
334,	2,	325.197,			24.616,			0.099,			0.099,			22.94,			0.099,			0.099
335,	2,	325.734,			22.207,			0.1,			0.1,			25.174,			0.099,			0.099
336,	2,	327.249,			24.372,			0.099,			0.099,			21.648,			0.099,			0.099
337,	2,	328.924,			22.848,			0.099,			0.099,			21.811,			0.099,			0.099
338,	2,	330.813,			24.351,			0.099,			0.099,			22.662,			0.1,			0.099
339,	2,	330.875,			21.881,			0.099,			0.099,			21.751,			0.099,			0.099
340,	2,	331.147,			21.929,			0.099,			0.099,			22.729,			0.099,			0.099
341,	2,	332.55,			23.16,			0.099,			0.099,			22.699,			0.099,			0.099
342,	2,	332.755,			24.282,			0.099,			0.099,			21.487,			0.099,			0.099
343,	2,	334.93,			22.601,			0.099,			0.099,			22.411,			0.099,			0.099
344,	2,	335.234,			23.585,			0.099,			0.099,			23.729,			0.099,			0.099
345,	2,	336.014,			21.64,			0.099,			0.099,			21.841,			0.099,			0.099
346,	2,	336.426,			22.442,			0.099,			0.099,			21.634,			0.1,			0.099
347,	2,	336.971,			24.607,			0.099,			0.099,			23.895,			0.099,			0.099
348,	2,	339.381,			22.161,			0.099,			0.099,			22.364,			0.099,			0.099
349,	2,	340.224,			21.717,			0.099,			0.099,			22.185,			0.099,			0.099
350,	2,	340.28,			22.246,			0.099,			0.099,			23.89,			0.099,			0.099
351,	2,	345.155,			23.589,			0.099,			0.099,			22.37,			0.099,			0.099
352,	2,	345.702,			23.117,			0.099,			0.099,			21.931,			0.099,			0.099
353,	2,	345.954,			22.677,			0.099,			0.099,			21.723,			0.099,			0.099
354,	2,	346.697,			22.015,			0.099,			0.099,			24.144,			0.1,			0.099
355,	2,	347.175,			21.987,			0.099,			0.099,			24.14,			0.099,			0.099
356,	2,	347.22,			23.673,			0.099,			0.099,			23.11,			0.1,			0.099
357,	2,	350.149,			23.035,			0.099,			0.099,			22.465,			0.099,			0.099
358,	2,	352.483,			22.442,			0.099,			0.099,			21.565,			0.099,			0.099
359,	2,	352.527,			21.7,			0.099,			0.099,			23.256,			0.1,			0.099
360,	2,	353.222,			22.187,			0.099,			0.099,			24.011,			0.099,			0.099
361,	2,	353.456,			24.923,			0.099,			0.099,			23.007,			0.099,			0.099
362,	2,	353.684,			22.905,			0.099,			0.099,			23.659,			0.099,			0.1
363,	2,	354.477,			23.203,			0.099,			0.099,			24.534,			0.099,			0.1
364,	2,	356.378,			24.019,			0.1,			0.1,			22.532,			0.099,			0.099
365,	2,	357.217,			23.642,			0.1,			0.1,			22.281,			0.099,			0.099
366,	2,	359.071,			21.761,			0.099,			0.099,			22.614,			0.099,			0.1
367,	2,	360.743,			22.438,			0.099,			0.099,			21.9,			0.099,			0.099
368,	2,	364.138,			21.818,			0.099,			0.099,			23.973,			0.099,			0.099
369,	2,	365.962,			21.485,			0.099,			0.099,			23.769,			0.099,			0.099
370,	2,	366.856,			21.766,			0.099,			0.099,			22.877,			0.1,			0.099
371,	2,	367.006,			23.89,			0.099,			0.099,			21.994,			0.099,			0.099
372,	2,	370.923,			24.742,			0.099,			0.099,			22.543,			0.099,			0.099
373,	2,	371.351,			21.627,			0.099,			0.099,			21.372,			0.099,			0.099
374,	2,	372.866,			23.958,			0.099,			0.099,			22.013,			0.099,			0.099
375,	2,	374.732,			21.716,			0.099,			0.099,			24.372,			0.099,			0.099
376,	2,	374.818,			23.548,			0.099,			0.099,			22.212,			0.099,			0.099
377,	2,	376.909,			21.819,			0.1,			0.1,			23.574,			0.099,			0.099
378,	2,	377.16,			21.937,			0.099,			0.099,			22.294,			0.099,			0.099
379,	2,	377.497,			22.799,			0.099,			0.099,			21.716,			0.099,			0.099
380,	2,	378.168,			22.157,			0.099,			0.099,			22.712,			0.099,			0.099
381,	2,	378.521,			24.465,			0.099,			0.099,			21.995,			0.099,			0.099
382,	2,	380.044,			22.19,			0.1,			0.1,			21.564,			0.1,			0.099
383,	2,	381.222,			22.231,			0.099,			0.099,			24.195,			0.099,			0.099
384,	2,	383.077,			21.99,			0.099,			0.099,			22.572,			0.099,			0.099
385,	2,	384.02,			21.846,			0.099,			0.099,			22.864,			0.099,			0.099
386,	2,	384.251,			21.506,			0.1,			0.1,			22.683,			0.099,			0.099
387,	2,	384.644,			24.128,			0.099,			0.099,			21.606,			0.1,			0.099
388,	2,	386.13,			22.117,			0.099,			0.099,			23.631,			0.099,			0.099
389,	2,	386.241,			21.955,			0.099,			0.099,			21.946,			0.099,			0.099
390,	2,	386.37,			24.386,			0.099,			0.099,			23.973,			0.099,			0.099
391,	2,	388.744,			21.696,			0.099,			0.099,			21.81,			0.1,			0.099
392,	2,	389.199,			24.047,			0.099,			0.099,			21.645,			0.099,			0.099
393,	2,	389.489,			24.426,			0.099,			0.099,			21.609,			0.1,			0.1
394,	2,	390.227,			23.97,			0.099,			0.099,			21.725,			0.1,			0.099
395,	2,	391.251,			23.512,			0.099,			0.099,			21.585,			0.099,			0.1
396,	2,	391.47,			21.545,			0.1,			0.1,			21.759,			0.099,			0.099
397,	2,	392.281,			22.978,			0.099,			0.099,			24.704,			0.099,			0.099
398,	2,	393.429,			22.493,			0.099,			0.099,			22.542,			0.1,			0.099
399,	2,	395.983,			22.926,			0.099,			0.099,			21.546,			0.099,			0.099
400,	2,	396.125,			22.517,			0.099,			0.099,			21.471,			0.099,			0.099
401,	2,	397.128,			21.637,			0.099,			0.099,			22.143,			0.099,			0.099
402,	2,	399.496,			24.136,			0.099,			0.099,			24.003,			0.099,			0.099
403,	2,	399.961,			22.197,			0.099,			0.099,			23.764,			0.099,			0.099
404,	2,	402.198,			24.094,			0.099,			0.099,			23.774,			0.099,			0.1
405,	2,	402.496,			22.241,			0.099,			0.099,			23.452,			0.099,			0.1
406,	2,	404.046,			22.309,			0.099,			0.099,			22.084,			0.099,			0.099
407,	2,	404.238,			23.914,			0.099,			0.099,			21.904,			0.099,			0.099
408,	2,	404.552,			22.622,			0.099,			0.099,			22.502,			0.099,			0.099
409,	2,	404.871,			21.704,			0.099,			0.099,			24.503,			0.099,			0.099
410,	2,	405.58,			21.363,			0.1,			0.1,			21.394,			0.099,			0.099
411,	2,	406.285,			22.09,			0.099,			0.099,			21.44,			0.099,			0.099
412,	2,	407.227,			24.677,			0.099,			0.099,			21.653,			0.099,			0.099
413,	2,	407.756,			21.756,			0.099,			0.099,			22.084,			0.099,			0.099
414,	2,	408.658,			21.425,			0.099,			0.099,			21.765,			0.1,			0.099
415,	2,	409.754,			22.793,			0.099,			0.099,			22.009,			0.099,			0.099
416,	2,	410.297,			23.529,			0.099,			0.099,			21.317,			0.099,			0.099
417,	3,	410.72,			2.687,			1.851,			1.851,			2.127,			0.811,			1.312
418,	3,	410.906,			13.827,			2.405,			2.405,			4.209,			2.78,			1.662
419,	2,	411.339,			21.89,			0.099,			0.099,			21.657,			0.099,			0.099
420,	3,	411.487,			3.527,			0.669,			0.669,			11.459,			2.359,			0.968
421,	3,	411.699,			1.526,			0.774,			0.774,			1.794,			1.432,			0.673
422,	3,	411.704,			3.165,			2.669,			2.669,			5.094,			1.694,			2.911
423,	3,	412.091,			2.637,			1.133,			1.133,			8.293,			0.919,			0.775
424,	3,	412.164,			1.616,			2.956,			2.956,			3.752,			0.929,			0.819
425,	3,	412.254,			2.688,			1.776,			1.776,			3.213,			1.818,			1.28
426,	2,	412.624,			22.552,			0.099,			0.099,			22.996,			0.099,			0.099
427,	3,	412.783,			1.899,			1.093,			1.093,			12.565,			0.903,			2.776
428,	3,	412.965,			3.297,			2.669,			2.669,			12.383,			1.793,			1.552
429,	3,	413.211,			2.082,			0.809,			0.809,			12.172,			1.658,			1.162
430,	3,	413.216,			12.422,			1.636,			1.636,			2.024,			1.213,			3.165
431,	3,	413.326,			2.434,			1.093,			1.093,			1.643,			0.947,			1.241
432,	3,	413.42,			3.911,			1.172,			1.172,			7.542,			1.352,			1.263
433,	3,	413.746,			6.04,			0.987,			0.987,			3.649,			1.232,			2.113
434,	3,	413.884,			2.941,			2.755,			2.755,			11.268,			3.336,			0.528
435,	3,	414.149,			7.853,			0.752,			0.752,			8.1,			1.721,			0.781
436,	3,	414.196,			5.219,			0.476,			0.476,			12.079,			3.225,			0.967
437,	3,	414.26,			2.587,			1.057,			1.057,			12.341,			1.302,			1.563
438,	3,	414.295,			4.137,			2.292,			2.292,			3.188,			2.291,			0.909
439,	3,	414.354,			5.335,			1.455,			1.455,			3.176,			3.139,			1.485
440,	3,	414.516,			5.986,			1.793,			1.793,			4.373,			1.446,			1.162
441,	3,	414.543,			3.774,			2.911,			2.911,			3.688,			0.591,			1.1
442,	3,	414.795,			6.475,			2.525,			2.525,			10.331,			1.605,			1.471
443,	3,	414.839,			3.295,			3.139,			3.139,			9.144,			0.935,			3.11
444,	3,	415.004,			2.481,			1.857,			1.857,			9.84,			3.113,			0.873
445,	3,	415.444,			5.068,			1.694,			1.694,			4.429,			1.648,			2.632
446,	2,	415.62,			24.019,			0.1,			0.1,			23.942,			0.099,			0.1
447,	3,	415.939,			3.165,			3.25,			3.25,			3.861,			1.365,			0.607
448,	3,	416.0,			9.789,			1.658,			1.658,			3.52,			2.119,			0.706
449,	3,	416.011,			4.76,			1.236,			1.236,			12.444,			1.124,			1.35
450,	3,	416.3,			1.641,			1.943,			1.943,			7.507,			3.465,			1.37
451,	3,	416.416,			4.2,			0.542,			0.542,			11.132,			1.066,			1.598
452,	3,	416.538,			3.284,			1.484,			1.484,			1.98,			1.613,			1.172
453,	3,	416.799,			6.772,			1.319,			1.319,			1.183,			3.544,			0.748
454,	3,	416.838,			8.437,			1.671,			1.671,			8.101,			3.169,			3.167
455,	3,	417.062,			11.333,			1.916,			1.916,			5.376,			0.961,			1.754
456,	3,	417.069,			4.379,			1.626,			1.626,			6.553,			1.317,			0.767
457,	3,	417.235,			1.818,			0.791,			0.791,			4.098,			0.551,			1.337
458,	3,	417.616,			13.326,			0.543,			0.543,			3.297,			1.452,			2.229
459,	3,	417.785,			4.081,			0.929,			0.929,			5.512,			1.857,			1.211
460,	3,	418.108,			1.66,			1.737,			1.737,			2.446,			1.54,			3.112
461,	3,	418.142,			5.812,			3.486,			3.486,			4.103,			1.279,			2.221
462,	3,	418.213,			3.213,			2.899,			2.899,			2.952,			1.08,			1.646
463,	3,	418.406,			7.207,			0.553,			0.553,			2.402,			0.874,			2.4
464,	3,	418.477,			2.03,			2.954,			2.954,			2.195,			1.087,			0.6
465,	2,	418.537,			23.066,			0.099,			0.099,			21.975,			0.099,			0.099
466,	3,	418.922,			9.643,			1.215,			1.215,			5.487,			0.677,			2.911
467,	3,	419.041,			2.15,			2.447,			2.447,			2.831,			1.555,			1.695
468,	3,	419.101,			4.041,			1.953,			1.953,			7.706,			0.982,			1.642
469,	3,	419.155,			9.651,			2.447,			2.447,			12.341,			0.791,			3.191
470,	3,	419.375,			2.472,			0.9,			0.9,			10.576,			1.243,			0.743
471,	3,	419.408,			1.532,			0.779,			0.779,			6.948,			0.699,			0.853
472,	2,	419.565,			21.193,			0.1,			0.1,			22.916,			0.099,			0.099
473,	2,	419.928,			22.979,			0.1,			0.1,			22.684,			0.099,			0.099
474,	2,	419.944,			22.557,			0.099,			0.099,			24.87,			0.099,			0.099
475,	2,	420.84,			23.011,			0.099,			0.099,			21.73,			0.099,			0.099
476,	2,	423.136,			23.718,			0.099,			0.099,			23.598,			0.099,			0.099
477,	2,	424.178,			21.981,			0.099,			0.099,			22.414,			0.099,			0.099
478,	2,	424.31,			22.566,			0.099,			0.099,			22.711,			0.099,			0.099
479,	2,	426.105,			21.561,			0.099,			0.099,			22.493,			0.099,			0.1
480,	2,	426.757,			21.579,			0.099,			0.099,			21.657,			0.099,			0.099
481,	2,	426.989,			23.464,			0.099,			0.099,			23.7,			0.099,			0.1
482,	2,	427.937,			22.09,			0.099,			0.099,			21.55,			0.099,			0.099
483,	2,	428.17,			21.803,			0.099,			0.099,			21.883,			0.099,			0.099
484,	2,	431.525,			23.273,			0.099,			0.099,			23.585,			0.099,			0.099
485,	2,	432.846,			22.033,			0.099,			0.099,			21.715,			0.1,			0.099
486,	2,	432.868,			24.036,			0.099,			0.099,			24.016,			0.099,			0.099
487,	2,	433.008,			22.073,			0.099,			0.099,			22.273,			0.099,			0.099
488,	2,	434.306,			22.973,			0.099,			0.099,			24.051,			0.099,			0.099
489,	2,	435.027,			21.779,			0.099,			0.099,			22.692,			0.1,			0.099
490,	2,	435.451,			22.406,			0.099,			0.099,			24.761,			0.099,			0.1
491,	2,	435.452,			21.888,			0.099,			0.099,			23.074,			0.099,			0.099
492,	2,	436.427,			21.882,			0.099,			0.099,			23.578,			0.1,			0.099
493,	2,	436.918,			21.372,			0.099,			0.099,			21.61,			0.099,			0.099
494,	2,	438.564,			21.597,			0.099,			0.099,			21.88,			0.1,			0.099
495,	2,	439.546,			22.442,			0.099,			0.099,			21.946,			0.099,			0.099
496,	2,	441.127,			22.755,			0.1,			0.1,			22.124,			0.099,			0.099
497,	2,	442.444,			22.902,			0.099,			0.099,			23.183,			0.1,			0.099
498,	2,	443.777,			23.384,			0.099,			0.099,			22.707,			0.1,			0.099
499,	2,	444.242,			21.64,			0.099,			0.099,			21.913,			0.099,			0.099
500,	2,	444.795,			23.212,			0.099,			0.099,			22.161,			0.099,			0.099
501,	2,	452.936,			23.385,			0.099,			0.099,			22.019,			0.099,			0.099
502,	2,	453.552,			21.938,			0.099,			0.099,			24.081,			0.099,			0.099
503,	2,	459.476,			24.374,			0.099,			0.099,			23.745,			0.099,			0.099
504,	2,	462.423,			22.373,			0.099,			0.099,			24.351,			0.099,			0.099
505,	2,	463.415,			21.977,			0.099,			0.099,			23.946,			0.099,			0.099
506,	2,	467.035,			22.037,			0.099,			0.099,			23.747,			0.099,			0.099
507,	2,	468.231,			21.979,			0.099,			0.099,			21.823,			0.099,			0.099
508,	2,	468.606,			23.61,			0.099,			0.099,			22.49,			0.099,			0.099
509,	2,	468.616,			23.845,			0.099,			0.099,			21.524,			0.099,			0.099
510,	2,	469.007,			22.817,			0.1,			0.1,			23.538,			0.099,			0.099
511,	2,	469.597,			21.978,			0.099,			0.099,			24.282,			0.099,			0.099
512,	2,	472.358,			22.291,			0.099,			0.099,			23.05,			0.099,			0.099
513,	2,	473.955,			21.545,			0.099,			0.099,			23.538,			0.099,			0.099
514,	2,	475.232,			22.738,			0.099,			0.099,			23.348,			0.099,			0.1
515,	2,	475.833,			23.282,			0.099,			0.099,			23.059,			0.099,			0.099
516,	2,	476.095,			23.035,			0.1,			0.1,			21.841,			0.099,			0.099
517,	2,	477.012,			23.483,			0.099,			0.099,			22.575,			0.099,			0.099
518,	2,	477.43,			22.731,			0.099,			0.099,			23.126,			0.099,			0.099
519,	2,	478.92,			23.764,			0.099,			0.099,			22.555,			0.1,			0.099
520,	2,	482.495,			21.738,			0.099,			0.099,			22.424,			0.1,			0.099
521,	2,	485.653,			22.241,			0.099,			0.099,			24.87,			0.099,			0.099
522,	2,	485.679,			22.364,			0.099,			0.099,			23.55,			0.099,			0.099
523,	2,	486.04,			21.951,			0.099,			0.099,			21.71,			0.099,			0.099
524,	2,	486.573,			24.395,			0.099,			0.099,			23.049,			0.099,			0.099
525,	2,	486.718,			21.448,			0.099,			0.099,			24.349,			0.099,			0.099
526,	2,	488.285,			21.895,			0.099,			0.099,			24.381,			0.099,			0.099
527,	2,	488.502,			21.738,			0.1,			0.1,			21.786,			0.099,			0.099
528,	2,	488.878,			21.901,			0.099,			0.099,			22.604,			0.099,			0.099
529,	2,	489.09,			22.003,			0.099,			0.099,			21.996,			0.099,			0.1
530,	2,	491.371,			21.896,			0.1,			0.1,			22.084,			0.099,			0.099
531,	2,	493.099,			23.416,			0.099,			0.099,			22.857,			0.099,			0.099
532,	2,	495.288,			22.857,			0.1,			0.1,			21.448,			0.1,			0.099
533,	2,	496.331,			22.26,			0.099,			0.099,			23.836,			0.1,			0.099
534,	2,	497.746,			24.274,			0.099,			0.099,			21.846,			0.099,			0.099
535,	2,	498.673,			22.073,			0.099,			0.099,			22.471,			0.099,			0.099
536,	2,	499.822,			22.757,			0.099,			0.099,			23.129,			0.099,			0.099
537,	2,	505.454,			22.686,			0.1,			0.1,			22.679,			0.099,			0.099
538,	2,	507.428,			21.659,			0.099,			0.099,			22.081,			0.099,			0.1
539,	2,	509.026,			21.744,			0.099,			0.099,			23.145,			0.099,			0.099
540,	2,	510.166,			21.398,			0.099,			0.099,			21.759,			0.1,			0.099
541,	2,	512.222,			22.28,			0.099,			0.099,			23.068,			0.099,			0.099
542,	2,	514.162,			22.396,			0.099,			0.099,			23.07,			0.099,			0.099
543,	2,	515.449,			22.041,			0.099,			0.099,			21.804,			0.099,			0.1
544,	2,	516.495,			22.146,			0.099,			0.099,			22.117,			0.099,			0.099
545,	2,	518.377,			24.468,			0.1,			0.1,			24.313,			0.099,			0.1
546,	2,	520.123,			23.785,			0.099,			0.099,			22.072,			0.099,			0.1
547,	2,	520.628,			24.029,			0.099,			0.099,			22.809,			0.099,			0.099
548,	2,	521.815,			21.857,			0.099,			0.099,			23.788,			0.099,			0.099
549,	2,	521.848,			24.843,			0.099,			0.099,			22.609,			0.1,			0.099
550,	2,	522.336,			22.568,			0.099,			0.099,			21.774,			0.099,			0.099
551,	2,	522.611,			23.288,			0.099,			0.099,			22.133,			0.099,			0.099
552,	2,	523.021,			22.608,			0.099,			0.099,			21.642,			0.1,			0.099
553,	2,	523.659,			21.82,			0.099,			0.099,			24.418,			0.099,			0.099
554,	2,	526.925,			21.813,			0.099,			0.099,			24.154,			0.099,			0.099
555,	2,	528.133,			23.37,			0.099,			0.099,			23.863,			0.099,			0.099
556,	2,	529.046,			23.592,			0.099,			0.099,			21.56,			0.099,			0.099
557,	2,	529.935,			21.992,			0.099,			0.099,			22.073,			0.099,			0.099
558,	2,	535.909,			21.716,			0.099,			0.099,			22.179,			0.099,			0.099
559,	2,	536.208,			23.329,			0.099,			0.099,			21.671,			0.099,			0.099
560,	2,	536.43,			21.716,			0.099,			0.099,			24.019,			0.099,			0.099
561,	2,	536.898,			22.089,			0.099,			0.099,			21.363,			0.099,			0.1
562,	2,	537.061,			24.009,			0.099,			0.099,			22.995,			0.099,			0.099
563,	2,	539.256,			21.933,			0.099,			0.099,			22.86,			0.099,			0.1
564,	2,	539.284,			22.996,			0.099,			0.099,			21.942,			0.099,			0.099
565,	2,	540.521,			24.54,			0.1,			0.1,			22.607,			0.099,			0.099
566,	2,	543.2,			22.857,			0.099,			0.099,			22.212,			0.099,			0.099
567,	2,	543.697,			22.186,			0.099,			0.099,			22.582,			0.099,			0.1
568,	2,	544.649,			21.865,			0.099,			0.099,			23.718,			0.099,			0.099
569,	2,	545.825,			21.528,			0.099,			0.099,			24.971,			0.099,			0.1
570,	2,	546.95,			23.611,			0.099,			0.099,			21.775,			0.099,			0.099
571,	2,	547.22,			23.845,			0.099,			0.099,			22.196,			0.099,			0.099
572,	2,	551.657,			25.174,			0.099,			0.099,			22.209,			0.1,			0.099
573,	2,	551.964,			25.049,			0.099,			0.099,			24.357,			0.099,			0.099
574,	2,	553.456,			23.345,			0.099,			0.099,			21.73,			0.1,			0.099
575,	2,	555.253,			24.171,			0.099,			0.099,			21.666,			0.099,			0.099
576,	2,	555.296,			22.035,			0.099,			0.099,			22.072,			0.099,			0.1
577,	2,	555.716,			21.715,			0.099,			0.099,			22.636,			0.099,			0.099
578,	2,	561.924,			22.326,			0.099,			0.099,			21.877,			0.099,			0.1
579,	2,	562.926,			22.262,			0.099,			0.099,			23.773,			0.099,			0.099
580,	2,	564.26,			24.029,			0.099,			0.099,			21.803,			0.099,			0.099
581,	2,	564.592,			21.779,			0.099,			0.099,			22.823,			0.099,			0.099
582,	2,	565.609,			23.782,			0.099,			0.099,			22.315,			0.099,			0.099
583,	2,	569.763,			22.473,			0.099,			0.099,			22.701,			0.099,			0.099
584,	2,	575.686,			21.811,			0.099,			0.099,			23.357,			0.099,			0.099
585,	2,	576.096,			23.958,			0.099,			0.099,			24.104,			0.099,			0.099
586,	2,	576.296,			22.585,			0.099,			0.099,			22.11,			0.099,			0.099
587,	2,	578.041,			21.884,			0.099,			0.099,			21.815,			0.099,			0.099
588,	2,	578.462,			23.611,			0.099,			0.099,			22.705,			0.1,			0.099
589,	2,	580.372,			22.035,			0.099,			0.099,			23.983,			0.099,			0.099
590,	2,	580.676,			22.009,			0.099,			0.099,			23.071,			0.099,			0.099
591,	2,	583.07,			21.972,			0.099,			0.099,			23.807,			0.099,			0.099
592,	2,	584.215,			23.078,			0.099,			0.099,			21.683,			0.099,			0.099
593,	2,	584.227,			21.565,			0.099,			0.099,			22.414,			0.099,			0.099
594,	2,	584.374,			23.914,			0.099,			0.099,			21.713,			0.099,			0.099
595,	2,	585.485,			21.843,			0.099,			0.099,			22.683,			0.099,			0.099
596,	2,	585.611,			24.902,			0.099,			0.099,			22.144,			0.099,			0.099
597,	2,	586.756,			21.803,			0.099,			0.099,			23.89,			0.099,			0.099
598,	2,	587.162,			21.754,			0.099,			0.099,			23.76,			0.099,			0.099
599,	2,	588.3,			22.207,			0.099,			0.099,			21.97,			0.099,			0.099
600,	2,	589.688,			23.309,			0.099,			0.099,			21.873,			0.099,			0.099
601,	2,	590.696,			22.376,			0.099,			0.099,			23.464,			0.1,			0.099
602,	2,	592.375,			21.916,			0.099,			0.099,			21.232,			0.099,			0.099
603,	2,	594.645,			22.307,			0.099,			0.099,			23.592,			0.099,			0.099
604,	2,	603.452,			22.308,			0.099,			0.099,			23.811,			0.099,			0.099
605,	2,	604.161,			23.354,			0.099,			0.099,			22.097,			0.099,			0.099
606,	3,	604.538,			2.207,			0.968,			0.968,			5.813,			0.741,			0.955
607,	2,	604.836,			22.14,			0.099,			0.099,			22.436,			0.099,			0.099
608,	2,	604.974,			21.994,			0.099,			0.099,			23.811,			0.099,			0.099
609,	3,	605.152,			6.932,			0.944,			0.944,			12.383,			0.884,			2.766
610,	3,	605.23,			8.879,			2.278,			2.278,			2.794,			0.799,			0.699
611,	2,	606.617,			21.813,			0.099,			0.099,			23.999,			0.099,			0.099
612,	3,	609.081,			13.827,			0.622,			0.622,			1.748,			2.776,			1.009
613,	3,	609.26,			5.743,			0.797,			0.797,			2.434,			2.026,			1.22
614,	2,	609.585,			23.091,			0.099,			0.099,			22.853,			0.099,			0.099
615,	3,	609.692,			1.504,			3.343,			3.343,			2.153,			0.819,			1.253
616,	2,	609.712,			21.44,			0.099,			0.099,			24.39,			0.099,			0.099
617,	2,	609.719,			23.34,			0.099,			0.099,			21.818,			0.1,			0.099
618,	2,	609.989,			22.364,			0.099,			0.099,			24.263,			0.099,			0.099
619,	2,	610.953,			23.777,			0.1,			0.1,			21.686,			0.099,			0.099
620,	2,	610.974,			23.805,			0.099,			0.099,			21.994,			0.099,			0.099
621,	2,	613.961,			22.414,			0.099,			0.099,			22.425,			0.099,			0.099
622,	2,	613.961,			22.255,			0.099,			0.099,			23.611,			0.099,			0.099
623,	2,	615.317,			22.995,			0.099,			0.099,			21.782,			0.099,			0.099
624,	2,	616.097,			24.013,			0.099,			0.099,			21.941,			0.099,			0.099
625,	2,	618.826,			23.747,			0.099,			0.099,			21.608,			0.099,			0.1
626,	2,	619.299,			23.141,			0.099,			0.099,			22.838,			0.099,			0.099
627,	2,	620.877,			22.326,			0.099,			0.099,			25.241,			0.099,			0.099
628,	2,	625.006,			22.058,			0.099,			0.099,			21.875,			0.099,			0.099
629,	2,	625.115,			23.416,			0.099,			0.099,			22.006,			0.099,			0.099
630,	2,	625.41,			22.42,			0.099,			0.099,			22.269,			0.099,			0.099
631,	2,	625.461,			21.391,			0.099,			0.099,			23.029,			0.099,			0.099
632,	2,	627.638,			23.77,			0.099,			0.099,			21.908,			0.099,			0.099
633,	2,	627.693,			21.827,			0.099,			0.099,			23.078,			0.099,			0.099
634,	2,	627.988,			21.469,			0.099,			0.099,			24.152,			0.099,			0.099
635,	2,	630.47,			22.643,			0.099,			0.099,			22.532,			0.099,			0.099
636,	2,	630.576,			22.46,			0.099,			0.099,			21.568,			0.1,			0.099
637,	2,	631.206,			23.163,			0.099,			0.099,			22.914,			0.099,			0.099
638,	2,	633.217,			22.826,			0.099,			0.099,			22.089,			0.099,			0.099
639,	2,	633.271,			23.774,			0.1,			0.1,			22.011,			0.099,			0.099
640,	2,	633.565,			21.775,			0.099,			0.099,			22.37,			0.099,			0.099
641,	2,	635.487,			23.537,			0.099,			0.099,			21.779,			0.099,			0.099
642,	2,	637.334,			22.797,			0.099,			0.099,			22.799,			0.099,			0.099
643,	2,	637.829,			23.355,			0.099,			0.099,			21.895,			0.099,			0.099
644,	2,	640.018,			24.26,			0.099,			0.099,			23.148,			0.099,			0.1
645,	2,	640.659,			21.957,			0.099,			0.099,			23.776,			0.099,			0.099
646,	2,	640.782,			21.606,			0.1,			0.1,			24.798,			0.099,			0.099
647,	2,	643.657,			24.128,			0.099,			0.099,			22.778,			0.099,			0.1
648,	2,	644.017,			23.307,			0.099,			0.099,			21.825,			0.099,			0.099
649,	2,	644.623,			22.424,			0.099,			0.099,			22.309,			0.099,			0.099
650,	2,	645.673,			23.224,			0.099,			0.099,			23.789,			0.099,			0.099
651,	2,	645.99,			21.999,			0.099,			0.099,			23.917,			0.099,			0.099
652,	2,	647.272,			22.072,			0.099,			0.099,			21.875,			0.099,			0.099
653,	2,	650.619,			23.592,			0.099,			0.099,			22.063,			0.099,			0.099
654,	2,	651.446,			21.752,			0.099,			0.099,			21.602,			0.099,			0.1
655,	2,	652.021,			21.963,			0.099,			0.099,			23.882,			0.099,			0.099
656,	2,	655.111,			23.903,			0.099,			0.099,			21.729,			0.1,			0.099
657,	2,	655.758,			22.088,			0.099,			0.099,			21.621,			0.099,			0.099
658,	2,	657.749,			21.933,			0.099,			0.099,			22.516,			0.099,			0.099
659,	2,	661.132,			25.098,			0.099,			0.099,			22.673,			0.099,			0.1
660,	2,	662.241,			24.205,			0.099,			0.099,			23.793,			0.099,			0.099
661,	2,	664.026,			22.017,			0.099,			0.099,			23.651,			0.099,			0.099
662,	2,	664.213,			21.817,			0.099,			0.099,			21.557,			0.099,			0.099
663,	2,	665.729,			22.016,			0.099,			0.099,			21.601,			0.099,			0.099
664,	2,	667.232,			23.614,			0.099,			0.099,			21.913,			0.099,			0.099
665,	2,	668.603,			22.313,			0.099,			0.099,			22.26,			0.099,			0.099
666,	2,	669.82,			21.994,			0.099,			0.099,			24.227,			0.099,			0.099
667,	2,	670.835,			23.849,			0.099,			0.099,			24.122,			0.1,			0.1
668,	2,	671.308,			24.195,			0.099,			0.099,			23.326,			0.099,			0.1
669,	2,	672.233,			22.852,			0.099,			0.099,			22.666,			0.1,			0.099
670,	2,	673.349,			21.977,			0.1,			0.1,			21.909,			0.099,			0.099
671,	2,	674.07,			24.806,			0.1,			0.1,			21.717,			0.099,			0.099
672,	2,	675.653,			22.354,			0.099,			0.099,			24.216,			0.099,			0.099
673,	2,	676.532,			21.931,			0.1,			0.1,			21.978,			0.099,			0.099
674,	2,	677.89,			21.561,			0.1,			0.1,			22.27,			0.099,			0.099
675,	2,	679.152,			22.187,			0.099,			0.099,			23.375,			0.099,			0.099
676,	2,	679.96,			21.895,			0.099,			0.099,			23.709,			0.099,			0.099
677,	2,	680.08,			23.329,			0.099,			0.099,			23.177,			0.099,			0.099
678,	2,	680.194,			23.765,			0.1,			0.1,			23.619,			0.1,			0.099
679,	2,	681.112,			24.193,			0.099,			0.099,			21.88,			0.099,			0.1
680,	2,	681.229,			24.616,			0.099,			0.099,			21.727,			0.1,			0.099
681,	2,	683.565,			21.582,			0.099,			0.099,			23.134,			0.099,			0.1
682,	2,	683.827,			21.7,			0.099,			0.099,			23.028,			0.1,			0.099
683,	2,	684.349,			23.564,			0.099,			0.099,			22.932,			0.1,			0.099
684,	2,	686.303,			22.171,			0.099,			0.099,			23.639,			0.099,			0.099
685,	2,	686.608,			24.742,			0.099,			0.099,			22.19,			0.1,			0.1
686,	2,	688.126,			25.074,			0.099,			0.099,			21.953,			0.099,			0.1
687,	1,	690.437,			1.268,			0.632,			0.632,			1.782,			0.998,			0.907
688,	1,	690.512,			0.999,			0.874,			0.874,			1.313,			0.73,			0.879
689,	1,	690.698,			1.054,			1.184,			1.184,			2.159,			0.919,			0.855
690,	1,	690.705,			1.058,			0.858,			0.858,			1.035,			1.249,			0.967
691,	1,	690.82,			1.218,			0.784,			0.784,			1.29,			1.209,			1.268
692,	1,	690.833,			1.292,			0.841,			0.841,			1.841,			1.476,			0.934
693,	1,	690.925,			1.101,			0.616,			0.616,			1.111,			0.93,			0.615
694,	1,	690.927,			1.757,			0.94,			0.94,			1.252,			1.209,			0.948
695,	1,	690.956,			1.202,			0.925,			0.925,			1.335,			1.401,			0.732
696,	1,	690.985,			1.263,			1.583,			1.583,			0.964,			0.897,			1.189
697,	1,	691.059,			1.13,			0.897,			0.897,			2.088,			0.914,			0.615
698,	1,	691.106,			1.294,			1.254,			1.254,			0.961,			1.342,			0.942
699,	2,	691.136,			23.096,			0.099,			0.099,			23.541,			0.099,			0.099
700,	2,	691.145,			22.877,			0.099,			0.099,			22.063,			0.099,			0.099
701,	1,	691.402,			1.218,			0.844,			0.844,			2.002,			0.585,			1.09
702,	1,	691.404,			1.318,			0.879,			0.879,			2.228,			1.196,			1.119
703,	1,	691.68,			1.815,			1.084,			1.084,			2.028,			1.231,			0.897
704,	1,	691.886,			1.086,			0.913,			0.913,			1.524,			0.616,			0.73
705,	1,	692.363,			1.105,			0.873,			0.873,			2.228,			1.233,			1.157
706,	1,	692.366,			1.328,			0.897,			0.897,			1.098,			1.143,			1.047
707,	1,	692.41,			1.802,			0.949,			0.949,			1.341,			0.87,			0.928
708,	1,	692.495,			1.087,			0.894,			0.894,			1.328,			1.444,			0.63
709,	2,	692.691,			21.999,			0.099,			0.099,			22.662,			0.099,			0.1
710,	1,	692.859,			1.785,			1.095,			1.095,			2.122,			1.142,			1.118
711,	3,	692.969,			2.808,			1.825,			1.825,			1.94,			1.783,			1.549
712,	2,	693.122,			23.583,			0.099,			0.099,			23.795,			0.099,			0.1
713,	1,	693.184,			1.24,			1.174,			1.174,			1.469,			0.863,			1.002
714,	1,	693.252,			1.321,			0.629,			0.629,			1.054,			0.62,			0.895
715,	1,	693.436,			1.531,			0.788,			0.788,			2.025,			0.913,			0.873
716,	1,	693.52,			1.316,			0.908,			0.908,			0.961,			1.002,			0.811
717,	1,	693.596,			1.29,			0.611,			0.611,			1.826,			0.74,			0.615
718,	2,	693.91,			23.17,			0.099,			0.099,			21.491,			0.099,			0.1
719,	3,	693.974,			3.966,			0.704,			0.704,			8.055,			0.959,			0.533
720,	1,	694.566,			1.227,			1.436,			1.436,			2.006,			0.879,			0.627
721,	1,	694.978,			1.435,			0.934,			0.934,			1.286,			1.234,			0.902
722,	1,	695.116,			2.193,			1.088,			1.088,			1.005,			1.228,			0.719
723,	1,	695.438,			1.38,			0.824,			0.824,			1.82,			0.833,			1.231
724,	1,	695.745,			1.515,			1.157,			1.157,			1.763,			0.886,			0.997
725,	1,	695.9,			1.329,			0.849,			0.849,			2.134,			0.898,			1.044
726,	1,	696.024,			1.541,			0.91,			0.91,			1.327,			0.905,			1.264
727,	1,	696.03,			1.501,			1.141,			1.141,			1.426,			1.248,			0.845
728,	2,	696.115,			23.146,			0.099,			0.099,			21.7,			0.099,			0.099
729,	1,	696.143,			1.292,			0.905,			0.905,			2.116,			0.932,			0.615
730,	1,	696.357,			1.262,			0.615,			0.615,			1.766,			1.249,			0.958
731,	1,	696.377,			1.24,			0.779,			0.779,			1.299,			0.746,			1.29
732,	2,	696.393,			22.916,			0.099,			0.099,			22.414,			0.099,			0.099
733,	2,	696.452,			24.855,			0.099,			0.099,			21.766,			0.099,			0.099
734,	1,	696.619,			2.18,			0.929,			0.929,			1.288,			0.956,			0.939
735,	1,	697.25,			1.403,			0.732,			0.732,			1.42,			0.949,			1.164
736,	1,	697.292,			1.221,			0.959,			0.959,			1.277,			0.63,			0.994
737,	1,	697.607,			1.296,			0.912,			0.912,			1.813,			0.886,			0.756
738,	1,	697.653,			1.794,			1.235,			1.235,			0.986,			0.857,			1.583
739,	1,	697.68,			1.791,			0.611,			0.611,			1.417,			0.845,			0.839
740,	1,	697.991,			1.424,			0.593,			0.593,			2.121,			0.884,			1.436
741,	2,	698.304,			24.364,			0.099,			0.099,			23.472,			0.099,			0.1
742,	1,	698.347,			1.525,			0.897,			0.897,			1.271,			0.899,			0.85
743,	1,	698.408,			2.164,			1.086,			1.086,			1.035,			0.85,			1.583
744,	1,	698.414,			1.511,			1.401,			1.401,			1.437,			0.678,			0.725
745,	1,	698.492,			2.006,			1.385,			1.385,			2.006,			0.871,			0.74
746,	1,	699.096,			1.758,			0.926,			0.926,			1.321,			0.785,			0.868
747,	2,	699.141,			22.473,			0.099,			0.099,			21.882,			0.099,			0.099
748,	2,	699.239,			22.82,			0.099,			0.099,			23.95,			0.099,			0.099
749,	1,	699.304,			2.044,			0.615,			0.615,			1.038,			0.95,			1.191
750,	2,	701.667,			24.177,			0.099,			0.099,			23.371,			0.099,			0.099
751,	2,	701.849,			23.147,			0.099,			0.099,			24.56,			0.099,			0.099
752,	2,	702.71,			22.894,			0.099,			0.099,			24.195,			0.099,			0.099
753,	2,	702.858,			23.308,			0.1,			0.1,			22.422,			0.099,			0.099
754,	2,	703.702,			24.094,			0.099,			0.099,			23.653,			0.099,			0.099
755,	2,	704.574,			22.42,			0.099,			0.099,			22.364,			0.1,			0.1
756,	2,	706.562,			21.7,			0.099,			0.099,			22.568,			0.099,			0.099
757,	2,	707.169,			22.267,			0.099,			0.099,			23.432,			0.099,			0.1
758,	2,	707.426,			24.681,			0.099,			0.099,			24.817,			0.099,			0.099
759,	2,	707.961,			23.425,			0.099,			0.099,			21.585,			0.099,			0.099
760,	2,	709.92,			23.078,			0.1,			0.1,			22.756,			0.099,			0.099
761,	2,	710.801,			21.84,			0.099,			0.099,			23.396,			0.099,			0.099
762,	2,	711.138,			23.988,			0.099,			0.099,			24.401,			0.099,			0.099
763,	2,	711.933,			22.11,			0.099,			0.099,			22.5,			0.099,			0.099
764,	2,	714.349,			23.813,			0.099,			0.099,			22.164,			0.099,			0.099
765,	2,	715.034,			22.424,			0.1,			0.1,			21.592,			0.099,			0.099
766,	2,	715.431,			24.426,			0.1,			0.1,			22.404,			0.099,			0.099
767,	2,	716.699,			21.838,			0.099,			0.099,			24.445,			0.099,			0.099
768,	2,	716.757,			23.968,			0.099,			0.099,			21.725,			0.099,			0.099
769,	2,	717.571,			22.702,			0.099,			0.099,			23.381,			0.099,			0.099
770,	2,	718.269,			23.149,			0.099,			0.099,			21.642,			0.099,			0.099
771,	2,	720.535,			24.385,			0.099,			0.099,			22.496,			0.099,			0.099
772,	2,	721.618,			22.176,			0.099,			0.099,			24.187,			0.099,			0.099
773,	2,	721.703,			21.913,			0.099,			0.099,			22.402,			0.099,			0.099
774,	2,	722.643,			21.717,			0.099,			0.099,			22.294,			0.099,			0.1
775,	2,	722.933,			24.21,			0.099,			0.099,			21.64,			0.099,			0.099
776,	2,	725.747,			21.78,			0.1,			0.1,			22.113,			0.099,			0.099
777,	2,	727.671,			22.5,			0.1,			0.1,			22.176,			0.099,			0.1
778,	2,	727.807,			21.596,			0.099,			0.099,			23.109,			0.099,			0.1
779,	2,	728.6,			22.521,			0.099,			0.099,			23.612,			0.099,			0.099
780,	2,	729.403,			22.916,			0.099,			0.099,			21.89,			0.099,			0.099
781,	2,	731.189,			24.419,			0.099,			0.099,			24.476,			0.099,			0.099
782,	2,	733.714,			21.662,			0.099,			0.099,			22.537,			0.099,			0.099
783,	2,	734.031,			23.088,			0.099,			0.099,			25.028,			0.099,			0.099
784,	2,	736.408,			22.113,			0.099,			0.099,			22.035,			0.099,			0.099
785,	2,	737.857,			22.407,			0.099,			0.099,			25.219,			0.099,			0.099
786,	2,	737.909,			21.642,			0.099,			0.099,			21.788,			0.099,			0.099
787,	2,	738.659,			22.375,			0.099,			0.099,			23.639,			0.099,			0.099
788,	2,	739.194,			22.648,			0.099,			0.099,			22.003,			0.099,			0.099
789,	2,	741.412,			23.77,			0.099,			0.099,			24.79,			0.099,			0.099
790,	2,	742.186,			23.284,			0.099,			0.099,			22.4,			0.099,			0.099
791,	2,	743.794,			21.78,			0.1,			0.1,			22.418,			0.099,			0.099
792,	2,	745.762,			21.782,			0.099,			0.099,			21.561,			0.099,			0.099
793,	2,	746.431,			22.856,			0.099,			0.099,			21.891,			0.099,			0.1
794,	2,	746.636,			23.696,			0.099,			0.099,			23.701,			0.1,			0.099
795,	2,	746.915,			22.22,			0.099,			0.099,			23.199,			0.099,			0.099
796,	2,	748.474,			23.666,			0.099,			0.099,			23.226,			0.099,			0.099
797,	2,	748.882,			22.94,			0.099,			0.099,			21.79,			0.099,			0.099
798,	2,	749.821,			22.227,			0.099,			0.099,			21.744,			0.099,			0.099
799,	2,	749.926,			22.009,			0.099,			0.099,			23.016,			0.1,			0.099
800,	2,	750.875,			24.56,			0.099,			0.099,			23.383,			0.099,			0.099
801,	2,	753.885,			22.611,			0.099,			0.099,			21.983,			0.099,			0.099
802,	2,	753.928,			22.963,			0.1,			0.1,			21.87,			0.099,			0.099
803,	2,	755.77,			22.81,			0.099,			0.099,			21.989,			0.099,			0.099
804,	2,	757.192,			22.156,			0.1,			0.1,			21.493,			0.099,			0.099
805,	2,	757.205,			21.732,			0.1,			0.1,			23.381,			0.099,			0.099
806,	2,	759.4,			22.081,			0.099,			0.099,			22.445,			0.099,			0.099
807,	2,	759.748,			24.598,			0.099,			0.099,			21.486,			0.099,			0.1
808,	2,	760.116,			23.245,			0.099,			0.099,			21.797,			0.099,			0.1
809,	2,	760.351,			23.517,			0.099,			0.099,			22.357,			0.099,			0.099
810,	2,	762.483,			22.82,			0.099,			0.099,			24.486,			0.099,			0.099
811,	2,	763.178,			23.61,			0.099,			0.099,			24.583,			0.099,			0.099
812,	2,	766.311,			22.987,			0.099,			0.099,			22.545,			0.099,			0.099
813,	2,	767.018,			21.776,			0.099,			0.099,			22.812,			0.099,			0.099
814,	2,	767.026,			22.394,			0.099,			0.099,			24.457,			0.099,			0.099
815,	2,	768.026,			21.719,			0.1,			0.1,			23.64,			0.099,			0.1
816,	2,	768.086,			22.021,			0.099,			0.099,			23.841,			0.099,			0.099
817,	2,	768.573,			22.648,			0.1,			0.1,			22.197,			0.099,			0.099
818,	2,	769.948,			22.259,			0.1,			0.1,			21.75,			0.099,			0.099
819,	2,	770.223,			23.57,			0.099,			0.099,			22.886,			0.099,			0.099
820,	2,	771.409,			23.454,			0.099,			0.099,			22.381,			0.1,			0.099
821,	2,	771.524,			23.67,			0.099,			0.099,			23.423,			0.099,			0.099
822,	2,	772.964,			23.871,			0.099,			0.099,			23.062,			0.099,			0.099
823,	2,	773.554,			22.439,			0.099,			0.099,			21.697,			0.099,			0.099
824,	2,	773.901,			22.185,			0.099,			0.099,			21.88,			0.099,			0.099
825,	2,	774.905,			22.93,			0.099,			0.099,			22.411,			0.1,			0.099
826,	2,	775.979,			23.767,			0.099,			0.099,			23.22,			0.099,			0.099
827,	2,	776.176,			22.445,			0.1,			0.1,			24.211,			0.099,			0.099
828,	2,	778.115,			23.954,			0.099,			0.099,			22.197,			0.1,			0.099
829,	2,	781.396,			24.009,			0.099,			0.099,			22.117,			0.099,			0.099
830,	2,	781.419,			24.521,			0.099,			0.099,			24.102,			0.099,			0.099
831,	2,	781.696,			22.614,			0.099,			0.099,			23.805,			0.099,			0.099
832,	2,	781.754,			24.132,			0.099,			0.099,			24.211,			0.099,			0.099
833,	2,	782.32,			24.216,			0.1,			0.1,			24.263,			0.1,			0.099
834,	2,	784.027,			21.8,			0.099,			0.099,			22.147,			0.099,			0.099
835,	2,	784.031,			22.427,			0.099,			0.099,			21.782,			0.099,			0.099
836,	2,	784.403,			23.295,			0.099,			0.099,			23.685,			0.099,			0.099
837,	2,	784.605,			22.282,			0.099,			0.099,			21.994,			0.099,			0.099
838,	2,	785.537,			23.584,			0.099,			0.099,			22.322,			0.099,			0.099
839,	2,	786.554,			23.845,			0.099,			0.099,			23.023,			0.099,			0.099
840,	2,	787.215,			24.118,			0.099,			0.099,			22.644,			0.099,			0.099
841,	2,	788.654,			24.677,			0.099,			0.099,			21.828,			0.1,			0.099
842,	2,	789.985,			24.464,			0.099,			0.099,			21.782,			0.099,			0.099
843,	2,	790.162,			23.099,			0.099,			0.099,			24.141,			0.099,			0.099
844,	2,	790.831,			21.82,			0.099,			0.099,			24.519,			0.1,			0.099
845,	2,	791.265,			22.462,			0.099,			0.099,			23.888,			0.099,			0.099
846,	2,	791.524,			23.693,			0.099,			0.099,			23.028,			0.099,			0.099
847,	2,	791.566,			22.143,			0.099,			0.099,			22.363,			0.099,			0.099
848,	2,	791.9,			21.657,			0.099,			0.099,			21.945,			0.099,			0.099
849,	2,	792.26,			22.684,			0.1,			0.1,			23.023,			0.099,			0.099
850,	2,	793.216,			22.045,			0.099,			0.099,			22.017,			0.099,			0.099
851,	2,	795.448,			23.22,			0.099,			0.099,			25.107,			0.099,			0.099
852,	2,	797.237,			23.313,			0.099,			0.099,			21.926,			0.099,			0.099
853,	2,	797.585,			22.185,			0.099,			0.099,			21.492,			0.1,			0.099
854,	2,	799.583,			21.87,			0.099,			0.099,			21.819,			0.099,			0.099
855,	2,	800.212,			23.798,			0.1,			0.1,			21.232,			0.099,			0.099
856,	2,	801.271,			22.296,			0.099,			0.099,			23.327,			0.099,			0.099
857,	2,	801.526,			24.369,			0.099,			0.099,			21.535,			0.099,			0.099
858,	2,	802.304,			22.546,			0.099,			0.099,			23.113,			0.099,			0.099
859,	2,	802.957,			21.767,			0.099,			0.099,			24.558,			0.099,			0.099
860,	2,	804.333,			22.978,			0.099,			0.099,			22.673,			0.099,			0.099
861,	2,	805.939,			21.908,			0.099,			0.099,			23.013,			0.099,			0.099
862,	2,	806.748,			22.997,			0.099,			0.099,			21.83,			0.099,			0.099
863,	2,	808.017,			23.006,			0.099,			0.099,			22.281,			0.099,			0.1
864,	2,	808.532,			22.51,			0.099,			0.099,			24.855,			0.099,			0.099
865,	2,	808.639,			22.016,			0.099,			0.099,			21.796,			0.099,			0.099
866,	2,	809.412,			23.176,			0.099,			0.099,			21.607,			0.099,			0.099
867,	2,	810.188,			24.519,			0.099,			0.099,			24.39,			0.099,			0.099
868,	2,	810.67,			21.76,			0.099,			0.099,			22.214,			0.1,			0.1
869,	2,	810.699,			23.708,			0.099,			0.099,			23.526,			0.099,			0.099
870,	2,	813.41,			22.393,			0.099,			0.099,			22.628,			0.099,			0.099
871,	2,	815.491,			22.743,			0.099,			0.099,			24.716,			0.099,			0.1
872,	2,	817.264,			23.358,			0.099,			0.099,			23.892,			0.099,			0.099
873,	2,	817.754,			21.649,			0.099,			0.099,			22.203,			0.099,			0.099
874,	2,	817.903,			21.735,			0.099,			0.099,			21.895,			0.099,			0.099
875,	2,	818.085,			22.698,			0.099,			0.099,			25.161,			0.099,			0.099
876,	2,	819.07,			22.053,			0.099,			0.099,			22.105,			0.099,			0.099
877,	2,	819.329,			22.614,			0.1,			0.1,			22.243,			0.099,			0.099
878,	2,	820.289,			22.506,			0.099,			0.099,			24.912,			0.099,			0.099
879,	2,	824.031,			23.965,			0.099,			0.099,			22.916,			0.1,			0.099
880,	2,	826.551,			21.913,			0.1,			0.1,			22.542,			0.099,			0.099
881,	2,	826.983,			22.279,			0.1,			0.1,			22.472,			0.1,			0.099
882,	2,	830.544,			21.961,			0.099,			0.099,			23.156,			0.1,			0.099
883,	2,	831.009,			24.555,			0.099,			0.099,			22.404,			0.099,			0.1
884,	2,	831.839,			23.066,			0.099,			0.099,			23.634,			0.099,			0.099
885,	2,	834.244,			22.686,			0.1,			0.1,			22.157,			0.099,			0.099
886,	2,	836.98,			23.628,			0.1,			0.1,			23.104,			0.099,			0.1
887,	2,	837.514,			21.893,			0.1,			0.1,			23.122,			0.099,			0.099
888,	2,	838.045,			22.644,			0.099,			0.099,			24.607,			0.099,			0.099
889,	2,	838.403,			21.524,			0.099,			0.099,			23.89,			0.099,			0.099
890,	2,	838.812,			23.926,			0.099,			0.099,			22.316,			0.099,			0.099
891,	2,	840.296,			23.404,			0.099,			0.099,			23.937,			0.1,			0.1
892,	2,	841.38,			23.467,			0.099,			0.099,			24.346,			0.099,			0.099
893,	2,	842.035,			21.587,			0.099,			0.099,			23.673,			0.099,			0.099
894,	2,	842.379,			22.45,			0.099,			0.099,			22.812,			0.099,			0.1
895,	2,	843.414,			23.217,			0.1,			0.1,			21.471,			0.099,			0.099
896,	2,	844.486,			21.972,			0.099,			0.099,			21.534,			0.099,			0.099
897,	2,	848.458,			22.731,			0.099,			0.099,			21.559,			0.099,			0.1
898,	2,	848.936,			24.138,			0.099,			0.099,			24.073,			0.099,			0.1
899,	2,	849.502,			22.223,			0.099,			0.099,			22.698,			0.099,			0.099
900,	2,	849.68,			21.734,			0.099,			0.099,			23.561,			0.099,			0.1
901,	2,	851.917,			21.731,			0.099,			0.099,			21.602,			0.099,			0.099
902,	2,	853.421,			23.582,			0.099,			0.099,			21.46,			0.099,			0.099
903,	2,	853.809,			22.741,			0.099,			0.099,			22.904,			0.099,			0.099
904,	2,	854.156,			23.318,			0.1,			0.1,			24.009,			0.099,			0.099
905,	2,	855.386,			22.225,			0.099,			0.099,			23.7,			0.1,			0.099
906,	2,	856.05,			24.358,			0.099,			0.099,			21.527,			0.099,			0.099
907,	2,	856.804,			23.358,			0.099,			0.099,			22.029,			0.099,			0.099
908,	2,	862.014,			23.275,			0.099,			0.099,			22.054,			0.099,			0.099
909,	2,	863.299,			24.446,			0.1,			0.1,			21.9,			0.099,			0.099
910,	2,	863.535,			25.152,			0.099,			0.099,			21.727,			0.099,			0.099
911,	2,	863.844,			21.665,			0.1,			0.1,			21.304,			0.099,			0.099
912,	2,	865.68,			24.798,			0.099,			0.099,			21.715,			0.099,			0.1
913,	2,	868.727,			22.963,			0.099,			0.099,			21.602,			0.099,			0.099
914,	2,	868.876,			21.82,			0.099,			0.099,			21.732,			0.099,			0.099
915,	2,	869.88,			22.477,			0.099,			0.099,			23.246,			0.099,			0.099
916,	2,	870.275,			22.59,			0.099,			0.099,			23.983,			0.099,			0.099
917,	2,	871.451,			21.846,			0.1,			0.1,			22.015,			0.099,			0.099
918,	2,	871.927,			21.395,			0.099,			0.099,			22.548,			0.1,			0.099
919,	2,	872.1,			22.154,			0.099,			0.099,			21.555,			0.1,			0.099
920,	2,	872.452,			23.567,			0.099,			0.099,			23.77,			0.099,			0.099
921,	2,	873.269,			22.364,			0.099,			0.099,			22.52,			0.1,			0.099
922,	2,	873.83,			21.778,			0.1,			0.1,			21.901,			0.1,			0.099
923,	2,	874.208,			24.93,			0.099,			0.099,			23.089,			0.099,			0.099
924,	2,	874.746,			23.188,			0.099,			0.099,			22.325,			0.099,			0.099
925,	2,	876.313,			22.569,			0.099,			0.099,			22.543,			0.099,			0.1
926,	2,	877.484,			22.298,			0.099,			0.099,			22.464,			0.099,			0.099
927,	2,	878.537,			22.196,			0.099,			0.099,			23.804,			0.099,			0.099
928,	2,	878.896,			23.012,			0.1,			0.1,			22.088,			0.099,			0.099
929,	2,	880.163,			22.378,			0.099,			0.099,			22.208,			0.099,			0.099
930,	2,	881.299,			22.749,			0.099,			0.099,			21.566,			0.099,			0.099
931,	2,	881.908,			24.137,			0.099,			0.099,			22.834,			0.099,			0.099
932,	2,	883.27,			22.32,			0.099,			0.099,			22.206,			0.099,			0.099
933,	2,	883.698,			23.517,			0.099,			0.099,			24.872,			0.099,			0.099
934,	2,	884.816,			22.217,			0.099,			0.099,			22.134,			0.099,			0.099
935,	2,	884.973,			22.316,			0.099,			0.099,			22.913,			0.099,			0.099
936,	2,	885.882,			22.161,			0.099,			0.099,			22.852,			0.099,			0.099
937,	2,	885.982,			22.489,			0.099,			0.099,			22.637,			0.099,			0.099
938,	2,	886.966,			24.27,			0.099,			0.099,			23.816,			0.099,			0.099
939,	2,	887.745,			22.397,			0.099,			0.099,			21.671,			0.099,			0.099
940,	2,	887.793,			22.998,			0.099,			0.099,			22.74,			0.099,			0.099
941,	2,	888.582,			23.182,			0.1,			0.1,			22.462,			0.099,			0.099
942,	2,	889.433,			24.194,			0.099,			0.099,			21.908,			0.1,			0.099
943,	2,	890.262,			24.395,			0.1,			0.1,			22.088,			0.099,			0.099
944,	2,	890.627,			24.797,			0.1,			0.1,			23.785,			0.099,			0.1
945,	2,	891.805,			24.648,			0.099,			0.099,			22.148,			0.099,			0.099
946,	2,	891.975,			23.493,			0.099,			0.099,			24.555,			0.099,			0.099
947,	2,	893.95,			22.046,			0.099,			0.099,			22.609,			0.099,			0.099
948,	2,	898.168,			24.125,			0.099,			0.099,			25.171,			0.099,			0.099
949,	2,	899.544,			24.937,			0.099,			0.099,			22.157,			0.099,			0.1
950,	2,	899.583,			23.163,			0.099,			0.099,			24.122,			0.099,			0.099
