#, task_type_id, arrival_time,	estimated_time_t2xlarge,	estimated_time_g3sxlarge,	estimated_time_CLOUD,	execution_time_t2xlarge,	execution_time_g3sxlarge,	execution_time_CLOUD
1,	2,	1.891,			21.71,			0.099,			0.099,			23.558,			0.099,			0.099
2,	2,	2.105,			22.981,			0.099,			0.099,			21.966,			0.099,			0.099
3,	2,	2.716,			23.725,			0.099,			0.099,			24.445,			0.099,			0.099
4,	2,	3.643,			23.789,			0.1,			0.1,			21.7,			0.099,			0.099
5,	2,	5.166,			22.199,			0.099,			0.099,			21.685,			0.099,			0.099
6,	2,	10.284,			23.459,			0.099,			0.099,			23.045,			0.099,			0.099
7,	2,	10.42,			22.931,			0.099,			0.099,			21.554,			0.1,			0.099
8,	2,	12.639,			24.152,			0.099,			0.099,			21.754,			0.099,			0.099
9,	2,	13.241,			22.424,			0.1,			0.1,			24.908,			0.099,			0.099
10,	2,	14.764,			22.185,			0.099,			0.099,			21.835,			0.099,			0.099
11,	2,	14.869,			23.163,			0.1,			0.1,			22.207,			0.099,			0.1
12,	2,	15.197,			22.099,			0.099,			0.099,			24.933,			0.099,			0.099
13,	2,	20.433,			21.757,			0.099,			0.099,			21.564,			0.099,			0.099
14,	2,	21.191,			23.5,			0.099,			0.099,			22.317,			0.099,			0.099
15,	2,	22.109,			23.245,			0.099,			0.099,			21.719,			0.099,			0.1
16,	2,	22.559,			24.016,			0.099,			0.099,			23.574,			0.099,			0.099
17,	2,	24.255,			24.148,			0.099,			0.099,			24.757,			0.099,			0.1
18,	2,	27.389,			22.036,			0.099,			0.099,			24.073,			0.099,			0.099
19,	2,	27.626,			21.576,			0.099,			0.099,			21.823,			0.099,			0.099
20,	2,	27.843,			22.569,			0.099,			0.099,			21.599,			0.099,			0.099
21,	2,	30.027,			23.44,			0.099,			0.099,			22.552,			0.099,			0.099
22,	2,	30.167,			21.991,			0.099,			0.099,			23.868,			0.099,			0.099
23,	2,	33.102,			21.753,			0.099,			0.099,			21.809,			0.099,			0.099
24,	2,	33.597,			23.583,			0.099,			0.099,			21.518,			0.1,			0.099
25,	2,	36.384,			21.412,			0.099,			0.099,			21.754,			0.099,			0.099
26,	2,	37.057,			23.564,			0.099,			0.099,			22.477,			0.1,			0.099
27,	2,	37.843,			24.409,			0.099,			0.099,			22.177,			0.099,			0.1
28,	2,	39.112,			24.038,			0.099,			0.099,			21.749,			0.099,			0.099
29,	2,	39.593,			22.679,			0.099,			0.099,			24.499,			0.099,			0.1
30,	2,	40.815,			23.639,			0.099,			0.099,			21.994,			0.099,			0.099
31,	2,	41.44,			22.86,			0.099,			0.099,			23.702,			0.099,			0.099
32,	2,	44.082,			22.912,			0.099,			0.099,			22.394,			0.099,			0.099
33,	2,	44.931,			23.006,			0.099,			0.099,			23.181,			0.099,			0.099
34,	2,	45.223,			24.679,			0.099,			0.099,			21.941,			0.1,			0.099
35,	2,	45.765,			24.607,			0.1,			0.1,			24.603,			0.099,			0.099
36,	2,	47.293,			22.508,			0.099,			0.099,			22.907,			0.099,			0.099
37,	2,	49.392,			22.557,			0.099,			0.099,			23.7,			0.099,			0.099
38,	2,	52.107,			24.284,			0.1,			0.1,			23.531,			0.099,			0.1
39,	2,	52.503,			22.729,			0.1,			0.1,			23.425,			0.099,			0.1
40,	2,	52.748,			21.765,			0.099,			0.099,			23.922,			0.099,			0.099
41,	2,	53.558,			24.088,			0.099,			0.099,			22.068,			0.099,			0.099
42,	2,	54.678,			24.573,			0.099,			0.099,			22.352,			0.099,			0.099
43,	3,	56.226,			6.093,			1.5,			1.5,			3.337,			1.279,			2.247
44,	2,	57.542,			24.009,			0.099,			0.099,			22.465,			0.1,			0.099
45,	2,	59.895,			22.943,			0.099,			0.099,			22.643,			0.099,			0.099
46,	2,	62.561,			23.439,			0.099,			0.099,			21.957,			0.099,			0.099
47,	2,	62.907,			22.052,			0.099,			0.099,			22.462,			0.099,			0.099
48,	2,	63.149,			23.702,			0.099,			0.099,			22.482,			0.099,			0.1
49,	2,	64.568,			21.56,			0.099,			0.099,			22.588,			0.099,			0.099
50,	2,	66.935,			21.82,			0.099,			0.099,			21.814,			0.099,			0.099
51,	2,	67.577,			24.227,			0.1,			0.1,			24.701,			0.099,			0.099
52,	2,	70.967,			24.603,			0.099,			0.099,			21.949,			0.099,			0.099
53,	2,	73.22,			22.199,			0.099,			0.099,			21.909,			0.1,			0.099
54,	2,	74.535,			23.63,			0.099,			0.099,			23.081,			0.099,			0.099
55,	2,	75.273,			23.7,			0.099,			0.099,			21.925,			0.099,			0.099
56,	2,	76.353,			22.462,			0.099,			0.099,			23.598,			0.099,			0.099
57,	2,	79.714,			21.82,			0.099,			0.099,			21.621,			0.099,			0.099
58,	2,	82.357,			22.164,			0.1,			0.1,			22.182,			0.099,			0.099
59,	2,	82.71,			23.589,			0.099,			0.099,			22.232,			0.099,			0.099
60,	2,	83.151,			24.366,			0.099,			0.099,			24.149,			0.099,			0.099
61,	2,	87.732,			22.851,			0.099,			0.099,			23.14,			0.099,			0.1
62,	2,	87.826,			24.813,			0.099,			0.099,			24.45,			0.099,			0.099
63,	2,	90.015,			21.754,			0.099,			0.099,			22.848,			0.099,			0.099
64,	2,	90.673,			22.442,			0.099,			0.099,			22.552,			0.099,			0.099
65,	2,	94.161,			24.169,			0.099,			0.099,			22.997,			0.099,			0.099
66,	2,	94.432,			24.571,			0.099,			0.099,			21.902,			0.099,			0.099
67,	2,	94.443,			22.133,			0.099,			0.099,			22.811,			0.099,			0.099
68,	2,	94.898,			23.742,			0.099,			0.099,			22.594,			0.099,			0.1
69,	2,	95.015,			25.09,			0.099,			0.099,			22.494,			0.099,			0.099
70,	2,	97.49,			22.132,			0.1,			0.1,			22.793,			0.099,			0.099
71,	2,	98.064,			22.679,			0.099,			0.099,			22.026,			0.099,			0.099
72,	2,	98.5,			21.929,			0.1,			0.1,			21.662,			0.099,			0.099
73,	2,	100.336,			23.55,			0.1,			0.1,			21.782,			0.099,			0.099
74,	2,	101.542,			23.103,			0.099,			0.099,			22.978,			0.099,			0.099
75,	2,	101.926,			22.748,			0.099,			0.099,			23.689,			0.099,			0.1
76,	2,	103.568,			21.806,			0.099,			0.099,			23.012,			0.1,			0.099
77,	2,	103.612,			23.074,			0.099,			0.099,			23.341,			0.099,			0.099
78,	1,	104.071,			1.523,			0.873,			0.873,			1.803,			0.878,			1.224
79,	2,	107.078,			22.637,			0.099,			0.099,			23.307,			0.099,			0.099
80,	2,	108.241,			22.161,			0.099,			0.099,			23.082,			0.099,			0.099
81,	2,	108.306,			21.937,			0.099,			0.099,			24.019,			0.099,			0.099
82,	1,	111.563,			0.95,			0.626,			0.626,			1.825,			0.812,			0.824
83,	2,	111.655,			23.734,			0.099,			0.099,			23.262,			0.099,			0.099
84,	2,	112.374,			24.673,			0.099,			0.099,			23.74,			0.099,			0.099
85,	2,	112.742,			25.105,			0.099,			0.099,			23.22,			0.099,			0.099
86,	2,	112.862,			21.704,			0.099,			0.099,			21.727,			0.099,			0.099
87,	2,	115.29,			22.063,			0.099,			0.099,			22.323,			0.099,			0.099
88,	1,	116.672,			1.046,			1.213,			1.213,			1.798,			1.335,			0.935
89,	2,	117.95,			22.053,			0.099,			0.099,			22.916,			0.1,			0.099
90,	2,	120.01,			22.586,			0.1,			0.1,			23.955,			0.099,			0.099
91,	2,	120.795,			23.747,			0.1,			0.1,			25.003,			0.099,			0.099
92,	2,	121.744,			23.747,			0.099,			0.099,			23.774,			0.1,			0.099
93,	2,	124.568,			22.935,			0.099,			0.099,			21.78,			0.099,			0.099
94,	2,	124.732,			24.118,			0.099,			0.099,			23.561,			0.099,			0.099
95,	2,	124.794,			22.185,			0.099,			0.099,			23.35,			0.099,			0.099
96,	2,	126.462,			21.961,			0.099,			0.099,			21.78,			0.099,			0.099
97,	2,	130.454,			23.066,			0.099,			0.099,			21.61,			0.099,			0.099
98,	2,	130.618,			23.046,			0.099,			0.099,			22.508,			0.099,			0.099
99,	2,	131.853,			22.105,			0.099,			0.099,			22.442,			0.099,			0.099
100,	2,	136.388,			22.091,			0.099,			0.099,			21.996,			0.1,			0.099
101,	2,	138.351,			24.982,			0.099,			0.099,			24.409,			0.099,			0.099
102,	2,	141.431,			22.943,			0.099,			0.099,			23.816,			0.099,			0.099
103,	2,	144.334,			22.878,			0.099,			0.099,			21.593,			0.099,			0.099
104,	2,	145.686,			21.642,			0.099,			0.099,			22.339,			0.099,			0.099
105,	2,	148.923,			21.74,			0.099,			0.099,			23.583,			0.099,			0.099
106,	2,	149.297,			24.717,			0.099,			0.099,			23.183,			0.099,			0.099
107,	2,	149.965,			22.823,			0.099,			0.099,			23.926,			0.099,			0.1
108,	2,	153.447,			23.145,			0.099,			0.099,			24.475,			0.099,			0.099
109,	2,	155.198,			21.921,			0.099,			0.099,			21.541,			0.099,			0.099
110,	2,	155.485,			23.118,			0.099,			0.099,			22.105,			0.099,			0.099
111,	2,	156.012,			23.795,			0.099,			0.099,			21.782,			0.099,			0.099
112,	2,	157.102,			23.598,			0.1,			0.1,			23.688,			0.099,			0.099
113,	2,	158.498,			24.197,			0.099,			0.099,			22.53,			0.099,			0.099
114,	2,	160.129,			22.28,			0.099,			0.099,			24.908,			0.1,			0.1
115,	2,	162.466,			23.517,			0.1,			0.1,			21.766,			0.099,			0.099
116,	2,	162.854,			21.548,			0.099,			0.099,			22.157,			0.099,			0.099
117,	2,	164.267,			23.35,			0.099,			0.099,			22.959,			0.099,			0.099
118,	2,	164.588,			22.904,			0.099,			0.099,			22.738,			0.099,			0.099
119,	2,	164.965,			23.375,			0.1,			0.1,			22.308,			0.099,			0.099
120,	2,	164.974,			22.636,			0.099,			0.099,			22.033,			0.099,			0.099
121,	2,	166.01,			22.334,			0.099,			0.099,			21.597,			0.1,			0.099
122,	2,	166.043,			23.765,			0.099,			0.099,			21.715,			0.099,			0.099
123,	2,	166.476,			22.795,			0.099,			0.099,			22.564,			0.099,			0.099
124,	2,	167.55,			22.872,			0.1,			0.1,			22.364,			0.099,			0.099
125,	2,	168.447,			22.203,			0.1,			0.1,			24.507,			0.099,			0.099
126,	2,	169.37,			23.811,			0.099,			0.099,			22.193,			0.099,			0.099
127,	2,	170.184,			22.156,			0.099,			0.099,			22.018,			0.099,			0.099
128,	1,	170.365,			1.326,			1.213,			1.213,			2.091,			1.217,			0.623
129,	2,	173.692,			23.056,			0.099,			0.099,			22.041,			0.099,			0.099
130,	1,	175.705,			1.515,			0.63,			0.63,			0.999,			0.804,			0.788
131,	2,	176.279,			21.601,			0.099,			0.099,			22.755,			0.099,			0.099
132,	2,	178.055,			23.788,			0.099,			0.099,			22.185,			0.099,			0.099
133,	1,	179.279,			2.056,			1.181,			1.181,			1.239,			0.853,			0.912
134,	2,	180.654,			23.341,			0.099,			0.099,			23.912,			0.099,			0.099
135,	2,	181.207,			23.76,			0.1,			0.1,			21.997,			0.099,			0.099
136,	2,	182.806,			22.853,			0.099,			0.099,			21.779,			0.099,			0.099
137,	2,	183.442,			24.279,			0.099,			0.099,			22.839,			0.099,			0.099
138,	2,	183.628,			21.587,			0.099,			0.099,			24.648,			0.099,			0.099
139,	2,	185.387,			23.357,			0.099,			0.099,			22.511,			0.099,			0.099
140,	2,	185.664,			21.786,			0.099,			0.099,			22.608,			0.1,			0.099
141,	2,	188.335,			21.627,			0.099,			0.099,			21.401,			0.099,			0.099
142,	2,	189.062,			23.007,			0.099,			0.099,			21.724,			0.1,			0.099
143,	2,	189.769,			23.81,			0.099,			0.099,			24.195,			0.099,			0.099
144,	2,	191.014,			22.2,			0.099,			0.099,			23.103,			0.1,			0.099
145,	2,	192.582,			21.377,			0.099,			0.099,			24.144,			0.099,			0.099
146,	2,	196.023,			23.313,			0.099,			0.099,			22.757,			0.099,			0.099
147,	2,	197.182,			22.848,			0.099,			0.099,			22.729,			0.1,			0.099
148,	2,	197.189,			23.892,			0.099,			0.099,			23.548,			0.1,			0.099
149,	2,	197.233,			22.122,			0.099,			0.099,			22.686,			0.099,			0.099
150,	2,	198.317,			21.973,			0.099,			0.099,			23.282,			0.099,			0.099
151,	2,	198.321,			21.78,			0.099,			0.099,			24.016,			0.099,			0.099
152,	2,	199.76,			24.257,			0.099,			0.099,			22.229,			0.099,			0.099
153,	2,	199.771,			22.209,			0.1,			0.1,			21.715,			0.099,			0.1
154,	1,	202.037,			2.151,			0.788,			0.788,			1.486,			0.626,			0.849
155,	2,	203.884,			21.689,			0.099,			0.099,			23.861,			0.099,			0.1
156,	2,	204.096,			22.601,			0.099,			0.099,			22.302,			0.099,			0.099
157,	2,	205.158,			21.988,			0.099,			0.099,			21.876,			0.099,			0.099
158,	2,	207.384,			23.463,			0.099,			0.099,			24.269,			0.1,			0.099
159,	2,	208.988,			22.487,			0.099,			0.099,			21.821,			0.099,			0.099
160,	2,	208.989,			23.156,			0.099,			0.099,			22.388,			0.099,			0.099
161,	2,	209.645,			24.088,			0.099,			0.099,			23.968,			0.1,			0.1
162,	2,	209.997,			22.115,			0.099,			0.099,			22.997,			0.099,			0.099
163,	2,	210.19,			21.906,			0.099,			0.099,			22.296,			0.099,			0.099
164,	2,	212.863,			22.151,			0.099,			0.099,			21.835,			0.099,			0.099
165,	2,	213.486,			22.244,			0.1,			0.1,			24.016,			0.099,			0.099
166,	1,	214.465,			1.291,			0.825,			0.825,			1.087,			1.141,			0.866
167,	2,	215.318,			23.84,			0.099,			0.099,			22.589,			0.099,			0.1
168,	2,	216.416,			24.009,			0.099,			0.099,			23.39,			0.099,			0.099
169,	2,	219.197,			22.244,			0.099,			0.099,			23.523,			0.099,			0.099
170,	2,	219.475,			21.524,			0.099,			0.099,			22.185,			0.099,			0.099
171,	2,	220.37,			22.216,			0.099,			0.099,			21.627,			0.099,			0.099
172,	2,	220.413,			21.508,			0.099,			0.099,			23.263,			0.1,			0.099
173,	2,	221.449,			21.933,			0.099,			0.099,			21.661,			0.099,			0.099
174,	1,	223.281,			0.956,			1.192,			1.192,			1.032,			1.597,			1.405
175,	2,	225.152,			21.448,			0.099,			0.099,			22.326,			0.099,			0.099
176,	2,	225.532,			21.941,			0.1,			0.1,			24.637,			0.099,			0.099
177,	1,	226.469,			1.314,			0.613,			0.613,			1.325,			0.611,			0.895
178,	2,	227.268,			24.108,			0.099,			0.099,			22.427,			0.099,			0.099
179,	2,	228.474,			24.848,			0.1,			0.1,			24.677,			0.099,			0.099
180,	2,	228.802,			21.78,			0.099,			0.099,			21.69,			0.099,			0.1
181,	1,	228.893,			2.008,			0.87,			0.87,			1.252,			1.264,			0.797
182,	2,	229.385,			23.747,			0.099,			0.099,			23.674,			0.099,			0.099
183,	2,	229.409,			22.542,			0.099,			0.099,			23.77,			0.099,			0.099
184,	2,	229.694,			23.449,			0.099,			0.099,			21.797,			0.099,			0.1
185,	2,	230.357,			22.043,			0.099,			0.099,			22.26,			0.099,			0.099
186,	2,	230.796,			24.872,			0.1,			0.1,			22.91,			0.099,			0.099
187,	2,	230.83,			23.955,			0.099,			0.099,			21.992,			0.099,			0.099
188,	2,	232.255,			23.611,			0.099,			0.099,			21.753,			0.099,			0.099
189,	1,	234.359,			1.244,			1.143,			1.143,			1.525,			0.617,			1.12
190,	2,	234.966,			21.998,			0.099,			0.099,			22.156,			0.099,			0.099
191,	2,	235.407,			21.961,			0.099,			0.099,			22.439,			0.099,			0.099
192,	2,	236.109,			24.362,			0.099,			0.099,			22.263,			0.099,			0.099
193,	2,	236.294,			22.28,			0.099,			0.099,			21.621,			0.099,			0.099
194,	2,	237.703,			22.654,			0.1,			0.1,			22.493,			0.099,			0.099
195,	2,	239.46,			22.82,			0.1,			0.1,			22.916,			0.099,			0.099
196,	2,	241.691,			22.414,			0.099,			0.099,			22.284,			0.099,			0.099
197,	1,	241.887,			1.235,			0.94,			0.94,			1.42,			0.996,			1.258
198,	2,	243.104,			24.288,			0.099,			0.099,			22.452,			0.099,			0.1
199,	1,	244.301,			1.221,			1.078,			1.078,			1.328,			0.863,			0.874
200,	2,	246.174,			25.035,			0.099,			0.099,			21.665,			0.1,			0.099
201,	2,	247.376,			22.099,			0.099,			0.099,			24.446,			0.099,			0.099
202,	1,	247.969,			1.295,			0.87,			0.87,			1.932,			0.903,			0.82
203,	2,	248.123,			22.194,			0.1,			0.1,			22.942,			0.099,			0.1
204,	2,	250.632,			24.263,			0.099,			0.099,			21.913,			0.099,			0.099
205,	2,	252.088,			22.872,			0.1,			0.1,			24.613,			0.099,			0.099
206,	2,	252.192,			21.906,			0.099,			0.099,			24.934,			0.099,			0.099
207,	2,	254.744,			21.528,			0.099,			0.099,			24.13,			0.099,			0.1
208,	1,	254.91,			1.244,			0.937,			0.937,			0.999,			0.952,			0.92
209,	2,	256.479,			21.804,			0.099,			0.099,			22.216,			0.099,			0.099
210,	2,	256.833,			21.949,			0.099,			0.099,			21.678,			0.099,			0.099
211,	2,	257.924,			23.934,			0.099,			0.099,			21.747,			0.099,			0.099
212,	1,	258.172,			1.388,			0.908,			0.908,			1.27,			0.688,			0.873
213,	1,	258.247,			1.005,			0.947,			0.947,			1.503,			0.887,			0.849
214,	1,	258.689,			1.44,			0.627,			0.627,			1.223,			0.929,			0.959
215,	1,	258.86,			1.93,			1.393,			1.393,			1.262,			0.841,			0.914
216,	2,	259.41,			21.732,			0.1,			0.1,			23.037,			0.099,			0.099
217,	2,	261.146,			21.617,			0.099,			0.099,			22.021,			0.099,			0.099
218,	2,	262.343,			22.13,			0.099,			0.099,			24.898,			0.099,			0.099
219,	2,	264.692,			21.73,			0.099,			0.099,			22.316,			0.099,			0.099
220,	2,	265.504,			21.788,			0.099,			0.099,			25.049,			0.099,			0.099
221,	1,	266.662,			1.262,			0.898,			0.898,			1.5,			0.91,			0.971
222,	2,	268.713,			24.578,			0.099,			0.099,			22.579,			0.099,			0.099
223,	2,	269.296,			22.233,			0.099,			0.099,			21.942,			0.099,			0.099
224,	2,	270.019,			24.616,			0.099,			0.099,			22.636,			0.099,			0.099
225,	2,	270.501,			23.13,			0.099,			0.099,			24.024,			0.099,			0.1
226,	1,	270.955,			2.074,			0.929,			0.929,			1.926,			1.115,			0.904
227,	2,	271.934,			21.629,			0.099,			0.099,			24.065,			0.099,			0.099
228,	2,	273.4,			22.029,			0.099,			0.099,			22.222,			0.099,			0.099
229,	2,	275.826,			23.873,			0.099,			0.099,			22.817,			0.099,			0.099
230,	2,	276.312,			23.644,			0.1,			0.1,			23.729,			0.099,			0.099
231,	2,	277.485,			23.708,			0.099,			0.099,			24.943,			0.099,			0.1
232,	2,	277.565,			24.119,			0.099,			0.099,			23.666,			0.099,			0.099
233,	2,	279.146,			21.429,			0.1,			0.1,			22.644,			0.099,			0.099
234,	2,	280.82,			23.747,			0.099,			0.099,			22.023,			0.099,			0.099
235,	1,	281.5,			2.073,			0.72,			0.72,			2.027,			0.935,			0.9
236,	2,	281.721,			24.137,			0.099,			0.099,			23.805,			0.099,			0.1
237,	1,	282.278,			1.217,			1.344,			1.344,			1.524,			0.856,			1.245
238,	2,	284.218,			23.334,			0.099,			0.099,			21.737,			0.099,			0.099
239,	2,	288.833,			23.541,			0.099,			0.099,			21.913,			0.099,			0.099
240,	2,	290.532,			21.821,			0.099,			0.099,			22.529,			0.099,			0.099
241,	2,	290.735,			22.11,			0.099,			0.099,			22.255,			0.1,			0.099
242,	2,	292.012,			25.035,			0.099,			0.099,			22.068,			0.099,			0.099
243,	1,	292.498,			1.257,			0.611,			0.611,			1.261,			0.932,			1.109
244,	2,	293.554,			24.687,			0.099,			0.099,			22.811,			0.099,			0.1
245,	1,	293.6,			1.275,			1.132,			1.132,			1.422,			0.617,			0.611
246,	2,	296.138,			21.627,			0.099,			0.099,			24.302,			0.099,			0.099
247,	2,	297.044,			22.361,			0.099,			0.099,			22.361,			0.099,			0.099
248,	1,	297.199,			1.214,			0.871,			0.871,			1.267,			0.909,			0.898
249,	2,	297.81,			21.564,			0.099,			0.099,			22.249,			0.099,			0.1
250,	1,	297.976,			1.242,			1.22,			1.22,			1.263,			0.729,			0.951
251,	1,	298.094,			1.81,			1.348,			1.348,			2.193,			1.237,			1.203
252,	2,	299.375,			21.593,			0.099,			0.099,			23.84,			0.099,			0.099
253,	1,	300.186,			1.096,			0.588,			0.588,			1.447,			0.849,			0.661
254,	2,	300.914,			21.627,			0.099,			0.099,			23.635,			0.099,			0.099
255,	2,	301.502,			21.703,			0.099,			0.099,			23.339,			0.099,			0.099
256,	1,	302.613,			0.962,			0.836,			0.836,			1.456,			0.876,			0.883
257,	2,	304.386,			22.289,			0.099,			0.099,			24.239,			0.099,			0.099
258,	2,	304.448,			21.913,			0.1,			0.1,			21.44,			0.099,			0.099
259,	2,	305.44,			21.608,			0.099,			0.099,			22.432,			0.099,			0.099
260,	2,	305.522,			24.368,			0.099,			0.099,			22.979,			0.099,			0.099
261,	2,	306.808,			22.5,			0.099,			0.099,			25.016,			0.099,			0.099
262,	2,	307.849,			21.998,			0.099,			0.099,			22.219,			0.099,			0.099
263,	1,	308.725,			1.426,			1.254,			1.254,			1.299,			0.907,			0.922
264,	2,	308.997,			25.028,			0.099,			0.099,			23.742,			0.099,			0.099
265,	1,	310.037,			1.506,			0.873,			0.873,			2.091,			0.935,			0.74
266,	1,	311.965,			2.099,			1.115,			1.115,			1.249,			1.245,			0.895
267,	2,	313.31,			22.377,			0.099,			0.099,			21.675,			0.099,			0.099
268,	2,	315.193,			22.424,			0.099,			0.099,			21.409,			0.099,			0.099
269,	2,	315.366,			24.201,			0.099,			0.099,			21.761,			0.099,			0.099
270,	2,	315.74,			23.355,			0.099,			0.099,			22.186,			0.099,			0.099
271,	1,	316.211,			1.478,			0.935,			0.935,			2.006,			0.717,			0.927
272,	2,	316.391,			24.524,			0.099,			0.099,			21.694,			0.099,			0.099
273,	2,	317.037,			24.677,			0.099,			0.099,			24.426,			0.099,			0.099
274,	2,	318.244,			22.628,			0.099,			0.099,			21.987,			0.099,			0.099
275,	1,	319.122,			2.333,			1.178,			1.178,			0.95,			1.264,			0.623
276,	1,	319.917,			1.274,			0.864,			0.864,			1.033,			1.166,			1.344
277,	2,	319.917,			23.832,			0.099,			0.099,			24.598,			0.099,			0.099
278,	2,	320.186,			24.53,			0.099,			0.099,			23.452,			0.099,			0.099
279,	2,	322.536,			24.307,			0.099,			0.099,			21.436,			0.099,			0.099
280,	2,	323.735,			24.138,			0.099,			0.099,			22.636,			0.099,			0.099
281,	2,	325.521,			22.267,			0.099,			0.099,			23.733,			0.099,			0.099
282,	2,	326.313,			21.529,			0.099,			0.099,			23.043,			0.099,			0.1
283,	2,	326.549,			23.52,			0.099,			0.099,			23.303,			0.099,			0.099
284,	2,	331.226,			23.159,			0.099,			0.099,			21.534,			0.099,			0.099
285,	2,	334.7,			24.216,			0.099,			0.099,			21.902,			0.099,			0.099
286,	2,	335.073,			24.61,			0.099,			0.099,			22.607,			0.099,			0.099
287,	2,	337.457,			21.885,			0.099,			0.099,			21.718,			0.099,			0.099
288,	1,	338.346,			1.505,			0.926,			0.926,			2.038,			1.13,			1.158
289,	2,	338.505,			22.081,			0.1,			0.1,			21.983,			0.099,			0.099
290,	2,	340.096,			23.51,			0.099,			0.099,			23.606,			0.099,			0.099
291,	2,	340.208,			24.385,			0.099,			0.099,			23.14,			0.099,			0.099
292,	2,	341.93,			23.416,			0.099,			0.099,			23.683,			0.1,			0.099
293,	1,	341.961,			1.423,			0.87,			0.87,			1.066,			0.784,			1.22
294,	1,	343.266,			1.294,			0.895,			0.895,			1.82,			0.885,			0.655
295,	2,	345.168,			23.432,			0.099,			0.099,			22.731,			0.099,			0.099
296,	2,	346.522,			23.374,			0.099,			0.099,			21.921,			0.099,			0.099
297,	2,	346.617,			22.163,			0.099,			0.099,			23.674,			0.099,			0.099
298,	1,	347.971,			1.798,			1.405,			1.405,			1.273,			0.849,			1.178
299,	1,	349.258,			1.102,			1.235,			1.235,			1.016,			1.151,			0.922
300,	1,	350.401,			1.224,			0.734,			0.734,			1.301,			0.872,			0.742
301,	1,	355.549,			1.105,			0.627,			0.627,			1.294,			0.9,			1.254
302,	1,	355.644,			1.737,			0.681,			0.681,			1.803,			0.833,			0.873
303,	1,	356.848,			1.232,			1.252,			1.252,			2.099,			1.179,			1.233
304,	2,	358.185,			22.132,			0.1,			0.1,			24.003,			0.099,			0.099
305,	2,	358.698,			23.592,			0.099,			0.099,			22.585,			0.099,			0.099
306,	2,	359.653,			23.534,			0.099,			0.099,			24.381,			0.099,			0.099
307,	1,	360.126,			1.511,			0.783,			0.783,			1.483,			0.942,			0.981
308,	1,	360.404,			1.007,			0.828,			0.828,			1.323,			0.902,			1.231
309,	2,	362.892,			24.817,			0.099,			0.099,			22.117,			0.099,			0.1
310,	2,	363.169,			21.835,			0.099,			0.099,			21.938,			0.099,			0.099
311,	2,	363.24,			22.232,			0.099,			0.099,			23.589,			0.099,			0.1
312,	2,	367.668,			22.076,			0.099,			0.099,			24.426,			0.099,			0.099
313,	2,	368.294,			23.113,			0.1,			0.1,			24.912,			0.099,			0.099
314,	1,	368.986,			1.236,			0.877,			0.877,			1.091,			1.054,			0.794
315,	2,	370.944,			21.701,			0.1,			0.1,			22.242,			0.099,			0.099
316,	2,	371.158,			24.385,			0.099,			0.099,			22.736,			0.1,			0.099
317,	2,	371.657,			21.951,			0.1,			0.1,			21.668,			0.099,			0.099
318,	2,	372.648,			23.558,			0.099,			0.099,			24.374,			0.099,			0.099
319,	1,	377.497,			1.096,			1.258,			1.258,			2.261,			0.904,			1.506
320,	1,	377.752,			1.016,			1.344,			1.344,			1.333,			1.153,			0.853
321,	1,	378.441,			1.932,			0.787,			0.787,			1.852,			0.86,			1.249
322,	2,	381.792,			23.937,			0.099,			0.099,			22.876,			0.099,			0.099
323,	1,	382.565,			1.287,			0.945,			0.945,			1.219,			0.866,			1.335
324,	2,	382.812,			22.013,			0.1,			0.1,			24.37,			0.099,			0.099
325,	2,	384.262,			22.686,			0.099,			0.099,			22.029,			0.1,			0.099
326,	2,	385.31,			22.851,			0.099,			0.099,			21.616,			0.099,			0.099
327,	1,	385.479,			1.433,			0.593,			0.593,			0.937,			0.592,			0.832
328,	2,	389.536,			21.627,			0.099,			0.099,			22.424,			0.099,			0.099
329,	1,	390.966,			1.414,			0.947,			0.947,			1.812,			1.231,			1.549
330,	2,	392.624,			21.514,			0.099,			0.099,			22.424,			0.099,			0.099
331,	1,	393.166,			1.243,			0.874,			0.874,			2.015,			0.612,			0.732
332,	2,	393.623,			22.009,			0.099,			0.099,			21.694,			0.099,			0.1
333,	2,	393.707,			22.666,			0.099,			0.099,			22.738,			0.099,			0.099
334,	1,	394.555,			1.308,			0.864,			0.864,			1.747,			0.895,			0.935
335,	2,	395.256,			22.661,			0.099,			0.099,			21.983,			0.099,			0.099
336,	1,	395.884,			1.956,			0.587,			0.587,			1.791,			0.932,			0.585
337,	2,	396.012,			23.256,			0.099,			0.099,			21.936,			0.099,			0.099
338,	2,	396.618,			21.501,			0.099,			0.099,			24.378,			0.099,			0.099
339,	2,	397.052,			22.902,			0.1,			0.1,			21.944,			0.1,			0.099
340,	2,	397.855,			24.766,			0.1,			0.1,			22.456,			0.099,			0.099
341,	1,	397.925,			1.269,			0.874,			0.874,			1.237,			1.093,			1.444
342,	1,	398.254,			2.056,			0.964,			0.964,			1.073,			0.977,			0.692
343,	2,	399.497,			22.155,			0.099,			0.099,			21.566,			0.099,			0.099
344,	2,	400.202,			23.782,			0.099,			0.099,			22.73,			0.099,			0.099
345,	2,	401.541,			22.211,			0.099,			0.099,			24.55,			0.099,			0.099
346,	1,	407.673,			1.2,			0.746,			0.746,			2.028,			0.823,			1.128
347,	1,	408.95,			1.223,			1.22,			1.22,			1.2,			0.97,			0.785
348,	2,	409.026,			24.446,			0.099,			0.099,			21.955,			0.099,			0.099
349,	2,	409.179,			22.041,			0.099,			0.099,			23.611,			0.099,			0.099
350,	2,	409.72,			23.619,			0.099,			0.099,			22.233,			0.099,			0.099
351,	1,	412.672,			1.294,			0.998,			0.998,			1.469,			0.688,			0.978
352,	2,	414.006,			24.294,			0.099,			0.099,			23.914,			0.099,			0.099
353,	2,	416.956,			21.772,			0.099,			0.099,			22.553,			0.1,			0.099
354,	1,	418.421,			1.77,			1.191,			1.191,			0.983,			0.845,			0.621
355,	2,	418.999,			21.593,			0.099,			0.099,			23.758,			0.099,			0.099
356,	1,	423.429,			1.321,			1.234,			1.234,			1.403,			0.955,			0.913
357,	1,	425.092,			1.258,			1.264,			1.264,			1.221,			1.282,			1.342
358,	2,	425.386,			21.493,			0.1,			0.1,			22.45,			0.099,			0.099
359,	2,	426.321,			24.384,			0.099,			0.099,			22.517,			0.1,			0.099
360,	2,	427.065,			23.64,			0.099,			0.099,			22.578,			0.099,			0.099
361,	2,	427.608,			23.007,			0.099,			0.099,			21.682,			0.099,			0.099
362,	2,	427.639,			24.532,			0.099,			0.099,			23.914,			0.099,			0.099
363,	1,	429.282,			1.756,			1.618,			1.618,			1.407,			0.917,			0.855
364,	2,	430.49,			22.197,			0.099,			0.099,			22.841,			0.1,			0.099
365,	1,	430.854,			0.996,			0.841,			0.841,			1.234,			0.948,			0.74
366,	2,	430.99,			23.349,			0.099,			0.099,			23.866,			0.099,			0.099
367,	2,	431.673,			24.567,			0.099,			0.099,			23.071,			0.1,			0.099
368,	1,	432.564,			1.002,			1.337,			1.337,			2.06,			0.961,			0.655
369,	1,	432.574,			1.428,			0.978,			0.978,			1.41,			1.377,			0.914
370,	1,	433.376,			1.252,			1.527,			1.527,			2.116,			0.914,			1.386
371,	2,	436.334,			23.671,			0.099,			0.099,			23.956,			0.1,			0.099
372,	2,	437.081,			23.561,			0.099,			0.099,			23.558,			0.099,			0.099
373,	2,	438.104,			22.439,			0.099,			0.099,			23.197,			0.099,			0.099
374,	2,	438.596,			22.804,			0.099,			0.099,			23.177,			0.099,			0.099
375,	2,	438.751,			23.677,			0.099,			0.099,			22.043,			0.1,			0.099
376,	2,	439.564,			21.732,			0.099,			0.099,			22.314,			0.099,			0.1
377,	1,	440.031,			1.306,			1.244,			1.244,			1.198,			0.915,			0.932
378,	2,	440.896,			21.835,			0.099,			0.099,			21.414,			0.099,			0.099
379,	2,	442.679,			21.893,			0.099,			0.099,			23.55,			0.099,			0.099
380,	1,	443.156,			1.813,			0.893,			0.893,			1.197,			0.873,			0.823
381,	2,	445.347,			24.937,			0.099,			0.099,			24.008,			0.1,			0.1
382,	2,	445.789,			21.686,			0.099,			0.099,			23.284,			0.1,			0.1
383,	1,	446.439,			1.406,			0.831,			0.831,			1.516,			1.245,			0.614
384,	1,	449.355,			1.203,			0.727,			0.727,			2.159,			0.994,			0.951
385,	1,	449.447,			1.301,			0.934,			0.934,			1.437,			0.627,			0.62
386,	1,	450.292,			0.989,			1.118,			1.118,			1.079,			0.985,			0.87
387,	2,	450.75,			22.045,			0.099,			0.099,			24.534,			0.099,			0.1
388,	1,	451.702,			1.331,			0.732,			0.732,			1.82,			0.871,			0.86
389,	2,	452.327,			22.009,			0.099,			0.099,			21.676,			0.099,			0.099
390,	2,	452.588,			21.761,			0.099,			0.099,			23.008,			0.099,			0.099
391,	2,	453.012,			24.187,			0.099,			0.099,			23.645,			0.1,			0.099
392,	2,	453.823,			24.374,			0.099,			0.099,			22.366,			0.099,			0.1
393,	1,	455.635,			1.516,			0.913,			0.913,			1.407,			0.616,			0.62
394,	2,	456.314,			21.738,			0.099,			0.099,			21.806,			0.099,			0.099
395,	2,	456.409,			22.119,			0.099,			0.099,			21.86,			0.099,			0.1
396,	1,	458.781,			1.422,			1.094,			1.094,			1.273,			0.845,			1.44
397,	2,	460.17,			23.713,			0.099,			0.099,			24.412,			0.1,			0.099
398,	2,	461.26,			24.926,			0.1,			0.1,			24.002,			0.099,			0.099
399,	1,	463.581,			1.817,			0.884,			0.884,			1.298,			1.078,			0.816
400,	1,	466.553,			1.406,			1.549,			1.549,			0.955,			0.956,			0.972
401,	2,	467.619,			23.57,			0.099,			0.099,			22.546,			0.099,			0.099
402,	2,	467.845,			23.887,			0.1,			0.1,			22.009,			0.1,			0.099
403,	2,	468.668,			21.875,			0.099,			0.099,			21.983,			0.099,			0.099
404,	1,	468.786,			1.488,			0.632,			0.632,			1.514,			0.895,			0.788
405,	1,	470.705,			1.401,			0.624,			0.624,			1.191,			0.995,			1.117
406,	2,	471.306,			24.138,			0.099,			0.099,			23.468,			0.099,			0.099
407,	1,	472.438,			1.252,			0.731,			0.731,			2.371,			0.812,			0.905
408,	2,	472.807,			22.415,			0.099,			0.099,			23.892,			0.099,			0.099
409,	2,	473.41,			22.985,			0.099,			0.099,			22.119,			0.099,			0.099
410,	1,	473.732,			1.29,			0.954,			0.954,			1.389,			0.849,			0.978
411,	2,	473.895,			21.865,			0.099,			0.099,			21.794,			0.099,			0.099
412,	1,	474.324,			1.431,			0.971,			0.971,			1.499,			0.891,			0.863
413,	2,	476.982,			23.774,			0.099,			0.099,			24.734,			0.099,			0.099
414,	1,	478.315,			2.124,			0.879,			0.879,			2.149,			0.788,			1.078
415,	2,	479.426,			22.8,			0.099,			0.099,			24.05,			0.099,			0.099
416,	2,	481.182,			21.64,			0.1,			0.1,			22.64,			0.099,			0.099
417,	1,	482.315,			2.002,			0.857,			0.857,			1.295,			1.254,			1.218
418,	2,	485.516,			21.757,			0.1,			0.1,			24.426,			0.1,			0.099
419,	2,	486.925,			25.066,			0.099,			0.099,			22.058,			0.099,			0.099
420,	2,	487.874,			22.94,			0.099,			0.099,			23.116,			0.099,			0.1
421,	2,	489.056,			21.938,			0.099,			0.099,			21.485,			0.099,			0.099
422,	2,	492.296,			22.439,			0.1,			0.1,			24.409,			0.1,			0.099
423,	2,	492.499,			21.837,			0.099,			0.099,			24.774,			0.099,			0.099
424,	1,	492.902,			0.943,			0.985,			0.985,			1.29,			1.151,			0.902
425,	1,	495.891,			0.954,			0.918,			0.918,			2.261,			0.998,			1.166
426,	1,	496.035,			1.247,			0.628,			0.628,			1.097,			0.623,			0.94
427,	2,	496.382,			21.596,			0.099,			0.099,			21.915,			0.099,			0.099
428,	2,	496.444,			21.675,			0.099,			0.099,			21.898,			0.099,			0.1
429,	1,	496.765,			1.288,			0.849,			0.849,			1.266,			0.597,			0.926
430,	2,	498.263,			22.856,			0.099,			0.099,			21.74,			0.099,			0.1
431,	2,	499.55,			23.318,			0.099,			0.099,			24.629,			0.099,			0.099
432,	2,	501.647,			24.019,			0.099,			0.099,			22.231,			0.099,			0.099
433,	2,	502.159,			22.402,			0.099,			0.099,			24.448,			0.099,			0.099
434,	2,	502.293,			21.704,			0.099,			0.099,			23.558,			0.099,			0.099
435,	1,	503.77,			1.239,			0.9,			0.9,			1.316,			0.915,			1.237
436,	2,	503.921,			24.53,			0.099,			0.099,			23.036,			0.099,			0.099
437,	1,	504.593,			1.924,			0.935,			0.935,			1.426,			1.449,			0.865
438,	2,	505.636,			21.696,			0.099,			0.099,			23.685,			0.1,			0.099
439,	1,	507.471,			1.223,			0.612,			0.612,			1.009,			1.282,			0.783
440,	2,	509.689,			22.864,			0.099,			0.099,			22.628,			0.099,			0.099
441,	2,	512.791,			25.09,			0.099,			0.099,			22.712,			0.1,			0.099
442,	2,	515.872,			21.541,			0.099,			0.099,			22.26,			0.099,			0.099
443,	2,	515.967,			23.139,			0.099,			0.099,			22.747,			0.099,			0.099
444,	1,	517.014,			1.835,			1.25,			1.25,			1.344,			0.857,			0.871
445,	2,	517.153,			23.634,			0.099,			0.099,			23.126,			0.099,			0.099
446,	1,	518.902,			1.195,			0.928,			0.928,			1.497,			0.857,			1.388
447,	2,	519.471,			21.487,			0.099,			0.099,			23.54,			0.099,			0.099
448,	2,	520.3,			21.796,			0.099,			0.099,			24.22,			0.099,			0.099
449,	2,	520.683,			21.999,			0.099,			0.099,			24.569,			0.099,			0.099
450,	1,	521.389,			1.185,			0.73,			0.73,			1.304,			1.22,			0.857
451,	2,	524.09,			21.727,			0.099,			0.099,			24.717,			0.099,			0.099
452,	2,	525.407,			24.284,			0.099,			0.099,			23.923,			0.099,			0.099
453,	1,	525.994,			1.299,			1.189,			1.189,			0.962,			0.811,			1.222
454,	1,	527.315,			1.765,			1.257,			1.257,			1.023,			0.72,			0.643
455,	2,	528.187,			24.681,			0.1,			0.1,			24.196,			0.099,			0.099
456,	2,	528.758,			22.755,			0.099,			0.099,			22.232,			0.1,			0.099
457,	2,	529.23,			22.15,			0.099,			0.099,			24.26,			0.099,			0.099
458,	1,	530.687,			2.142,			0.875,			0.875,			1.87,			1.16,			1.228
459,	2,	530.978,			21.966,			0.099,			0.099,			23.228,			0.099,			0.099
460,	2,	531.981,			22.275,			0.099,			0.099,			22.886,			0.099,			0.099
461,	1,	533.004,			1.059,			0.855,			0.855,			1.318,			1.344,			1.405
462,	2,	534.495,			21.99,			0.099,			0.099,			22.154,			0.099,			0.1
463,	2,	537.412,			23.592,			0.099,			0.099,			24.92,			0.099,			0.099
464,	1,	537.558,			1.41,			0.895,			0.895,			1.923,			0.725,			0.939
465,	2,	537.57,			22.051,			0.099,			0.099,			21.71,			0.099,			0.099
466,	1,	538.72,			1.253,			1.109,			1.109,			1.199,			0.945,			1.129
467,	2,	539.172,			21.657,			0.099,			0.099,			22.322,			0.099,			0.099
468,	1,	540.741,			1.221,			1.238,			1.238,			1.298,			1.115,			0.615
469,	2,	541.462,			22.296,			0.099,			0.099,			25.105,			0.099,			0.1
470,	2,	542.83,			23.031,			0.099,			0.099,			22.677,			0.099,			0.099
471,	1,	542.994,			1.032,			0.909,			0.909,			1.292,			0.588,			1.22
472,	2,	545.663,			22.285,			0.099,			0.099,			21.52,			0.099,			0.099
473,	2,	546.539,			22.279,			0.099,			0.099,			23.039,			0.099,			0.099
474,	1,	549.229,			1.344,			1.248,			1.248,			1.288,			1.232,			1.228
475,	1,	549.979,			1.227,			0.621,			0.621,			1.351,			1.161,			0.882
476,	2,	551.075,			23.272,			0.099,			0.099,			21.587,			0.1,			0.099
477,	2,	551.345,			24.774,			0.099,			0.099,			21.59,			0.099,			0.099
478,	1,	551.456,			1.27,			1.009,			1.009,			1.29,			0.924,			0.88
479,	2,	551.843,			23.036,			0.099,			0.099,			21.822,			0.099,			0.099
480,	2,	552.266,			22.424,			0.099,			0.099,			23.983,			0.099,			0.099
481,	2,	552.769,			22.348,			0.099,			0.099,			23.327,			0.099,			0.1
482,	1,	554.643,			1.316,			0.592,			0.592,			1.255,			1.337,			0.874
483,	1,	554.674,			0.969,			0.906,			0.906,			1.224,			0.967,			1.179
484,	2,	555.624,			23.537,			0.099,			0.099,			22.134,			0.099,			0.099
485,	2,	557.72,			22.961,			0.099,			0.099,			22.198,			0.099,			0.099
486,	2,	558.144,			21.928,			0.1,			0.1,			24.096,			0.099,			0.099
487,	2,	558.336,			22.243,			0.099,			0.099,			22.036,			0.099,			0.099
488,	2,	558.725,			22.197,			0.099,			0.099,			24.041,			0.099,			0.099
489,	2,	559.448,			22.046,			0.099,			0.099,			22.165,			0.099,			0.099
490,	1,	561.341,			1.894,			0.935,			0.935,			1.062,			0.611,			1.173
491,	1,	561.646,			1.852,			0.611,			0.611,			1.407,			0.677,			0.836
492,	1,	562.03,			1.437,			0.616,			0.616,			1.073,			0.982,			0.616
493,	2,	562.736,			22.996,			0.099,			0.099,			23.104,			0.099,			0.099
494,	2,	563.144,			21.968,			0.099,			0.099,			21.531,			0.099,			0.099
495,	2,	565.472,			24.616,			0.099,			0.099,			21.491,			0.099,			0.099
496,	1,	566.535,			1.407,			1.342,			1.342,			1.749,			0.884,			0.615
497,	2,	566.768,			22.341,			0.099,			0.099,			22.611,			0.099,			0.099
498,	3,	566.985,			8.355,			1.188,			1.188,			4.922,			0.74,			1.663
499,	1,	567.203,			1.227,			0.729,			0.729,			1.852,			0.895,			0.841
500,	3,	567.286,			2.683,			1.956,			1.956,			1.579,			0.818,			1.01
501,	3,	567.575,			13.219,			0.968,			0.968,			3.288,			0.901,			1.319
502,	2,	567.852,			21.377,			0.099,			0.099,			22.702,			0.1,			0.099
503,	3,	567.904,			1.848,			3.425,			3.425,			4.039,			1.415,			1.695
504,	3,	568.057,			1.81,			1.598,			1.598,			4.554,			3.25,			0.6
505,	3,	568.109,			5.212,			0.699,			0.699,			5.212,			1.0,			1.432
506,	3,	568.417,			2.662,			0.852,			0.852,			2.227,			0.47,			1.69
507,	3,	568.449,			9.48,			0.703,			0.703,			9.53,			2.182,			0.909
508,	3,	568.456,			2.687,			0.955,			0.955,			8.906,			3.037,			0.697
509,	3,	568.571,			5.18,			1.018,			1.018,			1.495,			1.564,			0.884
510,	3,	569.636,			6.132,			0.818,			0.818,			7.584,			2.455,			1.215
511,	3,	569.639,			4.507,			1.606,			1.606,			3.169,			1.124,			0.835
512,	3,	569.65,			13.751,			0.735,			0.735,			4.341,			2.039,			0.699
513,	3,	570.327,			4.919,			0.629,			0.629,			8.69,			2.843,			2.119
514,	3,	570.356,			3.73,			0.914,			0.914,			3.622,			2.984,			0.72
515,	3,	570.405,			9.643,			1.849,			1.849,			2.446,			1.178,			1.916
516,	3,	570.49,			3.052,			1.018,			1.018,			1.689,			0.929,			1.606
517,	3,	571.313,			12.383,			0.567,			0.567,			5.335,			1.072,			1.721
518,	3,	571.314,			3.821,			0.607,			0.607,			5.376,			1.485,			0.941
519,	3,	571.452,			5.69,			0.818,			0.818,			6.132,			3.433,			0.528
520,	3,	571.562,			2.234,			3.239,			3.239,			6.047,			1.159,			1.471
521,	2,	571.72,			21.775,			0.099,			0.099,			22.414,			0.099,			0.099
522,	3,	571.901,			4.322,			1.14,			1.14,			6.63,			2.78,			1.937
523,	1,	572.086,			1.785,			1.233,			1.233,			2.072,			0.92,			1.346
524,	3,	572.265,			5.487,			0.781,			0.781,			4.088,			3.579,			1.506
525,	3,	572.291,			5.538,			0.812,			0.812,			3.966,			0.877,			1.998
526,	3,	572.403,			4.081,			0.84,			0.84,			2.127,			2.984,			2.139
527,	3,	572.695,			14.09,			0.748,			0.748,			12.036,			1.01,			0.567
528,	3,	572.983,			4.113,			1.345,			1.345,			4.488,			0.9,			1.317
529,	3,	573.06,			2.662,			2.27,			2.27,			4.209,			1.173,			0.733
530,	2,	573.594,			21.854,			0.099,			0.099,			23.769,			0.099,			0.099
531,	3,	573.732,			4.289,			1.551,			1.551,			6.317,			2.017,			0.625
532,	1,	573.757,			0.964,			0.844,			0.844,			1.262,			0.873,			1.128
533,	3,	573.821,			2.572,			2.989,			2.989,			10.721,			0.885,			0.836
534,	3,	573.893,			5.018,			1.324,			1.324,			2.234,			0.607,			0.672
535,	3,	573.985,			8.036,			2.943,			2.943,			3.121,			2.26,			2.669
536,	3,	574.075,			5.263,			0.767,			0.767,			11.794,			2.601,			1.199
537,	3,	574.113,			1.579,			0.761,			0.761,			1.969,			1.447,			1.998
538,	3,	574.171,			3.622,			0.946,			0.946,			6.134,			2.609,			0.677
539,	3,	574.276,			6.334,			1.636,			1.636,			9.058,			1.404,			1.336
540,	2,	574.317,			21.514,			0.099,			0.099,			23.072,			0.099,			0.1
541,	2,	574.423,			23.423,			0.099,			0.099,			21.686,			0.099,			0.099
542,	3,	574.489,			2.313,			1.956,			1.956,			6.156,			1.95,			1.663
543,	3,	574.494,			3.75,			0.863,			0.863,			10.613,			1.333,			1.124
544,	3,	574.807,			10.171,			0.656,			0.656,			11.62,			3.151,			1.212
545,	3,	574.811,			7.507,			0.767,			0.767,			11.772,			0.909,			0.737
546,	3,	575.09,			2.449,			2.943,			2.943,			2.206,			1.261,			0.833
547,	3,	575.099,			1.872,			2.669,			2.669,			1.683,			1.717,			1.168
548,	3,	575.101,			12.982,			2.221,			2.221,			8.355,			1.891,			1.671
549,	3,	575.19,			9.839,			0.856,			0.856,			2.571,			0.47,			1.345
550,	3,	575.311,			9.123,			0.741,			0.741,			3.748,			1.981,			0.66
551,	3,	575.337,			3.054,			0.943,			0.943,			5.671,			1.549,			1.293
552,	3,	575.531,			3.766,			2.405,			2.405,			3.626,			1.915,			0.665
553,	3,	575.541,			8.464,			2.56,			2.56,			1.074,			3.343,			2.105
554,	3,	575.549,			3.851,			0.983,			0.983,			8.387,			1.262,			2.989
555,	2,	575.819,			22.164,			0.099,			0.099,			21.61,			0.099,			0.099
556,	1,	577.391,			1.389,			0.611,			0.611,			1.77,			1.386,			0.871
557,	2,	578.419,			23.075,			0.099,			0.099,			22.126,			0.1,			0.099
558,	2,	579.228,			22.176,			0.099,			0.099,			22.476,			0.099,			0.099
559,	1,	579.591,			1.79,			0.649,			0.649,			0.935,			0.615,			0.849
560,	2,	581.784,			22.569,			0.099,			0.099,			21.664,			0.099,			0.099
561,	2,	581.961,			22.273,			0.099,			0.099,			23.938,			0.099,			0.099
562,	2,	584.0,			21.835,			0.099,			0.099,			23.062,			0.099,			0.099
563,	2,	584.079,			23.765,			0.1,			0.1,			23.531,			0.099,			0.1
564,	2,	585.491,			23.282,			0.099,			0.099,			22.146,			0.099,			0.099
565,	1,	585.844,			1.218,			0.998,			0.998,			1.115,			0.923,			0.785
566,	1,	588.977,			1.244,			1.135,			1.135,			1.102,			0.674,			0.915
567,	1,	590.527,			1.108,			0.983,			0.983,			1.441,			0.821,			0.867
568,	2,	592.994,			23.974,			0.099,			0.099,			23.718,			0.1,			0.1
569,	2,	594.107,			24.83,			0.099,			0.099,			21.653,			0.099,			0.099
570,	2,	594.313,			22.051,			0.099,			0.099,			23.027,			0.099,			0.099
571,	1,	596.274,			1.223,			0.947,			0.947,			2.277,			1.398,			1.332
572,	2,	597.799,			22.95,			0.099,			0.099,			22.997,			0.099,			0.099
573,	2,	598.691,			22.284,			0.099,			0.099,			24.03,			0.099,			0.099
574,	2,	598.797,			23.197,			0.099,			0.099,			21.417,			0.099,			0.1
575,	2,	598.881,			23.474,			0.099,			0.099,			21.678,			0.1,			0.099
576,	2,	601.143,			22.534,			0.099,			0.099,			24.085,			0.099,			0.099
577,	1,	602.354,			1.004,			0.854,			0.854,			1.218,			0.886,			0.929
578,	2,	603.141,			23.999,			0.099,			0.099,			23.832,			0.1,			0.099
579,	1,	603.419,			1.924,			0.932,			0.932,			1.523,			1.233,			0.904
580,	1,	605.598,			1.407,			0.894,			0.894,			1.224,			0.951,			0.641
581,	2,	606.073,			23.011,			0.099,			0.099,			22.466,			0.099,			0.1
582,	2,	608.403,			22.055,			0.099,			0.099,			21.784,			0.099,			0.099
583,	2,	609.149,			21.902,			0.099,			0.099,			22.347,			0.099,			0.099
584,	2,	609.535,			22.103,			0.099,			0.099,			21.848,			0.099,			0.099
585,	2,	610.3,			23.559,			0.099,			0.099,			24.692,			0.099,			0.099
586,	1,	610.39,			1.791,			0.924,			0.924,			1.104,			1.268,			1.264
587,	2,	612.364,			23.848,			0.099,			0.099,			22.891,			0.099,			0.099
588,	2,	613.196,			22.081,			0.099,			0.099,			21.385,			0.1,			0.099
589,	2,	614.767,			23.134,			0.099,			0.099,			22.188,			0.099,			0.099
590,	1,	618.137,			1.287,			0.912,			0.912,			1.062,			1.09,			0.638
591,	2,	618.713,			23.329,			0.099,			0.099,			23.718,			0.099,			0.099
592,	2,	620.08,			21.756,			0.1,			0.1,			23.483,			0.099,			0.099
593,	2,	621.239,			22.248,			0.1,			0.1,			22.222,			0.099,			0.099
594,	2,	621.817,			23.071,			0.099,			0.099,			22.036,			0.099,			0.099
595,	2,	623.484,			23.606,			0.099,			0.099,			21.835,			0.099,			0.099
596,	1,	624.171,			1.337,			0.874,			0.874,			1.038,			0.875,			0.883
597,	1,	626.15,			1.363,			1.123,			1.123,			1.813,			0.919,			0.913
598,	2,	626.172,			21.773,			0.099,			0.099,			23.583,			0.099,			0.099
599,	1,	626.434,			1.066,			0.927,			0.927,			1.926,			0.939,			1.234
600,	2,	629.649,			23.372,			0.099,			0.099,			21.618,			0.099,			0.099
601,	2,	631.829,			22.726,			0.099,			0.099,			24.235,			0.099,			0.099
602,	1,	631.973,			2.023,			0.831,			0.831,			1.418,			1.199,			0.896
603,	2,	632.483,			21.648,			0.099,			0.099,			22.143,			0.099,			0.099
604,	2,	633.294,			24.154,			0.099,			0.099,			21.908,			0.099,			0.099
605,	2,	634.802,			21.46,			0.099,			0.099,			23.068,			0.099,			0.099
606,	2,	639.239,			24.902,			0.099,			0.099,			22.286,			0.099,			0.099
607,	2,	639.975,			22.154,			0.099,			0.099,			24.458,			0.099,			0.1
608,	2,	641.972,			22.542,			0.099,			0.099,			23.816,			0.099,			0.099
609,	2,	641.994,			22.052,			0.099,			0.099,			22.686,			0.099,			0.099
610,	1,	642.152,			1.15,			0.905,			0.905,			1.406,			0.909,			0.629
611,	2,	643.393,			22.465,			0.099,			0.099,			24.23,			0.099,			0.099
612,	2,	646.867,			21.721,			0.099,			0.099,			21.568,			0.099,			0.099
613,	2,	647.554,			23.582,			0.1,			0.1,			23.068,			0.099,			0.099
614,	2,	647.804,			22.66,			0.099,			0.099,			23.345,			0.1,			0.099
615,	2,	648.389,			21.691,			0.099,			0.099,			22.222,			0.1,			0.099
616,	2,	648.817,			22.141,			0.099,			0.099,			22.586,			0.1,			0.099
617,	2,	651.238,			21.245,			0.099,			0.099,			21.747,			0.099,			0.099
618,	2,	651.501,			23.425,			0.099,			0.099,			22.237,			0.099,			0.099
619,	2,	652.768,			23.776,			0.099,			0.099,			21.582,			0.099,			0.1
620,	2,	654.943,			22.72,			0.099,			0.099,			24.141,			0.099,			0.1
621,	2,	656.016,			22.818,			0.1,			0.1,			22.442,			0.099,			0.099
622,	1,	656.209,			1.414,			0.753,			0.753,			2.416,			0.95,			0.776
623,	1,	656.798,			1.476,			0.87,			0.87,			1.237,			0.621,			0.874
624,	2,	659.856,			21.706,			0.099,			0.099,			21.827,			0.099,			0.099
625,	2,	661.521,			24.072,			0.1,			0.1,			24.128,			0.099,			0.099
626,	1,	662.481,			2.072,			0.873,			0.873,			1.765,			0.964,			0.999
627,	2,	663.001,			22.655,			0.099,			0.099,			22.099,			0.099,			0.099
628,	2,	665.06,			21.671,			0.099,			0.099,			24.211,			0.099,			0.099
629,	2,	667.875,			21.898,			0.099,			0.099,			22.406,			0.099,			0.099
630,	2,	670.974,			21.807,			0.099,			0.099,			22.175,			0.099,			0.099
631,	2,	671.791,			24.534,			0.099,			0.099,			23.075,			0.099,			0.1
632,	2,	674.696,			24.364,			0.099,			0.099,			21.427,			0.099,			0.099
633,	1,	677.91,			1.766,			0.868,			0.868,			0.964,			0.611,			0.92
634,	1,	679.71,			1.524,			0.914,			0.914,			1.825,			1.199,			1.431
635,	1,	680.982,			0.999,			0.898,			0.898,			1.253,			0.886,			1.134
636,	2,	681.084,			23.046,			0.099,			0.099,			22.143,			0.099,			0.099
637,	2,	681.466,			22.179,			0.1,			0.1,			21.718,			0.1,			0.1
638,	2,	683.353,			22.436,			0.099,			0.099,			22.15,			0.099,			0.1
639,	2,	684.095,			23.148,			0.099,			0.099,			22.582,			0.099,			0.099
640,	2,	685.333,			21.832,			0.099,			0.099,			23.976,			0.1,			0.099
641,	2,	685.686,			21.942,			0.099,			0.099,			23.257,			0.099,			0.099
642,	2,	687.001,			23.04,			0.099,			0.099,			25.156,			0.099,			0.099
643,	1,	687.244,			1.926,			0.886,			0.886,			1.247,			0.873,			1.115
644,	2,	687.766,			21.864,			0.099,			0.099,			22.328,			0.099,			0.099
645,	2,	687.989,			22.166,			0.099,			0.099,			24.289,			0.099,			0.099
646,	2,	690.965,			21.803,			0.099,			0.099,			22.154,			0.099,			0.099
647,	2,	691.393,			23.845,			0.099,			0.099,			21.602,			0.099,			0.099
648,	2,	692.323,			22.346,			0.099,			0.099,			21.526,			0.099,			0.099
649,	2,	694.915,			21.9,			0.099,			0.099,			22.9,			0.099,			0.099
650,	2,	695.134,			23.228,			0.1,			0.1,			24.729,			0.099,			0.099
651,	2,	697.842,			22.425,			0.099,			0.099,			24.368,			0.099,			0.099
652,	2,	700.779,			21.641,			0.099,			0.099,			23.463,			0.099,			0.099
653,	2,	704.042,			24.117,			0.099,			0.099,			21.72,			0.1,			0.099
654,	2,	707.0,			21.625,			0.099,			0.099,			22.096,			0.099,			0.099
655,	2,	713.11,			21.697,			0.099,			0.099,			22.354,			0.099,			0.099
656,	2,	713.365,			22.09,			0.099,			0.099,			21.796,			0.099,			0.099
657,	2,	715.112,			21.506,			0.099,			0.099,			22.493,			0.099,			0.099
658,	2,	718.8,			23.374,			0.099,			0.099,			21.934,			0.099,			0.099
659,	2,	718.98,			23.071,			0.099,			0.099,			21.389,			0.099,			0.099
660,	2,	719.04,			23.955,			0.099,			0.099,			22.926,			0.099,			0.099
661,	2,	719.4,			22.371,			0.099,			0.099,			22.262,			0.1,			0.099
662,	2,	721.433,			21.717,			0.099,			0.099,			21.633,			0.099,			0.099
663,	2,	721.88,			23.464,			0.099,			0.099,			21.945,			0.099,			0.099
664,	1,	725.087,			1.21,			0.869,			0.869,			1.983,			0.893,			0.727
665,	2,	726.153,			22.296,			0.099,			0.099,			21.747,			0.099,			0.099
666,	2,	727.904,			23.432,			0.099,			0.099,			23.15,			0.099,			0.099
667,	2,	728.378,			21.78,			0.099,			0.099,			23.462,			0.099,			0.099
668,	2,	728.52,			22.358,			0.099,			0.099,			22.201,			0.099,			0.099
669,	2,	729.889,			23.145,			0.099,			0.099,			22.404,			0.099,			0.099
670,	2,	730.686,			22.051,			0.099,			0.099,			21.86,			0.1,			0.099
671,	1,	733.288,			1.22,			1.041,			1.041,			1.29,			1.041,			0.95
672,	2,	733.915,			22.329,			0.1,			0.1,			23.308,			0.099,			0.099
673,	2,	734.997,			23.37,			0.1,			0.1,			22.143,			0.099,			0.099
674,	2,	735.427,			24.138,			0.099,			0.099,			23.655,			0.099,			0.099
675,	2,	737.22,			22.167,			0.099,			0.099,			23.653,			0.099,			0.1
676,	2,	737.713,			23.411,			0.1,			0.1,			21.902,			0.099,			0.099
677,	2,	738.783,			21.508,			0.099,			0.099,			23.642,			0.099,			0.099
678,	2,	739.492,			24.616,			0.099,			0.099,			25.105,			0.099,			0.099
679,	2,	740.016,			24.596,			0.099,			0.099,			24.729,			0.099,			0.1
680,	2,	740.033,			23.675,			0.099,			0.099,			23.701,			0.1,			0.099
681,	2,	742.092,			24.692,			0.099,			0.099,			21.765,			0.099,			0.099
682,	1,	742.276,			1.511,			0.841,			0.841,			1.201,			1.618,			1.192
683,	2,	743.172,			23.606,			0.099,			0.099,			23.526,			0.099,			0.099
684,	2,	744.526,			22.768,			0.099,			0.099,			24.926,			0.099,			0.099
685,	2,	744.559,			23.631,			0.099,			0.099,			21.677,			0.099,			0.099
686,	2,	746.1,			24.413,			0.099,			0.099,			23.589,			0.099,			0.099
687,	2,	749.089,			22.94,			0.099,			0.099,			22.74,			0.099,			0.099
688,	2,	749.573,			21.808,			0.099,			0.099,			23.005,			0.1,			0.099
689,	2,	749.783,			23.036,			0.099,			0.099,			23.371,			0.099,			0.099
690,	2,	750.667,			22.042,			0.1,			0.1,			21.822,			0.099,			0.099
691,	2,	750.805,			21.754,			0.099,			0.099,			21.693,			0.099,			0.099
692,	2,	751.865,			22.04,			0.099,			0.099,			21.628,			0.099,			0.099
693,	2,	753.837,			21.864,			0.099,			0.099,			21.798,			0.099,			0.099
694,	2,	757.425,			24.019,			0.1,			0.1,			21.665,			0.099,			0.099
695,	2,	757.471,			22.155,			0.099,			0.099,			22.912,			0.099,			0.099
696,	2,	757.746,			23.504,			0.1,			0.1,			21.76,			0.099,			0.099
697,	1,	759.159,			1.926,			1.342,			1.342,			1.233,			0.922,			1.082
698,	2,	759.159,			24.503,			0.1,			0.1,			21.749,			0.1,			0.099
699,	2,	761.908,			21.6,			0.099,			0.099,			22.241,			0.099,			0.099
700,	1,	762.304,			0.943,			1.123,			1.123,			0.961,			0.884,			1.227
701,	2,	763.233,			21.88,			0.099,			0.099,			22.151,			0.099,			0.099
702,	2,	763.455,			24.7,			0.099,			0.099,			23.027,			0.099,			0.099
703,	2,	764.67,			22.817,			0.099,			0.099,			23.811,			0.099,			0.099
704,	2,	765.248,			23.278,			0.099,			0.099,			22.2,			0.099,			0.099
705,	2,	765.35,			21.698,			0.1,			0.1,			21.763,			0.099,			0.099
706,	2,	770.364,			22.314,			0.099,			0.099,			22.156,			0.099,			0.099
707,	2,	772.095,			22.49,			0.099,			0.099,			21.583,			0.099,			0.099
708,	2,	772.786,			22.077,			0.099,			0.099,			22.117,			0.1,			0.099
709,	2,	774.705,			22.894,			0.099,			0.099,			21.565,			0.099,			0.099
710,	2,	775.128,			23.784,			0.099,			0.099,			21.857,			0.099,			0.099
711,	2,	775.626,			22.146,			0.099,			0.099,			21.954,			0.099,			0.099
712,	1,	776.461,			2.097,			0.734,			0.734,			1.237,			1.009,			0.919
713,	2,	777.071,			22.913,			0.099,			0.099,			22.812,			0.099,			0.099
714,	2,	777.135,			22.848,			0.099,			0.099,			22.673,			0.099,			0.099
715,	2,	778.455,			21.386,			0.099,			0.099,			22.053,			0.099,			0.099
716,	2,	778.74,			22.44,			0.099,			0.099,			24.182,			0.099,			0.099
717,	2,	779.515,			22.87,			0.099,			0.099,			21.86,			0.099,			0.099
718,	2,	781.379,			22.557,			0.099,			0.099,			21.652,			0.099,			0.099
719,	2,	782.228,			23.246,			0.099,			0.099,			22.198,			0.099,			0.099
720,	2,	785.011,			22.73,			0.1,			0.1,			22.068,			0.099,			0.099
721,	2,	789.756,			23.54,			0.099,			0.099,			23.64,			0.099,			0.099
722,	2,	793.238,			23.284,			0.099,			0.099,			23.659,			0.099,			0.099
723,	2,	797.04,			21.874,			0.099,			0.099,			21.537,			0.1,			0.099
724,	2,	797.172,			24.502,			0.099,			0.099,			23.598,			0.099,			0.099
725,	2,	798.23,			22.156,			0.099,			0.099,			21.845,			0.099,			0.099
726,	2,	799.532,			23.043,			0.099,			0.099,			21.823,			0.099,			0.099
727,	2,	799.655,			21.979,			0.099,			0.099,			25.02,			0.099,			0.099
728,	2,	802.111,			22.594,			0.099,			0.099,			23.005,			0.1,			0.099
729,	2,	802.797,			22.712,			0.099,			0.099,			25.107,			0.1,			0.1
730,	2,	807.414,			23.875,			0.1,			0.1,			22.259,			0.099,			0.1
731,	2,	809.753,			23.955,			0.099,			0.099,			24.088,			0.099,			0.099
732,	2,	811.578,			21.999,			0.099,			0.099,			23.588,			0.1,			0.099
733,	2,	814.178,			24.56,			0.099,			0.099,			21.6,			0.099,			0.099
734,	2,	814.276,			22.218,			0.099,			0.099,			21.463,			0.099,			0.099
735,	1,	816.667,			2.13,			0.928,			0.928,			1.219,			1.233,			0.924
736,	2,	816.704,			23.049,			0.099,			0.099,			22.427,			0.099,			0.099
737,	2,	817.79,			23.504,			0.099,			0.099,			22.328,			0.099,			0.099
738,	2,	817.952,			22.212,			0.1,			0.1,			22.947,			0.099,			0.099
739,	2,	818.735,			21.813,			0.099,			0.099,			24.55,			0.099,			0.099
740,	2,	820.515,			22.985,			0.099,			0.099,			21.756,			0.1,			0.099
741,	2,	820.553,			22.91,			0.099,			0.099,			22.74,			0.099,			0.099
742,	2,	821.579,			21.396,			0.099,			0.099,			23.316,			0.099,			0.099
743,	2,	822.031,			21.808,			0.099,			0.099,			23.122,			0.099,			0.099
744,	2,	824.636,			22.3,			0.099,			0.099,			23.925,			0.099,			0.099
745,	2,	827.307,			21.872,			0.099,			0.099,			23.55,			0.099,			0.099
746,	2,	828.253,			21.552,			0.099,			0.099,			24.395,			0.099,			0.099
747,	2,	828.255,			21.943,			0.099,			0.099,			22.394,			0.099,			0.099
748,	2,	828.917,			24.132,			0.099,			0.099,			22.521,			0.099,			0.099
749,	2,	831.522,			21.425,			0.099,			0.099,			22.981,			0.099,			0.099
750,	2,	832.54,			22.749,			0.099,			0.099,			24.036,			0.099,			0.099
751,	2,	832.593,			21.896,			0.099,			0.099,			22.795,			0.099,			0.099
752,	2,	837.952,			21.515,			0.099,			0.099,			23.275,			0.099,			0.099
753,	2,	840.669,			22.806,			0.099,			0.099,			22.019,			0.1,			0.099
754,	2,	841.825,			24.309,			0.1,			0.1,			22.426,			0.099,			0.099
755,	2,	844.551,			22.916,			0.099,			0.099,			21.948,			0.099,			0.099
756,	2,	845.621,			21.97,			0.1,			0.1,			23.05,			0.099,			0.099
757,	2,	847.086,			21.837,			0.099,			0.099,			24.211,			0.099,			0.099
758,	2,	847.119,			24.137,			0.099,			0.099,			24.37,			0.1,			0.099
759,	2,	848.686,			23.816,			0.099,			0.099,			21.572,			0.099,			0.099
760,	2,	855.403,			21.82,			0.099,			0.099,			24.024,			0.099,			0.099
761,	2,	856.357,			23.512,			0.099,			0.099,			22.54,			0.099,			0.099
762,	2,	857.768,			22.839,			0.099,			0.099,			24.21,			0.099,			0.099
763,	2,	859.235,			22.997,			0.099,			0.099,			21.657,			0.099,			0.1
764,	2,	860.223,			22.841,			0.1,			0.1,			23.588,			0.099,			0.099
765,	2,	860.288,			22.768,			0.099,			0.099,			21.731,			0.099,			0.099
766,	2,	860.541,			22.492,			0.099,			0.099,			24.476,			0.099,			0.099
767,	2,	860.632,			22.265,			0.099,			0.099,			22.006,			0.1,			0.099
768,	2,	861.803,			22.019,			0.099,			0.099,			22.601,			0.099,			0.099
769,	2,	863.368,			22.393,			0.099,			0.099,			22.063,			0.099,			0.099
770,	2,	864.356,			23.129,			0.099,			0.099,			22.625,			0.099,			0.099
771,	2,	864.823,			21.679,			0.099,			0.099,			24.558,			0.099,			0.1
772,	2,	866.525,			22.46,			0.099,			0.099,			21.613,			0.099,			0.099
773,	2,	867.545,			23.757,			0.099,			0.099,			23.526,			0.099,			0.099
774,	2,	868.122,			22.176,			0.1,			0.1,			22.523,			0.099,			0.099
775,	2,	868.908,			21.821,			0.099,			0.099,			22.172,			0.099,			0.099
776,	2,	870.365,			22.492,			0.099,			0.099,			22.316,			0.099,			0.099
777,	2,	870.714,			22.654,			0.099,			0.099,			21.886,			0.099,			0.099
778,	2,	871.911,			23.917,			0.099,			0.099,			22.22,			0.099,			0.099
779,	2,	872.04,			24.351,			0.099,			0.099,			22.072,			0.099,			0.099
780,	1,	872.755,			1.291,			1.232,			1.232,			2.048,			1.339,			0.944
781,	2,	872.891,			22.985,			0.1,			0.1,			24.101,			0.099,			0.099
782,	2,	873.258,			24.92,			0.099,			0.099,			22.132,			0.099,			0.1
783,	2,	874.654,			22.088,			0.099,			0.099,			21.747,			0.099,			0.1
784,	2,	874.657,			21.704,			0.099,			0.099,			21.997,			0.099,			0.1
785,	2,	876.335,			22.26,			0.099,			0.099,			22.24,			0.1,			0.099
786,	2,	877.69,			22.987,			0.099,			0.099,			25.107,			0.1,			0.099
787,	2,	877.744,			24.813,			0.099,			0.099,			21.457,			0.099,			0.099
788,	2,	883.772,			24.003,			0.099,			0.099,			24.003,			0.099,			0.099
789,	2,	884.152,			24.65,			0.099,			0.099,			24.502,			0.099,			0.099
790,	2,	884.605,			23.944,			0.099,			0.099,			23.863,			0.099,			0.099
791,	2,	885.219,			23.071,			0.099,			0.099,			22.482,			0.099,			0.099
792,	2,	885.903,			22.643,			0.099,			0.099,			22.209,			0.1,			0.099
793,	2,	886.56,			23.145,			0.099,			0.099,			23.35,			0.099,			0.099
794,	2,	889.92,			24.776,			0.099,			0.099,			24.251,			0.099,			0.099
795,	2,	890.415,			22.117,			0.099,			0.099,			21.942,			0.099,			0.099
796,	2,	891.811,			22.484,			0.099,			0.099,			21.717,			0.099,			0.099
797,	2,	893.232,			22.538,			0.099,			0.099,			24.79,			0.1,			0.099
798,	2,	894.983,			22.394,			0.099,			0.099,			22.37,			0.099,			0.099
799,	2,	896.887,			24.183,			0.099,			0.099,			23.37,			0.099,			0.099
800,	2,	899.027,			21.895,			0.099,			0.099,			22.677,			0.099,			0.099
