#, task_type_id, arrival_time,	estimated_time_t2xlarge,	estimated_time_g3sxlarge,	estimated_time_CLOUD,	execution_time_t2xlarge,	execution_time_g3sxlarge,	execution_time_CLOUD
1,	2,	1.082,			23.175,			0.1,			0.1,			23.212,			0.1,			0.1
2,	2,	3.288,			22.456,			0.099,			0.099,			21.814,			0.099,			0.099
3,	2,	5.555,			21.819,			0.099,			0.099,			21.652,			0.099,			0.099
4,	2,	6.112,			24.088,			0.099,			0.099,			23.498,			0.099,			0.099
5,	2,	10.516,			25.069,			0.099,			0.099,			22.466,			0.099,			0.099
6,	2,	12.016,			22.407,			0.099,			0.099,			22.749,			0.099,			0.099
7,	2,	12.37,			21.815,			0.099,			0.099,			23.463,			0.099,			0.1
8,	2,	12.42,			21.972,			0.099,			0.099,			23.688,			0.099,			0.099
9,	2,	14.012,			23.177,			0.099,			0.099,			21.815,			0.099,			0.099
10,	2,	15.838,			22.11,			0.099,			0.099,			21.377,			0.099,			0.1
11,	2,	18.171,			21.537,			0.099,			0.099,			21.926,			0.099,			0.1
12,	2,	19.06,			23.325,			0.099,			0.099,			21.893,			0.099,			0.099
13,	2,	19.296,			23.551,			0.099,			0.099,			22.677,			0.099,			0.1
14,	2,	21.927,			22.353,			0.099,			0.099,			22.555,			0.099,			0.099
15,	2,	22.132,			23.349,			0.1,			0.1,			22.163,			0.099,			0.099
16,	2,	24.763,			23.122,			0.099,			0.099,			21.681,			0.099,			0.1
17,	2,	25.845,			23.463,			0.099,			0.099,			21.864,			0.099,			0.099
18,	2,	27.236,			23.075,			0.099,			0.099,			21.627,			0.099,			0.099
19,	2,	30.032,			22.352,			0.099,			0.099,			23.779,			0.1,			0.099
20,	2,	32.178,			21.596,			0.099,			0.099,			24.051,			0.099,			0.1
21,	2,	33.782,			23.4,			0.099,			0.099,			22.764,			0.1,			0.099
22,	2,	36.035,			22.072,			0.099,			0.099,			21.754,			0.099,			0.1
23,	2,	37.206,			21.686,			0.099,			0.099,			24.13,			0.099,			0.099
24,	2,	39.194,			22.601,			0.099,			0.099,			21.662,			0.099,			0.099
25,	2,	39.944,			22.509,			0.099,			0.099,			23.043,			0.1,			0.099
26,	2,	40.653,			21.372,			0.099,			0.099,			21.619,			0.099,			0.099
27,	2,	41.962,			22.155,			0.099,			0.099,			23.285,			0.099,			0.099
28,	2,	42.873,			22.679,			0.099,			0.099,			23.416,			0.099,			0.099
29,	2,	44.987,			23.541,			0.099,			0.099,			23.088,			0.099,			0.099
30,	2,	46.475,			22.33,			0.099,			0.099,			21.722,			0.099,			0.099
31,	2,	47.523,			22.15,			0.099,			0.099,			22.633,			0.099,			0.099
32,	2,	48.17,			24.374,			0.099,			0.099,			23.023,			0.099,			0.099
33,	2,	49.255,			24.172,			0.099,			0.099,			21.637,			0.099,			0.099
34,	2,	51.816,			21.706,			0.099,			0.099,			21.557,			0.099,			0.099
35,	2,	52.443,			22.804,			0.1,			0.1,			23.457,			0.099,			0.099
36,	2,	53.98,			21.994,			0.1,			0.1,			21.947,			0.099,			0.099
37,	2,	54.306,			22.171,			0.1,			0.1,			21.665,			0.099,			0.099
38,	2,	55.199,			22.738,			0.099,			0.099,			22.026,			0.099,			0.099
39,	2,	57.308,			21.962,			0.099,			0.099,			21.999,			0.1,			0.099
40,	2,	57.356,			22.453,			0.099,			0.099,			24.468,			0.099,			0.099
41,	2,	57.505,			22.743,			0.1,			0.1,			21.754,			0.099,			0.099
42,	2,	58.015,			23.35,			0.099,			0.099,			23.318,			0.1,			0.099
43,	2,	58.498,			22.978,			0.099,			0.099,			22.214,			0.099,			0.099
44,	2,	59.634,			24.346,			0.099,			0.099,			23.404,			0.099,			0.099
45,	2,	60.095,			22.517,			0.099,			0.099,			22.572,			0.099,			0.099
46,	2,	61.267,			24.567,			0.099,			0.099,			22.275,			0.099,			0.099
47,	2,	64.028,			22.902,			0.099,			0.099,			24.57,			0.1,			0.099
48,	2,	64.728,			22.373,			0.1,			0.1,			22.435,			0.099,			0.099
49,	2,	69.36,			22.133,			0.099,			0.099,			21.939,			0.099,			0.099
50,	2,	69.424,			24.421,			0.099,			0.099,			23.66,			0.099,			0.099
51,	2,	70.441,			23.446,			0.099,			0.099,			22.306,			0.1,			0.099
52,	2,	70.986,			22.212,			0.099,			0.099,			22.456,			0.099,			0.1
53,	2,	73.827,			22.417,			0.099,			0.099,			21.851,			0.099,			0.099
54,	2,	74.451,			22.322,			0.099,			0.099,			22.033,			0.099,			0.099
55,	2,	76.393,			21.671,			0.099,			0.099,			22.316,			0.1,			0.099
56,	2,	76.579,			23.718,			0.099,			0.099,			21.692,			0.099,			0.099
57,	2,	77.058,			22.198,			0.1,			0.1,			24.003,			0.099,			0.1
58,	2,	78.158,			22.291,			0.099,			0.099,			23.861,			0.099,			0.099
59,	2,	79.569,			25.046,			0.099,			0.099,			22.249,			0.099,			0.099
60,	2,	84.843,			24.93,			0.099,			0.099,			24.172,			0.099,			0.099
61,	2,	86.129,			24.395,			0.1,			0.1,			22.359,			0.099,			0.099
62,	2,	87.398,			21.99,			0.099,			0.099,			22.943,			0.099,			0.099
63,	2,	87.604,			22.828,			0.1,			0.1,			23.35,			0.099,			0.099
64,	2,	88.731,			22.099,			0.099,			0.099,			23.718,			0.099,			0.099
65,	2,	89.03,			25.205,			0.1,			0.1,			21.865,			0.099,			0.099
66,	2,	91.604,			23.525,			0.099,			0.099,			23.474,			0.1,			0.1
67,	2,	91.65,			23.671,			0.1,			0.1,			22.049,			0.099,			0.099
68,	2,	92.391,			22.625,			0.099,			0.099,			21.983,			0.099,			0.099
69,	2,	92.839,			21.486,			0.099,			0.099,			23.583,			0.099,			0.099
70,	2,	93.029,			22.548,			0.1,			0.1,			21.373,			0.099,			0.099
71,	2,	93.032,			23.772,			0.099,			0.099,			21.693,			0.099,			0.099
72,	2,	93.394,			22.494,			0.099,			0.099,			22.828,			0.099,			0.099
73,	2,	93.656,			24.118,			0.099,			0.099,			22.273,			0.099,			0.099
74,	2,	94.028,			21.377,			0.099,			0.099,			22.128,			0.099,			0.099
75,	2,	95.414,			23.329,			0.099,			0.099,			21.979,			0.099,			0.099
76,	2,	95.826,			24.171,			0.099,			0.099,			23.44,			0.099,			0.099
77,	2,	98.309,			22.117,			0.099,			0.099,			23.357,			0.099,			0.099
78,	2,	102.451,			21.698,			0.099,			0.099,			22.557,			0.099,			0.099
79,	2,	102.605,			21.944,			0.099,			0.099,			24.283,			0.099,			0.099
80,	2,	103.364,			24.907,			0.099,			0.099,			22.004,			0.1,			0.099
81,	2,	105.363,			22.156,			0.099,			0.099,			21.463,			0.099,			0.099
82,	2,	106.651,			22.424,			0.1,			0.1,			21.761,			0.1,			0.099
83,	2,	107.874,			24.862,			0.099,			0.099,			21.735,			0.099,			0.099
84,	2,	108.212,			24.227,			0.099,			0.099,			22.778,			0.099,			0.099
85,	2,	109.931,			21.626,			0.099,			0.099,			21.438,			0.099,			0.099
86,	2,	110.731,			22.162,			0.099,			0.099,			22.705,			0.099,			0.099
87,	2,	113.259,			25.105,			0.099,			0.099,			22.779,			0.099,			0.099
88,	2,	114.508,			21.807,			0.099,			0.099,			21.668,			0.099,			0.099
89,	2,	115.577,			23.424,			0.099,			0.099,			21.895,			0.1,			0.099
90,	2,	116.362,			22.375,			0.099,			0.099,			24.312,			0.099,			0.099
91,	2,	118.374,			21.373,			0.1,			0.1,			21.9,			0.099,			0.099
92,	2,	118.758,			21.813,			0.099,			0.099,			21.811,			0.099,			0.1
93,	2,	121.877,			22.126,			0.1,			0.1,			21.535,			0.1,			0.099
94,	2,	124.17,			22.484,			0.099,			0.099,			24.003,			0.099,			0.099
95,	2,	124.211,			22.414,			0.099,			0.099,			21.64,			0.099,			0.099
96,	2,	124.412,			22.404,			0.099,			0.099,			21.395,			0.099,			0.099
97,	2,	125.103,			24.419,			0.099,			0.099,			22.134,			0.099,			0.099
98,	2,	127.658,			21.81,			0.099,			0.099,			21.751,			0.099,			0.099
99,	2,	129.869,			24.87,			0.099,			0.099,			23.983,			0.099,			0.1
100,	2,	129.932,			21.731,			0.099,			0.099,			24.248,			0.099,			0.099
101,	2,	130.191,			21.92,			0.099,			0.099,			23.973,			0.099,			0.099
102,	2,	130.488,			23.359,			0.099,			0.099,			21.794,			0.099,			0.099
103,	2,	130.601,			22.771,			0.099,			0.099,			22.044,			0.099,			0.099
104,	2,	131.564,			22.185,			0.099,			0.099,			23.343,			0.099,			0.099
105,	2,	132.28,			23.217,			0.099,			0.099,			23.008,			0.099,			0.099
106,	2,	138.848,			23.327,			0.099,			0.099,			22.068,			0.099,			0.099
107,	2,	143.157,			24.408,			0.099,			0.099,			22.146,			0.099,			0.099
108,	2,	145.154,			23.084,			0.099,			0.099,			22.365,			0.099,			0.099
109,	2,	147.166,			21.891,			0.099,			0.099,			23.117,			0.099,			0.099
110,	1,	147.443,			1.25,			0.63,			0.63,			1.486,			0.611,			1.271
111,	2,	148.819,			23.365,			0.099,			0.099,			23.029,			0.099,			0.1
112,	2,	150.486,			21.86,			0.099,			0.099,			24.104,			0.099,			0.099
113,	2,	150.997,			22.434,			0.099,			0.099,			23.108,			0.099,			0.099
114,	2,	152.081,			22.73,			0.099,			0.099,			22.196,			0.099,			0.099
115,	2,	153.149,			24.209,			0.099,			0.099,			21.81,			0.1,			0.099
116,	1,	154.191,			1.541,			0.788,			0.788,			1.299,			0.625,			0.912
117,	2,	154.301,			21.493,			0.099,			0.099,			22.972,			0.099,			0.099
118,	2,	155.156,			23.562,			0.099,			0.099,			23.435,			0.099,			0.099
119,	2,	156.914,			24.295,			0.099,			0.099,			21.775,			0.099,			0.099
120,	2,	157.05,			22.088,			0.1,			0.1,			22.24,			0.099,			0.099
121,	2,	157.439,			21.76,			0.099,			0.099,			21.691,			0.099,			0.099
122,	2,	166.753,			23.946,			0.099,			0.099,			22.567,			0.099,			0.099
123,	2,	167.688,			23.122,			0.099,			0.099,			22.433,			0.099,			0.099
124,	2,	169.234,			22.914,			0.099,			0.099,			21.526,			0.099,			0.099
125,	2,	169.394,			24.13,			0.099,			0.099,			23.335,			0.099,			0.099
126,	2,	170.325,			23.218,			0.099,			0.099,			23.521,			0.099,			0.099
127,	2,	173.147,			22.032,			0.099,			0.099,			21.809,			0.099,			0.099
128,	2,	174.73,			23.226,			0.099,			0.099,			24.767,			0.099,			0.099
129,	2,	174.876,			22.94,			0.099,			0.099,			22.275,			0.099,			0.099
130,	1,	175.759,			1.292,			0.967,			0.967,			1.009,			1.215,			0.919
131,	2,	176.74,			22.439,			0.099,			0.099,			21.999,			0.099,			0.1
132,	2,	176.908,			23.946,			0.099,			0.099,			21.448,			0.099,			0.099
133,	2,	177.44,			22.229,			0.099,			0.099,			21.528,			0.099,			0.099
134,	2,	180.851,			22.397,			0.099,			0.099,			24.14,			0.1,			0.099
135,	2,	181.75,			23.148,			0.099,			0.099,			21.711,			0.099,			0.099
136,	2,	184.712,			21.787,			0.099,			0.099,			21.995,			0.099,			0.1
137,	2,	186.478,			22.555,			0.1,			0.1,			22.985,			0.099,			0.099
138,	1,	187.448,			1.009,			0.937,			0.937,			1.029,			0.816,			0.913
139,	2,	187.793,			23.007,			0.099,			0.099,			23.72,			0.099,			0.099
140,	2,	188.151,			22.242,			0.099,			0.099,			23.892,			0.099,			0.099
141,	2,	189.134,			22.334,			0.1,			0.1,			21.529,			0.099,			0.099
142,	2,	189.565,			24.57,			0.099,			0.099,			23.81,			0.099,			0.099
143,	2,	190.107,			23.355,			0.1,			0.1,			23.555,			0.099,			0.099
144,	2,	191.619,			22.748,			0.099,			0.099,			24.042,			0.099,			0.099
145,	2,	194.098,			21.612,			0.1,			0.1,			24.216,			0.099,			0.099
146,	2,	199.52,			22.373,			0.099,			0.099,			25.171,			0.099,			0.1
147,	2,	199.937,			22.279,			0.099,			0.099,			24.492,			0.099,			0.099
148,	1,	201.125,			1.196,			0.612,			0.612,			2.252,			0.734,			0.84
149,	2,	202.032,			22.161,			0.099,			0.099,			21.807,			0.099,			0.099
150,	2,	206.177,			23.556,			0.099,			0.099,			22.93,			0.099,			0.099
151,	2,	206.27,			21.99,			0.099,			0.099,			21.627,			0.099,			0.099
152,	2,	206.461,			21.744,			0.1,			0.1,			22.832,			0.099,			0.099
153,	2,	211.119,			21.716,			0.099,			0.099,			21.801,			0.099,			0.099
154,	2,	213.5,			22.509,			0.099,			0.099,			22.034,			0.099,			0.099
155,	2,	214.101,			23.859,			0.099,			0.099,			22.783,			0.099,			0.1
156,	1,	218.056,			1.031,			0.876,			0.876,			2.106,			0.613,			0.903
157,	2,	218.557,			22.11,			0.099,			0.099,			23.256,			0.1,			0.1
158,	2,	223.828,			22.751,			0.099,			0.099,			23.735,			0.099,			0.099
159,	2,	223.935,			23.709,			0.099,			0.099,			22.968,			0.099,			0.099
160,	1,	226.373,			1.105,			1.123,			1.123,			1.468,			0.85,			0.627
161,	2,	226.422,			23.005,			0.1,			0.1,			22.996,			0.099,			0.099
162,	2,	227.806,			21.561,			0.099,			0.099,			24.21,			0.099,			0.099
163,	2,	228.499,			23.926,			0.1,			0.1,			22.081,			0.099,			0.099
164,	2,	230.516,			25.046,			0.099,			0.099,			21.935,			0.099,			0.099
165,	2,	232.727,			22.907,			0.099,			0.099,			21.508,			0.099,			0.1
166,	1,	233.662,			2.032,			1.142,			1.142,			1.308,			0.776,			0.903
167,	2,	233.891,			22.628,			0.099,			0.099,			22.369,			0.099,			0.099
168,	2,	234.212,			22.585,			0.099,			0.099,			21.925,			0.099,			0.099
169,	2,	236.702,			22.179,			0.099,			0.099,			23.326,			0.099,			0.099
170,	2,	237.228,			21.758,			0.099,			0.099,			23.574,			0.099,			0.099
171,	1,	237.417,			1.025,			0.89,			0.89,			1.073,			0.939,			0.873
172,	1,	239.843,			1.478,			0.74,			0.74,			1.219,			0.731,			1.233
173,	2,	240.695,			21.937,			0.099,			0.099,			22.566,			0.099,			0.099
174,	2,	241.325,			23.973,			0.099,			0.099,			21.945,			0.099,			0.099
175,	1,	241.478,			1.257,			0.615,			0.615,			0.979,			1.236,			0.915
176,	2,	241.941,			21.887,			0.099,			0.099,			23.892,			0.099,			0.099
177,	2,	242.243,			22.374,			0.099,			0.099,			22.607,			0.099,			0.099
178,	2,	247.634,			24.183,			0.099,			0.099,			21.738,			0.099,			0.099
179,	2,	248.323,			22.252,			0.099,			0.099,			24.03,			0.099,			0.099
180,	3,	249.141,			5.466,			1.953,			1.953,			6.081,			0.968,			0.901
181,	2,	249.991,			24.025,			0.099,			0.099,			21.902,			0.099,			0.099
182,	1,	250.447,			1.272,			0.945,			0.945,			1.411,			0.999,			0.977
183,	2,	251.203,			25.016,			0.1,			0.1,			24.806,			0.099,			0.1
184,	2,	253.091,			21.642,			0.099,			0.099,			22.618,			0.099,			0.099
185,	2,	253.429,			22.171,			0.099,			0.099,			23.457,			0.1,			0.099
186,	2,	254.515,			22.53,			0.099,			0.099,			23.584,			0.1,			0.099
187,	2,	254.88,			22.193,			0.099,			0.099,			21.504,			0.099,			0.099
188,	2,	255.847,			24.247,			0.099,			0.099,			21.747,			0.099,			0.099
189,	2,	255.977,			22.624,			0.099,			0.099,			24.476,			0.099,			0.099
190,	2,	256.513,			24.713,			0.099,			0.099,			22.848,			0.099,			0.099
191,	2,	257.79,			22.996,			0.099,			0.099,			22.407,			0.099,			0.099
192,	2,	258.147,			23.526,			0.099,			0.099,			22.373,			0.099,			0.099
193,	2,	258.674,			24.227,			0.099,			0.099,			21.635,			0.099,			0.099
194,	2,	259.407,			21.744,			0.099,			0.099,			23.845,			0.099,			0.099
195,	2,	260.805,			23.813,			0.099,			0.099,			23.295,			0.099,			0.099
196,	2,	262.821,			22.151,			0.099,			0.099,			24.715,			0.099,			0.099
197,	1,	264.219,			0.961,			0.592,			0.592,			1.253,			0.847,			1.16
198,	2,	265.171,			22.339,			0.099,			0.099,			24.481,			0.099,			0.099
199,	2,	266.696,			21.508,			0.099,			0.099,			21.584,			0.099,			0.099
200,	2,	267.798,			21.7,			0.099,			0.099,			22.72,			0.099,			0.099
201,	2,	267.879,			23.288,			0.099,			0.099,			23.134,			0.1,			0.099
202,	2,	270.106,			23.973,			0.099,			0.099,			22.741,			0.1,			0.099
203,	2,	270.175,			21.765,			0.099,			0.099,			22.272,			0.099,			0.1
204,	2,	271.507,			22.285,			0.099,			0.099,			23.784,			0.099,			0.1
205,	2,	272.598,			21.989,			0.099,			0.099,			22.729,			0.099,			0.099
206,	1,	274.2,			1.252,			1.387,			1.387,			1.288,			0.878,			0.666
207,	1,	277.643,			1.102,			1.115,			1.115,			2.069,			1.583,			0.912
208,	2,	278.319,			21.843,			0.099,			0.099,			24.051,			0.099,			0.099
209,	2,	278.648,			21.545,			0.099,			0.099,			22.068,			0.1,			0.099
210,	1,	279.026,			1.204,			0.617,			0.617,			1.764,			0.871,			1.121
211,	2,	279.664,			23.322,			0.099,			0.099,			22.159,			0.099,			0.099
212,	1,	283.465,			1.389,			0.964,			0.964,			2.091,			0.857,			1.114
213,	2,	284.0,			21.865,			0.099,			0.099,			23.983,			0.1,			0.1
214,	1,	284.094,			0.943,			0.899,			0.899,			1.916,			1.228,			0.638
215,	1,	286.279,			1.272,			0.942,			0.942,			1.258,			0.764,			0.872
216,	2,	286.644,			22.489,			0.099,			0.099,			22.22,			0.099,			0.099
217,	2,	287.685,			23.303,			0.099,			0.099,			22.495,			0.1,			0.099
218,	2,	288.471,			22.285,			0.099,			0.099,			22.182,			0.099,			0.099
219,	2,	291.915,			21.841,			0.099,			0.099,			22.137,			0.099,			0.099
220,	2,	292.112,			21.99,			0.099,			0.099,			23.381,			0.099,			0.099
221,	2,	292.287,			21.487,			0.099,			0.099,			22.28,			0.099,			0.099
222,	2,	294.275,			24.016,			0.099,			0.099,			22.344,			0.099,			0.099
223,	2,	294.924,			21.386,			0.099,			0.099,			23.634,			0.099,			0.099
224,	2,	296.801,			22.793,			0.1,			0.1,			21.778,			0.099,			0.099
225,	2,	296.87,			21.412,			0.099,			0.099,			22.241,			0.1,			0.099
226,	2,	298.016,			22.872,			0.099,			0.099,			21.978,			0.099,			0.099
227,	2,	302.983,			24.521,			0.1,			0.1,			21.69,			0.1,			0.099
228,	2,	303.747,			24.648,			0.099,			0.099,			21.508,			0.099,			0.099
229,	2,	305.107,			23.713,			0.099,			0.099,			24.326,			0.099,			0.099
230,	2,	305.737,			23.954,			0.099,			0.099,			22.227,			0.1,			0.099
231,	2,	306.267,			22.156,			0.099,			0.099,			24.971,			0.099,			0.099
232,	1,	308.644,			1.219,			0.615,			0.615,			1.227,			1.386,			0.856
233,	2,	309.566,			21.697,			0.099,			0.099,			22.54,			0.099,			0.099
234,	2,	310.221,			22.679,			0.099,			0.099,			22.217,			0.1,			0.099
235,	2,	310.355,			22.263,			0.099,			0.099,			24.486,			0.099,			0.099
236,	2,	312.418,			22.589,			0.099,			0.099,			21.684,			0.099,			0.099
237,	2,	312.888,			23.35,			0.099,			0.099,			24.476,			0.099,			0.099
238,	2,	314.876,			21.614,			0.1,			0.1,			23.415,			0.1,			0.099
239,	2,	315.334,			22.129,			0.099,			0.099,			22.828,			0.099,			0.1
240,	1,	317.567,			1.221,			0.951,			0.951,			2.128,			1.123,			0.998
241,	2,	318.069,			25.022,			0.099,			0.099,			21.847,			0.099,			0.099
242,	2,	319.198,			23.047,			0.099,			0.099,			22.382,			0.099,			0.099
243,	2,	319.817,			22.207,			0.1,			0.1,			21.717,			0.099,			0.099
244,	2,	323.637,			23.999,			0.099,			0.099,			22.122,			0.099,			0.099
245,	1,	326.791,			1.984,			1.257,			1.257,			1.42,			0.883,			1.243
246,	2,	328.033,			23.432,			0.1,			0.1,			22.041,			0.099,			0.099
247,	1,	328.492,			1.302,			0.925,			0.925,			1.25,			0.874,			0.925
248,	2,	329.519,			22.643,			0.099,			0.099,			22.364,			0.099,			0.099
249,	1,	330.141,			1.318,			0.85,			0.85,			2.016,			0.804,			1.434
250,	2,	332.663,			22.11,			0.099,			0.099,			24.195,			0.099,			0.1
251,	1,	333.419,			0.966,			0.985,			0.985,			1.025,			1.264,			0.895
252,	2,	333.799,			24.374,			0.1,			0.1,			22.018,			0.099,			0.099
253,	2,	334.04,			21.863,			0.099,			0.099,			23.747,			0.099,			0.099
254,	2,	336.982,			22.465,			0.099,			0.099,			22.276,			0.099,			0.099
255,	2,	337.346,			24.374,			0.099,			0.099,			23.176,			0.099,			0.099
256,	1,	338.581,			1.411,			0.858,			0.858,			2.02,			1.191,			1.082
257,	2,	339.639,			22.447,			0.1,			0.1,			21.604,			0.099,			0.099
258,	2,	340.915,			22.364,			0.099,			0.099,			22.422,			0.099,			0.099
259,	1,	343.527,			2.435,			0.935,			0.935,			1.418,			0.904,			0.865
260,	1,	344.059,			1.926,			1.337,			1.337,			1.023,			1.401,			0.729
261,	2,	344.375,			22.46,			0.099,			0.099,			22.46,			0.099,			0.099
262,	2,	345.286,			25.173,			0.099,			0.099,			22.187,			0.1,			0.099
263,	2,	345.935,			22.972,			0.099,			0.099,			23.456,			0.099,			0.1
264,	3,	346.505,			4.454,			1.215,			1.215,			3.758,			1.688,			0.796
265,	2,	348.615,			23.078,			0.099,			0.099,			22.302,			0.1,			0.099
266,	3,	348.911,			2.864,			1.133,			1.133,			11.86,			0.971,			1.124
267,	1,	348.921,			1.529,			1.238,			1.238,			1.772,			0.948,			1.216
268,	2,	349.369,			22.411,			0.099,			0.099,			24.374,			0.1,			0.099
269,	3,	350.24,			2.804,			2.384,			2.384,			5.512,			0.853,			0.557
270,	2,	350.509,			24.374,			0.099,			0.099,			21.998,			0.099,			0.099
271,	2,	350.525,			22.147,			0.099,			0.099,			22.065,			0.099,			0.099
272,	3,	350.882,			3.943,			1.771,			1.771,			9.897,			1.998,			1.116
273,	3,	351.8,			5.927,			1.444,			1.444,			1.95,			3.335,			2.71
274,	3,	352.142,			10.636,			2.139,			2.139,			6.309,			1.966,			0.691
275,	2,	353.337,			22.081,			0.099,			0.099,			23.758,			0.099,			0.099
276,	2,	353.905,			21.732,			0.1,			0.1,			22.083,			0.099,			0.099
277,	1,	354.498,			1.019,			0.764,			0.764,			1.892,			0.983,			0.617
278,	2,	355.266,			21.843,			0.099,			0.099,			21.977,			0.099,			0.099
279,	2,	355.319,			24.673,			0.099,			0.099,			22.009,			0.099,			0.099
280,	2,	357.933,			24.761,			0.099,			0.099,			23.521,			0.099,			0.099
281,	1,	358.988,			1.309,			1.246,			1.246,			1.193,			0.873,			0.954
282,	2,	359.591,			22.375,			0.1,			0.1,			22.243,			0.099,			0.099
283,	2,	360.32,			23.871,			0.099,			0.099,			21.565,			0.1,			0.099
284,	1,	360.446,			2.397,			0.957,			0.957,			1.301,			0.922,			1.124
285,	2,	361.514,			23.7,			0.099,			0.099,			22.46,			0.099,			0.099
286,	2,	363.016,			21.732,			0.099,			0.099,			24.152,			0.099,			0.099
287,	2,	365.198,			22.889,			0.099,			0.099,			23.835,			0.099,			0.099
288,	2,	366.054,			24.047,			0.099,			0.099,			23.217,			0.099,			0.099
289,	2,	366.798,			22.033,			0.1,			0.1,			22.151,			0.099,			0.099
290,	1,	368.548,			1.41,			1.151,			1.151,			1.778,			0.883,			0.865
291,	3,	369.601,			8.991,			0.884,			0.884,			6.844,			1.969,			1.391
292,	1,	369.961,			1.035,			0.615,			0.615,			1.248,			0.893,			0.592
293,	2,	370.187,			21.819,			0.1,			0.1,			22.636,			0.099,			0.1
294,	2,	370.235,			22.243,			0.099,			0.099,			22.457,			0.099,			0.099
295,	2,	370.681,			22.882,			0.099,			0.099,			22.232,			0.099,			0.099
296,	2,	371.912,			23.066,			0.099,			0.099,			22.475,			0.1,			0.099
297,	1,	372.404,			1.524,			0.764,			0.764,			1.442,			0.619,			0.94
298,	2,	372.643,			23.134,			0.099,			0.099,			22.156,			0.099,			0.1
299,	2,	376.011,			23.747,			0.1,			0.1,			21.725,			0.1,			0.099
300,	2,	376.118,			22.302,			0.099,			0.099,			22.886,			0.099,			0.099
301,	2,	376.853,			22.161,			0.099,			0.099,			23.598,			0.1,			0.099
302,	1,	377.672,			1.302,			1.227,			1.227,			1.431,			0.958,			0.621
303,	1,	379.807,			1.288,			0.62,			0.62,			1.005,			0.873,			0.943
304,	1,	380.129,			1.763,			0.619,			0.619,			1.262,			0.732,			0.727
305,	1,	380.163,			1.198,			0.872,			0.872,			1.073,			0.618,			0.927
306,	2,	380.309,			24.044,			0.099,			0.099,			22.947,			0.099,			0.099
307,	2,	380.607,			22.021,			0.099,			0.099,			23.234,			0.099,			0.099
308,	2,	380.958,			24.881,			0.099,			0.099,			22.578,			0.099,			0.099
309,	2,	381.899,			23.05,			0.099,			0.099,			21.769,			0.099,			0.099
310,	2,	382.856,			23.071,			0.099,			0.099,			22.532,			0.099,			0.099
311,	2,	383.501,			22.168,			0.099,			0.099,			23.197,			0.099,			0.099
312,	2,	383.667,			22.112,			0.099,			0.099,			23.381,			0.099,			0.099
313,	2,	383.794,			23.15,			0.099,			0.099,			22.14,			0.1,			0.099
314,	2,	385.464,			22.679,			0.099,			0.099,			23.946,			0.099,			0.099
315,	2,	386.358,			22.511,			0.099,			0.099,			23.156,			0.099,			0.099
316,	2,	388.715,			24.54,			0.099,			0.099,			23.322,			0.099,			0.099
317,	2,	389.507,			24.74,			0.099,			0.099,			21.765,			0.099,			0.099
318,	1,	389.906,			1.216,			0.948,			0.948,			1.204,			0.835,			1.246
319,	2,	390.433,			23.199,			0.099,			0.099,			22.622,			0.099,			0.099
320,	2,	390.838,			22.176,			0.099,			0.099,			21.988,			0.099,			0.099
321,	2,	391.34,			21.568,			0.099,			0.099,			21.74,			0.1,			0.099
322,	2,	392.681,			22.439,			0.099,			0.099,			21.579,			0.099,			0.099
323,	2,	393.379,			21.863,			0.099,			0.099,			22.47,			0.1,			0.099
324,	2,	396.973,			24.774,			0.099,			0.099,			21.748,			0.099,			0.099
325,	1,	400.579,			1.302,			0.892,			0.892,			1.218,			0.943,			0.585
326,	2,	400.886,			24.108,			0.099,			0.099,			24.637,			0.099,			0.099
327,	1,	403.003,			1.812,			1.429,			1.429,			1.407,			1.187,			0.903
328,	2,	405.009,			23.147,			0.099,			0.099,			22.322,			0.099,			0.099
329,	2,	405.083,			24.471,			0.099,			0.099,			23.683,			0.099,			0.1
330,	2,	405.23,			24.802,			0.099,			0.099,			21.485,			0.1,			0.099
331,	1,	405.231,			1.507,			0.642,			0.642,			1.529,			0.619,			0.893
332,	2,	405.235,			23.887,			0.099,			0.099,			22.186,			0.099,			0.099
333,	2,	405.271,			21.664,			0.1,			0.1,			24.573,			0.099,			0.099
334,	2,	407.443,			25.155,			0.099,			0.099,			23.589,			0.099,			0.099
335,	1,	411.175,			2.193,			1.082,			1.082,			1.523,			0.969,			1.209
336,	2,	411.786,			23.583,			0.099,			0.099,			22.009,			0.099,			0.1
337,	2,	413.544,			23.72,			0.099,			0.099,			23.784,			0.099,			0.099
338,	1,	414.085,			1.259,			0.896,			0.896,			1.019,			0.919,			0.884
339,	1,	414.572,			1.251,			1.143,			1.143,			1.391,			1.123,			0.873
340,	2,	414.729,			24.003,			0.099,			0.099,			21.884,			0.099,			0.099
341,	2,	414.806,			23.141,			0.099,			0.099,			22.956,			0.099,			0.099
342,	2,	417.834,			25.18,			0.099,			0.099,			21.765,			0.099,			0.099
343,	1,	418.516,			1.195,			1.234,			1.234,			1.282,			1.257,			0.997
344,	1,	418.885,			1.206,			0.866,			0.866,			1.259,			1.13,			0.929
345,	1,	419.146,			1.813,			1.105,			1.105,			1.269,			0.861,			1.128
346,	2,	419.271,			22.004,			0.1,			0.1,			22.156,			0.099,			0.099
347,	1,	420.099,			1.983,			0.735,			0.735,			1.274,			1.027,			0.612
348,	2,	422.793,			21.76,			0.099,			0.099,			21.7,			0.099,			0.099
349,	1,	423.291,			1.934,			1.111,			1.111,			1.251,			1.123,			0.903
350,	2,	426.86,			21.752,			0.099,			0.099,			22.26,			0.099,			0.099
351,	2,	428.184,			23.832,			0.099,			0.099,			22.28,			0.099,			0.099
352,	2,	428.484,			23.117,			0.099,			0.099,			24.37,			0.099,			0.099
353,	1,	429.179,			0.991,			1.258,			1.258,			1.108,			0.725,			1.239
354,	2,	430.015,			21.537,			0.099,			0.099,			23.832,			0.099,			0.1
355,	2,	430.129,			22.673,			0.099,			0.099,			22.552,			0.099,			0.099
356,	1,	431.142,			1.15,			1.047,			1.047,			1.032,			1.093,			1.377
357,	1,	431.27,			1.033,			1.22,			1.22,			1.239,			0.788,			0.855
358,	2,	431.294,			22.229,			0.099,			0.099,			24.637,			0.099,			0.099
359,	1,	431.699,			1.242,			1.086,			1.086,			1.262,			0.879,			0.892
360,	1,	431.981,			1.303,			0.867,			0.867,			0.973,			1.199,			0.943
361,	2,	432.974,			23.89,			0.099,			0.099,			22.267,			0.099,			0.099
362,	1,	433.467,			2.436,			0.884,			0.884,			1.514,			0.913,			0.875
363,	2,	433.957,			22.017,			0.099,			0.099,			22.14,			0.099,			0.099
364,	2,	434.816,			22.328,			0.1,			0.1,			23.334,			0.099,			0.099
365,	1,	435.436,			1.032,			1.08,			1.08,			2.097,			0.837,			0.92
366,	2,	435.751,			22.502,			0.099,			0.099,			22.759,			0.099,			0.099
367,	2,	437.015,			22.201,			0.099,			0.099,			22.133,			0.099,			0.099
368,	1,	437.075,			1.417,			0.646,			0.646,			1.825,			1.342,			1.223
369,	1,	437.39,			2.073,			1.401,			1.401,			1.786,			0.886,			0.999
370,	1,	439.392,			1.134,			0.924,			0.924,			1.223,			1.332,			0.892
371,	2,	443.079,			22.465,			0.099,			0.099,			22.387,			0.099,			0.1
372,	2,	444.221,			21.808,			0.099,			0.099,			21.875,			0.1,			0.099
373,	2,	444.659,			22.229,			0.1,			0.1,			21.533,			0.099,			0.099
374,	2,	444.803,			21.843,			0.099,			0.099,			23.563,			0.099,			0.099
375,	2,	447.182,			22.946,			0.099,			0.099,			21.487,			0.099,			0.099
376,	2,	447.593,			21.837,			0.099,			0.099,			21.699,			0.1,			0.099
377,	2,	449.136,			21.821,			0.099,			0.099,			24.313,			0.099,			0.099
378,	2,	450.463,			23.701,			0.099,			0.099,			24.038,			0.099,			0.099
379,	1,	450.881,			2.088,			1.177,			1.177,			1.262,			0.804,			0.968
380,	1,	452.963,			1.232,			0.633,			0.633,			0.937,			0.625,			0.914
381,	2,	452.964,			24.068,			0.099,			0.099,			22.749,			0.099,			0.099
382,	2,	453.169,			22.9,			0.099,			0.099,			24.03,			0.099,			0.099
383,	1,	453.272,			1.178,			0.617,			0.617,			1.935,			1.134,			0.935
384,	1,	454.475,			1.389,			1.261,			1.261,			2.051,			0.62,			0.641
385,	1,	455.037,			1.274,			0.906,			0.906,			1.328,			1.178,			0.725
386,	2,	455.084,			22.771,			0.099,			0.099,			22.365,			0.099,			0.099
387,	1,	456.394,			0.983,			1.086,			1.086,			1.244,			1.229,			0.993
388,	2,	458.563,			22.695,			0.099,			0.099,			24.081,			0.099,			0.099
389,	2,	460.089,			24.83,			0.099,			0.099,			22.826,			0.099,			0.099
390,	2,	460.936,			23.029,			0.099,			0.099,			23.903,			0.099,			0.099
391,	2,	461.368,			24.419,			0.099,			0.099,			22.285,			0.099,			0.099
392,	2,	463.242,			24.381,			0.099,			0.099,			23.167,			0.099,			0.099
393,	2,	463.415,			21.701,			0.099,			0.099,			21.439,			0.099,			0.099
394,	1,	463.448,			1.288,			1.078,			1.078,			1.201,			0.624,			0.871
395,	1,	464.42,			1.216,			0.956,			0.956,			1.815,			1.213,			0.947
396,	2,	465.118,			21.844,			0.099,			0.099,			21.595,			0.099,			0.099
397,	2,	465.383,			21.759,			0.099,			0.099,			24.094,			0.1,			0.099
398,	1,	467.0,			1.253,			0.88,			0.88,			1.055,			0.843,			0.632
399,	2,	468.078,			23.567,			0.099,			0.099,			24.144,			0.099,			0.1
400,	2,	468.319,			22.431,			0.099,			0.099,			22.308,			0.099,			0.099
401,	2,	468.719,			24.117,			0.099,			0.099,			22.111,			0.099,			0.099
402,	2,	469.119,			24.362,			0.099,			0.099,			25.105,			0.099,			0.099
403,	1,	469.166,			1.772,			0.912,			0.912,			1.03,			0.999,			0.93
404,	2,	469.442,			22.398,			0.099,			0.099,			22.424,			0.099,			0.099
405,	2,	470.582,			22.943,			0.099,			0.099,			23.374,			0.099,			0.099
406,	1,	471.923,			1.253,			1.333,			1.333,			1.29,			0.873,			0.849
407,	2,	472.937,			22.648,			0.099,			0.099,			22.538,			0.099,			0.099
408,	2,	474.22,			23.519,			0.099,			0.099,			21.645,			0.099,			0.1
409,	2,	474.426,			21.647,			0.099,			0.099,			22.286,			0.099,			0.099
410,	1,	474.819,			1.038,			0.864,			0.864,			1.096,			0.935,			1.166
411,	2,	476.173,			23.512,			0.099,			0.099,			21.904,			0.099,			0.099
412,	2,	477.175,			24.988,			0.1,			0.1,			21.937,			0.099,			0.099
413,	1,	478.652,			2.228,			0.939,			0.939,			1.501,			0.926,			1.231
414,	1,	478.741,			1.13,			1.555,			1.555,			1.019,			1.293,			1.224
415,	1,	480.695,			1.104,			0.919,			0.919,			1.749,			1.429,			0.627
416,	2,	480.707,			25.241,			0.099,			0.099,			21.945,			0.099,			0.099
417,	2,	481.196,			21.995,			0.1,			0.1,			22.354,			0.1,			0.099
418,	2,	482.269,			22.055,			0.099,			0.099,			22.95,			0.099,			0.099
419,	1,	482.3,			1.412,			0.782,			0.782,			0.987,			1.12,			0.932
420,	1,	482.784,			1.767,			0.898,			0.898,			1.351,			1.342,			1.12
421,	2,	483.031,			21.796,			0.099,			0.099,			21.771,			0.099,			0.099
422,	1,	483.981,			2.025,			1.444,			1.444,			1.439,			1.047,			1.182
423,	2,	487.3,			21.593,			0.099,			0.099,			21.968,			0.1,			0.099
424,	2,	487.61,			23.358,			0.099,			0.099,			22.364,			0.099,			0.099
425,	1,	487.679,			2.038,			0.613,			0.613,			1.426,			1.121,			0.939
426,	1,	489.004,			1.281,			0.627,			0.627,			2.088,			0.997,			0.9
427,	2,	490.642,			24.088,			0.1,			0.1,			22.373,			0.099,			0.099
428,	1,	491.053,			1.006,			0.825,			0.825,			1.825,			1.114,			0.787
429,	2,	491.268,			21.823,			0.099,			0.099,			21.44,			0.099,			0.099
430,	1,	491.397,			1.994,			0.899,			0.899,			1.024,			1.231,			0.661
431,	2,	492.612,			22.72,			0.099,			0.099,			22.3,			0.099,			0.099
432,	2,	492.785,			22.151,			0.099,			0.099,			21.697,			0.099,			0.099
433,	2,	493.832,			24.051,			0.099,			0.099,			22.4,			0.099,			0.099
434,	1,	494.923,			1.257,			0.849,			0.849,			1.32,			0.882,			1.137
435,	2,	495.076,			23.416,			0.099,			0.099,			21.841,			0.099,			0.099
436,	1,	495.255,			2.277,			1.199,			1.199,			1.244,			1.073,			0.725
437,	2,	495.962,			21.775,			0.099,			0.099,			22.077,			0.099,			0.099
438,	2,	496.317,			22.132,			0.099,			0.099,			22.168,			0.099,			0.099
439,	2,	497.132,			23.108,			0.1,			0.1,			23.805,			0.099,			0.099
440,	1,	497.677,			2.144,			0.894,			0.894,			1.812,			0.908,			1.128
441,	2,	498.237,			24.476,			0.099,			0.099,			21.541,			0.099,			0.099
442,	2,	499.711,			21.682,			0.099,			0.099,			24.184,			0.1,			0.099
443,	2,	500.185,			22.481,			0.1,			0.1,			22.511,			0.099,			0.099
444,	2,	501.749,			23.849,			0.099,			0.099,			23.866,			0.1,			0.099
445,	2,	503.293,			23.233,			0.099,			0.099,			22.213,			0.099,			0.1
446,	2,	504.0,			21.76,			0.099,			0.099,			24.7,			0.099,			0.099
447,	1,	504.607,			1.218,			0.873,			0.873,			1.403,			0.947,			0.621
448,	1,	504.747,			0.987,			0.587,			0.587,			1.198,			0.874,			1.246
449,	2,	506.909,			23.563,			0.099,			0.099,			22.553,			0.099,			0.099
450,	2,	506.986,			22.835,			0.099,			0.099,			21.395,			0.099,			0.099
451,	1,	507.889,			1.021,			0.878,			0.878,			1.079,			0.903,			0.859
452,	2,	510.479,			23.682,			0.099,			0.099,			21.627,			0.099,			0.099
453,	2,	512.668,			21.803,			0.099,			0.099,			21.529,			0.099,			0.099
454,	2,	513.744,			21.89,			0.099,			0.099,			22.133,			0.099,			0.099
455,	1,	515.172,			1.308,			1.164,			1.164,			2.056,			0.692,			1.085
456,	1,	517.102,			1.006,			1.282,			1.282,			1.208,			1.426,			0.926
457,	1,	517.472,			0.979,			1.117,			1.117,			1.418,			1.131,			1.095
458,	2,	519.368,			21.323,			0.099,			0.099,			21.893,			0.099,			0.099
459,	1,	519.425,			1.959,			0.967,			0.967,			1.252,			1.224,			0.621
460,	2,	519.851,			24.598,			0.099,			0.099,			22.023,			0.1,			0.099
461,	1,	523.41,			2.122,			0.912,			0.912,			0.983,			0.828,			1.203
462,	2,	525.413,			22.569,			0.099,			0.099,			24.062,			0.099,			0.099
463,	2,	526.132,			22.559,			0.099,			0.099,			22.259,			0.1,			0.099
464,	2,	527.155,			21.818,			0.099,			0.099,			22.86,			0.099,			0.099
465,	2,	527.437,			21.884,			0.099,			0.099,			22.943,			0.099,			0.1
466,	2,	527.847,			24.63,			0.099,			0.099,			21.758,			0.099,			0.099
467,	1,	530.098,			2.124,			1.405,			1.405,			2.116,			1.117,			1.213
468,	1,	530.797,			1.389,			0.967,			0.967,			1.401,			1.129,			0.726
469,	3,	530.996,			7.403,			3.265,			3.265,			3.649,			1.807,			2.092
470,	3,	531.307,			6.047,			1.522,			1.522,			3.501,			1.563,			2.359
471,	3,	531.514,			3.219,			3.579,			3.579,			4.972,			0.974,			1.46
472,	3,	532.08,			4.537,			1.363,			1.363,			5.18,			1.969,			2.945
473,	2,	532.407,			22.561,			0.099,			0.099,			23.432,			0.099,			0.099
474,	3,	532.619,			3.485,			0.733,			0.733,			4.598,			2.105,			0.856
475,	3,	532.627,			7.853,			1.21,			1.21,			1.44,			1.956,			0.955
476,	3,	532.636,			12.348,			1.119,			1.119,			4.516,			0.675,			3.139
477,	3,	532.74,			2.135,			3.279,			3.279,			10.22,			1.363,			0.741
478,	3,	533.056,			7.011,			0.929,			0.929,			12.565,			0.84,			1.21
479,	1,	533.171,			1.99,			0.96,			0.96,			1.437,			0.89,			1.342
480,	3,	533.275,			4.379,			2.384,			2.384,			3.036,			1.639,			2.444
481,	3,	533.397,			3.038,			1.644,			1.644,			7.542,			0.878,			2.632
482,	3,	533.425,			1.955,			0.622,			0.622,			5.212,			2.092,			1.559
483,	2,	533.762,			24.209,			0.099,			0.099,			24.426,			0.099,			0.099
484,	3,	534.141,			5.444,			2.139,			2.139,			3.163,			1.057,			1.087
485,	2,	534.504,			23.72,			0.1,			0.1,			23.11,			0.099,			0.099
486,	3,	535.625,			2.043,			0.663,			0.663,			13.011,			0.846,			1.324
487,	3,	535.744,			6.228,			0.832,			0.832,			6.769,			1.721,			0.815
488,	3,	535.903,			9.839,			1.563,			1.563,			9.789,			0.759,			1.093
489,	2,	536.037,			22.653,			0.099,			0.099,			24.009,			0.099,			0.099
490,	1,	536.077,			1.07,			0.619,			0.619,			1.262,			0.905,			0.947
491,	3,	536.083,			6.15,			1.107,			1.107,			4.129,			0.731,			0.988
492,	3,	536.125,			3.645,			1.364,			1.364,			2.737,			3.23,			1.001
493,	2,	536.514,			24.127,			0.099,			0.099,			22.569,			0.1,			0.099
494,	3,	536.611,			9.643,			0.699,			0.699,			3.742,			1.682,			1.168
495,	3,	536.778,			2.573,			1.512,			1.512,			2.199,			1.336,			0.974
496,	3,	537.309,			9.84,			0.855,			0.855,			6.086,			2.508,			1.04
497,	3,	537.36,			3.162,			1.009,			1.009,			1.9,			1.981,			1.446
498,	1,	537.697,			1.038,			0.591,			0.591,			1.265,			0.935,			0.824
499,	3,	537.877,			7.266,			1.536,			1.536,			4.32,			1.295,			1.564
500,	1,	538.026,			1.423,			0.746,			0.746,			1.794,			0.913,			0.969
501,	2,	538.104,			22.558,			0.099,			0.099,			23.089,			0.099,			0.099
502,	3,	538.134,			4.548,			1.446,			1.446,			12.508,			1.329,			0.687
503,	3,	538.312,			4.779,			0.811,			0.811,			3.492,			1.771,			2.166
504,	2,	538.459,			22.084,			0.099,			0.099,			21.55,			0.099,			0.1
505,	2,	541.635,			22.375,			0.099,			0.099,			22.82,			0.099,			0.099
506,	2,	542.103,			22.281,			0.1,			0.1,			23.464,			0.099,			0.1
507,	1,	542.606,			1.503,			1.235,			1.235,			1.262,			1.539,			0.858
508,	1,	544.176,			1.319,			0.871,			0.871,			0.989,			0.895,			0.837
509,	2,	544.978,			21.999,			0.099,			0.099,			21.949,			0.099,			0.1
510,	2,	545.858,			25.132,			0.099,			0.099,			24.934,			0.099,			0.099
511,	1,	546.42,			2.05,			0.94,			0.94,			0.943,			1.078,			0.958
512,	2,	546.447,			21.55,			0.099,			0.099,			21.718,			0.099,			0.099
513,	2,	546.829,			24.616,			0.099,			0.099,			22.097,			0.099,			0.099
514,	2,	546.91,			23.979,			0.099,			0.099,			22.973,			0.099,			0.099
515,	2,	552.578,			22.537,			0.099,			0.099,			21.713,			0.099,			0.099
516,	2,	552.636,			21.79,			0.099,			0.099,			23.789,			0.099,			0.099
517,	2,	553.53,			24.744,			0.099,			0.099,			23.341,			0.099,			0.099
518,	2,	554.852,			21.9,			0.099,			0.099,			23.263,			0.099,			0.099
519,	1,	555.846,			1.217,			0.655,			0.655,			1.764,			0.834,			1.144
520,	2,	556.001,			22.484,			0.099,			0.099,			25.064,			0.099,			0.1
521,	2,	557.998,			23.811,			0.099,			0.099,			21.558,			0.099,			0.099
522,	1,	561.297,			1.201,			1.093,			1.093,			1.308,			0.82,			0.674
523,	2,	561.984,			24.041,			0.099,			0.099,			23.955,			0.099,			0.099
524,	1,	564.08,			1.757,			0.623,			0.623,			1.006,			1.25,			0.629
525,	2,	564.24,			22.376,			0.099,			0.099,			23.827,			0.1,			0.099
526,	1,	564.595,			1.289,			0.908,			0.908,			2.074,			1.182,			1.387
527,	2,	565.062,			21.943,			0.099,			0.099,			22.387,			0.099,			0.099
528,	1,	565.453,			1.25,			1.199,			1.199,			1.134,			1.119,			0.62
529,	2,	567.33,			23.425,			0.099,			0.099,			24.558,			0.1,			0.099
530,	1,	568.288,			1.11,			0.904,			0.904,			2.023,			0.782,			0.833
531,	2,	568.866,			21.642,			0.099,			0.099,			22.313,			0.1,			0.099
532,	1,	569.33,			0.956,			0.616,			0.616,			2.151,			0.886,			0.935
533,	1,	569.828,			1.2,			0.94,			0.94,			1.924,			0.929,			1.405
534,	2,	570.531,			21.848,			0.099,			0.099,			21.59,			0.099,			0.1
535,	1,	571.671,			1.871,			0.928,			0.928,			1.38,			1.047,			0.947
536,	2,	572.246,			25.135,			0.099,			0.099,			22.445,			0.099,			0.099
537,	1,	573.534,			2.145,			1.346,			1.346,			1.42,			0.621,			0.873
538,	2,	573.535,			23.791,			0.099,			0.099,			22.87,			0.099,			0.1
539,	2,	575.129,			22.143,			0.099,			0.099,			24.003,			0.099,			0.099
540,	2,	576.223,			21.44,			0.1,			0.1,			22.427,			0.099,			0.099
541,	2,	579.052,			23.318,			0.099,			0.099,			23.228,			0.099,			0.099
542,	2,	579.103,			21.923,			0.099,			0.099,			22.809,			0.099,			0.099
543,	2,	579.335,			24.395,			0.099,			0.099,			22.856,			0.099,			0.099
544,	2,	581.292,			24.14,			0.099,			0.099,			23.782,			0.099,			0.099
545,	1,	582.708,			1.25,			0.857,			0.857,			1.126,			1.011,			0.908
546,	2,	583.777,			24.722,			0.099,			0.099,			22.231,			0.099,			0.099
547,	1,	583.909,			1.926,			0.655,			0.655,			1.287,			0.912,			0.847
548,	2,	583.923,			22.421,			0.099,			0.099,			22.017,			0.099,			0.099
549,	2,	584.443,			21.975,			0.099,			0.099,			22.532,			0.1,			0.1
550,	2,	584.467,			23.212,			0.099,			0.099,			24.406,			0.099,			0.099
551,	2,	586.46,			22.677,			0.099,			0.099,			22.364,			0.099,			0.099
552,	2,	586.576,			23.372,			0.099,			0.099,			23.777,			0.099,			0.099
553,	2,	589.395,			21.823,			0.1,			0.1,			21.678,			0.1,			0.099
554,	1,	589.793,			1.266,			0.926,			0.926,			1.211,			0.785,			0.939
555,	2,	590.986,			21.637,			0.099,			0.099,			21.937,			0.099,			0.099
556,	2,	591.084,			22.115,			0.099,			0.099,			21.748,			0.099,			0.099
557,	1,	592.396,			0.935,			1.214,			1.214,			1.087,			0.858,			0.942
558,	2,	593.403,			23.682,			0.099,			0.099,			25.035,			0.099,			0.099
559,	2,	594.528,			21.99,			0.099,			0.099,			23.956,			0.099,			0.099
560,	1,	594.535,			1.244,			1.082,			1.082,			1.09,			1.134,			0.628
561,	1,	594.921,			1.522,			0.858,			0.858,			1.237,			1.257,			0.62
562,	1,	595.463,			1.3,			0.615,			0.615,			2.121,			0.611,			0.837
563,	2,	596.517,			23.664,			0.099,			0.099,			21.684,			0.099,			0.099
564,	1,	596.708,			1.272,			0.835,			0.835,			1.87,			0.937,			0.632
565,	2,	598.572,			23.904,			0.099,			0.099,			22.462,			0.099,			0.099
566,	2,	599.356,			23.718,			0.099,			0.099,			21.895,			0.099,			0.099
567,	2,	601.079,			21.761,			0.099,			0.099,			22.594,			0.099,			0.099
568,	1,	602.158,			1.243,			1.086,			1.086,			2.312,			1.119,			1.107
569,	2,	602.405,			23.779,			0.099,			0.099,			24.677,			0.1,			0.099
570,	2,	605.731,			23.953,			0.1,			0.1,			22.308,			0.099,			0.099
571,	1,	606.341,			1.784,			1.22,			1.22,			1.0,			0.627,			0.878
572,	2,	606.413,			23.219,			0.099,			0.099,			22.219,			0.099,			0.099
573,	2,	607.13,			22.457,			0.099,			0.099,			24.227,			0.099,			0.099
574,	2,	607.139,			24.288,			0.099,			0.099,			24.445,			0.099,			0.099
575,	2,	608.204,			24.732,			0.099,			0.099,			22.622,			0.099,			0.099
576,	2,	609.359,			22.542,			0.099,			0.099,			22.434,			0.099,			0.099
577,	1,	610.332,			1.073,			1.135,			1.135,			2.142,			1.405,			0.919
578,	2,	611.375,			24.824,			0.099,			0.099,			22.462,			0.099,			0.099
579,	2,	611.573,			24.716,			0.099,			0.099,			24.193,			0.1,			0.099
580,	1,	612.179,			2.04,			0.904,			0.904,			1.227,			1.451,			0.94
581,	2,	612.813,			23.518,			0.099,			0.099,			21.651,			0.099,			0.099
582,	1,	614.572,			1.408,			1.439,			1.439,			0.944,			0.905,			0.891
583,	2,	616.282,			21.681,			0.099,			0.099,			23.765,			0.099,			0.099
584,	2,	619.409,			22.366,			0.099,			0.099,			23.526,			0.099,			0.099
585,	2,	619.733,			22.273,			0.099,			0.099,			22.212,			0.099,			0.099
586,	2,	621.268,			21.377,			0.099,			0.099,			23.071,			0.099,			0.099
587,	2,	621.817,			21.554,			0.099,			0.099,			22.996,			0.099,			0.099
588,	2,	623.422,			24.009,			0.099,			0.099,			23.743,			0.1,			0.099
589,	1,	623.76,			1.286,			0.937,			0.937,			0.996,			0.939,			0.812
590,	2,	626.466,			22.872,			0.099,			0.099,			21.909,			0.1,			0.099
591,	2,	628.39,			22.981,			0.099,			0.099,			23.139,			0.1,			0.099
592,	2,	628.725,			22.614,			0.099,			0.099,			22.371,			0.099,			0.099
593,	2,	631.929,			22.985,			0.099,			0.099,			25.064,			0.099,			0.099
594,	2,	633.21,			23.63,			0.099,			0.099,			21.821,			0.099,			0.099
595,	2,	633.935,			21.847,			0.099,			0.099,			21.584,			0.099,			0.099
596,	2,	634.667,			24.21,			0.099,			0.099,			23.938,			0.099,			0.099
597,	2,	637.279,			23.5,			0.099,			0.099,			23.662,			0.099,			0.099
598,	2,	637.492,			23.256,			0.1,			0.1,			23.05,			0.099,			0.099
599,	2,	638.112,			21.845,			0.099,			0.099,			22.841,			0.099,			0.099
600,	2,	640.181,			22.469,			0.099,			0.099,			24.33,			0.099,			0.099
601,	2,	642.088,			22.532,			0.099,			0.099,			22.738,			0.099,			0.1
602,	2,	642.644,			21.909,			0.099,			0.099,			21.801,			0.099,			0.099
603,	1,	642.66,			1.2,			0.746,			0.746,			1.505,			0.894,			1.115
604,	2,	643.762,			23.416,			0.099,			0.099,			23.386,			0.099,			0.099
605,	1,	644.02,			1.42,			0.625,			0.625,			1.231,			1.117,			0.867
606,	2,	644.45,			22.86,			0.099,			0.099,			22.026,			0.099,			0.099
607,	1,	645.386,			1.14,			0.951,			0.951,			1.006,			0.982,			0.87
608,	1,	648.901,			1.825,			0.94,			0.94,			1.799,			1.073,			0.746
609,	2,	649.508,			23.062,			0.1,			0.1,			23.598,			0.099,			0.099
610,	2,	650.141,			22.872,			0.099,			0.099,			22.375,			0.099,			0.099
611,	2,	650.768,			22.594,			0.099,			0.099,			21.622,			0.099,			0.099
612,	2,	651.21,			22.442,			0.099,			0.099,			24.119,			0.099,			0.099
613,	2,	651.445,			22.247,			0.099,			0.099,			22.232,			0.099,			0.099
614,	1,	651.478,			1.834,			1.144,			1.144,			2.155,			0.868,			0.892
615,	1,	652.219,			2.001,			0.623,			0.623,			1.452,			0.734,			0.618
616,	2,	652.489,			22.017,			0.099,			0.099,			22.017,			0.099,			0.099
617,	2,	656.402,			21.528,			0.099,			0.099,			21.992,			0.099,			0.099
618,	1,	657.693,			2.012,			1.346,			1.346,			1.255,			1.388,			1.12
619,	2,	658.323,			23.246,			0.099,			0.099,			22.298,			0.099,			0.099
620,	2,	658.751,			21.744,			0.099,			0.099,			21.629,			0.099,			0.1
621,	1,	658.858,			1.212,			1.245,			1.245,			1.737,			0.999,			1.394
622,	1,	661.127,			1.035,			0.587,			0.587,			1.252,			0.719,			0.93
623,	2,	662.114,			24.492,			0.1,			0.1,			24.613,			0.099,			0.099
624,	2,	664.018,			22.819,			0.099,			0.099,			21.814,			0.1,			0.099
625,	2,	664.32,			23.946,			0.1,			0.1,			22.453,			0.099,			0.099
626,	2,	666.781,			22.029,			0.099,			0.099,			23.44,			0.099,			0.099
627,	1,	668.035,			0.933,			1.244,			1.244,			1.894,			0.719,			0.847
628,	2,	668.592,			22.238,			0.099,			0.099,			22.594,			0.099,			0.099
629,	2,	671.395,			23.383,			0.1,			0.1,			21.875,			0.099,			0.099
630,	2,	673.48,			23.358,			0.099,			0.099,			22.499,			0.099,			0.099
631,	2,	675.704,			24.071,			0.099,			0.099,			24.608,			0.099,			0.099
632,	2,	682.411,			23.016,			0.099,			0.099,			21.852,			0.099,			0.099
633,	2,	684.643,			22.254,			0.099,			0.099,			21.813,			0.099,			0.099
634,	1,	685.72,			2.036,			0.73,			0.73,			1.27,			1.093,			0.9
635,	2,	686.794,			23.396,			0.1,			0.1,			23.313,			0.099,			0.099
636,	2,	688.192,			22.339,			0.099,			0.099,			22.4,			0.099,			0.1
637,	2,	689.607,			25.02,			0.099,			0.099,			21.994,			0.099,			0.099
638,	2,	690.992,			24.248,			0.1,			0.1,			22.235,			0.099,			0.099
639,	2,	691.424,			24.339,			0.099,			0.099,			21.712,			0.099,			0.099
640,	2,	693.64,			22.253,			0.099,			0.099,			21.891,			0.099,			0.099
641,	2,	693.776,			23.965,			0.099,			0.099,			24.119,			0.099,			0.099
642,	2,	694.294,			22.741,			0.099,			0.099,			22.447,			0.099,			0.099
643,	1,	695.394,			1.303,			1.203,			1.203,			1.035,			0.873,			0.735
644,	2,	699.377,			23.278,			0.099,			0.099,			23.04,			0.099,			0.1
645,	1,	700.32,			1.306,			1.396,			1.396,			1.035,			1.385,			0.816
646,	2,	703.262,			23.895,			0.099,			0.099,			21.706,			0.099,			0.099
647,	2,	703.893,			22.588,			0.099,			0.099,			22.396,			0.099,			0.099
648,	2,	705.315,			21.715,			0.099,			0.099,			22.361,			0.099,			0.099
649,	2,	705.993,			21.396,			0.099,			0.099,			21.961,			0.1,			0.099
650,	2,	707.352,			22.484,			0.099,			0.099,			23.86,			0.099,			0.099
651,	2,	708.813,			21.557,			0.099,			0.099,			24.136,			0.099,			0.099
652,	2,	709.694,			21.524,			0.099,			0.099,			22.902,			0.099,			0.099
653,	2,	712.167,			21.835,			0.099,			0.099,			24.361,			0.099,			0.099
654,	2,	712.307,			23.67,			0.099,			0.099,			25.132,			0.099,			0.1
655,	2,	713.103,			21.786,			0.099,			0.099,			21.869,			0.099,			0.099
656,	2,	713.395,			22.227,			0.099,			0.099,			24.898,			0.099,			0.099
657,	2,	713.783,			22.097,			0.099,			0.099,			24.481,			0.099,			0.099
658,	2,	716.239,			24.464,			0.099,			0.099,			22.485,			0.099,			0.1
659,	2,	716.683,			24.137,			0.1,			0.1,			21.715,			0.099,			0.099
660,	2,	718.953,			23.578,			0.099,			0.099,			21.44,			0.099,			0.099
661,	1,	720.573,			1.429,			0.903,			0.903,			1.5,			0.946,			0.626
662,	2,	725.456,			23.979,			0.099,			0.099,			23.246,			0.1,			0.099
663,	2,	725.467,			21.716,			0.099,			0.099,			22.41,			0.1,			0.099
664,	1,	725.481,			1.324,			0.621,			0.621,			1.293,			0.839,			1.405
665,	2,	726.274,			22.157,			0.099,			0.099,			22.035,			0.099,			0.099
666,	2,	728.222,			23.132,			0.099,			0.099,			21.386,			0.099,			0.099
667,	2,	730.574,			22.12,			0.099,			0.099,			22.42,			0.099,			0.099
668,	2,	731.305,			21.63,			0.099,			0.099,			21.466,			0.099,			0.099
669,	2,	731.949,			22.564,			0.099,			0.099,			22.156,			0.099,			0.099
670,	1,	735.733,			1.252,			0.95,			0.95,			1.079,			0.669,			1.107
671,	1,	736.021,			1.198,			0.927,			0.927,			1.009,			1.235,			0.945
672,	2,	737.402,			21.737,			0.099,			0.099,			21.874,			0.1,			0.099
673,	2,	739.264,			22.263,			0.1,			0.1,			24.281,			0.1,			0.099
674,	2,	740.87,			23.036,			0.099,			0.099,			22.4,			0.099,			0.099
675,	2,	745.524,			21.893,			0.099,			0.099,			21.69,			0.1,			0.099
676,	2,	747.35,			23.634,			0.099,			0.099,			21.835,			0.099,			0.099
677,	2,	747.743,			22.756,			0.099,			0.099,			21.939,			0.099,			0.099
678,	2,	747.958,			23.564,			0.099,			0.099,			22.93,			0.099,			0.099
679,	2,	749.375,			22.756,			0.099,			0.099,			23.241,			0.099,			0.099
680,	2,	750.037,			21.528,			0.099,			0.099,			22.853,			0.099,			0.099
681,	1,	750.753,			1.096,			0.867,			0.867,			1.294,			0.925,			1.451
682,	2,	751.767,			24.281,			0.099,			0.099,			21.866,			0.099,			0.099
683,	2,	752.432,			22.546,			0.099,			0.099,			22.648,			0.099,			0.099
684,	2,	752.885,			22.594,			0.099,			0.099,			21.76,			0.099,			0.099
685,	2,	754.4,			21.485,			0.099,			0.099,			21.633,			0.099,			0.1
686,	2,	754.585,			23.088,			0.099,			0.099,			22.044,			0.099,			0.099
687,	2,	754.715,			21.731,			0.099,			0.099,			21.956,			0.099,			0.1
688,	2,	755.348,			22.566,			0.1,			0.1,			22.276,			0.099,			0.099
689,	2,	758.444,			22.122,			0.1,			0.1,			21.6,			0.099,			0.099
690,	2,	760.41,			21.606,			0.099,			0.099,			23.046,			0.099,			0.099
691,	2,	761.474,			23.145,			0.099,			0.099,			21.56,			0.099,			0.099
692,	2,	763.441,			23.956,			0.099,			0.099,			23.439,			0.099,			0.099
693,	2,	764.37,			21.583,			0.099,			0.099,			22.071,			0.099,			0.099
694,	2,	764.908,			21.972,			0.099,			0.099,			24.069,			0.099,			0.099
695,	2,	765.067,			21.619,			0.099,			0.099,			22.851,			0.1,			0.099
696,	2,	765.99,			21.576,			0.099,			0.099,			23.774,			0.099,			0.099
697,	2,	766.63,			22.026,			0.099,			0.099,			21.618,			0.099,			0.099
698,	2,	767.217,			23.796,			0.099,			0.099,			22.442,			0.099,			0.099
699,	2,	768.474,			21.391,			0.099,			0.099,			23.355,			0.099,			0.099
700,	2,	769.693,			21.9,			0.099,			0.099,			23.463,			0.099,			0.099
701,	2,	770.71,			22.947,			0.099,			0.099,			21.88,			0.099,			0.1
702,	2,	772.014,			22.157,			0.099,			0.099,			23.199,			0.099,			0.099
703,	2,	772.59,			22.317,			0.099,			0.099,			22.447,			0.099,			0.1
704,	2,	773.676,			23.606,			0.099,			0.099,			23.769,			0.099,			0.099
705,	2,	774.047,			21.865,			0.099,			0.099,			23.008,			0.099,			0.099
706,	2,	774.374,			23.835,			0.099,			0.099,			22.371,			0.099,			0.099
707,	2,	775.543,			23.275,			0.099,			0.099,			23.396,			0.099,			0.099
708,	2,	776.53,			23.583,			0.099,			0.099,			22.732,			0.099,			0.099
709,	1,	777.508,			1.834,			0.819,			0.819,			1.819,			0.593,			1.192
710,	2,	778.8,			21.598,			0.099,			0.099,			22.177,			0.099,			0.099
711,	2,	779.667,			21.966,			0.099,			0.099,			21.566,			0.1,			0.099
712,	2,	781.753,			22.334,			0.099,			0.099,			21.7,			0.099,			0.099
713,	1,	782.475,			1.99,			1.173,			1.173,			1.029,			1.264,			0.946
714,	2,	782.491,			24.114,			0.099,			0.099,			21.582,			0.099,			0.099
715,	2,	783.331,			21.766,			0.099,			0.099,			21.689,			0.099,			0.099
716,	2,	783.996,			23.935,			0.099,			0.099,			22.828,			0.099,			0.099
717,	2,	790.763,			21.385,			0.099,			0.099,			24.072,			0.099,			0.099
718,	1,	791.702,			2.147,			1.141,			1.141,			2.099,			1.337,			0.909
719,	2,	797.976,			23.73,			0.099,			0.099,			22.699,			0.099,			0.099
720,	2,	800.081,			21.694,			0.099,			0.099,			24.257,			0.099,			0.099
721,	2,	802.319,			21.524,			0.099,			0.099,			21.715,			0.099,			0.099
722,	2,	804.708,			24.042,			0.099,			0.099,			23.104,			0.099,			0.1
723,	1,	806.628,			1.29,			1.342,			1.342,			1.351,			0.725,			0.912
724,	2,	807.761,			21.681,			0.1,			0.1,			21.641,			0.099,			0.099
725,	2,	808.772,			24.362,			0.099,			0.099,			22.94,			0.099,			0.099
726,	2,	810.284,			23.776,			0.099,			0.099,			22.832,			0.099,			0.1
727,	2,	813.233,			21.985,			0.099,			0.099,			21.565,			0.099,			0.1
728,	2,	813.549,			21.763,			0.1,			0.1,			24.024,			0.099,			0.099
729,	2,	818.047,			21.913,			0.099,			0.099,			24.79,			0.1,			0.099
730,	2,	818.461,			24.766,			0.1,			0.1,			23.474,			0.099,			0.099
731,	2,	820.817,			22.026,			0.099,			0.099,			24.908,			0.099,			0.099
732,	2,	822.07,			23.811,			0.099,			0.099,			22.713,			0.099,			0.099
733,	2,	824.328,			21.808,			0.099,			0.099,			24.715,			0.1,			0.099
734,	2,	825.42,			21.814,			0.099,			0.099,			22.14,			0.099,			0.1
735,	2,	825.502,			24.988,			0.1,			0.1,			22.201,			0.1,			0.099
736,	2,	826.454,			21.678,			0.1,			0.1,			23.424,			0.099,			0.099
737,	2,	826.605,			22.648,			0.099,			0.099,			22.424,			0.099,			0.099
738,	2,	829.059,			22.585,			0.099,			0.099,			22.378,			0.099,			0.099
739,	2,	829.338,			22.157,			0.099,			0.099,			21.758,			0.099,			0.099
740,	2,	831.404,			22.414,			0.099,			0.099,			22.259,			0.099,			0.1
741,	2,	831.557,			21.472,			0.099,			0.099,			22.252,			0.099,			0.099
742,	2,	831.842,			22.004,			0.1,			0.1,			22.668,			0.099,			0.099
743,	2,	832.719,			22.281,			0.1,			0.1,			23.888,			0.099,			0.1
744,	2,	835.613,			22.305,			0.099,			0.099,			22.333,			0.099,			0.099
745,	2,	835.823,			24.316,			0.099,			0.099,			22.427,			0.099,			0.099
746,	2,	838.055,			22.238,			0.099,			0.099,			21.938,			0.099,			0.099
747,	2,	838.648,			21.747,			0.1,			0.1,			25.022,			0.099,			0.099
748,	2,	841.777,			24.177,			0.099,			0.099,			22.253,			0.099,			0.099
749,	2,	844.216,			23.4,			0.099,			0.099,			21.676,			0.099,			0.099
750,	2,	845.043,			21.568,			0.099,			0.099,			22.035,			0.099,			0.099
751,	2,	845.911,			24.205,			0.099,			0.099,			23.983,			0.099,			0.099
752,	2,	849.693,			23.973,			0.099,			0.099,			24.761,			0.099,			0.099
753,	2,	850.473,			22.542,			0.099,			0.099,			21.576,			0.099,			0.099
754,	2,	850.814,			21.712,			0.099,			0.099,			22.905,			0.099,			0.099
755,	2,	851.542,			23.953,			0.099,			0.099,			21.648,			0.099,			0.099
756,	2,	851.808,			22.252,			0.099,			0.099,			21.893,			0.099,			0.099
757,	2,	853.922,			24.574,			0.099,			0.099,			21.618,			0.099,			0.099
758,	2,	855.332,			24.108,			0.099,			0.099,			24.39,			0.099,			0.099
759,	2,	856.908,			22.412,			0.099,			0.099,			24.247,			0.099,			0.099
760,	2,	858.502,			21.778,			0.099,			0.099,			22.465,			0.099,			0.099
761,	2,	859.186,			21.732,			0.099,			0.099,			23.006,			0.099,			0.099
762,	2,	859.541,			23.35,			0.099,			0.099,			21.948,			0.099,			0.1
763,	3,	861.454,			2.097,			1.755,			1.755,			13.868,			1.119,			1.231
764,	3,	862.724,			7.24,			1.415,			1.415,			8.515,			1.215,			0.837
765,	3,	863.861,			1.183,			1.279,			1.279,			9.048,			2.838,			3.488
766,	2,	864.151,			21.73,			0.099,			0.099,			22.797,			0.099,			0.099
767,	3,	864.574,			12.982,			1.124,			1.124,			10.331,			1.092,			0.819
768,	3,	865.18,			5.97,			1.966,			1.966,			5.386,			1.255,			1.613
769,	3,	865.772,			6.334,			1.232,			1.232,			1.602,			1.09,			2.166
770,	3,	865.868,			2.762,			2.298,			2.298,			7.24,			0.699,			1.432
771,	3,	866.244,			2.271,			0.903,			0.903,			4.501,			1.336,			0.737
772,	2,	866.32,			22.496,			0.099,			0.099,			21.883,			0.099,			0.1
773,	2,	866.629,			22.585,			0.099,			0.099,			23.934,			0.099,			0.099
774,	3,	866.696,			2.199,			1.989,			1.989,			12.341,			1.807,			3.58
775,	3,	866.92,			3.052,			0.667,			0.667,			4.935,			0.912,			1.208
776,	3,	867.452,			1.862,			2.574,			2.574,			2.797,			1.17,			0.832
777,	2,	867.483,			21.568,			0.099,			0.099,			23.408,			0.099,			0.099
778,	3,	867.906,			1.962,			1.466,			1.466,			2.199,			2.119,			0.905
779,	3,	868.657,			9.839,			0.686,			0.686,			2.928,			3.132,			1.549
780,	3,	868.898,			3.176,			1.085,			1.085,			7.34,			1.21,			0.853
781,	3,	869.154,			2.544,			2.292,			2.292,			9.003,			1.694,			2.896
782,	3,	869.409,			1.743,			0.983,			0.983,			4.166,			0.909,			1.728
783,	3,	869.86,			3.052,			1.557,			1.557,			11.326,			0.89,			1.086
784,	2,	877.331,			21.731,			0.099,			0.099,			22.578,			0.099,			0.099
785,	2,	877.98,			23.66,			0.099,			0.099,			24.524,			0.099,			0.099
786,	2,	881.647,			21.775,			0.099,			0.099,			24.458,			0.099,			0.099
787,	2,	881.658,			22.267,			0.099,			0.099,			23.583,			0.099,			0.099
788,	2,	883.367,			23.541,			0.099,			0.099,			22.828,			0.099,			0.099
789,	2,	883.932,			24.118,			0.099,			0.099,			21.717,			0.099,			0.099
790,	2,	884.435,			22.745,			0.099,			0.099,			21.851,			0.099,			0.099
791,	2,	884.622,			24.717,			0.099,			0.099,			21.82,			0.099,			0.099
792,	2,	885.77,			22.046,			0.099,			0.099,			22.316,			0.099,			0.099
793,	2,	885.955,			23.7,			0.099,			0.099,			21.725,			0.099,			0.099
794,	2,	886.302,			23.925,			0.099,			0.099,			21.723,			0.099,			0.099
795,	2,	887.177,			22.827,			0.099,			0.099,			22.041,			0.1,			0.099
796,	2,	889.24,			23.358,			0.099,			0.099,			21.9,			0.099,			0.099
797,	2,	889.494,			21.732,			0.1,			0.1,			25.089,			0.1,			0.099
798,	2,	893.459,			23.061,			0.099,			0.099,			23.859,			0.099,			0.099
799,	2,	895.516,			23.071,			0.099,			0.099,			22.686,			0.099,			0.099
800,	1,	900.0,			1.097,			0.958,			0.958,			1.183,			0.62,			0.929
