#, task_type_id, arrival_time,	estimated_time_t2xlarge,	estimated_time_g3sxlarge,	estimated_time_CLOUD,	execution_time_t2xlarge,	execution_time_g3sxlarge,	execution_time_CLOUD
1,	2,	39.704,			21.995,			0.099,			0.099,			23.63,			0.099,			0.1
2,	2,	40.964,			22.525,			0.099,			0.099,			22.452,			0.099,			0.099
3,	1,	70.507,			2.374,			0.832,			0.832,			1.424,			0.884,			1.107
4,	1,	71.295,			1.213,			0.63,			0.63,			1.219,			0.874,			0.619
5,	2,	95.914,			21.923,			0.099,			0.099,			22.848,			0.099,			0.099
6,	1,	106.837,			1.289,			0.632,			0.632,			0.991,			1.243,			0.666
7,	1,	114.195,			1.13,			0.782,			0.782,			1.095,			0.929,			0.87
8,	1,	120.937,			1.523,			0.92,			0.92,			1.253,			0.901,			0.967
9,	3,	123.542,			6.126,			1.159,			1.159,			5.094,			0.968,			1.172
10,	3,	123.754,			8.101,			1.776,			1.776,			7.584,			0.873,			0.629
11,	3,	124.185,			3.645,			0.805,			0.805,			3.815,			0.988,			2.392
12,	3,	124.441,			3.034,			0.89,			0.89,			10.237,			1.236,			1.415
13,	3,	125.188,			8.437,			0.93,			0.93,			6.093,			2.929,			0.761
14,	3,	125.562,			11.94,			1.74,			1.74,			12.036,			1.133,			1.494
15,	3,	126.039,			3.652,			1.937,			1.937,			8.437,			1.924,			0.731
16,	3,	126.443,			9.861,			2.984,			2.984,			2.638,			1.231,			1.825
17,	3,	127.106,			4.146,			0.706,			0.706,			1.764,			1.062,			0.982
18,	3,	127.498,			1.911,			2.213,			2.213,			4.825,			3.012,			2.574
19,	3,	127.681,			11.459,			0.741,			0.741,			11.71,			1.9,			1.243
20,	3,	128.745,			11.928,			1.209,			1.209,			8.355,			2.469,			0.912
21,	3,	128.974,			4.792,			1.009,			1.009,			3.185,			1.872,			1.247
22,	3,	129.306,			8.036,			1.364,			1.364,			4.179,			1.783,			0.932
23,	3,	129.467,			7.67,			2.989,			2.989,			4.2,			1.455,			2.445
24,	3,	129.615,			2.193,			1.956,			1.956,			5.624,			0.699,			3.169
25,	3,	129.742,			2.928,			2.445,			2.445,			3.902,			0.567,			2.444
26,	2,	129.993,			23.188,			0.1,			0.1,			21.665,			0.099,			0.099
27,	3,	130.446,			6.309,			2.0,			2.0,			5.594,			0.729,			0.661
28,	3,	130.546,			2.797,			0.68,			0.68,			3.643,			1.166,			1.428
29,	3,	130.68,			2.015,			2.774,			2.774,			2.457,			1.057,			1.54
30,	3,	131.362,			7.207,			1.089,			1.089,			5.165,			1.502,			1.296
31,	3,	131.745,			7.573,			1.42,			1.42,			4.501,			0.672,			3.23
32,	3,	131.778,			4.516,			1.364,			1.364,			2.634,			0.761,			1.853
33,	2,	149.05,			23.263,			0.099,			0.099,			22.371,			0.099,			0.099
34,	1,	158.771,			1.491,			1.238,			1.238,			1.193,			0.615,			0.91
35,	2,	160.905,			24.285,			0.099,			0.099,			24.603,			0.099,			0.1
36,	2,	161.829,			21.718,			0.1,			0.1,			21.937,			0.099,			0.099
37,	2,	165.228,			24.029,			0.099,			0.099,			23.807,			0.099,			0.099
38,	2,	167.99,			24.729,			0.099,			0.099,			22.955,			0.099,			0.099
39,	2,	168.498,			22.394,			0.099,			0.099,			21.808,			0.1,			0.099
40,	2,	184.851,			21.848,			0.099,			0.099,			23.425,			0.099,			0.099
41,	2,	187.529,			22.225,			0.1,			0.1,			23.659,			0.099,			0.1
42,	1,	188.26,			1.219,			1.124,			1.124,			2.048,			0.903,			0.789
43,	1,	188.629,			2.191,			0.611,			0.611,			1.406,			0.591,			0.619
44,	2,	190.394,			23.859,			0.099,			0.099,			21.568,			0.099,			0.099
45,	2,	201.503,			22.156,			0.099,			0.099,			23.011,			0.099,			0.099
46,	1,	205.682,			1.035,			0.911,			0.911,			1.241,			0.79,			1.393
47,	2,	207.28,			21.704,			0.1,			0.1,			23.733,			0.099,			0.099
48,	1,	207.515,			1.316,			0.62,			0.62,			1.817,			0.626,			0.652
49,	1,	208.58,			1.327,			0.865,			0.865,			1.242,			0.692,			1.123
50,	2,	211.197,			23.081,			0.099,			0.099,			23.975,			0.099,			0.099
51,	1,	213.048,			1.256,			0.935,			0.935,			2.02,			0.62,			0.881
52,	1,	219.548,			1.217,			0.895,			0.895,			1.767,			0.85,			0.619
53,	1,	219.603,			0.999,			0.873,			0.873,			1.935,			1.386,			0.858
54,	2,	220.142,			21.635,			0.099,			0.099,			22.586,			0.099,			0.099
55,	1,	222.872,			2.34,			0.873,			0.873,			1.294,			0.9,			1.07
56,	2,	227.389,			24.261,			0.099,			0.099,			21.805,			0.099,			0.099
57,	1,	227.623,			1.24,			0.935,			0.935,			0.996,			1.146,			1.218
58,	2,	228.175,			21.675,			0.099,			0.099,			22.246,			0.099,			0.099
59,	2,	233.552,			21.649,			0.099,			0.099,			22.422,			0.1,			0.099
60,	1,	234.387,			1.222,			0.856,			0.856,			1.959,			1.459,			0.857
61,	2,	235.465,			21.828,			0.099,			0.099,			21.771,			0.099,			0.099
62,	2,	238.215,			24.138,			0.099,			0.099,			21.385,			0.099,			0.099
63,	2,	240.024,			25.105,			0.099,			0.099,			21.994,			0.099,			0.099
64,	1,	240.324,			1.235,			0.632,			0.632,			2.424,			0.781,			1.074
65,	1,	241.315,			1.29,			0.865,			0.865,			2.159,			0.883,			1.086
66,	1,	247.324,			2.023,			1.183,			1.183,			1.764,			0.837,			1.332
67,	2,	251.239,			22.129,			0.099,			0.099,			21.44,			0.099,			0.099
68,	1,	254.024,			2.204,			0.939,			0.939,			1.301,			1.082,			1.398
69,	1,	255.323,			1.245,			1.183,			1.183,			1.764,			0.954,			0.725
70,	2,	256.377,			21.697,			0.099,			0.099,			24.14,			0.099,			0.099
71,	2,	257.721,			24.406,			0.099,			0.099,			21.729,			0.099,			0.099
72,	2,	258.721,			21.674,			0.099,			0.099,			24.112,			0.1,			0.099
73,	2,	262.003,			23.799,			0.099,			0.099,			21.938,			0.099,			0.099
74,	2,	262.341,			23.938,			0.099,			0.099,			21.696,			0.099,			0.1
75,	2,	262.51,			21.678,			0.099,			0.099,			24.176,			0.099,			0.099
76,	2,	263.33,			22.673,			0.099,			0.099,			23.404,			0.099,			0.099
77,	1,	264.508,			1.002,			0.931,			0.931,			2.04,			0.625,			0.756
78,	2,	267.318,			22.146,			0.099,			0.099,			23.958,			0.099,			0.099
79,	2,	268.096,			23.579,			0.099,			0.099,			23.606,			0.099,			0.099
80,	2,	268.966,			22.572,			0.099,			0.099,			23.029,			0.099,			0.099
81,	1,	271.202,			1.208,			0.898,			0.898,			0.999,			0.839,			0.813
82,	2,	276.768,			21.193,			0.099,			0.099,			21.954,			0.099,			0.099
83,	2,	280.601,			25.241,			0.099,			0.099,			23.435,			0.099,			0.099
84,	1,	282.831,			1.793,			0.919,			0.919,			1.747,			0.926,			0.816
85,	1,	285.276,			1.193,			0.982,			0.982,			1.816,			0.813,			0.89
86,	2,	285.771,			22.2,			0.099,			0.099,			23.504,			0.099,			0.099
87,	2,	288.072,			24.112,			0.099,			0.099,			24.309,			0.099,			0.099
88,	1,	288.467,			1.21,			0.821,			0.821,			1.779,			1.164,			1.219
89,	2,	289.052,			21.943,			0.099,			0.099,			21.79,			0.099,			0.1
90,	2,	289.951,			21.942,			0.099,			0.099,			24.137,			0.099,			0.099
91,	1,	289.984,			1.42,			1.436,			1.436,			1.14,			1.383,			0.981
92,	2,	290.946,			23.84,			0.099,			0.099,			21.747,			0.099,			0.099
93,	1,	291.344,			1.813,			1.539,			1.539,			1.326,			0.855,			0.847
94,	1,	294.159,			1.294,			1.444,			1.444,			2.147,			0.86,			0.897
95,	1,	298.52,			1.428,			0.971,			0.971,			0.966,			0.612,			0.948
96,	2,	300.255,			22.132,			0.099,			0.099,			22.424,			0.099,			0.099
97,	1,	301.204,			1.437,			0.867,			0.867,			1.78,			0.919,			0.804
98,	2,	305.567,			23.956,			0.099,			0.099,			21.955,			0.099,			0.099
99,	2,	306.084,			22.507,			0.099,			0.099,			21.823,			0.099,			0.099
100,	2,	307.789,			21.901,			0.099,			0.099,			22.705,			0.099,			0.099
101,	1,	308.05,			1.243,			1.335,			1.335,			1.227,			0.873,			1.237
102,	1,	309.426,			1.224,			0.919,			0.919,			1.835,			0.94,			1.401
103,	2,	311.308,			21.614,			0.1,			0.1,			23.714,			0.099,			0.099
104,	1,	311.81,			1.035,			0.627,			0.627,			1.514,			0.876,			0.957
105,	2,	311.915,			24.073,			0.099,			0.099,			22.13,			0.099,			0.099
106,	2,	313.214,			22.601,			0.1,			0.1,			21.9,			0.099,			0.1
107,	1,	313.348,			1.87,			0.732,			0.732,			2.028,			1.401,			1.005
108,	2,	313.81,			21.68,			0.099,			0.099,			21.787,			0.1,			0.099
109,	2,	314.844,			21.83,			0.099,			0.099,			24.351,			0.099,			0.099
110,	2,	316.103,			23.275,			0.099,			0.099,			22.011,			0.099,			0.099
111,	1,	318.392,			1.304,			0.884,			0.884,			1.319,			0.85,			0.746
112,	1,	319.498,			1.302,			1.08,			1.08,			1.239,			1.22,			0.652
113,	2,	321.515,			21.825,			0.099,			0.099,			23.494,			0.099,			0.099
114,	1,	321.698,			1.204,			0.957,			0.957,			1.25,			1.235,			0.74
115,	1,	322.758,			1.82,			0.624,			0.624,			0.961,			0.764,			0.929
116,	1,	324.819,			2.146,			0.619,			0.619,			1.418,			1.141,			0.627
117,	1,	325.634,			1.516,			0.619,			0.619,			1.433,			0.812,			0.756
118,	1,	327.311,			1.027,			1.096,			1.096,			1.932,			0.898,			0.867
119,	2,	328.031,			23.512,			0.099,			0.099,			22.392,			0.099,			0.099
120,	2,	330.354,			21.386,			0.099,			0.099,			23.468,			0.099,			0.099
121,	1,	334.583,			2.412,			0.985,			0.985,			1.007,			0.619,			0.674
122,	1,	334.967,			1.725,			0.894,			0.894,			1.751,			0.896,			1.244
123,	1,	335.318,			2.072,			1.476,			1.476,			1.134,			0.997,			0.998
124,	2,	335.642,			21.703,			0.099,			0.099,			23.318,			0.099,			0.099
125,	2,	336.641,			21.708,			0.099,			0.099,			24.21,			0.099,			0.099
126,	2,	336.936,			23.77,			0.1,			0.1,			21.71,			0.1,			0.1
127,	1,	338.253,			1.488,			0.92,			0.92,			1.244,			1.255,			1.183
128,	2,	339.334,			21.975,			0.099,			0.099,			23.578,			0.1,			0.099
129,	2,	339.52,			21.652,			0.099,			0.099,			23.303,			0.099,			0.099
130,	2,	340.223,			22.088,			0.099,			0.099,			21.779,			0.099,			0.099
131,	1,	340.974,			2.179,			1.095,			1.095,			1.219,			0.619,			0.895
132,	2,	341.786,			22.473,			0.099,			0.099,			23.689,			0.099,			0.099
133,	2,	343.221,			22.225,			0.1,			0.1,			22.198,			0.1,			0.099
134,	1,	345.629,			2.179,			1.385,			1.385,			1.852,			1.13,			0.993
135,	1,	346.062,			1.29,			0.942,			0.942,			2.073,			0.734,			1.011
136,	2,	347.847,			21.668,			0.099,			0.099,			22.12,			0.099,			0.099
137,	1,	349.487,			2.119,			0.613,			0.613,			2.134,			1.258,			1.224
138,	2,	350.395,			22.856,			0.099,			0.099,			22.018,			0.099,			0.099
139,	2,	354.473,			22.818,			0.099,			0.099,			21.564,			0.099,			0.099
140,	1,	356.462,			1.33,			0.874,			0.874,			1.758,			1.12,			1.233
141,	1,	357.169,			1.13,			1.332,			1.332,			1.566,			0.879,			0.886
142,	1,	359.303,			1.388,			1.444,			1.444,			1.093,			0.847,			0.812
143,	1,	359.47,			2.134,			0.734,			0.734,			1.202,			0.905,			0.692
144,	2,	359.539,			24.024,			0.099,			0.099,			21.669,			0.099,			0.099
145,	2,	359.726,			23.892,			0.1,			0.1,			23.642,			0.099,			0.099
146,	1,	360.162,			1.216,			1.231,			1.231,			1.126,			0.643,			1.332
147,	2,	363.105,			23.354,			0.099,			0.099,			22.594,			0.099,			0.099
148,	1,	364.245,			1.102,			0.616,			0.616,			1.468,			1.4,			1.506
149,	1,	366.184,			1.941,			0.85,			0.85,			2.056,			0.674,			1.218
150,	2,	366.829,			24.54,			0.099,			0.099,			24.39,			0.099,			0.099
151,	2,	367.229,			22.197,			0.099,			0.099,			22.567,			0.099,			0.099
152,	2,	368.435,			24.047,			0.099,			0.099,			23.071,			0.099,			0.099
153,	2,	368.544,			24.339,			0.099,			0.099,			23.782,			0.099,			0.099
154,	2,	369.322,			24.445,			0.099,			0.099,			21.608,			0.099,			0.099
155,	1,	369.863,			1.205,			0.587,			0.587,			1.281,			1.329,			0.967
156,	2,	370.988,			21.587,			0.1,			0.1,			22.729,			0.099,			0.099
157,	1,	372.585,			1.035,			0.919,			0.919,			0.943,			1.244,			1.115
158,	2,	372.738,			21.506,			0.099,			0.099,			22.282,			0.099,			0.099
159,	1,	374.086,			2.179,			0.897,			0.897,			1.038,			0.946,			0.882
160,	1,	374.263,			1.792,			0.897,			0.897,			1.959,			1.227,			0.857
161,	1,	375.326,			1.075,			1.25,			1.25,			1.302,			0.843,			1.359
162,	1,	375.675,			1.213,			0.932,			0.932,			1.243,			0.865,			0.621
163,	2,	376.478,			24.284,			0.099,			0.099,			23.955,			0.099,			0.099
164,	1,	376.795,			1.237,			1.583,			1.583,			1.062,			0.632,			1.231
165,	1,	376.802,			1.198,			0.967,			0.967,			1.442,			1.213,			1.342
166,	1,	377.504,			1.109,			0.853,			0.853,			1.275,			0.874,			0.928
167,	2,	377.943,			24.65,			0.099,			0.099,			23.648,			0.099,			0.099
168,	2,	379.293,			21.999,			0.099,			0.099,			22.177,			0.099,			0.099
169,	2,	379.332,			24.507,			0.099,			0.099,			22.051,			0.099,			0.099
170,	1,	381.397,			1.798,			0.929,			0.929,			1.437,			0.874,			0.946
171,	1,	381.593,			1.822,			0.785,			0.785,			1.32,			0.903,			1.583
172,	1,	382.803,			1.204,			0.874,			0.874,			2.37,			0.617,			1.215
173,	2,	385.348,			22.25,			0.1,			0.1,			22.411,			0.099,			0.099
174,	1,	385.811,			2.027,			0.613,			0.613,			2.114,			0.614,			1.232
175,	2,	386.291,			23.915,			0.099,			0.099,			24.372,			0.099,			0.099
176,	1,	386.469,			2.47,			0.884,			0.884,			1.801,			0.936,			1.236
177,	1,	386.901,			2.191,			1.111,			1.111,			1.021,			0.638,			0.914
178,	2,	387.708,			23.709,			0.099,			0.099,			24.63,			0.099,			0.099
179,	1,	387.76,			1.239,			1.105,			1.105,			1.41,			0.935,			0.999
180,	2,	388.058,			22.82,			0.099,			0.099,			21.835,			0.099,			0.099
181,	1,	389.062,			1.381,			0.928,			0.928,			0.994,			0.874,			0.876
182,	1,	389.588,			1.483,			0.936,			0.936,			2.023,			0.611,			0.952
183,	2,	390.056,			22.077,			0.099,			0.099,			23.958,			0.099,			0.099
184,	2,	390.888,			24.038,			0.099,			0.099,			21.835,			0.099,			0.099
185,	2,	391.044,			21.913,			0.099,			0.099,			21.492,			0.099,			0.099
186,	2,	391.65,			24.492,			0.1,			0.1,			22.435,			0.099,			0.099
187,	2,	391.719,			24.118,			0.099,			0.099,			21.712,			0.099,			0.099
188,	2,	393.979,			22.433,			0.1,			0.1,			22.371,			0.099,			0.099
189,	2,	394.453,			21.771,			0.099,			0.099,			22.367,			0.099,			0.099
190,	2,	394.727,			21.841,			0.099,			0.099,			21.823,			0.099,			0.099
191,	1,	395.473,			1.189,			0.929,			0.929,			1.134,			0.913,			0.923
192,	2,	396.179,			21.639,			0.099,			0.099,			24.294,			0.1,			0.1
193,	1,	396.286,			1.813,			0.948,			0.948,			1.852,			1.044,			0.839
194,	2,	396.348,			21.875,			0.099,			0.099,			24.372,			0.099,			0.099
195,	2,	397.413,			23.361,			0.1,			0.1,			24.23,			0.099,			0.099
196,	1,	398.846,			1.817,			0.75,			0.75,			1.424,			0.63,			0.926
197,	1,	399.283,			1.533,			1.522,			1.522,			1.001,			0.908,			1.335
198,	2,	399.73,			21.887,			0.099,			0.099,			22.285,			0.099,			0.099
199,	2,	400.217,			22.662,			0.099,			0.099,			24.872,			0.099,			0.099
200,	2,	400.451,			22.099,			0.099,			0.099,			25.105,			0.099,			0.1
201,	2,	400.894,			21.317,			0.099,			0.099,			21.835,			0.099,			0.099
202,	2,	402.542,			22.916,			0.099,			0.099,			22.279,			0.099,			0.1
203,	1,	402.889,			1.191,			0.924,			0.924,			2.124,			0.884,			0.879
204,	2,	403.004,			23.462,			0.1,			0.1,			22.035,			0.099,			0.099
205,	2,	403.684,			25.117,			0.099,			0.099,			23.558,			0.099,			0.099
206,	2,	403.749,			21.558,			0.1,			0.1,			23.76,			0.099,			0.099
207,	2,	404.347,			22.586,			0.099,			0.099,			22.012,			0.099,			0.099
208,	1,	404.352,			2.023,			1.255,			1.255,			1.22,			0.886,			0.617
209,	2,	406.299,			21.448,			0.1,			0.1,			21.83,			0.099,			0.099
210,	2,	407.272,			22.073,			0.099,			0.099,			22.642,			0.099,			0.099
211,	2,	409.332,			21.874,			0.099,			0.099,			21.606,			0.099,			0.099
212,	1,	410.535,			2.039,			0.879,			0.879,			0.957,			1.239,			1.183
213,	2,	411.09,			22.209,			0.099,			0.099,			21.841,			0.1,			0.099
214,	2,	411.636,			21.921,			0.099,			0.099,			21.373,			0.1,			0.099
215,	1,	412.766,			1.29,			0.931,			0.931,			1.216,			1.346,			0.913
216,	1,	413.044,			2.159,			0.634,			0.634,			1.25,			1.243,			1.128
217,	1,	413.569,			1.328,			0.944,			0.944,			1.436,			0.725,			0.905
218,	1,	414.191,			1.406,			1.118,			1.118,			1.008,			1.238,			0.856
219,	2,	416.355,			23.634,			0.099,			0.099,			21.805,			0.099,			0.099
220,	2,	416.516,			23.693,			0.099,			0.099,			21.919,			0.099,			0.099
221,	2,	416.965,			25.022,			0.099,			0.099,			24.766,			0.1,			0.099
222,	1,	419.188,			1.294,			1.124,			1.124,			1.242,			0.933,			0.85
223,	1,	421.165,			1.292,			0.896,			0.896,			1.244,			1.13,			0.864
224,	2,	422.458,			22.686,			0.099,			0.099,			22.126,			0.099,			0.099
225,	2,	423.23,			21.504,			0.099,			0.099,			22.713,			0.099,			0.099
226,	1,	423.367,			2.046,			1.239,			1.239,			2.002,			1.264,			1.119
227,	1,	423.541,			1.941,			0.776,			0.776,			1.277,			0.628,			0.929
228,	1,	423.858,			2.006,			0.617,			0.617,			1.934,			1.244,			0.967
229,	2,	425.087,			22.772,			0.099,			0.099,			23.005,			0.099,			0.099
230,	1,	426.566,			1.11,			0.884,			0.884,			1.489,			0.88,			1.118
231,	2,	426.886,			22.529,			0.099,			0.099,			21.797,			0.099,			0.099
232,	2,	428.345,			22.033,			0.099,			0.099,			21.807,			0.099,			0.099
233,	1,	428.725,			1.214,			1.216,			1.216,			1.321,			0.804,			0.613
234,	1,	429.401,			1.023,			1.227,			1.227,			1.038,			0.746,			0.73
235,	1,	429.631,			2.121,			0.862,			0.862,			1.2,			0.9,			0.879
236,	2,	429.763,			22.229,			0.099,			0.099,			22.194,			0.1,			0.099
237,	2,	430.588,			22.503,			0.099,			0.099,			21.888,			0.099,			0.099
238,	2,	432.035,			22.364,			0.099,			0.099,			22.924,			0.099,			0.099
239,	2,	433.657,			21.984,			0.099,			0.099,			22.035,			0.1,			0.099
240,	2,	434.204,			22.316,			0.099,			0.099,			23.659,			0.099,			0.1
241,	2,	436.145,			21.617,			0.1,			0.1,			21.716,			0.099,			0.099
242,	2,	439.446,			23.736,			0.099,			0.099,			24.717,			0.1,			0.099
243,	1,	439.476,			1.228,			1.111,			1.111,			1.087,			0.887,			0.633
244,	1,	439.811,			0.937,			0.903,			0.903,			2.097,			0.817,			0.997
245,	1,	440.642,			1.24,			1.377,			1.377,			1.767,			0.956,			0.922
246,	1,	441.56,			1.543,			0.928,			0.928,			1.959,			0.918,			0.942
247,	2,	442.341,			24.358,			0.099,			0.099,			21.436,			0.099,			0.099
248,	1,	443.516,			1.813,			0.919,			0.919,			2.186,			0.927,			0.885
249,	1,	443.909,			1.784,			1.243,			1.243,			1.021,			0.903,			1.429
250,	1,	443.929,			1.319,			1.134,			1.134,			1.267,			1.386,			0.924
251,	1,	444.865,			1.414,			0.886,			0.886,			1.426,			0.952,			0.727
252,	1,	446.229,			1.426,			0.906,			0.906,			0.973,			0.91,			0.876
253,	2,	446.63,			21.697,			0.1,			0.1,			24.316,			0.099,			0.099
254,	2,	447.351,			22.411,			0.1,			0.1,			23.805,			0.099,			0.099
255,	1,	448.045,			1.442,			0.956,			0.956,			1.864,			0.971,			0.929
256,	2,	450.38,			21.642,			0.099,			0.099,			22.811,			0.099,			0.099
257,	1,	450.934,			1.772,			1.223,			1.223,			1.453,			0.92,			1.244
258,	1,	451.262,			1.219,			0.621,			0.621,			1.216,			1.258,			0.804
259,	1,	451.629,			1.242,			1.141,			1.141,			1.949,			0.991,			0.871
260,	2,	452.088,			22.705,			0.099,			0.099,			22.548,			0.099,			0.099
261,	2,	452.228,			21.962,			0.1,			0.1,			21.925,			0.099,			0.099
262,	2,	455.128,			21.761,			0.099,			0.099,			24.211,			0.099,			0.099
263,	1,	455.483,			1.997,			0.671,			0.671,			2.149,			1.154,			1.12
264,	1,	456.17,			1.454,			1.137,			1.137,			1.272,			0.625,			1.293
265,	2,	456.353,			24.831,			0.099,			0.099,			23.81,			0.099,			0.099
266,	2,	457.462,			24.393,			0.099,			0.099,			23.084,			0.099,			0.099
267,	2,	457.739,			23.811,			0.099,			0.099,			25.039,			0.099,			0.099
268,	1,	459.976,			0.957,			1.123,			1.123,			1.956,			0.913,			0.86
269,	1,	459.998,			1.774,			1.078,			1.078,			1.476,			1.132,			0.646
270,	2,	461.284,			22.029,			0.099,			0.099,			22.388,			0.099,			0.099
271,	2,	462.647,			22.434,			0.099,			0.099,			21.893,			0.1,			0.099
272,	1,	463.556,			2.34,			1.123,			1.123,			1.415,			0.676,			1.123
273,	2,	465.517,			24.692,			0.099,			0.099,			24.357,			0.1,			0.099
274,	2,	467.759,			21.989,			0.099,			0.099,			22.527,			0.099,			0.099
275,	1,	468.463,			1.328,			0.881,			0.881,			1.249,			1.264,			0.869
276,	1,	468.654,			2.105,			0.899,			0.899,			1.86,			0.917,			1.231
277,	2,	468.9,			24.288,			0.099,			0.099,			24.113,			0.099,			0.099
278,	1,	469.336,			1.442,			0.936,			0.936,			1.299,			0.825,			0.879
279,	2,	470.758,			22.662,			0.099,			0.099,			22.231,			0.099,			0.099
280,	2,	471.129,			23.875,			0.099,			0.099,			21.818,			0.099,			0.099
281,	2,	471.416,			21.514,			0.1,			0.1,			23.199,			0.099,			0.099
282,	2,	471.795,			22.211,			0.1,			0.1,			21.956,			0.1,			0.099
283,	2,	472.787,			24.282,			0.099,			0.099,			24.362,			0.099,			0.1
284,	1,	473.111,			1.401,			0.857,			0.857,			1.278,			1.394,			0.839
285,	1,	474.093,			1.26,			0.933,			0.933,			1.841,			0.985,			0.776
286,	2,	474.179,			23.548,			0.099,			0.099,			22.15,			0.099,			0.099
287,	1,	474.327,			1.772,			1.242,			1.242,			1.115,			0.623,			0.788
288,	1,	474.363,			1.075,			0.923,			0.923,			1.111,			1.389,			1.346
289,	1,	474.976,			1.258,			0.86,			0.86,			1.417,			0.855,			0.632
290,	1,	477.047,			1.438,			1.047,			1.047,			1.42,			1.245,			0.935
291,	2,	477.392,			22.711,			0.099,			0.099,			21.809,			0.099,			0.099
292,	1,	478.284,			1.447,			0.895,			0.895,			1.019,			0.995,			0.719
293,	2,	478.535,			21.728,			0.099,			0.099,			22.361,			0.099,			0.099
294,	2,	483.228,			22.482,			0.1,			0.1,			21.779,			0.099,			0.1
295,	1,	483.946,			2.412,			0.821,			0.821,			1.016,			1.191,			0.832
296,	2,	484.379,			23.564,			0.099,			0.099,			22.662,			0.099,			0.099
297,	2,	484.461,			22.19,			0.099,			0.099,			23.177,			0.099,			0.1
298,	2,	484.542,			21.757,			0.099,			0.099,			22.463,			0.099,			0.099
299,	1,	486.357,			1.997,			1.151,			1.151,			1.295,			0.946,			1.215
300,	2,	487.776,			21.675,			0.099,			0.099,			23.64,			0.1,			0.1
301,	2,	488.313,			21.245,			0.099,			0.099,			22.25,			0.099,			0.099
302,	1,	490.801,			1.227,			0.839,			0.839,			1.467,			0.955,			1.329
303,	1,	491.293,			1.82,			0.993,			0.993,			1.499,			0.614,			1.085
304,	2,	492.463,			21.763,			0.099,			0.099,			22.511,			0.1,			0.099
305,	1,	492.664,			1.522,			1.249,			1.249,			1.786,			1.447,			0.643
306,	2,	494.708,			22.557,			0.099,			0.099,			22.232,			0.099,			0.099
307,	1,	495.308,			1.299,			1.128,			1.128,			0.966,			1.261,			0.674
308,	1,	496.751,			2.069,			0.874,			0.874,			1.566,			1.07,			1.22
309,	2,	496.917,			21.773,			0.099,			0.099,			23.666,			0.099,			0.099
310,	1,	498.352,			0.993,			1.177,			1.177,			1.242,			0.859,			0.946
311,	2,	499.627,			22.695,			0.099,			0.099,			21.486,			0.099,			0.099
312,	1,	499.996,			1.248,			0.935,			0.935,			0.966,			1.086,			0.982
313,	2,	500.678,			21.933,			0.099,			0.099,			21.793,			0.099,			0.099
314,	2,	500.988,			21.763,			0.1,			0.1,			23.512,			0.099,			0.099
315,	2,	502.38,			21.82,			0.099,			0.099,			23.432,			0.1,			0.099
316,	1,	504.389,			1.391,			0.87,			0.87,			1.181,			1.231,			0.729
317,	2,	505.344,			22.099,			0.099,			0.099,			21.764,			0.099,			0.1
318,	1,	505.489,			1.094,			1.093,			1.093,			2.097,			0.899,			0.873
319,	2,	506.462,			22.004,			0.099,			0.099,			21.602,			0.099,			0.099
320,	1,	506.801,			1.095,			0.863,			0.863,			1.15,			1.233,			1.231
321,	2,	506.91,			23.424,			0.099,			0.099,			21.528,			0.099,			0.1
322,	2,	507.126,			21.586,			0.099,			0.099,			21.758,			0.099,			0.099
323,	2,	508.633,			21.583,			0.099,			0.099,			21.679,			0.099,			0.099
324,	1,	510.922,			1.408,			0.902,			0.902,			1.515,			1.429,			1.233
325,	1,	513.051,			1.926,			1.08,			1.08,			0.936,			1.09,			1.332
326,	1,	514.142,			1.476,			1.12,			1.12,			1.29,			0.939,			0.876
327,	2,	514.353,			22.28,			0.099,			0.099,			22.878,			0.099,			0.099
328,	1,	515.416,			1.499,			0.619,			0.619,			1.779,			1.241,			0.9
329,	2,	515.882,			21.9,			0.099,			0.099,			24.047,			0.099,			0.099
330,	1,	516.381,			1.436,			0.746,			0.746,			1.005,			1.178,			1.128
331,	2,	516.455,			22.084,			0.1,			0.1,			23.677,			0.099,			0.099
332,	1,	517.703,			1.476,			0.93,			0.93,			1.468,			0.918,			0.827
333,	2,	517.742,			21.669,			0.099,			0.099,			24.201,			0.099,			0.099
334,	2,	518.284,			21.678,			0.099,			0.099,			22.772,			0.1,			0.099
335,	1,	518.418,			1.237,			1.119,			1.119,			1.42,			1.337,			0.998
336,	1,	518.539,			1.102,			0.971,			0.971,			1.251,			0.903,			0.905
337,	1,	520.418,			0.945,			1.117,			1.117,			2.024,			1.189,			1.09
338,	2,	521.434,			22.089,			0.099,			0.099,			22.011,			0.1,			0.099
339,	1,	523.097,			2.072,			0.905,			0.905,			1.277,			1.342,			1.389
340,	2,	523.586,			22.188,			0.099,			0.099,			21.864,			0.099,			0.099
341,	1,	523.647,			1.333,			0.957,			0.957,			2.124,			0.856,			1.396
342,	1,	524.297,			1.172,			0.939,			0.939,			2.312,			0.911,			1.142
343,	1,	526.523,			1.944,			1.597,			1.597,			1.273,			1.451,			0.849
344,	1,	526.532,			1.489,			1.483,			1.483,			1.098,			1.383,			0.614
345,	2,	526.901,			23.7,			0.099,			0.099,			21.55,			0.099,			0.099
346,	1,	527.753,			2.002,			0.873,			0.873,			1.932,			0.63,			0.646
347,	1,	528.096,			1.035,			1.115,			1.115,			1.765,			0.87,			0.893
348,	2,	528.246,			23.31,			0.099,			0.099,			21.535,			0.099,			0.099
349,	1,	528.857,			1.774,			1.154,			1.154,			1.079,			0.967,			0.849
350,	2,	532.223,			21.818,			0.099,			0.099,			22.291,			0.099,			0.1
351,	2,	532.715,			22.95,			0.099,			0.099,			23.347,			0.1,			0.099
352,	2,	534.708,			22.284,			0.1,			0.1,			22.011,			0.099,			0.099
353,	2,	536.181,			23.045,			0.099,			0.099,			22.267,			0.099,			0.099
354,	2,	536.65,			23.553,			0.099,			0.099,			24.261,			0.099,			0.099
355,	2,	537.013,			22.375,			0.099,			0.099,			21.677,			0.099,			0.099
356,	2,	537.111,			21.7,			0.099,			0.099,			22.729,			0.099,			0.099
357,	2,	537.258,			22.023,			0.099,			0.099,			23.217,			0.099,			0.099
358,	1,	537.289,			0.981,			1.123,			1.123,			1.308,			0.87,			0.678
359,	1,	539.275,			1.327,			1.218,			1.218,			1.288,			1.255,			1.335
360,	1,	540.403,			1.181,			1.21,			1.21,			1.233,			0.621,			1.457
361,	1,	540.403,			1.271,			0.867,			0.867,			1.265,			0.993,			0.929
362,	2,	541.283,			24.465,			0.099,			0.099,			22.314,			0.1,			0.099
363,	1,	543.042,			2.124,			0.849,			0.849,			1.108,			1.434,			0.88
364,	1,	543.318,			0.976,			1.439,			1.439,			1.221,			0.85,			0.818
365,	2,	543.635,			24.79,			0.1,			0.1,			21.823,			0.099,			0.099
366,	2,	543.964,			23.009,			0.099,			0.099,			24.797,			0.099,			0.099
367,	2,	544.983,			23.922,			0.1,			0.1,			24.362,			0.099,			0.099
368,	1,	545.551,			1.489,			1.264,			1.264,			2.279,			0.827,			0.928
369,	1,	546.299,			1.248,			0.611,			0.611,			1.219,			0.92,			0.924
370,	1,	546.388,			1.308,			0.617,			0.617,			1.582,			1.095,			0.932
371,	2,	547.638,			22.315,			0.099,			0.099,			24.382,			0.099,			0.099
372,	2,	552.932,			24.197,			0.099,			0.099,			22.127,			0.099,			0.099
373,	1,	553.383,			1.984,			0.926,			0.926,			0.94,			1.184,			0.995
374,	2,	554.987,			24.177,			0.099,			0.099,			23.791,			0.1,			0.099
375,	2,	556.083,			22.027,			0.099,			0.099,			21.602,			0.099,			0.099
376,	1,	556.334,			1.055,			0.994,			0.994,			1.312,			1.12,			1.174
377,	2,	556.513,			22.083,			0.099,			0.099,			22.5,			0.099,			0.099
378,	2,	561.046,			23.295,			0.099,			0.099,			21.601,			0.099,			0.099
379,	2,	561.392,			23.749,			0.099,			0.099,			22.945,			0.099,			0.099
380,	2,	561.721,			23.275,			0.099,			0.099,			21.546,			0.099,			0.099
381,	1,	563.352,			1.134,			0.836,			0.836,			1.801,			0.976,			1.09
382,	2,	565.141,			21.61,			0.099,			0.099,			22.546,			0.1,			0.099
383,	2,	566.084,			21.771,			0.099,			0.099,			23.613,			0.099,			0.099
384,	2,	568.785,			21.88,			0.099,			0.099,			22.11,			0.099,			0.099
385,	2,	571.052,			21.956,			0.099,			0.099,			23.989,			0.099,			0.099
386,	1,	571.072,			2.446,			1.236,			1.236,			1.07,			0.935,			1.25
387,	1,	571.304,			1.537,			0.863,			0.863,			1.299,			0.624,			0.642
388,	2,	571.377,			22.412,			0.099,			0.099,			22.147,			0.099,			0.099
389,	1,	571.94,			1.217,			1.235,			1.235,			1.096,			1.436,			0.903
390,	2,	572.399,			21.678,			0.099,			0.099,			24.346,			0.099,			0.099
391,	2,	572.786,			21.89,			0.099,			0.099,			22.896,			0.099,			0.099
392,	2,	573.271,			22.442,			0.099,			0.099,			22.146,			0.1,			0.099
393,	2,	576.412,			24.051,			0.099,			0.099,			22.375,			0.1,			0.099
394,	2,	579.252,			22.933,			0.099,			0.099,			24.571,			0.1,			0.099
395,	1,	580.161,			1.301,			0.911,			0.911,			1.236,			0.874,			0.879
396,	2,	580.772,			22.11,			0.099,			0.099,			23.029,			0.1,			0.099
397,	2,	586.537,			22.49,			0.099,			0.099,			25.157,			0.099,			0.099
398,	1,	588.598,			1.511,			0.671,			0.671,			1.001,			1.093,			1.073
399,	2,	588.935,			22.456,			0.099,			0.099,			21.607,			0.099,			0.099
400,	2,	590.895,			21.719,			0.099,			0.099,			21.994,			0.099,			0.1
401,	2,	591.194,			22.814,			0.099,			0.099,			24.068,			0.099,			0.099
402,	1,	594.457,			1.949,			0.994,			0.994,			1.925,			0.661,			1.074
403,	2,	595.325,			22.071,			0.099,			0.099,			21.545,			0.099,			0.099
404,	1,	596.994,			1.253,			0.625,			0.625,			1.774,			1.07,			0.585
405,	1,	597.504,			1.442,			1.132,			1.132,			1.211,			1.446,			1.123
406,	2,	599.972,			21.797,			0.099,			0.099,			22.046,			0.099,			0.099
407,	1,	600.219,			1.256,			0.611,			0.611,			1.417,			0.914,			0.923
408,	2,	600.234,			22.94,			0.099,			0.099,			23.832,			0.099,			0.099
409,	2,	602.61,			21.391,			0.1,			0.1,			23.16,			0.099,			0.1
410,	2,	602.841,			22.574,			0.099,			0.099,			24.54,			0.099,			0.099
411,	1,	603.969,			1.941,			0.961,			0.961,			1.267,			0.885,			0.952
412,	2,	607.29,			22.375,			0.099,			0.099,			23.735,			0.099,			0.099
413,	1,	607.802,			1.204,			1.258,			1.258,			2.119,			0.998,			1.242
414,	2,	609.606,			24.73,			0.099,			0.099,			22.894,			0.099,			0.099
415,	2,	609.792,			22.185,			0.099,			0.099,			22.053,			0.1,			0.099
416,	1,	610.767,			1.267,			0.607,			0.607,			1.499,			0.981,			0.992
417,	1,	611.394,			1.798,			1.117,			1.117,			1.757,			0.935,			1.129
418,	2,	614.033,			22.784,			0.099,			0.099,			22.244,			0.099,			0.099
419,	2,	617.527,			23.548,			0.099,			0.099,			21.617,			0.099,			0.099
420,	1,	617.599,			1.2,			1.252,			1.252,			1.111,			0.783,			0.797
421,	2,	617.996,			24.119,			0.1,			0.1,			21.982,			0.099,			0.099
422,	2,	618.741,			23.973,			0.099,			0.099,			21.616,			0.099,			0.099
423,	2,	622.179,			24.426,			0.099,			0.099,			21.899,			0.099,			0.099
424,	2,	626.363,			23.677,			0.099,			0.099,			24.029,			0.099,			0.099
425,	1,	626.424,			1.0,			1.386,			1.386,			0.957,			0.635,			0.825
426,	1,	626.501,			1.096,			1.182,			1.182,			1.267,			1.516,			1.377
427,	2,	626.634,			23.903,			0.099,			0.099,			21.713,			0.099,			0.099
428,	2,	631.205,			21.625,			0.099,			0.099,			21.747,			0.099,			0.099
429,	2,	633.225,			25.013,			0.1,			0.1,			24.197,			0.099,			0.099
430,	1,	633.256,			1.29,			1.189,			1.189,			1.224,			1.387,			0.904
431,	2,	636.936,			22.222,			0.099,			0.099,			22.553,			0.099,			0.099
432,	2,	639.024,			23.329,			0.099,			0.099,			21.941,			0.099,			0.1
433,	2,	647.555,			21.64,			0.099,			0.099,			21.764,			0.099,			0.099
434,	2,	649.495,			23.327,			0.099,			0.099,			22.799,			0.099,			0.099
435,	2,	653.845,			24.639,			0.099,			0.099,			22.421,			0.1,			0.099
436,	2,	654.501,			23.76,			0.099,			0.099,			21.89,			0.099,			0.099
437,	1,	655.162,			1.489,			1.115,			1.115,			1.309,			0.816,			0.922
438,	2,	655.723,			24.195,			0.099,			0.099,			21.704,			0.099,			0.099
439,	3,	661.951,			5.388,			0.726,			0.726,			7.878,			1.173,			2.903
440,	1,	662.097,			1.004,			0.976,			0.976,			2.103,			1.387,			0.93
441,	3,	662.508,			3.966,			0.564,			0.564,			9.34,			0.805,			2.59
442,	3,	662.587,			11.718,			0.543,			0.543,			2.544,			0.877,			1.644
443,	3,	662.771,			5.653,			2.945,			2.945,			3.12,			1.295,			1.133
444,	3,	663.168,			5.708,			1.236,			1.236,			12.023,			2.908,			1.301
445,	3,	663.343,			2.25,			1.644,			1.644,			6.133,			1.813,			1.093
446,	3,	664.11,			4.554,			1.435,			1.435,			2.677,			0.691,			0.815
447,	3,	664.111,			11.641,			2.445,			2.445,			3.299,			2.447,			0.754
448,	3,	664.159,			6.447,			2.854,			2.854,			8.036,			1.89,			1.37
449,	3,	664.23,			7.507,			1.093,			1.093,			13.751,			0.557,			1.682
450,	3,	664.325,			4.899,			0.901,			0.901,			2.206,			2.017,			2.843
451,	3,	664.403,			9.861,			0.675,			0.675,			8.652,			1.236,			1.37
452,	3,	664.728,			12.982,			2.911,			2.911,			4.718,			1.107,			0.874
453,	3,	664.889,			8.879,			2.092,			2.092,			3.445,			0.842,			0.675
454,	3,	665.539,			4.972,			2.508,			2.508,			12.35,			2.291,			1.119
455,	3,	665.667,			2.878,			3.162,			3.162,			11.268,			2.873,			2.359
456,	3,	666.076,			8.809,			0.551,			0.551,			7.338,			0.824,			0.533
457,	3,	666.442,			4.378,			0.66,			0.66,			12.036,			0.824,			3.151
458,	3,	666.895,			6.081,			2.56,			2.56,			4.612,			1.783,			0.796
459,	3,	667.451,			6.188,			1.391,			1.391,			6.791,			3.167,			2.249
460,	3,	667.649,			10.721,			2.669,			2.669,			4.209,			3.335,			2.116
461,	3,	668.111,			3.815,			3.265,			3.265,			4.088,			1.976,			1.648
462,	3,	669.187,			4.961,			1.969,			1.969,			7.326,			1.158,			0.988
463,	3,	669.262,			10.22,			0.713,			0.713,			2.184,			0.781,			3.051
464,	2,	669.533,			22.521,			0.099,			0.099,			23.521,			0.099,			0.099
465,	3,	669.555,			3.492,			0.476,			0.476,			3.165,			1.663,			1.663
466,	1,	669.963,			1.232,			1.027,			1.027,			1.489,			1.008,			0.627
467,	3,	670.341,			3.038,			1.373,			1.373,			1.967,			3.084,			1.499
468,	3,	670.628,			6.134,			0.753,			0.753,			4.039,			3.162,			0.873
469,	1,	672.528,			1.216,			1.233,			1.233,			1.204,			0.626,			0.924
470,	1,	677.128,			2.067,			1.339,			1.339,			1.292,			0.666,			0.784
471,	2,	680.071,			23.558,			0.099,			0.099,			21.604,			0.099,			0.099
472,	1,	681.118,			2.039,			1.117,			1.117,			1.351,			0.731,			1.117
473,	2,	691.573,			22.352,			0.099,			0.099,			24.063,			0.099,			0.099
474,	1,	693.902,			1.295,			0.976,			0.976,			1.301,			0.681,			1.149
475,	2,	694.128,			23.396,			0.1,			0.1,			24.598,			0.099,			0.099
476,	2,	694.614,			21.846,			0.099,			0.099,			23.727,			0.099,			0.099
477,	1,	696.527,			1.512,			0.819,			0.819,			1.959,			1.085,			0.635
478,	1,	697.507,			1.803,			0.884,			0.884,			2.13,			0.858,			1.389
479,	2,	697.812,			21.767,			0.1,			0.1,			21.681,			0.099,			0.099
480,	2,	699.239,			21.767,			0.099,			0.099,			24.418,			0.099,			0.1
481,	2,	700.202,			22.003,			0.1,			0.1,			23.199,			0.099,			0.099
482,	2,	707.408,			22.291,			0.099,			0.099,			21.794,			0.099,			0.099
483,	2,	714.041,			21.639,			0.099,			0.099,			21.515,			0.099,			0.099
484,	1,	717.07,			2.043,			0.961,			0.961,			2.016,			1.282,			0.727
485,	1,	718.852,			1.505,			1.213,			1.213,			2.059,			0.902,			0.963
486,	2,	725.388,			23.973,			0.099,			0.099,			22.523,			0.099,			0.1
487,	1,	726.416,			1.894,			0.927,			0.927,			1.435,			1.149,			0.897
488,	1,	730.389,			1.959,			0.859,			0.859,			1.272,			0.936,			1.246
489,	2,	736.075,			23.057,			0.099,			0.099,			23.046,			0.099,			0.099
490,	2,	751.052,			22.009,			0.099,			0.099,			22.539,			0.099,			0.099
491,	2,	771.199,			21.679,			0.1,			0.1,			22.313,			0.099,			0.099
492,	1,	773.367,			1.019,			0.75,			0.75,			0.985,			1.115,			1.437
493,	1,	773.963,			1.967,			0.881,			0.881,			1.916,			0.63,			0.873
494,	1,	782.792,			1.253,			0.884,			0.884,			1.423,			0.937,			0.789
495,	2,	789.416,			21.669,			0.1,			0.1,			22.268,			0.099,			0.099
496,	2,	795.194,			22.161,			0.1,			0.1,			22.536,			0.1,			0.099
497,	2,	820.128,			21.972,			0.099,			0.099,			21.754,			0.099,			0.099
498,	2,	865.943,			22.009,			0.099,			0.099,			23.788,			0.099,			0.099
499,	1,	886.663,			1.007,			1.386,			1.386,			1.222,			0.903,			1.119
500,	1,	900.0,			1.935,			1.417,			1.417,			1.529,			0.812,			1.25
