#, task_type_id, arrival_time,	estimated_time_t2xlarge,	estimated_time_g3sxlarge,	estimated_time_CLOUD,	execution_time_t2xlarge,	execution_time_g3sxlarge,	execution_time_CLOUD
1,	2,	0.839,			23.145,			0.099,			0.099,			22.26,			0.099,			0.099
2,	2,	2.776,			23.708,			0.099,			0.099,			22.95,			0.099,			0.099
3,	2,	2.856,			24.088,			0.1,			0.1,			22.227,			0.099,			0.099
4,	2,	3.709,			22.023,			0.099,			0.099,			23.078,			0.099,			0.099
5,	2,	3.825,			21.869,			0.1,			0.1,			23.335,			0.099,			0.099
6,	2,	4.519,			22.051,			0.099,			0.099,			22.662,			0.099,			0.099
7,	2,	4.599,			23.357,			0.1,			0.1,			23.791,			0.099,			0.099
8,	2,	4.963,			22.614,			0.099,			0.099,			23.5,			0.099,			0.099
9,	2,	5.405,			23.868,			0.099,			0.099,			23.845,			0.099,			0.099
10,	2,	8.932,			24.505,			0.099,			0.099,			24.607,			0.099,			0.099
11,	2,	11.489,			22.586,			0.099,			0.099,			24.639,			0.099,			0.099
12,	2,	13.017,			22.757,			0.099,			0.099,			22.51,			0.099,			0.099
13,	2,	13.569,			24.393,			0.099,			0.099,			23.118,			0.1,			0.099
14,	2,	15.264,			22.394,			0.099,			0.099,			23.075,			0.1,			0.099
15,	2,	16.506,			22.942,			0.099,			0.099,			22.242,			0.099,			0.099
16,	2,	16.522,			21.816,			0.099,			0.099,			23.047,			0.099,			0.099
17,	2,	17.853,			22.624,			0.099,			0.099,			21.866,			0.099,			0.099
18,	2,	18.279,			22.738,			0.099,			0.099,			22.273,			0.1,			0.099
19,	2,	19.293,			21.977,			0.099,			0.099,			23.197,			0.099,			0.099
20,	2,	19.597,			22.063,			0.099,			0.099,			23.863,			0.099,			0.099
21,	2,	20.861,			22.414,			0.1,			0.1,			21.763,			0.099,			0.099
22,	3,	23.212,			3.109,			1.175,			1.175,			2.193,			0.689,			2.455
23,	3,	23.285,			6.447,			1.638,			1.638,			8.437,			1.663,			2.034
24,	3,	23.34,			6.41,			2.899,			2.899,			3.787,			2.939,			0.939
25,	2,	24.122,			22.156,			0.099,			0.099,			22.686,			0.1,			0.099
26,	2,	25.338,			21.771,			0.099,			0.099,			21.977,			0.099,			0.099
27,	3,	26.975,			2.446,			1.317,			1.317,			7.758,			0.672,			3.457
28,	1,	27.215,			2.056,			0.611,			0.611,			1.262,			0.949,			0.72
29,	2,	27.926,			21.722,			0.099,			0.099,			22.29,			0.099,			0.099
30,	3,	28.289,			2.015,			1.162,			1.162,			5.559,			0.67,			2.825
31,	3,	28.724,			5.603,			3.11,			3.11,			3.485,			1.535,			2.295
32,	3,	29.307,			3.949,			0.675,			0.675,			2.694,			1.17,			1.961
33,	3,	30.082,			12.035,			3.071,			3.071,			2.567,			3.203,			2.017
34,	3,	31.601,			2.696,			0.557,			0.557,			2.023,			1.25,			1.754
35,	3,	31.784,			5.146,			1.927,			1.927,			6.12,			0.973,			1.9
36,	3,	31.86,			11.458,			1.466,			1.466,			2.572,			1.364,			0.665
37,	2,	36.626,			21.941,			0.099,			0.099,			24.701,			0.099,			0.099
38,	2,	37.433,			22.463,			0.1,			0.1,			22.506,			0.099,			0.099
39,	2,	39.614,			24.39,			0.099,			0.099,			23.307,			0.099,			0.099
40,	2,	43.082,			21.797,			0.099,			0.099,			22.434,			0.099,			0.099
41,	2,	43.581,			22.618,			0.1,			0.1,			22.338,			0.099,			0.099
42,	2,	47.964,			22.653,			0.099,			0.099,			21.697,			0.1,			0.099
43,	2,	55.831,			23.277,			0.099,			0.099,			22.051,			0.099,			0.099
44,	2,	56.577,			21.578,			0.099,			0.099,			23.765,			0.1,			0.099
45,	2,	56.931,			22.536,			0.099,			0.099,			21.508,			0.1,			0.099
46,	2,	60.356,			21.656,			0.099,			0.099,			24.257,			0.099,			0.099
47,	2,	60.664,			22.804,			0.099,			0.099,			24.098,			0.099,			0.099
48,	2,	63.959,			21.559,			0.099,			0.099,			21.579,			0.099,			0.1
49,	2,	64.167,			21.9,			0.099,			0.099,			21.977,			0.099,			0.099
50,	2,	65.101,			21.597,			0.1,			0.1,			25.219,			0.099,			0.099
51,	2,	65.632,			22.164,			0.099,			0.099,			23.069,			0.099,			0.099
52,	2,	66.845,			21.778,			0.099,			0.099,			23.182,			0.099,			0.099
53,	2,	66.993,			22.081,			0.099,			0.099,			21.87,			0.1,			0.099
54,	2,	67.519,			23.659,			0.099,			0.099,			22.578,			0.099,			0.099
55,	1,	67.89,			1.03,			1.282,			1.282,			1.282,			1.123,			0.794
56,	2,	69.223,			22.907,			0.1,			0.1,			23.934,			0.099,			0.099
57,	2,	71.867,			24.012,			0.099,			0.099,			22.935,			0.099,			0.099
58,	2,	72.71,			21.782,			0.099,			0.099,			22.089,			0.1,			0.099
59,	2,	73.483,			22.66,			0.099,			0.099,			22.484,			0.099,			0.099
60,	2,	73.77,			21.558,			0.099,			0.099,			23.262,			0.099,			0.099
61,	2,	75.996,			24.461,			0.099,			0.099,			25.174,			0.1,			0.099
62,	2,	76.381,			23.836,			0.099,			0.099,			23.325,			0.099,			0.099
63,	2,	76.745,			22.398,			0.099,			0.099,			23.341,			0.099,			0.099
64,	2,	78.429,			21.927,			0.1,			0.1,			21.99,			0.099,			0.099
65,	2,	80.425,			22.54,			0.1,			0.1,			21.984,			0.099,			0.099
66,	2,	80.482,			24.152,			0.1,			0.1,			23.282,			0.099,			0.099
67,	2,	81.164,			24.065,			0.1,			0.1,			23.613,			0.1,			0.1
68,	2,	82.757,			24.465,			0.099,			0.099,			21.648,			0.099,			0.099
69,	2,	83.273,			22.193,			0.099,			0.099,			23.052,			0.099,			0.099
70,	2,	84.897,			24.468,			0.099,			0.099,			24.902,			0.1,			0.1
71,	2,	85.216,			24.923,			0.099,			0.099,			22.162,			0.099,			0.099
72,	2,	85.679,			22.117,			0.099,			0.099,			21.755,			0.099,			0.099
73,	2,	86.475,			23.758,			0.099,			0.099,			23.54,			0.1,			0.099
74,	2,	86.978,			23.999,			0.099,			0.099,			21.515,			0.099,			0.099
75,	2,	87.003,			23.965,			0.099,			0.099,			21.82,			0.099,			0.099
76,	2,	88.58,			23.95,			0.099,			0.099,			23.841,			0.099,			0.1
77,	2,	89.641,			24.316,			0.099,			0.099,			21.7,			0.099,			0.099
78,	2,	89.986,			24.282,			0.099,			0.099,			21.76,			0.099,			0.099
79,	2,	90.515,			21.41,			0.099,			0.099,			21.459,			0.099,			0.099
80,	2,	91.261,			21.751,			0.099,			0.099,			24.413,			0.099,			0.099
81,	2,	92.636,			23.099,			0.099,			0.099,			24.837,			0.099,			0.099
82,	2,	95.06,			21.501,			0.099,			0.099,			22.279,			0.099,			0.099
83,	2,	98.48,			21.485,			0.099,			0.099,			23.303,			0.099,			0.099
84,	2,	98.639,			23.612,			0.099,			0.099,			23.91,			0.1,			0.099
85,	2,	98.995,			22.393,			0.1,			0.1,			21.339,			0.099,			0.1
86,	2,	101.678,			21.601,			0.099,			0.099,			21.479,			0.099,			0.099
87,	2,	102.29,			22.182,			0.099,			0.099,			24.421,			0.1,			0.099
88,	2,	103.245,			21.758,			0.099,			0.099,			22.17,			0.1,			0.099
89,	2,	103.573,			22.276,			0.099,			0.099,			21.767,			0.099,			0.099
90,	2,	103.665,			23.359,			0.099,			0.099,			22.198,			0.099,			0.099
91,	2,	104.946,			24.274,			0.099,			0.099,			21.544,			0.099,			0.099
92,	2,	105.086,			22.699,			0.099,			0.099,			22.698,			0.099,			0.099
93,	2,	106.844,			22.698,			0.099,			0.099,			22.959,			0.099,			0.099
94,	2,	106.867,			21.921,			0.099,			0.099,			23.447,			0.099,			0.099
95,	2,	106.899,			22.364,			0.099,			0.099,			23.974,			0.099,			0.099
96,	2,	109.368,			21.999,			0.099,			0.099,			23.659,			0.099,			0.099
97,	2,	110.465,			21.637,			0.1,			0.1,			21.909,			0.099,			0.099
98,	2,	116.564,			24.681,			0.099,			0.099,			23.005,			0.099,			0.099
99,	2,	116.689,			21.526,			0.1,			0.1,			22.006,			0.099,			0.099
100,	2,	116.734,			22.856,			0.099,			0.099,			22.329,			0.099,			0.099
101,	2,	117.105,			24.374,			0.099,			0.099,			22.859,			0.1,			0.099
102,	2,	118.711,			22.387,			0.099,			0.099,			22.41,			0.099,			0.099
103,	2,	122.895,			21.927,			0.099,			0.099,			23.462,			0.099,			0.099
104,	2,	123.763,			22.995,			0.099,			0.099,			24.616,			0.099,			0.099
105,	2,	124.659,			23.584,			0.099,			0.099,			22.195,			0.099,			0.099
106,	2,	125.864,			22.156,			0.1,			0.1,			23.538,			0.099,			0.099
107,	2,	127.041,			21.977,			0.099,			0.099,			22.201,			0.1,			0.099
108,	2,	128.888,			22.22,			0.099,			0.099,			22.668,			0.099,			0.099
109,	2,	129.164,			23.511,			0.099,			0.099,			24.87,			0.099,			0.099
110,	3,	130.726,			2.457,			0.657,			0.657,			4.516,			1.334,			1.455
111,	3,	131.008,			8.062,			1.556,			1.556,			8.71,			1.394,			2.96
112,	3,	131.136,			1.703,			0.429,			0.429,			8.408,			0.557,			1.364
113,	3,	132.225,			1.191,			0.775,			0.775,			5.105,			1.352,			2.298
114,	3,	132.292,			8.13,			1.502,			1.502,			2.485,			3.238,			0.621
115,	3,	132.383,			1.591,			0.68,			0.68,			7.207,			2.167,			3.051
116,	3,	132.941,			13.409,			0.819,			0.819,			5.813,			0.669,			0.607
117,	3,	133.111,			9.861,			1.744,			1.744,			8.809,			3.113,			0.877
118,	3,	133.229,			11.326,			1.807,			1.807,			2.684,			1.043,			2.782
119,	2,	133.241,			21.648,			0.1,			0.1,			23.317,			0.099,			0.099
120,	3,	133.631,			12.348,			3.137,			3.137,			2.258,			1.336,			1.009
121,	3,	134.201,			2.687,			0.974,			0.974,			7.011,			0.996,			1.162
122,	3,	134.297,			5.775,			0.853,			0.853,			3.645,			2.912,			2.429
123,	2,	134.383,			21.753,			0.099,			0.099,			23.14,			0.099,			0.099
124,	2,	135.425,			22.134,			0.099,			0.099,			21.245,			0.099,			0.099
125,	2,	136.319,			21.63,			0.099,			0.099,			24.83,			0.099,			0.099
126,	3,	136.446,			2.197,			3.265,			3.265,			2.584,			1.663,			1.001
127,	2,	136.71,			21.718,			0.099,			0.099,			23.683,			0.1,			0.099
128,	3,	137.075,			11.518,			2.229,			2.229,			12.035,			0.959,			1.737
129,	3,	137.188,			4.58,			1.01,			1.01,			7.031,			1.755,			0.656
130,	3,	137.598,			5.743,			0.733,			0.733,			12.35,			1.556,			0.735
131,	3,	137.868,			4.115,			2.167,			2.167,			1.977,			0.796,			0.657
132,	3,	138.091,			2.638,			0.66,			0.66,			4.454,			2.992,			1.584
133,	3,	138.359,			4.718,			0.959,			0.959,			4.369,			2.705,			0.733
134,	3,	138.475,			1.993,			1.53,			1.53,			13.409,			2.335,			1.043
135,	3,	138.626,			2.411,			2.119,			2.119,			5.059,			0.528,			1.036
136,	2,	139.884,			23.16,			0.099,			0.099,			21.535,			0.099,			0.1
137,	2,	140.472,			21.83,			0.1,			0.1,			23.494,			0.099,			0.099
138,	2,	140.876,			22.273,			0.1,			0.1,			23.37,			0.099,			0.1
139,	2,	143.806,			23.411,			0.099,			0.099,			21.645,			0.099,			0.099
140,	2,	145.616,			22.404,			0.1,			0.1,			23.655,			0.099,			0.099
141,	1,	147.517,			1.523,			0.857,			0.857,			1.255,			0.649,			0.621
142,	2,	149.483,			23.22,			0.099,			0.099,			23.5,			0.099,			0.099
143,	2,	149.644,			24.344,			0.099,			0.099,			21.499,			0.099,			0.099
144,	2,	158.698,			23.123,			0.099,			0.099,			21.827,			0.099,			0.1
145,	2,	159.533,			24.492,			0.099,			0.099,			24.144,			0.099,			0.099
146,	2,	162.984,			21.814,			0.099,			0.099,			21.585,			0.1,			0.099
147,	2,	163.181,			21.857,			0.099,			0.099,			24.003,			0.099,			0.099
148,	2,	163.442,			23.007,			0.099,			0.099,			22.371,			0.1,			0.099
149,	2,	164.091,			22.637,			0.099,			0.099,			24.475,			0.099,			0.099
150,	2,	164.305,			22.151,			0.099,			0.099,			21.761,			0.099,			0.099
151,	2,	164.826,			24.798,			0.099,			0.099,			23.685,			0.1,			0.099
152,	1,	165.411,			1.242,			0.875,			0.875,			1.294,			0.914,			1.22
153,	2,	165.938,			22.037,			0.099,			0.099,			23.493,			0.099,			0.099
154,	2,	174.072,			22.314,			0.099,			0.099,			22.465,			0.099,			0.099
155,	2,	174.497,			23.416,			0.1,			0.1,			22.569,			0.099,			0.1
156,	1,	175.965,			2.162,			0.957,			0.957,			1.841,			0.9,			1.583
157,	2,	179.957,			22.564,			0.099,			0.099,			25.155,			0.099,			0.099
158,	2,	180.461,			21.921,			0.099,			0.099,			23.199,			0.099,			0.099
159,	2,	181.071,			21.459,			0.099,			0.099,			21.682,			0.099,			0.099
160,	2,	181.464,			21.841,			0.099,			0.099,			22.995,			0.1,			0.099
161,	2,	184.594,			21.626,			0.099,			0.099,			23.634,			0.099,			0.099
162,	2,	184.764,			21.79,			0.099,			0.099,			22.575,			0.1,			0.1
163,	2,	186.795,			24.798,			0.099,			0.099,			23.976,			0.099,			0.099
164,	2,	187.887,			24.066,			0.099,			0.099,			23.529,			0.099,			0.099
165,	2,	189.714,			22.913,			0.099,			0.099,			22.385,			0.099,			0.099
166,	2,	190.157,			25.107,			0.099,			0.099,			23.177,			0.099,			0.099
167,	2,	191.583,			23.35,			0.099,			0.099,			22.334,			0.099,			0.099
168,	2,	192.066,			21.898,			0.099,			0.099,			22.979,			0.099,			0.099
169,	1,	192.201,			1.478,			1.082,			1.082,			1.772,			1.527,			0.87
170,	2,	197.033,			21.69,			0.099,			0.099,			24.867,			0.099,			0.099
171,	2,	198.842,			22.492,			0.099,			0.099,			23.574,			0.099,			0.099
172,	2,	199.577,			24.583,			0.099,			0.099,			23.005,			0.099,			0.1
173,	2,	200.706,			22.177,			0.099,			0.099,			21.529,			0.099,			0.099
174,	2,	202.205,			22.546,			0.1,			0.1,			25.174,			0.099,			0.099
175,	2,	205.379,			21.567,			0.099,			0.099,			21.921,			0.099,			0.1
176,	2,	206.408,			25.006,			0.099,			0.099,			22.378,			0.099,			0.099
177,	2,	207.015,			23.108,			0.099,			0.099,			24.169,			0.099,			0.099
178,	1,	209.136,			1.784,			1.137,			1.137,			2.146,			0.908,			1.082
179,	2,	211.124,			24.476,			0.099,			0.099,			21.535,			0.099,			0.099
180,	2,	211.551,			23.081,			0.099,			0.099,			22.233,			0.099,			0.099
181,	2,	213.42,			23.275,			0.099,			0.099,			23.606,			0.099,			0.099
182,	2,	213.459,			21.469,			0.099,			0.099,			24.023,			0.099,			0.099
183,	2,	214.973,			22.94,			0.1,			0.1,			24.37,			0.099,			0.1
184,	2,	215.219,			21.875,			0.099,			0.099,			23.318,			0.099,			0.099
185,	2,	215.61,			22.154,			0.099,			0.099,			21.784,			0.1,			0.1
186,	2,	216.509,			22.289,			0.099,			0.099,			23.97,			0.099,			0.099
187,	2,	219.337,			23.045,			0.099,			0.099,			23.972,			0.099,			0.099
188,	2,	220.448,			22.027,			0.099,			0.099,			22.566,			0.1,			0.099
189,	2,	222.483,			22.594,			0.099,			0.099,			23.772,			0.099,			0.099
190,	2,	224.552,			24.637,			0.099,			0.099,			21.648,			0.1,			0.099
191,	2,	224.6,			21.766,			0.099,			0.099,			22.575,			0.099,			0.099
192,	2,	224.94,			23.463,			0.1,			0.1,			21.656,			0.099,			0.099
193,	2,	225.01,			21.941,			0.099,			0.099,			21.719,			0.099,			0.099
194,	1,	226.861,			1.798,			1.4,			1.4,			1.407,			0.894,			1.235
195,	2,	227.933,			21.76,			0.099,			0.099,			22.259,			0.1,			0.099
196,	2,	230.938,			24.113,			0.099,			0.099,			22.232,			0.099,			0.099
197,	1,	239.142,			2.189,			1.187,			1.187,			1.295,			1.405,			0.626
198,	2,	243.274,			22.029,			0.099,			0.099,			22.404,			0.099,			0.099
199,	2,	243.327,			21.987,			0.099,			0.099,			22.946,			0.1,			0.099
200,	2,	243.805,			22.117,			0.099,			0.099,			24.101,			0.099,			0.099
201,	2,	244.078,			22.932,			0.099,			0.099,			23.354,			0.099,			0.099
202,	2,	247.974,			22.455,			0.099,			0.099,			22.21,			0.099,			0.099
203,	2,	249.653,			21.822,			0.099,			0.099,			24.069,			0.099,			0.099
204,	2,	249.697,			24.368,			0.099,			0.099,			22.851,			0.1,			0.099
205,	2,	249.88,			21.373,			0.099,			0.099,			22.895,			0.099,			0.1
206,	2,	252.946,			23.66,			0.099,			0.099,			24.154,			0.099,			0.099
207,	1,	254.494,			1.316,			0.74,			0.74,			1.327,			0.944,			0.726
208,	2,	260.779,			24.465,			0.099,			0.099,			25.039,			0.1,			0.1
209,	2,	261.777,			23.012,			0.099,			0.099,			21.753,			0.099,			0.1
210,	1,	264.091,			1.201,			1.191,			1.191,			1.296,			1.458,			0.903
211,	2,	265.896,			21.738,			0.099,			0.099,			22.654,			0.099,			0.099
212,	2,	266.511,			23.199,			0.099,			0.099,			22.009,			0.099,			0.099
213,	1,	267.324,			2.028,			0.889,			0.889,			1.074,			0.871,			0.824
214,	1,	268.33,			1.478,			1.431,			1.431,			1.497,			0.837,			0.858
215,	2,	269.549,			22.212,			0.099,			0.099,			21.727,			0.099,			0.099
216,	2,	270.234,			23.796,			0.099,			0.099,			24.45,			0.099,			0.099
217,	2,	272.015,			23.139,			0.099,			0.099,			24.251,			0.099,			0.099
218,	2,	273.727,			22.398,			0.099,			0.099,			22.432,			0.099,			0.099
219,	1,	274.437,			1.086,			0.935,			0.935,			2.023,			0.95,			0.909
220,	1,	276.424,			1.124,			1.271,			1.271,			1.278,			0.828,			0.886
221,	1,	276.854,			1.09,			1.261,			1.261,			1.023,			1.259,			0.671
222,	2,	278.149,			24.116,			0.099,			0.099,			23.117,			0.099,			0.099
223,	2,	278.481,			22.298,			0.099,			0.099,			21.552,			0.099,			0.099
224,	2,	282.243,			22.358,			0.099,			0.099,			22.113,			0.099,			0.099
225,	2,	282.263,			22.548,			0.099,			0.099,			22.823,			0.099,			0.099
226,	1,	283.834,			0.983,			0.925,			0.925,			1.275,			1.12,			0.794
227,	2,	284.451,			24.137,			0.099,			0.099,			22.472,			0.099,			0.1
228,	2,	285.291,			22.247,			0.099,			0.099,			23.598,			0.099,			0.099
229,	1,	287.829,			2.06,			0.861,			0.861,			1.93,			1.086,			0.905
230,	2,	287.929,			23.871,			0.099,			0.099,			21.895,			0.099,			0.1
231,	2,	289.887,			22.601,			0.099,			0.099,			21.528,			0.099,			0.099
232,	2,	290.361,			23.628,			0.099,			0.099,			22.369,			0.099,			0.099
233,	2,	292.637,			22.348,			0.099,			0.099,			21.915,			0.099,			0.099
234,	1,	297.839,			2.436,			0.816,			0.816,			1.237,			1.116,			1.342
235,	2,	298.036,			22.09,			0.099,			0.099,			24.465,			0.099,			0.099
236,	2,	298.648,			23.765,			0.099,			0.099,			24.393,			0.099,			0.099
237,	1,	300.397,			0.95,			1.184,			1.184,			1.221,			0.621,			0.833
238,	1,	301.948,			1.803,			1.439,			1.439,			1.269,			0.621,			0.935
239,	2,	302.366,			23.212,			0.099,			0.099,			22.757,			0.099,			0.099
240,	1,	302.529,			2.279,			1.555,			1.555,			1.541,			0.614,			0.828
241,	2,	306.107,			23.425,			0.099,			0.099,			24.285,			0.099,			0.099
242,	2,	306.545,			22.43,			0.099,			0.099,			22.133,			0.099,			0.099
243,	2,	307.884,			24.073,			0.099,			0.099,			22.604,			0.099,			0.099
244,	2,	313.876,			22.569,			0.1,			0.1,			23.072,			0.099,			0.099
245,	1,	314.551,			1.454,			1.183,			1.183,			1.106,			0.89,			0.617
246,	2,	314.674,			24.596,			0.099,			0.099,			22.037,			0.099,			0.099
247,	2,	316.647,			21.92,			0.099,			0.099,			22.959,			0.099,			0.099
248,	2,	320.71,			21.425,			0.099,			0.099,			22.141,			0.1,			0.099
249,	1,	320.826,			1.203,			0.914,			0.914,			1.202,			1.213,			1.222
250,	1,	320.975,			1.257,			1.337,			1.337,			0.944,			0.858,			0.857
251,	1,	322.029,			1.437,			0.89,			0.89,			1.431,			1.439,			0.891
252,	2,	322.376,			23.026,			0.099,			0.099,			22.117,			0.099,			0.099
253,	2,	322.501,			22.618,			0.099,			0.099,			23.89,			0.099,			0.099
254,	2,	323.597,			23.4,			0.099,			0.099,			21.738,			0.099,			0.099
255,	2,	324.249,			21.987,			0.099,			0.099,			23.861,			0.099,			0.099
256,	2,	324.607,			24.607,			0.099,			0.099,			23.416,			0.099,			0.1
257,	2,	324.663,			24.486,			0.099,			0.099,			21.697,			0.099,			0.099
258,	2,	325.431,			22.56,			0.099,			0.099,			22.042,			0.099,			0.1
259,	2,	328.467,			23.136,			0.099,			0.099,			24.776,			0.099,			0.099
260,	1,	328.575,			2.024,			0.986,			0.986,			1.261,			1.074,			0.911
261,	2,	329.487,			25.117,			0.099,			0.099,			21.725,			0.099,			0.099
262,	1,	331.083,			2.001,			1.005,			1.005,			2.038,			0.785,			0.898
263,	2,	332.381,			21.985,			0.099,			0.099,			21.821,			0.099,			0.099
264,	2,	332.677,			22.442,			0.099,			0.099,			22.711,			0.1,			0.099
265,	1,	333.849,			2.05,			0.895,			0.895,			0.987,			0.884,			0.621
266,	1,	333.988,			1.242,			1.115,			1.115,			1.309,			0.613,			0.86
267,	2,	334.343,			21.535,			0.099,			0.099,			22.756,			0.099,			0.099
268,	2,	335.187,			21.835,			0.099,			0.099,			22.158,			0.099,			0.099
269,	2,	335.328,			22.231,			0.099,			0.099,			23.061,			0.099,			0.099
270,	1,	337.313,			1.25,			1.401,			1.401,			1.411,			0.998,			0.93
271,	2,	337.656,			24.513,			0.099,			0.099,			23.454,			0.099,			0.099
272,	1,	338.106,			1.217,			0.879,			0.879,			2.05,			1.389,			0.828
273,	2,	338.284,			22.66,			0.099,			0.099,			21.417,			0.1,			0.099
274,	2,	338.641,			24.037,			0.099,			0.099,			21.794,			0.099,			0.099
275,	2,	339.046,			21.962,			0.1,			0.1,			22.434,			0.099,			0.099
276,	1,	339.962,			1.032,			1.143,			1.143,			1.782,			1.323,			0.621
277,	2,	340.113,			22.222,			0.099,			0.099,			21.544,			0.099,			0.099
278,	3,	340.332,			6.601,			0.784,			0.784,			2.584,			1.28,			0.999
279,	2,	340.597,			21.966,			0.099,			0.099,			21.614,			0.099,			0.099
280,	2,	341.169,			21.875,			0.1,			0.1,			22.212,			0.1,			0.099
281,	2,	341.471,			23.767,			0.099,			0.099,			23.177,			0.099,			0.099
282,	2,	342.318,			22.381,			0.099,			0.099,			22.381,			0.099,			0.099
283,	2,	342.462,			22.484,			0.099,			0.099,			23.134,			0.099,			0.099
284,	1,	342.775,			1.852,			0.91,			0.91,			2.162,			0.88,			0.621
285,	2,	345.903,			22.414,			0.099,			0.099,			22.594,			0.099,			0.099
286,	2,	346.839,			22.979,			0.099,			0.099,			24.912,			0.099,			0.099
287,	1,	349.189,			1.221,			0.892,			0.892,			2.134,			0.895,			0.637
288,	2,	351.285,			22.557,			0.099,			0.099,			21.695,			0.099,			0.099
289,	3,	352.842,			5.18,			1.208,			1.208,			5.813,			1.721,			3.373
290,	3,	352.895,			7.543,			0.987,			0.987,			5.018,			1.943,			1.168
291,	3,	353.14,			7.178,			1.522,			1.522,			2.135,			1.956,			0.929
292,	3,	353.918,			2.063,			0.738,			0.738,			6.844,			0.66,			0.669
293,	3,	355.787,			6.394,			1.432,			1.432,			3.501,			0.967,			1.256
294,	3,	355.901,			4.454,			1.663,			1.663,			4.507,			0.825,			1.046
295,	2,	356.068,			23.511,			0.099,			0.099,			22.435,			0.099,			0.099
296,	3,	356.115,			3.917,			1.506,			1.506,			5.736,			2.292,			0.804
297,	3,	356.188,			4.781,			1.165,			1.165,			12.424,			0.687,			2.985
298,	3,	357.655,			3.649,			1.707,			1.707,			5.512,			1.415,			1.17
299,	2,	358.193,			23.888,			0.099,			0.099,			22.622,			0.099,			0.099
300,	3,	358.738,			6.718,			1.087,			1.087,			3.821,			3.084,			1.173
301,	3,	359.094,			4.378,			1.46,			1.46,			10.237,			1.236,			1.208
302,	1,	359.18,			1.24,			0.865,			0.865,			1.241,			1.25,			0.746
303,	2,	359.411,			24.351,			0.099,			0.099,			22.426,			0.1,			0.099
304,	1,	359.495,			1.288,			0.878,			0.878,			0.979,			1.293,			0.913
305,	2,	359.813,			23.191,			0.099,			0.099,			23.199,			0.099,			0.099
306,	2,	360.593,			22.201,			0.099,			0.099,			24.386,			0.099,			0.1
307,	1,	360.77,			1.253,			0.873,			0.873,			1.417,			0.611,			0.88
308,	2,	361.94,			21.982,			0.099,			0.099,			23.77,			0.099,			0.099
309,	2,	362.172,			21.878,			0.099,			0.099,			23.682,			0.099,			0.099
310,	2,	362.435,			24.578,			0.099,			0.099,			24.0,			0.099,			0.1
311,	2,	363.263,			22.143,			0.099,			0.099,			22.088,			0.099,			0.099
312,	2,	363.526,			21.875,			0.099,			0.099,			22.115,			0.099,			0.099
313,	2,	363.581,			21.548,			0.099,			0.099,			25.174,			0.099,			0.099
314,	2,	363.966,			23.683,			0.099,			0.099,			22.465,			0.099,			0.099
315,	2,	364.272,			24.497,			0.099,			0.099,			22.427,			0.099,			0.099
316,	1,	365.634,			1.93,			0.825,			0.825,			1.799,			0.967,			1.258
317,	2,	365.661,			25.219,			0.099,			0.099,			22.745,			0.099,			0.099
318,	1,	366.061,			1.219,			0.827,			0.827,			2.459,			1.231,			0.611
319,	2,	366.08,			24.361,			0.1,			0.1,			23.946,			0.099,			0.099
320,	2,	367.324,			22.206,			0.099,			0.099,			21.956,			0.099,			0.099
321,	2,	367.337,			24.362,			0.099,			0.099,			22.601,			0.1,			0.1
322,	1,	368.059,			1.204,			0.877,			0.877,			1.541,			0.822,			0.79
323,	2,	368.434,			22.033,			0.099,			0.099,			22.09,			0.099,			0.099
324,	1,	372.002,			1.957,			0.991,			0.991,			1.541,			0.932,			0.913
325,	1,	372.039,			2.34,			1.151,			1.151,			0.955,			1.128,			0.894
326,	2,	372.458,			23.432,			0.099,			0.099,			23.347,			0.099,			0.099
327,	1,	372.703,			1.923,			0.832,			0.832,			2.371,			1.434,			1.157
328,	2,	373.129,			24.811,			0.099,			0.099,			21.844,			0.1,			0.099
329,	2,	375.375,			23.113,			0.099,			0.099,			23.257,			0.099,			0.099
330,	2,	376.055,			22.219,			0.099,			0.099,			22.201,			0.099,			0.099
331,	1,	376.075,			1.813,			0.913,			0.913,			1.102,			1.268,			0.908
332,	2,	376.785,			23.049,			0.1,			0.1,			23.138,			0.099,			0.099
333,	1,	377.019,			1.486,			0.688,			0.688,			1.499,			1.123,			0.929
334,	2,	377.031,			24.283,			0.099,			0.099,			23.031,			0.099,			0.099
335,	2,	377.209,			22.25,			0.099,			0.099,			22.955,			0.099,			0.099
336,	2,	377.211,			23.5,			0.1,			0.1,			22.848,			0.099,			0.099
337,	1,	377.959,			2.02,			0.935,			0.935,			1.506,			1.377,			1.119
338,	1,	378.089,			1.24,			0.908,			0.908,			1.25,			0.954,			0.926
339,	2,	380.974,			22.813,			0.099,			0.099,			22.113,			0.099,			0.099
340,	2,	381.114,			21.668,			0.099,			0.099,			24.119,			0.099,			0.099
341,	2,	381.774,			24.65,			0.099,			0.099,			22.316,			0.099,			0.099
342,	2,	382.285,			23.028,			0.099,			0.099,			24.907,			0.099,			0.099
343,	1,	383.283,			1.957,			1.233,			1.233,			1.294,			1.245,			0.756
344,	2,	386.538,			21.732,			0.099,			0.099,			21.921,			0.099,			0.099
345,	2,	386.874,			22.601,			0.099,			0.099,			24.846,			0.1,			0.099
346,	2,	387.775,			23.764,			0.099,			0.099,			23.442,			0.099,			0.099
347,	2,	388.61,			25.074,			0.099,			0.099,			21.596,			0.099,			0.099
348,	2,	388.674,			22.208,			0.099,			0.099,			23.066,			0.099,			0.099
349,	2,	389.397,			21.939,			0.099,			0.099,			23.419,			0.099,			0.1
350,	2,	389.444,			22.377,			0.099,			0.099,			21.832,			0.099,			0.099
351,	1,	389.996,			1.304,			0.611,			0.611,			1.821,			0.871,			1.199
352,	2,	390.356,			22.768,			0.099,			0.099,			23.517,			0.099,			0.099
353,	1,	391.232,			1.541,			0.919,			0.919,			1.236,			0.937,			0.911
354,	2,	391.766,			23.567,			0.099,			0.099,			23.356,			0.099,			0.1
355,	2,	392.868,			22.161,			0.099,			0.099,			24.285,			0.099,			0.099
356,	2,	396.59,			23.735,			0.099,			0.099,			22.997,			0.099,			0.1
357,	2,	397.149,			23.551,			0.099,			0.099,			23.5,			0.1,			0.099
358,	2,	397.629,			23.955,			0.099,			0.099,			22.082,			0.099,			0.099
359,	1,	398.297,			1.227,			0.925,			0.925,			0.999,			0.884,			0.935
360,	2,	401.508,			21.803,			0.099,			0.099,			22.113,			0.099,			0.099
361,	2,	401.533,			22.653,			0.099,			0.099,			22.432,			0.099,			0.1
362,	1,	402.307,			1.211,			0.832,			0.832,			1.299,			1.431,			0.85
363,	1,	405.451,			1.42,			0.926,			0.926,			1.817,			1.141,			1.128
364,	1,	405.829,			1.78,			1.254,			1.254,			2.032,			1.385,			0.844
365,	2,	407.289,			21.502,			0.099,			0.099,			22.566,			0.1,			0.099
366,	2,	408.383,			23.012,			0.099,			0.099,			22.717,			0.099,			0.099
367,	2,	409.344,			22.876,			0.099,			0.099,			24.148,			0.099,			0.099
368,	1,	409.998,			2.374,			0.879,			0.879,			1.424,			1.245,			0.818
369,	2,	412.207,			23.95,			0.099,			0.099,			22.308,			0.099,			0.1
370,	2,	417.166,			22.353,			0.099,			0.099,			21.977,			0.1,			0.1
371,	1,	417.329,			2.051,			0.861,			0.861,			1.237,			1.111,			0.898
372,	2,	417.49,			22.425,			0.099,			0.099,			24.374,			0.099,			0.099
373,	2,	418.527,			24.047,			0.1,			0.1,			22.354,			0.099,			0.099
374,	2,	418.528,			22.761,			0.099,			0.099,			24.269,			0.099,			0.099
375,	1,	420.306,			2.097,			0.811,			0.811,			1.333,			1.08,			0.91
376,	2,	420.488,			22.397,			0.099,			0.099,			22.537,			0.099,			0.099
377,	2,	420.674,			21.508,			0.099,			0.099,			24.54,			0.099,			0.099
378,	2,	420.868,			22.995,			0.099,			0.099,			23.228,			0.099,			0.099
379,	2,	421.115,			24.934,			0.099,			0.099,			22.084,			0.099,			0.099
380,	2,	421.267,			22.436,			0.099,			0.099,			22.465,			0.099,			0.099
381,	1,	421.385,			1.389,			0.785,			0.785,			1.11,			0.884,			1.111
382,	2,	421.872,			23.684,			0.099,			0.099,			22.702,			0.099,			0.099
383,	1,	422.246,			1.252,			0.881,			0.881,			1.204,			1.342,			0.86
384,	1,	422.99,			0.961,			1.359,			1.359,			0.966,			1.337,			0.612
385,	1,	423.106,			1.066,			1.142,			1.142,			1.336,			0.969,			1.199
386,	1,	423.152,			1.183,			1.231,			1.231,			1.221,			0.859,			0.72
387,	2,	424.976,			23.718,			0.1,			0.1,			21.838,			0.099,			0.099
388,	2,	425.893,			23.558,			0.099,			0.099,			25.105,			0.099,			0.099
389,	1,	428.614,			2.312,			0.727,			0.727,			1.785,			0.964,			0.919
390,	2,	429.01,			22.396,			0.099,			0.099,			24.374,			0.1,			0.099
391,	1,	429.345,			1.262,			1.401,			1.401,			0.944,			0.904,			0.729
392,	2,	431.947,			22.203,			0.099,			0.099,			21.664,			0.099,			0.099
393,	1,	432.054,			1.239,			0.896,			0.896,			2.079,			0.935,			0.884
394,	2,	433.954,			23.584,			0.099,			0.099,			22.306,			0.1,			0.099
395,	1,	435.315,			2.138,			0.946,			0.946,			1.478,			0.649,			0.86
396,	2,	435.941,			22.252,			0.1,			0.1,			22.272,			0.1,			0.1
397,	2,	437.117,			21.429,			0.099,			0.099,			24.003,			0.099,			0.099
398,	2,	437.212,			24.74,			0.099,			0.099,			23.227,			0.1,			0.099
399,	2,	437.741,			22.741,			0.099,			0.099,			22.731,			0.099,			0.099
400,	2,	437.904,			22.783,			0.099,			0.099,			22.477,			0.1,			0.099
401,	1,	438.339,			1.959,			0.756,			0.756,			1.308,			0.789,			1.476
402,	1,	438.967,			1.793,			0.88,			0.88,			1.258,			0.837,			0.729
403,	2,	440.267,			23.64,			0.099,			0.099,			22.267,			0.099,			0.099
404,	2,	440.436,			22.037,			0.1,			0.1,			21.874,			0.099,			0.099
405,	2,	441.371,			22.402,			0.099,			0.099,			22.033,			0.099,			0.099
406,	2,	441.52,			23.036,			0.099,			0.099,			21.793,			0.099,			0.099
407,	1,	442.425,			1.055,			0.929,			0.929,			1.252,			0.869,			1.209
408,	1,	442.497,			1.313,			1.123,			1.123,			1.273,			0.897,			0.97
409,	1,	443.1,			2.372,			0.929,			0.929,			1.926,			1.183,			0.629
410,	2,	443.529,			23.134,			0.1,			0.1,			23.269,			0.099,			0.099
411,	1,	444.218,			1.271,			0.92,			0.92,			2.252,			0.992,			0.898
412,	2,	446.219,			22.185,			0.099,			0.099,			22.037,			0.099,			0.099
413,	1,	446.803,			1.328,			0.894,			0.894,			1.299,			0.879,			1.234
414,	1,	447.18,			1.111,			1.08,			1.08,			1.329,			1.086,			1.1
415,	1,	448.02,			1.522,			0.967,			0.967,			1.262,			0.928,			0.885
416,	1,	448.335,			1.275,			1.189,			1.189,			1.091,			0.903,			1.237
417,	2,	449.215,			23.567,			0.099,			0.099,			22.353,			0.1,			0.099
418,	2,	450.231,			24.114,			0.099,			0.099,			24.14,			0.099,			0.099
419,	2,	450.327,			22.439,			0.099,			0.099,			21.852,			0.099,			0.1
420,	2,	451.172,			23.651,			0.099,			0.099,			24.209,			0.099,			0.099
421,	2,	452.08,			23.011,			0.1,			0.1,			24.73,			0.099,			0.1
422,	2,	453.007,			22.471,			0.099,			0.099,			22.144,			0.1,			0.099
423,	2,	454.556,			21.955,			0.099,			0.099,			21.752,			0.099,			0.099
424,	2,	455.63,			23.41,			0.099,			0.099,			22.337,			0.099,			0.099
425,	2,	455.93,			22.298,			0.099,			0.099,			24.903,			0.1,			0.099
426,	2,	456.407,			22.268,			0.099,			0.099,			24.524,			0.099,			0.099
427,	1,	457.001,			1.533,			1.384,			1.384,			1.281,			0.875,			1.246
428,	2,	459.214,			23.942,			0.1,			0.1,			22.412,			0.099,			0.099
429,	2,	459.23,			24.395,			0.099,			0.099,			24.248,			0.099,			0.099
430,	1,	459.39,			2.126,			1.228,			1.228,			1.286,			0.88,			1.245
431,	2,	459.544,			22.968,			0.099,			0.099,			23.084,			0.099,			0.099
432,	1,	462.25,			0.964,			0.858,			0.858,			1.239,			1.073,			0.934
433,	2,	463.417,			22.424,			0.099,			0.099,			24.54,			0.099,			0.099
434,	2,	464.769,			23.782,			0.099,			0.099,			22.14,			0.099,			0.099
435,	2,	466.36,			21.699,			0.099,			0.099,			23.007,			0.099,			0.099
436,	1,	468.653,			1.272,			0.946,			0.946,			1.241,			0.621,			0.669
437,	2,	470.498,			21.818,			0.099,			0.099,			21.992,			0.099,			0.099
438,	2,	470.992,			23.274,			0.099,			0.099,			22.223,			0.1,			0.099
439,	1,	473.382,			2.305,			0.62,			0.62,			1.016,			0.964,			0.613
440,	2,	474.978,			24.513,			0.099,			0.099,			23.989,			0.1,			0.099
441,	1,	475.262,			1.326,			0.951,			0.951,			1.29,			0.884,			0.942
442,	2,	475.271,			22.231,			0.099,			0.099,			24.422,			0.099,			0.099
443,	2,	476.621,			22.099,			0.099,			0.099,			21.915,			0.099,			0.1
444,	2,	477.649,			22.877,			0.099,			0.099,			23.2,			0.099,			0.1
445,	2,	479.265,			22.302,			0.1,			0.1,			23.892,			0.099,			0.099
446,	1,	479.496,			1.001,			0.957,			0.957,			1.894,			1.111,			0.614
447,	2,	479.737,			24.227,			0.099,			0.099,			21.999,			0.099,			0.099
448,	1,	480.18,			1.062,			1.429,			1.429,			2.116,			0.919,			0.961
449,	2,	480.507,			22.422,			0.1,			0.1,			23.511,			0.099,			0.099
450,	1,	481.027,			1.505,			0.731,			0.731,			1.271,			0.725,			0.922
451,	1,	482.092,			1.41,			1.117,			1.117,			1.411,			1.405,			0.89
452,	2,	482.218,			21.697,			0.099,			0.099,			23.807,			0.099,			0.099
453,	2,	482.301,			21.941,			0.099,			0.099,			24.629,			0.099,			0.099
454,	1,	482.53,			1.218,			0.641,			0.641,			1.211,			0.823,			0.619
455,	1,	484.28,			1.255,			1.008,			1.008,			1.779,			0.878,			0.944
456,	2,	484.677,			25.107,			0.099,			0.099,			21.464,			0.099,			0.099
457,	1,	484.922,			2.048,			1.255,			1.255,			1.019,			1.342,			0.858
458,	2,	485.699,			21.949,			0.099,			0.099,			22.983,			0.099,			0.099
459,	2,	486.371,			21.725,			0.099,			0.099,			24.138,			0.099,			0.099
460,	2,	488.182,			22.371,			0.099,			0.099,			24.487,			0.099,			0.1
461,	2,	488.545,			21.97,			0.099,			0.099,			23.35,			0.099,			0.099
462,	2,	490.096,			21.503,			0.099,			0.099,			22.24,			0.099,			0.099
463,	2,	490.369,			23.39,			0.099,			0.099,			23.273,			0.099,			0.099
464,	1,	491.098,			1.343,			0.613,			0.613,			2.441,			0.971,			0.727
465,	2,	492.152,			22.644,			0.099,			0.099,			22.016,			0.099,			0.1
466,	2,	493.061,			23.52,			0.099,			0.099,			23.012,			0.1,			0.099
467,	2,	493.294,			22.794,			0.099,			0.099,			21.682,			0.099,			0.099
468,	1,	493.558,			1.212,			1.128,			1.128,			1.319,			0.896,			0.858
469,	2,	494.761,			24.14,			0.099,			0.099,			22.543,			0.099,			0.099
470,	2,	496.268,			21.778,			0.099,			0.099,			21.656,			0.099,			0.099
471,	2,	498.31,			24.258,			0.099,			0.099,			23.973,			0.099,			0.099
472,	2,	498.956,			22.438,			0.099,			0.099,			21.758,			0.099,			0.099
473,	2,	499.154,			21.697,			0.099,			0.099,			22.46,			0.099,			0.099
474,	2,	499.75,			22.498,			0.099,			0.099,			23.246,			0.099,			0.099
475,	1,	499.819,			1.921,			0.873,			0.873,			2.47,			1.132,			1.235
476,	1,	500.86,			1.764,			1.118,			1.118,			1.491,			1.405,			0.722
477,	2,	501.548,			21.981,			0.099,			0.099,			21.796,			0.099,			0.099
478,	2,	501.959,			22.209,			0.099,			0.099,			21.958,			0.099,			0.099
479,	1,	502.215,			2.416,			1.241,			1.241,			1.791,			0.998,			1.178
480,	2,	503.277,			24.54,			0.099,			0.099,			21.689,			0.099,			0.099
481,	2,	504.018,			22.686,			0.1,			0.1,			21.782,			0.099,			0.099
482,	2,	504.559,			24.877,			0.099,			0.099,			24.072,			0.099,			0.099
483,	3,	504.702,			8.766,			1.555,			1.555,			11.134,			1.626,			2.119
484,	2,	504.916,			21.73,			0.099,			0.099,			22.943,			0.099,			0.099
485,	2,	505.512,			22.809,			0.099,			0.099,			23.739,			0.099,			0.099
486,	1,	505.668,			1.433,			1.232,			1.232,			1.105,			0.929,			0.862
487,	2,	506.383,			23.782,			0.099,			0.099,			23.356,			0.099,			0.099
488,	2,	509.469,			22.95,			0.099,			0.099,			22.655,			0.099,			0.099
489,	3,	510.079,			3.162,			3.457,			3.457,			10.999,			3.012,			1.937
490,	2,	510.616,			24.364,			0.099,			0.099,			23.903,			0.099,			0.099
491,	3,	511.472,			2.086,			0.784,			0.784,			9.84,			1.242,			2.173
492,	2,	511.908,			23.531,			0.1,			0.1,			22.127,			0.099,			0.099
493,	2,	512.963,			23.288,			0.1,			0.1,			22.268,			0.099,			0.099
494,	2,	514.001,			22.484,			0.099,			0.099,			23.77,			0.099,			0.099
495,	1,	514.409,			0.991,			0.788,			0.788,			1.29,			0.618,			0.614
496,	2,	515.394,			24.715,			0.099,			0.099,			24.445,			0.099,			0.099
497,	1,	516.623,			1.422,			0.882,			0.882,			1.2,			0.753,			0.913
498,	2,	517.052,			21.844,			0.099,			0.099,			23.816,			0.099,			0.099
499,	2,	517.633,			21.761,			0.099,			0.099,			24.206,			0.099,			0.099
500,	2,	518.599,			23.699,			0.099,			0.099,			22.465,			0.099,			0.1
501,	2,	518.868,			22.041,			0.099,			0.099,			22.904,			0.099,			0.099
502,	2,	520.768,			22.232,			0.099,			0.099,			23.227,			0.099,			0.099
503,	2,	520.831,			22.601,			0.099,			0.099,			23.146,			0.099,			0.099
504,	1,	521.017,			1.244,			1.082,			1.082,			1.499,			0.905,			0.587
505,	1,	521.645,			1.062,			0.917,			0.917,			1.772,			0.857,			1.597
506,	1,	523.262,			1.079,			0.948,			0.948,			1.062,			1.123,			0.756
507,	2,	523.644,			22.566,			0.099,			0.099,			21.827,			0.099,			0.1
508,	2,	523.736,			22.279,			0.1,			0.1,			21.541,			0.099,			0.099
509,	1,	524.798,			1.316,			1.08,			1.08,			1.407,			0.964,			1.151
510,	2,	525.678,			23.047,			0.099,			0.099,			23.861,			0.099,			0.099
511,	2,	528.133,			21.788,			0.1,			0.1,			23.642,			0.099,			0.099
512,	2,	528.285,			21.639,			0.099,			0.099,			21.752,			0.1,			0.099
513,	1,	529.37,			1.967,			1.539,			1.539,			1.428,			1.203,			0.926
514,	1,	529.699,			1.501,			0.909,			0.909,			0.933,			1.217,			0.629
515,	1,	530.013,			1.536,			0.925,			0.925,			1.091,			1.16,			1.189
516,	2,	531.073,			22.04,			0.099,			0.099,			22.374,			0.1,			0.099
517,	1,	531.511,			1.325,			1.332,			1.332,			1.286,			0.837,			0.649
518,	1,	533.517,			1.921,			0.865,			0.865,			2.261,			0.63,			0.935
519,	2,	533.55,			24.08,			0.099,			0.099,			22.198,			0.099,			0.099
520,	2,	534.254,			23.784,			0.099,			0.099,			23.664,			0.099,			0.099
521,	1,	534.673,			1.303,			0.624,			0.624,			1.786,			0.96,			0.824
522,	2,	534.736,			22.432,			0.099,			0.099,			24.524,			0.099,			0.099
523,	2,	535.337,			21.919,			0.099,			0.099,			21.98,			0.099,			0.099
524,	2,	535.969,			23.5,			0.099,			0.099,			22.817,			0.099,			0.099
525,	2,	537.246,			21.961,			0.099,			0.099,			22.199,			0.099,			0.099
526,	1,	538.708,			2.072,			1.398,			1.398,			2.151,			1.323,			1.151
527,	2,	539.689,			23.454,			0.099,			0.099,			21.463,			0.1,			0.099
528,	2,	540.925,			21.756,			0.099,			0.099,			24.648,			0.1,			0.099
529,	2,	543.214,			22.44,			0.1,			0.1,			24.036,			0.099,			0.099
530,	2,	546.128,			23.22,			0.1,			0.1,			22.794,			0.099,			0.099
531,	1,	546.221,			2.048,			1.134,			1.134,			1.24,			0.967,			1.388
532,	2,	548.588,			21.641,			0.099,			0.099,			21.735,			0.099,			0.099
533,	2,	549.862,			22.985,			0.099,			0.099,			23.52,			0.099,			0.099
534,	1,	551.516,			1.932,			0.982,			0.982,			1.429,			1.238,			1.093
535,	2,	552.159,			22.473,			0.099,			0.099,			21.699,			0.099,			0.099
536,	2,	553.712,			21.666,			0.099,			0.099,			24.102,			0.099,			0.099
537,	1,	554.61,			1.756,			1.245,			1.245,			1.343,			0.615,			0.892
538,	1,	554.639,			1.302,			0.822,			0.822,			2.121,			0.931,			1.261
539,	2,	555.736,			23.567,			0.099,			0.099,			24.085,			0.099,			0.099
540,	1,	557.191,			1.816,			1.476,			1.476,			2.001,			0.621,			1.191
541,	1,	560.032,			1.363,			0.732,			0.732,			1.023,			0.873,			1.132
542,	2,	561.224,			24.807,			0.099,			0.099,			22.43,			0.099,			0.099
543,	2,	561.295,			21.835,			0.099,			0.099,			24.038,			0.099,			0.099
544,	1,	563.299,			1.29,			0.967,			0.967,			1.327,			1.396,			0.875
545,	2,	563.944,			21.761,			0.099,			0.099,			22.272,			0.099,			0.099
546,	2,	564.697,			24.125,			0.099,			0.099,			24.214,			0.099,			0.099
547,	1,	568.071,			1.407,			0.618,			0.618,			1.109,			0.895,			0.587
548,	1,	570.003,			1.03,			1.387,			1.387,			1.33,			0.836,			0.854
549,	2,	570.376,			23.34,			0.099,			0.099,			23.979,			0.099,			0.099
550,	2,	570.652,			21.697,			0.099,			0.099,			23.325,			0.099,			0.099
551,	2,	572.73,			21.747,			0.099,			0.099,			22.39,			0.099,			0.099
552,	2,	572.829,			24.716,			0.099,			0.099,			23.04,			0.099,			0.099
553,	1,	575.172,			1.08,			0.616,			0.616,			1.216,			1.26,			1.53
554,	2,	575.427,			21.481,			0.099,			0.099,			23.749,			0.099,			0.099
555,	2,	575.966,			22.073,			0.099,			0.099,			21.962,			0.1,			0.099
556,	2,	576.793,			21.527,			0.1,			0.1,			22.095,			0.099,			0.1
557,	2,	577.46,			22.841,			0.099,			0.099,			22.426,			0.099,			0.099
558,	2,	578.872,			23.583,			0.099,			0.099,			25.039,			0.099,			0.099
559,	1,	579.042,			1.489,			0.655,			0.655,			2.105,			0.866,			1.618
560,	2,	580.283,			23.226,			0.099,			0.099,			22.352,			0.099,			0.099
561,	2,	580.416,			22.397,			0.099,			0.099,			21.649,			0.099,			0.099
562,	2,	581.363,			22.273,			0.099,			0.099,			24.679,			0.099,			0.099
563,	2,	581.508,			21.895,			0.099,			0.099,			24.637,			0.099,			0.099
564,	2,	582.091,			23.7,			0.1,			0.1,			25.117,			0.099,			0.1
565,	2,	583.545,			24.227,			0.099,			0.099,			22.566,			0.099,			0.099
566,	1,	584.876,			1.252,			0.932,			0.932,			1.817,			0.947,			0.719
567,	2,	585.744,			22.269,			0.099,			0.099,			21.758,			0.099,			0.099
568,	2,	586.176,			22.729,			0.099,			0.099,			22.205,			0.099,			0.099
569,	2,	586.475,			21.995,			0.099,			0.099,			22.536,			0.099,			0.099
570,	2,	588.728,			24.386,			0.099,			0.099,			22.771,			0.099,			0.099
571,	1,	589.392,			1.232,			0.978,			0.978,			1.442,			0.676,			0.623
572,	2,	590.275,			21.664,			0.099,			0.099,			24.024,			0.099,			0.099
573,	2,	590.505,			22.161,			0.099,			0.099,			24.831,			0.099,			0.099
574,	2,	590.518,			21.803,			0.099,			0.099,			22.243,			0.099,			0.1
575,	2,	591.607,			21.677,			0.099,			0.099,			22.259,			0.099,			0.099
576,	2,	592.223,			23.772,			0.099,			0.099,			21.845,			0.099,			0.099
577,	2,	592.673,			22.884,			0.099,			0.099,			24.297,			0.099,			0.099
578,	2,	593.651,			22.53,			0.099,			0.099,			22.035,			0.099,			0.099
579,	2,	593.74,			22.397,			0.099,			0.099,			23.653,			0.099,			0.099
580,	2,	595.693,			23.525,			0.099,			0.099,			23.205,			0.099,			0.099
581,	1,	596.277,			1.323,			1.057,			1.057,			2.069,			0.965,			0.725
582,	2,	596.571,			22.525,			0.099,			0.099,			23.37,			0.099,			0.099
583,	2,	598.055,			22.009,			0.099,			0.099,			23.343,			0.1,			0.099
584,	2,	602.137,			21.373,			0.099,			0.099,			21.996,			0.099,			0.099
585,	2,	602.311,			22.246,			0.099,			0.099,			23.674,			0.099,			0.099
586,	1,	602.882,			1.019,			0.613,			0.613,			1.407,			0.95,			0.884
587,	1,	607.77,			1.25,			1.12,			1.12,			1.214,			1.359,			1.215
588,	1,	609.083,			1.515,			0.923,			0.923,			1.422,			1.135,			1.249
589,	2,	609.293,			21.747,			0.099,			0.099,			24.923,			0.099,			0.099
590,	2,	610.408,			22.517,			0.099,			0.099,			22.018,			0.1,			0.099
591,	1,	610.623,			1.997,			1.224,			1.224,			1.282,			1.142,			0.86
592,	2,	611.667,			22.082,			0.099,			0.099,			22.87,			0.099,			0.099
593,	2,	611.974,			22.508,			0.099,			0.099,			21.692,			0.099,			0.099
594,	2,	614.434,			24.195,			0.099,			0.099,			23.836,			0.099,			0.099
595,	1,	616.893,			0.986,			0.992,			0.992,			1.412,			1.264,			1.216
596,	2,	617.29,			21.953,			0.099,			0.099,			22.151,			0.099,			0.099
597,	2,	617.416,			23.439,			0.099,			0.099,			21.815,			0.099,			0.099
598,	2,	617.865,			22.603,			0.099,			0.099,			24.062,			0.099,			0.099
599,	2,	617.906,			22.221,			0.099,			0.099,			22.827,			0.099,			0.099
600,	2,	618.503,			21.7,			0.099,			0.099,			24.242,			0.099,			0.1
601,	2,	619.513,			21.536,			0.099,			0.099,			21.818,			0.099,			0.099
602,	2,	619.656,			24.802,			0.099,			0.099,			22.209,			0.099,			0.099
603,	1,	620.66,			1.233,			0.884,			0.884,			1.323,			0.894,			0.618
604,	1,	621.093,			1.316,			0.591,			0.591,			1.033,			1.401,			1.282
605,	2,	622.425,			22.32,			0.099,			0.099,			24.534,			0.099,			0.099
606,	2,	629.163,			22.036,			0.099,			0.099,			22.907,			0.099,			0.099
607,	2,	630.594,			22.475,			0.1,			0.1,			23.521,			0.099,			0.099
608,	2,	631.411,			21.99,			0.099,			0.099,			22.259,			0.099,			0.099
609,	2,	632.143,			23.674,			0.099,			0.099,			21.558,			0.1,			0.099
610,	2,	634.939,			21.583,			0.099,			0.099,			23.185,			0.099,			0.099
611,	2,	635.731,			24.729,			0.099,			0.099,			21.876,			0.099,			0.099
612,	2,	636.385,			23.007,			0.099,			0.099,			22.723,			0.099,			0.099
613,	1,	637.252,			1.961,			0.994,			0.994,			2.097,			1.29,			1.143
614,	2,	637.438,			21.823,			0.099,			0.099,			24.073,			0.1,			0.099
615,	1,	638.636,			1.336,			0.861,			0.861,			1.337,			0.623,			1.166
616,	2,	638.795,			22.111,			0.099,			0.099,			22.558,			0.099,			0.099
617,	2,	639.45,			22.8,			0.099,			0.099,			23.662,			0.099,			0.099
618,	2,	639.644,			24.629,			0.099,			0.099,			21.635,			0.099,			0.099
619,	1,	641.68,			2.046,			1.078,			1.078,			1.55,			1.451,			1.128
620,	1,	641.723,			1.298,			0.62,			0.62,			1.351,			0.839,			0.866
621,	2,	643.637,			23.349,			0.099,			0.099,			23.848,			0.099,			0.099
622,	1,	644.153,			1.075,			1.199,			1.199,			1.813,			0.62,			1.191
623,	1,	645.183,			1.802,			1.116,			1.116,			1.128,			0.756,			1.084
624,	2,	645.361,			22.237,			0.099,			0.099,			23.147,			0.099,			0.099
625,	2,	645.373,			24.071,			0.099,			0.099,			23.031,			0.099,			0.099
626,	2,	645.75,			22.414,			0.099,			0.099,			22.417,			0.099,			0.099
627,	2,	645.908,			23.934,			0.099,			0.099,			23.288,			0.099,			0.099
628,	2,	646.466,			23.89,			0.099,			0.099,			23.177,			0.1,			0.099
629,	2,	646.591,			23.512,			0.099,			0.099,			21.888,			0.099,			0.099
630,	2,	648.303,			23.95,			0.099,			0.099,			22.828,			0.099,			0.099
631,	1,	651.971,			0.953,			1.245,			1.245,			1.417,			0.911,			0.746
632,	2,	652.828,			24.248,			0.099,			0.099,			22.155,			0.099,			0.1
633,	2,	653.262,			23.381,			0.099,			0.099,			24.003,			0.099,			0.099
634,	2,	654.985,			21.89,			0.099,			0.099,			21.642,			0.099,			0.099
635,	2,	656.275,			22.243,			0.099,			0.099,			21.774,			0.099,			0.099
636,	2,	658.344,			21.994,			0.099,			0.099,			22.677,			0.099,			0.099
637,	1,	658.538,			1.093,			1.417,			1.417,			1.757,			1.115,			0.841
638,	1,	661.106,			1.232,			0.621,			0.621,			0.943,			1.005,			0.613
639,	2,	661.183,			22.015,			0.099,			0.099,			23.796,			0.099,			0.1
640,	2,	661.291,			22.828,			0.099,			0.099,			21.902,			0.099,			0.099
641,	2,	662.24,			21.546,			0.099,			0.099,			21.504,			0.099,			0.099
642,	2,	665.386,			21.387,			0.099,			0.099,			23.882,			0.099,			0.099
643,	1,	667.611,			1.926,			0.898,			0.898,			1.987,			1.346,			0.947
644,	2,	668.098,			22.945,			0.099,			0.099,			23.84,			0.099,			0.099
645,	2,	668.232,			24.195,			0.099,			0.099,			21.373,			0.099,			0.099
646,	2,	669.129,			21.835,			0.099,			0.099,			23.946,			0.099,			0.099
647,	2,	670.845,			23.139,			0.099,			0.099,			21.758,			0.099,			0.099
648,	2,	672.398,			21.837,			0.099,			0.099,			24.934,			0.099,			0.099
649,	2,	674.354,			23.811,			0.099,			0.099,			24.9,			0.099,			0.099
650,	2,	675.089,			23.72,			0.099,			0.099,			21.895,			0.099,			0.099
651,	1,	676.048,			1.344,			1.49,			1.49,			1.864,			0.621,			1.329
652,	2,	676.362,			23.039,			0.099,			0.099,			22.072,			0.099,			0.1
653,	2,	677.349,			21.943,			0.099,			0.099,			22.813,			0.099,			0.099
654,	2,	677.627,			22.421,			0.099,			0.099,			22.585,			0.099,			0.099
655,	2,	677.741,			23.295,			0.099,			0.099,			23.534,			0.099,			0.099
656,	2,	679.173,			22.036,			0.1,			0.1,			21.557,			0.099,			0.099
657,	2,	680.498,			23.648,			0.099,			0.099,			22.673,			0.099,			0.099
658,	2,	684.472,			22.296,			0.099,			0.099,			24.701,			0.1,			0.099
659,	2,	685.32,			22.242,			0.099,			0.099,			21.6,			0.099,			0.099
660,	2,	686.399,			21.46,			0.099,			0.099,			24.718,			0.099,			0.099
661,	2,	686.972,			21.841,			0.099,			0.099,			22.033,			0.1,			0.099
662,	2,	687.575,			23.137,			0.099,			0.099,			21.902,			0.099,			0.099
663,	2,	689.323,			21.752,			0.099,			0.099,			24.468,			0.099,			0.1
664,	2,	689.694,			21.61,			0.099,			0.099,			24.401,			0.099,			0.099
665,	2,	689.893,			22.695,			0.099,			0.099,			23.128,			0.099,			0.099
666,	2,	696.335,			25.241,			0.099,			0.099,			21.895,			0.099,			0.099
667,	1,	698.042,			2.103,			1.115,			1.115,			1.305,			0.958,			0.919
668,	2,	699.693,			22.233,			0.099,			0.099,			21.776,			0.099,			0.099
669,	1,	700.454,			1.468,			0.929,			0.929,			1.885,			0.627,			1.178
670,	1,	700.605,			1.249,			0.884,			0.884,			1.244,			0.611,			0.895
671,	2,	704.034,			23.313,			0.099,			0.099,			22.414,			0.099,			0.099
672,	2,	704.043,			22.859,			0.1,			0.1,			23.526,			0.099,			0.099
673,	2,	704.84,			24.152,			0.099,			0.099,			21.794,			0.099,			0.099
674,	2,	705.863,			21.597,			0.099,			0.099,			23.555,			0.099,			0.099
675,	2,	707.115,			21.939,			0.099,			0.099,			21.722,			0.099,			0.1
676,	2,	707.381,			21.459,			0.099,			0.099,			22.72,			0.099,			0.099
677,	1,	715.151,			0.956,			0.86,			0.86,			1.784,			1.134,			1.555
678,	2,	715.98,			23.335,			0.099,			0.099,			23.047,			0.099,			0.1
679,	2,	717.436,			23.181,			0.1,			0.1,			23.642,			0.099,			0.099
680,	2,	718.499,			23.044,			0.099,			0.099,			22.105,			0.099,			0.1
681,	1,	719.708,			1.096,			0.93,			0.93,			2.103,			0.681,			0.957
682,	2,	720.383,			23.859,			0.099,			0.099,			21.928,			0.099,			0.099
683,	2,	723.182,			23.95,			0.099,			0.099,			23.35,			0.099,			0.1
684,	2,	723.79,			24.112,			0.099,			0.099,			21.758,			0.099,			0.099
685,	2,	723.879,			25.089,			0.099,			0.099,			22.156,			0.099,			0.099
686,	2,	724.439,			21.559,			0.1,			0.1,			21.635,			0.099,			0.099
687,	2,	725.942,			21.818,			0.099,			0.099,			23.859,			0.099,			0.099
688,	2,	726.167,			23.463,			0.099,			0.099,			23.226,			0.099,			0.099
689,	2,	726.706,			23.64,			0.099,			0.099,			24.586,			0.099,			0.099
690,	2,	727.759,			22.841,			0.099,			0.099,			24.187,			0.099,			0.099
691,	2,	728.948,			23.887,			0.099,			0.099,			22.701,			0.1,			0.099
692,	2,	729.122,			24.257,			0.099,			0.099,			24.521,			0.099,			0.1
693,	2,	734.358,			21.991,			0.099,			0.099,			23.05,			0.099,			0.099
694,	2,	734.434,			22.25,			0.099,			0.099,			22.143,			0.099,			0.099
695,	2,	737.487,			24.369,			0.1,			0.1,			23.246,			0.099,			0.099
696,	2,	737.81,			24.047,			0.099,			0.099,			21.794,			0.099,			0.099
697,	2,	738.402,			25.022,			0.099,			0.099,			24.55,			0.099,			0.099
698,	2,	738.573,			21.803,			0.099,			0.099,			21.83,			0.099,			0.099
699,	2,	744.375,			21.531,			0.099,			0.099,			23.734,			0.099,			0.1
700,	2,	745.754,			23.494,			0.099,			0.099,			21.652,			0.099,			0.099
701,	2,	746.192,			24.312,			0.099,			0.099,			23.589,			0.099,			0.099
702,	2,	746.193,			23.212,			0.099,			0.099,			22.088,			0.099,			0.099
703,	2,	748.046,			24.716,			0.099,			0.099,			23.282,			0.1,			0.099
704,	2,	750.446,			22.981,			0.099,			0.099,			23.749,			0.099,			0.099
705,	2,	750.787,			25.178,			0.1,			0.1,			22.864,			0.099,			0.1
706,	2,	752.614,			21.552,			0.1,			0.1,			22.82,			0.099,			0.099
707,	2,	755.227,			23.809,			0.099,			0.099,			22.834,			0.099,			0.099
708,	2,	756.338,			24.486,			0.099,			0.099,			21.664,			0.099,			0.099
709,	2,	756.723,			23.937,			0.099,			0.099,			22.003,			0.099,			0.099
710,	2,	756.998,			24.21,			0.099,			0.099,			22.673,			0.099,			0.099
711,	1,	757.476,			1.41,			0.845,			0.845,			1.344,			0.865,			1.057
712,	2,	759.192,			22.027,			0.1,			0.1,			22.536,			0.1,			0.099
713,	2,	759.772,			23.619,			0.099,			0.099,			24.87,			0.099,			0.099
714,	2,	761.812,			21.857,			0.099,			0.099,			24.281,			0.099,			0.099
715,	2,	764.715,			21.841,			0.1,			0.1,			23.071,			0.099,			0.099
716,	2,	764.736,			22.171,			0.1,			0.1,			21.968,			0.099,			0.099
717,	2,	769.349,			21.778,			0.099,			0.099,			21.885,			0.099,			0.1
718,	2,	771.193,			22.516,			0.099,			0.099,			21.631,			0.1,			0.099
719,	2,	771.271,			22.673,			0.099,			0.099,			22.848,			0.099,			0.099
720,	2,	773.684,			22.134,			0.099,			0.099,			24.855,			0.099,			0.099
721,	2,	774.436,			25.197,			0.099,			0.099,			21.641,			0.099,			0.099
722,	2,	775.146,			24.37,			0.1,			0.1,			24.616,			0.099,			0.099
723,	2,	778.654,			21.738,			0.099,			0.099,			24.144,			0.099,			0.099
724,	2,	778.839,			22.068,			0.099,			0.099,			24.003,			0.099,			0.099
725,	2,	781.95,			23.547,			0.1,			0.1,			22.648,			0.099,			0.099
726,	2,	782.937,			23.234,			0.099,			0.099,			21.737,			0.1,			0.099
727,	2,	782.954,			22.429,			0.099,			0.099,			23.047,			0.099,			0.099
728,	2,	783.295,			22.033,			0.099,			0.099,			21.962,			0.099,			0.099
729,	2,	784.411,			23.548,			0.099,			0.099,			23.718,			0.099,			0.099
730,	2,	791.91,			23.765,			0.099,			0.099,			22.165,			0.099,			0.099
731,	1,	792.408,			1.433,			1.237,			1.237,			1.219,			1.088,			0.922
732,	2,	794.213,			23.559,			0.099,			0.099,			21.514,			0.1,			0.099
733,	2,	797.072,			23.66,			0.1,			0.1,			22.661,			0.099,			0.099
734,	2,	804.336,			21.52,			0.1,			0.1,			22.084,			0.099,			0.099
735,	2,	806.972,			21.571,			0.099,			0.099,			22.186,			0.099,			0.099
736,	1,	806.977,			2.374,			0.919,			0.919,			1.536,			0.621,			1.203
737,	2,	807.614,			23.381,			0.099,			0.099,			21.895,			0.099,			0.099
738,	1,	807.729,			2.312,			0.872,			0.872,			1.487,			0.866,			0.899
739,	2,	809.436,			22.229,			0.099,			0.099,			22.894,			0.099,			0.099
740,	2,	811.658,			24.274,			0.099,			0.099,			21.934,			0.099,			0.099
741,	2,	812.181,			23.219,			0.099,			0.099,			23.175,			0.099,			0.099
742,	2,	814.002,			23.463,			0.1,			0.1,			24.096,			0.099,			0.099
743,	3,	814.526,			4.389,			1.217,			1.217,			7.706,			0.935,			1.01
744,	2,	815.326,			22.757,			0.099,			0.099,			21.565,			0.099,			0.1
745,	2,	815.652,			22.421,			0.099,			0.099,			24.113,			0.099,			0.099
746,	2,	816.581,			24.475,			0.099,			0.099,			21.486,			0.099,			0.099
747,	2,	818.339,			22.51,			0.099,			0.099,			21.417,			0.099,			0.099
748,	2,	818.957,			21.888,			0.099,			0.099,			21.665,			0.099,			0.099
749,	2,	820.257,			23.165,			0.099,			0.099,			22.281,			0.1,			0.099
750,	2,	821.037,			21.391,			0.099,			0.099,			22.326,			0.099,			0.099
751,	2,	822.068,			23.288,			0.099,			0.099,			21.995,			0.099,			0.099
752,	2,	823.84,			24.613,			0.099,			0.099,			22.447,			0.099,			0.099
753,	2,	824.577,			23.926,			0.099,			0.099,			24.112,			0.099,			0.099
754,	2,	824.663,			24.102,			0.099,			0.099,			25.157,			0.1,			0.099
755,	2,	824.696,			22.738,			0.1,			0.1,			21.765,			0.099,			0.099
756,	2,	826.53,			22.988,			0.099,			0.099,			21.782,			0.099,			0.1
757,	2,	827.43,			22.162,			0.099,			0.099,			21.555,			0.099,			0.099
758,	2,	827.829,			21.774,			0.099,			0.099,			22.741,			0.099,			0.099
759,	2,	827.952,			24.567,			0.099,			0.099,			23.132,			0.099,			0.099
760,	2,	829.036,			21.628,			0.099,			0.099,			22.3,			0.099,			0.099
761,	2,	830.423,			21.373,			0.099,			0.099,			24.445,			0.099,			0.099
762,	2,	831.973,			22.089,			0.099,			0.099,			22.291,			0.099,			0.099
763,	2,	833.562,			21.708,			0.099,			0.099,			24.74,			0.099,			0.099
764,	2,	835.079,			21.939,			0.1,			0.1,			21.902,			0.099,			0.099
765,	2,	835.916,			24.102,			0.099,			0.099,			24.025,			0.099,			0.099
766,	2,	839.731,			21.854,			0.099,			0.099,			21.548,			0.099,			0.099
767,	2,	841.476,			22.887,			0.099,			0.099,			24.574,			0.099,			0.099
768,	2,	841.956,			22.252,			0.099,			0.099,			22.659,			0.1,			0.099
769,	2,	842.491,			24.346,			0.099,			0.099,			21.506,			0.099,			0.099
770,	2,	843.63,			24.194,			0.099,			0.099,			24.401,			0.099,			0.099
771,	2,	845.7,			23.996,			0.099,			0.099,			22.151,			0.099,			0.099
772,	2,	848.259,			21.41,			0.099,			0.099,			21.787,			0.099,			0.099
773,	2,	851.258,			21.82,			0.099,			0.099,			24.811,			0.099,			0.099
774,	2,	853.259,			22.089,			0.099,			0.099,			22.22,			0.1,			0.099
775,	3,	854.573,			4.852,			1.562,			1.562,			1.602,			1.454,			2.78
776,	2,	855.554,			21.875,			0.099,			0.099,			22.985,			0.099,			0.099
777,	2,	855.726,			23.798,			0.099,			0.099,			22.157,			0.1,			0.099
778,	3,	856.316,			9.861,			2.4,			2.4,			12.982,			1.927,			3.138
779,	2,	861.904,			23.917,			0.1,			0.1,			21.847,			0.099,			0.099
780,	2,	863.155,			21.747,			0.099,			0.099,			23.498,			0.099,			0.099
781,	2,	864.436,			22.919,			0.099,			0.099,			24.361,			0.099,			0.099
782,	2,	865.227,			22.764,			0.099,			0.099,			22.585,			0.1,			0.099
783,	2,	865.681,			21.548,			0.099,			0.099,			23.797,			0.099,			0.099
784,	2,	866.088,			21.761,			0.099,			0.099,			23.474,			0.099,			0.099
785,	2,	870.906,			21.833,			0.099,			0.099,			22.006,			0.099,			0.099
786,	2,	871.799,			23.043,			0.099,			0.099,			24.744,			0.099,			0.099
787,	2,	872.721,			23.839,			0.099,			0.099,			21.768,			0.099,			0.099
788,	2,	873.4,			23.086,			0.099,			0.099,			22.882,			0.1,			0.099
789,	2,	874.16,			22.795,			0.099,			0.099,			24.33,			0.099,			0.1
790,	2,	875.376,			22.291,			0.099,			0.099,			21.951,			0.099,			0.099
791,	2,	875.514,			21.807,			0.1,			0.1,			23.303,			0.099,			0.099
792,	2,	879.215,			21.576,			0.099,			0.099,			23.684,			0.099,			0.099
793,	2,	880.265,			23.589,			0.099,			0.099,			21.765,			0.099,			0.099
794,	2,	880.728,			22.072,			0.099,			0.099,			22.748,			0.099,			0.099
795,	2,	882.007,			21.866,			0.099,			0.099,			24.761,			0.099,			0.099
796,	2,	884.528,			23.188,			0.099,			0.099,			23.861,			0.099,			0.099
797,	2,	892.206,			21.73,			0.099,			0.099,			22.493,			0.099,			0.099
798,	2,	893.693,			22.668,			0.1,			0.1,			24.294,			0.099,			0.099
799,	2,	898.088,			23.345,			0.099,			0.099,			22.037,			0.099,			0.1
800,	2,	899.117,			21.818,			0.099,			0.099,			23.733,			0.1,			0.099
