#, task_type_id, arrival_time,	estimated_time_t2xlarge,	estimated_time_g3sxlarge,	estimated_time_CLOUD,	execution_time_t2xlarge,	execution_time_g3sxlarge,	execution_time_CLOUD
1,	2,	0.0,			23.892,			0.099,			0.099,			23.122,			0.099,			0.099
2,	2,	0.0,			22.404,			0.099,			0.099,			21.394,			0.1,			0.099
3,	1,	42.176,			1.091,			0.925,			0.925,			1.058,			0.828,			1.449
4,	2,	52.236,			22.375,			0.099,			0.099,			21.877,			0.1,			0.099
5,	1,	56.647,			1.797,			0.613,			0.613,			1.737,			0.917,			1.178
6,	1,	74.716,			2.069,			0.788,			0.788,			1.422,			1.249,			0.79
7,	1,	78.32,			2.374,			0.919,			0.919,			1.239,			0.63,			0.861
8,	1,	89.672,			1.814,			1.449,			1.449,			1.258,			1.123,			1.431
9,	2,	89.878,			22.655,			0.099,			0.099,			24.182,			0.099,			0.099
10,	2,	106.333,			23.859,			0.099,			0.099,			23.504,			0.099,			0.099
11,	2,	107.63,			22.495,			0.099,			0.099,			22.143,			0.099,			0.099
12,	3,	125.145,			6.447,			0.73,			0.73,			3.038,			0.657,			0.959
13,	3,	127.439,			8.062,			0.877,			0.877,			3.121,			0.727,			1.414
14,	3,	130.084,			10.601,			1.333,			1.333,			5.302,			0.981,			1.692
15,	3,	130.151,			5.607,			1.194,			1.194,			2.838,			0.982,			3.142
16,	3,	131.894,			2.457,			2.064,			2.064,			2.808,			0.844,			3.012
17,	2,	132.417,			23.574,			0.099,			0.099,			23.556,			0.1,			0.099
18,	1,	138.896,			2.015,			0.968,			0.968,			1.294,			1.332,			1.144
19,	1,	145.815,			1.283,			0.903,			0.903,			1.04,			0.717,			0.866
20,	1,	147.171,			1.757,			0.935,			0.935,			1.501,			0.914,			0.91
21,	1,	151.051,			1.424,			1.335,			1.335,			1.297,			0.896,			0.827
22,	2,	153.394,			21.558,			0.099,			0.099,			24.87,			0.099,			0.099
23,	1,	160.69,			0.981,			1.182,			1.182,			1.065,			1.151,			0.655
24,	1,	164.96,			1.456,			0.875,			0.875,			1.801,			0.832,			1.244
25,	2,	165.496,			23.275,			0.099,			0.099,			22.388,			0.099,			0.099
26,	2,	170.55,			21.821,			0.099,			0.099,			22.653,			0.099,			0.099
27,	2,	171.365,			22.077,			0.1,			0.1,			22.56,			0.1,			0.099
28,	1,	182.405,			1.035,			0.612,			0.612,			1.058,			0.849,			1.109
29,	1,	196.018,			1.802,			0.898,			0.898,			1.414,			0.929,			0.632
30,	1,	196.189,			1.2,			1.228,			1.228,			1.261,			0.742,			1.49
31,	1,	196.45,			1.764,			0.676,			0.676,			1.486,			1.203,			0.92
32,	2,	198.209,			22.538,			0.1,			0.1,			21.471,			0.099,			0.099
33,	1,	199.037,			1.767,			1.444,			1.444,			1.428,			1.157,			0.84
34,	1,	200.804,			1.185,			1.191,			1.191,			2.193,			0.876,			1.437
35,	2,	201.123,			25.172,			0.1,			0.1,			23.027,			0.099,			0.099
36,	1,	213.228,			1.42,			1.255,			1.255,			1.78,			0.845,			1.161
37,	1,	221.064,			1.032,			1.242,			1.242,			1.196,			0.646,			0.942
38,	2,	224.376,			22.827,			0.099,			0.099,			22.291,			0.099,			0.099
39,	2,	227.991,			21.771,			0.099,			0.099,			21.557,			0.099,			0.1
40,	2,	228.288,			22.729,			0.099,			0.099,			21.727,			0.099,			0.099
41,	1,	229.333,			1.237,			1.441,			1.441,			2.261,			1.26,			0.831
42,	1,	230.338,			1.751,			0.92,			0.92,			1.429,			1.44,			1.213
43,	1,	230.741,			1.242,			0.776,			0.776,			1.417,			0.882,			0.621
44,	2,	236.049,			21.689,			0.099,			0.099,			24.019,			0.099,			0.099
45,	2,	237.388,			23.061,			0.099,			0.099,			23.63,			0.1,			0.099
46,	1,	237.588,			1.415,			1.088,			1.088,			1.487,			0.611,			1.231
47,	2,	240.663,			22.371,			0.099,			0.099,			22.411,			0.099,			0.099
48,	2,	242.56,			22.417,			0.099,			0.099,			21.681,			0.1,			0.099
49,	2,	242.599,			21.436,			0.099,			0.099,			23.357,			0.099,			0.099
50,	2,	249.357,			22.222,			0.099,			0.099,			22.262,			0.099,			0.099
51,	1,	251.041,			1.315,			1.213,			1.213,			1.438,			1.213,			0.929
52,	2,	252.299,			21.662,			0.099,			0.099,			22.006,			0.099,			0.099
53,	1,	252.496,			1.093,			0.876,			0.876,			1.263,			0.592,			1.451
54,	1,	253.1,			1.32,			1.219,			1.219,			1.321,			1.213,			0.865
55,	1,	253.748,			1.774,			0.779,			0.779,			1.021,			0.923,			1.228
56,	1,	253.779,			1.253,			0.613,			0.613,			1.005,			1.214,			1.483
57,	2,	256.795,			22.262,			0.1,			0.1,			22.94,			0.099,			0.099
58,	1,	257.693,			1.543,			0.954,			0.954,			1.205,			0.879,			0.953
59,	2,	258.012,			23.295,			0.099,			0.099,			22.933,			0.099,			0.1
60,	2,	261.179,			23.2,			0.099,			0.099,			22.624,			0.099,			0.099
61,	2,	261.309,			21.804,			0.099,			0.099,			21.884,			0.099,			0.099
62,	1,	261.889,			1.073,			1.124,			1.124,			1.232,			1.434,			0.971
63,	2,	263.045,			25.108,			0.099,			0.099,			22.201,			0.099,			0.1
64,	2,	264.237,			23.043,			0.099,			0.099,			23.046,			0.099,			0.099
65,	2,	264.798,			21.941,			0.099,			0.099,			23.226,			0.099,			0.099
66,	2,	266.938,			21.835,			0.099,			0.099,			21.492,			0.099,			0.099
67,	2,	267.308,			23.468,			0.099,			0.099,			23.139,			0.099,			0.099
68,	1,	269.122,			2.162,			0.879,			0.879,			2.261,			1.215,			0.742
69,	2,	270.039,			25.013,			0.099,			0.099,			23.016,			0.099,			0.099
70,	2,	273.801,			24.171,			0.099,			0.099,			22.32,			0.099,			0.099
71,	1,	274.169,			1.232,			1.441,			1.441,			1.308,			0.614,			0.994
72,	2,	274.592,			23.519,			0.099,			0.099,			23.793,			0.099,			0.099
73,	2,	275.277,			23.016,			0.099,			0.099,			23.97,			0.099,			0.099
74,	1,	275.999,			1.14,			0.913,			0.913,			2.028,			1.183,			0.944
75,	1,	276.039,			2.007,			0.794,			0.794,			1.907,			0.887,			0.933
76,	2,	276.183,			23.199,			0.099,			0.099,			21.687,			0.1,			0.099
77,	1,	276.938,			1.211,			0.884,			0.884,			1.259,			0.946,			1.203
78,	3,	277.08,			2.304,			1.414,			1.414,			3.21,			0.625,			1.9
79,	3,	277.318,			3.929,			0.837,			0.837,			1.408,			1.494,			1.348
80,	3,	277.899,			12.818,			1.031,			1.031,			4.174,			0.748,			2.444
81,	3,	278.121,			3.074,			3.25,			3.25,			2.313,			3.488,			2.221
82,	3,	278.185,			12.424,			3.203,			3.203,			2.289,			0.827,			0.846
83,	3,	278.206,			4.882,			0.672,			0.672,			4.882,			0.737,			1.484
84,	2,	278.226,			22.818,			0.099,			0.099,			24.395,			0.1,			0.099
85,	3,	278.753,			1.603,			2.247,			2.247,			7.588,			1.709,			2.199
86,	3,	278.852,			9.082,			0.909,			0.909,			13.378,			1.694,			1.0
87,	2,	279.132,			23.805,			0.099,			0.099,			21.528,			0.099,			0.099
88,	3,	279.202,			4.516,			0.819,			0.819,			6.126,			1.001,			1.336
89,	3,	279.384,			7.39,			0.553,			0.553,			4.378,			1.872,			1.426
90,	3,	280.138,			10.532,			2.014,			2.014,			5.062,			1.275,			1.548
91,	3,	280.195,			4.811,			1.062,			1.062,			6.932,			1.296,			1.58
92,	3,	280.366,			2.064,			1.663,			1.663,			11.821,			0.968,			2.236
93,	2,	280.636,			24.761,			0.099,			0.099,			23.212,			0.099,			0.099
94,	3,	280.662,			8.781,			1.072,			1.072,			5.064,			0.992,			1.723
95,	3,	280.678,			8.71,			1.69,			1.69,			5.338,			3.162,			0.701
96,	1,	280.783,			1.751,			0.898,			0.898,			1.99,			0.896,			0.904
97,	3,	281.204,			1.911,			1.428,			1.428,			4.825,			0.685,			1.243
98,	3,	281.495,			3.485,			2.854,			2.854,			10.478,			1.706,			0.611
99,	3,	281.73,			2.199,			1.275,			1.275,			11.765,			1.535,			1.867
100,	2,	281.754,			22.424,			0.099,			0.099,			21.937,			0.099,			0.099
101,	2,	281.796,			24.374,			0.099,			0.099,			21.528,			0.099,			0.099
102,	2,	281.929,			22.814,			0.099,			0.099,			22.405,			0.099,			0.099
103,	3,	282.337,			3.966,			1.857,			1.857,			9.643,			0.669,			0.607
104,	3,	282.402,			4.811,			3.142,			3.142,			3.381,			0.853,			1.934
105,	3,	282.701,			3.984,			1.169,			1.169,			2.747,			2.96,			1.849
106,	3,	283.7,			3.185,			3.279,			3.279,			6.553,			0.946,			1.728
107,	3,	284.209,			7.46,			1.26,			1.26,			3.074,			0.73,			2.006
108,	3,	284.562,			6.15,			1.934,			1.934,			8.781,			1.447,			0.629
109,	3,	284.626,			6.309,			1.154,			1.154,			7.507,			2.0,			3.051
110,	3,	285.224,			8.69,			1.162,			1.162,			3.791,			0.873,			0.674
111,	3,	285.503,			3.134,			0.767,			0.767,			2.779,			1.991,			0.799
112,	1,	285.75,			2.279,			0.922,			0.922,			1.437,			1.078,			1.44
113,	1,	286.472,			1.417,			1.082,			1.082,			2.252,			0.92,			0.951
114,	1,	287.385,			2.116,			0.994,			0.994,			1.294,			1.005,			0.839
115,	1,	288.66,			1.297,			1.29,			1.29,			0.985,			1.335,			1.1
116,	1,	289.099,			2.176,			1.244,			1.244,			1.418,			1.396,			0.63
117,	2,	289.411,			22.183,			0.099,			0.099,			22.179,			0.099,			0.099
118,	2,	291.56,			22.326,			0.099,			0.099,			22.198,			0.099,			0.099
119,	1,	292.374,			1.29,			0.673,			0.673,			1.102,			1.246,			0.632
120,	1,	293.711,			1.259,			1.215,			1.215,			1.925,			0.876,			0.872
121,	1,	293.973,			1.232,			1.189,			1.189,			1.757,			1.329,			1.228
122,	2,	296.099,			24.364,			0.099,			0.099,			21.968,			0.099,			0.099
123,	2,	301.355,			22.09,			0.099,			0.099,			23.308,			0.099,			0.099
124,	1,	302.402,			1.032,			0.873,			0.873,			1.442,			1.248,			0.919
125,	2,	304.116,			22.94,			0.099,			0.099,			22.364,			0.099,			0.099
126,	1,	305.665,			1.255,			0.617,			0.617,			1.941,			0.624,			0.928
127,	1,	305.754,			1.201,			0.611,			0.611,			1.297,			1.178,			1.25
128,	2,	308.303,			24.169,			0.099,			0.099,			22.232,			0.099,			0.099
129,	2,	309.867,			22.659,			0.1,			0.1,			21.727,			0.099,			0.099
130,	2,	311.546,			21.771,			0.099,			0.099,			21.902,			0.099,			0.099
131,	2,	313.027,			21.55,			0.099,			0.099,			23.5,			0.099,			0.099
132,	2,	313.786,			22.751,			0.099,			0.099,			23.055,			0.099,			0.099
133,	2,	314.483,			21.728,			0.099,			0.099,			23.071,			0.099,			0.099
134,	1,	315.691,			2.024,			1.323,			1.323,			1.429,			0.976,			1.4
135,	2,	317.688,			24.532,			0.099,			0.099,			22.927,			0.1,			0.099
136,	1,	318.185,			1.456,			0.812,			0.812,			1.336,			0.892,			0.764
137,	2,	318.416,			23.805,			0.099,			0.099,			22.113,			0.099,			0.099
138,	2,	318.967,			24.648,			0.099,			0.099,			23.804,			0.099,			0.099
139,	2,	319.381,			22.998,			0.099,			0.099,			23.4,			0.099,			0.099
140,	2,	320.312,			23.774,			0.099,			0.099,			21.819,			0.099,			0.099
141,	1,	322.065,			1.275,			0.879,			0.879,			1.295,			1.227,			0.897
142,	2,	322.852,			23.307,			0.1,			0.1,			23.128,			0.1,			0.099
143,	1,	323.213,			2.47,			0.607,			0.607,			1.26,			1.444,			0.655
144,	2,	323.815,			21.476,			0.1,			0.1,			21.761,			0.1,			0.099
145,	1,	324.207,			1.304,			1.377,			1.377,			1.21,			0.872,			0.874
146,	2,	324.472,			23.564,			0.099,			0.099,			23.341,			0.099,			0.1
147,	1,	325.127,			1.294,			1.231,			1.231,			1.967,			0.865,			0.869
148,	1,	326.2,			2.146,			0.928,			0.928,			1.199,			0.91,			1.189
149,	1,	326.711,			1.291,			1.128,			1.128,			1.278,			0.898,			1.268
150,	2,	327.886,			23.613,			0.099,			0.099,			23.772,			0.099,			0.1
151,	2,	329.066,			23.14,			0.099,			0.099,			23.006,			0.099,			0.099
152,	1,	332.135,			1.412,			1.332,			1.332,			1.225,			1.12,			0.681
153,	1,	333.495,			1.025,			1.401,			1.401,			1.111,			0.908,			1.161
154,	2,	337.397,			22.477,			0.099,			0.099,			22.063,			0.099,			0.099
155,	1,	338.649,			1.214,			1.119,			1.119,			1.216,			1.444,			0.788
156,	1,	338.869,			2.025,			1.271,			1.271,			2.155,			1.233,			0.876
157,	1,	339.049,			1.213,			1.231,			1.231,			1.201,			1.084,			1.148
158,	2,	339.591,			21.814,			0.099,			0.099,			23.512,			0.099,			0.099
159,	1,	340.05,			2.144,			1.124,			1.124,			1.007,			0.856,			0.884
160,	1,	340.083,			1.751,			0.613,			0.613,			2.159,			0.884,			0.824
161,	2,	343.188,			23.983,			0.099,			0.099,			23.584,			0.099,			0.099
162,	2,	343.672,			25.107,			0.099,			0.099,			23.713,			0.099,			0.099
163,	1,	344.504,			1.223,			1.249,			1.249,			1.263,			1.144,			1.394
164,	2,	344.736,			24.499,			0.099,			0.099,			22.261,			0.099,			0.099
165,	2,	345.736,			22.487,			0.099,			0.099,			21.78,			0.099,			0.099
166,	1,	345.887,			1.293,			1.394,			1.394,			1.224,			0.897,			0.875
167,	2,	347.172,			24.421,			0.099,			0.099,			23.071,			0.099,			0.099
168,	1,	349.364,			1.058,			1.117,			1.117,			1.111,			0.753,			1.044
169,	2,	351.432,			23.983,			0.1,			0.1,			22.806,			0.099,			0.099
170,	1,	351.795,			2.016,			0.797,			0.797,			1.921,			0.752,			0.844
171,	2,	351.911,			21.998,			0.1,			0.1,			22.812,			0.099,			0.099
172,	1,	351.975,			1.232,			1.323,			1.323,			1.435,			1.128,			1.264
173,	2,	352.985,			22.111,			0.099,			0.099,			22.932,			0.1,			0.099
174,	1,	353.437,			1.197,			1.597,			1.597,			2.122,			0.932,			1.115
175,	1,	356.686,			2.123,			0.919,			0.919,			1.511,			1.11,			1.449
176,	1,	362.404,			1.442,			0.908,			0.908,			1.024,			1.184,			0.788
177,	2,	365.393,			23.068,			0.099,			0.099,			22.298,			0.099,			0.1
178,	2,	366.76,			21.832,			0.099,			0.099,			21.601,			0.099,			0.099
179,	2,	367.112,			22.832,			0.099,			0.099,			21.52,			0.099,			0.099
180,	1,	368.061,			1.262,			1.109,			1.109,			1.501,			0.913,			1.244
181,	1,	369.805,			1.959,			1.258,			1.258,			1.18,			0.874,			0.957
182,	1,	370.516,			1.5,			1.261,			1.261,			2.114,			1.115,			1.555
183,	1,	370.685,			1.223,			0.951,			0.951,			1.925,			1.144,			0.867
184,	2,	370.745,			21.89,			0.099,			0.099,			22.538,			0.099,			0.099
185,	2,	371.687,			22.096,			0.099,			0.099,			22.625,			0.099,			0.1
186,	2,	372.258,			23.589,			0.099,			0.099,			24.37,			0.099,			0.099
187,	2,	374.7,			24.154,			0.099,			0.099,			23.416,			0.099,			0.099
188,	1,	375.206,			2.126,			0.677,			0.677,			1.351,			1.4,			0.804
189,	1,	375.312,			1.967,			0.96,			0.96,			1.304,			0.912,			0.62
190,	2,	377.749,			22.263,			0.099,			0.099,			23.832,			0.1,			0.099
191,	1,	378.345,			1.803,			0.91,			0.91,			1.3,			1.618,			1.244
192,	2,	382.846,			21.659,			0.099,			0.099,			23.741,			0.099,			0.099
193,	1,	383.381,			1.172,			0.926,			0.926,			2.126,			0.972,			0.86
194,	2,	383.458,			23.519,			0.099,			0.099,			22.981,			0.099,			0.099
195,	1,	387.538,			1.778,			1.441,			1.441,			1.791,			0.873,			0.787
196,	2,	388.098,			22.053,			0.099,			0.099,			22.996,			0.1,			0.099
197,	2,	388.902,			21.606,			0.099,			0.099,			21.883,			0.099,			0.099
198,	2,	389.713,			23.084,			0.099,			0.099,			22.261,			0.099,			0.099
199,	1,	390.027,			1.259,			1.389,			1.389,			1.255,			0.946,			1.107
200,	1,	390.241,			1.401,			0.883,			0.883,			1.308,			1.241,			1.238
201,	2,	390.722,			21.803,			0.099,			0.099,			21.66,			0.099,			0.099
202,	1,	391.551,			1.499,			1.129,			1.129,			1.407,			0.784,			0.629
203,	2,	393.228,			22.741,			0.099,			0.099,			24.598,			0.099,			0.099
204,	1,	395.478,			1.795,			1.215,			1.215,			1.24,			1.377,			0.629
205,	2,	401.13,			23.685,			0.099,			0.099,			22.073,			0.1,			0.099
206,	2,	401.542,			23.547,			0.099,			0.099,			22.648,			0.1,			0.099
207,	2,	401.768,			24.003,			0.099,			0.099,			21.977,			0.099,			0.1
208,	2,	403.504,			21.911,			0.099,			0.099,			22.74,			0.099,			0.099
209,	2,	405.429,			24.412,			0.099,			0.099,			22.978,			0.099,			0.099
210,	1,	406.725,			1.812,			0.824,			0.824,			2.149,			1.1,			0.764
211,	2,	407.103,			22.009,			0.099,			0.099,			21.768,			0.099,			0.1
212,	2,	408.792,			22.931,			0.099,			0.099,			21.691,			0.099,			0.099
213,	2,	409.349,			21.558,			0.099,			0.099,			24.038,			0.099,			0.099
214,	2,	410.444,			21.955,			0.099,			0.099,			23.77,			0.099,			0.099
215,	2,	410.654,			22.145,			0.099,			0.099,			22.185,			0.099,			0.099
216,	2,	411.157,			22.521,			0.099,			0.099,			22.397,			0.099,			0.099
217,	2,	412.26,			22.081,			0.099,			0.099,			22.424,			0.099,			0.099
218,	2,	414.992,			22.575,			0.1,			0.1,			22.328,			0.099,			0.099
219,	1,	415.17,			1.476,			0.91,			0.91,			1.536,			0.864,			1.439
220,	2,	415.193,			21.577,			0.099,			0.099,			21.876,			0.099,			0.099
221,	1,	416.123,			1.461,			0.903,			0.903,			1.766,			0.935,			0.837
222,	2,	416.391,			23.597,			0.099,			0.099,			24.32,			0.099,			0.099
223,	2,	418.277,			23.523,			0.099,			0.099,			21.744,			0.099,			0.099
224,	2,	418.303,			21.835,			0.1,			0.1,			24.33,			0.099,			0.099
225,	1,	419.03,			1.469,			0.626,			0.626,			1.439,			0.942,			1.249
226,	1,	419.187,			0.943,			0.873,			0.873,			2.023,			0.998,			0.676
227,	1,	420.814,			1.747,			0.617,			0.617,			1.932,			1.337,			1.117
228,	1,	421.26,			1.3,			0.841,			0.841,			1.486,			0.92,			0.903
229,	1,	421.622,			1.448,			1.244,			1.244,			2.145,			1.08,			0.998
230,	1,	421.662,			2.119,			0.613,			0.613,			1.105,			0.945,			1.549
231,	2,	422.19,			23.22,			0.099,			0.099,			22.764,			0.1,			0.099
232,	2,	422.371,			23.827,			0.099,			0.099,			21.686,			0.099,			0.099
233,	2,	422.409,			22.167,			0.099,			0.099,			22.374,			0.099,			0.099
234,	1,	422.52,			1.531,			0.967,			0.967,			1.227,			1.182,			0.92
235,	1,	422.572,			1.42,			0.794,			0.794,			1.239,			1.347,			0.617
236,	1,	425.65,			1.223,			0.998,			0.998,			1.255,			1.231,			0.942
237,	1,	426.875,			1.316,			1.078,			1.078,			1.389,			0.794,			1.258
238,	1,	427.014,			2.106,			0.935,			0.935,			2.027,			0.895,			0.607
239,	2,	427.706,			23.564,			0.099,			0.099,			21.731,			0.099,			0.099
240,	1,	427.828,			1.298,			0.613,			0.613,			1.24,			1.597,			1.161
241,	1,	428.17,			1.117,			0.804,			0.804,			1.253,			1.008,			1.252
242,	2,	428.808,			23.439,			0.099,			0.099,			23.685,			0.099,			0.099
243,	1,	429.354,			1.343,			0.75,			0.75,			2.006,			0.82,			0.913
244,	1,	429.539,			2.067,			1.144,			1.144,			1.767,			1.434,			1.333
245,	2,	431.315,			24.607,			0.099,			0.099,			23.749,			0.1,			0.1
246,	2,	431.791,			21.9,			0.099,			0.099,			21.738,			0.099,			0.099
247,	2,	432.09,			22.042,			0.099,			0.099,			24.196,			0.1,			0.099
248,	2,	434.806,			22.848,			0.099,			0.099,			21.718,			0.099,			0.1
249,	1,	435.787,			1.825,			1.093,			1.093,			2.05,			1.527,			1.151
250,	1,	436.264,			1.223,			0.952,			0.952,			1.333,			0.927,			0.935
251,	1,	436.523,			1.313,			0.73,			0.73,			1.263,			0.866,			1.228
252,	1,	437.443,			1.001,			1.041,			1.041,			1.247,			0.958,			1.229
253,	1,	438.621,			2.072,			0.654,			0.654,			1.306,			0.853,			1.224
254,	1,	438.746,			2.186,			0.867,			0.867,			1.15,			0.972,			0.725
255,	2,	438.821,			24.248,			0.099,			0.099,			23.483,			0.099,			0.1
256,	2,	439.039,			21.735,			0.099,			0.099,			24.902,			0.099,			0.099
257,	2,	441.251,			23.156,			0.099,			0.099,			21.504,			0.099,			0.099
258,	2,	442.135,			22.946,			0.1,			0.1,			22.28,			0.099,			0.099
259,	1,	442.592,			0.981,			1.264,			1.264,			2.032,			0.839,			0.878
260,	1,	442.7,			1.424,			0.942,			0.942,			2.032,			0.879,			0.92
261,	2,	443.065,			22.745,			0.099,			0.099,			22.427,			0.099,			0.1
262,	2,	444.967,			22.329,			0.099,			0.099,			22.586,			0.099,			0.099
263,	1,	446.239,			1.486,			0.727,			0.727,			1.802,			0.811,			0.849
264,	2,	446.283,			22.495,			0.099,			0.099,			21.339,			0.099,			0.099
265,	1,	448.971,			2.074,			1.151,			1.151,			1.204,			1.119,			1.618
266,	2,	449.289,			22.045,			0.099,			0.099,			22.475,			0.099,			0.099
267,	2,	449.624,			23.614,			0.099,			0.099,			21.828,			0.099,			0.099
268,	1,	450.032,			1.024,			0.87,			0.87,			1.259,			0.587,			1.117
269,	1,	453.214,			2.426,			1.451,			1.451,			1.262,			0.726,			0.613
270,	1,	456.488,			1.429,			1.335,			1.335,			1.566,			0.909,			0.875
271,	2,	460.124,			21.847,			0.099,			0.099,			23.318,			0.099,			0.099
272,	2,	460.258,			22.231,			0.099,			0.099,			22.338,			0.099,			0.099
273,	2,	460.725,			22.077,			0.099,			0.099,			21.715,			0.099,			0.099
274,	2,	461.957,			22.442,			0.1,			0.1,			22.594,			0.099,			0.099
275,	1,	462.611,			2.123,			1.231,			1.231,			1.212,			0.867,			1.522
276,	2,	463.462,			24.297,			0.099,			0.099,			24.003,			0.099,			0.099
277,	2,	463.751,			25.108,			0.1,			0.1,			21.621,			0.099,			0.099
278,	2,	464.565,			23.127,			0.099,			0.099,			21.509,			0.099,			0.099
279,	2,	465.734,			22.852,			0.099,			0.099,			21.937,			0.099,			0.099
280,	2,	466.362,			23.086,			0.1,			0.1,			22.56,			0.099,			0.099
281,	1,	466.997,			1.48,			0.588,			0.588,			1.325,			0.72,			1.134
282,	2,	468.433,			22.385,			0.1,			0.1,			23.598,			0.099,			0.099
283,	3,	470.228,			6.492,			1.631,			1.631,			5.748,			2.366,			1.044
284,	2,	470.591,			22.378,			0.099,			0.099,			23.583,			0.099,			0.1
285,	3,	470.815,			5.887,			1.89,			1.89,			3.169,			0.929,			0.531
286,	3,	471.397,			5.388,			3.422,			3.422,			13.326,			1.976,			1.446
287,	3,	471.578,			2.193,			0.608,			0.608,			5.302,			1.443,			3.265
288,	2,	472.019,			21.621,			0.099,			0.099,			23.64,			0.099,			0.099
289,	2,	472.518,			24.73,			0.099,			0.099,			23.267,			0.099,			0.099
290,	1,	473.605,			1.24,			1.181,			1.181,			1.315,			1.218,			0.614
291,	3,	474.708,			1.495,			2.609,			2.609,			7.372,			0.909,			1.14
292,	2,	475.419,			24.184,			0.099,			0.099,			23.4,			0.099,			0.099
293,	3,	475.782,			11.813,			1.436,			1.436,			11.51,			1.324,			0.981
294,	2,	476.056,			24.505,			0.1,			0.1,			22.472,			0.099,			0.099
295,	2,	476.19,			24.016,			0.099,			0.099,			23.056,			0.099,			0.099
296,	3,	476.597,			8.879,			0.738,			0.738,			1.191,			2.247,			1.236
297,	2,	476.701,			23.521,			0.099,			0.099,			21.472,			0.099,			0.099
298,	3,	477.904,			3.295,			2.405,			2.405,			11.641,			1.436,			0.974
299,	3,	477.915,			4.146,			2.27,			2.27,			2.193,			0.863,			1.916
300,	2,	478.064,			24.445,			0.099,			0.099,			22.811,			0.1,			0.099
301,	2,	478.35,			23.805,			0.099,			0.099,			22.586,			0.099,			0.099
302,	1,	478.972,			1.199,			1.597,			1.597,			0.979,			1.339,			1.232
303,	2,	479.264,			21.768,			0.099,			0.099,			22.403,			0.099,			0.099
304,	1,	484.258,			1.428,			1.128,			1.128,			1.753,			0.903,			1.137
305,	1,	484.912,			1.801,			1.271,			1.271,			1.217,			0.89,			1.398
306,	1,	485.442,			1.522,			0.614,			0.614,			1.046,			0.789,			1.457
307,	1,	488.003,			1.221,			0.904,			0.904,			1.767,			1.119,			1.386
308,	1,	488.679,			1.217,			1.266,			1.266,			1.435,			0.614,			0.89
309,	2,	489.338,			21.828,			0.1,			0.1,			25.066,			0.099,			0.1
310,	2,	489.396,			23.456,			0.1,			0.1,			22.614,			0.099,			0.1
311,	2,	489.419,			24.471,			0.099,			0.099,			23.419,			0.099,			0.099
312,	2,	489.712,			25.172,			0.099,			0.099,			21.561,			0.099,			0.099
313,	2,	490.792,			22.289,			0.099,			0.099,			23.361,			0.099,			0.099
314,	2,	490.93,			22.988,			0.099,			0.099,			21.966,			0.099,			0.099
315,	1,	491.708,			1.444,			0.932,			0.932,			1.315,			0.954,			1.12
316,	1,	492.309,			1.469,			0.913,			0.913,			1.795,			0.988,			0.89
317,	2,	495.25,			23.246,			0.099,			0.099,			22.281,			0.099,			0.099
318,	1,	496.028,			1.967,			1.191,			1.191,			1.757,			0.618,			1.268
319,	1,	497.174,			1.293,			1.441,			1.441,			2.014,			1.239,			0.681
320,	2,	497.962,			22.237,			0.1,			0.1,			22.084,			0.099,			0.099
321,	2,	497.995,			21.992,			0.099,			0.099,			24.629,			0.099,			0.099
322,	2,	498.335,			24.492,			0.099,			0.099,			23.769,			0.099,			0.099
323,	1,	498.703,			1.286,			1.446,			1.446,			1.03,			0.818,			0.641
324,	2,	498.882,			22.835,			0.099,			0.099,			21.89,			0.099,			0.099
325,	1,	498.904,			1.304,			0.861,			0.861,			1.272,			0.94,			0.938
326,	2,	499.891,			24.211,			0.099,			0.099,			21.625,			0.099,			0.099
327,	2,	502.592,			21.893,			0.099,			0.099,			21.625,			0.1,			0.099
328,	2,	502.69,			22.894,			0.1,			0.1,			21.621,			0.1,			0.099
329,	2,	503.135,			22.94,			0.099,			0.099,			21.852,			0.099,			0.099
330,	1,	504.019,			1.102,			0.873,			0.873,			1.812,			1.166,			0.617
331,	1,	506.305,			1.442,			1.342,			1.342,			1.024,			1.444,			0.853
332,	2,	506.62,			22.084,			0.099,			0.099,			21.985,			0.099,			0.099
333,	1,	507.039,			1.233,			0.905,			0.905,			2.189,			1.398,			0.898
334,	1,	510.612,			2.416,			1.09,			1.09,			1.091,			0.869,			1.329
335,	1,	510.868,			1.198,			0.858,			0.858,			1.242,			0.863,			1.483
336,	1,	511.343,			1.086,			0.816,			0.816,			1.514,			0.875,			0.632
337,	1,	511.645,			2.252,			0.849,			0.849,			1.524,			0.901,			0.727
338,	1,	512.91,			2.06,			0.874,			0.874,			1.01,			1.245,			0.908
339,	1,	513.319,			1.448,			0.946,			0.946,			1.273,			1.22,			0.613
340,	1,	514.433,			1.025,			1.057,			1.057,			1.066,			1.196,			1.527
341,	1,	515.271,			2.03,			1.332,			1.332,			1.766,			0.872,			1.344
342,	1,	515.456,			1.407,			1.11,			1.11,			1.324,			0.873,			0.905
343,	2,	515.526,			23.226,			0.099,			0.099,			23.684,			0.099,			0.099
344,	1,	516.25,			1.213,			0.627,			0.627,			0.961,			0.983,			1.236
345,	2,	516.779,			21.961,			0.099,			0.099,			23.425,			0.099,			0.099
346,	2,	517.525,			24.524,			0.099,			0.099,			21.804,			0.099,			0.099
347,	1,	520.033,			1.406,			0.897,			0.897,			1.197,			1.444,			1.09
348,	2,	521.756,			23.335,			0.099,			0.099,			22.267,			0.099,			0.1
349,	2,	521.891,			23.538,			0.099,			0.099,			22.033,			0.099,			0.099
350,	2,	526.553,			24.119,			0.099,			0.099,			22.963,			0.099,			0.099
351,	2,	528.658,			22.64,			0.099,			0.099,			22.889,			0.099,			0.099
352,	3,	530.791,			2.864,			1.209,			1.209,			4.776,			1.667,			2.247
353,	2,	530.975,			24.279,			0.099,			0.099,			23.976,			0.099,			0.099
354,	3,	531.079,			4.615,			1.553,			1.553,			7.178,			0.611,			1.106
355,	1,	531.406,			1.091,			0.614,			0.614,			1.737,			1.125,			0.954
356,	3,	532.28,			8.13,			0.601,			0.601,			5.43,			1.217,			1.197
357,	1,	532.592,			1.292,			0.993,			0.993,			1.058,			0.633,			0.75
358,	1,	533.17,			1.756,			0.953,			0.953,			1.105,			1.227,			0.911
359,	3,	533.972,			9.144,			0.72,			0.72,			3.923,			1.916,			1.957
360,	1,	534.13,			1.841,			1.229,			1.229,			1.29,			0.951,			0.898
361,	1,	535.021,			1.223,			1.213,			1.213,			1.437,			0.615,			0.918
362,	1,	535.571,			1.29,			0.939,			0.939,			1.297,			0.88,			1.264
363,	3,	535.936,			1.962,			1.484,			1.484,			3.445,			1.173,			0.429
364,	3,	535.965,			2.864,			0.907,			0.907,			6.188,			1.212,			2.609
365,	3,	536.231,			11.548,			0.939,			0.939,			4.013,			1.644,			0.787
366,	3,	537.262,			6.15,			2.298,			2.298,			5.212,			1.671,			1.107
367,	2,	537.29,			22.942,			0.099,			0.099,			25.172,			0.1,			0.099
368,	1,	537.299,			1.207,			0.864,			0.864,			1.926,			0.649,			1.199
369,	1,	537.514,			1.244,			1.22,			1.22,			1.288,			0.787,			0.951
370,	2,	537.707,			23.52,			0.099,			0.099,			22.462,			0.099,			0.099
371,	3,	538.285,			1.95,			0.846,			0.846,			2.923,			0.761,			0.961
372,	2,	538.703,			25.25,			0.099,			0.099,			23.737,			0.099,			0.099
373,	2,	540.325,			22.764,			0.099,			0.099,			22.654,			0.099,			0.099
374,	2,	542.016,			21.771,			0.099,			0.099,			21.564,			0.099,			0.099
375,	1,	542.154,			1.456,			1.086,			1.086,			1.417,			0.811,			0.828
376,	2,	542.252,			22.585,			0.099,			0.099,			22.252,			0.099,			0.099
377,	2,	544.927,			22.186,			0.099,			0.099,			21.857,			0.099,			0.099
378,	2,	546.511,			23.809,			0.099,			0.099,			22.422,			0.099,			0.099
379,	1,	547.58,			1.803,			0.919,			0.919,			1.306,			1.457,			0.95
380,	1,	548.983,			2.128,			0.87,			0.87,			1.431,			1.158,			0.794
381,	2,	550.142,			21.88,			0.099,			0.099,			21.479,			0.099,			0.099
382,	2,	550.293,			24.732,			0.099,			0.099,			21.704,			0.099,			0.099
383,	1,	550.337,			2.05,			0.611,			0.611,			1.55,			0.867,			1.135
384,	2,	550.884,			21.697,			0.099,			0.099,			24.774,			0.099,			0.099
385,	2,	551.215,			21.865,			0.099,			0.099,			21.559,			0.1,			0.099
386,	2,	552.137,			21.577,			0.099,			0.099,			22.08,			0.099,			0.099
387,	2,	553.155,			24.813,			0.099,			0.099,			23.075,			0.099,			0.099
388,	1,	553.767,			2.191,			0.919,			0.919,			1.429,			1.129,			0.626
389,	2,	554.214,			21.974,			0.099,			0.099,			24.13,			0.099,			0.099
390,	2,	555.449,			23.903,			0.099,			0.099,			21.866,			0.099,			0.099
391,	1,	557.434,			1.79,			0.839,			0.839,			1.031,			1.111,			0.865
392,	1,	557.734,			1.275,			1.128,			1.128,			1.422,			1.178,			0.871
393,	2,	560.418,			22.406,			0.1,			0.1,			22.302,			0.099,			0.099
394,	1,	561.57,			1.055,			0.964,			0.964,			1.426,			0.905,			1.128
395,	1,	561.805,			1.956,			0.629,			0.629,			2.039,			0.688,			0.971
396,	2,	561.907,			25.173,			0.099,			0.099,			23.317,			0.099,			0.099
397,	2,	562.621,			23.056,			0.099,			0.099,			22.429,			0.099,			0.099
398,	1,	563.045,			1.433,			1.522,			1.522,			1.021,			0.678,			0.995
399,	2,	565.465,			23.845,			0.099,			0.099,			23.027,			0.099,			0.099
400,	2,	566.537,			23.287,			0.099,			0.099,			21.913,			0.099,			0.099
401,	2,	568.626,			22.017,			0.099,			0.099,			21.613,			0.099,			0.099
402,	1,	572.575,			1.442,			1.446,			1.446,			1.514,			0.967,			0.614
403,	1,	572.867,			1.035,			0.627,			0.627,			1.185,			1.439,			0.756
404,	1,	573.967,			1.774,			0.964,			0.964,			1.295,			1.231,			0.62
405,	1,	578.466,			1.225,			1.333,			1.333,			1.791,			0.933,			1.255
406,	2,	581.606,			21.911,			0.099,			0.099,			23.66,			0.099,			0.099
407,	2,	582.138,			21.439,			0.099,			0.099,			24.196,			0.099,			0.1
408,	2,	582.233,			23.39,			0.099,			0.099,			22.177,			0.099,			0.1
409,	1,	584.339,			1.248,			0.995,			0.995,			1.005,			0.999,			1.129
410,	2,	586.697,			24.692,			0.099,			0.099,			22.208,			0.099,			0.099
411,	2,	587.144,			22.895,			0.099,			0.099,			22.424,			0.099,			0.099
412,	2,	587.191,			22.54,			0.099,			0.099,			23.642,			0.099,			0.099
413,	2,	588.179,			23.199,			0.1,			0.1,			22.035,			0.1,			0.099
414,	1,	588.509,			1.102,			0.892,			0.892,			2.025,			1.093,			0.903
415,	2,	589.096,			22.417,			0.099,			0.099,			21.548,			0.099,			0.099
416,	1,	590.66,			1.027,			0.812,			0.812,			1.253,			0.932,			0.632
417,	2,	592.232,			21.758,			0.099,			0.099,			22.541,			0.099,			0.099
418,	2,	592.564,			22.373,			0.1,			0.1,			21.87,			0.099,			0.099
419,	1,	593.13,			1.277,			0.592,			0.592,			1.295,			0.874,			0.883
420,	2,	594.731,			23.694,			0.099,			0.099,			23.785,			0.099,			0.099
421,	1,	597.361,			1.201,			1.245,			1.245,			1.758,			0.925,			1.342
422,	2,	599.214,			21.956,			0.099,			0.099,			22.164,			0.099,			0.099
423,	2,	600.925,			22.088,			0.099,			0.099,			23.526,			0.099,			0.099
424,	1,	602.522,			1.792,			0.879,			0.879,			2.372,			0.873,			0.73
425,	2,	602.989,			22.209,			0.1,			0.1,			23.7,			0.099,			0.099
426,	2,	606.219,			24.395,			0.1,			0.1,			22.26,			0.099,			0.099
427,	2,	606.442,			24.824,			0.099,			0.099,			23.713,			0.099,			0.1
428,	2,	606.828,			21.819,			0.099,			0.099,			23.269,			0.099,			0.099
429,	1,	607.548,			2.416,			1.383,			1.383,			1.038,			1.254,			0.927
430,	2,	608.103,			22.927,			0.1,			0.1,			24.807,			0.099,			0.1
431,	1,	608.245,			2.059,			1.082,			1.082,			1.295,			0.951,			0.89
432,	2,	608.772,			21.493,			0.099,			0.099,			23.613,			0.099,			0.099
433,	1,	609.445,			1.916,			1.245,			1.245,			1.257,			1.24,			0.903
434,	2,	609.948,			23.467,			0.099,			0.099,			21.76,			0.099,			0.1
435,	2,	616.534,			23.156,			0.099,			0.099,			21.991,			0.099,			0.099
436,	2,	618.307,			22.594,			0.099,			0.099,			24.14,			0.1,			0.099
437,	2,	618.53,			22.273,			0.099,			0.099,			23.744,			0.099,			0.099
438,	1,	618.726,			1.292,			0.883,			0.883,			1.499,			0.909,			0.725
439,	2,	619.601,			22.054,			0.099,			0.099,			24.7,			0.099,			0.099
440,	2,	620.023,			23.241,			0.1,			0.1,			23.039,			0.099,			0.099
441,	1,	623.61,			1.29,			1.178,			1.178,			1.01,			0.787,			0.886
442,	2,	623.729,			23.069,			0.099,			0.099,			22.507,			0.099,			0.1
443,	1,	625.249,			1.017,			0.92,			0.92,			1.272,			1.215,			0.923
444,	2,	627.64,			22.243,			0.099,			0.099,			23.191,			0.1,			0.1
445,	2,	632.36,			23.944,			0.099,			0.099,			21.732,			0.099,			0.099
446,	2,	634.771,			22.103,			0.099,			0.099,			23.212,			0.099,			0.1
447,	1,	635.105,			1.253,			0.901,			0.901,			1.258,			0.939,			0.654
448,	2,	637.342,			23.511,			0.099,			0.099,			22.668,			0.099,			0.099
449,	1,	640.268,			1.2,			0.923,			0.923,			1.13,			1.522,			1.339
450,	2,	640.29,			23.201,			0.099,			0.099,			21.682,			0.1,			0.1
451,	1,	643.287,			1.328,			0.965,			0.965,			1.277,			1.388,			1.196
452,	2,	643.756,			22.473,			0.099,			0.099,			22.313,			0.1,			0.099
453,	2,	645.772,			23.068,			0.099,			0.099,			22.194,			0.099,			0.099
454,	1,	646.109,			1.391,			1.388,			1.388,			1.189,			0.617,			0.788
455,	2,	653.815,			22.161,			0.099,			0.099,			23.141,			0.099,			0.099
456,	2,	654.032,			22.371,			0.1,			0.1,			21.52,			0.099,			0.099
457,	2,	654.788,			21.919,			0.099,			0.099,			21.703,			0.1,			0.099
458,	2,	659.017,			24.05,			0.099,			0.099,			22.968,			0.1,			0.099
459,	1,	660.238,			1.046,			1.183,			1.183,			1.206,			1.143,			0.642
460,	2,	660.795,			21.841,			0.099,			0.099,			22.154,			0.1,			0.099
461,	1,	667.194,			1.193,			0.858,			0.858,			1.2,			1.113,			0.94
462,	2,	667.844,			24.284,			0.099,			0.099,			25.006,			0.099,			0.099
463,	2,	670.662,			22.156,			0.099,			0.099,			21.697,			0.099,			0.099
464,	2,	673.169,			22.217,			0.1,			0.1,			22.157,			0.099,			0.099
465,	1,	673.467,			2.04,			0.788,			0.788,			2.012,			0.998,			0.613
466,	1,	678.006,			0.948,			1.476,			1.476,			1.216,			0.828,			0.948
467,	1,	678.541,			2.072,			1.088,			1.088,			1.292,			0.868,			1.232
468,	2,	680.11,			23.127,			0.099,			0.099,			23.938,			0.099,			0.099
469,	1,	681.189,			2.03,			0.674,			0.674,			2.103,			0.954,			1.242
470,	1,	682.702,			1.223,			0.912,			0.912,			2.042,			0.951,			0.849
471,	2,	684.717,			21.533,			0.099,			0.099,			24.038,			0.099,			0.099
472,	2,	687.664,			24.248,			0.099,			0.099,			22.799,			0.099,			0.099
473,	2,	691.284,			24.837,			0.099,			0.099,			22.882,			0.099,			0.099
474,	2,	696.882,			22.94,			0.099,			0.099,			21.476,			0.099,			0.099
475,	2,	699.167,			24.227,			0.099,			0.099,			22.165,			0.099,			0.1
476,	1,	699.176,			1.242,			0.641,			0.641,			1.021,			0.901,			0.911
477,	1,	699.192,			1.271,			0.897,			0.897,			1.539,			0.909,			0.903
478,	2,	701.434,			21.521,			0.099,			0.099,			21.939,			0.099,			0.099
479,	2,	705.794,			22.436,			0.099,			0.099,			23.583,			0.099,			0.099
480,	1,	706.584,			2.099,			0.95,			0.95,			1.104,			1.264,			0.912
481,	1,	707.812,			1.303,			1.117,			1.117,			1.102,			0.951,			0.905
482,	2,	708.0,			23.031,			0.1,			0.1,			22.181,			0.099,			0.099
483,	2,	711.471,			22.578,			0.099,			0.099,			21.604,			0.099,			0.099
484,	1,	715.434,			1.262,			0.854,			0.854,			1.994,			0.911,			0.956
485,	1,	715.651,			1.21,			1.047,			1.047,			0.987,			0.892,			0.785
486,	2,	720.294,			25.133,			0.099,			0.099,			22.809,			0.099,			0.099
487,	1,	721.11,			1.442,			1.228,			1.228,			1.785,			0.939,			0.857
488,	2,	723.476,			21.966,			0.099,			0.099,			22.058,			0.099,			0.1
489,	2,	738.587,			23.318,			0.099,			0.099,			21.758,			0.099,			0.099
490,	2,	741.143,			23.684,			0.099,			0.099,			24.056,			0.099,			0.099
491,	1,	741.898,			1.523,			0.903,			0.903,			1.273,			0.94,			0.82
492,	1,	744.658,			1.287,			0.878,			0.878,			1.418,			0.904,			0.616
493,	2,	745.014,			23.036,			0.099,			0.099,			23.674,			0.099,			0.099
494,	2,	745.85,			21.457,			0.099,			0.099,			23.582,			0.099,			0.099
495,	2,	748.675,			24.169,			0.099,			0.099,			25.02,			0.099,			0.099
496,	1,	757.845,			1.102,			0.742,			0.742,			2.261,			0.787,			1.196
497,	2,	777.892,			21.994,			0.099,			0.099,			23.923,			0.099,			0.099
498,	1,	787.259,			1.226,			0.884,			0.884,			1.21,			0.958,			1.342
499,	1,	814.152,			1.321,			0.898,			0.898,			1.094,			0.611,			1.183
500,	2,	821.037,			25.109,			0.099,			0.099,			22.487,			0.099,			0.1
