#, task_type_id, arrival_time,	estimated_time_t2xlarge,	estimated_time_g3sxlarge,	estimated_time_CLOUD,	execution_time_t2xlarge,	execution_time_g3sxlarge,	execution_time_CLOUD
1,	2,	0.335,			24.386,			0.099,			0.099,			24.016,			0.1,			0.099
2,	2,	0.52,			23.598,			0.099,			0.099,			23.974,			0.099,			0.099
3,	2,	1.968,			23.579,			0.099,			0.099,			24.138,			0.099,			0.099
4,	2,	2.039,			22.151,			0.099,			0.099,			21.735,			0.1,			0.099
5,	2,	6.886,			21.79,			0.1,			0.1,			22.506,			0.1,			0.099
6,	2,	7.06,			22.881,			0.099,			0.099,			21.954,			0.099,			0.1
7,	2,	9.628,			22.607,			0.099,			0.099,			22.126,			0.1,			0.099
8,	2,	10.245,			21.806,			0.099,			0.099,			22.435,			0.099,			0.099
9,	2,	10.666,			21.876,			0.1,			0.1,			22.267,			0.099,			0.099
10,	2,	12.874,			22.067,			0.099,			0.099,			24.687,			0.099,			0.099
11,	2,	12.924,			22.171,			0.099,			0.099,			22.374,			0.1,			0.099
12,	2,	14.228,			23.461,			0.099,			0.099,			22.946,			0.099,			0.099
13,	2,	17.847,			21.698,			0.099,			0.099,			23.012,			0.099,			0.099
14,	2,	18.722,			22.484,			0.099,			0.099,			22.548,			0.099,			0.099
15,	2,	19.71,			24.457,			0.1,			0.1,			22.369,			0.099,			0.099
16,	2,	20.444,			23.774,			0.099,			0.099,			23.965,			0.099,			0.099
17,	2,	21.826,			22.4,			0.099,			0.099,			22.435,			0.099,			0.099
18,	2,	24.214,			21.891,			0.099,			0.099,			23.278,			0.099,			0.099
19,	2,	24.448,			22.942,			0.1,			0.1,			23.217,			0.099,			0.1
20,	2,	26.276,			24.837,			0.099,			0.099,			21.689,			0.1,			0.099
21,	2,	26.318,			23.044,			0.099,			0.099,			22.371,			0.099,			0.099
22,	2,	26.662,			22.567,			0.099,			0.099,			23.413,			0.099,			0.1
23,	2,	26.913,			23.306,			0.099,			0.099,			23.13,			0.099,			0.099
24,	2,	28.019,			24.797,			0.099,			0.099,			23.619,			0.099,			0.099
25,	2,	30.864,			21.887,			0.099,			0.099,			21.577,			0.099,			0.099
26,	2,	31.538,			22.14,			0.099,			0.099,			22.347,			0.099,			0.099
27,	2,	32.506,			21.978,			0.099,			0.099,			22.569,			0.099,			0.099
28,	2,	33.394,			21.827,			0.099,			0.099,			22.484,			0.099,			0.1
29,	2,	33.964,			22.916,			0.099,			0.099,			23.37,			0.099,			0.099
30,	2,	34.666,			22.292,			0.099,			0.099,			24.182,			0.099,			0.099
31,	2,	35.349,			23.326,			0.099,			0.099,			23.212,			0.099,			0.099
32,	2,	35.561,			23.303,			0.099,			0.099,			23.234,			0.099,			0.099
33,	2,	36.158,			21.535,			0.1,			0.1,			22.648,			0.1,			0.099
34,	2,	36.791,			21.661,			0.099,			0.099,			21.872,			0.099,			0.099
35,	2,	39.012,			23.474,			0.1,			0.1,			23.659,			0.099,			0.099
36,	2,	42.275,			24.208,			0.099,			0.099,			22.445,			0.099,			0.099
37,	2,	42.475,			22.53,			0.099,			0.099,			23.582,			0.099,			0.099
38,	2,	42.64,			23.009,			0.099,			0.099,			23.123,			0.099,			0.099
39,	2,	45.874,			23.234,			0.099,			0.099,			23.848,			0.099,			0.099
40,	2,	48.077,			23.006,			0.099,			0.099,			24.162,			0.099,			0.099
41,	2,	48.16,			23.468,			0.099,			0.099,			25.089,			0.099,			0.099
42,	2,	49.375,			22.442,			0.099,			0.099,			21.913,			0.099,			0.099
43,	2,	50.705,			21.762,			0.099,			0.099,			24.92,			0.099,			0.099
44,	2,	54.491,			21.884,			0.099,			0.099,			21.805,			0.099,			0.099
45,	2,	54.841,			25.18,			0.099,			0.099,			22.56,			0.099,			0.099
46,	2,	55.964,			23.517,			0.099,			0.099,			21.618,			0.099,			0.099
47,	2,	55.999,			21.932,			0.1,			0.1,			23.22,			0.099,			0.099
48,	2,	56.022,			22.748,			0.099,			0.099,			24.413,			0.099,			0.099
49,	2,	56.679,			23.989,			0.099,			0.099,			23.448,			0.1,			0.099
50,	2,	57.069,			22.013,			0.099,			0.099,			21.635,			0.099,			0.1
51,	2,	57.791,			23.63,			0.099,			0.099,			21.782,			0.099,			0.099
52,	2,	58.016,			23.257,			0.099,			0.099,			23.996,			0.099,			0.1
53,	2,	58.069,			21.799,			0.099,			0.099,			23.589,			0.1,			0.099
54,	2,	58.311,			23.091,			0.099,			0.099,			22.427,			0.099,			0.099
55,	2,	59.343,			21.963,			0.099,			0.099,			22.003,			0.099,			0.099
56,	2,	59.509,			22.801,			0.099,			0.099,			22.37,			0.099,			0.099
57,	2,	61.09,			23.066,			0.099,			0.099,			21.823,			0.099,			0.099
58,	2,	61.283,			22.163,			0.099,			0.099,			24.471,			0.099,			0.099
59,	2,	64.746,			22.381,			0.099,			0.099,			22.11,			0.099,			0.099
60,	2,	65.349,			21.954,			0.099,			0.099,			22.729,			0.099,			0.099
61,	2,	65.943,			23.371,			0.1,			0.1,			21.9,			0.099,			0.099
62,	2,	68.285,			24.564,			0.099,			0.099,			23.561,			0.099,			0.099
63,	2,	70.582,			22.902,			0.099,			0.099,			23.191,			0.099,			0.099
64,	2,	72.161,			21.754,			0.099,			0.099,			22.323,			0.099,			0.099
65,	2,	72.588,			22.205,			0.099,			0.099,			22.096,			0.099,			0.099
66,	2,	74.49,			25.089,			0.1,			0.1,			22.009,			0.1,			0.1
67,	2,	74.858,			21.899,			0.099,			0.099,			24.263,			0.099,			0.099
68,	2,	76.505,			22.233,			0.099,			0.099,			21.89,			0.099,			0.1
69,	2,	76.696,			22.305,			0.1,			0.1,			23.446,			0.099,			0.099
70,	2,	77.04,			24.426,			0.099,			0.099,			21.872,			0.099,			0.099
71,	2,	77.186,			23.988,			0.1,			0.1,			23.66,			0.099,			0.1
72,	2,	78.697,			22.004,			0.099,			0.099,			22.296,			0.1,			0.099
73,	2,	78.817,			22.622,			0.099,			0.099,			21.559,			0.099,			0.099
74,	2,	79.33,			22.854,			0.099,			0.099,			23.199,			0.099,			0.099
75,	2,	80.275,			23.442,			0.099,			0.099,			21.66,			0.099,			0.099
76,	2,	80.443,			22.768,			0.099,			0.099,			22.778,			0.099,			0.099
77,	2,	82.396,			22.959,			0.099,			0.099,			21.848,			0.099,			0.099
78,	2,	82.584,			22.975,			0.099,			0.099,			21.731,			0.099,			0.1
79,	2,	84.213,			21.535,			0.099,			0.099,			22.415,			0.099,			0.099
80,	2,	87.185,			24.041,			0.099,			0.099,			24.666,			0.099,			0.099
81,	2,	89.714,			24.368,			0.099,			0.099,			22.194,			0.099,			0.1
82,	2,	89.81,			24.118,			0.099,			0.099,			22.771,			0.1,			0.1
83,	2,	91.325,			21.765,			0.099,			0.099,			24.184,			0.1,			0.099
84,	2,	92.335,			22.761,			0.099,			0.099,			22.751,			0.099,			0.099
85,	2,	94.692,			21.563,			0.099,			0.099,			22.723,			0.099,			0.099
86,	2,	95.188,			21.685,			0.099,			0.099,			22.507,			0.099,			0.099
87,	2,	96.747,			24.537,			0.099,			0.099,			23.275,			0.099,			0.099
88,	2,	97.802,			23.05,			0.099,			0.099,			23.699,			0.099,			0.1
89,	2,	100.896,			22.044,			0.099,			0.099,			22.157,			0.099,			0.099
90,	2,	100.984,			24.002,			0.099,			0.099,			22.374,			0.099,			0.099
91,	2,	104.009,			22.157,			0.099,			0.099,			21.803,			0.099,			0.099
92,	2,	104.025,			21.841,			0.099,			0.099,			24.044,			0.099,			0.099
93,	2,	105.462,			22.771,			0.099,			0.099,			21.823,			0.099,			0.099
94,	2,	105.679,			24.349,			0.099,			0.099,			23.598,			0.099,			0.099
95,	2,	105.716,			23.926,			0.1,			0.1,			23.194,			0.099,			0.1
96,	2,	106.757,			23.72,			0.099,			0.099,			24.881,			0.099,			0.099
97,	2,	108.461,			21.713,			0.099,			0.099,			24.116,			0.099,			0.099
98,	2,	108.889,			22.677,			0.099,			0.099,			24.27,			0.1,			0.099
99,	2,	112.069,			22.006,			0.1,			0.1,			21.766,			0.099,			0.099
100,	2,	113.963,			23.226,			0.099,			0.099,			21.756,			0.099,			0.099
101,	2,	115.478,			21.949,			0.099,			0.099,			21.765,			0.099,			0.099
102,	2,	115.761,			22.914,			0.099,			0.099,			21.772,			0.099,			0.099
103,	2,	116.75,			21.884,			0.099,			0.099,			22.396,			0.099,			0.099
104,	2,	117.364,			23.895,			0.1,			0.1,			24.201,			0.1,			0.099
105,	2,	118.585,			22.927,			0.099,			0.099,			24.867,			0.099,			0.099
106,	2,	120.788,			22.117,			0.099,			0.099,			23.55,			0.099,			0.099
107,	2,	123.513,			21.766,			0.099,			0.099,			22.047,			0.099,			0.099
108,	2,	125.697,			24.108,			0.099,			0.099,			22.979,			0.099,			0.099
109,	2,	126.139,			24.285,			0.099,			0.099,			22.018,			0.099,			0.1
110,	1,	128.059,			2.02,			0.841,			0.841,			1.414,			1.12,			1.342
111,	1,	128.722,			1.417,			0.976,			0.976,			1.259,			0.725,			0.914
112,	1,	128.759,			2.028,			0.988,			0.988,			1.213,			1.597,			0.617
113,	1,	128.822,			1.293,			0.592,			0.592,			2.072,			0.617,			0.855
114,	1,	129.372,			1.221,			0.937,			0.937,			2.228,			1.618,			0.753
115,	1,	130.008,			1.277,			1.342,			1.342,			1.24,			0.877,			0.898
116,	2,	130.83,			21.648,			0.099,			0.099,			24.22,			0.099,			0.099
117,	1,	131.5,			1.966,			1.238,			1.238,			1.265,			1.111,			0.617
118,	2,	131.628,			23.11,			0.099,			0.099,			23.217,			0.099,			0.099
119,	1,	132.168,			1.803,			1.342,			1.342,			1.204,			1.217,			0.614
120,	2,	132.499,			22.11,			0.1,			0.1,			24.766,			0.099,			0.099
121,	1,	132.575,			1.801,			0.839,			0.839,			1.223,			0.849,			0.813
122,	1,	133.175,			2.158,			1.141,			1.141,			1.802,			0.969,			0.725
123,	1,	133.807,			1.807,			0.845,			0.845,			0.969,			1.389,			1.161
124,	1,	134.958,			1.29,			1.082,			1.082,			1.094,			1.228,			0.901
125,	1,	135.019,			1.062,			1.214,			1.214,			2.128,			0.591,			0.993
126,	2,	135.49,			23.934,			0.099,			0.099,			24.116,			0.099,			0.099
127,	1,	135.781,			1.336,			0.869,			0.869,			1.272,			1.227,			0.79
128,	1,	135.995,			1.516,			1.011,			1.011,			1.841,			0.621,			1.09
129,	1,	136.091,			0.979,			0.588,			0.588,			1.802,			1.134,			0.618
130,	1,	136.123,			1.239,			0.925,			0.925,			1.304,			0.978,			1.109
131,	2,	136.216,			21.928,			0.099,			0.099,			23.956,			0.099,			0.099
132,	1,	136.288,			1.302,			0.886,			0.886,			1.233,			0.585,			0.945
133,	2,	136.553,			23.137,			0.1,			0.1,			24.085,			0.099,			0.099
134,	2,	141.188,			23.793,			0.099,			0.099,			21.665,			0.099,			0.099
135,	2,	142.592,			22.527,			0.099,			0.099,			22.633,			0.1,			0.099
136,	2,	145.282,			23.548,			0.099,			0.099,			22.426,			0.1,			0.1
137,	2,	145.326,			23.526,			0.1,			0.1,			21.642,			0.099,			0.099
138,	2,	147.986,			21.529,			0.099,			0.099,			23.785,			0.1,			0.099
139,	2,	148.109,			22.063,			0.099,			0.099,			22.403,			0.1,			0.099
140,	2,	148.573,			22.679,			0.099,			0.099,			21.601,			0.1,			0.099
141,	2,	150.51,			23.907,			0.099,			0.099,			22.385,			0.099,			0.099
142,	2,	151.773,			24.047,			0.099,			0.099,			23.267,			0.099,			0.099
143,	2,	155.112,			23.029,			0.099,			0.099,			22.028,			0.099,			0.099
144,	2,	155.289,			22.115,			0.099,			0.099,			21.732,			0.099,			0.099
145,	2,	156.24,			22.015,			0.1,			0.1,			22.564,			0.099,			0.099
146,	2,	156.367,			23.512,			0.099,			0.099,			22.572,			0.099,			0.099
147,	2,	157.562,			22.465,			0.099,			0.099,			21.685,			0.099,			0.099
148,	1,	158.977,			2.122,			0.821,			0.821,			2.027,			0.779,			0.944
149,	2,	159.324,			22.397,			0.099,			0.099,			22.995,			0.099,			0.099
150,	1,	159.382,			2.47,			1.549,			1.549,			1.073,			0.621,			1.246
151,	1,	159.756,			1.316,			0.617,			0.617,			1.288,			1.082,			0.924
152,	1,	159.795,			1.412,			0.843,			0.843,			1.277,			0.88,			0.74
153,	1,	159.917,			1.423,			0.958,			0.958,			1.826,			0.621,			1.227
154,	1,	160.032,			2.361,			0.91,			0.91,			1.256,			1.394,			0.591
155,	1,	161.523,			2.126,			1.184,			1.184,			1.98,			0.909,			0.895
156,	1,	161.636,			1.747,			1.483,			1.483,			1.091,			1.25,			0.869
157,	1,	162.73,			1.275,			0.958,			0.958,			1.44,			0.674,			1.233
158,	1,	163.081,			1.248,			0.633,			0.633,			1.389,			0.623,			0.804
159,	1,	164.588,			1.408,			0.967,			0.967,			1.536,			0.646,			1.243
160,	1,	165.339,			1.09,			0.913,			0.913,			2.023,			1.241,			1.459
161,	1,	165.514,			0.969,			1.429,			1.429,			1.201,			0.613,			0.935
162,	1,	165.733,			1.102,			0.593,			0.593,			2.13,			0.905,			1.405
163,	1,	165.844,			1.389,			1.25,			1.25,			1.541,			1.13,			0.986
164,	2,	166.131,			22.37,			0.099,			0.099,			22.334,			0.099,			0.099
165,	1,	166.547,			1.25,			0.882,			0.882,			1.336,			0.937,			0.618
166,	2,	166.753,			21.821,			0.099,			0.099,			22.354,			0.099,			0.1
167,	1,	167.088,			2.162,			0.935,			0.935,			1.907,			1.123,			1.431
168,	1,	167.218,			1.117,			1.401,			1.401,			0.987,			0.828,			0.915
169,	1,	167.67,			1.016,			0.861,			0.861,			1.091,			0.993,			1.227
170,	2,	168.928,			21.844,			0.099,			0.099,			22.561,			0.099,			0.099
171,	2,	169.332,			21.761,			0.099,			0.099,			21.562,			0.099,			0.1
172,	2,	169.639,			22.011,			0.099,			0.099,			22.552,			0.099,			0.099
173,	2,	169.805,			23.234,			0.099,			0.099,			22.351,			0.099,			0.099
174,	2,	171.238,			22.348,			0.099,			0.099,			23.194,			0.1,			0.099
175,	2,	171.451,			24.101,			0.099,			0.099,			21.966,			0.099,			0.099
176,	2,	171.731,			24.497,			0.1,			0.1,			21.291,			0.099,			0.099
177,	2,	172.051,			22.819,			0.099,			0.099,			22.594,			0.099,			0.099
178,	2,	172.089,			22.339,			0.099,			0.099,			21.765,			0.099,			0.099
179,	2,	172.625,			24.019,			0.099,			0.099,			24.309,			0.099,			0.1
180,	2,	174.323,			22.95,			0.099,			0.099,			24.008,			0.099,			0.099
181,	2,	176.408,			22.455,			0.1,			0.1,			22.546,			0.099,			0.099
182,	2,	178.652,			22.856,			0.099,			0.099,			22.404,			0.1,			0.099
183,	2,	178.698,			22.396,			0.099,			0.099,			23.782,			0.099,			0.099
184,	2,	182.085,			24.019,			0.099,			0.099,			22.15,			0.099,			0.099
185,	2,	182.613,			21.939,			0.099,			0.099,			22.884,			0.099,			0.099
186,	2,	183.041,			21.893,			0.099,			0.099,			22.705,			0.099,			0.1
187,	2,	183.948,			21.737,			0.1,			0.1,			22.247,			0.099,			0.099
188,	2,	185.373,			23.956,			0.099,			0.099,			21.818,			0.099,			0.099
189,	2,	185.707,			22.791,			0.099,			0.099,			21.919,			0.099,			0.1
190,	2,	187.2,			22.117,			0.099,			0.099,			21.892,			0.1,			0.099
191,	2,	187.432,			24.704,			0.1,			0.1,			23.859,			0.1,			0.1
192,	2,	187.491,			22.154,			0.099,			0.099,			21.528,			0.1,			0.099
193,	2,	188.702,			22.434,			0.099,			0.099,			22.841,			0.099,			0.099
194,	2,	189.07,			23.545,			0.099,			0.099,			23.272,			0.099,			0.099
195,	2,	193.289,			21.782,			0.099,			0.099,			21.555,			0.099,			0.099
196,	2,	194.162,			22.878,			0.099,			0.099,			22.394,			0.099,			0.099
197,	2,	194.507,			22.032,			0.099,			0.099,			22.323,			0.099,			0.099
198,	2,	195.154,			22.883,			0.099,			0.099,			22.081,			0.099,			0.099
199,	2,	195.272,			23.282,			0.099,			0.099,			22.006,			0.099,			0.099
200,	2,	195.622,			22.91,			0.099,			0.099,			21.978,			0.099,			0.099
201,	2,	198.153,			23.309,			0.099,			0.099,			21.903,			0.099,			0.1
202,	2,	198.755,			21.992,			0.099,			0.099,			21.994,			0.099,			0.099
203,	2,	199.366,			22.607,			0.099,			0.099,			24.26,			0.099,			0.099
204,	2,	200.151,			22.566,			0.099,			0.099,			25.205,			0.099,			0.099
205,	2,	201.152,			24.704,			0.099,			0.099,			22.987,			0.099,			0.099
206,	2,	203.179,			21.767,			0.099,			0.099,			21.682,			0.099,			0.099
207,	2,	205.254,			22.886,			0.099,			0.099,			23.614,			0.1,			0.099
208,	2,	205.399,			21.778,			0.099,			0.099,			24.55,			0.099,			0.099
209,	2,	206.612,			22.841,			0.099,			0.099,			22.668,			0.099,			0.099
210,	2,	206.935,			21.835,			0.099,			0.099,			22.877,			0.099,			0.099
211,	2,	210.887,			22.817,			0.099,			0.099,			22.425,			0.099,			0.1
212,	2,	211.168,			21.96,			0.099,			0.099,			22.316,			0.099,			0.099
213,	2,	211.307,			21.875,			0.099,			0.099,			23.849,			0.1,			0.099
214,	2,	215.936,			23.003,			0.099,			0.099,			22.11,			0.099,			0.099
215,	2,	216.24,			23.262,			0.099,			0.099,			22.14,			0.099,			0.1
216,	2,	217.981,			21.935,			0.099,			0.099,			24.988,			0.099,			0.1
217,	2,	218.915,			22.882,			0.099,			0.099,			22.08,			0.099,			0.099
218,	2,	220.699,			21.823,			0.099,			0.099,			23.529,			0.1,			0.099
219,	2,	220.949,			22.308,			0.099,			0.099,			23.734,			0.099,			0.099
220,	2,	221.748,			23.203,			0.1,			0.1,			22.586,			0.099,			0.099
221,	2,	224.095,			22.068,			0.099,			0.099,			24.74,			0.099,			0.099
222,	2,	226.704,			22.209,			0.1,			0.1,			22.272,			0.099,			0.1
223,	2,	226.926,			21.841,			0.099,			0.099,			22.018,			0.099,			0.099
224,	3,	227.314,			4.598,			0.988,			0.988,			2.488,			1.279,			3.169
225,	2,	228.386,			22.016,			0.099,			0.099,			23.005,			0.099,			0.099
226,	2,	229.474,			22.422,			0.1,			0.1,			22.791,			0.099,			0.099
227,	2,	229.515,			21.627,			0.099,			0.099,			21.896,			0.099,			0.099
228,	2,	229.769,			21.947,			0.099,			0.099,			24.294,			0.099,			0.099
229,	2,	230.157,			21.738,			0.099,			0.099,			23.39,			0.1,			0.1
230,	2,	230.899,			25.197,			0.099,			0.099,			25.108,			0.099,			0.099
231,	3,	231.284,			6.406,			0.666,			0.666,			2.578,			3.141,			1.872
232,	3,	231.431,			3.194,			1.229,			1.229,			3.917,			2.067,			0.6
233,	3,	231.536,			11.37,			2.092,			2.092,			3.52,			2.213,			0.771
234,	2,	236.097,			22.747,			0.099,			0.099,			22.323,			0.099,			0.099
235,	2,	236.216,			22.529,			0.099,			0.099,			23.341,			0.099,			0.099
236,	2,	237.453,			22.17,			0.099,			0.099,			22.882,			0.099,			0.1
237,	2,	238.447,			22.943,			0.099,			0.099,			23.415,			0.1,			0.099
238,	2,	244.565,			22.058,			0.099,			0.099,			22.433,			0.099,			0.099
239,	2,	247.442,			23.567,			0.099,			0.099,			22.279,			0.099,			0.099
240,	2,	248.234,			22.552,			0.099,			0.099,			24.073,			0.099,			0.099
241,	2,	248.462,			21.989,			0.099,			0.099,			22.033,			0.099,			0.1
242,	2,	248.492,			23.199,			0.099,			0.099,			23.41,			0.1,			0.099
243,	2,	248.952,			21.951,			0.099,			0.099,			23.935,			0.099,			0.099
244,	2,	249.011,			21.89,			0.099,			0.099,			23.163,			0.099,			0.099
245,	2,	249.592,			23.727,			0.099,			0.099,			22.566,			0.099,			0.099
246,	2,	253.748,			24.608,			0.099,			0.099,			21.363,			0.099,			0.099
247,	2,	254.776,			22.081,			0.099,			0.099,			23.023,			0.099,			0.099
248,	2,	255.839,			21.526,			0.099,			0.099,			24.57,			0.099,			0.099
249,	2,	256.02,			21.903,			0.099,			0.099,			21.962,			0.099,			0.099
250,	2,	256.189,			21.712,			0.1,			0.1,			24.154,			0.099,			0.1
251,	2,	256.967,			21.823,			0.099,			0.099,			23.922,			0.099,			0.099
252,	2,	257.839,			23.447,			0.099,			0.099,			24.458,			0.1,			0.099
253,	2,	259.405,			23.384,			0.099,			0.099,			24.336,			0.099,			0.099
254,	2,	260.069,			23.618,			0.099,			0.099,			23.13,			0.099,			0.099
255,	2,	262.262,			23.289,			0.099,			0.099,			22.932,			0.099,			0.099
256,	2,	263.679,			21.718,			0.1,			0.1,			21.732,			0.1,			0.099
257,	2,	265.148,			24.023,			0.099,			0.099,			23.084,			0.099,			0.099
258,	2,	265.885,			24.613,			0.099,			0.099,			22.462,			0.099,			0.099
259,	2,	266.068,			24.426,			0.1,			0.1,			23.747,			0.099,			0.099
260,	2,	268.048,			21.469,			0.099,			0.099,			21.557,			0.1,			0.099
261,	2,	268.734,			22.156,			0.099,			0.099,			23.983,			0.099,			0.099
262,	2,	269.185,			23.761,			0.099,			0.099,			23.751,			0.099,			0.099
263,	2,	269.227,			23.545,			0.1,			0.1,			22.164,			0.1,			0.1
264,	2,	269.593,			22.354,			0.099,			0.099,			22.485,			0.099,			0.099
265,	2,	276.671,			22.484,			0.099,			0.099,			24.263,			0.1,			0.099
266,	2,	276.755,			21.9,			0.099,			0.099,			21.763,			0.099,			0.1
267,	2,	276.982,			22.052,			0.099,			0.099,			23.907,			0.099,			0.099
268,	2,	277.564,			23.974,			0.1,			0.1,			24.312,			0.099,			0.099
269,	2,	277.657,			25.049,			0.099,			0.099,			21.747,			0.099,			0.099
270,	2,	279.441,			24.195,			0.099,			0.099,			22.574,			0.099,			0.099
271,	2,	279.768,			23.295,			0.099,			0.099,			23.619,			0.099,			0.099
272,	2,	279.79,			21.821,			0.099,			0.099,			21.708,			0.1,			0.099
273,	2,	281.308,			22.435,			0.1,			0.1,			21.81,			0.099,			0.099
274,	2,	281.942,			21.841,			0.099,			0.099,			23.084,			0.099,			0.099
275,	2,	282.767,			22.25,			0.099,			0.099,			22.25,			0.099,			0.099
276,	2,	283.244,			24.205,			0.099,			0.099,			22.11,			0.099,			0.1
277,	2,	284.781,			23.769,			0.1,			0.1,			22.466,			0.099,			0.099
278,	2,	287.356,			24.364,			0.099,			0.099,			21.82,			0.099,			0.1
279,	2,	287.915,			24.062,			0.099,			0.099,			22.523,			0.099,			0.1
280,	2,	289.004,			22.872,			0.099,			0.099,			22.185,			0.099,			0.099
281,	2,	289.706,			23.109,			0.099,			0.099,			24.837,			0.099,			0.099
282,	2,	290.605,			24.294,			0.099,			0.099,			22.797,			0.099,			0.099
283,	2,	290.733,			24.182,			0.099,			0.099,			24.169,			0.099,			0.099
284,	2,	292.082,			23.613,			0.099,			0.099,			22.357,			0.1,			0.099
285,	2,	292.383,			25.089,			0.099,			0.099,			24.613,			0.099,			0.099
286,	2,	296.126,			22.279,			0.099,			0.099,			21.754,			0.099,			0.099
287,	2,	297.536,			21.78,			0.099,			0.099,			22.848,			0.1,			0.099
288,	2,	298.63,			22.349,			0.099,			0.099,			24.481,			0.099,			0.1
289,	2,	299.569,			22.232,			0.099,			0.099,			22.179,			0.1,			0.099
290,	2,	303.476,			24.824,			0.099,			0.099,			23.226,			0.099,			0.099
291,	2,	304.223,			23.134,			0.099,			0.099,			22.566,			0.099,			0.099
292,	2,	306.463,			22.115,			0.1,			0.1,			22.588,			0.099,			0.099
293,	2,	308.701,			21.704,			0.1,			0.1,			23.86,			0.099,			0.099
294,	2,	310.762,			24.374,			0.099,			0.099,			22.285,			0.099,			0.099
295,	2,	311.646,			22.926,			0.099,			0.099,			21.642,			0.099,			0.099
296,	2,	311.728,			21.529,			0.099,			0.099,			22.484,			0.099,			0.099
297,	2,	311.981,			23.503,			0.099,			0.099,			21.548,			0.099,			0.099
298,	2,	312.436,			24.13,			0.099,			0.099,			21.855,			0.1,			0.099
299,	2,	312.471,			23.088,			0.099,			0.099,			23.882,			0.099,			0.099
300,	2,	313.516,			22.466,			0.099,			0.099,			24.069,			0.099,			0.099
301,	2,	314.58,			23.396,			0.1,			0.1,			24.616,			0.099,			0.099
302,	2,	315.166,			21.706,			0.099,			0.099,			22.077,			0.099,			0.099
303,	2,	318.27,			22.081,			0.099,			0.099,			24.446,			0.099,			0.099
304,	2,	321.397,			22.568,			0.099,			0.099,			22.377,			0.099,			0.099
305,	2,	321.773,			21.927,			0.099,			0.099,			22.242,			0.099,			0.099
306,	2,	323.106,			22.427,			0.099,			0.099,			24.108,			0.099,			0.099
307,	2,	324.831,			22.625,			0.1,			0.1,			24.216,			0.099,			0.099
308,	2,	324.861,			21.653,			0.099,			0.099,			25.117,			0.099,			0.099
309,	2,	325.93,			23.141,			0.099,			0.099,			22.096,			0.099,			0.099
310,	2,	326.085,			22.485,			0.099,			0.099,			22.574,			0.099,			0.099
311,	2,	326.496,			21.637,			0.099,			0.099,			22.073,			0.099,			0.099
312,	2,	327.87,			25.069,			0.099,			0.099,			21.902,			0.099,			0.099
313,	2,	329.371,			23.949,			0.099,			0.099,			22.219,			0.099,			0.1
314,	2,	329.991,			22.134,			0.099,			0.099,			21.448,			0.1,			0.099
315,	2,	330.046,			23.725,			0.099,			0.099,			21.732,			0.1,			0.099
316,	2,	331.292,			22.439,			0.099,			0.099,			21.909,			0.099,			0.099
317,	2,	332.554,			24.885,			0.099,			0.099,			23.138,			0.099,			0.1
318,	2,	334.176,			21.695,			0.099,			0.099,			21.476,			0.099,			0.099
319,	2,	335.27,			24.386,			0.099,			0.099,			24.532,			0.099,			0.099
320,	2,	336.263,			22.036,			0.099,			0.099,			21.606,			0.099,			0.099
321,	2,	337.025,			23.97,			0.099,			0.099,			21.548,			0.099,			0.099
322,	2,	338.89,			23.33,			0.099,			0.099,			24.912,			0.099,			0.099
323,	2,	341.367,			24.499,			0.099,			0.099,			22.677,			0.099,			0.099
324,	2,	343.644,			22.375,			0.099,			0.099,			23.655,			0.099,			0.099
325,	2,	343.665,			22.425,			0.099,			0.099,			22.795,			0.099,			0.099
326,	2,	344.307,			21.747,			0.099,			0.099,			21.875,			0.099,			0.099
327,	2,	344.681,			21.666,			0.099,			0.099,			22.494,			0.1,			0.099
328,	2,	345.321,			23.16,			0.099,			0.099,			22.088,			0.099,			0.1
329,	2,	345.354,			21.463,			0.099,			0.099,			23.078,			0.099,			0.099
330,	2,	347.423,			21.756,			0.1,			0.1,			23.89,			0.099,			0.099
331,	2,	350.043,			22.482,			0.099,			0.099,			22.203,			0.099,			0.099
332,	2,	350.591,			21.895,			0.099,			0.099,			22.648,			0.099,			0.1
333,	2,	350.686,			22.37,			0.1,			0.1,			23.559,			0.099,			0.099
334,	2,	351.138,			22.447,			0.099,			0.099,			22.397,			0.099,			0.1
335,	2,	351.763,			21.796,			0.099,			0.099,			21.782,			0.099,			0.099
336,	2,	352.483,			21.535,			0.099,			0.099,			23.138,			0.099,			0.1
337,	2,	353.207,			21.801,			0.1,			0.1,			21.759,			0.099,			0.099
338,	2,	353.631,			23.246,			0.099,			0.099,			21.626,			0.099,			0.099
339,	2,	354.884,			21.541,			0.099,			0.099,			22.052,			0.099,			0.099
340,	2,	355.053,			24.169,			0.1,			0.1,			21.885,			0.099,			0.099
341,	2,	355.316,			23.146,			0.099,			0.099,			22.637,			0.099,			0.099
342,	2,	355.319,			23.322,			0.099,			0.099,			22.341,			0.099,			0.099
343,	2,	358.1,			23.761,			0.099,			0.099,			22.42,			0.099,			0.099
344,	2,	360.891,			22.375,			0.099,			0.099,			21.928,			0.099,			0.099
345,	2,	360.92,			21.906,			0.099,			0.099,			23.683,			0.099,			0.099
346,	2,	363.834,			24.903,			0.099,			0.099,			23.013,			0.099,			0.099
347,	2,	364.856,			22.267,			0.099,			0.099,			22.437,			0.099,			0.099
348,	2,	364.986,			23.584,			0.099,			0.099,			22.421,			0.1,			0.099
349,	2,	365.237,			21.884,			0.099,			0.099,			22.316,			0.099,			0.099
350,	2,	366.614,			23.472,			0.099,			0.099,			21.485,			0.099,			0.099
351,	2,	368.298,			23.914,			0.099,			0.099,			23.91,			0.1,			0.1
352,	2,	368.489,			22.896,			0.099,			0.099,			21.7,			0.099,			0.099
353,	2,	369.376,			22.541,			0.1,			0.1,			21.728,			0.099,			0.099
354,	2,	370.067,			21.717,			0.099,			0.099,			24.79,			0.099,			0.099
355,	2,	370.195,			21.988,			0.099,			0.099,			24.401,			0.099,			0.099
356,	2,	370.466,			22.466,			0.099,			0.099,			21.978,			0.099,			0.099
357,	2,	371.732,			22.232,			0.099,			0.099,			21.775,			0.099,			0.099
358,	2,	371.951,			24.558,			0.099,			0.099,			23.246,			0.099,			0.1
359,	2,	374.631,			21.916,			0.099,			0.099,			22.305,			0.099,			0.099
360,	2,	376.206,			24.056,			0.099,			0.099,			24.583,			0.099,			0.099
361,	2,	377.634,			21.895,			0.099,			0.099,			22.02,			0.099,			0.099
362,	2,	380.437,			24.119,			0.099,			0.099,			21.938,			0.099,			0.099
363,	2,	380.545,			21.386,			0.099,			0.099,			23.923,			0.099,			0.099
364,	2,	380.665,			22.462,			0.099,			0.099,			24.722,			0.099,			0.099
365,	2,	381.406,			22.575,			0.099,			0.099,			22.47,			0.099,			0.099
366,	2,	382.104,			25.172,			0.099,			0.099,			22.856,			0.099,			0.099
367,	2,	382.714,			24.419,			0.099,			0.099,			23.765,			0.099,			0.099
368,	2,	384.159,			21.732,			0.099,			0.099,			21.82,			0.099,			0.1
369,	2,	385.808,			23.386,			0.099,			0.099,			24.631,			0.1,			0.099
370,	2,	387.919,			21.391,			0.099,			0.099,			21.747,			0.099,			0.1
371,	2,	387.925,			22.084,			0.1,			0.1,			23.425,			0.1,			0.099
372,	2,	388.535,			21.782,			0.099,			0.099,			21.317,			0.099,			0.099
373,	2,	389.039,			22.68,			0.099,			0.099,			24.908,			0.099,			0.099
374,	2,	389.534,			21.716,			0.099,			0.099,			23.088,			0.099,			0.099
375,	2,	390.089,			24.27,			0.099,			0.099,			22.988,			0.099,			0.099
376,	2,	390.304,			23.058,			0.1,			0.1,			21.873,			0.099,			0.099
377,	2,	390.599,			22.046,			0.099,			0.099,			24.907,			0.099,			0.099
378,	2,	393.643,			22.94,			0.099,			0.099,			22.217,			0.1,			0.099
379,	2,	393.845,			21.596,			0.099,			0.099,			24.537,			0.099,			0.099
380,	2,	393.965,			23.411,			0.099,			0.099,			24.073,			0.099,			0.099
381,	2,	395.795,			23.005,			0.099,			0.099,			23.037,			0.099,			0.099
382,	2,	395.86,			24.74,			0.1,			0.1,			22.354,			0.099,			0.099
383,	2,	397.004,			22.154,			0.099,			0.099,			24.532,			0.099,			0.099
384,	3,	397.618,			3.263,			1.9,			1.9,			11.941,			1.319,			1.522
385,	2,	397.809,			22.489,			0.099,			0.099,			24.926,			0.099,			0.099
386,	3,	397.953,			10.601,			0.894,			0.894,			2.485,			0.614,			0.959
387,	3,	398.002,			3.163,			1.425,			1.425,			12.529,			1.587,			1.04
388,	3,	398.018,			3.774,			2.811,			2.811,			1.807,			0.9,			1.403
389,	3,	398.03,			2.797,			1.688,			1.688,			2.797,			1.194,			1.124
390,	3,	398.041,			2.802,			0.912,			0.912,			2.572,			0.959,			1.723
391,	3,	398.058,			7.463,			2.96,			2.96,			9.3,			1.626,			2.96
392,	3,	398.396,			9.069,			2.113,			2.113,			7.833,			2.755,			1.555
393,	2,	398.666,			21.528,			0.099,			0.099,			24.208,			0.099,			0.099
394,	3,	398.812,			1.993,			1.454,			1.454,			3.12,			3.084,			1.301
395,	3,	398.846,			8.164,			2.295,			2.295,			11.132,			1.241,			2.265
396,	3,	398.872,			2.632,			1.232,			1.232,			8.852,			2.286,			1.703
397,	3,	398.889,			2.687,			0.553,			0.553,			5.62,			0.704,			1.232
398,	3,	398.913,			5.255,			0.809,			0.809,			1.764,			0.743,			1.133
399,	3,	399.031,			3.219,			0.96,			0.96,			8.012,			1.454,			1.279
400,	3,	399.085,			12.023,			1.236,			1.236,			9.602,			2.899,			1.667
401,	2,	399.198,			22.396,			0.099,			0.099,			22.484,			0.099,			0.099
402,	3,	399.291,			5.491,			1.639,			1.639,			6.16,			0.787,			1.435
403,	3,	399.372,			3.052,			2.843,			2.843,			2.515,			1.093,			1.156
404,	3,	399.407,			5.165,			1.189,			1.189,			2.446,			1.262,			1.504
405,	3,	399.721,			2.153,			2.23,			2.23,			3.851,			2.002,			2.067
406,	3,	399.823,			5.094,			1.015,			1.015,			1.969,			2.908,			1.04
407,	3,	400.148,			14.09,			0.987,			0.987,			5.805,			3.085,			2.247
408,	3,	400.471,			11.94,			1.213,			1.213,			5.814,			2.23,			1.675
409,	2,	400.52,			22.159,			0.099,			0.099,			22.397,			0.099,			0.099
410,	3,	400.563,			2.738,			2.291,			2.291,			3.12,			2.278,			0.759
411,	3,	400.588,			8.293,			1.366,			1.366,			10.478,			1.093,			1.637
412,	3,	400.657,			8.233,			1.296,			1.296,			3.787,			0.837,			1.154
413,	3,	400.658,			5.064,			0.903,			0.903,			1.962,			0.738,			1.499
414,	3,	400.67,			7.403,			1.206,			1.206,			11.458,			1.0,			2.525
415,	3,	400.865,			12.036,			1.787,			1.787,			2.25,			0.959,			1.107
416,	3,	400.984,			3.774,			2.213,			2.213,			4.615,			3.239,			2.78
417,	3,	401.103,			7.706,			1.106,			1.106,			4.845,			1.9,			0.629
418,	3,	401.24,			6.317,			1.693,			1.693,			3.032,			0.946,			0.533
419,	3,	401.299,			1.926,			3.162,			3.162,			5.094,			0.759,			1.791
420,	3,	401.308,			3.758,			1.103,			1.103,			6.488,			1.036,			1.937
421,	2,	401.389,			24.902,			0.099,			0.099,			21.79,			0.099,			0.099
422,	3,	401.448,			6.317,			1.69,			1.69,			7.542,			3.486,			1.091
423,	3,	401.467,			2.634,			0.68,			0.68,			6.153,			0.564,			1.499
424,	3,	401.489,			3.774,			0.784,			0.784,			1.899,			0.837,			1.014
425,	3,	401.553,			11.765,			2.945,			2.945,			2.258,			1.043,			1.976
426,	2,	401.582,			22.412,			0.099,			0.099,			24.386,			0.099,			0.099
427,	3,	401.727,			1.955,			0.533,			0.533,			13.942,			1.388,			2.291
428,	3,	401.844,			12.565,			0.656,			0.656,			6.943,			1.092,			0.541
429,	3,	401.934,			4.055,			0.66,			0.66,			1.962,			1.209,			0.607
430,	2,	402.019,			21.99,			0.099,			0.099,			22.536,			0.099,			0.099
431,	3,	402.155,			8.71,			1.296,			1.296,			3.821,			0.629,			0.884
432,	3,	402.225,			3.21,			1.531,			1.531,			5.311,			2.822,			3.335
433,	3,	402.451,			5.212,			0.779,			0.779,			4.554,			0.907,			0.856
434,	3,	402.475,			4.454,			1.915,			1.915,			3.902,			0.796,			0.944
435,	3,	402.663,			1.954,			1.926,			1.926,			11.42,			1.375,			3.424
436,	3,	402.728,			2.797,			0.974,			0.974,			5.69,			2.632,			2.384
437,	3,	402.767,			5.715,			2.286,			2.286,			7.102,			0.917,			0.665
438,	3,	402.834,			1.76,			0.947,			0.947,			4.339,			1.563,			1.535
439,	3,	403.154,			8.437,			0.803,			0.803,			4.456,			1.776,			2.034
440,	3,	403.191,			3.658,			1.236,			1.236,			8.055,			1.092,			0.607
441,	3,	403.262,			7.598,			0.741,			0.741,			2.289,			1.435,			0.856
442,	3,	403.336,			3.538,			1.336,			1.336,			12.106,			1.969,			0.771
443,	3,	403.395,			4.858,			0.68,			0.68,			4.324,			0.935,			1.961
444,	3,	403.482,			4.13,			1.309,			1.309,			12.713,			1.333,			1.604
445,	2,	403.575,			24.521,			0.099,			0.099,			22.25,			0.099,			0.099
446,	3,	403.666,			4.239,			0.89,			0.89,			10.021,			1.086,			1.243
447,	3,	403.758,			13.827,			0.863,			0.863,			7.463,			1.363,			2.455
448,	3,	403.759,			5.965,			0.905,			0.905,			11.641,			1.957,			0.884
449,	3,	403.785,			5.708,			1.694,			1.694,			3.046,			1.818,			1.849
450,	3,	403.921,			8.69,			0.912,			0.912,			13.39,			0.677,			3.275
451,	3,	403.937,			4.972,			0.617,			0.617,			4.42,			2.81,			1.838
452,	3,	403.976,			4.051,			0.689,			0.689,			3.966,			1.435,			0.946
453,	3,	403.983,			4.088,			0.877,			0.877,			2.638,			3.137,			0.819
454,	3,	404.049,			5.444,			0.74,			0.74,			4.735,			1.11,			1.162
455,	3,	404.554,			4.2,			1.135,			1.135,			3.907,			1.605,			2.774
456,	3,	404.577,			3.028,			0.796,			0.796,			8.355,			0.837,			1.613
457,	3,	404.662,			3.435,			1.403,			1.403,			12.036,			0.608,			0.819
458,	3,	404.682,			6.12,			3.203,			3.203,			5.7,			2.221,			1.969
459,	3,	404.81,			4.811,			1.336,			1.336,			4.718,			3.225,			2.561
460,	3,	404.881,			4.933,			0.656,			0.656,			9.34,			3.139,			0.761
461,	3,	405.017,			5.671,			1.107,			1.107,			4.548,			3.084,			1.46
462,	3,	405.205,			5.89,			0.533,			0.533,			12.818,			0.819,			0.699
463,	3,	405.222,			1.074,			1.694,			1.694,			1.66,			1.093,			0.919
464,	2,	405.273,			22.029,			0.099,			0.099,			22.171,			0.099,			0.099
465,	3,	405.294,			1.962,			1.21,			1.21,			1.643,			1.485,			1.53
466,	3,	405.34,			3.12,			0.837,			0.837,			11.905,			0.733,			1.336
467,	3,	405.359,			11.134,			1.01,			1.01,			2.086,			0.902,			1.98
468,	3,	405.359,			9.048,			0.656,			0.656,			3.943,			1.043,			1.124
469,	3,	405.388,			2.558,			0.804,			0.804,			7.67,			0.946,			0.683
470,	3,	405.483,			11.62,			1.018,			1.018,			2.591,			0.557,			0.741
471,	3,	405.688,			13.409,			0.891,			0.891,			5.105,			3.113,			1.557
472,	3,	405.767,			5.69,			1.09,			1.09,			3.501,			2.71,			2.091
473,	3,	405.941,			7.019,			0.741,			0.741,			2.928,			1.363,			3.563
474,	3,	405.993,			6.475,			3.113,			3.113,			4.718,			2.119,			3.041
475,	2,	406.033,			23.606,			0.099,			0.099,			23.561,			0.1,			0.099
476,	3,	406.081,			3.046,			1.455,			1.455,			10.367,			1.217,			0.733
477,	2,	406.115,			22.043,			0.099,			0.099,			22.137,			0.099,			0.099
478,	2,	406.134,			23.104,			0.099,			0.099,			23.597,			0.1,			0.099
479,	3,	406.173,			4.083,			0.836,			0.836,			4.033,			0.476,			1.86
480,	2,	407.259,			21.763,			0.099,			0.099,			23.611,			0.099,			0.099
481,	2,	407.825,			24.807,			0.099,			0.099,			23.699,			0.099,			0.099
482,	2,	408.658,			24.502,			0.1,			0.1,			24.908,			0.099,			0.099
483,	2,	408.897,			21.963,			0.1,			0.1,			24.54,			0.099,			0.099
484,	3,	412.585,			1.807,			3.563,			3.563,			8.783,			0.96,			1.092
485,	2,	414.378,			21.706,			0.099,			0.099,			21.837,			0.099,			0.099
486,	2,	415.375,			23.22,			0.099,			0.099,			21.747,			0.099,			0.099
487,	2,	415.4,			23.028,			0.099,			0.099,			22.53,			0.099,			0.099
488,	2,	418.137,			21.98,			0.099,			0.099,			24.047,			0.099,			0.099
489,	2,	421.173,			23.737,			0.099,			0.099,			23.576,			0.099,			0.099
490,	2,	421.282,			21.457,			0.099,			0.099,			21.839,			0.099,			0.099
491,	2,	421.292,			23.39,			0.099,			0.099,			21.997,			0.099,			0.099
492,	2,	421.643,			22.201,			0.1,			0.1,			22.756,			0.099,			0.099
493,	2,	421.961,			22.33,			0.099,			0.099,			24.457,			0.099,			0.099
494,	2,	424.354,			22.296,			0.099,			0.099,			22.82,			0.1,			0.099
495,	2,	425.713,			21.6,			0.099,			0.099,			22.895,			0.099,			0.099
496,	2,	425.874,			23.73,			0.099,			0.099,			24.038,			0.099,			0.099
497,	2,	427.103,			21.771,			0.099,			0.099,			24.458,			0.099,			0.099
498,	2,	428.45,			24.476,			0.099,			0.099,			22.414,			0.099,			0.099
499,	2,	428.776,			23.947,			0.1,			0.1,			24.117,			0.099,			0.099
500,	2,	430.763,			22.961,			0.099,			0.099,			24.923,			0.099,			0.099
501,	2,	435.373,			21.703,			0.099,			0.099,			22.185,			0.099,			0.099
502,	2,	435.736,			21.846,			0.099,			0.099,			23.619,			0.099,			0.1
503,	2,	436.653,			22.26,			0.099,			0.099,			22.373,			0.099,			0.099
504,	2,	440.604,			22.155,			0.099,			0.099,			22.051,			0.1,			0.099
505,	2,	442.844,			24.971,			0.099,			0.099,			21.99,			0.099,			0.099
506,	2,	446.163,			22.163,			0.099,			0.099,			21.715,			0.099,			0.1
507,	2,	447.005,			22.959,			0.099,			0.099,			22.161,			0.099,			0.099
508,	2,	447.892,			23.277,			0.099,			0.099,			22.686,			0.099,			0.1
509,	2,	448.398,			22.426,			0.099,			0.099,			23.074,			0.099,			0.1
510,	2,	449.417,			21.995,			0.099,			0.099,			23.415,			0.099,			0.099
511,	2,	452.366,			21.555,			0.099,			0.099,			25.205,			0.099,			0.099
512,	2,	452.434,			22.771,			0.099,			0.099,			23.287,			0.099,			0.099
513,	2,	453.53,			21.944,			0.099,			0.099,			23.4,			0.099,			0.099
514,	2,	454.222,			22.096,			0.099,			0.099,			23.34,			0.099,			0.099
515,	2,	455.156,			21.937,			0.099,			0.099,			25.205,			0.099,			0.099
516,	2,	455.19,			22.323,			0.099,			0.099,			21.501,			0.099,			0.099
517,	2,	455.269,			22.464,			0.099,			0.099,			21.98,			0.099,			0.099
518,	2,	456.055,			22.309,			0.099,			0.099,			22.182,			0.099,			0.099
519,	2,	456.46,			22.371,			0.099,			0.099,			22.185,			0.099,			0.099
520,	2,	459.544,			23.493,			0.099,			0.099,			22.338,			0.099,			0.099
521,	2,	461.021,			21.514,			0.099,			0.099,			24.969,			0.1,			0.099
522,	2,	461.141,			24.92,			0.099,			0.099,			24.521,			0.099,			0.099
523,	2,	461.567,			23.956,			0.099,			0.099,			22.935,			0.099,			0.099
524,	2,	462.768,			22.717,			0.099,			0.099,			24.445,			0.099,			0.099
525,	2,	465.011,			23.432,			0.099,			0.099,			23.708,			0.099,			0.099
526,	2,	465.457,			22.717,			0.099,			0.099,			22.636,			0.099,			0.099
527,	2,	465.997,			22.996,			0.099,			0.099,			24.075,			0.099,			0.099
528,	2,	466.225,			23.714,			0.099,			0.099,			22.421,			0.099,			0.1
529,	2,	466.65,			24.038,			0.099,			0.099,			22.21,			0.099,			0.099
530,	2,	468.432,			23.735,			0.099,			0.099,			22.051,			0.099,			0.099
531,	2,	469.052,			21.946,			0.099,			0.099,			22.523,			0.099,			0.099
532,	2,	470.566,			23.252,			0.1,			0.1,			23.734,			0.099,			0.099
533,	2,	474.708,			21.668,			0.099,			0.099,			21.899,			0.099,			0.099
534,	2,	474.993,			21.6,			0.099,			0.099,			22.5,			0.1,			0.099
535,	1,	479.145,			1.437,			0.952,			0.952,			2.04,			0.879,			1.434
536,	2,	479.152,			23.241,			0.099,			0.099,			22.795,			0.099,			0.099
537,	2,	480.268,			22.601,			0.1,			0.1,			21.618,			0.099,			0.099
538,	1,	480.511,			1.181,			0.861,			0.861,			1.512,			0.894,			1.449
539,	2,	480.633,			23.2,			0.099,			0.099,			22.347,			0.099,			0.099
540,	1,	480.646,			1.241,			1.377,			1.377,			1.346,			0.674,			1.264
541,	2,	481.141,			22.072,			0.099,			0.099,			22.424,			0.1,			0.099
542,	1,	481.891,			1.223,			0.957,			0.957,			1.206,			1.386,			1.228
543,	2,	482.556,			22.095,			0.099,			0.099,			24.073,			0.099,			0.099
544,	2,	482.705,			21.913,			0.099,			0.099,			22.159,			0.099,			0.099
545,	1,	482.801,			1.311,			0.868,			0.868,			1.221,			0.876,			0.995
546,	2,	483.729,			24.445,			0.099,			0.099,			21.606,			0.099,			0.1
547,	2,	483.748,			22.197,			0.1,			0.1,			23.348,			0.1,			0.099
548,	1,	483.806,			1.25,			0.843,			0.843,			2.435,			0.926,			0.922
549,	2,	484.153,			22.412,			0.099,			0.099,			24.261,			0.099,			0.099
550,	2,	484.216,			22.809,			0.099,			0.099,			23.973,			0.099,			0.099
551,	2,	484.661,			23.498,			0.099,			0.099,			21.245,			0.099,			0.099
552,	2,	485.256,			22.457,			0.099,			0.099,			22.435,			0.099,			0.099
553,	2,	488.001,			23.765,			0.099,			0.099,			22.28,			0.099,			0.1
554,	2,	490.808,			22.313,			0.099,			0.099,			22.113,			0.099,			0.099
555,	2,	491.494,			23.332,			0.099,			0.099,			21.752,			0.1,			0.099
556,	2,	492.792,			22.611,			0.099,			0.099,			21.932,			0.099,			0.099
557,	2,	492.84,			23.056,			0.099,			0.099,			23.007,			0.1,			0.099
558,	2,	492.961,			23.031,			0.099,			0.099,			21.7,			0.099,			0.1
559,	2,	493.211,			22.456,			0.099,			0.099,			21.727,			0.099,			0.099
560,	2,	493.492,			22.168,			0.099,			0.099,			21.895,			0.1,			0.099
561,	2,	495.153,			22.542,			0.099,			0.099,			22.035,			0.099,			0.099
562,	2,	496.206,			24.222,			0.1,			0.1,			23.965,			0.099,			0.099
563,	2,	497.826,			22.068,			0.099,			0.099,			23.504,			0.099,			0.099
564,	2,	500.562,			21.83,			0.099,			0.099,			22.485,			0.099,			0.099
565,	2,	501.187,			22.749,			0.099,			0.099,			24.666,			0.099,			0.099
566,	2,	501.212,			21.68,			0.099,			0.099,			22.453,			0.099,			0.099
567,	2,	502.246,			23.165,			0.099,			0.099,			24.395,			0.099,			0.099
568,	2,	504.412,			21.706,			0.099,			0.099,			22.601,			0.099,			0.099
569,	2,	504.892,			23.811,			0.099,			0.099,			22.943,			0.099,			0.099
570,	2,	505.459,			22.417,			0.099,			0.099,			22.961,			0.099,			0.099
571,	2,	505.502,			21.775,			0.099,			0.099,			22.566,			0.099,			0.099
572,	2,	506.216,			22.981,			0.099,			0.099,			21.304,			0.099,			0.099
573,	2,	506.998,			21.779,			0.1,			0.1,			22.963,			0.099,			0.099
574,	2,	507.272,			25.241,			0.099,			0.099,			21.626,			0.099,			0.099
575,	2,	507.419,			22.736,			0.099,			0.099,			22.783,			0.099,			0.099
576,	2,	508.705,			22.824,			0.099,			0.099,			23.63,			0.099,			0.099
577,	2,	509.216,			24.471,			0.1,			0.1,			22.009,			0.099,			0.099
578,	2,	510.54,			22.74,			0.099,			0.099,			23.456,			0.099,			0.099
579,	2,	511.524,			21.545,			0.1,			0.1,			24.211,			0.1,			0.099
580,	2,	511.822,			22.374,			0.099,			0.099,			24.502,			0.099,			0.099
581,	2,	514.987,			22.302,			0.099,			0.099,			22.555,			0.099,			0.099
582,	2,	516.268,			21.82,			0.099,			0.099,			22.308,			0.099,			0.099
583,	2,	516.926,			23.835,			0.099,			0.099,			22.305,			0.099,			0.1
584,	2,	519.027,			24.194,			0.099,			0.099,			23.89,			0.1,			0.099
585,	2,	519.528,			21.697,			0.099,			0.099,			23.689,			0.1,			0.1
586,	2,	520.822,			21.587,			0.099,			0.099,			22.4,			0.099,			0.1
587,	2,	521.677,			24.247,			0.1,			0.1,			22.376,			0.099,			0.1
588,	2,	522.631,			23.937,			0.099,			0.099,			21.656,			0.099,			0.099
589,	2,	522.803,			23.086,			0.099,			0.099,			22.09,			0.099,			0.099
590,	2,	523.289,			22.816,			0.099,			0.099,			21.722,			0.099,			0.099
591,	2,	524.634,			22.779,			0.099,			0.099,			23.385,			0.099,			0.1
592,	2,	525.06,			22.852,			0.099,			0.099,			21.833,			0.099,			0.099
593,	2,	525.379,			24.137,			0.099,			0.099,			22.04,			0.1,			0.099
594,	3,	528.302,			7.605,			2.825,			2.825,			4.718,			1.015,			2.601
595,	2,	528.489,			21.708,			0.099,			0.099,			22.756,			0.099,			0.099
596,	2,	529.703,			23.046,			0.099,			0.099,			24.047,			0.099,			0.099
597,	3,	529.763,			3.038,			1.853,			1.853,			2.193,			1.557,			0.877
598,	2,	532.298,			21.291,			0.099,			0.099,			24.666,			0.099,			0.099
599,	2,	533.101,			23.954,			0.099,			0.099,			24.73,			0.099,			0.1
600,	3,	534.469,			5.466,			0.853,			0.853,			5.748,			2.954,			1.09
601,	2,	535.62,			22.02,			0.099,			0.099,			22.853,			0.099,			0.099
602,	2,	537.269,			21.893,			0.099,			0.099,			23.15,			0.099,			0.099
603,	2,	537.581,			23.442,			0.099,			0.099,			23.356,			0.099,			0.1
604,	2,	538.243,			22.636,			0.1,			0.1,			25.022,			0.099,			0.099
605,	2,	538.815,			22.457,			0.099,			0.099,			22.325,			0.099,			0.099
606,	2,	540.238,			22.11,			0.099,			0.099,			21.936,			0.099,			0.099
607,	2,	540.368,			22.74,			0.099,			0.099,			23.234,			0.099,			0.099
608,	2,	541.138,			23.538,			0.099,			0.099,			23.381,			0.099,			0.099
609,	2,	542.511,			25.028,			0.099,			0.099,			21.616,			0.099,			0.099
610,	2,	542.603,			23.072,			0.099,			0.099,			21.902,			0.1,			0.099
611,	2,	543.439,			24.079,			0.099,			0.099,			24.578,			0.099,			0.099
612,	2,	544.104,			24.08,			0.1,			0.1,			23.361,			0.099,			0.099
613,	2,	544.253,			21.686,			0.099,			0.099,			24.149,			0.099,			0.099
614,	2,	545.628,			21.681,			0.099,			0.099,			22.37,			0.099,			0.099
615,	2,	547.406,			22.279,			0.099,			0.099,			22.622,			0.099,			0.099
616,	2,	549.06,			24.149,			0.099,			0.099,			22.422,			0.099,			0.099
617,	2,	550.671,			21.963,			0.099,			0.099,			23.671,			0.099,			0.1
618,	2,	551.418,			25.25,			0.099,			0.099,			22.034,			0.099,			0.1
619,	2,	553.616,			22.055,			0.099,			0.099,			22.63,			0.099,			0.099
620,	2,	555.145,			22.979,			0.099,			0.099,			22.607,			0.099,			0.099
621,	2,	555.918,			23.329,			0.099,			0.099,			22.723,			0.099,			0.099
622,	2,	557.003,			21.909,			0.1,			0.1,			21.788,			0.099,			0.099
623,	2,	557.039,			22.916,			0.099,			0.099,			22.048,			0.1,			0.099
624,	2,	559.386,			23.348,			0.099,			0.099,			22.9,			0.099,			0.099
625,	2,	560.031,			23.303,			0.099,			0.099,			24.125,			0.1,			0.099
626,	2,	560.367,			23.979,			0.099,			0.099,			22.482,			0.099,			0.1
627,	2,	560.724,			24.216,			0.099,			0.099,			21.816,			0.099,			0.099
628,	2,	560.866,			23.973,			0.099,			0.099,			22.557,			0.099,			0.099
629,	2,	562.573,			24.903,			0.099,			0.099,			22.561,			0.099,			0.099
630,	2,	563.457,			21.937,			0.099,			0.099,			22.328,			0.099,			0.099
631,	2,	569.692,			22.369,			0.099,			0.099,			22.148,			0.099,			0.099
632,	2,	570.819,			24.448,			0.1,			0.1,			23.835,			0.099,			0.1
633,	2,	572.182,			24.988,			0.099,			0.099,			22.316,			0.099,			0.1
634,	2,	573.17,			23.507,			0.099,			0.099,			24.149,			0.099,			0.099
635,	2,	575.513,			21.753,			0.099,			0.099,			24.072,			0.099,			0.099
636,	2,	575.683,			23.619,			0.099,			0.099,			23.613,			0.099,			0.099
637,	2,	578.056,			23.671,			0.099,			0.099,			24.764,			0.099,			0.1
638,	2,	578.557,			22.238,			0.099,			0.099,			21.818,			0.099,			0.099
639,	2,	579.507,			23.585,			0.1,			0.1,			24.717,			0.099,			0.099
640,	2,	580.343,			22.363,			0.099,			0.099,			23.212,			0.1,			0.1
641,	2,	581.04,			24.117,			0.099,			0.099,			22.243,			0.099,			0.099
642,	2,	582.59,			24.289,			0.099,			0.099,			21.906,			0.099,			0.099
643,	2,	583.652,			23.915,			0.099,			0.099,			23.988,			0.1,			0.099
644,	2,	583.836,			23.521,			0.099,			0.099,			21.884,			0.099,			0.099
645,	2,	583.969,			21.648,			0.099,			0.099,			22.466,			0.1,			0.099
646,	2,	585.479,			23.356,			0.099,			0.099,			22.536,			0.099,			0.099
647,	2,	586.994,			23.799,			0.099,			0.099,			22.089,			0.099,			0.099
648,	2,	588.339,			22.429,			0.099,			0.099,			22.042,			0.099,			0.099
649,	2,	588.607,			24.37,			0.099,			0.099,			21.706,			0.099,			0.099
650,	2,	590.269,			21.528,			0.099,			0.099,			23.976,			0.099,			0.099
651,	2,	590.34,			22.74,			0.099,			0.099,			23.526,			0.099,			0.099
652,	2,	590.669,			23.807,			0.099,			0.099,			24.104,			0.099,			0.099
653,	2,	590.907,			21.784,			0.099,			0.099,			22.567,			0.099,			0.1
654,	2,	591.211,			22.239,			0.099,			0.099,			22.369,			0.099,			0.099
655,	2,	591.391,			22.668,			0.099,			0.099,			23.078,			0.099,			0.099
656,	2,	591.773,			22.42,			0.099,			0.099,			22.179,			0.099,			0.099
657,	2,	592.805,			22.018,			0.099,			0.099,			24.586,			0.099,			0.099
658,	2,	593.096,			22.739,			0.099,			0.099,			23.839,			0.099,			0.099
659,	2,	593.906,			21.935,			0.099,			0.099,			22.009,			0.099,			0.099
660,	2,	594.434,			23.683,			0.099,			0.099,			23.875,			0.1,			0.099
661,	2,	595.853,			22.209,			0.099,			0.099,			22.666,			0.099,			0.099
662,	2,	596.503,			23.055,			0.099,			0.099,			22.996,			0.099,			0.099
663,	2,	598.006,			24.54,			0.099,			0.099,			24.101,			0.099,			0.099
664,	2,	600.603,			24.197,			0.099,			0.099,			23.955,			0.099,			0.099
665,	2,	600.737,			24.607,			0.099,			0.099,			23.747,			0.099,			0.1
666,	2,	602.444,			24.3,			0.099,			0.099,			23.942,			0.1,			0.099
667,	2,	602.508,			24.187,			0.1,			0.1,			21.835,			0.099,			0.1
668,	2,	603.643,			22.003,			0.099,			0.099,			22.886,			0.099,			0.099
669,	2,	607.545,			24.963,			0.099,			0.099,			21.694,			0.099,			0.099
670,	2,	608.423,			22.367,			0.099,			0.099,			23.212,			0.099,			0.099
671,	2,	610.36,			23.996,			0.099,			0.099,			23.245,			0.099,			0.1
672,	2,	610.745,			22.636,			0.099,			0.099,			23.257,			0.099,			0.099
673,	2,	611.543,			22.472,			0.099,			0.099,			22.187,			0.099,			0.099
674,	2,	612.486,			22.926,			0.099,			0.099,			22.64,			0.099,			0.099
675,	2,	614.048,			22.289,			0.099,			0.099,			21.933,			0.099,			0.099
676,	2,	614.67,			22.668,			0.099,			0.099,			24.227,			0.1,			0.099
677,	2,	615.379,			21.902,			0.099,			0.099,			21.697,			0.1,			0.099
678,	2,	617.267,			23.07,			0.099,			0.099,			24.251,			0.099,			0.099
679,	2,	618.513,			22.397,			0.099,			0.099,			24.33,			0.099,			0.099
680,	2,	619.317,			21.981,			0.1,			0.1,			22.146,			0.099,			0.099
681,	2,	619.929,			21.618,			0.099,			0.099,			24.349,			0.099,			0.099
682,	2,	619.993,			23.317,			0.1,			0.1,			24.32,			0.099,			0.099
683,	2,	620.14,			22.298,			0.099,			0.099,			22.963,			0.099,			0.099
684,	2,	620.534,			21.761,			0.099,			0.099,			23.873,			0.099,			0.099
685,	2,	621.238,			21.824,			0.099,			0.099,			21.509,			0.099,			0.099
686,	2,	621.285,			21.485,			0.099,			0.099,			24.137,			0.1,			0.099
687,	2,	622.148,			22.985,			0.099,			0.099,			23.979,			0.099,			0.099
688,	2,	625.475,			23.651,			0.099,			0.099,			24.687,			0.099,			0.099
689,	2,	625.962,			22.222,			0.1,			0.1,			24.044,			0.099,			0.099
690,	2,	628.106,			22.119,			0.099,			0.099,			22.048,			0.099,			0.1
691,	2,	630.751,			22.772,			0.099,			0.099,			23.374,			0.099,			0.099
692,	2,	630.756,			24.946,			0.099,			0.099,			23.288,			0.099,			0.099
693,	2,	631.485,			22.439,			0.099,			0.099,			22.545,			0.099,			0.099
694,	2,	631.663,			22.225,			0.099,			0.099,			22.86,			0.099,			0.099
695,	2,	632.133,			24.718,			0.099,			0.099,			25.069,			0.099,			0.099
696,	2,	632.137,			21.905,			0.099,			0.099,			22.482,			0.099,			0.099
697,	2,	632.301,			22.089,			0.099,			0.099,			22.198,			0.099,			0.099
698,	2,	634.294,			22.817,			0.099,			0.099,			23.446,			0.099,			0.099
699,	2,	634.368,			21.699,			0.099,			0.099,			23.538,			0.099,			0.099
700,	2,	636.129,			21.439,			0.1,			0.1,			24.019,			0.1,			0.099
701,	2,	636.915,			22.206,			0.099,			0.099,			22.455,			0.1,			0.099
702,	2,	637.604,			22.14,			0.099,			0.099,			21.904,			0.099,			0.099
703,	2,	638.766,			23.129,			0.099,			0.099,			22.126,			0.099,			0.099
704,	2,	640.247,			22.686,			0.099,			0.099,			23.074,			0.1,			0.099
705,	2,	641.024,			24.637,			0.099,			0.099,			21.938,			0.099,			0.099
706,	2,	643.944,			24.251,			0.099,			0.099,			22.574,			0.099,			0.099
707,	2,	645.619,			23.701,			0.099,			0.099,			23.925,			0.099,			0.099
708,	2,	646.376,			21.832,			0.1,			0.1,			21.706,			0.1,			0.099
709,	2,	647.358,			24.196,			0.099,			0.099,			21.596,			0.099,			0.099
710,	2,	647.919,			23.134,			0.099,			0.099,			21.766,			0.099,			0.099
711,	2,	648.234,			22.585,			0.099,			0.099,			22.748,			0.099,			0.099
712,	2,	648.439,			21.622,			0.1,			0.1,			23.615,			0.099,			0.099
713,	2,	648.608,			24.374,			0.099,			0.099,			21.571,			0.099,			0.099
714,	2,	648.967,			22.146,			0.099,			0.099,			21.902,			0.099,			0.099
715,	2,	651.401,			23.275,			0.099,			0.099,			21.89,			0.099,			0.099
716,	2,	651.476,			21.561,			0.099,			0.099,			22.361,			0.099,			0.099
717,	2,	651.638,			22.766,			0.099,			0.099,			23.799,			0.099,			0.099
718,	2,	653.051,			23.674,			0.099,			0.099,			21.559,			0.099,			0.099
719,	2,	653.469,			24.047,			0.099,			0.099,			23.219,			0.099,			0.099
720,	2,	653.719,			21.596,			0.099,			0.099,			21.758,			0.099,			0.099
721,	2,	656.218,			25.241,			0.099,			0.099,			21.99,			0.099,			0.099
722,	2,	658.01,			24.096,			0.099,			0.099,			22.427,			0.099,			0.1
723,	2,	658.591,			24.119,			0.099,			0.099,			22.836,			0.099,			0.099
724,	2,	662.637,			24.502,			0.099,			0.099,			23.955,			0.099,			0.099
725,	2,	663.285,			24.583,			0.099,			0.099,			21.99,			0.099,			0.099
726,	2,	663.689,			22.313,			0.1,			0.1,			22.322,			0.099,			0.1
727,	2,	663.784,			21.704,			0.099,			0.099,			22.872,			0.099,			0.099
728,	2,	666.17,			22.261,			0.099,			0.099,			22.624,			0.099,			0.099
729,	2,	667.286,			22.058,			0.099,			0.099,			22.812,			0.099,			0.099
730,	2,	668.26,			24.201,			0.099,			0.099,			23.39,			0.099,			0.099
731,	2,	669.044,			21.524,			0.099,			0.099,			22.741,			0.099,			0.1
732,	2,	670.725,			24.648,			0.099,			0.099,			23.026,			0.099,			0.099
733,	2,	670.983,			21.524,			0.099,			0.099,			21.818,			0.1,			0.099
734,	2,	671.483,			23.635,			0.099,			0.099,			23.147,			0.099,			0.099
735,	2,	672.786,			23.005,			0.099,			0.099,			23.381,			0.099,			0.099
736,	2,	673.267,			24.74,			0.1,			0.1,			22.668,			0.099,			0.099
737,	2,	673.291,			21.955,			0.099,			0.099,			24.009,			0.099,			0.099
738,	2,	674.475,			22.601,			0.099,			0.099,			22.238,			0.099,			0.099
739,	2,	674.969,			22.366,			0.099,			0.099,			24.79,			0.099,			0.099
740,	2,	675.462,			24.757,			0.099,			0.099,			22.333,			0.1,			0.099
741,	2,	678.178,			22.817,			0.099,			0.099,			24.037,			0.099,			0.099
742,	2,	680.149,			24.119,			0.099,			0.099,			21.949,			0.099,			0.099
743,	2,	680.235,			22.668,			0.099,			0.099,			21.756,			0.099,			0.1
744,	2,	680.862,			21.875,			0.099,			0.099,			22.073,			0.099,			0.099
745,	2,	681.497,			21.908,			0.099,			0.099,			23.765,			0.099,			0.099
746,	2,	681.599,			23.043,			0.099,			0.099,			22.179,			0.099,			0.099
747,	2,	682.921,			24.603,			0.099,			0.099,			21.848,			0.099,			0.099
748,	2,	683.489,			25.197,			0.1,			0.1,			23.103,			0.099,			0.099
749,	2,	684.401,			22.741,			0.099,			0.099,			24.187,			0.099,			0.099
750,	2,	685.066,			22.692,			0.099,			0.099,			23.845,			0.099,			0.1
751,	2,	685.39,			24.184,			0.099,			0.099,			21.841,			0.099,			0.099
752,	2,	686.738,			24.279,			0.099,			0.099,			22.614,			0.099,			0.099
753,	2,	687.016,			21.579,			0.099,			0.099,			23.824,			0.099,			0.099
754,	2,	687.84,			22.655,			0.099,			0.099,			21.664,			0.099,			0.099
755,	2,	688.348,			21.835,			0.099,			0.099,			24.248,			0.099,			0.099
756,	2,	689.983,			23.751,			0.099,			0.099,			24.93,			0.099,			0.099
757,	2,	690.488,			21.385,			0.099,			0.099,			22.377,			0.099,			0.099
758,	2,	692.253,			21.697,			0.099,			0.099,			22.558,			0.1,			0.099
759,	3,	692.488,			3.743,			1.564,			1.564,			6.488,			2.105,			1.158
760,	2,	693.688,			22.381,			0.099,			0.099,			23.696,			0.099,			0.099
761,	2,	693.823,			22.065,			0.1,			0.1,			22.161,			0.099,			0.099
762,	2,	694.005,			22.668,			0.099,			0.099,			21.81,			0.099,			0.099
763,	2,	695.4,			23.22,			0.099,			0.099,			23.674,			0.099,			0.1
764,	2,	695.97,			21.944,			0.099,			0.099,			22.375,			0.1,			0.1
765,	2,	699.788,			24.211,			0.099,			0.099,			22.916,			0.099,			0.099
766,	2,	700.968,			22.745,			0.099,			0.099,			21.854,			0.099,			0.099
767,	2,	701.106,			23.199,			0.099,			0.099,			23.504,			0.099,			0.099
768,	2,	702.587,			23.561,			0.099,			0.099,			23.118,			0.099,			0.1
769,	2,	703.644,			21.671,			0.099,			0.099,			24.677,			0.099,			0.099
770,	2,	706.292,			24.457,			0.099,			0.099,			22.246,			0.099,			0.099
771,	2,	706.806,			21.485,			0.099,			0.099,			22.668,			0.099,			0.099
772,	2,	707.276,			21.372,			0.099,			0.099,			22.316,			0.099,			0.1
773,	2,	707.468,			22.071,			0.099,			0.099,			23.805,			0.099,			0.099
774,	2,	709.439,			21.69,			0.099,			0.099,			25.241,			0.099,			0.1
775,	2,	709.547,			23.618,			0.1,			0.1,			24.774,			0.099,			0.099
776,	2,	710.934,			23.666,			0.099,			0.099,			23.839,			0.099,			0.099
777,	2,	711.823,			24.357,			0.1,			0.1,			24.722,			0.099,			0.1
778,	2,	711.998,			22.361,			0.099,			0.099,			22.24,			0.099,			0.099
779,	2,	712.571,			23.956,			0.099,			0.099,			22.839,			0.099,			0.099
780,	2,	713.788,			22.659,			0.099,			0.099,			23.619,			0.099,			0.1
781,	2,	716.22,			22.325,			0.099,			0.099,			23.05,			0.099,			0.099
782,	2,	717.474,			22.79,			0.099,			0.099,			22.545,			0.099,			0.099
783,	2,	718.73,			22.357,			0.1,			0.1,			24.047,			0.099,			0.099
784,	2,	719.398,			21.909,			0.1,			0.1,			24.044,			0.099,			0.1
785,	2,	721.822,			21.389,			0.099,			0.099,			22.513,			0.1,			0.099
786,	2,	722.035,			22.73,			0.099,			0.099,			23.517,			0.099,			0.099
787,	2,	722.037,			21.633,			0.099,			0.099,			23.558,			0.099,			0.099
788,	2,	723.079,			21.953,			0.099,			0.099,			23.493,			0.099,			0.099
789,	2,	723.34,			24.821,			0.099,			0.099,			22.006,			0.099,			0.099
790,	2,	724.627,			22.369,			0.099,			0.099,			22.622,			0.1,			0.099
791,	2,	725.236,			22.398,			0.099,			0.099,			22.255,			0.099,			0.099
792,	2,	725.459,			21.934,			0.099,			0.099,			21.807,			0.099,			0.099
793,	2,	725.646,			23.983,			0.099,			0.099,			23.045,			0.099,			0.1
794,	2,	726.783,			21.956,			0.099,			0.099,			24.255,			0.099,			0.099
795,	2,	726.901,			22.147,			0.099,			0.099,			21.935,			0.099,			0.099
796,	2,	727.036,			24.877,			0.099,			0.099,			22.529,			0.099,			0.099
797,	2,	727.852,			22.187,			0.099,			0.099,			23.7,			0.099,			0.099
798,	2,	727.881,			23.937,			0.099,			0.099,			21.867,			0.099,			0.099
799,	2,	728.157,			21.902,			0.099,			0.099,			22.252,			0.099,			0.099
800,	2,	728.73,			24.666,			0.099,			0.099,			21.626,			0.099,			0.099
801,	2,	728.891,			23.075,			0.099,			0.099,			22.357,			0.099,			0.099
802,	2,	730.994,			23.047,			0.099,			0.099,			22.111,			0.099,			0.099
803,	2,	732.919,			24.208,			0.099,			0.099,			22.644,			0.099,			0.099
804,	2,	733.449,			22.187,			0.099,			0.099,			22.036,			0.099,			0.099
805,	2,	735.783,			21.687,			0.1,			0.1,			21.678,			0.1,			0.099
806,	2,	736.105,			21.713,			0.1,			0.1,			23.442,			0.099,			0.099
807,	2,	736.155,			23.185,			0.099,			0.099,			22.206,			0.099,			0.099
808,	2,	738.347,			24.248,			0.099,			0.099,			22.156,			0.099,			0.099
809,	2,	739.588,			24.422,			0.1,			0.1,			21.529,			0.099,			0.099
810,	2,	741.527,			24.616,			0.099,			0.099,			22.495,			0.099,			0.099
811,	2,	742.461,			21.671,			0.099,			0.099,			22.209,			0.099,			0.1
812,	2,	742.64,			23.081,			0.099,			0.099,			24.316,			0.099,			0.099
813,	2,	742.655,			21.508,			0.099,			0.099,			22.309,			0.099,			0.099
814,	2,	742.821,			23.747,			0.099,			0.099,			21.704,			0.099,			0.099
815,	2,	747.495,			21.852,			0.099,			0.099,			23.374,			0.1,			0.099
816,	2,	752.306,			21.545,			0.099,			0.099,			21.656,			0.099,			0.099
817,	2,	757.131,			22.028,			0.099,			0.099,			22.017,			0.099,			0.099
818,	2,	759.366,			22.289,			0.099,			0.099,			22.975,			0.1,			0.099
819,	2,	760.054,			22.482,			0.099,			0.099,			21.722,			0.099,			0.1
820,	2,	760.688,			21.525,			0.099,			0.099,			22.026,			0.099,			0.099
821,	2,	761.056,			23.138,			0.099,			0.099,			24.666,			0.099,			0.099
822,	2,	768.856,			25.107,			0.099,			0.099,			21.652,			0.099,			0.099
823,	2,	770.696,			23.212,			0.099,			0.099,			21.963,			0.099,			0.099
824,	2,	772.332,			21.793,			0.099,			0.099,			21.915,			0.099,			0.099
825,	2,	774.073,			22.624,			0.099,			0.099,			21.994,			0.099,			0.099
826,	2,	774.634,			22.729,			0.099,			0.099,			21.89,			0.099,			0.099
827,	2,	777.162,			23.05,			0.1,			0.1,			22.509,			0.099,			0.099
828,	2,	777.69,			23.807,			0.099,			0.099,			24.607,			0.099,			0.1
829,	2,	778.854,			23.226,			0.099,			0.099,			23.2,			0.099,			0.099
830,	2,	778.972,			22.146,			0.099,			0.099,			24.14,			0.099,			0.099
831,	2,	779.746,			24.963,			0.099,			0.099,			22.81,			0.099,			0.099
832,	2,	780.312,			22.552,			0.099,			0.099,			23.275,			0.1,			0.099
833,	2,	780.741,			23.136,			0.099,			0.099,			25.105,			0.099,			0.099
834,	2,	780.918,			21.929,			0.1,			0.1,			23.84,			0.099,			0.099
835,	2,	781.731,			24.193,			0.099,			0.099,			21.391,			0.099,			0.099
836,	2,	782.178,			24.023,			0.099,			0.099,			22.86,			0.1,			0.099
837,	2,	783.604,			21.557,			0.099,			0.099,			23.804,			0.099,			0.099
838,	2,	783.771,			21.818,			0.099,			0.099,			24.505,			0.099,			0.099
839,	2,	784.364,			22.227,			0.099,			0.099,			22.043,			0.099,			0.099
840,	2,	787.499,			23.288,			0.1,			0.1,			23.529,			0.099,			0.099
841,	2,	790.102,			24.637,			0.099,			0.099,			23.999,			0.099,			0.099
842,	2,	790.126,			22.424,			0.099,			0.099,			22.783,			0.099,			0.099
843,	2,	791.117,			22.211,			0.099,			0.099,			23.935,			0.099,			0.1
844,	2,	791.668,			22.477,			0.099,			0.099,			21.848,			0.1,			0.1
845,	2,	793.136,			22.465,			0.099,			0.099,			22.655,			0.099,			0.099
846,	2,	795.436,			24.3,			0.1,			0.1,			21.88,			0.099,			0.099
847,	2,	795.561,			21.801,			0.099,			0.099,			21.954,			0.099,			0.1
848,	2,	795.665,			24.386,			0.099,			0.099,			21.669,			0.099,			0.099
849,	2,	798.285,			23.635,			0.1,			0.1,			24.313,			0.1,			0.099
850,	1,	799.464,			2.252,			0.865,			0.865,			2.189,			0.824,			0.611
851,	1,	799.548,			1.412,			1.268,			1.268,			1.302,			0.828,			0.892
852,	1,	800.114,			1.418,			0.735,			0.735,			1.32,			1.386,			1.157
853,	2,	800.352,			21.529,			0.099,			0.099,			22.998,			0.099,			0.099
854,	2,	800.734,			23.584,			0.099,			0.099,			23.714,			0.099,			0.099
855,	2,	802.899,			22.622,			0.099,			0.099,			22.232,			0.099,			0.099
856,	1,	803.005,			1.305,			1.333,			1.333,			1.795,			0.878,			1.383
857,	1,	803.179,			1.293,			1.21,			1.21,			1.763,			0.856,			0.855
858,	2,	803.83,			23.69,			0.099,			0.099,			22.46,			0.099,			0.099
859,	1,	803.881,			1.772,			0.823,			0.823,			1.487,			0.873,			0.912
860,	2,	804.026,			22.853,			0.099,			0.099,			23.848,			0.099,			0.099
861,	2,	805.289,			21.826,			0.099,			0.099,			21.919,			0.099,			0.099
862,	1,	805.71,			1.41,			1.232,			1.232,			1.398,			0.626,			0.905
863,	2,	807.406,			22.932,			0.099,			0.099,			22.594,			0.099,			0.099
864,	2,	809.996,			22.453,			0.099,			0.099,			21.69,			0.099,			0.099
865,	2,	810.184,			23.7,			0.099,			0.099,			22.16,			0.099,			0.099
866,	2,	813.666,			21.936,			0.099,			0.099,			23.634,			0.099,			0.099
867,	2,	814.162,			22.473,			0.099,			0.099,			25.074,			0.1,			0.099
868,	2,	815.506,			24.902,			0.099,			0.099,			23.361,			0.099,			0.099
869,	2,	815.69,			23.118,			0.099,			0.099,			21.546,			0.099,			0.1
870,	2,	815.946,			23.976,			0.099,			0.099,			22.05,			0.099,			0.1
871,	2,	815.985,			23.875,			0.099,			0.099,			22.077,			0.099,			0.1
872,	2,	816.269,			23.526,			0.099,			0.099,			22.12,			0.099,			0.099
873,	2,	817.013,			22.017,			0.099,			0.099,			23.493,			0.1,			0.099
874,	2,	817.051,			23.737,			0.1,			0.1,			22.058,			0.099,			0.099
875,	2,	819.319,			23.845,			0.099,			0.099,			22.292,			0.099,			0.099
876,	2,	819.497,			21.651,			0.099,			0.099,			21.65,			0.1,			0.099
877,	2,	820.056,			24.206,			0.099,			0.099,			22.525,			0.099,			0.099
878,	2,	820.405,			23.785,			0.1,			0.1,			22.252,			0.099,			0.099
879,	2,	820.644,			21.992,			0.099,			0.099,			22.267,			0.099,			0.099
880,	2,	822.183,			24.056,			0.1,			0.1,			22.536,			0.099,			0.099
881,	2,	823.3,			24.761,			0.099,			0.099,			22.035,			0.099,			0.1
882,	2,	824.108,			21.767,			0.099,			0.099,			22.983,			0.099,			0.099
883,	2,	824.199,			24.257,			0.099,			0.099,			24.408,			0.099,			0.099
884,	2,	826.44,			21.796,			0.099,			0.099,			24.807,			0.099,			0.099
885,	2,	827.267,			22.164,			0.099,			0.099,			23.664,			0.099,			0.1
886,	2,	827.588,			23.303,			0.099,			0.099,			21.565,			0.1,			0.1
887,	2,	828.266,			24.45,			0.099,			0.099,			24.502,			0.099,			0.1
888,	2,	828.498,			21.938,			0.099,			0.099,			21.827,			0.099,			0.099
889,	2,	830.703,			21.687,			0.099,			0.099,			21.753,			0.099,			0.099
890,	2,	831.211,			23.036,			0.099,			0.099,			21.373,			0.099,			0.099
891,	2,	831.53,			21.872,			0.1,			0.1,			21.766,			0.099,			0.099
892,	2,	833.48,			22.607,			0.099,			0.099,			21.608,			0.099,			0.099
893,	2,	834.969,			22.559,			0.099,			0.099,			22.64,			0.099,			0.099
894,	2,	838.427,			24.013,			0.1,			0.1,			21.61,			0.099,			0.099
895,	2,	840.885,			21.996,			0.099,			0.099,			24.521,			0.099,			0.099
896,	2,	841.03,			21.715,			0.099,			0.099,			24.907,			0.1,			0.099
897,	2,	847.887,			24.119,			0.1,			0.1,			23.149,			0.099,			0.099
898,	2,	848.584,			22.371,			0.1,			0.1,			21.899,			0.099,			0.099
899,	2,	849.138,			22.145,			0.099,			0.099,			22.25,			0.1,			0.099
900,	2,	849.969,			22.985,			0.099,			0.099,			24.586,			0.099,			0.099
901,	2,	851.683,			22.07,			0.099,			0.099,			24.65,			0.099,			0.099
902,	2,	852.388,			23.278,			0.099,			0.099,			23.372,			0.099,			0.099
903,	2,	852.487,			23.37,			0.099,			0.099,			21.73,			0.099,			0.099
904,	2,	853.618,			22.469,			0.099,			0.099,			24.817,			0.099,			0.099
905,	2,	853.652,			24.119,			0.099,			0.099,			23.287,			0.099,			0.099
906,	2,	855.081,			22.732,			0.099,			0.099,			24.79,			0.099,			0.099
907,	2,	856.098,			23.22,			0.099,			0.099,			23.046,			0.1,			0.1
908,	2,	856.984,			22.262,			0.099,			0.099,			23.494,			0.099,			0.1
909,	2,	861.409,			22.305,			0.099,			0.099,			24.196,			0.099,			0.099
910,	2,	861.414,			23.078,			0.099,			0.099,			21.9,			0.099,			0.099
911,	3,	862.814,			1.967,			2.119,			2.119,			4.209,			1.215,			1.95
912,	2,	862.895,			24.926,			0.099,			0.099,			23.295,			0.099,			0.099
913,	2,	862.948,			23.64,			0.099,			0.099,			21.645,			0.099,			0.099
914,	3,	865.473,			3.757,			1.236,			1.236,			3.188,			2.384,			0.918
915,	3,	865.901,			4.612,			0.959,			0.959,			3.445,			1.604,			1.414
916,	3,	866.289,			7.156,			0.781,			0.781,			5.064,			0.878,			1.919
917,	3,	866.85,			4.99,			2.396,			2.396,			4.322,			1.916,			2.278
918,	3,	867.411,			1.616,			1.613,			1.613,			6.16,			0.669,			1.46
919,	3,	868.017,			13.587,			1.692,			1.692,			2.271,			1.98,			2.067
920,	2,	868.153,			24.047,			0.099,			0.099,			23.561,			0.1,			0.099
921,	2,	868.708,			23.545,			0.099,			0.099,			22.768,			0.099,			0.099
922,	2,	869.777,			23.574,			0.099,			0.099,			21.618,			0.099,			0.099
923,	2,	869.809,			23.013,			0.099,			0.099,			23.785,			0.099,			0.099
924,	2,	871.225,			22.814,			0.099,			0.099,			23.334,			0.099,			0.099
925,	2,	871.563,			22.653,			0.1,			0.1,			21.754,			0.099,			0.099
926,	2,	872.062,			22.155,			0.099,			0.099,			23.584,			0.1,			0.1
927,	2,	873.382,			21.935,			0.099,			0.099,			21.944,			0.099,			0.099
928,	2,	875.343,			25.132,			0.099,			0.099,			22.289,			0.099,			0.099
929,	2,	876.281,			22.126,			0.099,			0.099,			23.488,			0.1,			0.099
930,	2,	876.332,			24.492,			0.099,			0.099,			22.606,			0.099,			0.1
931,	2,	876.782,			22.113,			0.099,			0.099,			23.156,			0.099,			0.099
932,	2,	878.339,			22.177,			0.099,			0.099,			23.965,			0.099,			0.099
933,	2,	879.551,			21.937,			0.1,			0.1,			22.185,			0.099,			0.099
934,	2,	880.022,			22.462,			0.099,			0.099,			22.996,			0.099,			0.099
935,	2,	882.698,			22.66,			0.1,			0.1,			24.369,			0.099,			0.099
936,	2,	882.754,			21.648,			0.099,			0.099,			22.158,			0.099,			0.099
937,	2,	884.704,			21.518,			0.099,			0.099,			23.504,			0.099,			0.099
938,	2,	885.163,			23.744,			0.1,			0.1,			23.311,			0.099,			0.099
939,	2,	887.182,			22.313,			0.099,			0.099,			21.564,			0.099,			0.099
940,	2,	888.012,			24.616,			0.099,			0.099,			23.791,			0.099,			0.099
941,	2,	888.095,			21.749,			0.099,			0.099,			21.895,			0.099,			0.099
942,	2,	889.162,			22.848,			0.099,			0.099,			23.4,			0.099,			0.099
943,	2,	892.402,			22.894,			0.1,			0.1,			22.041,			0.099,			0.099
944,	2,	893.19,			21.642,			0.099,			0.099,			23.903,			0.099,			0.099
945,	2,	894.197,			22.029,			0.099,			0.099,			22.151,			0.099,			0.099
946,	2,	896.386,			23.194,			0.099,			0.099,			23.512,			0.099,			0.1
947,	2,	898.276,			22.922,			0.1,			0.1,			24.346,			0.1,			0.099
948,	2,	898.935,			24.183,			0.099,			0.099,			23.33,			0.1,			0.099
949,	2,	899.61,			22.132,			0.099,			0.099,			21.898,			0.099,			0.099
950,	2,	899.789,			21.809,			0.099,			0.099,			21.796,			0.099,			0.1
